Hora,O3,NO2,CO,Humedad,Temperatura,P25,P10
2/3/18-0:0:55,137,65,153,59,55,2,35.00,20.00,23,35,43
2/3/18-0:1:56,138,62,170,69,64,2,35.00,20.00,24,36,44
2/3/18-0:2:57,139,65,160,54,60,4,36.00,20.00,24,37,46
2/3/18-0:3:58,140,67,166,73,68,2,35.00,20.00,24,37,46
2/3/18-0:4:59,138,67,167,76,71,3,35.00,20.00,24,38,45
2/3/18-0:6:0,137,65,158,60,60,3,35.00,20.00,24,38,45
2/3/18-0:7:1,138,69,167,70,68,1,35.00,20.00,23,33,41
2/3/18-0:8:2,137,67,169,70,68,1,35.00,20.00,23,33,41
2/3/18-0:9:3,139,67,168,68,67,1,35.00,20.00,23,32,36
2/3/18-0:10:4,137,65,155,60,59,3,35.00,20.00,23,33,38
2/3/18-0:11:5,138,69,164,68,67,3,34.00,20.00,24,36,41
2/3/18-0:12:6,139,65,169,69,68,3,36.00,20.00,24,36,41
2/3/18-0:13:7,137,65,150,58,61,3,35.00,20.00,24,37,45
2/3/18-0:14:8,138,64,153,54,61,5,34.00,20.00,24,37,45
2/3/18-0:15:9,140,68,165,74,69,3,35.00,20.00,24,36,42
2/3/18-0:16:10,138,65,160,69,63,3,35.00,20.00,24,36,43
2/3/18-0:17:11,138,65,156,62,64,4,35.00,20.00,23,36,45
2/3/18-0:18:12,137,68,170,76,69,1,35.00,20.00,23,38,45
2/3/18-0:19:13,139,67,167,77,73,3,35.00,20.00,21,31,33
2/3/18-0:20:14,138,69,169,72,72,2,35.00,20.00,22,32,34
2/3/18-0:21:15,137,67,163,63,64,1,35.00,19.00,22,34,40
2/3/18-0:22:16,136,67,161,63,66,1,35.00,19.00,22,34,40
2/3/18-0:23:17,138,65,163,66,65,2,35.00,20.00,23,36,42
2/3/18-0:24:18,139,70,169,75,75,3,35.00,20.00,23,36,43
2/3/18-0:25:19,139,67,161,65,64,2,35.00,20.00,22,31,33
2/3/18-0:26:20,138,68,170,79,76,3,35.00,20.00,22,31,33
2/3/18-0:27:21,138,68,174,81,77,3,35.00,20.00,24,40,49
2/3/18-0:28:22,137,67,164,72,65,3,35.00,19.00,24,40,49
2/3/18-0:29:23,136,68,174,79,76,3,35.00,20.00,26,40,47
2/3/18-0:30:24,136,68,165,66,68,3,36.00,20.00,26,40,47
2/3/18-0:31:25,138,70,178,76,75,2,35.00,20.00,26,39,49
2/3/18-0:32:26,139,70,180,76,76,1,35.00,20.00,26,39,49
2/3/18-0:33:27,137,68,181,80,76,1,36.00,20.00,27,40,49
2/3/18-0:34:27,138,68,180,79,79,1,35.00,20.00,27,40,49
2/3/18-0:35:28,137,67,169,71,69,2,35.00,20.00,26,41,49
2/3/18-0:36:29,139,69,185,74,76,2,35.00,20.00,26,41,49
2/3/18-0:37:30,138,68,176,77,67,3,36.00,20.00,25,38,46
2/3/18-0:38:31,137,66,178,65,69,4,34.00,20.00,25,38,47
2/3/18-0:39:32,137,70,191,85,79,1,35.00,20.00,26,41,52
2/3/18-0:40:33,139,69,192,82,79,3,35.00,20.00,26,40,52
2/3/18-0:41:34,140,68,188,73,79,3,35.00,20.00,24,35,42
2/3/18-0:42:35,138,67,178,64,69,3,35.00,20.00,23,34,41
2/3/18-0:43:36,139,76,180,66,69,3,35.00,20.00,23,35,42
2/3/18-0:44:37,141,69,191,75,79,2,36.00,20.00,23,35,42
2/3/18-0:45:38,137,70,196,83,76,1,35.00,19.00,22,32,37
2/3/18-0:46:39,139,68,175,58,65,2,35.00,20.00,22,32,37
2/3/18-0:47:40,139,69,185,67,74,1,35.00,20.00,19,28,30
2/3/18-0:48:41,141,66,169,60,65,3,37.00,19.00,19,28,30
2/3/18-0:49:42,140,68,180,70,73,3,35.00,20.00,20,30,34
2/3/18-0:50:43,139,70,173,58,69,3,36.00,20.00,21,31,33
2/3/18-0:51:44,139,69,181,65,74,4,35.00,20.00,19,28,30
2/3/18-0:52:45,141,68,182,73,71,0,36.00,20.00,19,28,30
2/3/18-0:53:46,140,70,184,68,73,1,36.00,20.00,18,25,28
2/3/18-0:54:47,139,68,187,64,73,1,35.00,20.00,18,25,28
2/3/18-0:55:48,139,66,178,54,65,2,35.00,20.00,21,32,37
2/3/18-0:56:49,140,68,189,67,73,1,36.00,20.00,21,32,37
2/3/18-0:57:50,139,69,178,55,65,4,35.00,20.00,18,28,35
2/3/18-0:58:51,141,70,191,65,72,1,35.00,20.00,18,28,35
2/3/18-0:59:52,140,69,190,64,72,2,35.00,20.00,22,32,37
2/3/18-1:0:53,140,70,192,67,73,2,35.00,20.00,22,32,37
2/3/18-1:1:54,139,69,192,66,74,1,35.00,20.00,20,31,39
2/3/18-1:2:55,138,68,191,68,74,1,36.00,20.00,20,30,38
2/3/18-1:3:56,137,68,178,58,64,3,35.00,19.00,22,33,44
2/3/18-1:4:57,142,68,195,72,72,3,35.00,19.00,22,36,47
2/3/18-1:5:58,141,70,196,71,74,3,35.00,19.00,22,35,40
2/3/18-1:6:59,138,69,191,69,72,1,35.00,20.00,22,35,40
2/3/18-1:8:0,140,71,186,66,72,3,35.00,20.00,23,36,41
2/3/18-1:9:1,139,67,173,55,63,3,35.00,20.00,23,36,41
2/3/18-1:10:2,141,69,183,65,71,3,35.00,19.00,20,28,29
2/3/18-1:11:3,139,67,170,57,61,2,36.00,19.00,20,28,29
2/3/18-1:12:4,142,70,183,78,70,1,35.00,20.00,18,30,34
2/3/18-1:13:5,140,70,182,62,69,0,35.00,20.00,18,30,34
2/3/18-1:14:6,139,68,177,65,70,2,35.00,19.00,19,32,34
2/3/18-1:15:7,141,68,177,62,71,2,36.00,19.00,19,31,35
2/3/18-1:16:8,141,70,176,63,70,4,36.00,19.00,18,24,29
2/3/18-1:17:9,141,68,173,61,71,1,35.00,19.00,18,24,29
2/3/18-1:18:10,140,69,172,67,69,2,36.00,19.00,15,26,27
2/3/18-1:19:11,139,70,172,62,68,1,35.00,19.00,15,26,26
2/3/18-1:20:12,138,67,167,61,69,2,35.00,19.00,16,22,23
2/3/18-1:21:13,138,69,171,67,67,3,35.00,19.00,16,22,24
2/3/18-1:22:14,139,69,167,63,66,0,36.00,19.00,15,23,24
2/3/18-1:23:15,139,66,167,63,66,3,35.00,19.00,15,23,25
2/3/18-1:24:16,140,67,158,50,63,5,35.00,19.00,14,24,25
2/3/18-1:25:17,140,69,164,67,65,1,35.00,19.00,14,24,25
2/3/18-1:26:18,141,67,154,49,55,3,36.00,19.00,13,17,20
2/3/18-1:27:19,141,70,165,63,62,1,35.00,19.00,13,17,20
2/3/18-1:28:20,140,69,165,63,62,1,35.00,19.00,14,23,24
2/3/18-1:29:21,142,68,154,50,56,4,36.00,19.00,14,23,24
2/3/18-1:30:22,141,69,165,64,67,2,36.00,18.00,18,29,32
2/3/18-1:31:23,140,64,154,48,54,4,36.00,18.00,18,29,32
2/3/18-1:32:24,138,67,154,55,55,2,36.00,18.00,16,27,30
2/3/18-1:33:25,140,67,165,63,63,2,35.00,19.00,16,27,30
2/3/18-1:34:26,140,69,165,63,61,0,36.00,18.00,16,24,26
2/3/18-1:35:27,143,71,169,62,62,2,36.00,19.00,17,25,27
2/3/18-1:36:28,142,69,162,66,61,1,36.00,19.00,15,21,24
2/3/18-1:37:29,140,66,149,52,54,2,35.00,19.00,15,21,25
2/3/18-1:38:30,142,70,169,61,60,3,36.00,18.00,15,22,27
2/3/18-1:39:31,141,67,167,65,61,1,35.00,19.00,14,21,24
2/3/18-1:40:32,141,71,162,64,59,3,35.00,19.00,14,27,30
2/3/18-1:41:33,141,68,162,63,61,2,37.00,18.00,14,27,30
2/3/18-1:42:34,140,68,167,63,57,2,36.00,18.00,14,22,22
2/3/18-1:43:35,142,68,162,62,58,3,37.00,18.00,14,22,22
2/3/18-1:44:36,142,69,166,58,58,3,36.00,18.00,15,20,25
2/3/18-1:45:37,141,67,162,62,57,1,36.00,19.00,15,20,25
2/3/18-1:46:38,140,69,165,55,52,1,36.00,18.00,16,24,25
2/3/18-1:47:39,140,68,168,75,55,2,36.00,19.00,16,24,25
2/3/18-1:48:40,142,69,161,63,54,3,36.00,19.00,12,20,21
2/3/18-1:49:41,142,69,162,63,53,1,36.00,18.00,12,20,21
2/3/18-1:50:42,141,71,160,59,51,3,35.00,19.00,15,23,26
2/3/18-1:51:43,141,69,158,54,45,3,36.00,18.00,15,23,26
2/3/18-1:52:44,143,68,162,60,51,3,37.00,18.00,14,19,20
2/3/18-1:53:45,142,70,162,63,52,1,36.00,18.00,14,19,21
2/3/18-1:54:46,142,69,152,52,48,2,36.00,18.00,12,19,21
2/3/18-1:55:47,143,71,166,64,58,2,36.00,18.00,12,19,21
2/3/18-1:56:48,141,69,162,62,60,1,37.00,18.00,13,19,22
2/3/18-1:57:49,142,68,161,61,61,3,37.00,18.00,13,20,23
2/3/18-1:58:50,140,69,164,62,60,1,37.00,18.00,13,19,19
2/3/18-1:59:51,142,67,165,65,60,3,37.00,18.00,14,20,20
2/3/18-2:0:52,143,68,161,62,59,2,36.00,18.00,14,20,21
2/3/18-2:1:53,140,67,154,56,52,2,36.00,18.00,14,20,21
2/3/18-2:2:54,141,69,161,62,58,1,36.00,18.00,11,19,19
2/3/18-2:3:55,140,66,158,54,53,2,36.00,18.00,12,20,20
2/3/18-2:4:56,141,68,164,63,60,0,35.00,18.00,13,20,25
2/3/18-2:5:57,141,71,167,67,62,1,37.00,18.00,13,20,25
2/3/18-2:6:58,145,66,157,51,55,3,36.00,18.00,10,15,20
2/3/18-2:7:59,141,71,170,68,62,0,36.00,19.00,10,15,20
2/3/18-2:9:0,142,69,163,64,63,1,35.00,19.00,11,20,26
2/3/18-2:10:1,141,67,155,58,58,2,36.00,18.00,11,20,26
2/3/18-2:11:2,143,68,164,57,64,3,36.00,18.00,14,19,19
2/3/18-2:12:3,140,69,167,66,63,1,35.00,19.00,14,18,18
2/3/18-2:13:4,145,72,169,64,63,1,37.00,18.00,12,17,20
2/3/18-2:14:5,143,69,164,64,64,3,37.00,18.00,12,17,20
2/3/18-2:15:6,143,66,153,52,53,3,37.00,18.00,11,16,16
2/3/18-2:16:7,140,68,171,64,60,0,36.00,18.00,11,16,16
2/3/18-2:17:8,141,70,163,61,61,3,36.00,18.00,13,18,19
2/3/18-2:18:9,143,70,162,60,58,2,37.00,18.00,11,16,19
2/3/18-2:19:10,142,68,156,52,53,4,36.00,18.00,11,15,20
2/3/18-2:20:11,141,70,162,63,58,1,37.00,18.00,11,15,20
2/3/18-2:21:12,142,69,164,69,57,1,36.00,18.00,11,17,20
2/3/18-2:22:13,142,69,163,65,58,2,36.00,18.00,11,17,20
2/3/18-2:23:14,145,68,168,68,59,3,36.00,18.00,12,18,19
2/3/18-2:24:15,144,68,162,66,58,3,36.00,18.00,11,17,18
2/3/18-2:25:16,142,68,156,56,50,2,36.00,18.00,11,16,16
2/3/18-2:26:17,142,69,165,66,56,3,36.00,18.00,11,16,16
2/3/18-2:27:18,144,68,162,60,56,3,37.00,18.00,9,13,15
2/3/18-2:28:19,142,68,153,56,50,1,37.00,18.00,10,14,16
2/3/18-2:29:20,142,70,165,62,58,3,37.00,18.00,10,13,14
2/3/18-2:30:21,143,71,167,63,57,2,36.00,18.00,10,13,13
2/3/18-2:31:22,143,68,171,66,58,4,37.00,18.00,12,17,17
2/3/18-2:32:23,143,66,155,53,53,5,36.00,18.00,12,17,17
2/3/18-2:33:24,143,68,165,63,58,4,36.00,18.00,11,14,15
2/3/18-2:34:25,143,71,167,62,58,3,37.00,18.00,12,14,14
2/3/18-2:35:26,143,69,165,64,57,3,37.00,18.00,10,20,21
2/3/18-2:36:27,144,69,161,58,56,2,36.00,18.00,10,20,21
2/3/18-2:37:28,141,68,160,61,56,3,36.00,18.00,11,13,16
2/3/18-2:38:29,144,70,160,60,54,3,37.00,18.00,11,13,16
2/3/18-2:39:30,144,70,164,60,50,0,37.00,18.00,9,13,16
2/3/18-2:40:31,141,69,159,60,45,2,37.00,18.00,9,12,15
2/3/18-2:41:32,144,65,149,51,39,3,37.00,18.00,9,14,14
2/3/18-2:42:33,144,76,160,60,45,2,36.00,18.00,9,14,14
2/3/18-2:43:34,145,70,162,60,44,2,37.00,18.00,9,16,19
2/3/18-2:44:35,143,68,151,50,39,3,37.00,18.00,9,16,19
2/3/18-2:45:36,143,71,162,60,44,3,36.00,18.00,8,14,14
2/3/18-2:46:37,142,68,161,62,46,2,37.00,18.00,9,13,14
2/3/18-2:47:38,140,66,151,51,40,2,36.00,18.00,10,14,14
2/3/18-2:48:39,142,70,159,61,43,2,36.00,18.00,10,14,14
2/3/18-2:49:40,145,68,162,62,43,4,37.00,18.00,7,11,11
2/3/18-2:50:41,144,69,165,65,42,1,37.00,17.00,7,11,11
2/3/18-2:51:42,145,67,152,55,39,5,37.00,18.00,10,13,14
2/3/18-2:52:43,144,69,165,69,43,1,37.00,18.00,10,13,14
2/3/18-2:53:44,143,71,160,61,43,3,36.00,18.00,8,12,14
2/3/18-2:54:45,144,69,158,62,45,5,36.00,18.00,8,12,14
2/3/18-2:55:46,141,66,151,53,39,2,37.00,18.00,8,11,15
2/3/18-2:56:47,142,68,160,63,49,3,37.00,18.00,8,11,15
2/3/18-2:57:47,143,70,161,63,45,0,37.00,18.00,9,11,12
2/3/18-2:58:48,140,64,159,63,48,1,36.00,18.00,9,11,12
2/3/18-2:59:49,142,67,152,51,42,2,37.00,18.00,8,10,12
2/3/18-3:0:50,145,71,160,59,47,3,36.00,17.00,8,10,12
2/3/18-3:1:51,144,71,161,61,46,1,37.00,18.00,8,12,15
2/3/18-3:2:52,145,69,158,64,49,3,37.00,17.00,8,12,15
2/3/18-3:3:53,145,67,154,51,41,3,37.00,18.00,7,12,15
2/3/18-3:4:54,144,67,159,62,49,2,37.00,18.00,6,11,14
2/3/18-3:5:55,142,68,161,65,47,2,36.00,17.00,6,10,11
2/3/18-3:6:56,143,70,154,48,40,0,37.00,17.00,6,10,11
2/3/18-3:7:57,142,68,160,62,48,1,36.00,18.00,7,11,14
2/3/18-3:8:58,144,68,161,61,44,1,37.00,18.00,9,13,15
2/3/18-3:9:59,145,69,148,50,39,3,37.00,18.00,7,12,12
2/3/18-3:11:0,142,75,159,61,44,2,37.00,18.00,7,12,12
2/3/18-3:12:1,142,68,161,60,46,2,37.00,18.00,9,11,12
2/3/18-3:13:2,143,69,161,63,47,0,37.00,18.00,9,11,12
2/3/18-3:14:3,143,68,151,55,42,3,37.00,18.00,8,11,11
2/3/18-3:15:4,141,67,159,61,47,2,36.00,18.00,9,12,12
2/3/18-3:16:5,144,76,160,61,48,2,37.00,18.00,9,12,12
2/3/18-3:17:6,144,69,160,62,48,3,36.00,17.00,9,12,12
2/3/18-3:18:7,144,67,156,57,43,3,37.00,17.00,7,11,14
2/3/18-3:19:8,143,68,158,61,51,1,37.00,18.00,7,11,14
2/3/18-3:20:9,144,69,159,63,49,1,36.00,17.00,7,11,12
2/3/18-3:21:10,144,71,159,63,49,0,37.00,18.00,7,11,12
2/3/18-3:22:11,145,77,161,57,47,3,36.00,18.00,8,14,16
2/3/18-3:23:12,144,67,157,61,47,1,37.00,18.00,8,14,16
2/3/18-3:24:13,144,70,159,61,44,2,36.00,18.00,8,13,17
2/3/18-3:25:14,146,69,158,60,44,2,36.00,17.00,9,14,17
2/3/18-3:26:15,145,70,157,60,47,3,37.00,17.00,9,11,11
2/3/18-3:27:16,146,69,156,64,43,3,37.00,17.00,8,11,11
2/3/18-3:28:17,143,69,148,50,35,3,37.00,17.00,7,9,11
2/3/18-3:29:18,144,69,162,69,37,1,37.00,17.00,7,9,11
2/3/18-3:30:19,145,69,156,63,38,4,36.00,18.00,8,10,10
2/3/18-3:31:20,142,64,148,52,32,2,36.00,17.00,8,10,10
2/3/18-3:32:21,144,70,156,59,33,1,36.00,17.00,8,9,9
2/3/18-3:33:22,144,70,158,61,30,3,36.00,18.00,9,13,16
2/3/18-3:34:23,142,67,156,63,35,2,36.00,17.00,8,13,13
2/3/18-3:35:24,144,69,159,59,36,1,37.00,17.00,7,12,15
2/3/18-3:36:25,144,69,161,64,35,3,37.00,17.00,8,13,16
2/3/18-3:37:26,146,68,156,66,38,2,36.00,18.00,8,10,10
2/3/18-3:38:27,143,65,159,56,29,3,37.00,17.00,8,10,10
2/3/18-3:39:28,143,69,158,63,35,1,36.00,17.00,6,9,9
2/3/18-3:40:29,143,69,154,59,32,2,38.00,18.00,6,9,9
2/3/18-3:41:30,145,68,156,65,32,3,36.00,18.00,7,10,12
2/3/18-3:42:31,143,64,146,49,25,3,37.00,18.00,7,10,12
2/3/18-3:43:32,146,69,156,55,29,1,37.00,18.00,7,9,9
2/3/18-3:44:33,145,69,156,60,28,3,37.00,17.00,7,9,9
2/3/18-3:45:34,145,69,157,61,26,2,37.00,17.00,7,12,12
2/3/18-3:46:35,146,65,146,50,23,3,36.00,18.00,7,12,12
2/3/18-3:47:36,146,69,156,58,26,2,37.00,17.00,8,12,12
2/3/18-3:48:37,143,67,153,59,25,2,37.00,17.00,8,10,12
2/3/18-3:49:38,144,67,152,58,24,3,37.00,18.00,5,7,8
2/3/18-3:50:39,145,68,148,48,22,3,37.00,17.00,5,7,8
2/3/18-3:51:40,145,68,152,55,23,3,37.00,17.00,7,10,10
2/3/18-3:52:41,145,69,153,57,20,3,37.00,17.00,7,9,9
2/3/18-3:53:42,145,68,150,62,19,2,36.00,17.00,7,9,12
2/3/18-3:54:43,145,71,153,59,16,1,37.00,17.00,7,9,12
2/3/18-3:55:44,145,68,153,59,16,2,37.00,17.00,8,10,15
2/3/18-3:56:45,142,68,154,59,16,1,36.00,17.00,7,10,15
2/3/18-3:57:46,141,66,146,52,16,2,37.00,17.00,7,10,11
2/3/18-3:58:47,146,67,155,56,18,1,37.00,17.00,7,10,11
2/3/18-3:59:48,146,67,162,59,19,4,37.00,17.00,7,10,11
2/3/18-4:0:49,144,68,150,55,16,1,37.00,17.00,7,10,10
2/3/18-4:1:50,143,67,146,51,15,2,37.00,17.00,8,10,11
2/3/18-4:2:51,145,69,150,56,15,3,35.00,17.00,8,10,11
2/3/18-4:3:52,146,68,151,57,16,0,37.00,17.00,7,9,12
2/3/18-4:4:53,143,66,155,61,16,1,37.00,17.00,7,9,9
2/3/18-4:5:54,146,63,148,53,16,2,36.00,17.00,7,10,10
2/3/18-4:6:55,145,69,153,57,17,3,37.00,17.00,7,10,10
2/3/18-4:7:56,145,67,155,61,18,1,36.00,17.00,7,11,11
2/3/18-4:8:57,144,67,154,62,19,1,37.00,17.00,7,10,11
2/3/18-4:9:58,146,67,145,47,17,3,36.00,17.00,6,8,8
2/3/18-4:10:59,146,67,155,62,18,1,37.00,17.00,6,8,8
2/3/18-4:12:0,145,69,156,58,17,1,37.00,17.00,9,12,12
2/3/18-4:13:1,147,68,153,64,20,3,37.00,17.00,9,12,12
2/3/18-4:14:2,144,66,146,51,16,2,36.00,17.00,7,11,11
2/3/18-4:15:3,146,70,154,62,16,1,36.00,17.00,7,11,11
2/3/18-4:16:4,145,65,152,56,13,1,36.00,17.00,8,11,11
2/3/18-4:17:5,145,64,147,51,13,4,36.00,17.00,7,10,10
2/3/18-4:18:6,148,68,153,62,15,0,37.00,17.00,6,11,14
2/3/18-4:19:7,144,69,155,59,14,3,37.00,17.00,6,11,14
2/3/18-4:20:8,145,67,156,60,15,1,37.00,17.00,7,11,11
2/3/18-4:21:9,145,66,146,49,14,0,36.00,17.00,7,11,11
2/3/18-4:22:10,146,66,139,50,13,2,36.00,17.00,9,16,20
2/3/18-4:23:11,146,67,151,56,18,2,36.00,17.00,9,16,20
2/3/18-4:24:12,147,67,143,48,11,3,36.00,17.00,9,12,15
2/3/18-4:25:13,146,65,153,58,13,0,35.00,17.00,9,12,15
2/3/18-4:26:14,145,68,151,60,17,1,37.00,17.00,9,13,13
2/3/18-4:27:15,145,66,149,57,14,1,37.00,17.00,8,12,12
2/3/18-4:28:16,145,66,143,47,12,3,37.00,17.00,9,12,16
2/3/18-4:29:17,144,67,151,59,13,1,37.00,17.00,9,12,16
2/3/18-4:30:18,144,68,158,71,13,1,37.00,17.00,8,13,13
2/3/18-4:31:19,145,67,151,58,17,1,36.00,17.00,8,12,12
2/3/18-4:32:20,144,67,143,52,12,3,37.00,17.00,6,10,11
2/3/18-4:33:21,147,71,155,61,14,0,36.00,17.00,6,10,11
2/3/18-4:34:22,144,66,153,59,16,1,37.00,17.00,8,11,13
2/3/18-4:35:23,145,68,151,58,17,1,37.00,17.00,8,11,13
2/3/18-4:36:24,147,65,139,46,14,3,36.00,17.00,7,9,10
2/3/18-4:37:25,147,69,150,56,14,3,37.00,17.00,7,9,10
2/3/18-4:38:26,146,66,150,60,14,3,37.00,17.00,7,10,10
2/3/18-4:39:27,147,66,148,63,14,1,37.00,17.00,7,10,10
2/3/18-4:40:28,146,72,152,59,13,3,37.00,17.00,7,10,11
2/3/18-4:41:29,145,62,155,57,13,3,37.00,17.00,7,10,11
2/3/18-4:42:30,145,70,149,54,14,3,37.00,17.00,6,8,8
2/3/18-4:43:31,146,66,140,48,12,3,37.00,17.00,6,8,8
2/3/18-4:44:32,146,68,148,56,15,5,36.00,17.00,6,9,12
2/3/18-4:45:33,147,69,151,58,14,0,37.00,17.00,6,9,12
2/3/18-4:46:34,146,67,154,64,12,3,36.00,17.00,4,8,8
2/3/18-4:47:35,146,65,143,49,11,3,37.00,17.00,4,8,8
2/3/18-4:48:36,147,72,151,56,10,2,37.00,17.00,6,8,10
2/3/18-4:49:37,146,69,150,56,11,1,37.00,17.00,6,8,10
2/3/18-4:50:38,145,69,146,57,11,3,36.00,17.00,7,8,8
2/3/18-4:51:39,145,66,141,48,7,1,36.00,17.00,7,8,8
2/3/18-4:52:40,145,68,147,58,11,3,37.00,17.00,5,7,7
2/3/18-4:53:41,145,68,145,55,6,2,37.00,17.00,5,7,7
2/3/18-4:54:42,145,68,147,63,9,2,37.00,17.00,5,7,9
2/3/18-4:55:43,146,66,138,47,7,3,36.00,17.00,5,7,9
2/3/18-4:56:44,145,68,148,56,7,2,36.00,17.00,4,6,6
2/3/18-4:57:45,148,68,144,56,7,3,37.00,17.00,5,6,6
2/3/18-4:58:46,147,67,147,58,6,0,37.00,17.00,4,6,6
2/3/18-4:59:47,147,65,136,47,9,2,37.00,17.00,4,6,6
2/3/18-5:0:48,146,66,145,57,10,1,37.00,17.00,5,8,8
2/3/18-5:1:49,144,66,143,57,6,1,37.00,17.00,5,9,9
2/3/18-5:2:50,144,64,137,55,7,3,37.00,17.00,3,5,5
2/3/18-5:3:51,147,66,142,54,7,3,36.00,17.00,3,5,5
2/3/18-5:4:52,146,68,142,53,5,0,36.00,17.00,5,6,7
2/3/18-5:5:53,146,67,139,54,6,2,37.00,17.00,5,6,7
2/3/18-5:6:53,146,71,132,44,6,3,37.00,17.00,4,5,7
2/3/18-5:7:54,147,61,146,54,5,3,36.00,17.00,4,5,7
2/3/18-5:8:55,146,66,141,54,6,2,38.00,17.00,4,6,6
2/3/18-5:9:56,146,66,139,55,7,4,37.00,17.00,4,7,7
2/3/18-5:10:57,145,64,134,49,7,2,37.00,17.00,4,6,6
2/3/18-5:11:58,149,66,141,56,4,1,37.00,17.00,4,6,6
2/3/18-5:12:59,144,66,146,55,6,1,37.00,17.00,3,6,8
2/3/18-5:14:0,146,73,140,55,6,2,36.00,17.00,3,6,8
2/3/18-5:15:1,147,67,134,46,6,3,36.00,17.00,3,6,8
2/3/18-5:16:2,146,71,144,56,7,3,37.00,17.00,3,6,8
2/3/18-5:17:3,146,68,146,56,6,1,37.00,17.00,4,7,7
2/3/18-5:18:4,145,66,142,55,6,1,37.00,17.00,4,7,7
2/3/18-5:19:5,146,65,138,48,6,2,37.00,17.00,5,7,7
2/3/18-5:20:6,147,66,146,60,8,1,37.00,17.00,5,7,7
2/3/18-5:21:7,144,66,143,56,5,3,37.00,17.00,3,5,5
2/3/18-5:22:8,146,67,140,56,7,3,36.00,17.00,3,5,5
2/3/18-5:23:9,147,61,134,41,9,2,36.00,17.00,3,4,4
2/3/18-5:24:10,148,71,144,56,8,2,37.00,17.00,3,4,4
2/3/18-5:25:11,148,68,142,57,6,0,37.00,17.00,6,9,9
2/3/18-5:26:12,145,66,139,59,7,4,37.00,17.00,5,8,8
2/3/18-5:27:13,146,68,143,54,6,2,37.00,17.00,3,5,5
2/3/18-5:28:14,145,65,140,52,9,3,36.00,17.00,4,6,6
2/3/18-5:29:15,146,68,143,59,6,1,37.00,17.00,5,8,11
2/3/18-5:30:16,148,65,131,47,7,3,36.00,17.00,5,8,11
2/3/18-5:31:17,145,66,148,56,7,3,36.00,17.00,5,7,7
2/3/18-5:32:18,145,67,140,57,6,1,37.00,17.00,5,7,7
2/3/18-5:33:19,146,67,147,56,8,2,37.00,17.00,5,6,6
2/3/18-5:34:20,147,66,132,46,8,5,36.00,17.00,5,6,6
2/3/18-5:35:21,145,66,149,61,6,1,36.00,17.00,4,7,9
2/3/18-5:36:22,144,64,142,63,6,1,37.00,17.00,4,7,9
2/3/18-5:37:23,145,67,141,52,7,3,37.00,17.00,4,5,5
2/3/18-5:38:24,147,64,139,46,7,3,36.00,17.00,4,5,5
2/3/18-5:39:25,145,66,145,58,6,1,36.00,17.00,4,6,6
2/3/18-5:40:26,148,66,144,58,8,2,36.00,17.00,4,5,5
2/3/18-5:41:27,144,66,146,59,7,1,36.00,17.00,4,5,5
2/3/18-5:42:28,144,66,135,50,6,2,36.00,17.00,4,5,5
2/3/18-5:43:29,145,65,147,53,7,1,37.00,17.00,4,5,5
2/3/18-5:44:30,147,66,146,56,8,2,37.00,17.00,4,5,5
2/3/18-5:45:31,144,66,147,56,7,2,37.00,17.00,4,5,5
2/3/18-5:46:32,148,67,137,45,5,2,37.00,16.00,4,5,5
2/3/18-5:47:33,147,67,145,55,9,3,36.00,17.00,5,6,8
2/3/18-5:48:34,146,66,144,56,8,2,37.00,16.00,5,7,8
2/3/18-5:49:35,147,66,145,58,9,4,37.00,16.00,4,6,8
2/3/18-5:50:36,145,64,136,48,9,2,37.00,17.00,4,6,8
2/3/18-5:51:37,147,69,149,57,5,0,36.00,17.00,4,5,6
2/3/18-5:52:38,147,69,147,56,7,3,38.00,16.00,3,5,6
2/3/18-5:53:39,146,69,141,57,6,1,38.00,16.00,4,5,5
2/3/18-5:54:40,147,66,146,54,7,3,36.00,17.00,4,5,5
2/3/18-5:55:41,146,67,146,53,6,0,37.00,17.00,5,8,8
2/3/18-5:56:42,147,67,138,55,5,1,37.00,16.00,5,7,7
2/3/18-5:57:43,146,66,137,45,7,2,38.00,16.00,3,5,5
2/3/18-5:58:44,146,67,145,55,7,2,36.00,17.00,3,5,5
2/3/18-5:59:45,147,68,143,56,7,3,39.00,16.00,4,6,6
2/3/18-6:0:46,145,66,141,58,11,2,38.00,16.00,4,6,6
2/3/18-6:1:47,145,60,133,47,5,3,37.00,16.00,4,5,5
2/3/18-6:2:48,145,64,141,55,8,3,37.00,17.00,4,5,5
2/3/18-6:3:49,147,69,143,56,6,3,36.00,17.00,2,4,6
2/3/18-6:4:50,147,69,145,57,6,2,36.00,17.00,2,4,5
2/3/18-6:5:51,147,66,134,46,8,5,37.00,17.00,4,6,9
2/3/18-6:6:52,146,66,143,55,8,3,38.00,16.00,4,6,9
2/3/18-6:7:53,147,69,143,54,7,3,38.00,16.00,4,6,6
2/3/18-6:8:54,147,66,142,57,9,1,37.00,16.00,4,5,5
2/3/18-6:9:55,147,64,134,44,7,2,38.00,16.00,4,7,7
2/3/18-6:10:56,146,67,142,54,6,2,37.00,16.00,4,7,7
2/3/18-6:11:57,146,67,141,57,6,2,38.00,16.00,6,6,8
2/3/18-6:12:58,147,68,143,57,10,3,36.00,17.00,5,5,7
2/3/18-6:13:59,147,67,139,45,6,2,37.00,17.00,5,7,9
2/3/18-6:15:0,149,68,144,58,9,4,36.00,17.00,5,7,9
2/3/18-6:16:1,145,66,144,59,9,1,37.00,16.00,4,9,9
2/3/18-6:17:2,147,65,137,46,8,3,37.00,16.00,4,9,9
2/3/18-6:18:3,146,64,151,64,9,1,36.00,17.00,4,5,8
2/3/18-6:19:4,146,69,149,65,7,0,37.00,16.00,5,6,7
2/3/18-6:20:5,146,68,147,56,9,1,37.00,17.00,4,7,11
2/3/18-6:21:6,149,68,151,57,9,1,37.00,17.00,4,7,11
2/3/18-6:22:7,147,67,145,55,8,2,37.00,17.00,4,6,6
2/3/18-6:23:8,147,68,148,57,8,2,37.00,16.00,4,5,5
2/3/18-6:24:9,147,68,133,47,8,3,37.00,16.00,4,6,6
2/3/18-6:25:10,147,69,149,58,8,2,36.00,17.00,4,6,6
2/3/18-6:26:11,146,66,146,61,8,1,37.00,17.00,4,5,5
2/3/18-6:27:12,145,67,147,59,8,1,38.00,16.00,4,5,5
2/3/18-6:28:13,147,65,135,47,8,3,37.00,16.00,4,6,6
2/3/18-6:29:14,147,67,143,57,10,3,35.00,17.00,4,6,6
2/3/18-6:30:15,147,67,148,56,6,1,37.00,17.00,2,4,4
2/3/18-6:31:16,145,67,143,56,8,3,37.00,17.00,2,4,4
2/3/18-6:32:17,147,65,137,48,9,2,37.00,17.00,2,5,6
2/3/18-6:33:18,144,66,150,63,7,1,37.00,17.00,2,5,6
2/3/18-6:34:19,148,69,151,57,8,3,38.00,16.00,4,6,7
2/3/18-6:35:20,149,66,144,56,9,4,37.00,17.00,4,6,6
2/3/18-6:36:21,147,63,135,45,6,1,37.00,17.00,4,7,7
2/3/18-6:37:22,146,66,146,56,11,1,37.00,16.00,4,7,7
2/3/18-6:38:23,148,68,143,58,11,5,36.00,17.00,3,5,7
2/3/18-6:39:24,145,67,144,60,8,2,37.00,16.00,3,5,7
2/3/18-6:40:25,147,64,139,50,8,3,37.00,17.00,4,5,5
2/3/18-6:41:26,147,68,145,55,10,2,38.00,16.00,4,5,5
2/3/18-6:42:27,146,66,142,58,7,1,36.00,17.00,4,5,6
2/3/18-6:43:28,147,71,148,66,7,1,37.00,17.00,4,5,6
2/3/18-6:44:29,145,67,145,58,7,1,38.00,16.00,4,6,6
2/3/18-6:45:30,148,68,145,56,8,3,37.00,17.00,4,6,6
2/3/18-6:46:31,147,65,143,59,8,2,36.00,17.00,4,6,7
2/3/18-6:47:32,147,67,136,48,7,3,37.00,17.00,4,6,7
2/3/18-6:48:33,146,67,142,57,7,3,36.00,17.00,2,4,4
2/3/18-6:49:34,145,66,143,57,8,2,38.00,17.00,3,5,5
2/3/18-6:50:35,147,65,141,59,8,3,37.00,16.00,4,5,6
2/3/18-6:51:36,147,66,134,46,9,3,38.00,16.00,4,5,6
2/3/18-6:52:37,148,65,145,59,8,2,35.00,17.00,4,5,6
2/3/18-6:53:38,147,67,146,57,8,3,38.00,16.00,4,5,6
2/3/18-6:54:39,149,64,141,58,8,5,37.00,16.00,3,4,7
2/3/18-6:55:40,147,66,133,47,7,5,38.00,16.00,4,5,8
2/3/18-6:56:41,150,66,145,59,8,2,38.00,16.00,4,5,5
2/3/18-6:57:42,145,67,142,61,8,2,37.00,17.00,4,5,5
2/3/18-6:58:43,146,65,160,87,9,2,38.00,16.00,3,5,5
2/3/18-6:59:44,148,67,137,47,7,3,38.00,16.00,3,5,5
2/3/18-7:0:45,147,66,146,57,6,0,37.00,17.00,2,3,3
2/3/18-7:1:46,146,67,144,56,8,2,36.00,17.00,2,3,3
2/3/18-7:2:47,147,65,148,63,8,1,37.00,17.00,3,4,5
2/3/18-7:3:48,146,64,150,62,7,2,37.00,17.00,3,4,5
2/3/18-7:4:49,147,66,149,60,9,1,36.00,17.00,3,5,6
2/3/18-7:5:50,147,67,150,56,7,3,37.00,16.00,3,5,6
2/3/18-7:6:51,148,67,146,57,8,2,36.00,17.00,3,3,5
2/3/18-7:7:52,149,65,141,53,9,1,37.00,17.00,3,3,5
2/3/18-7:8:53,148,66,143,60,9,1,36.00,17.00,3,5,7
2/3/18-7:9:53,149,66,145,57,6,0,36.00,17.00,3,5,6
2/3/18-7:10:54,147,63,135,48,7,4,37.00,17.00,3,5,5
2/3/18-7:11:55,146,66,147,53,6,3,37.00,17.00,3,5,5
2/3/18-7:12:56,148,67,148,72,5,2,38.00,17.00,3,4,5
2/3/18-7:13:57,147,65,134,54,4,3,37.00,17.00,3,4,6
2/3/18-7:14:58,148,64,128,43,6,3,36.00,17.00,3,4,4
2/3/18-7:15:59,147,68,143,56,5,2,35.00,17.00,3,4,4
2/3/18-7:17:0,149,67,148,55,6,3,36.00,17.00,4,6,6
2/3/18-7:18:1,145,64,140,53,10,1,37.00,17.00,3,6,6
2/3/18-7:19:2,149,63,128,43,6,3,37.00,17.00,4,6,7
2/3/18-7:20:3,148,65,144,65,9,2,37.00,16.00,4,6,7
2/3/18-7:21:4,147,67,140,58,6,2,36.00,17.00,3,4,5
2/3/18-7:22:5,145,66,142,58,6,1,36.00,17.00,3,4,6
2/3/18-7:23:6,147,61,138,48,7,4,37.00,17.00,4,5,9
2/3/18-7:24:7,149,67,142,61,7,3,36.00,17.00,4,5,9
2/3/18-7:25:8,149,63,147,56,7,3,36.00,17.00,4,5,6
2/3/18-7:26:9,146,65,148,65,5,1,36.00,17.00,4,5,6
2/3/18-7:27:10,149,65,133,54,5,3,37.00,17.00,3,4,4
2/3/18-7:28:11,147,67,136,51,5,2,36.00,17.00,3,4,4
2/3/18-7:29:12,148,69,142,62,4,1,37.00,17.00,4,6,8
2/3/18-7:30:13,147,66,134,68,5,2,36.00,17.00,4,6,8
2/3/18-7:31:14,146,64,141,57,4,1,36.00,17.00,3,6,7
2/3/18-7:32:15,146,66,130,51,4,3,36.00,17.00,3,6,7
2/3/18-7:33:16,148,66,150,64,3,1,37.00,17.00,3,5,6
2/3/18-7:34:17,146,64,122,48,4,3,36.00,17.00,3,5,6
2/3/18-7:35:18,146,66,131,53,4,1,36.00,17.00,5,8,10
2/3/18-7:36:19,148,65,130,53,5,3,37.00,17.00,4,7,9
2/3/18-7:37:20,148,66,145,78,4,1,36.00,17.00,3,5,6
2/3/18-7:38:21,146,63,122,49,5,2,36.00,17.00,3,5,6
2/3/18-7:39:22,148,64,137,60,6,1,35.00,17.00,5,6,7
2/3/18-7:40:23,146,67,130,49,4,2,37.00,18.00,5,6,7
2/3/18-7:41:24,147,65,138,57,4,3,37.00,18.00,5,7,10
2/3/18-7:42:25,147,62,134,50,5,2,36.00,18.00,5,7,10
2/3/18-7:43:26,147,59,146,58,4,1,36.00,18.00,4,6,7
2/3/18-7:44:27,145,64,131,53,4,3,37.00,18.00,4,6,6
2/3/18-7:45:28,147,65,138,57,7,2,36.00,18.00,5,9,11
2/3/18-7:46:29,148,64,128,46,6,5,37.00,18.00,5,9,11
2/3/18-7:47:30,146,64,147,52,6,1,36.00,18.00,4,7,7
2/3/18-7:48:31,147,65,150,57,5,1,36.00,18.00,3,6,7
2/3/18-7:49:32,146,65,155,58,5,3,36.00,18.00,4,7,8
2/3/18-7:50:33,148,63,134,52,6,3,37.00,18.00,4,7,8
2/3/18-7:51:34,147,65,137,56,8,2,36.00,18.00,4,6,10
2/3/18-7:52:35,147,66,144,73,4,2,36.00,18.00,5,7,11
2/3/18-7:53:36,146,64,138,65,4,1,36.00,18.00,6,9,10
2/3/18-7:54:37,145,66,137,63,4,0,36.00,18.00,6,9,10
2/3/18-7:55:38,146,64,132,59,5,3,36.00,18.00,7,14,15
2/3/18-7:56:39,146,66,131,54,4,1,36.00,18.00,8,14,16
2/3/18-7:57:40,148,62,133,50,6,3,36.00,18.00,11,16,19
2/3/18-7:58:41,145,63,127,49,7,3,37.00,18.00,11,16,19
2/3/18-7:59:42,146,65,136,65,7,2,36.00,18.00,11,20,24
2/3/18-8:0:43,145,64,131,59,6,3,37.00,18.00,11,20,24
2/3/18-8:1:44,146,66,144,59,4,1,35.00,18.00,11,21,29
2/3/18-8:2:45,144,66,138,62,4,2,36.00,18.00,11,21,29
2/3/18-8:3:46,144,63,145,70,6,4,37.00,18.00,15,27,31
2/3/18-8:4:47,148,66,138,58,7,3,36.00,18.00,16,29,34
2/3/18-8:5:48,147,65,143,61,6,4,35.00,19.00,18,26,31
2/3/18-8:6:49,144,63,134,53,6,2,36.00,18.00,18,26,31
2/3/18-8:7:50,145,65,133,65,6,3,36.00,18.00,16,25,27
2/3/18-8:8:51,147,63,133,57,5,3,36.00,17.00,16,25,27
2/3/18-8:9:52,144,67,146,64,5,2,35.00,19.00,18,30,33
2/3/18-8:10:53,145,65,135,59,4,1,36.00,18.00,18,30,35
2/3/18-8:11:54,144,66,142,69,4,2,36.00,18.00,19,32,42
2/3/18-8:12:55,147,64,167,86,6,2,36.00,18.00,19,32,42
2/3/18-8:13:56,143,66,142,59,5,2,36.00,18.00,20,32,37
2/3/18-8:14:57,144,62,148,68,9,3,37.00,19.00,20,32,38
2/3/18-8:15:58,146,62,146,63,6,0,35.00,19.00,18,32,41
2/3/18-8:16:59,145,63,122,46,4,3,36.00,18.00,18,32,41
2/3/18-8:18:0,146,68,142,64,6,3,35.00,19.00,15,23,24
2/3/18-8:19:1,143,65,138,60,4,2,36.00,18.00,15,23,24
2/3/18-8:20:2,148,66,132,54,7,3,36.00,19.00,11,23,26
2/3/18-8:21:3,144,65,129,53,6,1,35.00,19.00,10,21,24
2/3/18-8:22:4,144,64,145,54,7,2,35.00,19.00,9,24,29
2/3/18-8:23:5,143,63,160,60,5,2,35.00,19.00,9,23,27
2/3/18-8:24:6,144,63,188,84,6,3,35.00,19.00,7,12,13
2/3/18-8:25:7,145,67,145,56,5,3,35.00,19.00,7,12,13
2/3/18-8:26:8,142,62,120,47,6,3,35.00,19.00,5,9,11
2/3/18-8:27:9,145,65,133,55,4,1,36.00,19.00,5,10,10
2/3/18-8:28:10,145,65,162,59,7,5,35.00,19.00,5,9,12
2/3/18-8:29:11,145,67,135,52,4,0,35.00,19.00,5,10,12
2/3/18-8:30:12,144,62,137,62,7,2,35.00,19.00,5,8,12
2/3/18-8:31:13,146,63,148,62,9,3,36.00,18.00,5,8,12
2/3/18-8:32:14,144,66,132,53,7,3,35.00,19.00,5,8,8
2/3/18-8:33:15,146,70,150,70,6,2,35.00,19.00,5,8,8
2/3/18-8:34:16,144,66,165,66,7,4,35.00,19.00,5,8,9
2/3/18-8:35:17,144,64,144,60,7,2,35.00,19.00,6,9,10
2/3/18-8:36:18,145,64,154,69,6,3,35.00,19.00,4,7,10
2/3/18-8:37:19,143,64,157,61,7,2,35.00,19.00,5,7,8
2/3/18-8:38:20,142,63,130,46,6,3,35.00,20.00,6,7,8
2/3/18-8:39:21,144,65,139,51,7,3,35.00,20.00,6,7,8
2/3/18-8:40:22,143,62,175,70,5,3,35.00,20.00,4,5,6
2/3/18-8:41:23,143,62,136,54,7,3,35.00,19.00,4,5,6
2/3/18-8:42:24,142,64,164,62,7,2,35.00,19.00,5,6,6
2/3/18-8:43:25,143,66,173,96,7,3,35.00,19.00,5,6,6
2/3/18-8:44:26,144,65,144,69,6,3,35.00,19.00,4,6,7
2/3/18-8:45:27,141,65,150,83,5,2,36.00,20.00,4,6,7
2/3/18-8:46:28,144,62,147,51,4,3,35.00,20.00,3,4,5
2/3/18-8:47:29,143,64,150,64,5,3,35.00,20.00,3,4,5
2/3/18-8:48:30,144,64,151,75,4,1,35.00,20.00,4,7,7
2/3/18-8:49:31,140,62,142,57,7,1,35.00,20.00,4,7,7
2/3/18-8:50:32,143,65,155,61,6,0,35.00,20.00,5,7,8
2/3/18-8:51:33,145,64,150,65,6,3,35.00,20.00,5,7,8
2/3/18-8:52:34,142,65,144,63,5,1,35.00,20.00,2,4,5
2/3/18-8:53:35,141,63,128,50,6,3,35.00,20.00,2,4,5
2/3/18-8:54:36,143,65,143,65,5,1,35.00,20.00,6,10,12
2/3/18-8:55:37,144,62,135,50,6,4,35.00,20.00,6,10,12
2/3/18-8:56:38,140,64,168,75,5,1,35.00,20.00,4,7,9
2/3/18-8:57:39,141,65,159,75,6,1,36.00,20.00,4,7,9
2/3/18-8:58:40,141,69,149,65,4,0,35.00,20.00,4,8,10
2/3/18-8:59:41,142,67,148,60,6,4,35.00,20.00,4,8,10
2/3/18-9:0:42,143,68,145,68,5,2,35.00,20.00,4,6,7
2/3/18-9:1:43,144,67,162,103,7,2,35.00,20.00,4,6,6
2/3/18-9:2:44,142,65,134,59,5,4,35.00,20.00,6,9,9
2/3/18-9:3:45,142,66,142,69,6,1,35.00,20.00,6,9,9
2/3/18-9:4:46,141,65,158,66,7,1,36.00,20.00,5,6,6
2/3/18-9:5:47,143,61,162,94,4,2,35.00,20.00,5,8,8
2/3/18-9:6:48,140,62,133,53,7,4,34.00,21.00,4,7,7
2/3/18-9:7:49,142,65,147,65,5,2,35.00,20.00,4,7,7
2/3/18-9:8:50,142,64,162,82,6,3,35.00,21.00,7,10,13
2/3/18-9:9:51,143,67,176,114,7,3,35.00,20.00,7,9,12
2/3/18-9:10:52,143,65,147,56,5,3,35.00,20.00,6,8,9
2/3/18-9:11:53,142,65,165,79,7,0,35.00,20.00,6,8,9
2/3/18-9:12:54,142,66,149,65,6,3,34.00,21.00,7,9,9
2/3/18-9:13:55,141,62,136,61,7,2,34.00,21.00,7,10,10
2/3/18-9:14:56,142,70,156,68,5,3,35.00,20.00,7,10,11
2/3/18-9:15:56,141,65,168,98,4,0,35.00,20.00,7,10,11
2/3/18-9:16:57,140,67,152,76,5,0,35.00,20.00,8,11,12
2/3/18-9:17:58,139,64,130,54,6,2,34.00,21.00,8,11,12
2/3/18-9:18:59,140,66,167,78,6,1,35.00,20.00,10,15,15
2/3/18-9:20:0,139,65,161,81,7,2,34.00,21.00,10,14,14
2/3/18-9:21:1,141,71,137,62,5,3,34.00,21.00,8,15,15
2/3/18-9:22:2,143,66,156,84,5,2,34.00,21.00,8,16,16
2/3/18-9:23:3,140,62,134,57,7,2,35.00,21.00,9,12,12
2/3/18-9:24:4,142,66,142,64,11,1,33.00,21.00,9,12,12
2/3/18-9:25:5,142,67,171,64,8,3,34.00,21.00,9,13,15
2/3/18-9:26:6,140,64,168,94,7,3,34.00,21.00,9,14,16
2/3/18-9:27:7,141,65,147,58,4,3,34.00,21.00,8,12,12
2/3/18-9:28:8,139,66,177,104,5,3,34.00,21.00,8,12,12
2/3/18-9:29:9,142,65,158,72,7,1,34.00,21.00,9,11,11
2/3/18-9:30:10,139,65,146,68,7,1,34.00,21.00,9,12,12
2/3/18-9:31:11,140,64,150,58,5,3,34.00,21.00,9,14,17
2/3/18-9:32:12,142,66,152,69,8,3,34.00,21.00,9,14,17
2/3/18-9:33:13,140,74,174,75,6,3,34.00,22.00,9,13,13
2/3/18-9:34:14,139,66,198,167,9,3,34.00,22.00,9,13,14
2/3/18-9:35:15,140,63,153,63,8,3,34.00,22.00,9,13,17
2/3/18-9:36:16,139,66,148,64,7,2,34.00,22.00,9,13,17
2/3/18-9:37:17,138,66,145,65,7,4,34.00,22.00,11,16,20
2/3/18-9:38:18,139,66,157,75,7,2,34.00,22.00,11,16,20
2/3/18-9:39:19,139,66,137,59,7,3,34.00,22.00,11,20,20
2/3/18-9:40:20,139,65,138,57,6,2,33.00,22.00,11,20,22
2/3/18-9:41:21,138,65,162,73,6,1,34.00,22.00,11,15,15
2/3/18-9:42:22,139,61,143,69,6,2,35.00,22.00,11,15,15
2/3/18-9:43:23,139,64,176,91,9,3,34.00,22.00,10,15,15
2/3/18-9:44:24,138,64,139,56,7,3,34.00,22.00,10,15,15
2/3/18-9:45:25,141,65,149,70,8,3,34.00,22.00,10,15,17
2/3/18-9:46:26,139,68,143,64,7,2,35.00,22.00,11,16,18
2/3/18-9:47:27,137,65,142,59,7,4,34.00,22.00,9,16,22
2/3/18-9:48:28,137,66,153,80,7,1,34.00,22.00,9,16,22
2/3/18-9:49:29,141,73,213,181,8,2,34.00,22.00,10,17,18
2/3/18-9:50:30,138,66,163,77,9,4,34.00,22.00,10,17,18
2/3/18-9:51:31,138,67,150,64,7,3,34.00,22.00,10,15,21
2/3/18-9:52:32,140,68,139,64,4,1,34.00,22.00,10,15,21
2/3/18-9:53:33,137,67,146,77,6,1,34.00,22.00,9,13,14
2/3/18-9:54:34,139,64,158,88,7,4,34.00,22.00,9,13,14
2/3/18-9:55:35,137,68,155,73,9,2,33.00,23.00,7,15,16
2/3/18-9:56:36,138,62,143,66,6,2,34.00,22.00,7,15,16
2/3/18-9:57:37,138,65,135,62,8,1,34.00,22.00,9,13,17
2/3/18-9:58:38,137,66,142,67,5,1,34.00,22.00,9,13,17
2/3/18-9:59:39,137,65,129,59,5,2,34.00,23.00,7,13,13
2/3/18-10:0:40,136,65,135,59,6,0,34.00,22.00,6,13,13
2/3/18-10:1:41,137,71,192,104,7,2,33.00,23.00,7,13,16
2/3/18-10:2:42,136,66,143,69,7,2,33.00,23.00,7,13,17
2/3/18-10:3:43,135,65,140,72,6,1,33.00,23.00,5,10,10
2/3/18-10:4:44,136,69,229,197,6,2,33.00,23.00,5,10,10
2/3/18-10:5:45,137,67,138,61,7,3,33.00,23.00,4,7,7
2/3/18-10:6:46,135,66,131,62,5,1,33.00,23.00,5,8,8
2/3/18-10:7:47,137,65,141,74,6,2,33.00,23.00,5,6,6
2/3/18-10:8:48,136,65,128,60,4,1,33.00,23.00,5,6,6
2/3/18-10:9:49,136,67,165,81,4,1,33.00,23.00,5,8,9
2/3/18-10:10:50,138,68,133,62,4,1,33.00,23.00,5,8,9
2/3/18-10:11:51,133,62,118,51,4,2,33.00,23.00,3,6,6
2/3/18-10:12:52,138,65,142,65,4,3,33.00,23.00,3,6,6
2/3/18-10:13:53,138,67,140,73,5,4,34.00,23.00,4,7,7
2/3/18-10:14:54,135,68,131,62,5,2,33.00,23.00,4,6,7
2/3/18-10:15:55,135,64,123,51,6,4,33.00,23.00,4,6,8
2/3/18-10:16:56,138,66,132,64,4,2,32.00,23.00,5,7,9
2/3/18-10:17:57,136,73,119,57,5,3,33.00,23.00,1,3,4
2/3/18-10:18:58,136,65,126,59,5,3,33.00,23.00,1,3,4
2/3/18-10:19:59,137,64,119,50,5,3,33.00,23.00,5,6,6
2/3/18-10:21:0,138,66,125,62,5,3,33.00,23.00,5,6,6
2/3/18-10:22:1,136,65,129,66,7,3,33.00,23.00,5,7,7
2/3/18-10:23:2,137,66,131,67,4,1,33.00,23.00,5,6,6
2/3/18-10:24:3,136,64,122,52,4,2,33.00,23.00,5,7,7
2/3/18-10:25:4,137,64,137,67,6,3,33.00,24.00,5,7,7
2/3/18-10:26:5,137,66,132,63,9,3,33.00,24.00,4,7,7
2/3/18-10:27:6,134,66,130,64,4,1,33.00,24.00,5,8,8
2/3/18-10:28:7,135,63,126,53,5,4,33.00,24.00,6,8,9
2/3/18-10:29:8,136,66,151,89,7,4,33.00,24.00,6,8,9
2/3/18-10:30:9,135,65,134,64,4,3,33.00,23.00,6,8,8
2/3/18-10:31:10,136,67,144,67,5,2,33.00,23.00,6,8,8
2/3/18-10:32:11,135,64,128,55,5,4,33.00,23.00,5,6,7
2/3/18-10:33:12,134,61,145,59,5,2,33.00,24.00,5,6,7
2/3/18-10:34:13,135,66,164,87,5,1,33.00,24.00,6,8,8
2/3/18-10:35:14,133,65,139,67,7,3,33.00,24.00,6,8,8
2/3/18-10:36:15,136,64,156,75,6,3,33.00,24.00,6,8,11
2/3/18-10:37:16,136,66,152,94,6,1,33.00,24.00,6,8,11
2/3/18-10:38:17,134,67,179,125,7,1,33.00,24.00,4,6,8
2/3/18-10:39:18,135,66,159,101,7,2,33.00,24.00,4,6,8
2/3/18-10:40:19,134,65,130,50,6,2,33.00,24.00,6,8,10
2/3/18-10:41:20,135,66,141,64,5,1,33.00,24.00,6,8,10
2/3/18-10:42:21,135,66,139,65,7,2,33.00,24.00,5,7,7
2/3/18-10:43:22,134,70,138,68,4,1,33.00,24.00,5,7,7
2/3/18-10:44:23,136,68,132,59,7,3,33.00,24.00,6,7,12
2/3/18-10:45:24,134,69,133,63,4,1,33.00,24.00,6,7,12
2/3/18-10:46:25,134,67,148,74,6,1,33.00,24.00,6,7,7
2/3/18-10:47:26,131,66,127,63,5,1,33.00,24.00,6,7,7
2/3/18-10:48:27,135,67,137,68,5,1,32.00,25.00,4,7,7
2/3/18-10:49:28,134,67,135,65,4,2,33.00,24.00,4,7,7
2/3/18-10:50:29,134,70,136,66,4,2,33.00,24.00,6,7,9
2/3/18-10:51:30,131,65,157,78,7,3,33.00,24.00,6,7,9
2/3/18-10:52:31,133,68,156,90,5,2,32.00,25.00,5,7,7
2/3/18-10:53:32,133,69,141,64,4,1,34.00,24.00,6,8,8
2/3/18-10:54:33,134,67,166,113,4,1,32.00,25.00,6,8,11
2/3/18-10:55:34,132,64,172,116,4,2,32.00,25.00,6,8,11
2/3/18-10:56:35,132,66,144,66,6,3,32.00,24.00,5,8,8
2/3/18-10:57:36,135,69,145,64,4,2,32.00,25.00,5,8,8
2/3/18-10:58:37,132,66,138,71,6,3,32.00,25.00,6,8,11
2/3/18-10:59:38,130,65,133,56,5,3,32.00,25.00,5,7,10
2/3/18-11:0:39,132,67,140,72,5,2,30.00,25.00,6,7,8
2/3/18-11:1:40,133,67,153,110,6,2,32.00,25.00,6,7,8
2/3/18-11:2:41,135,68,160,72,4,1,32.00,25.00,6,8,8
2/3/18-11:3:42,131,60,169,81,5,3,32.00,25.00,6,8,8
2/3/18-11:4:43,132,66,146,78,5,2,32.00,25.00,5,8,10
2/3/18-11:5:44,134,68,154,83,5,2,32.00,25.00,5,8,10
2/3/18-11:6:45,132,68,150,63,7,3,32.00,25.00,5,6,6
2/3/18-11:7:46,132,67,135,54,5,2,32.00,25.00,5,6,6
2/3/18-11:8:47,131,71,141,64,4,2,32.00,25.00,4,6,6
2/3/18-11:9:48,132,67,140,62,7,2,32.00,25.00,4,6,6
2/3/18-11:10:49,131,67,151,89,4,1,32.00,25.00,5,6,6
2/3/18-11:11:50,132,67,181,107,5,1,32.00,25.00,6,7,7
2/3/18-11:12:51,133,67,166,82,4,1,32.00,25.00,4,6,6
2/3/18-11:13:52,132,63,158,91,4,2,32.00,25.00,4,5,5
2/3/18-11:14:53,131,68,143,83,4,1,32.00,25.00,6,7,7
2/3/18-11:15:54,130,65,148,81,4,2,32.00,25.00,6,7,7
2/3/18-11:16:55,132,67,166,107,5,3,32.00,25.00,7,10,12
2/3/18-11:17:56,132,69,168,102,4,2,32.00,25.00,7,9,12
2/3/18-11:18:57,130,67,165,103,4,1,32.00,25.00,7,10,13
2/3/18-11:19:58,132,69,154,61,5,4,32.00,25.00,6,9,12
2/3/18-11:20:59,131,67,169,95,4,0,32.00,25.00,6,8,9
2/3/18-11:22:0,131,67,128,62,5,2,32.00,25.00,6,8,9
2/3/18-11:23:1,132,60,140,69,3,1,32.00,25.00,6,9,11
2/3/18-11:24:2,131,65,135,56,5,2,32.00,25.00,6,9,11
2/3/18-11:25:3,130,66,140,67,3,2,32.00,25.00,6,9,9
2/3/18-11:26:4,129,66,182,97,6,2,32.00,25.00,7,8,8
2/3/18-11:27:5,131,66,158,85,4,2,32.00,25.00,8,10,11
2/3/18-11:28:6,131,68,142,71,5,1,32.00,25.00,8,10,11
2/3/18-11:29:7,132,66,155,80,5,1,32.00,25.00,7,11,11
2/3/18-11:30:8,129,68,166,84,4,2,32.00,25.00,7,11,11
2/3/18-11:31:9,130,66,138,59,6,4,32.00,25.00,6,8,8
2/3/18-11:32:10,131,68,152,72,4,1,32.00,25.00,6,8,8
2/3/18-11:33:11,130,69,137,63,4,2,32.00,25.00,8,10,10
2/3/18-11:34:12,130,68,141,70,5,0,32.00,25.00,8,10,10
2/3/18-11:35:13,132,67,190,132,6,4,32.00,26.00,9,11,14
2/3/18-11:36:14,130,66,154,71,5,3,32.00,25.00,10,12,15
2/3/18-11:37:15,129,67,138,69,5,0,32.00,26.00,9,14,15
2/3/18-11:38:16,130,66,141,65,7,2,32.00,25.00,9,14,15
2/3/18-11:39:17,128,69,139,69,6,2,32.00,25.00,11,16,17
2/3/18-11:40:18,128,67,162,99,6,2,32.00,26.00,11,16,17
2/3/18-11:41:19,130,65,143,86,6,3,32.00,26.00,15,18,25
2/3/18-11:42:20,130,67,166,97,5,3,32.00,26.00,14,17,24
2/3/18-11:43:21,128,64,178,109,6,2,32.00,26.00,14,20,21
2/3/18-11:44:22,131,66,191,157,5,1,32.00,26.00,14,20,21
2/3/18-11:45:23,130,69,141,70,5,2,32.00,25.00,14,19,23
2/3/18-11:46:24,129,68,150,68,5,3,32.00,26.00,14,19,23
2/3/18-11:47:25,129,68,154,99,4,3,32.00,26.00,14,19,19
2/3/18-11:48:26,130,68,165,98,4,3,32.00,26.00,14,19,19
2/3/18-11:49:27,130,66,152,71,4,3,32.00,26.00,9,13,13
2/3/18-11:50:28,128,66,166,83,4,2,32.00,26.00,9,13,13
2/3/18-11:51:29,128,68,148,70,7,3,32.00,26.00,12,14,14
2/3/18-11:52:30,131,69,154,74,4,2,32.00,26.00,11,13,13
2/3/18-11:53:31,129,69,178,102,5,3,32.00,26.00,12,17,18
2/3/18-11:54:32,131,67,155,64,4,1,32.00,26.00,12,16,17
2/3/18-11:55:33,129,66,147,59,4,2,32.00,26.00,11,17,18
2/3/18-11:56:34,130,70,182,95,6,2,32.00,26.00,11,17,18
2/3/18-11:57:35,128,67,156,85,6,3,33.00,26.00,9,18,21
2/3/18-11:58:36,126,68,129,57,5,2,32.00,26.00,9,18,21
2/3/18-11:59:37,130,67,170,121,4,3,32.00,26.00,10,13,13
2/3/18-12:0:38,128,67,145,65,6,2,32.00,26.00,10,13,13
2/3/18-12:1:39,126,67,148,65,5,1,32.00,26.00,12,17,17
2/3/18-12:2:40,127,65,153,62,7,4,32.00,26.00,12,17,17
2/3/18-12:3:41,126,67,169,91,5,1,32.00,26.00,12,17,18
2/3/18-12:4:42,131,66,164,88,3,0,33.00,26.00,12,17,18
2/3/18-12:5:43,129,66,160,88,6,3,32.00,26.00,10,15,16
2/3/18-12:6:44,127,64,142,63,5,3,32.00,26.00,10,15,16
2/3/18-12:7:45,127,67,151,109,7,3,31.00,26.00,10,15,16
2/3/18-12:8:46,126,66,163,90,5,2,32.00,26.00,10,15,16
2/3/18-12:9:47,126,66,140,65,6,4,32.00,26.00,16,23,27
2/3/18-12:10:48,127,70,156,69,4,2,32.00,26.00,16,23,27
2/3/18-12:11:49,127,67,131,59,2,2,30.00,26.00,8,17,17
2/3/18-12:12:50,126,69,177,87,5,2,32.00,26.00,8,18,18
2/3/18-12:13:51,125,65,148,78,5,4,32.00,26.00,7,9,9
2/3/18-12:14:52,126,66,157,69,6,3,31.00,26.00,7,9,9
2/3/18-12:15:53,128,67,173,79,7,2,32.00,26.00,9,11,11
2/3/18-12:16:54,129,65,158,85,5,3,32.00,26.00,8,11,11
2/3/18-12:17:55,126,67,141,57,4,3,32.00,26.00,7,11,11
2/3/18-12:18:56,128,68,170,99,5,1,31.00,26.00,7,11,11
2/3/18-12:19:57,126,66,141,65,5,3,32.00,26.00,9,11,13
2/3/18-12:20:58,127,64,161,77,5,4,32.00,26.00,9,11,13
2/3/18-12:21:59,126,74,152,93,4,2,32.00,26.00,7,11,11
2/3/18-12:23:0,127,66,191,119,5,2,33.00,26.00,7,11,11
2/3/18-12:24:0,126,66,164,86,5,3,32.00,26.00,7,10,10
2/3/18-12:25:1,124,64,161,123,6,4,32.00,26.00,7,10,10
2/3/18-12:26:2,128,67,150,71,4,1,31.00,26.00,8,11,12
2/3/18-12:27:3,128,68,184,77,5,1,32.00,26.00,8,11,14
2/3/18-12:28:4,127,67,130,60,2,0,32.00,26.00,9,13,13
2/3/18-12:29:5,126,65,133,61,6,1,32.00,26.00,8,11,13
2/3/18-12:30:6,129,69,132,64,3,2,31.00,26.00,8,11,13
2/3/18-12:31:7,128,67,172,90,4,2,32.00,26.00,6,9,9
2/3/18-12:32:8,126,69,149,76,4,0,32.00,26.00,6,8,8
2/3/18-12:33:9,126,66,164,88,4,3,32.00,26.00,7,9,10
2/3/18-12:34:10,127,68,156,102,5,3,31.00,26.00,7,9,10
2/3/18-12:35:11,128,66,148,71,5,3,32.00,26.00,7,10,14
2/3/18-12:36:12,128,67,123,58,3,3,32.00,26.00,8,11,16
2/3/18-12:37:13,127,63,129,58,4,2,31.00,27.00,7,10,13
2/3/18-12:38:14,129,67,131,63,10,3,32.00,26.00,7,10,13
2/3/18-12:39:15,128,66,146,65,4,2,31.00,27.00,10,12,14
2/3/18-12:40:16,126,66,167,79,5,2,32.00,26.00,10,12,14
2/3/18-12:41:17,124,65,161,81,4,3,31.00,27.00,7,9,9
2/3/18-12:42:18,127,66,137,76,5,3,32.00,25.00,7,9,9
2/3/18-12:43:19,127,69,143,82,3,0,32.00,26.00,6,10,11
2/3/18-12:44:20,126,69,175,87,4,1,32.00,26.00,6,10,11
2/3/18-12:45:21,125,71,155,78,5,3,31.00,27.00,6,8,8
2/3/18-12:46:22,127,68,153,80,4,3,32.00,26.00,6,8,8
2/3/18-12:47:23,125,64,141,62,6,3,31.00,27.00,5,7,8
2/3/18-12:48:24,125,65,177,101,5,3,31.00,27.00,5,6,7
2/3/18-12:49:25,125,63,142,56,6,4,32.00,26.00,7,9,9
2/3/18-12:50:26,127,66,161,85,6,2,32.00,26.00,7,9,9
2/3/18-12:51:27,126,60,134,60,4,1,31.00,27.00,3,5,6
2/3/18-12:52:28,126,69,172,106,4,2,32.00,26.00,4,5,5
2/3/18-12:53:29,125,64,143,68,4,4,31.00,27.00,4,6,6
2/3/18-12:54:30,127,66,123,64,5,4,32.00,26.00,4,6,6
2/3/18-12:55:31,127,69,136,65,4,2,31.00,27.00,5,9,10
2/3/18-12:56:32,127,67,156,75,4,3,31.00,27.00,5,8,9
2/3/18-12:57:33,125,63,144,64,4,3,31.00,27.00,4,6,6
2/3/18-12:58:34,125,68,154,103,4,1,29.00,27.00,3,5,5
2/3/18-12:59:35,125,68,125,60,4,1,31.00,27.00,5,7,7
2/3/18-13:0:36,126,66,144,78,5,3,31.00,27.00,5,7,7
2/3/18-13:1:37,123,64,133,60,5,3,32.00,26.00,5,6,6
2/3/18-13:2:38,125,66,134,71,4,3,31.00,26.00,5,6,6
2/3/18-13:3:39,127,68,148,74,5,1,31.00,27.00,5,7,7
2/3/18-13:4:40,126,67,151,92,5,3,32.00,26.00,5,7,7
2/3/18-13:5:41,125,66,154,72,3,2,32.00,26.00,4,6,6
2/3/18-13:6:42,127,66,146,73,5,3,30.00,27.00,4,6,6
2/3/18-13:7:43,127,67,144,69,2,2,32.00,27.00,3,4,4
2/3/18-13:8:44,126,66,164,138,5,3,31.00,27.00,3,4,4
2/3/18-13:9:45,123,64,112,49,4,3,31.00,27.00,2,3,5
2/3/18-13:10:46,127,65,160,88,5,3,31.00,27.00,3,4,6
2/3/18-13:11:47,124,66,159,90,6,2,32.00,27.00,2,5,6
2/3/18-13:12:48,125,66,151,105,5,1,31.00,27.00,3,5,6
2/3/18-13:13:49,125,64,134,85,5,3,31.00,27.00,5,6,6
2/3/18-13:14:50,126,66,173,98,5,3,31.00,27.00,5,6,6
2/3/18-13:15:51,127,63,163,93,2,0,31.00,27.00,4,6,6
2/3/18-13:16:52,124,66,132,59,3,1,31.00,27.00,4,6,6
2/3/18-13:17:53,122,64,131,60,5,3,31.00,27.00,6,8,8
2/3/18-13:18:54,124,70,161,72,4,1,31.00,27.00,6,8,8
2/3/18-13:19:55,127,67,163,78,7,3,31.00,27.00,5,7,7
2/3/18-13:20:56,123,67,181,125,3,2,31.00,27.00,5,6,6
2/3/18-13:21:57,123,73,136,68,4,3,31.00,28.00,4,5,5
2/3/18-13:22:58,123,69,166,74,3,0,31.00,27.00,4,5,5
2/3/18-13:23:59,127,71,130,84,2,0,31.00,27.00,5,6,7
2/3/18-13:25:0,125,66,127,63,3,3,32.00,26.00,5,6,7
2/3/18-13:26:1,125,67,142,70,5,3,32.00,26.00,3,4,4
2/3/18-13:27:2,125,67,134,61,5,1,31.00,28.00,3,4,4
2/3/18-13:28:3,124,67,129,63,4,2,31.00,27.00,4,5,5
2/3/18-13:29:4,124,67,162,75,3,1,31.00,27.00,4,5,5
2/3/18-13:30:5,124,66,150,105,5,3,32.00,26.00,4,6,6
2/3/18-13:31:6,123,66,159,75,5,3,31.00,27.00,4,6,6
2/3/18-13:32:7,125,67,186,125,4,2,32.00,26.00,3,4,4
2/3/18-13:33:8,124,67,179,97,5,1,31.00,27.00,3,4,4
2/3/18-13:34:9,125,66,130,64,4,2,32.00,26.00,3,5,5
2/3/18-13:35:10,124,64,160,65,4,3,31.00,28.00,3,5,5
2/3/18-13:36:11,124,66,135,60,4,3,31.00,28.00,4,6,6
2/3/18-13:37:12,123,68,166,85,5,1,31.00,28.00,5,7,7
2/3/18-13:38:13,123,66,131,66,4,2,31.00,28.00,4,6,6
2/3/18-13:39:14,124,65,154,57,4,2,31.00,28.00,4,6,6
2/3/18-13:40:15,126,67,147,72,3,3,31.00,28.00,4,5,7
2/3/18-13:41:16,124,67,124,61,4,3,31.00,28.00,5,6,7
2/3/18-13:42:17,123,69,146,68,5,2,31.00,28.00,4,5,5
2/3/18-13:43:18,122,66,148,59,4,3,31.00,28.00,4,5,5
2/3/18-13:44:19,124,68,133,65,4,2,31.00,28.00,4,6,8
2/3/18-13:45:20,122,69,140,73,4,1,31.00,28.00,4,6,8
2/3/18-13:46:21,123,67,163,94,4,1,31.00,28.00,4,6,7
2/3/18-13:47:22,122,65,124,64,5,2,31.00,28.00,4,6,7
2/3/18-13:48:23,123,68,155,79,5,1,31.00,28.00,2,4,4
2/3/18-13:49:24,124,69,139,70,4,0,31.00,28.00,2,4,4
2/3/18-13:50:25,123,67,136,68,3,2,31.00,28.00,5,6,6
2/3/18-13:51:26,122,64,129,58,6,4,31.00,28.00,4,5,6
2/3/18-13:52:27,123,67,160,93,4,2,31.00,28.00,5,6,8
2/3/18-13:53:28,123,67,155,72,3,2,31.00,28.00,4,6,8
2/3/18-13:54:29,122,67,157,85,4,2,31.00,28.00,3,4,4
2/3/18-13:55:30,123,66,127,59,4,3,31.00,28.00,3,4,4
2/3/18-13:56:31,125,67,129,68,4,1,31.00,27.00,4,5,5
2/3/18-13:57:32,122,65,137,61,4,1,31.00,28.00,5,5,5
2/3/18-13:58:33,123,67,161,83,4,2,31.00,28.00,3,5,6
2/3/18-13:59:34,123,67,145,63,5,3,31.00,28.00,3,5,6
2/3/18-14:0:35,123,67,149,69,4,1,31.00,28.00,3,5,7
2/3/18-14:1:36,125,68,157,71,4,3,31.00,28.00,4,6,7
2/3/18-14:2:37,124,66,141,73,6,3,31.00,28.00,5,7,7
2/3/18-14:3:38,123,65,153,75,3,3,31.00,28.00,5,7,7
2/3/18-14:4:39,123,65,140,64,5,3,31.00,28.00,3,4,4
2/3/18-14:5:40,123,66,159,81,4,1,31.00,28.00,3,4,4
2/3/18-14:6:41,121,68,123,65,5,4,31.00,28.00,4,6,7
2/3/18-14:7:42,122,64,149,64,4,3,31.00,28.00,4,6,7
2/3/18-14:8:43,125,66,139,80,3,1,31.00,28.00,4,4,4
2/3/18-14:9:44,125,67,148,101,4,3,31.00,28.00,4,4,4
2/3/18-14:10:45,122,67,153,102,4,1,31.00,28.00,4,5,5
2/3/18-14:11:46,120,64,146,67,7,4,31.00,28.00,4,5,5
2/3/18-14:12:47,124,64,138,65,4,2,30.00,28.00,4,5,5
2/3/18-14:13:48,122,66,158,81,5,2,31.00,28.00,4,5,5
2/3/18-14:14:49,123,72,145,67,3,0,31.00,28.00,4,5,5
2/3/18-14:15:50,123,63,125,54,4,3,31.00,28.00,4,5,5
2/3/18-14:16:51,124,67,142,67,5,3,30.00,28.00,4,6,7
2/3/18-14:17:52,122,66,136,57,6,2,32.00,28.00,4,6,7
2/3/18-14:18:53,123,65,174,88,4,1,31.00,28.00,3,4,4
2/3/18-14:19:54,119,63,135,58,4,2,31.00,28.00,4,5,5
2/3/18-14:20:55,123,66,145,72,5,3,31.00,28.00,4,5,5
2/3/18-14:21:56,123,66,146,80,5,2,31.00,28.00,4,5,5
2/3/18-14:22:57,121,65,139,81,5,2,31.00,28.00,3,4,4
2/3/18-14:23:58,120,63,114,52,4,1,31.00,28.00,3,4,4
2/3/18-14:24:59,125,68,136,62,3,2,31.00,28.00,3,5,6
2/3/18-14:26:0,122,65,132,61,3,1,31.00,28.00,3,5,6
2/3/18-14:27:1,123,66,140,67,5,2,31.00,28.00,4,7,7
2/3/18-14:28:2,122,68,142,68,6,2,31.00,28.00,4,7,7
2/3/18-14:29:3,124,67,146,84,4,2,31.00,28.00,3,6,6
2/3/18-14:30:4,122,67,145,89,5,3,31.00,28.00,3,6,6
2/3/18-14:31:5,122,65,160,79,5,3,30.00,29.00,7,10,10
2/3/18-14:32:6,122,66,132,61,4,2,30.00,29.00,6,9,9
2/3/18-14:33:7,122,64,125,48,5,3,31.00,28.00,6,7,8
2/3/18-14:34:8,121,66,139,70,6,2,31.00,28.00,5,6,7
2/3/18-14:35:9,125,67,151,84,2,0,30.00,29.00,3,4,4
2/3/18-14:36:10,122,69,157,78,4,3,31.00,28.00,3,4,4
2/3/18-14:37:11,121,72,147,63,5,3,31.00,28.00,4,5,5
2/3/18-14:38:12,124,66,146,59,5,3,31.00,28.00,4,5,5
2/3/18-14:39:13,122,66,147,67,5,2,30.00,29.00,3,4,4
2/3/18-14:40:14,122,68,170,106,10,1,30.00,29.00,3,4,4
2/3/18-14:41:15,122,64,144,66,4,3,30.00,29.00,3,4,4
2/3/18-14:42:16,124,67,144,67,4,3,31.00,28.00,3,4,4
2/3/18-14:43:17,122,68,130,63,2,3,31.00,28.00,3,3,3
2/3/18-14:44:18,120,65,169,100,5,2,30.00,29.00,3,3,3
2/3/18-14:45:19,120,63,148,91,4,3,31.00,28.00,4,5,5
2/3/18-14:46:20,123,65,139,69,4,1,30.00,29.00,4,5,5
2/3/18-14:47:21,124,66,150,78,4,2,31.00,28.00,4,5,5
2/3/18-14:48:22,120,64,151,75,5,2,30.00,29.00,3,5,5
2/3/18-14:49:23,122,63,147,59,4,3,30.00,28.00,4,8,8
2/3/18-14:50:24,123,66,159,74,3,1,31.00,28.00,4,8,8
2/3/18-14:51:25,123,65,139,58,4,2,31.00,28.00,4,6,7
2/3/18-14:52:26,123,66,158,88,3,0,31.00,28.00,4,6,7
2/3/18-14:53:27,122,63,137,50,3,2,30.00,29.00,4,5,6
2/3/18-14:54:28,123,65,164,66,4,2,30.00,29.00,4,5,6
2/3/18-14:55:29,122,68,147,62,2,0,30.00,29.00,3,4,4
2/3/18-14:56:30,120,64,135,63,6,4,30.00,29.00,2,4,4
2/3/18-14:57:31,119,63,141,66,5,3,30.00,29.00,3,4,4
2/3/18-14:58:32,121,64,143,71,5,3,29.00,28.00,3,4,4
2/3/18-14:59:33,122,67,161,75,4,2,30.00,29.00,2,5,6
2/3/18-15:0:34,120,64,159,64,4,1,31.00,28.00,2,5,6
2/3/18-15:1:35,119,67,126,64,4,2,30.00,29.00,2,2,4
2/3/18-15:2:36,121,65,158,65,6,2,29.00,29.00,2,2,4
2/3/18-15:3:37,122,67,129,66,4,1,30.00,29.00,2,2,2
2/3/18-15:4:38,120,65,129,62,5,4,30.00,29.00,2,3,3
2/3/18-15:5:39,119,63,123,61,3,0,30.00,29.00,2,2,2
2/3/18-15:6:40,121,65,170,96,5,3,30.00,29.00,2,2,2
2/3/18-15:7:41,122,66,122,62,5,3,31.00,28.00,1,2,2
2/3/18-15:8:42,119,64,153,80,5,2,31.00,28.00,1,3,3
2/3/18-15:9:43,120,64,166,73,5,2,30.00,29.00,3,3,3
2/3/18-15:10:44,122,65,147,76,5,3,31.00,28.00,3,3,3
2/3/18-15:11:45,120,64,125,60,5,2,30.00,29.00,3,5,5
2/3/18-15:12:46,122,66,167,62,6,3,30.00,29.00,3,5,6
2/3/18-15:13:47,121,65,166,78,4,1,30.00,29.00,4,5,5
2/3/18-15:14:48,120,68,155,84,5,2,30.00,29.00,4,5,5
2/3/18-15:15:49,121,66,161,90,4,1,30.00,29.00,1,2,3
2/3/18-15:16:50,120,63,171,68,6,3,30.00,29.00,1,2,3
2/3/18-15:17:51,120,66,118,63,4,1,30.00,29.00,1,2,2
2/3/18-15:18:52,118,64,130,50,6,3,30.00,29.00,2,2,2
2/3/18-15:19:53,120,65,133,77,5,3,29.00,29.00,2,4,7
2/3/18-15:20:54,121,68,162,72,4,1,30.00,29.00,2,4,7
2/3/18-15:21:55,120,65,153,66,4,1,30.00,29.00,2,3,3
2/3/18-15:22:56,119,63,141,55,6,2,30.00,29.00,2,3,3
2/3/18-15:23:57,122,68,172,78,3,2,31.00,28.00,3,4,4
2/3/18-15:24:58,122,67,151,82,5,2,30.00,29.00,3,4,4
2/3/18-15:25:59,118,67,160,106,5,1,30.00,29.00,2,3,3
2/3/18-15:27:0,118,62,136,69,5,4,30.00,29.00,2,3,3
2/3/18-15:28:1,120,67,166,89,4,1,30.00,29.00,1,2,2
2/3/18-15:29:2,119,65,143,75,6,4,30.00,29.00,1,2,2
2/3/18-15:30:3,119,67,228,119,4,2,30.00,29.00,2,2,2
2/3/18-15:31:4,118,64,126,59,5,2,30.00,29.00,2,2,2
2/3/18-15:32:5,120,66,145,71,6,2,29.00,29.00,1,2,2
2/3/18-15:33:6,119,67,159,84,5,2,31.00,29.00,1,2,2
2/3/18-15:34:7,120,64,151,67,5,3,30.00,29.00,2,4,4
2/3/18-15:35:8,119,63,133,48,2,3,30.00,29.00,2,4,4
2/3/18-15:36:9,120,65,158,86,4,4,30.00,29.00,2,4,5
2/3/18-15:37:10,120,67,139,60,3,1,30.00,29.00,2,4,5
2/3/18-15:38:11,121,67,137,62,2,2,30.00,29.00,1,2,4
2/3/18-15:39:12,117,65,160,83,4,1,30.00,29.00,1,2,4
2/3/18-15:40:13,118,62,142,63,5,4,30.00,29.00,1,2,2
2/3/18-15:41:14,119,65,160,79,7,2,30.00,29.00,1,2,2
2/3/18-15:42:15,119,65,159,83,4,1,30.00,29.00,2,3,3
2/3/18-15:43:16,120,65,139,63,4,2,30.00,29.00,2,3,3
2/3/18-15:44:17,117,62,143,57,5,4,30.00,29.00,1,1,1
2/3/18-15:45:18,118,68,135,62,4,2,30.00,29.00,1,1,1
2/3/18-15:46:19,120,65,149,68,4,1,30.00,29.00,3,3,3
2/3/18-15:47:20,119,66,152,66,4,1,30.00,29.00,3,3,3
2/3/18-15:48:21,119,63,144,53,2,0,30.00,29.00,2,4,5
2/3/18-15:49:22,121,65,129,63,5,2,30.00,29.00,2,4,5
2/3/18-15:50:23,118,66,140,77,4,1,30.00,29.00,1,2,2
2/3/18-15:51:24,119,65,151,129,4,1,30.00,29.00,1,2,2
2/3/18-15:52:25,118,63,149,72,3,3,30.00,29.00,1,2,2
2/3/18-15:53:26,121,67,135,69,4,3,30.00,29.00,1,2,2
2/3/18-15:54:27,121,68,158,82,3,0,30.00,29.00,1,3,3
2/3/18-15:55:28,118,66,139,73,5,2,30.00,29.00,1,3,3
2/3/18-15:56:29,119,63,141,55,4,2,30.00,29.00,2,3,3
2/3/18-15:57:30,120,74,156,124,4,3,28.00,29.00,2,3,3
2/3/18-15:58:31,118,66,153,93,4,1,30.00,29.00,2,3,3
2/3/18-15:59:32,120,66,149,93,5,2,30.00,29.00,1,2,2
2/3/18-16:0:33,118,65,164,69,3,3,30.00,29.00,1,2,4
2/3/18-16:1:34,120,67,191,145,6,2,30.00,29.00,1,2,4
2/3/18-16:2:35,119,66,164,82,4,2,30.00,29.00,1,1,1
2/3/18-16:3:36,118,65,166,122,3,3,30.00,29.00,1,1,1
2/3/18-16:4:37,118,67,148,58,4,3,29.00,29.00,2,3,3
2/3/18-16:5:38,117,63,126,51,6,2,30.00,29.00,2,3,3
2/3/18-16:6:39,119,67,153,63,4,2,30.00,29.00,1,1,1
2/3/18-16:7:40,120,67,134,62,3,2,30.00,29.00,1,1,1
2/3/18-16:8:41,119,69,150,81,5,2,30.00,29.00,2,3,3
2/3/18-16:9:42,118,66,154,76,4,3,30.00,29.00,2,3,3
2/3/18-16:10:43,119,66,136,72,4,2,30.00,29.00,2,3,3
2/3/18-16:11:44,117,65,138,77,5,1,30.00,29.00,2,3,3
2/3/18-16:12:45,118,66,130,67,5,2,30.00,29.00,1,3,3
2/3/18-16:13:46,117,63,150,92,5,3,30.00,29.00,1,3,3
2/3/18-16:14:47,118,67,163,73,5,2,30.00,29.00,1,2,2
2/3/18-16:15:48,119,65,127,65,3,1,29.00,29.00,1,3,3
2/3/18-16:16:49,117,66,169,101,6,2,29.00,29.00,1,2,3
2/3/18-16:17:50,116,64,135,54,4,2,30.00,29.00,1,2,3
2/3/18-16:18:51,120,67,154,81,6,2,30.00,29.00,1,2,2
2/3/18-16:19:52,119,65,152,66,4,1,30.00,29.00,1,2,2
2/3/18-16:20:53,119,67,146,74,3,1,30.00,29.00,1,2,2
2/3/18-16:21:54,119,62,136,83,5,4,30.00,29.00,1,2,2
2/3/18-16:22:55,120,65,136,63,4,2,29.00,29.00,1,2,2
2/3/18-16:23:56,119,66,151,61,4,1,31.00,29.00,1,2,2
2/3/18-16:24:57,120,67,135,69,2,0,30.00,29.00,1,1,1
2/3/18-16:25:58,119,64,137,73,4,2,30.00,29.00,1,1,1
2/3/18-16:26:59,118,64,145,77,5,3,30.00,29.00,1,3,3
2/3/18-16:28:0,117,65,167,95,5,2,30.00,29.00,1,3,3
2/3/18-16:29:1,120,64,159,96,3,2,29.00,29.00,1,2,3
2/3/18-16:30:2,116,66,149,67,5,1,30.00,30.00,1,2,3
2/3/18-16:31:3,117,64,136,52,4,3,30.00,29.00,1,2,2
2/3/18-16:32:4,117,65,129,62,6,2,30.00,30.00,1,2,2
2/3/18-16:33:5,119,66,168,97,3,3,30.00,30.00,1,1,1
2/3/18-16:34:6,119,65,168,205,5,3,30.00,30.00,1,1,1
2/3/18-16:35:7,116,62,143,58,5,2,30.00,29.00,0,1,2
2/3/18-16:36:8,120,66,162,60,2,0,30.00,29.00,0,1,2
2/3/18-16:37:9,119,65,157,73,5,2,29.00,29.00,1,2,2
2/3/18-16:38:10,119,65,170,103,5,2,30.00,29.00,1,1,2
2/3/18-16:39:11,116,61,126,56,5,4,30.00,29.00,1,2,2
2/3/18-16:40:12,120,66,132,59,3,1,30.00,30.00,1,2,2
2/3/18-16:41:13,118,68,143,73,4,1,30.00,29.00,1,2,2
2/3/18-16:42:14,117,65,153,73,4,0,30.00,29.00,1,2,2
2/3/18-16:43:15,118,67,143,60,2,0,30.00,29.00,1,2,2
2/3/18-16:44:16,118,64,176,133,4,3,29.00,29.00,1,2,2
2/3/18-16:45:17,117,66,156,89,5,3,30.00,29.00,2,2,2
2/3/18-16:46:18,117,64,129,64,6,2,30.00,29.00,2,2,2
2/3/18-16:47:19,117,65,130,62,4,3,29.00,29.00,1,2,2
2/3/18-16:48:20,118,63,139,64,5,3,29.00,29.00,1,2,2
2/3/18-16:49:21,118,65,155,74,4,3,30.00,29.00,1,2,2
2/3/18-16:50:22,118,66,147,86,4,1,30.00,30.00,1,2,2
2/3/18-16:51:23,119,65,145,70,2,1,30.00,29.00,1,2,2
2/3/18-16:52:24,119,61,153,88,4,3,30.00,29.00,1,2,2
2/3/18-16:53:25,118,65,166,83,5,3,30.00,29.00,1,1,1
2/3/18-16:54:26,118,64,160,93,5,2,30.00,30.00,1,1,1
2/3/18-16:55:27,117,65,153,87,4,1,30.00,30.00,1,2,2
2/3/18-16:56:28,118,65,161,105,4,3,30.00,29.00,1,2,2
2/3/18-16:57:29,121,65,167,74,1,1,30.00,29.00,0,1,1
2/3/18-16:58:30,118,65,146,75,4,2,30.00,29.00,0,1,1
2/3/18-16:59:31,119,66,139,66,1,2,30.00,30.00,1,2,2
2/3/18-17:0:32,115,63,146,64,3,0,29.00,30.00,1,2,2
2/3/18-17:1:33,119,65,144,60,3,1,28.00,30.00,1,1,1
2/3/18-17:2:34,117,65,142,81,6,3,31.00,29.00,1,1,1
2/3/18-17:3:35,119,66,136,61,3,2,30.00,30.00,1,1,1
2/3/18-17:4:36,115,62,136,58,4,2,30.00,29.00,1,1,1
2/3/18-17:5:37,118,64,184,113,5,3,30.00,30.00,1,2,2
2/3/18-17:6:38,119,61,167,87,4,1,30.00,29.00,1,2,2
2/3/18-17:7:39,118,64,135,70,5,3,30.00,29.00,2,3,3
2/3/18-17:8:40,118,67,158,94,3,1,30.00,29.00,2,3,3
2/3/18-17:9:41,118,62,172,94,4,2,30.00,30.00,2,2,2
2/3/18-17:10:42,118,60,133,65,4,1,30.00,29.00,2,2,2
2/3/18-17:11:43,118,64,190,109,5,1,30.00,29.00,1,2,2
2/3/18-17:12:44,117,64,136,60,6,4,30.00,30.00,1,2,2
2/3/18-17:13:45,117,64,144,60,4,2,30.00,30.00,1,2,2
2/3/18-17:14:46,119,68,167,108,3,1,30.00,30.00,1,2,2
2/3/18-17:15:47,119,65,137,72,4,3,30.00,30.00,2,4,4
2/3/18-17:16:48,118,66,142,72,3,1,30.00,30.00,2,4,4
2/3/18-17:17:49,115,63,163,94,4,2,30.00,30.00,1,2,2
2/3/18-17:18:50,117,66,162,79,4,1,30.00,30.00,1,2,2
2/3/18-17:19:51,119,65,154,65,5,3,30.00,29.00,2,2,2
2/3/18-17:20:52,119,68,138,66,2,1,29.00,30.00,2,2,2
2/3/18-17:21:53,115,62,178,112,6,4,30.00,30.00,0,1,1
2/3/18-17:22:54,118,66,162,70,4,1,29.00,30.00,0,1,1
2/3/18-17:23:55,116,65,160,72,5,3,30.00,29.00,3,5,7
2/3/18-17:24:56,116,63,138,80,7,2,30.00,30.00,3,5,5
2/3/18-17:25:57,116,65,127,63,3,3,30.00,30.00,1,2,2
2/3/18-17:26:58,115,62,139,61,6,3,30.00,30.00,1,2,2
2/3/18-17:27:59,118,65,136,68,5,3,30.00,29.00,2,2,3
2/3/18-17:29:0,119,64,156,71,6,3,30.00,29.00,2,2,3
2/3/18-17:30:1,116,68,126,63,3,1,30.00,30.00,1,3,4
2/3/18-17:31:2,115,66,165,88,7,2,30.00,30.00,1,3,4
2/3/18-17:32:3,116,65,174,103,6,4,30.00,30.00,1,2,2
2/3/18-17:33:4,116,60,168,104,6,2,29.00,30.00,1,2,2
2/3/18-17:34:5,117,74,167,92,4,2,30.00,30.00,1,2,2
2/3/18-17:35:6,114,62,144,80,8,4,30.00,30.00,1,2,2
2/3/18-17:36:7,116,64,169,154,5,3,30.00,30.00,1,2,2
2/3/18-17:37:8,117,65,133,63,5,3,29.00,30.00,1,2,2
2/3/18-17:38:9,115,68,163,69,5,4,30.00,30.00,2,3,4
2/3/18-17:39:10,114,63,148,51,5,4,30.00,30.00,2,3,4
2/3/18-17:40:11,117,65,177,77,6,3,28.00,31.00,2,3,4
2/3/18-17:41:12,118,66,169,87,3,0,31.00,30.00,2,3,4
2/3/18-17:42:13,119,68,167,113,3,1,30.00,30.00,1,2,2
2/3/18-17:43:14,115,64,143,64,4,1,29.00,31.00,1,2,2
2/3/18-17:44:15,115,64,153,69,6,2,30.00,30.00,2,2,2
2/3/18-17:45:16,116,66,172,100,4,1,28.00,31.00,2,2,2
2/3/18-17:46:17,116,65,177,83,6,2,29.00,31.00,2,2,2
2/3/18-17:47:18,114,64,170,97,6,2,29.00,30.00,2,2,2
2/3/18-17:48:19,113,65,188,182,6,3,29.00,30.00,1,3,4
2/3/18-17:49:20,114,67,163,86,5,1,29.00,31.00,1,3,4
2/3/18-17:50:21,116,66,155,66,4,1,28.00,31.00,2,2,4
2/3/18-17:51:22,113,67,151,74,4,1,29.00,30.00,2,3,4
2/3/18-17:52:23,112,65,127,54,4,3,29.00,31.00,2,4,4
2/3/18-17:53:24,114,65,150,77,4,4,29.00,31.00,2,4,4
2/3/18-17:54:25,117,66,160,79,4,1,30.00,30.00,2,4,4
2/3/18-17:55:26,115,65,139,65,6,3,29.00,31.00,2,3,3
2/3/18-17:56:27,113,65,179,115,4,4,29.00,31.00,2,3,4
2/3/18-17:57:28,115,68,185,73,4,2,27.00,31.00,2,3,4
2/3/18-17:58:29,115,65,184,112,4,2,30.00,31.00,1,2,2
2/3/18-17:59:30,115,67,203,100,4,1,29.00,31.00,1,2,2
2/3/18-18:0:31,113,66,170,83,5,1,112.00,31.00,2,3,3
2/3/18-18:1:32,115,64,165,75,5,4,29.00,31.00,2,3,3
2/3/18-18:2:33,114,67,158,71,5,1,29.00,31.00,2,2,2
2/3/18-18:3:34,112,64,164,79,5,2,29.00,31.00,1,2,2
2/3/18-18:4:35,115,66,176,122,4,2,28.00,31.00,1,2,2
2/3/18-18:5:36,114,65,139,61,4,2,28.00,31.00,1,2,2
2/3/18-18:6:37,116,67,142,73,4,2,29.00,31.00,2,4,4
2/3/18-18:7:38,115,66,158,69,4,1,29.00,31.00,3,4,4
2/3/18-18:8:39,115,67,182,128,3,1,29.00,31.00,3,4,5
2/3/18-18:9:40,111,62,146,104,5,4,28.00,31.00,3,4,5
2/3/18-18:10:41,115,65,149,71,5,2,29.00,31.00,1,2,5
2/3/18-18:11:42,115,65,162,84,4,1,29.00,31.00,1,2,5
2/3/18-18:12:43,114,65,140,79,6,4,29.00,31.00,2,4,5
2/3/18-18:13:44,111,62,140,61,5,3,29.00,31.00,2,4,5
2/3/18-18:14:45,115,66,131,68,4,3,29.00,31.00,2,4,4
2/3/18-18:15:46,114,68,169,67,4,1,30.00,30.00,2,4,4
2/3/18-18:16:47,115,66,200,120,4,3,29.00,31.00,2,3,3
2/3/18-18:17:48,113,65,155,81,5,2,30.00,30.00,2,3,3
2/3/18-18:18:49,111,64,142,63,6,3,29.00,31.00,2,4,5
2/3/18-18:19:50,114,64,136,68,4,2,29.00,30.00,2,4,5
2/3/18-18:20:51,114,64,149,77,5,1,30.00,30.00,2,3,3
2/3/18-18:21:52,113,65,131,94,5,2,30.00,30.00,2,3,3
2/3/18-18:22:53,113,63,140,58,4,2,30.00,30.00,2,2,3
2/3/18-18:23:54,115,64,155,95,6,3,30.00,30.00,2,2,3
2/3/18-18:24:55,116,65,157,79,4,2,29.00,30.00,3,3,4
2/3/18-18:25:56,114,66,135,68,4,1,30.00,29.00,3,4,5
2/3/18-18:26:57,114,63,137,61,4,3,29.00,29.00,1,2,2
2/3/18-18:27:58,117,65,152,82,3,1,28.00,29.00,1,2,2
2/3/18-18:28:59,116,64,135,66,4,1,30.00,29.00,2,3,3
2/3/18-18:30:0,116,64,128,75,3,3,30.00,29.00,2,2,2
2/3/18-18:31:1,112,61,135,69,6,2,30.00,29.00,2,3,3
2/3/18-18:32:2,117,65,135,72,5,3,30.00,29.00,2,3,3
2/3/18-18:33:3,118,66,151,77,4,1,30.00,29.00,2,3,3
2/3/18-18:34:4,117,66,130,68,3,1,30.00,29.00,2,3,3
2/3/18-18:35:5,116,64,193,122,7,2,30.00,29.00,1,2,2
2/3/18-18:36:6,115,62,155,81,4,2,30.00,29.00,1,2,2
2/3/18-18:37:7,118,65,158,91,5,2,29.00,29.00,0,0,0
2/3/18-18:38:8,117,65,158,74,4,1,30.00,29.00,0,0,0
2/3/18-18:39:9,115,64,150,65,4,1,29.00,29.00,2,3,3
2/3/18-18:40:10,117,64,141,51,5,3,30.00,29.00,2,3,3
2/3/18-18:41:11,117,66,163,97,5,2,30.00,29.00,2,5,5
2/3/18-18:42:12,119,66,134,67,5,3,30.00,29.00,2,6,6
2/3/18-18:43:13,118,65,147,92,8,3,30.00,29.00,3,4,4
2/3/18-18:44:14,116,61,166,83,5,4,30.00,29.00,3,4,4
2/3/18-18:45:15,117,66,165,104,6,2,29.00,29.00,2,3,3
2/3/18-18:46:16,120,67,144,73,3,2,30.00,29.00,2,3,3
2/3/18-18:47:17,118,65,141,77,6,3,30.00,29.00,2,2,3
2/3/18-18:48:18,117,65,171,78,5,3,30.00,29.00,2,2,3
2/3/18-18:49:19,119,66,151,65,7,3,29.00,29.00,1,2,2
2/3/18-18:50:20,118,66,150,71,4,1,30.00,29.00,2,3,3
2/3/18-18:51:21,119,65,136,73,3,2,30.00,29.00,3,4,4
2/3/18-18:52:22,116,62,126,61,5,3,30.00,29.00,3,4,4
2/3/18-18:53:23,118,65,134,67,4,1,29.00,29.00,2,2,2
2/3/18-18:54:24,119,65,203,122,4,1,31.00,30.00,2,2,2
2/3/18-18:55:25,117,66,148,71,6,4,30.00,29.00,2,3,3
2/3/18-18:56:26,114,65,144,66,6,2,30.00,30.00,2,3,3
2/3/18-18:57:27,118,67,241,153,4,2,29.00,29.00,2,3,3
2/3/18-18:58:28,116,66,188,93,6,3,30.00,30.00,2,3,3
2/3/18-18:59:29,119,68,174,94,5,1,30.00,30.00,3,4,5
2/3/18-19:0:30,116,66,159,82,7,3,30.00,30.00,3,4,5
2/3/18-19:1:31,117,63,195,106,5,2,30.00,30.00,2,3,3
2/3/18-19:2:32,117,66,194,119,7,3,30.00,30.00,2,3,3
2/3/18-19:3:33,117,63,166,98,6,2,30.00,30.00,4,6,6
2/3/18-19:4:34,117,65,147,78,6,2,30.00,30.00,4,6,6
2/3/18-19:5:35,117,64,134,62,4,3,30.00,30.00,2,4,4
2/3/18-19:6:36,119,67,167,73,5,2,30.00,30.00,2,4,4
2/3/18-19:7:37,118,65,135,66,5,3,30.00,29.00,2,3,3
2/3/18-19:8:38,118,67,182,71,5,2,30.00,29.00,2,3,3
2/3/18-19:9:39,115,62,134,56,6,4,29.00,29.00,1,3,3
2/3/18-19:10:40,117,65,187,102,5,3,29.00,29.00,1,3,3
2/3/18-19:11:41,119,66,166,72,4,1,30.00,29.00,2,3,4
2/3/18-19:12:42,116,66,189,114,6,4,30.00,29.00,2,3,4
2/3/18-19:13:43,116,64,154,63,6,4,29.00,29.00,2,3,4
2/3/18-19:14:44,118,67,165,83,6,1,28.00,29.00,3,4,5
2/3/18-19:15:45,119,64,157,72,5,1,30.00,29.00,4,5,5
2/3/18-19:16:45,119,65,139,67,4,1,30.00,29.00,3,5,5
2/3/18-19:17:46,116,62,146,76,5,2,31.00,28.00,3,5,5
2/3/18-19:18:47,118,64,161,71,6,3,29.00,29.00,3,5,5
2/3/18-19:19:48,119,64,170,87,4,0,31.00,28.00,3,4,4
2/3/18-19:20:49,117,64,133,71,6,4,30.00,29.00,2,4,4
2/3/18-19:21:50,116,63,145,74,5,3,30.00,29.00,3,5,6
2/3/18-19:22:51,119,65,174,87,4,1,31.00,28.00,3,5,6
2/3/18-19:23:52,120,62,163,78,4,0,30.00,29.00,3,5,5
2/3/18-19:24:53,120,65,162,80,5,1,31.00,28.00,3,4,4
2/3/18-19:25:54,119,65,159,82,5,1,31.00,28.00,3,4,6
2/3/18-19:26:55,120,63,168,64,4,3,31.00,28.00,3,4,6
2/3/18-19:27:56,120,64,221,129,7,3,31.00,28.00,4,5,5
2/3/18-19:28:57,119,64,164,76,7,3,31.00,28.00,4,5,5
2/3/18-19:29:58,121,69,210,174,4,1,31.00,28.00,3,3,5
2/3/18-19:30:59,120,62,145,52,6,3,31.00,28.00,3,3,5
2/3/18-19:32:0,122,65,197,99,6,2,31.00,28.00,2,3,4
2/3/18-19:33:1,120,67,170,79,6,1,31.00,28.00,3,4,5
2/3/18-19:34:2,121,68,180,92,7,2,31.00,28.00,4,5,5
2/3/18-19:35:3,119,63,156,60,7,3,31.00,28.00,4,6,6
2/3/18-19:36:4,121,65,163,73,8,1,31.00,28.00,3,4,5
2/3/18-19:37:5,118,65,178,86,10,2,31.00,27.00,3,5,5
2/3/18-19:38:6,120,65,168,84,8,2,31.00,27.00,4,5,8
2/3/18-19:39:7,119,63,146,58,9,4,31.00,27.00,4,5,8
2/3/18-19:40:8,121,66,153,69,8,3,32.00,26.00,3,6,7
2/3/18-19:41:9,122,69,158,78,7,0,31.00,27.00,3,6,7
2/3/18-19:42:10,120,64,155,73,11,2,31.00,27.00,4,5,5
2/3/18-19:43:11,119,64,155,77,9,3,31.00,27.00,4,5,5
2/3/18-19:44:12,120,65,158,69,11,2,31.00,27.00,4,5,5
2/3/18-19:45:13,123,68,160,73,8,1,32.00,26.00,4,5,5
2/3/18-19:46:14,119,66,157,79,12,4,32.00,26.00,4,5,5
2/3/18-19:47:15,120,65,147,62,10,2,32.00,26.00,3,4,4
2/3/18-19:48:16,123,65,153,73,12,3,32.00,26.00,3,4,6
2/3/18-19:49:17,120,66,159,70,13,2,32.00,26.00,3,4,6
2/3/18-19:50:18,123,67,151,69,10,2,32.00,26.00,3,4,5
2/3/18-19:51:19,120,60,139,59,9,3,32.00,26.00,3,4,5
2/3/18-19:52:20,124,66,146,67,10,3,32.00,26.00,3,4,6
2/3/18-19:53:21,123,66,152,73,11,3,32.00,26.00,3,3,6
2/3/18-19:54:22,120,66,150,72,13,4,32.00,26.00,5,6,6
2/3/18-19:55:23,120,64,143,65,13,5,32.00,26.00,5,6,6
2/3/18-19:56:24,122,66,153,71,13,1,32.00,26.00,4,7,7
2/3/18-19:57:25,123,72,156,76,13,1,32.00,26.00,4,7,7
2/3/18-19:58:26,121,74,155,80,13,2,32.00,26.00,3,5,5
2/3/18-19:59:27,119,63,140,59,14,3,32.00,26.00,3,5,5
2/3/18-20:0:28,122,65,153,78,17,3,32.00,25.00,5,7,7
2/3/18-20:1:29,122,65,151,73,16,1,32.00,25.00,5,7,9
2/3/18-20:2:30,122,65,150,74,18,1,32.00,26.00,4,8,10
2/3/18-20:3:31,121,67,142,60,14,3,32.00,25.00,4,8,10
2/3/18-20:4:32,123,68,152,73,18,2,32.00,25.00,4,6,6
2/3/18-20:5:33,122,66,152,74,21,1,32.00,25.00,4,6,8
2/3/18-20:6:34,122,64,150,62,18,5,32.00,25.00,5,8,13
2/3/18-20:7:35,125,66,162,81,19,3,32.00,25.00,5,8,13
2/3/18-20:8:36,123,66,152,74,21,1,32.00,25.00,6,8,10
2/3/18-20:9:37,122,63,143,62,17,3,32.00,25.00,5,8,10
2/3/18-20:10:38,123,67,157,78,20,1,31.00,25.00,4,6,6
2/3/18-20:11:39,124,67,156,79,22,1,32.00,25.00,4,6,6
2/3/18-20:12:40,123,63,148,69,21,2,32.00,25.00,4,7,7
2/3/18-20:13:41,124,64,159,80,28,3,31.00,25.00,4,7,7
2/3/18-20:14:42,125,65,165,80,30,1,33.00,25.00,7,9,14
2/3/18-20:15:43,124,68,159,81,30,2,32.00,25.00,6,9,13
2/3/18-20:16:44,123,65,151,68,26,2,32.00,25.00,7,10,12
2/3/18-20:17:45,127,65,164,81,36,3,31.00,25.00,7,10,12
2/3/18-20:18:46,125,65,162,83,35,3,32.00,25.00,8,12,18
2/3/18-20:19:47,122,63,153,74,32,1,32.00,25.00,8,12,17
2/3/18-20:20:48,123,66,167,92,37,2,31.00,25.00,9,13,16
2/3/18-20:21:49,123,68,165,87,38,1,32.00,25.00,9,13,16
2/3/18-20:22:50,125,68,169,94,38,1,32.00,25.00,8,9,9
2/3/18-20:23:51,123,66,156,74,37,3,32.00,25.00,8,9,9
2/3/18-20:24:52,125,67,173,96,40,2,32.00,25.00,8,18,18
2/3/18-20:25:53,125,65,168,88,41,3,32.00,25.00,8,17,17
2/3/18-20:26:54,123,66,157,76,38,2,32.00,25.00,8,13,18
2/3/18-20:27:55,126,69,170,89,42,1,31.00,25.00,8,13,18
2/3/18-20:28:56,124,66,165,86,44,2,32.00,25.00,9,13,13
2/3/18-20:29:57,126,67,167,90,43,2,32.00,25.00,9,13,13
2/3/18-20:30:58,123,65,161,78,39,4,32.00,25.00,9,11,15
2/3/18-20:31:59,125,61,169,86,45,1,32.00,25.00,9,11,15
2/3/18-20:33:0,125,69,167,86,45,1,32.00,25.00,8,11,14
2/3/18-20:34:1,122,68,157,75,40,2,33.00,24.00,8,11,14
2/3/18-20:35:2,126,67,166,85,48,2,33.00,24.00,7,12,18
2/3/18-20:36:3,125,66,171,93,48,1,32.00,25.00,7,12,18
2/3/18-20:37:4,125,67,165,88,47,1,33.00,24.00,9,11,15
2/3/18-20:38:5,125,66,156,73,42,3,33.00,24.00,9,11,15
2/3/18-20:39:6,126,67,168,88,48,3,33.00,24.00,9,13,14
2/3/18-20:40:7,125,69,174,100,49,0,33.00,24.00,9,12,13
2/3/18-20:41:8,127,68,176,92,51,3,32.00,25.00,9,14,14
2/3/18-20:42:9,124,64,164,87,46,3,32.00,25.00,9,14,14
2/3/18-20:43:10,126,66,173,89,50,1,32.00,25.00,10,13,15
2/3/18-20:44:11,126,68,171,89,51,2,32.00,25.00,9,13,14
2/3/18-20:45:12,125,66,168,90,53,1,33.00,24.00,10,13,14
2/3/18-20:46:13,127,62,161,78,46,3,33.00,24.00,10,13,14
2/3/18-20:47:14,126,65,176,99,55,2,33.00,24.00,12,18,19
2/3/18-20:48:15,127,68,158,75,46,0,33.00,24.00,12,18,19
2/3/18-20:49:16,129,66,169,87,54,3,33.00,24.00,14,17,20
2/3/18-20:50:17,128,70,174,98,55,4,33.00,24.00,14,17,21
2/3/18-20:51:18,126,66,169,93,56,1,33.00,23.00,15,20,21
2/3/18-20:52:19,128,66,176,95,55,2,33.00,24.00,15,20,21
2/3/18-20:53:20,127,62,168,89,54,1,33.00,24.00,17,23,27
2/3/18-20:54:21,126,66,175,99,56,3,33.00,24.00,16,23,27
2/3/18-20:55:22,126,64,167,79,50,2,33.00,24.00,20,26,29
2/3/18-20:56:23,130,66,172,91,56,3,33.00,24.00,20,26,29
2/3/18-20:57:24,127,69,172,94,55,1,33.00,23.00,22,27,30
2/3/18-20:58:25,128,68,179,102,58,2,33.00,24.00,22,27,30
2/3/18-20:59:26,129,68,170,86,53,3,33.00,24.00,19,23,25
2/3/18-21:0:27,128,66,178,103,58,1,33.00,24.00,20,24,26
2/3/18-21:1:28,128,67,170,96,58,1,33.00,24.00,20,23,26
2/3/18-21:2:29,128,68,177,94,58,1,33.00,24.00,20,23,26
2/3/18-21:3:30,127,69,173,97,58,2,33.00,24.00,18,27,29
2/3/18-21:4:31,130,67,160,77,50,2,33.00,24.00,18,27,29
2/3/18-21:5:32,128,70,173,95,60,2,33.00,24.00,18,23,26
2/3/18-21:6:33,126,71,174,106,61,0,33.00,23.00,19,24,26
2/3/18-21:7:34,126,65,165,90,57,3,33.00,23.00,23,37,45
2/3/18-21:8:35,126,64,170,92,60,3,33.00,23.00,23,36,45
2/3/18-21:9:36,129,67,184,111,74,3,33.00,23.00,35,56,71
2/3/18-21:10:37,129,69,195,109,80,0,33.00,24.00,35,56,71
2/3/18-21:11:38,129,67,201,114,95,3,33.00,23.00,132,213,240
2/3/18-21:12:39,129,65,194,103,89,3,33.00,23.00,132,213,240
2/3/18-21:13:40,128,69,203,114,102,1,33.00,23.00,111,169,181
2/3/18-21:14:41,126,65,188,98,95,2,33.00,23.00,109,166,177
2/3/18-21:15:42,129,68,197,110,106,1,33.00,23.00,78,120,127
2/3/18-21:16:43,128,68,184,98,93,0,33.00,24.00,77,119,127
2/3/18-21:17:44,130,69,192,112,102,3,33.00,23.00,49,81,92
2/3/18-21:18:45,129,68,192,103,98,3,34.00,23.00,48,80,90
2/3/18-21:19:46,128,70,191,112,98,3,33.00,23.00,46,67,77
2/3/18-21:20:47,126,66,180,97,89,2,34.00,23.00,47,69,78
2/3/18-21:21:48,130,69,192,106,97,3,33.00,23.00,41,65,75
2/3/18-21:22:49,128,70,193,107,96,0,33.00,23.00,41,65,75
2/3/18-21:23:50,130,71,196,123,99,0,33.00,23.00,80,125,140
2/3/18-21:24:51,131,71,204,116,103,3,33.00,23.00,78,120,133
2/3/18-21:25:52,128,66,194,104,100,4,33.00,23.00,125,202,216
2/3/18-21:26:53,129,71,207,119,112,0,33.00,23.00,124,201,215
2/3/18-21:27:54,129,71,210,113,114,0,33.00,23.00,114,178,192
2/3/18-21:28:55,130,68,195,104,108,1,33.00,23.00,115,179,193
2/3/18-21:29:56,130,71,192,109,103,2,33.00,23.00,42,68,76
2/3/18-21:30:57,128,71,191,106,101,2,33.00,23.00,42,68,76
2/3/18-21:31:58,127,68,177,91,88,2,33.00,23.00,33,52,71
2/3/18-21:32:59,128,71,189,103,93,1,33.00,23.00,33,53,71
2/3/18-21:34:0,129,67,183,84,85,3,33.00,23.00,32,49,66
2/3/18-21:35:1,129,71,188,101,92,1,33.00,23.00,32,49,66
2/3/18-21:36:2,129,70,179,88,81,3,33.00,23.00,32,51,66
2/3/18-21:37:3,130,73,195,104,90,0,33.00,23.00,32,51,65
2/3/18-21:38:4,128,69,179,97,82,5,33.00,23.00,31,50,64
2/3/18-21:39:5,128,71,190,105,90,2,33.00,23.00,31,49,62
2/3/18-21:40:6,128,70,187,101,91,3,33.00,23.00,31,48,61
2/3/18-21:41:7,129,70,189,103,90,4,33.00,23.00,31,48,61
2/3/18-21:42:8,130,71,189,108,89,4,33.00,23.00,31,48,61
2/3/18-21:43:9,129,70,189,99,90,1,33.00,23.00,31,49,62
2/3/18-21:44:10,128,72,182,104,86,3,33.00,23.00,30,46,59
2/3/18-21:45:11,129,77,179,92,79,2,33.00,23.00,29,46,59
2/3/18-21:46:12,129,71,186,97,79,4,33.00,23.00,31,48,61
2/3/18-21:47:13,130,72,190,108,89,2,32.00,23.00,30,47,60
2/3/18-21:48:14,131,71,188,102,89,3,33.00,23.00,31,48,64
2/3/18-21:49:15,130,70,188,101,89,2,33.00,23.00,31,48,64
2/3/18-21:50:16,129,69,177,92,77,4,33.00,23.00,31,46,60
2/3/18-21:51:17,131,71,186,105,87,3,33.00,23.00,31,46,61
2/3/18-21:52:18,133,73,186,102,87,2,33.00,23.00,29,44,55
2/3/18-21:53:19,129,71,187,109,85,3,33.00,23.00,28,44,55
2/3/18-21:54:20,129,71,182,89,78,3,33.00,23.00,31,49,61
2/3/18-21:55:21,129,66,179,85,77,3,33.00,23.00,31,49,63
2/3/18-21:56:22,128,71,177,86,76,3,33.00,23.00,33,50,63
2/3/18-21:57:23,129,70,180,87,79,4,33.00,23.00,33,50,63
2/3/18-21:58:24,128,69,178,93,79,3,33.00,23.00,34,55,70
2/3/18-21:59:25,130,70,180,88,78,3,33.00,23.00,34,55,70
2/3/18-22:0:26,130,68,176,87,80,5,33.00,23.00,34,52,65
2/3/18-22:1:27,130,77,180,86,80,3,33.00,23.00,34,51,64
2/3/18-22:2:28,133,73,186,104,88,1,33.00,23.00,34,54,67
2/3/18-22:3:29,131,73,187,96,89,2,35.00,23.00,34,53,67
2/3/18-22:4:30,129,68,177,93,77,2,33.00,23.00,33,50,64
2/3/18-22:5:31,131,71,193,106,93,2,33.00,23.00,32,50,63
2/3/18-22:6:32,129,73,190,102,90,2,33.00,23.00,34,50,63
2/3/18-22:7:33,128,66,181,87,77,2,33.00,23.00,34,50,63
2/3/18-22:8:34,129,69,180,83,75,1,34.00,22.00,34,51,67
2/3/18-22:9:35,131,71,192,109,88,0,32.00,23.00,34,51,66
2/3/18-22:10:36,130,71,191,100,88,2,34.00,22.00,34,52,65
2/3/18-22:11:37,129,69,179,98,79,4,34.00,22.00,34,52,65
2/3/18-22:12:38,128,72,178,90,80,2,32.00,23.00,34,52,70
2/3/18-22:13:39,132,71,186,102,88,1,33.00,23.00,34,52,70
2/3/18-22:14:40,131,70,186,104,86,2,34.00,22.00,33,51,66
2/3/18-22:15:41,130,68,174,82,75,4,35.00,22.00,33,51,66
2/3/18-22:16:42,129,69,181,101,85,1,34.00,22.00,39,68,76
2/3/18-22:17:43,132,68,184,90,78,2,34.00,22.00,40,69,77
2/3/18-22:18:44,130,68,194,100,88,3,34.00,22.00,131,212,233
2/3/18-22:19:45,131,72,196,105,98,2,34.00,22.00,131,212,233
2/3/18-22:20:46,132,68,194,101,98,3,34.00,23.00,75,116,125
2/3/18-22:21:47,133,71,184,91,87,3,34.00,22.00,73,113,125
2/3/18-22:22:48,132,71,191,109,99,2,34.00,22.00,51,76,87
2/3/18-22:23:49,133,68,178,87,84,3,35.00,22.00,51,77,87
2/3/18-22:24:50,133,72,188,101,94,3,34.00,22.00,38,61,72
2/3/18-22:25:51,133,74,188,106,92,3,33.00,23.00,37,61,72
2/3/18-22:26:52,134,70,177,87,79,2,34.00,22.00,34,51,63
2/3/18-22:27:53,134,68,179,84,79,3,34.00,22.00,36,53,67
2/3/18-22:28:54,134,73,189,100,90,3,34.00,22.00,34,53,69
2/3/18-22:29:55,133,70,178,86,82,3,34.00,22.00,34,53,69
2/3/18-22:30:56,133,71,191,99,92,4,34.00,22.00,34,50,62
2/3/18-22:31:57,135,75,187,96,89,1,34.00,22.00,34,50,62
2/3/18-22:32:58,135,69,178,89,79,2,34.00,22.00,35,53,65
2/3/18-22:33:59,136,72,191,106,92,2,34.00,22.00,34,52,64
2/3/18-22:35:0,132,70,188,98,89,4,34.00,22.00,66,104,112
2/3/18-22:36:1,132,69,198,108,100,1,34.00,22.00,67,105,116
2/3/18-22:37:2,133,70,185,94,91,3,34.00,22.00,59,90,99
2/3/18-22:38:3,132,69,184,93,92,1,34.00,22.00,59,89,98
2/3/18-22:39:4,133,73,195,104,100,1,34.00,22.00,48,73,82
2/3/18-22:40:5,134,77,195,101,96,2,34.00,22.00,48,73,82
2/3/18-22:41:6,133,72,176,84,83,2,34.00,22.00,35,53,67
2/3/18-22:42:7,133,69,176,86,83,3,34.00,22.00,35,54,68
2/3/18-22:43:8,134,71,189,97,93,2,33.00,22.00,36,57,72
2/3/18-22:44:9,132,70,174,79,80,3,34.00,22.00,36,55,72
2/3/18-22:45:10,134,72,185,101,92,3,34.00,22.00,33,51,64
2/3/18-22:46:11,133,72,184,98,90,1,35.00,22.00,33,51,65
2/3/18-22:47:12,133,70,172,84,81,5,35.00,22.00,32,52,66
2/3/18-22:48:13,132,68,173,80,81,3,34.00,22.00,33,52,65
2/3/18-22:49:14,133,77,184,98,89,1,34.00,22.00,33,51,66
2/3/18-22:50:15,132,75,187,98,90,3,36.00,22.00,34,51,67
2/3/18-22:51:16,131,72,186,95,89,1,34.00,22.00,33,51,66
2/3/18-22:52:17,131,72,174,85,77,2,35.00,22.00,33,50,65
2/3/18-22:53:18,134,73,182,97,89,3,34.00,22.00,35,54,68
2/3/18-22:54:19,133,72,174,78,78,1,34.00,21.00,35,53,67
2/3/18-22:55:20,134,72,184,93,89,0,34.00,22.00,33,51,65
2/3/18-22:56:21,133,70,173,83,81,3,34.00,22.00,33,51,65
2/3/18-22:57:22,133,74,186,96,89,2,34.00,22.00,33,51,67
2/3/18-22:58:23,132,71,186,100,90,3,34.00,22.00,33,51,67
2/3/18-22:59:24,132,65,184,101,89,1,34.00,22.00,33,50,65
2/3/18-23:0:25,132,72,186,96,90,3,34.00,22.00,32,49,62
2/3/18-23:1:26,133,72,183,96,88,1,34.00,22.00,32,50,65
2/3/18-23:2:27,133,73,182,95,88,2,36.00,22.00,32,50,65
2/3/18-23:3:28,134,68,172,80,76,2,34.00,22.00,33,50,63
2/3/18-23:4:29,134,72,184,94,86,0,34.00,22.00,32,49,61
2/3/18-23:5:30,132,71,171,85,79,3,34.00,21.00,34,53,68
2/3/18-23:6:31,132,72,182,93,87,1,34.00,22.00,33,52,66
2/3/18-23:7:32,132,73,176,93,84,3,34.00,22.00,34,51,64
2/3/18-23:8:33,133,71,168,79,79,5,34.00,22.00,34,51,65
2/3/18-23:9:34,133,74,180,90,85,2,34.00,22.00,34,51,66
2/3/18-23:10:35,134,72,180,89,86,2,34.00,22.00,33,51,66
2/3/18-23:11:36,132,70,174,85,78,3,34.00,22.00,34,51,65
2/3/18-23:12:37,133,76,181,97,86,3,34.00,22.00,34,52,66
2/3/18-23:13:38,135,72,178,86,84,1,34.00,22.00,33,49,61
2/3/18-23:14:39,131,71,172,79,74,2,35.00,22.00,33,49,61
2/3/18-23:15:40,135,74,176,88,83,3,34.00,22.00,32,50,64
2/3/18-23:16:41,133,74,174,88,82,3,34.00,22.00,32,50,64
2/3/18-23:17:42,134,72,175,95,85,5,34.00,22.00,32,49,60
2/3/18-23:18:43,133,73,168,74,72,3,34.00,22.00,32,48,58
2/3/18-23:19:44,131,70,164,75,75,3,34.00,22.00,31,46,57
2/3/18-23:20:45,135,71,164,70,72,3,34.00,22.00,31,46,57
2/3/18-23:21:46,135,73,166,79,75,3,34.00,22.00,31,47,59
2/3/18-23:22:47,136,74,174,85,80,3,34.00,22.00,31,47,59
2/3/18-23:23:48,135,73,178,87,79,1,34.00,22.00,31,47,62
2/3/18-23:24:49,138,74,176,86,81,2,35.00,22.00,31,47,62
2/3/18-23:25:50,134,72,177,94,81,1,35.00,22.00,30,45,58
2/3/18-23:26:50,133,69,166,80,72,3,34.00,22.00,30,45,58
2/3/18-23:27:51,136,71,167,71,71,2,34.00,21.00,30,45,57
2/3/18-23:28:52,135,73,174,82,79,3,34.00,22.00,30,45,57
2/3/18-23:29:53,135,71,173,89,79,3,34.00,22.00,27,40,50
2/3/18-23:30:54,132,70,163,77,71,2,34.00,21.00,27,40,50
2/3/18-23:31:55,135,70,159,72,69,3,33.00,21.00,28,42,51
2/3/18-23:32:56,134,71,174,82,77,3,34.00,21.00,28,43,50
2/3/18-23:33:57,136,72,172,85,76,1,34.00,21.00,28,42,49
2/3/18-23:34:58,138,71,176,92,78,3,34.00,21.00,28,42,50
2/3/18-23:35:59,134,73,188,114,79,2,34.00,21.00,26,42,52
2/3/18-23:37:0,135,70,165,76,69,3,36.00,22.00,26,42,52
2/3/18-23:38:1,135,73,174,82,78,3,34.00,22.00,27,40,51
2/3/18-23:39:2,135,72,166,82,68,2,35.00,22.00,27,40,51
2/3/18-23:40:3,136,72,172,82,77,3,34.00,22.00,28,42,52
2/3/18-23:41:4,136,72,168,82,75,2,34.00,22.00,27,41,51
2/3/18-23:42:5,136,71,159,68,65,3,34.00,22.00,25,39,50
2/3/18-23:43:6,133,72,171,92,75,2,34.00,22.00,25,39,50
2/3/18-23:44:7,134,72,171,85,77,2,34.00,22.00,27,42,50
2/3/18-23:45:8,135,70,162,73,69,5,34.00,22.00,27,43,52
2/3/18-23:46:9,136,75,176,81,76,3,34.00,21.00,27,40,50
2/3/18-23:47:10,133,69,158,69,64,2,34.00,22.00,26,39,49
2/3/18-23:48:11,134,69,160,69,65,3,34.00,22.00,25,38,45
2/3/18-23:49:12,135,72,174,97,73,3,34.00,22.00,24,38,45
2/3/18-23:50:13,135,71,169,83,71,0,34.00,22.00,26,38,45
2/3/18-23:51:14,135,73,160,71,61,3,34.00,22.00,26,38,45
2/3/18-23:52:15,136,70,164,66,65,3,33.00,22.00,25,37,44
2/3/18-23:53:16,136,71,166,77,70,0,34.00,22.00,25,37,44
2/3/18-23:54:17,136,73,166,81,70,3,34.00,21.00,26,40,49
2/3/18-23:55:18,137,72,164,81,70,3,34.00,22.00,26,39,49
2/3/18-23:56:19,135,70,165,82,71,2,34.00,22.00,24,38,45
2/3/18-23:57:20,134,70,154,71,62,3,34.00,21.00,24,38,45
2/3/18-23:58:21,135,71,165,79,68,1,33.00,22.00,25,37,47
2/3/18-23:59:22,135,73,154,67,62,3,34.00,22.00,24,37,47
