Hora,O3,NO2,CO,Humedad,Temperatura,P25,P10
5/3/18-0:0:23,129,65,141,74,3,0,33.00,24.00,3,5,6
5/3/18-0:1:24,130,64,136,67,7,2,32.00,25.00,3,5,6
5/3/18-0:2:25,129,65,132,63,5,3,32.00,25.00,3,4,4
5/3/18-0:3:26,128,65,130,71,4,1,32.00,25.00,3,4,4
5/3/18-0:4:27,128,63,114,42,5,2,32.00,25.00,4,6,7
5/3/18-0:5:28,130,65,155,105,6,3,32.00,25.00,4,6,7
5/3/18-0:6:29,128,66,143,78,4,2,32.00,25.00,4,5,6
5/3/18-0:7:30,129,67,119,57,3,1,33.00,24.00,4,5,6
5/3/18-0:8:31,131,65,117,49,2,0,32.00,25.00,2,4,7
5/3/18-0:9:32,131,64,129,63,5,3,32.00,25.00,2,4,7
5/3/18-0:10:33,128,65,142,73,6,3,32.00,25.00,4,7,7
5/3/18-0:11:34,129,64,122,66,5,4,32.00,25.00,4,7,7
5/3/18-0:12:35,130,65,110,45,4,3,32.00,25.00,3,4,4
5/3/18-0:13:36,128,64,126,66,6,2,32.00,25.00,3,4,4
5/3/18-0:14:37,129,65,133,66,4,1,32.00,25.00,3,4,4
5/3/18-0:15:38,128,66,109,64,5,2,32.00,25.00,3,4,4
5/3/18-0:16:39,131,65,122,60,4,3,33.00,24.00,3,4,5
5/3/18-0:17:40,131,65,118,54,2,0,33.00,24.00,3,4,5
5/3/18-0:18:41,130,65,119,59,4,3,33.00,24.00,3,4,7
5/3/18-0:19:42,131,65,105,46,2,2,33.00,23.00,3,4,7
5/3/18-0:20:43,131,64,105,53,4,3,33.00,23.00,3,5,11
5/3/18-0:21:44,130,63,102,56,5,2,34.00,23.00,3,5,11
5/3/18-0:22:45,133,64,102,53,3,2,33.00,23.00,1,3,5
5/3/18-0:23:46,130,58,101,42,4,3,33.00,24.00,1,3,5
5/3/18-0:24:47,130,64,132,60,3,2,32.00,24.00,3,5,8
5/3/18-0:25:48,130,64,117,55,4,3,33.00,24.00,3,5,7
5/3/18-0:26:49,129,62,100,49,6,5,33.00,23.00,3,4,5
5/3/18-0:27:50,130,64,113,66,5,3,32.00,23.00,3,4,5
5/3/18-0:28:51,132,66,111,70,4,3,33.00,23.00,3,4,4
5/3/18-0:29:52,130,64,108,57,5,2,33.00,23.00,3,4,4
5/3/18-0:30:53,129,63,97,41,3,1,33.00,23.00,3,5,5
5/3/18-0:31:54,131,64,101,53,3,1,34.00,22.00,3,5,5
5/3/18-0:32:55,130,64,103,55,5,2,33.00,23.00,2,3,4
5/3/18-0:33:56,133,64,108,56,4,3,33.00,23.00,3,4,5
5/3/18-0:34:57,129,63,94,43,5,1,34.00,22.00,2,4,4
5/3/18-0:35:58,130,64,93,50,3,1,34.00,22.00,2,4,4
5/3/18-0:36:59,132,63,127,94,2,1,34.00,22.00,3,4,7
5/3/18-0:38:0,130,64,101,54,4,1,34.00,22.00,3,5,7
5/3/18-0:39:1,131,63,114,55,3,2,34.00,22.00,3,5,7
5/3/18-0:40:2,133,64,100,52,4,3,34.00,22.00,2,3,3
5/3/18-0:41:3,131,65,121,55,3,0,34.00,22.00,2,4,4
5/3/18-0:42:4,134,66,104,54,5,2,34.00,22.00,3,6,6
5/3/18-0:43:5,131,62,91,40,5,4,34.00,22.00,3,6,6
5/3/18-0:44:6,135,66,108,62,3,0,34.00,21.00,3,5,6
5/3/18-0:45:7,132,71,103,62,3,2,34.00,21.00,3,5,6
5/3/18-0:46:8,132,65,115,55,5,2,34.00,21.00,3,4,4
5/3/18-0:47:9,133,60,104,52,3,0,34.00,21.00,3,4,4
5/3/18-0:48:10,131,66,115,57,3,3,34.00,22.00,3,5,5
5/3/18-0:49:11,134,66,118,63,3,3,34.00,21.00,3,5,5
5/3/18-0:50:12,134,65,110,44,3,3,34.00,22.00,3,4,7
5/3/18-0:51:13,133,64,110,57,5,1,34.00,21.00,3,4,7
5/3/18-0:52:14,133,66,102,55,3,2,34.00,21.00,3,5,5
5/3/18-0:53:15,132,64,121,61,7,2,35.00,20.00,3,5,5
5/3/18-0:54:16,133,67,111,48,3,3,34.00,21.00,2,3,5
5/3/18-0:55:17,133,64,117,59,5,1,35.00,20.00,3,4,6
5/3/18-0:56:18,132,65,129,78,3,1,34.00,21.00,2,2,4
5/3/18-0:57:19,133,65,107,49,3,3,34.00,21.00,2,2,4
5/3/18-0:58:20,135,65,102,52,4,3,34.00,21.00,3,5,5
5/3/18-0:59:21,134,64,100,53,2,3,36.00,20.00,3,5,5
5/3/18-1:0:22,136,65,100,51,2,3,35.00,20.00,3,5,5
5/3/18-1:1:23,134,67,99,48,3,3,35.00,20.00,3,5,5
5/3/18-1:2:24,136,64,102,53,5,2,34.00,21.00,3,4,5
5/3/18-1:3:25,134,64,115,56,5,2,35.00,21.00,3,4,5
5/3/18-1:4:26,137,68,115,62,3,3,34.00,21.00,3,3,3
5/3/18-1:5:27,135,65,103,47,5,3,34.00,21.00,3,3,3
5/3/18-1:6:28,136,67,121,63,4,1,34.00,21.00,3,7,7
5/3/18-1:7:29,136,67,126,70,4,1,34.00,21.00,4,8,8
5/3/18-1:8:30,135,72,126,63,5,3,34.00,22.00,3,5,5
5/3/18-1:9:31,136,67,104,48,4,4,34.00,21.00,3,5,5
5/3/18-1:10:32,135,68,122,58,4,2,34.00,21.00,3,4,5
5/3/18-1:11:33,135,67,109,57,4,1,34.00,21.00,3,4,5
5/3/18-1:12:34,136,68,120,58,2,1,34.00,21.00,3,6,7
5/3/18-1:13:35,136,64,102,46,5,3,34.00,21.00,4,7,8
5/3/18-1:14:36,135,67,115,65,4,0,35.00,20.00,3,4,4
5/3/18-1:15:37,136,66,115,58,5,1,35.00,20.00,3,4,4
5/3/18-1:16:38,137,67,112,66,4,2,35.00,20.00,2,3,3
5/3/18-1:17:39,135,67,125,56,6,4,34.00,21.00,2,3,3
5/3/18-1:18:40,135,66,110,60,4,2,34.00,21.00,3,5,6
5/3/18-1:19:41,135,66,111,57,6,1,34.00,21.00,3,5,6
5/3/18-1:20:42,137,68,117,57,4,2,34.00,21.00,2,3,5
5/3/18-1:21:43,138,67,109,54,6,4,34.00,21.00,2,3,5
5/3/18-1:22:44,135,66,120,59,5,1,34.00,21.00,3,4,6
5/3/18-1:23:45,137,65,117,56,2,1,35.00,20.00,3,4,5
5/3/18-1:24:46,135,65,103,47,3,3,34.00,21.00,3,4,4
5/3/18-1:25:47,137,66,124,63,3,3,34.00,21.00,3,4,4
5/3/18-1:26:48,137,65,118,61,5,3,35.00,21.00,3,4,6
5/3/18-1:27:49,134,64,119,61,3,1,35.00,20.00,3,5,7
5/3/18-1:28:50,135,64,134,57,6,3,34.00,21.00,3,4,4
5/3/18-1:29:51,137,65,111,61,5,1,34.00,21.00,3,4,4
5/3/18-1:30:52,137,66,112,58,4,3,37.00,20.00,3,4,7
5/3/18-1:31:53,136,65,107,53,6,2,34.00,21.00,3,5,7
5/3/18-1:32:54,135,64,109,52,3,3,35.00,20.00,4,6,6
5/3/18-1:33:55,139,66,110,55,6,4,33.00,21.00,4,6,6
5/3/18-1:34:56,138,67,119,63,4,1,34.00,21.00,3,4,4
5/3/18-1:35:57,137,65,119,60,4,1,34.00,21.00,3,4,4
5/3/18-1:36:58,136,63,116,54,4,3,34.00,21.00,2,3,4
5/3/18-1:37:59,136,65,122,64,4,1,34.00,21.00,2,3,4
5/3/18-1:39:0,137,64,108,59,5,1,34.00,21.00,3,7,7
5/3/18-1:40:1,137,68,113,56,4,3,34.00,21.00,3,6,6
5/3/18-1:41:2,135,61,105,50,5,3,34.00,21.00,3,5,6
5/3/18-1:42:3,138,65,107,53,4,3,34.00,21.00,3,5,6
5/3/18-1:43:4,137,65,129,82,5,3,34.00,21.00,4,6,6
5/3/18-1:44:5,137,66,131,74,5,3,34.00,21.00,4,6,6
5/3/18-1:45:6,136,64,104,50,4,3,34.00,22.00,3,4,6
5/3/18-1:46:7,137,65,118,57,5,3,34.00,21.00,3,4,6
5/3/18-1:47:8,137,68,116,58,4,1,34.00,21.00,2,3,3
5/3/18-1:48:9,136,66,107,60,4,2,34.00,22.00,2,3,3
5/3/18-1:49:10,137,68,105,44,5,3,34.00,21.00,3,3,4
5/3/18-1:50:11,136,64,114,60,3,2,34.00,21.00,3,3,4
5/3/18-1:51:12,137,65,105,58,5,1,35.00,21.00,3,3,4
5/3/18-1:52:13,137,66,105,55,4,1,34.00,21.00,3,3,4
5/3/18-1:53:14,139,65,107,74,5,4,34.00,21.00,1,3,3
5/3/18-1:54:15,140,65,105,56,4,0,34.00,21.00,2,4,4
5/3/18-1:55:16,136,64,130,70,5,1,34.00,21.00,4,5,5
5/3/18-1:56:17,136,63,111,69,4,2,34.00,21.00,4,5,5
5/3/18-1:57:18,138,66,123,56,4,1,34.00,21.00,3,5,5
5/3/18-1:58:19,138,65,118,62,2,1,34.00,21.00,3,5,5
5/3/18-1:59:20,138,66,117,61,6,3,34.00,22.00,2,3,3
5/3/18-2:0:21,137,60,104,63,5,3,34.00,21.00,3,4,4
5/3/18-2:1:22,138,61,117,58,4,3,34.00,21.00,2,3,3
5/3/18-2:2:23,135,66,119,82,4,1,36.00,21.00,2,3,3
5/3/18-2:3:24,135,65,128,58,5,2,34.00,22.00,3,4,4
5/3/18-2:4:25,138,64,114,49,4,2,34.00,21.00,3,4,4
5/3/18-2:5:26,134,64,124,61,4,1,33.00,21.00,3,5,6
5/3/18-2:6:27,138,65,113,67,4,1,34.00,21.00,3,5,6
5/3/18-2:7:28,137,65,129,64,3,2,34.00,21.00,2,4,5
5/3/18-2:8:29,136,65,105,45,4,3,34.00,21.00,2,4,5
5/3/18-2:9:30,137,67,115,58,6,3,34.00,22.00,4,5,6
5/3/18-2:10:31,135,65,119,59,5,1,34.00,22.00,4,5,6
5/3/18-2:11:32,137,64,118,75,7,3,34.00,22.00,4,6,6
5/3/18-2:12:33,136,63,113,49,6,2,34.00,22.00,4,6,6
5/3/18-2:13:34,138,66,127,65,4,2,34.00,21.00,3,6,8
5/3/18-2:14:35,138,66,136,97,3,1,34.00,22.00,4,6,8
5/3/18-2:15:36,138,63,121,61,5,2,34.00,22.00,4,6,8
5/3/18-2:16:37,137,63,106,46,4,3,34.00,21.00,4,6,8
5/3/18-2:17:38,137,65,121,61,6,3,34.00,21.00,4,6,8
5/3/18-2:18:39,139,67,115,56,3,1,34.00,22.00,4,6,9
5/3/18-2:19:40,135,66,121,61,4,1,34.00,22.00,5,8,8
5/3/18-2:20:41,137,62,105,46,8,3,34.00,21.00,5,8,8
5/3/18-2:21:42,136,67,115,57,5,3,34.00,22.00,4,5,5
5/3/18-2:22:43,135,65,125,69,4,1,34.00,21.00,4,5,5
5/3/18-2:23:44,137,66,127,59,3,3,55.00,21.00,4,7,9
5/3/18-2:24:45,139,68,115,57,4,1,34.00,22.00,4,7,9
5/3/18-2:25:46,138,64,110,57,4,1,34.00,22.00,4,7,7
5/3/18-2:26:47,138,65,112,54,3,3,34.00,21.00,4,8,8
5/3/18-2:27:48,136,63,112,49,5,2,34.00,22.00,4,7,8
5/3/18-2:28:49,137,67,118,59,4,3,34.00,22.00,5,8,9
5/3/18-2:29:50,136,66,113,68,5,3,35.00,22.00,4,6,8
5/3/18-2:30:51,138,64,114,51,5,4,34.00,22.00,4,6,8
5/3/18-2:31:52,137,65,111,53,3,2,34.00,22.00,3,5,5
5/3/18-2:32:53,137,65,108,56,4,1,35.00,22.00,3,5,5
5/3/18-2:33:54,137,65,117,61,5,2,34.00,22.00,3,5,5
5/3/18-2:34:55,137,63,104,50,5,3,34.00,22.00,3,5,5
5/3/18-2:35:56,136,64,131,59,4,1,34.00,22.00,3,5,5
5/3/18-2:36:57,136,66,120,60,5,2,34.00,22.00,3,5,5
5/3/18-2:37:58,137,64,111,61,4,1,34.00,22.00,1,2,2
5/3/18-2:38:59,137,62,107,47,6,3,34.00,22.00,1,2,2
5/3/18-2:40:0,137,66,114,58,4,1,34.00,22.00,2,4,5
5/3/18-2:41:1,136,64,117,60,4,1,34.00,21.00,2,4,5
5/3/18-2:42:2,138,65,123,63,3,0,34.00,22.00,2,3,4
5/3/18-2:43:3,135,62,124,69,7,3,34.00,22.00,2,3,4
5/3/18-2:44:4,139,66,123,57,5,2,34.00,21.00,3,6,6
5/3/18-2:45:5,138,65,128,64,3,3,34.00,22.00,3,6,6
5/3/18-2:46:6,137,64,114,56,7,2,34.00,22.00,4,7,7
5/3/18-2:47:7,137,66,116,61,4,3,34.00,21.00,4,7,7
5/3/18-2:48:8,137,65,118,62,5,3,34.00,21.00,6,9,10
5/3/18-2:49:9,138,60,116,58,5,3,34.00,21.00,5,9,10
5/3/18-2:50:10,138,65,122,63,4,1,34.00,21.00,6,8,9
5/3/18-2:51:11,140,64,118,66,5,2,34.00,21.00,6,9,10
5/3/18-2:52:12,136,64,110,48,5,3,35.00,20.00,5,8,9
5/3/18-2:53:13,138,64,111,59,6,2,35.00,20.00,5,8,9
5/3/18-2:54:13,138,64,113,59,3,0,34.00,21.00,3,7,7
5/3/18-2:55:14,139,65,130,77,6,3,35.00,20.00,3,7,7
5/3/18-2:56:15,137,63,113,48,4,3,35.00,20.00,3,6,6
5/3/18-2:57:16,138,64,116,58,5,1,35.00,20.00,3,6,6
5/3/18-2:58:17,137,65,118,57,4,2,35.00,20.00,3,6,7
5/3/18-2:59:18,135,64,110,61,5,1,35.00,20.00,4,6,7
5/3/18-3:0:19,136,63,106,46,5,3,35.00,20.00,4,8,9
5/3/18-3:1:20,138,68,113,56,7,2,35.00,20.00,4,8,9
5/3/18-3:2:21,138,66,120,57,3,2,35.00,20.00,4,6,7
5/3/18-3:3:22,139,64,114,64,4,3,35.00,20.00,4,5,7
5/3/18-3:4:23,137,62,99,43,5,4,35.00,20.00,2,5,7
5/3/18-3:5:24,138,65,115,54,2,1,35.00,20.00,3,6,8
5/3/18-3:6:25,137,65,113,62,3,2,35.00,20.00,3,6,7
5/3/18-3:7:26,140,65,126,55,5,1,35.00,20.00,3,6,7
5/3/18-3:8:27,137,63,126,56,3,3,35.00,20.00,2,5,5
5/3/18-3:9:28,139,66,136,66,4,2,34.00,21.00,2,5,5
5/3/18-3:10:29,137,64,113,56,5,2,35.00,20.00,3,5,5
5/3/18-3:11:30,138,68,113,60,6,4,0.00,0.00,3,5,5
5/3/18-3:12:31,139,64,112,64,6,1,35.00,20.00,2,3,3
5/3/18-3:13:32,139,65,121,64,5,3,35.00,20.00,2,3,3
5/3/18-3:14:33,137,64,112,60,3,2,35.00,20.00,1,4,7
5/3/18-3:15:34,137,62,110,56,6,2,35.00,20.00,1,4,7
5/3/18-3:16:35,140,65,116,61,2,0,35.00,20.00,0,1,1
5/3/18-3:17:36,139,64,106,55,4,1,36.00,20.00,1,2,2
5/3/18-3:18:37,140,65,129,60,5,0,35.00,20.00,3,3,6
5/3/18-3:19:38,138,64,127,91,5,2,35.00,20.00,3,3,6
5/3/18-3:20:39,139,64,124,64,3,2,35.00,20.00,1,2,2
5/3/18-3:21:40,140,65,124,60,4,2,35.00,22.00,1,2,2
5/3/18-3:22:41,139,65,122,59,3,1,35.00,20.00,1,2,2
5/3/18-3:23:42,138,64,109,52,5,3,35.00,20.00,1,2,2
5/3/18-3:24:43,139,65,124,62,3,2,35.00,19.00,1,3,3
5/3/18-3:25:44,138,64,131,77,6,2,35.00,20.00,1,3,3
5/3/18-3:26:45,140,65,121,64,6,3,35.00,20.00,2,3,4
5/3/18-3:27:46,139,64,129,63,3,6,35.00,20.00,2,3,4
5/3/18-3:28:47,138,65,135,63,5,1,35.00,20.00,1,2,2
5/3/18-3:29:48,139,65,112,57,4,3,35.00,20.00,1,1,1
5/3/18-3:30:49,137,65,126,65,4,1,35.00,20.00,2,3,3
5/3/18-3:31:50,139,64,110,46,5,4,35.00,20.00,2,3,3
5/3/18-3:32:51,140,64,122,54,4,3,35.00,20.00,1,2,3
5/3/18-3:33:52,137,64,110,54,5,2,34.00,21.00,2,3,4
5/3/18-3:34:53,139,65,117,60,4,1,35.00,20.00,0,0,0
5/3/18-3:35:54,139,64,112,45,4,3,34.00,21.00,1,1,1
5/3/18-3:36:55,140,69,113,56,4,1,35.00,20.00,2,3,3
5/3/18-3:37:56,140,67,112,54,9,3,35.00,20.00,2,3,3
5/3/18-3:38:57,138,64,112,56,5,4,35.00,20.00,2,3,3
5/3/18-3:39:58,139,62,100,44,5,4,35.00,20.00,2,3,3
5/3/18-3:40:59,140,67,136,57,3,2,35.00,20.00,1,2,2
5/3/18-3:42:0,137,66,125,59,4,1,35.00,20.00,1,2,2
5/3/18-3:43:1,140,68,120,60,5,3,35.00,20.00,2,2,2
5/3/18-3:44:2,138,64,119,48,4,2,35.00,20.00,2,2,2
5/3/18-3:45:3,139,65,128,56,5,3,35.00,20.00,1,1,3
5/3/18-3:46:4,139,64,115,56,4,1,35.00,20.00,2,2,4
5/3/18-3:47:5,139,65,114,57,6,1,36.00,20.00,2,2,2
5/3/18-3:48:6,139,64,103,49,6,2,35.00,20.00,2,2,2
5/3/18-3:49:7,140,66,119,65,3,2,35.00,20.00,2,2,2
5/3/18-3:50:8,139,67,116,58,4,3,35.00,20.00,2,2,2
5/3/18-3:51:9,139,65,112,48,3,0,35.00,20.00,2,3,3
5/3/18-3:52:10,140,65,119,56,7,1,35.00,20.00,2,3,3
5/3/18-3:53:11,139,64,118,61,4,2,35.00,20.00,1,2,2
5/3/18-3:54:12,139,64,113,56,2,1,35.00,20.00,1,3,3
5/3/18-3:55:13,138,64,102,42,4,5,35.00,20.00,2,2,2
5/3/18-3:56:14,140,67,121,62,4,3,35.00,20.00,2,2,2
5/3/18-3:57:15,139,67,126,83,4,3,36.00,20.00,0,1,1
5/3/18-3:58:16,139,65,111,58,4,2,35.00,20.00,2,2,2
5/3/18-3:59:17,139,64,101,44,5,3,35.00,20.00,1,3,3
5/3/18-4:0:18,138,63,130,86,3,1,34.00,20.00,1,3,3
5/3/18-4:1:19,140,66,119,59,5,4,35.00,20.00,0,1,1
5/3/18-4:2:20,140,65,119,61,5,4,35.00,20.00,0,1,2
5/3/18-4:3:21,139,64,114,51,5,3,35.00,20.00,1,2,2
5/3/18-4:4:22,141,65,112,56,4,2,35.00,20.00,1,2,2
5/3/18-4:5:23,139,64,119,65,6,2,35.00,20.00,1,2,2
5/3/18-4:6:24,139,65,112,57,4,3,35.00,20.00,1,2,2
5/3/18-4:7:25,138,64,107,43,4,3,35.00,20.00,1,2,3
5/3/18-4:8:26,140,64,121,57,4,1,35.00,20.00,1,2,3
5/3/18-4:9:27,140,64,131,60,5,3,35.00,20.00,1,3,3
5/3/18-4:10:28,140,66,127,61,5,3,35.00,20.00,1,3,3
5/3/18-4:11:29,139,63,113,46,5,3,35.00,20.00,1,2,4
5/3/18-4:12:30,141,63,108,55,6,4,35.00,20.00,1,2,4
5/3/18-4:13:31,141,65,112,65,5,3,35.00,20.00,1,2,2
5/3/18-4:14:32,138,64,133,84,3,2,35.00,20.00,1,2,2
5/3/18-4:15:33,139,61,108,47,4,2,35.00,20.00,1,2,2
5/3/18-4:16:34,140,65,120,62,5,3,35.00,20.00,1,2,2
5/3/18-4:17:35,139,64,113,57,5,3,35.00,20.00,1,1,3
5/3/18-4:18:36,138,62,120,57,4,1,35.00,20.00,1,1,3
5/3/18-4:19:37,141,61,111,47,7,5,34.00,21.00,2,3,3
5/3/18-4:20:38,140,63,127,61,6,2,35.00,20.00,2,3,3
5/3/18-4:21:39,139,62,151,68,4,3,35.00,20.00,1,1,1
5/3/18-4:22:40,140,63,126,59,4,2,35.00,20.00,1,1,1
5/3/18-4:23:41,142,63,112,55,5,1,35.00,20.00,1,2,2
5/3/18-4:24:42,141,64,111,57,7,1,34.00,21.00,1,2,2
5/3/18-4:25:43,139,65,113,58,4,3,34.00,21.00,0,1,1
5/3/18-4:26:44,139,63,108,52,4,1,34.00,21.00,0,1,1
5/3/18-4:27:45,139,62,120,62,4,1,35.00,20.00,1,2,2
5/3/18-4:28:46,139,64,124,54,6,2,35.00,20.00,1,2,2
5/3/18-4:29:47,137,63,115,50,4,2,35.00,20.00,2,3,3
5/3/18-4:30:48,140,63,105,49,6,1,35.00,20.00,2,3,3
5/3/18-4:31:49,141,63,110,56,5,2,35.00,20.00,1,2,2
5/3/18-4:32:50,139,62,124,58,3,3,36.00,20.00,1,2,2
5/3/18-4:33:51,140,62,118,59,6,3,35.00,20.00,1,2,2
5/3/18-4:34:52,137,60,108,56,4,2,35.00,20.00,1,2,2
5/3/18-4:35:53,141,64,104,50,4,2,34.00,20.00,2,3,3
5/3/18-4:36:54,141,59,118,60,4,1,34.00,21.00,2,3,3
5/3/18-4:37:55,141,63,116,55,5,3,35.00,20.00,1,1,1
5/3/18-4:38:56,139,63,110,44,5,3,35.00,20.00,1,1,1
5/3/18-4:39:57,140,64,110,57,5,2,35.00,20.00,0,1,1
5/3/18-4:40:58,139,63,140,83,5,1,35.00,20.00,1,2,2
5/3/18-4:41:59,139,64,118,59,4,2,35.00,20.00,1,2,3
5/3/18-4:43:0,141,60,134,120,5,4,35.00,20.00,1,2,3
5/3/18-4:44:1,141,62,118,60,5,3,35.00,20.00,1,2,4
5/3/18-4:45:2,139,63,119,60,5,3,35.00,20.00,1,2,3
5/3/18-4:46:3,138,62,122,61,3,1,35.00,20.00,1,3,5
5/3/18-4:47:4,141,63,108,51,5,3,35.00,20.00,1,3,5
5/3/18-4:48:5,139,69,111,53,4,3,35.00,20.00,2,3,3
5/3/18-4:49:6,141,66,123,78,4,1,35.00,20.00,2,2,2
5/3/18-4:50:7,139,64,114,58,4,1,35.00,20.00,2,2,2
5/3/18-4:51:8,139,62,108,47,7,2,35.00,20.00,2,2,2
5/3/18-4:52:9,138,64,124,69,4,1,35.00,20.00,1,2,2
5/3/18-4:53:10,140,63,127,64,4,3,35.00,20.00,1,1,1
5/3/18-4:54:11,139,61,118,59,4,4,35.00,20.00,2,2,2
5/3/18-4:55:12,139,61,118,72,5,3,35.00,20.00,2,2,2
5/3/18-4:56:13,141,64,110,54,5,3,35.00,20.00,1,2,2
5/3/18-4:57:14,139,63,111,66,4,3,35.00,20.00,1,2,2
5/3/18-4:58:15,141,63,121,58,4,3,35.00,20.00,0,1,1
5/3/18-4:59:16,141,62,106,51,5,3,35.00,20.00,0,1,1
5/3/18-5:0:17,141,64,160,77,5,3,35.00,20.00,1,1,1
5/3/18-5:1:18,141,62,135,76,5,4,35.00,20.00,1,1,1
5/3/18-5:2:19,141,61,100,51,6,1,35.00,20.00,0,0,2
5/3/18-5:3:20,140,62,111,69,7,1,35.00,20.00,0,0,2
5/3/18-5:4:21,141,62,104,56,3,3,35.00,20.00,0,0,0
5/3/18-5:5:22,141,61,136,79,4,1,35.00,20.00,0,0,0
5/3/18-5:6:23,140,59,113,46,6,2,35.00,20.00,0,1,1
5/3/18-5:7:24,140,61,116,59,5,1,35.00,20.00,0,1,1
5/3/18-5:8:25,139,60,125,76,5,1,35.00,20.00,0,0,0
5/3/18-5:9:26,140,62,108,57,4,3,35.00,20.00,0,0,0
5/3/18-5:10:27,139,58,103,46,4,2,35.00,20.00,0,0,0
5/3/18-5:11:28,141,62,135,91,5,3,34.00,20.00,0,0,0
5/3/18-5:12:29,144,62,112,52,3,1,35.00,20.00,0,1,1
5/3/18-5:13:30,139,65,107,55,4,1,35.00,20.00,0,1,1
5/3/18-5:14:31,138,66,113,48,4,3,35.00,20.00,0,0,0
5/3/18-5:15:32,143,62,123,52,3,1,35.00,20.00,0,0,0
5/3/18-5:16:33,142,62,122,56,5,3,35.00,20.00,0,0,1
5/3/18-5:17:34,140,60,120,68,6,2,35.00,20.00,0,0,1
5/3/18-5:18:35,140,60,104,45,4,2,35.00,20.00,0,1,1
5/3/18-5:19:36,140,60,117,60,6,1,35.00,20.00,0,1,1
5/3/18-5:20:37,141,62,106,56,2,0,35.00,20.00,0,1,1
5/3/18-5:21:38,142,62,108,54,4,1,35.00,20.00,0,1,1
5/3/18-5:22:39,139,59,120,52,5,2,35.00,20.00,1,1,1
5/3/18-5:23:40,141,60,128,59,6,3,35.00,20.00,1,1,1
5/3/18-5:24:41,140,63,114,54,6,4,35.00,20.00,0,1,1
5/3/18-5:25:42,140,61,110,54,5,1,35.00,20.00,0,1,1
5/3/18-5:26:42,140,60,120,46,5,3,35.00,20.00,1,1,1
5/3/18-5:27:43,141,60,123,61,5,2,35.00,20.00,1,1,1
5/3/18-5:28:44,141,63,122,60,4,2,35.00,20.00,1,2,3
5/3/18-5:29:45,140,62,122,56,4,3,35.00,20.00,1,2,2
5/3/18-5:30:46,140,60,122,63,6,4,35.00,20.00,2,3,3
5/3/18-5:31:47,141,61,118,61,4,3,35.00,20.00,2,3,3
5/3/18-5:32:48,140,63,121,61,5,2,35.00,20.00,2,2,2
5/3/18-5:33:49,140,61,131,71,7,2,35.00,20.00,2,2,2
5/3/18-5:34:50,142,61,111,50,6,5,35.00,20.00,2,3,4
5/3/18-5:35:51,142,64,124,68,4,3,35.00,20.00,2,3,4
5/3/18-5:36:52,141,62,116,58,5,3,35.00,20.00,1,2,2
5/3/18-5:37:53,138,61,148,72,4,3,0.00,0.00,1,2,2
5/3/18-5:38:54,141,61,119,56,6,1,35.00,20.00,1,1,2
5/3/18-5:39:55,140,61,136,72,6,3,35.00,20.00,1,1,2
5/3/18-5:40:56,138,62,121,61,4,1,35.00,20.00,2,3,3
5/3/18-5:41:57,142,56,104,48,4,2,35.00,20.00,2,3,3
5/3/18-5:42:58,141,62,119,83,5,2,35.00,20.00,1,1,1
5/3/18-5:43:59,141,60,93,53,7,4,36.00,20.00,1,1,1
5/3/18-5:45:0,140,61,109,57,5,3,35.00,20.00,0,0,0
5/3/18-5:46:1,142,60,96,45,4,2,35.00,20.00,0,0,0
5/3/18-5:47:2,142,59,121,53,5,3,34.00,20.00,0,0,0
5/3/18-5:48:3,141,59,102,52,4,3,35.00,20.00,0,0,0
5/3/18-5:49:4,139,59,114,69,3,1,35.00,20.00,0,1,1
5/3/18-5:50:5,141,65,101,44,5,4,35.00,20.00,0,0,0
5/3/18-5:51:6,143,61,102,58,4,3,0.00,0.00,0,0,0
5/3/18-5:52:7,142,61,124,59,3,3,35.00,20.00,0,0,0
5/3/18-5:53:8,140,64,99,50,4,3,35.00,20.00,0,0,0
5/3/18-5:54:9,142,57,93,43,3,2,35.00,20.00,0,0,0
5/3/18-5:55:10,140,56,104,58,4,3,35.00,20.00,0,1,1
5/3/18-5:56:11,144,58,106,66,5,1,34.00,20.00,0,1,1
5/3/18-5:57:12,140,53,103,55,3,1,35.00,20.00,0,1,1
5/3/18-5:58:13,140,54,96,46,4,3,35.00,20.00,0,1,1
5/3/18-5:59:14,141,57,99,51,4,2,35.00,20.00,0,0,0
5/3/18-6:0:15,141,57,99,56,3,3,35.00,20.00,0,0,0
5/3/18-6:1:16,140,57,98,57,3,3,35.00,20.00,0,1,2
5/3/18-6:2:17,140,56,95,57,3,2,34.00,20.00,0,0,1
5/3/18-6:3:18,141,56,90,54,5,2,35.00,20.00,0,0,0
5/3/18-6:4:19,142,60,97,51,4,3,35.00,20.00,0,0,0
5/3/18-6:5:20,142,61,98,54,5,3,35.00,20.00,0,0,1
5/3/18-6:6:21,143,58,92,42,5,3,35.00,20.00,0,0,1
5/3/18-6:7:22,142,56,96,50,3,3,35.00,20.00,0,0,0
5/3/18-6:8:23,142,58,123,83,3,3,35.00,20.00,0,0,0
5/3/18-6:9:24,141,58,97,51,5,3,35.00,20.00,0,1,1
5/3/18-6:10:25,141,57,101,49,3,3,34.00,20.00,0,1,1
5/3/18-6:11:26,142,58,109,55,2,2,35.00,20.00,0,0,0
5/3/18-6:12:27,143,59,97,52,5,3,35.00,20.00,0,1,1
5/3/18-6:13:28,143,58,98,46,3,2,35.00,19.00,0,0,1
5/3/18-6:14:29,141,57,116,56,4,1,34.00,19.00,0,0,1
5/3/18-6:15:30,143,58,105,58,2,2,35.00,20.00,1,1,3
5/3/18-6:16:31,140,59,103,57,3,1,35.00,20.00,1,1,1
5/3/18-6:17:32,140,58,96,49,3,3,35.00,20.00,0,0,1
5/3/18-6:18:33,142,56,110,60,4,2,34.00,20.00,0,0,1
5/3/18-6:19:34,142,57,106,52,3,2,35.00,20.00,0,0,0
5/3/18-6:20:35,142,58,110,57,5,3,35.00,20.00,0,0,0
5/3/18-6:21:36,141,56,105,67,5,3,35.00,19.00,0,0,0
5/3/18-6:22:37,142,58,105,58,4,1,35.00,19.00,0,0,0
5/3/18-6:23:38,140,56,113,71,8,1,35.00,20.00,0,0,0
5/3/18-6:24:39,141,56,108,53,4,3,35.00,20.00,0,0,0
5/3/18-6:25:40,143,58,94,43,3,1,35.00,19.00,0,0,0
5/3/18-6:26:41,141,52,99,55,4,2,35.00,19.00,0,0,0
5/3/18-6:27:42,143,56,96,56,5,3,35.00,20.00,0,0,2
5/3/18-6:28:43,140,56,110,62,4,1,35.00,19.00,0,0,2
5/3/18-6:29:44,141,59,107,47,4,3,35.00,20.00,0,0,0
5/3/18-6:30:45,142,59,108,54,5,3,34.00,20.00,0,0,0
5/3/18-6:31:46,141,59,110,62,5,2,34.00,19.00,0,0,1
5/3/18-6:32:47,142,58,107,66,5,2,35.00,20.00,0,0,1
5/3/18-6:33:48,142,54,104,50,4,4,35.00,20.00,0,1,1
5/3/18-6:34:49,142,56,105,68,6,2,35.00,20.00,0,1,1
5/3/18-6:35:50,142,57,89,50,5,3,35.00,19.00,0,0,0
5/3/18-6:36:51,142,58,90,58,4,3,34.00,20.00,0,0,0
5/3/18-6:37:52,141,56,102,50,4,3,34.00,19.00,0,0,0
5/3/18-6:38:53,140,52,103,90,5,1,35.00,19.00,0,0,0
5/3/18-6:39:54,143,55,96,55,4,3,34.00,20.00,0,0,0
5/3/18-6:40:55,141,54,93,64,3,1,35.00,19.00,0,0,0
5/3/18-6:41:56,143,55,97,51,5,4,34.00,20.00,0,0,0
5/3/18-6:42:57,143,58,92,52,3,3,34.00,19.00,0,0,0
5/3/18-6:43:58,143,57,95,55,7,3,34.00,20.00,0,0,0
5/3/18-6:44:59,140,53,102,49,4,3,35.00,19.00,0,0,0
5/3/18-6:46:0,142,59,107,56,3,2,35.00,20.00,0,0,1
5/3/18-6:47:1,144,57,110,63,5,3,35.00,20.00,0,0,1
5/3/18-6:48:2,142,55,117,61,4,2,35.00,19.00,0,0,0
5/3/18-6:49:3,142,56,93,45,5,2,35.00,20.00,0,0,0
5/3/18-6:50:4,142,51,93,54,4,2,34.00,19.00,0,0,2
5/3/18-6:51:5,141,56,94,54,1,2,35.00,19.00,0,0,2
5/3/18-6:52:6,143,56,100,55,4,3,35.00,19.00,0,0,2
5/3/18-6:53:7,142,54,93,43,4,3,35.00,20.00,0,0,2
5/3/18-6:54:8,143,59,93,52,4,3,35.00,19.00,0,1,1
5/3/18-6:55:9,142,56,120,61,6,4,35.00,19.00,0,1,1
5/3/18-6:56:10,142,56,100,52,5,0,35.00,19.00,0,0,0
5/3/18-6:57:11,142,55,103,47,5,3,34.00,19.00,0,0,0
5/3/18-6:58:12,141,57,103,55,4,1,34.00,20.00,0,0,0
5/3/18-6:59:13,141,56,97,58,4,1,35.00,20.00,0,0,0
5/3/18-7:0:14,142,59,101,54,5,0,35.00,20.00,0,0,0
5/3/18-7:1:15,141,59,93,42,5,3,35.00,20.00,0,0,0
5/3/18-7:2:16,141,55,101,59,5,1,35.00,19.00,0,1,1
5/3/18-7:3:17,140,56,108,64,3,3,35.00,19.00,0,0,0
5/3/18-7:4:18,141,57,97,52,3,2,35.00,19.00,0,0,0
5/3/18-7:5:19,141,56,94,49,2,1,34.00,19.00,0,0,0
5/3/18-7:6:20,142,58,103,57,7,3,35.00,19.00,0,1,1
5/3/18-7:7:21,142,57,94,53,4,3,35.00,19.00,0,1,1
5/3/18-7:8:22,140,55,108,64,3,1,35.00,19.00,0,0,0
5/3/18-7:9:23,143,57,97,52,4,1,35.00,20.00,0,0,0
5/3/18-7:10:24,141,55,104,64,4,2,35.00,19.00,0,0,1
5/3/18-7:11:25,142,57,105,54,4,2,34.00,19.00,0,1,1
5/3/18-7:12:26,142,55,100,56,5,1,34.00,19.00,0,1,1
5/3/18-7:13:27,141,57,98,60,4,1,34.00,19.00,0,1,1
5/3/18-7:14:28,143,55,114,60,5,3,35.00,19.00,0,0,1
5/3/18-7:15:29,142,56,105,58,3,2,35.00,19.00,0,0,1
5/3/18-7:16:30,141,55,99,52,4,2,35.00,19.00,0,0,0
5/3/18-7:17:31,141,55,106,56,4,3,35.00,19.00,0,0,0
5/3/18-7:18:32,142,56,107,59,4,1,35.00,19.00,0,0,0
5/3/18-7:19:33,140,53,100,59,4,3,35.00,19.00,0,0,0
5/3/18-7:20:34,141,52,97,51,5,2,34.00,19.00,0,0,0
5/3/18-7:21:35,143,54,111,57,5,3,34.00,19.00,0,0,0
5/3/18-7:22:36,144,55,103,58,9,1,35.00,19.00,1,1,3
5/3/18-7:23:37,140,57,99,52,3,2,35.00,19.00,1,1,3
5/3/18-7:24:38,143,54,101,48,4,3,34.00,19.00,0,1,1
5/3/18-7:25:39,142,54,101,56,5,3,35.00,19.00,0,1,1
5/3/18-7:26:40,142,59,104,54,2,1,35.00,19.00,0,1,1
5/3/18-7:27:41,142,55,113,69,4,1,35.00,19.00,0,1,1
5/3/18-7:28:42,141,56,104,52,3,3,35.00,19.00,0,1,3
5/3/18-7:29:43,142,58,106,58,5,2,35.00,19.00,0,1,3
5/3/18-7:30:44,143,58,109,54,4,2,34.00,19.00,0,0,1
5/3/18-7:31:45,141,54,102,56,5,3,34.00,19.00,0,0,1
5/3/18-7:32:46,143,56,94,44,4,3,35.00,19.00,0,1,1
5/3/18-7:33:47,142,56,105,58,7,2,35.00,19.00,0,1,1
5/3/18-7:34:48,142,57,105,56,4,2,34.00,19.00,0,1,1
5/3/18-7:35:49,143,56,101,55,6,3,35.00,19.00,0,1,1
5/3/18-7:36:50,143,56,99,45,4,3,35.00,19.00,0,1,2
5/3/18-7:37:51,141,54,103,57,4,1,34.00,19.00,0,1,2
5/3/18-7:38:52,140,56,106,58,4,3,34.00,19.00,1,1,1
5/3/18-7:39:53,143,53,109,62,4,2,35.00,19.00,1,1,1
5/3/18-7:40:54,142,56,99,51,4,3,35.00,19.00,0,1,1
5/3/18-7:41:55,143,57,109,60,6,3,34.00,19.00,0,1,1
5/3/18-7:42:56,142,57,106,56,4,2,35.00,19.00,0,1,2
5/3/18-7:43:57,140,53,94,44,4,3,35.00,19.00,0,1,2
5/3/18-7:44:58,144,56,104,55,5,3,35.00,18.00,0,0,1
5/3/18-7:45:58,142,58,109,60,2,1,36.00,18.00,0,0,1
5/3/18-7:46:59,143,57,115,76,4,2,34.00,19.00,0,0,1
5/3/18-7:48:0,142,58,99,47,6,2,35.00,19.00,0,0,1
5/3/18-7:49:1,144,56,105,59,4,3,35.00,18.00,0,1,1
5/3/18-7:50:2,143,56,114,62,5,1,37.00,18.00,0,1,1
5/3/18-7:51:3,141,57,106,63,5,2,35.00,18.00,0,0,0
5/3/18-7:52:4,141,54,116,67,6,4,35.00,19.00,0,0,0
5/3/18-7:53:5,142,53,104,59,4,2,33.00,19.00,0,1,1
5/3/18-7:54:6,144,55,99,58,7,3,35.00,19.00,0,1,1
5/3/18-7:55:7,142,57,97,56,3,0,35.00,19.00,0,1,1
5/3/18-7:56:8,142,54,110,55,7,3,34.00,19.00,0,1,1
5/3/18-7:57:9,141,56,101,56,4,1,35.00,19.00,0,1,1
5/3/18-7:58:10,144,58,101,57,5,4,36.00,18.00,0,0,0
5/3/18-7:59:11,143,58,102,57,5,2,35.00,19.00,0,0,0
5/3/18-8:0:12,140,54,114,71,4,2,35.00,19.00,0,0,0
5/3/18-8:1:13,142,56,108,57,6,2,35.00,19.00,0,0,0
5/3/18-8:2:14,142,57,110,62,5,0,35.00,19.00,0,2,4
5/3/18-8:3:15,144,56,105,59,6,1,35.00,19.00,0,1,3
5/3/18-8:4:16,142,54,98,53,6,3,34.00,19.00,0,1,2
5/3/18-8:5:17,141,56,105,56,5,1,34.00,19.00,0,1,2
5/3/18-8:6:18,144,57,109,62,7,3,35.00,19.00,1,1,3
5/3/18-8:7:19,142,57,107,61,3,2,36.00,18.00,0,0,2
5/3/18-8:8:20,142,57,112,56,5,3,36.00,18.00,1,2,2
5/3/18-8:9:21,142,55,126,92,3,2,35.00,19.00,1,2,2
5/3/18-8:10:22,143,54,110,56,3,2,36.00,18.00,0,0,0
5/3/18-8:11:23,142,54,103,54,5,4,36.00,18.00,0,0,0
5/3/18-8:12:24,140,55,107,58,4,1,34.00,19.00,5,6,8
5/3/18-8:13:25,142,57,105,54,6,5,36.00,18.00,5,6,8
5/3/18-8:14:26,142,55,104,58,5,3,36.00,18.00,1,2,2
5/3/18-8:15:27,140,56,104,52,6,4,35.00,19.00,1,2,2
5/3/18-8:16:28,144,55,106,55,4,3,34.00,19.00,1,2,2
5/3/18-8:17:29,143,56,106,57,5,3,35.00,19.00,1,2,2
5/3/18-8:18:30,141,56,109,62,4,1,34.00,19.00,1,2,3
5/3/18-8:19:31,142,55,106,50,4,3,35.00,19.00,1,2,3
5/3/18-8:20:32,141,56,112,75,5,3,36.00,18.00,1,3,5
5/3/18-8:21:33,143,56,108,66,4,1,35.00,19.00,1,3,5
5/3/18-8:22:34,141,56,105,58,6,1,35.00,19.00,0,0,0
5/3/18-8:23:35,143,55,107,49,3,2,36.00,18.00,0,0,0
5/3/18-8:24:36,144,56,108,54,5,3,36.00,18.00,1,2,2
5/3/18-8:25:37,142,54,110,57,6,2,35.00,19.00,1,1,1
5/3/18-8:26:38,140,57,120,67,5,1,35.00,19.00,1,1,3
5/3/18-8:27:39,142,54,98,46,9,2,36.00,18.00,1,1,3
5/3/18-8:28:40,141,56,107,56,7,1,36.00,18.00,0,0,0
5/3/18-8:29:41,143,58,110,60,4,2,36.00,18.00,0,0,0
5/3/18-8:30:42,141,55,109,65,4,2,35.00,19.00,0,0,0
5/3/18-8:31:43,142,54,97,43,7,4,35.00,19.00,0,0,0
5/3/18-8:32:44,144,56,102,55,6,3,35.00,18.00,0,0,0
5/3/18-8:33:45,143,56,103,57,5,3,36.00,18.00,0,0,0
5/3/18-8:34:46,143,56,101,64,5,4,36.00,18.00,0,0,5
5/3/18-8:35:47,142,55,102,50,5,2,36.00,18.00,0,0,5
5/3/18-8:36:48,143,56,106,58,6,4,36.00,18.00,1,3,3
5/3/18-8:37:49,142,57,110,62,7,4,36.00,18.00,1,3,3
5/3/18-8:38:50,141,55,123,85,5,2,36.00,18.00,1,1,3
5/3/18-8:39:51,142,55,123,68,6,1,36.00,18.00,1,1,3
5/3/18-8:40:52,145,56,122,66,5,3,36.00,18.00,0,0,0
5/3/18-8:41:53,143,56,117,66,5,2,36.00,18.00,0,0,0
5/3/18-8:42:54,142,54,106,52,6,2,35.00,19.00,0,1,1
5/3/18-8:43:55,142,56,119,62,7,1,34.00,19.00,0,1,1
5/3/18-8:44:56,143,56,112,59,7,1,37.00,18.00,0,1,2
5/3/18-8:45:57,142,56,110,57,6,3,36.00,18.00,0,1,2
5/3/18-8:46:58,142,54,105,50,6,2,36.00,18.00,0,0,3
5/3/18-8:47:59,140,55,114,57,5,1,34.00,18.00,0,0,3
5/3/18-8:49:0,144,59,111,56,4,2,36.00,18.00,1,1,2
5/3/18-8:50:1,140,56,115,59,4,1,36.00,18.00,0,0,1
5/3/18-8:51:2,142,50,113,53,7,3,36.00,18.00,0,0,0
5/3/18-8:52:3,142,56,118,64,6,1,36.00,18.00,0,0,0
5/3/18-8:53:4,141,57,117,60,6,1,36.00,18.00,1,1,2
5/3/18-8:54:5,143,56,113,63,7,1,35.00,19.00,1,2,3
5/3/18-8:55:6,142,56,106,52,6,3,36.00,18.00,1,1,1
5/3/18-8:56:7,142,56,118,69,7,2,35.00,19.00,1,1,1
5/3/18-8:57:8,142,56,112,66,6,2,35.00,19.00,1,3,4
5/3/18-8:58:9,143,57,108,58,6,3,36.00,18.00,1,3,4
5/3/18-8:59:10,140,54,99,53,5,3,35.00,19.00,1,2,3
5/3/18-9:0:11,143,56,116,60,6,1,35.00,19.00,1,2,3
5/3/18-9:1:12,142,67,115,67,5,3,36.00,18.00,0,1,1
5/3/18-9:2:13,143,60,113,61,3,2,35.00,19.00,0,1,1
5/3/18-9:3:14,143,57,116,67,5,5,36.00,18.00,0,2,3
5/3/18-9:4:15,143,56,109,59,5,4,36.00,18.00,0,2,3
5/3/18-9:5:16,143,57,114,64,4,2,35.00,19.00,1,2,2
5/3/18-9:6:17,142,59,117,56,3,1,35.00,19.00,0,1,1
5/3/18-9:7:18,140,56,113,57,5,2,36.00,18.00,1,1,2
5/3/18-9:8:19,141,57,113,56,4,2,36.00,18.00,1,1,2
5/3/18-9:9:20,141,58,117,70,4,0,36.00,18.00,0,2,2
5/3/18-9:10:21,141,58,119,52,5,3,35.00,19.00,0,2,2
5/3/18-9:11:22,143,57,116,60,9,3,34.00,19.00,0,1,1
5/3/18-9:12:23,143,64,125,81,5,4,35.00,19.00,0,1,1
5/3/18-9:13:24,142,57,108,59,6,2,35.00,19.00,0,1,1
5/3/18-9:14:25,141,52,125,59,4,3,35.00,19.00,0,1,1
5/3/18-9:15:26,142,58,122,63,5,1,35.00,19.00,1,3,5
5/3/18-9:16:27,142,56,118,60,5,3,35.00,19.00,1,2,5
5/3/18-9:17:28,142,57,103,55,6,2,35.00,19.00,0,1,2
5/3/18-9:18:29,142,59,100,49,4,2,35.00,19.00,0,1,2
5/3/18-9:19:30,142,57,112,55,6,1,35.00,20.00,1,2,2
5/3/18-9:20:31,142,57,101,53,2,1,35.00,19.00,1,2,2
5/3/18-9:21:32,141,57,124,71,7,2,35.00,20.00,0,2,2
5/3/18-9:22:33,141,58,129,105,4,2,35.00,20.00,0,2,2
5/3/18-9:23:34,142,57,118,67,5,4,35.00,20.00,1,2,2
5/3/18-9:24:35,141,61,114,54,5,3,35.00,19.00,0,1,1
5/3/18-9:25:36,142,57,112,55,5,3,35.00,20.00,1,1,2
5/3/18-9:26:37,143,54,94,44,4,3,35.00,19.00,1,1,2
5/3/18-9:27:38,142,57,117,65,5,1,35.00,20.00,1,3,4
5/3/18-9:28:39,143,59,98,54,5,3,35.00,20.00,0,2,2
5/3/18-9:29:40,141,57,115,49,5,4,35.00,19.00,1,4,4
5/3/18-9:30:41,141,59,103,54,3,2,35.00,20.00,1,4,4
5/3/18-9:31:42,141,57,112,59,4,3,35.00,19.00,2,4,5
5/3/18-9:32:43,144,59,111,60,5,0,35.00,20.00,2,4,5
5/3/18-9:33:44,141,55,111,49,3,1,35.00,19.00,2,4,5
5/3/18-9:34:45,141,58,117,62,4,2,34.00,20.00,2,4,5
5/3/18-9:35:46,141,57,115,56,4,3,35.00,20.00,0,1,1
5/3/18-9:36:47,140,57,106,57,5,1,35.00,20.00,0,1,1
5/3/18-9:37:48,139,56,135,121,5,2,35.00,20.00,0,0,0
5/3/18-9:38:49,142,60,106,51,2,1,35.00,20.00,0,0,0
5/3/18-9:39:50,142,59,112,53,3,2,35.00,20.00,0,0,0
5/3/18-9:40:51,143,60,117,74,2,1,35.00,20.00,0,0,0
5/3/18-9:41:52,140,57,102,57,4,2,35.00,20.00,0,0,0
5/3/18-9:42:53,141,58,112,72,5,2,35.00,20.00,0,0,0
5/3/18-9:43:54,143,59,112,74,5,2,35.00,20.00,1,1,1
5/3/18-9:44:55,139,58,113,63,4,1,35.00,20.00,1,1,1
5/3/18-9:45:56,141,55,89,43,5,4,35.00,20.00,0,0,1
5/3/18-9:46:57,141,58,96,58,4,1,35.00,20.00,0,0,1
5/3/18-9:47:58,140,62,125,62,3,2,35.00,20.00,0,0,0
5/3/18-9:48:59,138,56,120,72,5,2,35.00,20.00,0,0,0
5/3/18-9:50:0,141,56,100,45,5,4,35.00,20.00,0,0,0
5/3/18-9:51:1,142,58,103,51,4,1,35.00,20.00,0,0,0
5/3/18-9:52:2,141,56,104,54,9,1,35.00,20.00,0,0,0
5/3/18-9:53:3,141,57,120,60,6,2,35.00,20.00,0,0,0
5/3/18-9:54:4,141,56,122,102,4,2,35.00,20.00,0,1,1
5/3/18-9:55:5,141,58,110,54,3,3,35.00,20.00,0,1,1
5/3/18-9:56:6,140,58,117,63,4,1,35.00,20.00,1,1,1
5/3/18-9:57:7,141,56,118,106,5,4,35.00,20.00,1,1,1
5/3/18-9:58:8,141,56,126,84,7,2,35.00,20.00,1,1,1
5/3/18-9:59:9,141,58,109,75,4,1,35.00,20.00,0,0,0
5/3/18-10:0:10,139,55,103,52,4,2,35.00,20.00,1,2,2
5/3/18-10:1:11,141,56,117,60,5,3,35.00,20.00,1,2,2
5/3/18-10:2:11,140,59,103,53,3,2,33.00,20.00,0,0,0
5/3/18-10:3:12,140,59,114,59,5,1,35.00,20.00,0,0,0
5/3/18-10:4:13,140,55,105,54,3,3,35.00,20.00,1,2,2
5/3/18-10:5:14,139,56,100,50,5,3,34.00,21.00,1,2,2
5/3/18-10:6:15,143,60,110,57,4,1,35.00,20.00,1,1,1
5/3/18-10:7:16,142,63,111,52,5,2,35.00,20.00,1,1,1
5/3/18-10:8:17,139,56,118,68,5,1,35.00,20.00,1,2,2
5/3/18-10:9:18,138,57,120,60,6,2,35.00,20.00,1,2,2
5/3/18-10:10:19,140,57,103,58,5,1,34.00,21.00,0,2,2
5/3/18-10:11:20,141,58,137,63,4,2,35.00,20.00,0,2,3
5/3/18-10:12:21,138,58,119,81,4,2,35.00,20.00,0,0,0
5/3/18-10:13:22,140,56,131,55,7,3,34.00,21.00,0,0,0
5/3/18-10:14:23,138,59,114,57,4,3,34.00,21.00,0,1,1
5/3/18-10:15:24,138,59,113,63,4,2,34.00,21.00,0,1,1
5/3/18-10:16:25,139,58,109,73,4,1,34.00,21.00,0,0,0
5/3/18-10:17:26,140,59,101,54,4,2,34.00,21.00,0,1,1
5/3/18-10:18:27,140,58,104,60,5,3,34.00,21.00,0,0,0
5/3/18-10:19:28,139,57,119,59,5,3,34.00,21.00,0,0,0
5/3/18-10:20:29,139,57,106,56,7,3,34.00,20.00,0,1,1
5/3/18-10:21:30,141,59,118,66,5,2,34.00,21.00,0,1,1
5/3/18-10:22:31,141,58,114,67,4,2,34.00,21.00,0,0,1
5/3/18-10:23:32,141,59,125,62,2,0,35.00,20.00,0,0,0
5/3/18-10:24:33,137,56,103,45,5,2,34.00,21.00,0,0,0
5/3/18-10:25:34,142,58,128,82,4,0,35.00,20.00,0,0,0
5/3/18-10:26:35,139,56,108,73,4,2,34.00,21.00,0,0,0
5/3/18-10:27:36,139,59,101,58,4,3,34.00,21.00,0,0,0
5/3/18-10:28:37,139,54,98,48,3,2,34.00,21.00,0,0,0
5/3/18-10:29:38,140,57,101,69,6,1,33.00,21.00,0,0,0
5/3/18-10:30:39,140,57,99,72,3,1,34.00,21.00,0,0,0
5/3/18-10:31:40,137,57,119,74,4,1,34.00,21.00,0,0,0
5/3/18-10:32:41,139,61,104,48,2,2,34.00,21.00,0,0,2
5/3/18-10:33:42,141,56,111,54,3,3,34.00,21.00,0,0,2
5/3/18-10:34:43,139,61,109,55,4,3,34.00,21.00,0,0,0
5/3/18-10:35:44,136,58,125,67,4,1,34.00,21.00,0,0,0
5/3/18-10:36:45,138,57,109,49,4,2,34.00,21.00,0,0,0
5/3/18-10:37:46,140,57,121,100,5,2,34.00,21.00,0,0,0
5/3/18-10:38:47,140,59,118,63,4,2,34.00,21.00,0,0,0
5/3/18-10:39:48,138,59,98,52,3,2,34.00,22.00,0,0,0
5/3/18-10:40:49,140,56,104,44,3,3,34.00,21.00,0,0,0
5/3/18-10:41:50,137,58,90,50,4,2,34.00,21.00,0,0,0
5/3/18-10:42:51,140,57,89,51,5,3,34.00,21.00,0,0,0
5/3/18-10:43:52,136,56,87,55,5,1,35.00,20.00,0,0,0
5/3/18-10:44:53,139,56,108,53,4,3,34.00,21.00,0,0,2
5/3/18-10:45:54,138,56,107,64,6,2,34.00,21.00,0,0,2
5/3/18-10:46:55,138,58,101,55,2,0,34.00,21.00,0,0,0
5/3/18-10:47:56,137,58,132,69,4,0,34.00,21.00,0,0,0
5/3/18-10:48:57,138,50,128,56,4,3,34.00,21.00,0,0,0
5/3/18-10:49:58,138,57,123,86,5,2,34.00,21.00,0,0,0
5/3/18-10:50:59,137,56,141,63,4,3,34.00,21.00,0,0,0
5/3/18-10:52:0,138,56,110,56,4,1,34.00,21.00,0,0,0
5/3/18-10:53:1,139,57,90,45,3,3,34.00,21.00,0,0,0
5/3/18-10:54:2,140,58,109,59,3,2,34.00,21.00,0,0,0
5/3/18-10:55:3,138,57,109,78,5,4,34.00,21.00,0,0,3
5/3/18-10:56:4,139,57,114,89,5,1,127.00,21.00,0,0,3
5/3/18-10:57:5,141,57,91,49,4,3,34.00,21.00,0,0,0
5/3/18-10:58:6,137,58,100,57,2,1,34.00,21.00,0,0,0
5/3/18-10:59:7,138,56,95,57,3,1,34.00,21.00,0,0,0
5/3/18-11:0:8,136,55,90,44,4,3,34.00,21.00,0,0,0
5/3/18-11:1:9,140,59,130,83,3,3,34.00,21.00,0,0,0
5/3/18-11:2:10,138,57,108,55,5,2,34.00,21.00,0,0,0
5/3/18-11:3:11,137,57,114,71,5,1,34.00,22.00,0,0,0
5/3/18-11:4:12,137,58,105,70,3,2,33.00,21.00,0,0,0
5/3/18-11:5:13,138,57,127,87,4,2,33.00,21.00,0,0,1
5/3/18-11:6:14,137,58,107,60,3,2,34.00,22.00,0,0,1
5/3/18-11:7:15,138,58,121,63,3,1,34.00,22.00,0,0,0
5/3/18-11:8:16,138,61,96,43,4,3,34.00,22.00,0,0,0
5/3/18-11:9:17,137,58,94,52,5,1,34.00,21.00,0,0,0
5/3/18-11:10:18,137,58,134,73,3,2,33.00,22.00,0,0,0
5/3/18-11:11:19,139,59,115,68,2,0,34.00,22.00,0,0,0
5/3/18-11:12:20,141,57,118,52,2,1,34.00,22.00,0,0,0
5/3/18-11:13:21,136,56,119,82,6,2,34.00,22.00,0,0,1
5/3/18-11:14:22,139,56,128,61,5,3,34.00,22.00,0,0,1
5/3/18-11:15:23,138,56,108,73,2,2,34.00,22.00,0,0,0
5/3/18-11:16:24,138,56,105,49,5,3,34.00,22.00,0,0,0
5/3/18-11:17:25,136,57,105,54,3,2,34.00,22.00,0,0,0
5/3/18-11:18:26,138,56,98,55,4,1,34.00,22.00,0,1,1
5/3/18-11:19:27,139,58,91,65,4,2,34.00,22.00,0,0,0
5/3/18-11:20:28,137,55,97,67,5,2,34.00,22.00,0,0,0
5/3/18-11:21:29,139,61,145,82,3,1,34.00,22.00,0,0,0
5/3/18-11:22:30,140,57,115,57,6,2,34.00,22.00,0,0,0
5/3/18-11:23:31,136,56,128,87,5,3,34.00,22.00,0,0,0
5/3/18-11:24:32,139,56,102,61,4,3,34.00,22.00,0,0,0
5/3/18-11:25:33,137,59,135,93,4,2,34.00,22.00,0,0,0
5/3/18-11:26:34,137,57,95,50,4,3,34.00,22.00,0,0,0
5/3/18-11:27:35,137,57,108,57,3,2,34.00,22.00,0,0,1
5/3/18-11:28:36,135,53,107,46,4,3,34.00,22.00,0,0,1
5/3/18-11:29:37,138,59,90,51,5,4,34.00,22.00,0,0,0
5/3/18-11:30:38,137,56,110,76,3,3,34.00,22.00,0,0,0
5/3/18-11:31:39,136,56,95,52,6,1,34.00,22.00,0,0,0
5/3/18-11:32:40,139,58,122,62,2,2,34.00,22.00,0,0,0
5/3/18-11:33:41,136,57,98,54,4,2,34.00,22.00,0,0,0
5/3/18-11:34:42,136,57,132,64,5,3,34.00,22.00,0,0,0
5/3/18-11:35:43,134,56,108,56,2,1,34.00,22.00,0,1,3
5/3/18-11:36:44,134,56,101,50,5,2,34.00,22.00,0,1,3
5/3/18-11:37:45,136,57,105,62,5,1,34.00,22.00,0,0,0
5/3/18-11:38:46,136,57,104,57,2,2,34.00,22.00,0,0,0
5/3/18-11:39:47,133,56,96,47,9,2,34.00,22.00,0,0,0
5/3/18-11:40:48,136,58,97,55,3,1,34.00,22.00,0,0,0
5/3/18-11:41:49,136,59,106,53,2,0,34.00,22.00,0,0,0
5/3/18-11:42:50,135,56,101,53,3,2,34.00,22.00,0,0,0
5/3/18-11:43:51,136,54,108,55,6,5,34.00,22.00,0,0,0
5/3/18-11:44:52,137,59,93,52,3,1,34.00,22.00,0,0,0
5/3/18-11:45:53,135,58,110,55,5,0,35.00,22.00,0,0,0
5/3/18-11:46:54,137,58,110,60,2,1,34.00,22.00,0,0,0
5/3/18-11:47:55,137,55,91,44,4,3,34.00,22.00,0,0,0
5/3/18-11:48:56,135,55,113,75,7,1,32.00,22.00,0,0,0
5/3/18-11:49:57,135,56,109,82,5,2,34.00,22.00,0,0,0
5/3/18-11:50:58,135,57,110,69,4,2,34.00,22.00,0,0,0
5/3/18-11:51:59,133,54,111,67,5,3,34.00,22.00,0,0,0
5/3/18-11:53:0,135,58,111,62,4,1,34.00,22.00,0,0,0
5/3/18-11:54:1,136,57,102,66,4,2,34.00,22.00,0,0,1
5/3/18-11:55:2,134,56,111,65,5,3,34.00,22.00,0,0,1
5/3/18-11:56:3,133,56,99,41,6,2,34.00,22.00,0,0,0
5/3/18-11:57:4,134,56,95,55,5,2,34.00,22.00,0,0,0
5/3/18-11:58:5,136,59,103,56,3,1,34.00,22.00,0,0,0
5/3/18-11:59:6,135,60,92,54,4,3,34.00,22.00,0,0,0
5/3/18-12:0:7,136,60,103,45,4,2,34.00,22.00,0,0,0
5/3/18-12:1:8,136,58,121,57,5,2,34.00,22.00,0,0,0
5/3/18-12:2:9,137,56,114,68,4,3,34.00,22.00,0,0,0
5/3/18-12:3:10,136,57,128,80,3,2,34.00,22.00,0,0,0
5/3/18-12:4:11,133,60,94,42,5,3,34.00,22.00,0,1,2
5/3/18-12:5:12,136,59,98,49,5,3,34.00,22.00,0,1,2
5/3/18-12:6:13,134,58,111,62,2,1,34.00,22.00,1,3,3
5/3/18-12:7:14,135,59,124,58,5,3,34.00,22.00,1,2,2
5/3/18-12:8:15,135,57,99,54,3,3,34.00,22.00,1,2,2
5/3/18-12:9:16,135,58,105,57,9,3,34.00,22.00,1,2,2
5/3/18-12:10:17,136,67,108,58,4,2,34.00,22.00,1,2,2
5/3/18-12:11:18,135,56,143,78,4,2,34.00,22.00,1,2,2
5/3/18-12:12:19,134,57,94,40,4,2,34.00,22.00,0,1,1
5/3/18-12:13:20,136,59,96,50,4,2,34.00,22.00,0,1,1
5/3/18-12:14:21,136,58,89,51,3,2,34.00,22.00,0,0,0
5/3/18-12:15:22,134,58,123,66,2,1,34.00,22.00,0,0,0
5/3/18-12:16:23,135,59,125,58,4,3,34.00,22.00,0,0,0
5/3/18-12:17:24,135,58,147,57,6,2,34.00,22.00,0,0,0
5/3/18-12:18:25,135,58,124,59,4,1,33.00,23.00,0,0,0
5/3/18-12:19:26,133,57,91,50,4,1,33.00,23.00,0,0,0
5/3/18-12:20:27,136,59,101,53,3,2,33.00,23.00,0,0,0
5/3/18-12:21:28,136,59,120,60,2,1,34.00,22.00,0,0,0
5/3/18-12:22:29,136,59,110,89,4,3,34.00,22.00,0,0,0
5/3/18-12:23:30,133,57,86,42,3,3,33.00,23.00,0,0,0
5/3/18-12:24:31,135,59,107,57,4,3,32.00,23.00,0,0,1
5/3/18-12:25:32,135,57,105,65,5,5,34.00,22.00,0,0,1
5/3/18-12:26:33,134,59,128,58,4,2,34.00,22.00,0,0,0
5/3/18-12:27:34,135,57,114,54,2,3,33.00,23.00,0,0,0
5/3/18-12:28:35,135,59,110,55,4,2,33.00,22.00,0,0,0
5/3/18-12:29:36,133,60,98,53,3,1,34.00,23.00,0,0,0
5/3/18-12:30:37,134,60,105,58,4,3,32.00,23.00,0,0,0
5/3/18-12:31:38,133,57,126,79,5,3,33.00,23.00,0,0,0
5/3/18-12:32:39,135,57,132,101,5,3,31.00,23.00,1,1,1
5/3/18-12:33:40,134,59,117,73,3,2,33.00,23.00,1,1,1
5/3/18-12:34:41,135,59,132,90,2,0,33.00,23.00,0,1,1
5/3/18-12:35:42,135,60,109,45,4,4,33.00,23.00,0,1,1
5/3/18-12:36:43,135,60,114,63,4,1,33.00,23.00,0,0,0
5/3/18-12:37:44,133,59,121,67,3,3,33.00,23.00,0,0,0
5/3/18-12:38:44,133,62,104,53,3,2,33.00,23.00,0,0,0
5/3/18-12:39:45,133,55,103,45,7,3,33.00,23.00,0,0,0
5/3/18-12:40:46,133,59,113,46,3,1,33.00,23.00,0,0,0
5/3/18-12:41:47,132,59,120,65,4,1,33.00,23.00,0,0,0
5/3/18-12:42:48,134,58,104,54,4,3,33.00,23.00,0,1,1
5/3/18-12:43:49,135,59,114,60,2,2,34.00,22.00,0,0,0
5/3/18-12:44:50,133,62,116,66,4,1,33.00,23.00,0,1,1
5/3/18-12:45:51,134,68,137,73,2,0,33.00,23.00,0,0,0
5/3/18-12:46:52,134,58,128,77,4,3,33.00,23.00,0,0,0
5/3/18-12:47:53,135,57,119,54,3,1,33.00,23.00,0,0,0
5/3/18-12:48:54,133,57,107,60,6,2,33.00,23.00,0,1,1
5/3/18-12:49:55,133,58,118,63,3,2,33.00,23.00,0,0,0
5/3/18-12:50:56,134,61,126,66,5,2,33.00,23.00,0,1,1
5/3/18-12:51:57,134,58,95,43,2,0,33.00,23.00,0,0,0
5/3/18-12:52:58,135,57,113,57,5,3,33.00,23.00,0,1,1
5/3/18-12:53:59,132,58,111,60,3,1,33.00,23.00,0,1,1
5/3/18-12:55:0,132,57,111,63,5,2,33.00,23.00,0,0,0
5/3/18-12:56:1,133,58,97,51,5,3,34.00,22.00,0,0,0
5/3/18-12:57:2,134,59,122,56,3,2,33.00,23.00,0,1,3
5/3/18-12:58:3,135,62,115,62,3,1,34.00,22.00,0,1,3
5/3/18-12:59:4,133,59,125,77,4,3,33.00,23.00,0,0,0
5/3/18-13:0:5,133,59,134,76,3,2,33.00,23.00,0,0,0
5/3/18-13:1:6,134,58,127,80,4,2,33.00,23.00,1,1,1
5/3/18-13:2:7,133,57,118,83,7,3,33.00,23.00,0,1,1
5/3/18-13:3:8,131,59,111,50,4,2,33.00,23.00,0,2,2
5/3/18-13:4:9,133,60,122,66,3,3,33.00,23.00,0,2,2
5/3/18-13:5:10,135,59,125,78,4,1,33.00,23.00,0,0,0
5/3/18-13:6:11,134,60,105,62,4,1,33.00,23.00,0,0,0
5/3/18-13:7:12,132,57,131,61,5,3,33.00,23.00,0,0,0
5/3/18-13:8:13,135,61,131,73,2,2,32.00,23.00,0,0,0
5/3/18-13:9:14,135,60,132,78,2,2,34.00,23.00,0,0,0
5/3/18-13:10:15,135,61,123,64,4,1,33.00,23.00,0,0,0
5/3/18-13:11:16,133,57,119,64,5,2,33.00,23.00,0,0,0
5/3/18-13:12:17,134,57,130,77,3,2,31.00,23.00,0,0,0
5/3/18-13:13:18,135,58,106,57,4,3,33.00,23.00,0,0,3
5/3/18-13:14:19,133,54,117,63,4,1,33.00,23.00,0,0,4
5/3/18-13:15:20,133,56,101,44,5,3,33.00,23.00,0,0,1
5/3/18-13:16:21,132,59,145,91,4,3,33.00,23.00,0,0,1
5/3/18-13:17:22,134,61,126,60,4,3,33.00,23.00,0,0,0
5/3/18-13:18:23,132,57,116,60,4,2,33.00,23.00,0,0,0
5/3/18-13:19:24,132,59,103,48,4,3,33.00,23.00,0,0,0
5/3/18-13:20:25,133,58,120,67,4,3,33.00,23.00,0,0,0
5/3/18-13:21:26,135,58,108,62,4,3,33.00,23.00,0,0,0
5/3/18-13:22:27,131,57,127,74,1,1,33.00,23.00,0,0,0
5/3/18-13:23:28,132,58,108,49,5,3,33.00,23.00,0,0,0
5/3/18-13:24:29,134,59,107,56,6,2,33.00,23.00,0,0,0
5/3/18-13:25:30,133,58,103,60,5,3,33.00,23.00,0,0,1
5/3/18-13:26:31,133,57,116,65,5,3,33.00,23.00,0,0,2
5/3/18-13:27:32,134,59,100,47,3,3,33.00,23.00,0,0,0
5/3/18-13:28:33,133,58,110,75,5,2,33.00,23.00,0,0,0
5/3/18-13:29:34,135,59,124,57,4,3,32.00,23.00,0,0,0
5/3/18-13:30:35,133,57,114,60,5,2,33.00,23.00,0,0,0
5/3/18-13:31:36,134,58,117,62,3,3,33.00,23.00,0,0,0
5/3/18-13:32:37,133,59,103,59,4,1,33.00,23.00,0,0,0
5/3/18-13:33:38,133,58,120,81,5,2,33.00,23.00,0,0,2
5/3/18-13:34:39,133,58,115,67,2,1,33.00,23.00,0,0,2
5/3/18-13:35:40,133,55,106,52,5,4,33.00,23.00,1,3,3
5/3/18-13:36:41,133,56,114,68,4,4,33.00,23.00,1,3,3
5/3/18-13:37:42,133,59,107,58,7,1,33.00,23.00,0,1,4
5/3/18-13:38:43,132,60,109,54,4,1,33.00,23.00,0,1,4
5/3/18-13:39:44,132,56,120,57,5,4,33.00,23.00,0,0,0
5/3/18-13:40:45,131,57,112,58,5,3,33.00,23.00,0,0,0
5/3/18-13:41:46,133,58,99,55,6,3,33.00,23.00,0,0,0
5/3/18-13:42:47,131,58,97,54,3,1,33.00,23.00,0,0,0
5/3/18-13:43:48,134,61,96,57,6,4,33.00,23.00,0,0,0
5/3/18-13:44:49,132,58,109,63,5,1,33.00,23.00,0,0,0
5/3/18-13:45:50,133,58,117,61,4,3,32.00,24.00,0,0,0
5/3/18-13:46:51,131,58,139,79,4,2,33.00,23.00,0,0,0
5/3/18-13:47:52,135,67,116,61,4,1,33.00,23.00,0,0,0
5/3/18-13:48:53,134,59,129,70,4,1,33.00,23.00,0,0,0
5/3/18-13:49:54,135,59,122,74,5,3,33.00,23.00,0,0,0
5/3/18-13:50:55,131,57,108,53,3,2,33.00,23.00,0,0,0
5/3/18-13:51:56,132,60,107,60,4,3,32.00,23.00,0,0,0
5/3/18-13:52:57,132,59,119,67,4,2,33.00,23.00,0,0,0
5/3/18-13:53:58,134,61,99,54,4,3,33.00,23.00,0,0,0
5/3/18-13:54:59,131,59,108,55,6,2,33.00,23.00,0,0,0
5/3/18-13:56:0,135,59,113,59,5,3,31.00,23.00,1,2,2
5/3/18-13:57:1,133,59,125,75,5,2,33.00,23.00,1,2,2
5/3/18-13:58:2,134,61,123,71,4,4,33.00,23.00,0,1,1
5/3/18-13:59:3,132,60,118,56,4,2,33.00,23.00,0,1,1
5/3/18-14:0:4,133,61,118,64,3,2,33.00,23.00,1,2,2
5/3/18-14:1:5,132,57,141,108,5,2,33.00,24.00,1,2,2
5/3/18-14:2:6,133,60,116,58,3,2,33.00,24.00,0,0,2
5/3/18-14:3:7,133,59,101,54,5,3,33.00,24.00,0,0,2
5/3/18-14:4:8,134,60,126,65,4,2,33.00,24.00,1,1,2
5/3/18-14:5:9,131,61,103,56,3,2,33.00,24.00,1,1,2
5/3/18-14:6:10,131,60,105,59,3,2,33.00,23.00,0,1,2
5/3/18-14:7:11,129,57,102,52,7,2,33.00,23.00,0,1,2
5/3/18-14:8:12,133,60,99,65,3,2,33.00,23.00,0,1,1
5/3/18-14:9:13,132,59,108,58,4,2,33.00,23.00,0,1,1
5/3/18-14:10:14,133,61,113,66,3,0,33.00,23.00,0,0,0
5/3/18-14:11:15,133,57,105,52,5,3,33.00,23.00,0,0,0
5/3/18-14:12:16,133,60,133,67,4,3,33.00,24.00,0,0,0
5/3/18-14:13:17,132,56,121,62,5,4,33.00,24.00,0,1,1
5/3/18-14:14:18,133,59,130,66,5,2,33.00,24.00,0,1,2
5/3/18-14:15:19,131,58,111,61,6,2,33.00,23.00,0,1,2
5/3/18-14:16:20,133,59,129,67,5,2,33.00,23.00,0,1,1
5/3/18-14:17:21,133,62,110,62,2,1,33.00,23.00,0,1,1
5/3/18-14:18:22,130,59,111,65,3,1,33.00,23.00,0,1,2
5/3/18-14:19:23,133,58,105,50,5,4,33.00,24.00,0,1,2
5/3/18-14:20:24,134,58,113,66,4,3,33.00,24.00,1,1,2
5/3/18-14:21:25,131,60,120,60,2,2,33.00,23.00,1,1,2
5/3/18-14:22:26,131,60,116,64,5,3,33.00,24.00,0,0,0
5/3/18-14:23:27,133,59,116,60,5,1,33.00,24.00,0,0,0
5/3/18-14:24:28,131,58,120,64,4,1,33.00,24.00,0,2,2
5/3/18-14:25:29,130,62,106,63,4,0,33.00,24.00,0,1,1
5/3/18-14:26:30,130,59,104,56,4,0,33.00,24.00,1,2,2
5/3/18-14:27:31,133,61,114,62,4,2,33.00,23.00,1,2,2
5/3/18-14:28:32,131,58,109,63,5,3,33.00,24.00,0,1,1
5/3/18-14:29:33,131,58,111,62,4,1,33.00,24.00,1,2,2
5/3/18-14:30:34,131,59,117,62,4,2,33.00,23.00,1,2,2
5/3/18-14:31:35,133,60,128,69,4,3,33.00,24.00,1,2,2
5/3/18-14:32:36,131,60,126,84,3,3,33.00,24.00,0,0,0
5/3/18-14:33:37,133,61,117,60,2,1,33.00,24.00,0,1,1
5/3/18-14:34:38,132,61,111,60,4,2,33.00,24.00,0,1,1
5/3/18-14:35:39,133,60,105,57,4,2,32.00,24.00,0,1,1
5/3/18-14:36:40,133,59,113,64,5,2,34.00,23.00,1,2,2
5/3/18-14:37:41,133,61,111,86,4,3,33.00,24.00,1,2,2
5/3/18-14:38:42,130,57,99,48,5,4,33.00,23.00,0,1,1
5/3/18-14:39:43,133,59,108,60,4,3,31.00,24.00,0,1,1
5/3/18-14:40:44,131,59,125,65,4,1,33.00,24.00,1,1,1
5/3/18-14:41:45,133,58,108,75,5,3,33.00,24.00,1,1,1
5/3/18-14:42:46,130,58,119,58,5,3,33.00,24.00,1,2,3
5/3/18-14:43:47,132,61,120,74,3,1,33.00,23.00,1,2,3
5/3/18-14:44:48,131,59,117,69,3,2,33.00,24.00,1,1,3
5/3/18-14:45:49,132,61,125,87,4,3,33.00,24.00,1,1,3
5/3/18-14:46:50,131,61,96,50,4,2,33.00,24.00,1,2,4
5/3/18-14:47:51,134,60,114,62,3,2,33.00,24.00,0,1,3
5/3/18-14:48:52,131,60,113,72,3,1,33.00,24.00,0,1,1
5/3/18-14:49:53,130,58,113,69,4,3,33.00,24.00,0,1,1
5/3/18-14:50:54,130,61,117,71,3,0,33.00,24.00,1,1,1
5/3/18-14:51:55,131,61,121,81,3,2,33.00,24.00,1,1,1
5/3/18-14:52:56,131,58,102,62,4,4,33.00,24.00,0,1,1
5/3/18-14:53:57,134,59,108,73,3,1,33.00,24.00,0,2,2
5/3/18-14:54:58,133,59,112,54,3,1,33.00,24.00,1,1,1
5/3/18-14:55:59,133,60,107,59,3,3,33.00,24.00,1,1,1
5/3/18-14:57:0,131,58,106,58,6,1,33.00,24.00,0,0,0
5/3/18-14:58:1,132,60,122,77,4,3,33.00,23.00,0,0,0
5/3/18-14:59:2,133,58,105,49,4,2,33.00,24.00,0,2,2
5/3/18-15:0:3,131,59,113,77,4,4,33.00,24.00,0,2,2
5/3/18-15:1:4,130,59,118,67,6,2,33.00,23.00,1,1,2
5/3/18-15:2:5,132,59,104,65,2,2,33.00,24.00,1,1,2
5/3/18-15:3:6,131,62,109,57,3,2,33.00,24.00,1,2,2
5/3/18-15:4:7,132,59,124,80,3,1,33.00,24.00,1,2,2
5/3/18-15:5:8,133,60,100,61,5,3,33.00,24.00,1,2,2
5/3/18-15:6:9,130,59,84,46,5,3,33.00,24.00,1,2,2
5/3/18-15:7:10,133,62,107,59,3,0,33.00,24.00,0,1,1
5/3/18-15:8:11,131,61,133,86,2,1,33.00,24.00,0,1,1
5/3/18-15:9:12,131,60,111,69,4,3,33.00,24.00,1,2,2
5/3/18-15:10:13,129,59,118,47,4,1,32.00,25.00,1,2,2
5/3/18-15:11:14,131,59,112,61,5,1,31.00,25.00,0,0,0
5/3/18-15:12:15,132,60,96,50,2,0,34.00,24.00,0,0,0
5/3/18-15:13:16,131,58,88,54,6,1,33.00,23.00,1,1,1
5/3/18-15:14:17,129,57,89,52,5,3,33.00,24.00,1,1,1
5/3/18-15:15:18,132,59,122,65,5,3,31.00,23.00,0,1,1
5/3/18-15:16:19,132,61,115,65,2,0,33.00,24.00,0,1,1
5/3/18-15:17:20,132,61,103,56,3,3,33.00,24.00,0,0,0
5/3/18-15:18:21,130,59,116,51,4,3,33.00,24.00,0,0,0
5/3/18-15:19:22,134,63,116,62,2,2,33.00,24.00,0,1,1
5/3/18-15:20:23,130,60,106,65,3,1,33.00,24.00,0,1,1
5/3/18-15:21:24,130,57,98,57,3,1,33.00,24.00,0,0,2
5/3/18-15:22:25,130,59,149,75,5,3,33.00,24.00,0,0,2
5/3/18-15:23:26,131,60,129,63,2,0,33.00,24.00,1,1,1
5/3/18-15:24:27,131,59,92,55,5,4,33.00,24.00,0,0,0
5/3/18-15:25:28,130,60,102,70,4,2,33.00,24.00,0,0,0
5/3/18-15:26:29,129,59,98,59,4,3,33.00,24.00,0,0,0
5/3/18-15:27:30,131,59,108,71,4,3,33.00,23.00,0,1,1
5/3/18-15:28:31,130,60,109,73,4,1,33.00,23.00,0,1,1
5/3/18-15:29:32,129,60,94,57,4,1,33.00,24.00,0,1,3
5/3/18-15:30:33,132,59,141,83,3,3,33.00,24.00,0,1,3
5/3/18-15:31:34,133,59,108,61,3,2,33.00,24.00,0,2,2
5/3/18-15:32:35,129,59,115,66,6,2,33.00,24.00,1,2,2
5/3/18-15:33:36,131,63,107,62,3,1,33.00,24.00,0,2,2
5/3/18-15:34:37,129,59,111,61,5,2,33.00,24.00,0,2,2
5/3/18-15:35:38,132,60,90,52,2,0,33.00,24.00,0,1,1
5/3/18-15:36:39,131,58,112,66,6,1,33.00,24.00,0,1,1
5/3/18-15:37:40,130,59,119,88,5,1,33.00,24.00,0,0,0
5/3/18-15:38:41,130,58,108,46,4,3,33.00,24.00,0,0,0
5/3/18-15:39:42,132,60,116,85,3,1,33.00,24.00,0,1,3
5/3/18-15:40:43,130,59,101,70,5,1,33.00,24.00,0,1,3
5/3/18-15:41:44,130,61,100,63,5,1,33.00,24.00,1,3,4
5/3/18-15:42:45,131,61,112,71,4,2,33.00,24.00,1,3,4
5/3/18-15:43:46,131,58,126,79,5,5,33.00,24.00,1,1,1
5/3/18-15:44:47,131,57,104,77,3,2,32.00,25.00,1,1,1
5/3/18-15:45:48,132,57,134,67,3,3,33.00,24.00,1,1,1
5/3/18-15:46:49,130,59,119,66,5,1,33.00,24.00,1,1,1
5/3/18-15:47:50,132,61,120,67,3,3,33.00,24.00,1,1,1
5/3/18-15:48:50,131,55,121,66,3,2,33.00,24.00,0,1,1
5/3/18-15:49:51,132,67,116,113,4,3,32.00,25.00,1,1,1
5/3/18-15:50:52,132,59,94,55,4,1,33.00,24.00,1,1,1
5/3/18-15:51:53,133,62,131,85,3,2,32.00,25.00,1,1,3
5/3/18-15:52:54,131,58,115,66,4,3,32.00,25.00,1,1,3
5/3/18-15:53:55,128,59,93,56,4,2,32.00,25.00,0,1,1
5/3/18-15:54:56,131,60,96,54,3,3,32.00,24.00,0,1,1
5/3/18-15:55:57,132,60,105,69,2,3,33.00,24.00,0,1,1
5/3/18-15:56:58,130,62,101,63,4,1,33.00,24.00,0,1,1
5/3/18-15:57:59,128,59,100,60,4,4,33.00,24.00,1,1,1
5/3/18-15:59:0,130,60,91,55,5,2,31.00,24.00,1,1,1
5/3/18-16:0:1,132,61,97,60,3,2,33.00,24.00,1,2,2
5/3/18-16:1:2,130,57,109,60,3,2,33.00,24.00,1,2,2
5/3/18-16:2:3,129,58,88,51,5,2,33.00,24.00,0,0,0
5/3/18-16:3:4,133,61,147,128,4,3,33.00,24.00,0,0,0
5/3/18-16:4:5,132,62,120,62,3,2,33.00,24.00,1,1,1
5/3/18-16:5:6,130,60,147,100,8,3,32.00,25.00,1,1,1
5/3/18-16:6:7,128,57,116,74,5,2,33.00,24.00,0,1,2
5/3/18-16:7:8,129,60,106,63,4,2,33.00,24.00,0,1,2
5/3/18-16:8:9,131,61,120,68,3,0,32.00,25.00,1,2,2
5/3/18-16:9:10,131,54,118,101,1,3,32.00,25.00,1,1,1
5/3/18-16:10:11,132,56,106,64,4,2,32.00,25.00,1,2,2
5/3/18-16:11:12,130,58,102,63,5,4,32.00,25.00,1,2,2
5/3/18-16:12:13,132,60,117,69,7,0,33.00,24.00,0,2,5
5/3/18-16:13:14,130,60,110,71,3,1,33.00,24.00,0,2,5
5/3/18-16:14:15,131,59,120,92,4,3,33.00,24.00,0,0,0
5/3/18-16:15:16,131,60,112,60,5,3,33.00,24.00,0,0,0
5/3/18-16:16:17,130,59,110,70,4,3,32.00,25.00,1,1,2
5/3/18-16:17:18,130,59,126,65,3,3,33.00,24.00,1,1,2
5/3/18-16:18:19,132,61,105,49,6,3,32.00,25.00,1,2,4
5/3/18-16:19:20,129,62,111,61,4,3,32.00,25.00,1,2,4
5/3/18-16:20:21,131,60,104,73,4,2,33.00,24.00,0,1,1
5/3/18-16:21:22,132,61,89,55,5,3,33.00,24.00,0,1,1
5/3/18-16:22:23,132,60,128,67,5,5,32.00,25.00,0,0,0
5/3/18-16:23:24,131,60,97,63,4,1,33.00,24.00,0,0,0
5/3/18-16:24:25,131,60,104,63,5,3,33.00,24.00,0,1,1
5/3/18-16:25:26,131,58,112,68,4,2,33.00,24.00,0,1,1
5/3/18-16:26:27,129,59,92,55,5,1,33.00,24.00,1,1,1
5/3/18-16:27:28,129,57,129,67,4,2,32.00,25.00,1,1,1
5/3/18-16:28:29,132,60,121,75,5,3,32.00,25.00,1,1,1
5/3/18-16:29:30,129,60,128,76,3,2,32.00,25.00,1,1,1
5/3/18-16:30:31,133,60,108,62,4,1,32.00,25.00,1,2,2
5/3/18-16:31:32,130,60,167,109,7,3,32.00,25.00,1,2,2
5/3/18-16:32:33,128,58,142,90,4,2,32.00,25.00,1,2,2
5/3/18-16:33:34,130,63,120,58,2,0,31.00,25.00,1,2,2
5/3/18-16:34:35,129,59,125,84,4,1,32.00,25.00,1,1,2
5/3/18-16:35:36,129,60,131,86,4,1,32.00,25.00,1,1,2
5/3/18-16:36:37,129,59,142,79,2,0,32.00,25.00,1,2,2
5/3/18-16:37:38,128,59,113,62,9,4,32.00,25.00,1,2,2
5/3/18-16:38:39,131,59,126,110,5,3,31.00,25.00,1,1,3
5/3/18-16:39:40,130,59,119,60,6,2,33.00,25.00,1,1,3
5/3/18-16:40:41,128,61,136,65,3,1,32.00,25.00,0,1,1
5/3/18-16:41:42,128,60,120,67,5,2,32.00,25.00,1,2,2
5/3/18-16:42:43,129,61,134,59,4,1,31.00,25.00,0,1,1
5/3/18-16:43:44,131,60,118,62,4,3,32.00,25.00,0,1,1
5/3/18-16:44:45,128,58,111,64,4,3,32.00,25.00,1,1,3
5/3/18-16:45:46,129,61,105,60,6,3,32.00,25.00,1,1,3
5/3/18-16:46:47,130,60,115,61,3,1,33.00,24.00,0,0,0
5/3/18-16:47:48,131,63,107,60,3,2,33.00,24.00,0,0,0
5/3/18-16:48:49,129,59,103,67,4,2,32.00,25.00,1,2,2
5/3/18-16:49:50,126,56,106,49,5,3,33.00,24.00,1,2,2
5/3/18-16:50:51,130,59,118,75,3,0,32.00,25.00,1,1,1
5/3/18-16:51:52,130,57,105,57,4,1,32.00,25.00,1,1,1
5/3/18-16:52:53,129,59,130,77,3,2,32.00,25.00,0,1,1
5/3/18-16:53:54,128,60,109,57,3,3,32.00,25.00,1,2,2
5/3/18-16:54:55,129,60,109,60,4,1,32.00,25.00,1,2,2
5/3/18-16:55:56,129,59,122,113,4,1,32.00,25.00,1,2,2
5/3/18-16:56:57,129,61,103,54,5,2,32.00,25.00,1,2,2
5/3/18-16:57:58,129,58,101,65,6,5,32.00,25.00,1,2,2
5/3/18-16:58:59,130,60,104,75,5,2,32.00,25.00,1,1,1
5/3/18-17:0:0,128,61,88,54,5,1,32.00,25.00,0,0,0
5/3/18-17:1:1,129,63,109,64,2,0,33.00,24.00,1,2,2
5/3/18-17:2:2,129,56,98,55,3,4,33.00,24.00,1,2,2
5/3/18-17:3:3,132,59,104,59,4,5,33.00,24.00,1,1,1
5/3/18-17:4:4,130,61,105,65,5,1,33.00,24.00,1,1,1
5/3/18-17:5:5,129,60,127,81,5,2,32.00,25.00,0,0,1
5/3/18-17:6:6,128,56,110,54,5,4,33.00,24.00,0,0,1
5/3/18-17:7:7,130,60,124,78,3,2,32.00,25.00,0,0,0
5/3/18-17:8:8,129,60,130,56,4,3,32.00,25.00,0,0,0
5/3/18-17:9:9,130,61,108,59,3,3,32.00,25.00,1,2,2
5/3/18-17:10:10,130,58,105,52,4,3,32.00,25.00,1,2,2
5/3/18-17:11:11,130,61,101,62,3,3,32.00,25.00,1,2,2
5/3/18-17:12:12,131,60,128,67,4,3,32.00,25.00,0,2,2
5/3/18-17:13:13,130,60,135,81,3,0,32.00,25.00,1,2,2
5/3/18-17:14:14,128,61,122,64,4,2,32.00,25.00,1,2,2
5/3/18-17:15:15,130,61,112,64,4,3,32.00,25.00,1,3,3
5/3/18-17:16:16,131,61,116,73,4,3,32.00,25.00,1,2,2
5/3/18-17:17:17,129,60,116,60,4,3,32.00,25.00,0,0,0
5/3/18-17:18:18,129,63,101,59,4,2,32.00,25.00,0,0,0
5/3/18-17:19:19,130,60,108,58,4,2,32.00,25.00,0,0,3
5/3/18-17:20:20,130,63,102,63,4,3,32.00,25.00,0,1,2
5/3/18-17:21:21,128,59,116,67,4,2,32.00,25.00,1,2,2
5/3/18-17:22:22,129,60,118,60,5,3,32.00,25.00,1,2,2
5/3/18-17:23:23,130,63,130,72,3,2,32.00,25.00,2,3,5
5/3/18-17:24:24,129,60,115,63,3,2,32.00,25.00,1,2,5
5/3/18-17:25:25,126,57,91,48,5,3,32.00,25.00,0,1,2
5/3/18-17:26:26,128,59,136,90,5,1,32.00,25.00,0,1,2
5/3/18-17:27:27,129,59,112,64,1,3,32.00,25.00,1,2,4
5/3/18-17:28:28,129,62,117,67,4,2,32.00,25.00,1,2,4
5/3/18-17:29:29,129,58,108,62,5,3,32.00,25.00,1,2,4
5/3/18-17:30:30,129,62,129,75,3,2,31.00,25.00,1,2,4
5/3/18-17:31:31,128,59,120,66,5,2,33.00,25.00,2,3,3
5/3/18-17:32:32,128,60,110,63,5,1,32.00,25.00,2,3,3
5/3/18-17:33:33,128,61,114,72,4,4,32.00,25.00,1,1,1
5/3/18-17:34:34,129,62,122,73,3,1,31.00,25.00,1,1,1
5/3/18-17:35:35,128,59,110,57,3,1,32.00,26.00,0,0,0
5/3/18-17:36:36,131,60,120,76,5,2,32.00,25.00,0,0,0
5/3/18-17:37:37,126,58,95,46,3,3,32.00,25.00,1,2,2
5/3/18-17:38:38,131,61,111,66,3,1,30.00,25.00,1,2,2
5/3/18-17:39:39,129,60,107,62,4,2,32.00,26.00,1,1,1
5/3/18-17:40:40,127,60,94,59,5,2,32.00,26.00,1,1,1
5/3/18-17:41:41,128,58,113,88,2,3,32.00,26.00,1,2,2
5/3/18-17:42:42,129,61,110,63,3,3,32.00,26.00,1,2,2
5/3/18-17:43:43,127,68,142,84,4,2,32.00,26.00,1,2,2
5/3/18-17:44:44,129,63,136,118,2,1,32.00,26.00,1,2,2
5/3/18-17:45:45,126,58,114,49,5,2,32.00,26.00,1,1,1
5/3/18-17:46:46,128,61,129,85,4,3,32.00,26.00,1,1,1
5/3/18-17:47:47,126,60,123,71,6,1,32.00,26.00,1,1,1
5/3/18-17:48:48,128,61,114,71,2,0,32.00,26.00,1,1,1
5/3/18-17:49:49,127,58,128,70,5,5,32.00,26.00,0,1,3
5/3/18-17:50:50,129,61,121,66,5,3,32.00,26.00,0,1,3
5/3/18-17:51:51,128,62,121,65,5,1,32.00,26.00,0,1,1
5/3/18-17:52:52,126,58,124,77,5,1,32.00,26.00,0,1,1
5/3/18-17:53:53,124,60,115,60,6,2,32.00,26.00,1,2,2
5/3/18-17:54:54,127,62,109,60,4,2,32.00,26.00,1,2,2
5/3/18-17:55:55,126,62,131,62,4,1,32.00,26.00,1,2,2
5/3/18-17:56:56,126,63,128,74,4,3,32.00,26.00,0,1,1
5/3/18-17:57:57,125,65,96,44,4,3,32.00,26.00,1,1,1
5/3/18-17:58:58,129,61,105,58,2,1,32.00,26.00,1,1,1
5/3/18-17:59:59,127,61,123,61,4,2,32.00,26.00,1,2,3
5/3/18-18:1:0,127,61,134,101,4,1,32.00,26.00,1,2,3
5/3/18-18:2:1,126,59,105,55,4,2,32.00,26.00,1,2,3
5/3/18-18:3:2,127,67,128,76,4,3,32.00,26.00,1,2,3
5/3/18-18:4:3,127,60,107,59,3,1,32.00,26.00,0,1,1
5/3/18-18:5:4,127,60,109,58,3,1,32.00,26.00,0,1,1
5/3/18-18:6:5,125,58,100,49,4,2,32.00,26.00,1,3,3
5/3/18-18:7:6,127,56,120,87,4,3,32.00,26.00,1,3,3
5/3/18-18:8:7,126,56,128,72,4,2,32.00,26.00,1,3,3
5/3/18-18:9:8,127,60,96,55,5,3,32.00,26.00,1,3,3
5/3/18-18:10:9,125,59,105,50,3,1,32.00,26.00,2,3,4
5/3/18-18:11:10,126,62,109,62,4,1,32.00,26.00,2,3,4
5/3/18-18:12:11,126,59,104,63,4,2,32.00,26.00,2,4,4
5/3/18-18:13:12,127,61,131,96,3,2,32.00,26.00,2,3,3
5/3/18-18:14:13,125,58,96,67,3,2,32.00,25.00,1,2,2
5/3/18-18:15:14,128,62,106,53,2,0,32.00,25.00,1,2,2
5/3/18-18:16:15,126,59,119,64,4,1,31.00,25.00,1,2,2
5/3/18-18:17:16,125,67,105,61,5,1,32.00,26.00,1,2,2
5/3/18-18:18:17,126,58,102,57,5,3,32.00,26.00,1,2,2
5/3/18-18:19:18,130,58,122,73,3,2,32.00,26.00,1,2,2
5/3/18-18:20:19,128,61,121,78,3,1,32.00,25.00,1,2,2
5/3/18-18:21:20,127,62,110,68,1,0,32.00,26.00,1,1,1
5/3/18-18:22:21,125,60,112,59,3,1,32.00,26.00,1,2,2
5/3/18-18:23:22,126,55,111,72,4,1,32.00,26.00,1,2,2
5/3/18-18:24:23,125,61,102,63,4,1,32.00,26.00,2,2,2
5/3/18-18:25:24,127,58,111,70,4,3,32.00,26.00,2,2,2
5/3/18-18:26:25,124,57,103,75,5,4,32.00,26.00,1,2,2
5/3/18-18:27:26,127,60,118,66,3,3,32.00,26.00,1,2,2
5/3/18-18:28:27,125,59,101,56,4,3,32.00,26.00,1,1,1
5/3/18-18:29:28,125,62,121,60,4,3,32.00,26.00,1,1,1
5/3/18-18:30:29,126,57,105,47,3,2,32.00,25.00,1,1,4
5/3/18-18:31:30,126,58,113,69,4,4,32.00,25.00,1,1,4
5/3/18-18:32:31,126,60,107,62,3,1,32.00,26.00,1,2,2
5/3/18-18:33:32,125,61,110,74,4,1,32.00,26.00,1,1,1
5/3/18-18:34:33,127,63,101,53,3,3,32.00,26.00,0,1,1
5/3/18-18:35:34,127,63,109,64,3,2,32.00,25.00,0,1,1
5/3/18-18:36:35,128,59,118,62,5,1,32.00,26.00,1,5,6
5/3/18-18:37:36,125,59,109,63,4,3,32.00,26.00,1,4,5
5/3/18-18:38:37,123,61,107,56,5,2,32.00,25.00,1,2,2
5/3/18-18:39:38,128,59,113,62,5,3,32.00,25.00,1,2,2
5/3/18-18:40:39,126,59,115,68,6,3,32.00,25.00,0,1,1
5/3/18-18:41:40,126,59,116,65,3,3,32.00,26.00,0,1,1
5/3/18-18:42:41,126,58,108,59,5,4,32.00,25.00,1,2,2
5/3/18-18:43:42,128,63,117,65,2,0,32.00,26.00,1,2,2
5/3/18-18:44:43,127,60,113,70,6,3,32.00,25.00,2,2,2
5/3/18-18:45:44,125,60,118,63,4,1,32.00,26.00,2,2,2
5/3/18-18:46:45,126,60,106,54,5,3,32.00,25.00,1,2,4
5/3/18-18:47:46,126,61,116,78,4,0,32.00,25.00,1,2,4
5/3/18-18:48:47,126,59,113,71,4,3,32.00,25.00,2,2,4
5/3/18-18:49:48,127,60,111,59,6,2,32.00,25.00,2,2,4
5/3/18-18:50:49,126,57,110,61,5,3,32.00,26.00,1,3,4
5/3/18-18:51:50,125,58,113,77,5,3,32.00,26.00,1,3,4
5/3/18-18:52:51,124,59,115,67,5,3,32.00,26.00,2,3,4
5/3/18-18:53:52,124,61,108,61,4,2,32.00,26.00,2,3,4
5/3/18-18:54:53,126,59,102,58,5,3,32.00,26.00,1,2,3
5/3/18-18:55:54,127,61,109,59,3,2,32.00,26.00,1,2,3
5/3/18-18:56:55,124,59,117,66,6,2,32.00,26.00,1,1,2
5/3/18-18:57:56,124,59,111,65,4,0,32.00,26.00,1,1,2
5/3/18-18:58:57,127,62,117,68,4,1,32.00,26.00,1,2,2
5/3/18-18:59:58,125,61,118,65,4,1,32.00,25.00,1,2,2
5/3/18-19:0:59,126,60,114,69,4,3,32.00,26.00,2,3,5
5/3/18-19:2:0,122,57,115,54,5,3,32.00,25.00,2,3,5
5/3/18-19:3:1,127,60,113,65,5,3,32.00,25.00,2,2,2
5/3/18-19:4:2,127,60,114,63,9,3,32.00,25.00,2,2,2
5/3/18-19:5:3,127,63,112,60,3,1,32.00,25.00,1,3,3
5/3/18-19:6:4,124,59,123,55,7,2,32.00,25.00,1,3,3
5/3/18-19:7:5,128,61,120,65,5,3,32.00,25.00,2,3,3
5/3/18-19:8:6,127,61,114,63,3,1,32.00,25.00,2,3,3
5/3/18-19:9:7,127,60,113,63,3,1,32.00,25.00,2,2,2
5/3/18-19:10:8,127,58,97,52,4,2,32.00,25.00,2,2,2
5/3/18-19:11:9,128,60,102,60,5,3,31.00,25.00,1,3,3
5/3/18-19:12:10,128,58,110,60,5,3,32.00,25.00,1,3,3
5/3/18-19:13:11,128,63,111,60,3,1,32.00,25.00,1,3,6
5/3/18-19:14:12,126,58,104,49,4,4,33.00,24.00,1,3,6
5/3/18-19:15:13,126,59,110,60,6,1,33.00,24.00,2,2,4
5/3/18-19:16:14,129,60,119,62,6,3,33.00,24.00,2,2,4
5/3/18-19:17:15,128,60,119,72,5,2,33.00,24.00,2,3,4
5/3/18-19:18:16,128,61,101,49,4,0,33.00,24.00,2,3,4
5/3/18-19:19:17,129,60,110,69,5,2,33.00,24.00,2,3,4
5/3/18-19:20:18,129,61,111,67,5,2,33.00,24.00,2,3,4
5/3/18-19:21:19,128,59,105,57,6,3,33.00,24.00,1,3,3
5/3/18-19:22:20,127,59,106,55,4,4,33.00,23.00,1,3,3
5/3/18-19:23:21,130,61,103,61,5,3,33.00,23.00,1,1,2
5/3/18-19:24:22,129,60,122,68,5,1,33.00,23.00,1,2,2
5/3/18-19:25:23,129,62,108,70,4,1,33.00,23.00,3,4,4
5/3/18-19:26:24,129,59,116,56,3,3,33.00,23.00,3,4,4
5/3/18-19:27:25,130,60,113,68,6,5,33.00,24.00,2,4,4
5/3/18-19:28:26,130,60,113,73,5,3,33.00,24.00,3,5,5
5/3/18-19:29:27,130,60,116,77,4,0,33.00,24.00,3,4,4
5/3/18-19:30:28,129,59,114,63,5,3,33.00,24.00,3,4,4
5/3/18-19:31:29,131,59,119,64,5,3,33.00,24.00,2,4,6
5/3/18-19:32:30,132,60,112,62,2,1,33.00,24.00,2,4,5
5/3/18-19:33:31,128,64,113,63,5,3,33.00,23.00,2,3,3
5/3/18-19:34:32,131,62,118,66,4,1,33.00,23.00,2,3,3
5/3/18-19:35:33,130,60,113,59,5,2,33.00,23.00,2,4,6
5/3/18-19:36:34,130,56,114,69,4,2,33.00,23.00,2,4,5
5/3/18-19:37:35,131,60,100,49,5,3,33.00,23.00,3,5,5
5/3/18-19:38:36,130,63,116,63,3,0,32.00,24.00,3,5,5
5/3/18-19:39:37,131,59,114,63,4,1,32.00,25.00,2,4,5
5/3/18-19:40:37,132,60,108,68,5,3,33.00,23.00,3,3,5
5/3/18-19:41:38,129,60,106,50,4,3,33.00,24.00,4,4,4
5/3/18-19:42:39,130,60,120,72,6,1,33.00,23.00,4,4,4
5/3/18-19:43:40,131,59,118,70,4,3,33.00,23.00,4,6,6
5/3/18-19:44:41,131,60,119,62,5,3,33.00,23.00,4,6,6
5/3/18-19:45:42,128,58,111,66,5,3,33.00,23.00,5,8,8
5/3/18-19:46:43,130,60,115,65,7,1,32.00,23.00,5,8,8
5/3/18-19:47:44,133,61,112,60,6,1,33.00,23.00,3,6,6
5/3/18-19:48:45,130,58,111,74,4,1,33.00,23.00,3,6,6
5/3/18-19:49:46,130,58,107,50,5,3,33.00,24.00,3,5,5
5/3/18-19:50:47,130,60,113,61,5,3,33.00,23.00,3,5,5
5/3/18-19:51:48,133,59,117,64,5,2,33.00,23.00,3,4,6
5/3/18-19:52:49,131,63,116,68,3,1,33.00,23.00,3,4,6
5/3/18-19:53:50,132,58,112,67,4,3,33.00,23.00,3,4,6
5/3/18-19:54:51,132,59,125,81,6,3,33.00,23.00,3,4,6
5/3/18-19:55:52,133,62,117,65,5,2,33.00,23.00,4,5,8
5/3/18-19:56:53,128,59,119,57,4,1,33.00,23.00,4,5,8
5/3/18-19:57:54,133,60,120,74,6,3,33.00,23.00,4,6,8
5/3/18-19:58:55,131,60,122,71,4,1,33.00,23.00,4,6,8
5/3/18-19:59:56,132,60,123,79,6,2,33.00,23.00,3,6,6
5/3/18-20:0:57,131,61,110,58,5,3,33.00,23.00,3,6,6
5/3/18-20:1:58,130,60,118,70,4,1,32.00,23.00,3,5,5
5/3/18-20:2:59,133,60,122,66,5,3,33.00,23.00,3,5,5
5/3/18-20:4:0,131,61,116,70,2,0,33.00,23.00,5,6,6
5/3/18-20:5:1,130,60,119,67,4,2,33.00,23.00,5,6,6
5/3/18-20:6:2,133,58,128,67,5,3,33.00,23.00,5,7,7
5/3/18-20:7:3,132,60,120,66,7,1,34.00,22.00,5,7,9
5/3/18-20:8:4,132,62,127,74,6,1,33.00,23.00,5,9,11
5/3/18-20:9:5,129,58,117,60,4,2,33.00,23.00,5,9,11
5/3/18-20:10:6,133,58,116,65,6,2,34.00,22.00,5,7,7
5/3/18-20:11:7,133,60,121,67,5,3,34.00,22.00,5,7,7
5/3/18-20:12:8,133,60,115,67,7,3,34.00,22.00,5,8,9
5/3/18-20:13:9,131,58,117,59,7,2,34.00,22.00,5,8,9
5/3/18-20:14:10,134,59,125,72,5,3,34.00,22.00,6,10,10
5/3/18-20:15:11,133,63,121,69,4,0,34.00,22.00,6,10,10
5/3/18-20:16:12,131,61,120,71,5,1,34.00,22.00,6,10,10
5/3/18-20:17:13,135,61,120,64,5,3,34.00,22.00,6,10,10
5/3/18-20:18:14,131,60,123,66,5,1,34.00,22.00,7,10,10
5/3/18-20:19:15,132,59,114,57,5,2,34.00,22.00,8,9,9
5/3/18-20:20:16,135,61,121,63,4,0,34.00,22.00,9,11,12
5/3/18-20:21:17,132,60,124,66,5,1,34.00,22.00,9,11,12
5/3/18-20:22:18,133,59,116,73,5,1,34.00,22.00,5,9,9
5/3/18-20:23:19,133,58,104,54,5,3,34.00,22.00,5,9,9
5/3/18-20:24:20,135,60,120,62,4,0,33.00,21.00,5,8,8
5/3/18-20:25:21,134,58,123,68,7,2,35.00,21.00,5,8,8
5/3/18-20:26:22,135,62,108,54,5,3,34.00,21.00,5,7,9
5/3/18-20:27:23,135,60,116,63,4,2,33.00,21.00,5,7,9
5/3/18-20:28:24,134,58,120,66,7,3,34.00,21.00,5,6,9
5/3/18-20:29:25,135,61,120,68,7,3,34.00,21.00,6,7,9
5/3/18-20:30:26,133,58,111,54,7,3,34.00,21.00,6,7,7
5/3/18-20:31:27,136,59,120,67,5,3,34.00,21.00,6,7,7
5/3/18-20:32:28,134,61,122,70,6,3,34.00,21.00,5,7,7
5/3/18-20:33:29,136,59,124,72,7,3,34.00,21.00,5,7,7
5/3/18-20:34:30,134,58,121,66,7,4,34.00,21.00,5,7,7
5/3/18-20:35:31,136,62,118,64,6,3,35.00,20.00,5,7,7
5/3/18-20:36:32,136,59,118,65,5,3,34.00,21.00,5,8,10
5/3/18-20:37:33,135,58,119,68,6,1,34.00,21.00,5,7,9
5/3/18-20:38:34,137,58,112,54,7,3,35.00,20.00,6,9,10
5/3/18-20:39:35,136,63,127,69,5,0,34.00,21.00,6,9,10
5/3/18-20:40:36,137,60,121,70,7,3,34.00,21.00,6,8,8
5/3/18-20:41:37,134,60,124,75,6,2,34.00,21.00,6,8,8
5/3/18-20:42:38,134,59,124,71,7,2,34.00,21.00,5,8,8
5/3/18-20:43:39,137,59,122,66,5,2,35.00,20.00,5,8,8
5/3/18-20:44:40,136,59,119,71,7,1,35.00,20.00,6,11,11
5/3/18-20:45:41,133,56,116,61,7,2,35.00,20.00,6,11,11
5/3/18-20:46:42,137,59,124,66,6,3,35.00,20.00,7,10,10
5/3/18-20:47:43,134,60,122,63,6,1,36.00,20.00,7,10,10
5/3/18-20:48:44,134,58,124,69,9,2,35.00,20.00,7,12,13
5/3/18-20:49:45,134,56,111,59,7,4,35.00,20.00,7,12,13
5/3/18-20:50:46,137,60,127,67,7,0,35.00,20.00,7,10,11
5/3/18-20:51:47,136,59,133,79,9,2,35.00,20.00,7,10,11
5/3/18-20:52:48,136,60,129,74,8,2,35.00,20.00,8,10,10
5/3/18-20:53:49,135,57,119,60,5,1,35.00,20.00,8,10,10
5/3/18-20:54:50,137,59,126,72,8,2,35.00,20.00,7,9,9
5/3/18-20:55:51,135,62,131,73,9,2,35.00,20.00,7,9,9
5/3/18-20:56:52,136,61,124,75,8,1,35.00,20.00,10,13,14
5/3/18-20:57:53,137,60,131,71,9,3,35.00,20.00,10,13,14
5/3/18-20:58:54,137,59,130,76,10,1,35.00,20.00,10,14,20
5/3/18-20:59:55,136,60,120,59,10,3,35.00,20.00,10,14,20
5/3/18-21:0:56,138,64,135,87,11,2,35.00,20.00,12,18,21
5/3/18-21:1:57,135,57,117,66,13,5,35.00,20.00,12,19,22
5/3/18-21:2:58,137,59,121,60,10,3,35.00,20.00,13,19,19
5/3/18-21:3:59,137,61,126,70,10,2,35.00,20.00,13,19,19
5/3/18-21:5:0,139,63,128,77,11,2,35.00,20.00,14,20,20
5/3/18-21:6:1,137,59,125,62,13,2,35.00,20.00,14,20,20
5/3/18-21:7:2,138,67,133,73,12,1,35.00,20.00,13,18,20
5/3/18-21:8:3,135,60,131,77,15,3,35.00,20.00,13,17,18
5/3/18-21:9:4,135,58,128,69,16,4,35.00,20.00,17,25,27
5/3/18-21:10:5,137,60,129,74,18,3,35.00,20.00,17,25,27
5/3/18-21:11:6,139,58,131,81,19,1,35.00,20.00,14,21,21
5/3/18-21:12:7,136,58,133,75,21,2,35.00,20.00,14,21,21
5/3/18-21:13:8,137,61,134,77,19,0,35.00,20.00,19,24,28
5/3/18-21:14:9,137,58,136,80,21,1,35.00,20.00,19,24,28
5/3/18-21:15:10,136,60,133,78,24,2,35.00,20.00,18,25,26
5/3/18-21:16:11,138,59,130,79,24,3,35.00,20.00,18,25,26
5/3/18-21:17:12,139,61,137,79,25,2,35.00,20.00,15,22,26
5/3/18-21:18:13,138,61,138,88,24,1,35.00,20.00,15,22,26
5/3/18-21:19:14,133,55,126,69,22,2,35.00,20.00,17,25,29
5/3/18-21:20:15,139,61,139,85,27,3,35.00,20.00,17,25,29
5/3/18-21:21:16,139,61,135,80,28,3,36.00,20.00,16,23,24
5/3/18-21:22:17,135,59,127,76,25,2,35.00,20.00,16,24,24
5/3/18-21:23:18,139,65,134,76,27,3,34.00,20.00,15,23,30
5/3/18-21:24:19,137,60,131,78,24,2,35.00,20.00,15,23,29
5/3/18-21:25:20,139,61,140,83,31,1,35.00,20.00,13,18,21
5/3/18-21:26:21,136,60,141,83,30,3,35.00,20.00,13,18,21
5/3/18-21:27:22,138,62,142,80,30,1,35.00,20.00,14,20,21
5/3/18-21:28:23,138,60,141,85,31,0,36.00,20.00,14,20,21
5/3/18-21:29:24,137,62,143,86,30,2,35.00,20.00,15,22,27
5/3/18-21:30:25,137,60,132,69,28,3,35.00,20.00,15,22,27
5/3/18-21:31:26,138,59,144,83,31,3,35.00,19.00,15,20,22
5/3/18-21:32:27,138,59,143,83,32,1,35.00,19.00,15,20,21
5/3/18-21:33:28,139,59,140,85,32,3,35.00,20.00,14,19,24
5/3/18-21:34:29,138,57,135,69,29,2,35.00,20.00,14,19,24
5/3/18-21:35:30,140,62,143,81,33,2,35.00,19.00,13,20,21
5/3/18-21:36:31,138,61,145,92,32,2,35.00,19.00,14,20,21
5/3/18-21:37:32,138,61,139,80,32,2,35.00,19.00,15,20,22
5/3/18-21:38:33,138,60,141,83,35,1,35.00,20.00,15,20,22
5/3/18-21:39:34,138,57,142,81,34,2,35.00,19.00,13,19,22
5/3/18-21:40:35,135,61,128,71,30,2,35.00,20.00,13,19,22
5/3/18-21:41:36,139,61,141,80,34,1,35.00,20.00,14,19,21
5/3/18-21:42:37,136,58,132,67,33,3,36.00,20.00,14,19,21
5/3/18-21:43:38,138,59,133,69,30,3,35.00,19.00,12,16,21
5/3/18-21:44:39,138,59,140,81,38,4,34.00,20.00,12,16,21
5/3/18-21:45:40,139,59,130,70,32,3,35.00,20.00,13,17,17
5/3/18-21:46:41,140,62,141,83,36,3,35.00,19.00,13,17,17
5/3/18-21:47:42,140,61,140,77,38,0,36.00,20.00,13,18,20
5/3/18-21:48:43,139,60,143,83,36,1,35.00,19.00,13,19,20
5/3/18-21:49:44,138,60,132,78,33,3,35.00,19.00,11,15,15
5/3/18-21:50:45,140,62,141,83,38,2,35.00,19.00,11,15,15
5/3/18-21:51:46,139,61,141,81,40,3,35.00,19.00,12,19,21
5/3/18-21:52:47,137,58,132,74,34,4,35.00,20.00,12,19,21
5/3/18-21:53:48,140,61,144,84,39,2,35.00,20.00,14,19,23
5/3/18-21:54:49,137,63,142,94,39,0,35.00,20.00,14,20,24
5/3/18-21:55:50,139,61,132,74,35,4,35.00,19.00,15,19,21
5/3/18-21:56:51,140,62,140,82,40,3,35.00,19.00,15,19,21
5/3/18-21:57:52,141,59,138,82,41,3,35.00,19.00,13,19,19
5/3/18-21:58:53,141,59,131,71,36,5,35.00,19.00,13,19,19
5/3/18-21:59:54,140,60,141,83,42,3,35.00,19.00,12,21,26
5/3/18-22:0:55,140,61,144,87,41,3,35.00,19.00,12,19,25
5/3/18-22:1:56,138,59,133,69,35,3,35.00,19.00,13,18,18
5/3/18-22:2:57,140,61,142,85,42,2,35.00,20.00,13,18,18
5/3/18-22:3:58,139,58,130,67,38,3,35.00,20.00,14,22,24
5/3/18-22:4:59,139,62,140,83,42,1,35.00,20.00,14,22,24
5/3/18-22:6:0,139,61,141,82,41,1,35.00,19.00,12,18,20
5/3/18-22:7:1,139,60,133,66,36,3,35.00,19.00,12,18,20
5/3/18-22:8:2,139,61,136,75,39,2,35.00,19.00,9,12,16
5/3/18-22:9:3,138,58,140,82,40,2,35.00,19.00,10,13,17
5/3/18-22:10:4,136,59,129,66,35,2,36.00,18.00,9,14,19
5/3/18-22:11:5,141,63,139,75,38,0,35.00,19.00,9,14,19
5/3/18-22:12:6,140,62,134,73,41,3,37.00,18.00,9,14,16
5/3/18-22:13:7,139,61,135,76,39,4,35.00,19.00,9,13,16
5/3/18-22:14:8,140,63,139,76,40,1,35.00,19.00,10,15,17
5/3/18-22:15:9,141,63,139,76,39,2,36.00,19.00,10,15,17
5/3/18-22:16:10,139,62,141,81,41,0,35.00,19.00,9,13,14
5/3/18-22:17:11,141,59,129,66,37,5,35.00,19.00,9,12,14
5/3/18-22:18:12,140,61,141,81,43,2,35.00,19.00,11,14,17
5/3/18-22:19:13,143,60,136,76,41,1,35.00,19.00,10,14,16
5/3/18-22:20:14,141,67,137,81,38,1,35.00,19.00,9,15,16
5/3/18-22:21:15,139,62,136,75,42,4,35.00,19.00,9,15,16
5/3/18-22:22:16,140,59,138,82,41,2,35.00,19.00,8,11,12
5/3/18-22:23:17,138,62,129,69,36,2,35.00,19.00,9,12,13
5/3/18-22:24:18,140,61,138,85,43,1,36.00,18.00,10,16,18
5/3/18-22:25:19,143,61,137,78,42,3,36.00,18.00,10,15,18
5/3/18-22:26:19,141,61,136,77,42,2,36.00,18.00,10,15,17
5/3/18-22:27:20,140,62,140,77,43,3,36.00,18.00,10,14,15
5/3/18-22:28:21,141,61,137,79,41,3,35.00,19.00,10,16,16
5/3/18-22:29:22,140,62,135,72,40,2,36.00,18.00,10,16,16
5/3/18-22:30:23,141,61,138,84,43,2,36.00,18.00,10,14,16
5/3/18-22:31:24,140,63,139,80,41,3,35.00,19.00,10,15,16
5/3/18-22:32:25,140,59,128,67,38,2,35.00,19.00,10,14,15
5/3/18-22:33:26,143,61,136,80,41,3,35.00,19.00,10,14,15
5/3/18-22:34:27,140,62,134,76,42,3,36.00,18.00,12,16,16
5/3/18-22:35:28,141,61,137,74,39,2,36.00,18.00,12,16,16
5/3/18-22:36:29,141,62,141,84,41,1,35.00,19.00,12,16,18
5/3/18-22:37:30,140,61,137,78,41,1,35.00,19.00,12,16,18
5/3/18-22:38:31,143,63,139,80,40,1,36.00,18.00,10,15,15
5/3/18-22:39:32,140,61,128,63,39,3,36.00,18.00,10,15,15
5/3/18-22:40:33,142,63,140,85,43,2,35.00,18.00,10,14,16
5/3/18-22:41:34,141,61,140,78,43,2,36.00,18.00,10,14,16
5/3/18-22:42:35,140,60,131,67,39,4,36.00,18.00,12,19,20
5/3/18-22:43:36,142,61,143,85,42,0,36.00,18.00,12,19,20
5/3/18-22:44:37,141,62,139,80,43,1,36.00,18.00,13,19,23
5/3/18-22:45:38,143,61,132,66,37,2,36.00,18.00,13,19,23
5/3/18-22:46:39,140,59,142,88,43,1,36.00,18.00,13,17,24
5/3/18-22:47:40,140,62,133,61,38,2,36.00,18.00,14,18,25
5/3/18-22:48:41,142,64,141,80,45,3,36.00,18.00,14,21,24
5/3/18-22:49:42,141,61,140,82,42,3,35.00,19.00,14,20,24
5/3/18-22:50:43,141,59,133,68,39,4,35.00,19.00,13,18,23
5/3/18-22:51:44,145,62,137,76,44,1,36.00,18.00,13,18,23
5/3/18-22:52:45,140,60,130,67,40,2,36.00,18.00,12,17,20
5/3/18-22:53:46,143,61,143,81,44,3,36.00,18.00,12,17,20
5/3/18-22:54:47,142,60,136,77,45,4,36.00,18.00,11,13,15
5/3/18-22:55:48,141,62,135,80,40,0,36.00,18.00,11,14,15
5/3/18-22:56:49,141,61,132,78,36,3,36.00,18.00,12,16,16
5/3/18-22:57:50,140,67,139,76,42,3,36.00,18.00,12,16,16
5/3/18-22:58:51,141,63,137,77,40,3,36.00,18.00,10,14,14
5/3/18-22:59:52,142,59,125,65,34,1,36.00,18.00,10,14,14
5/3/18-23:0:53,141,60,134,72,42,3,36.00,18.00,12,20,21
5/3/18-23:1:54,140,62,133,75,40,1,36.00,18.00,12,20,21
5/3/18-23:2:55,143,63,133,74,40,3,36.00,18.00,10,13,13
5/3/18-23:3:56,141,62,127,64,32,3,36.00,18.00,10,13,13
5/3/18-23:4:57,142,60,130,71,35,0,35.00,18.00,8,12,14
5/3/18-23:5:58,142,60,133,72,34,2,36.00,18.00,8,12,14
5/3/18-23:6:59,142,61,131,76,35,3,36.00,18.00,8,12,12
5/3/18-23:8:0,144,59,123,59,30,3,36.00,18.00,8,12,12
5/3/18-23:9:1,144,60,128,70,29,2,36.00,18.00,7,11,11
5/3/18-23:10:2,140,61,130,70,24,3,36.00,18.00,8,11,11
5/3/18-23:11:3,141,58,121,63,23,2,36.00,18.00,7,11,11
5/3/18-23:12:4,143,61,129,71,23,2,36.00,18.00,7,11,11
5/3/18-23:13:5,141,61,129,75,23,1,36.00,18.00,7,11,11
5/3/18-23:14:6,141,60,123,59,22,2,36.00,18.00,7,11,11
5/3/18-23:15:7,143,63,132,69,27,2,36.00,18.00,8,11,16
5/3/18-23:16:8,145,61,131,75,27,2,36.00,18.00,9,12,16
5/3/18-23:17:9,143,62,134,73,24,2,36.00,18.00,8,12,12
5/3/18-23:18:10,143,64,133,75,24,3,36.00,18.00,8,12,12
5/3/18-23:19:11,143,62,129,71,24,2,36.00,18.00,7,10,11
5/3/18-23:20:12,141,61,125,66,23,3,36.00,18.00,7,10,11
5/3/18-23:21:13,143,61,133,77,25,3,36.00,18.00,7,11,14
5/3/18-23:22:14,141,62,132,76,25,3,36.00,18.00,8,12,14
5/3/18-23:23:15,142,60,130,70,26,3,36.00,18.00,6,10,11
5/3/18-23:24:16,142,60,136,71,25,1,36.00,18.00,6,10,11
5/3/18-23:25:17,142,62,141,74,28,2,36.00,18.00,6,8,10
5/3/18-23:26:18,142,63,134,73,24,2,36.00,18.00,6,8,10
5/3/18-23:27:19,141,60,120,58,22,4,36.00,18.00,6,10,10
5/3/18-23:28:20,144,61,133,75,24,4,35.00,18.00,6,10,10
5/3/18-23:29:21,142,62,135,77,23,3,36.00,18.00,6,7,7
5/3/18-23:30:22,141,61,135,82,23,1,36.00,18.00,6,7,7
5/3/18-23:31:23,141,56,126,59,24,2,36.00,18.00,5,7,10
5/3/18-23:32:24,142,62,134,72,26,2,36.00,18.00,5,7,10
5/3/18-23:33:25,143,61,131,72,28,2,36.00,18.00,6,8,8
5/3/18-23:34:26,143,60,131,72,27,3,36.00,18.00,7,9,9
5/3/18-23:35:27,142,58,125,58,25,3,36.00,18.00,8,11,19
5/3/18-23:36:28,145,62,138,76,31,3,36.00,18.00,8,11,19
5/3/18-23:37:29,143,62,130,71,28,1,36.00,18.00,7,10,14
5/3/18-23:38:30,142,63,133,72,29,1,36.00,18.00,7,10,14
5/3/18-23:39:31,143,61,135,72,30,3,36.00,18.00,8,12,16
5/3/18-23:40:32,141,60,133,74,32,1,36.00,18.00,7,12,15
5/3/18-23:41:33,144,58,124,62,28,2,36.00,18.00,7,9,12
5/3/18-23:42:34,143,61,128,67,28,3,35.00,18.00,7,9,12
5/3/18-23:43:35,140,60,129,74,23,1,36.00,18.00,7,11,16
5/3/18-23:44:36,142,63,129,70,22,2,36.00,18.00,6,10,15
5/3/18-23:45:37,142,62,125,58,19,4,36.00,18.00,7,11,12
5/3/18-23:46:38,144,62,132,76,23,3,36.00,18.00,7,11,12
5/3/18-23:47:39,145,61,129,71,22,3,36.00,18.00,6,10,12
5/3/18-23:48:40,141,58,130,66,18,2,36.00,18.00,7,10,12
5/3/18-23:49:41,143,61,130,72,24,3,36.00,18.00,7,10,16
5/3/18-23:50:42,143,61,134,76,21,0,36.00,18.00,7,10,14
5/3/18-23:51:43,143,61,133,67,19,2,36.00,18.00,7,10,10
5/3/18-23:52:44,143,61,134,71,23,2,36.00,18.00,7,10,10
5/3/18-23:53:45,142,60,133,77,24,1,36.00,18.00,7,11,12
5/3/18-23:54:46,142,60,139,79,28,1,36.00,18.00,7,11,12
5/3/18-23:55:47,143,63,136,77,28,3,36.00,18.00,9,13,15
5/3/18-23:56:48,142,62,134,74,30,3,36.00,18.00,8,12,14
5/3/18-23:57:49,142,60,129,66,29,3,36.00,18.00,11,16,16
5/3/18-23:58:50,142,61,143,79,34,0,36.00,18.00,11,16,16
5/3/18-23:59:51,142,62,138,75,35,3,36.00,18.00,11,17,19
