Hora,O3,NO2,CO,Humedad,Temperatura,P25,P10
7/3/18-0:0:18,141,63,135,79,10,1,35.00,19.00,9,15,17
7/3/18-0:1:19,140,68,125,66,11,2,35.00,19.00,9,14,16
7/3/18-0:2:20,142,63,129,69,10,3,35.00,19.00,9,14,16
7/3/18-0:3:21,141,63,130,75,8,2,35.00,19.00,8,12,12
7/3/18-0:4:22,141,64,139,74,9,3,35.00,19.00,8,12,12
7/3/18-0:5:23,140,62,122,60,8,2,35.00,19.00,7,9,9
7/3/18-0:6:24,141,63,135,70,9,2,34.00,19.00,7,9,9
7/3/18-0:7:25,143,63,134,72,9,2,35.00,19.00,9,12,13
7/3/18-0:8:26,141,64,132,72,9,1,35.00,19.00,9,11,13
7/3/18-0:9:27,140,60,127,60,10,2,35.00,19.00,9,11,13
7/3/18-0:10:28,141,63,131,75,13,2,35.00,19.00,9,11,13
7/3/18-0:11:29,140,63,134,78,12,3,35.00,19.00,9,15,15
7/3/18-0:12:30,141,65,132,75,9,2,35.00,19.00,10,15,15
7/3/18-0:13:31,142,62,125,64,8,1,35.00,19.00,11,15,15
7/3/18-0:14:32,141,63,132,74,9,2,36.00,18.00,11,15,15
7/3/18-0:15:33,143,63,132,74,11,2,35.00,19.00,11,16,18
7/3/18-0:16:34,141,63,135,88,10,2,35.00,19.00,11,16,18
7/3/18-0:17:35,142,63,135,76,12,2,35.00,19.00,12,18,21
7/3/18-0:18:36,142,62,150,91,12,3,35.00,19.00,12,18,21
7/3/18-0:19:37,139,63,129,69,8,1,35.00,19.00,10,15,17
7/3/18-0:20:38,141,64,135,78,8,0,35.00,20.00,10,15,17
7/3/18-0:21:39,140,63,141,81,7,1,36.00,19.00,7,10,13
7/3/18-0:22:40,142,63,137,72,8,1,35.00,20.00,8,12,14
7/3/18-0:23:41,141,61,120,61,7,3,35.00,20.00,6,10,11
7/3/18-0:24:42,142,65,139,93,6,2,33.00,19.00,6,10,11
7/3/18-0:25:43,141,65,143,84,7,3,35.00,19.00,7,10,10
7/3/18-0:26:44,142,62,121,66,5,2,35.00,20.00,7,9,9
7/3/18-0:27:45,140,62,126,73,7,2,35.00,20.00,7,11,12
7/3/18-0:28:46,141,59,127,71,5,1,35.00,20.00,7,11,12
7/3/18-0:29:47,142,62,125,71,5,1,35.00,20.00,6,10,10
7/3/18-0:30:48,143,61,113,54,4,3,35.00,20.00,6,10,10
7/3/18-0:31:49,140,61,123,71,4,1,35.00,19.00,7,10,11
7/3/18-0:32:50,142,63,132,80,7,3,35.00,19.00,7,10,11
7/3/18-0:33:51,140,63,124,70,5,2,35.00,20.00,5,8,8
7/3/18-0:34:52,141,60,115,61,6,3,35.00,20.00,6,9,9
7/3/18-0:35:53,142,63,124,66,7,4,35.00,19.00,7,11,12
7/3/18-0:36:54,143,64,121,64,4,2,35.00,19.00,7,11,12
7/3/18-0:37:55,140,62,122,65,4,1,35.00,20.00,7,9,9
7/3/18-0:38:56,141,64,131,80,4,2,35.00,19.00,7,9,9
7/3/18-0:39:57,140,62,133,84,5,1,35.00,19.00,5,9,10
7/3/18-0:40:58,143,65,130,66,5,2,35.00,19.00,6,9,10
7/3/18-0:41:59,141,60,118,65,3,1,35.00,19.00,7,9,12
7/3/18-0:43:0,143,63,130,71,6,3,34.00,19.00,7,9,12
7/3/18-0:44:1,142,69,120,65,6,3,35.00,20.00,4,7,7
7/3/18-0:45:2,141,60,120,62,6,3,35.00,19.00,4,8,8
7/3/18-0:46:3,143,65,124,65,6,3,34.00,19.00,8,11,11
7/3/18-0:47:4,142,66,127,66,7,2,35.00,19.00,8,11,11
7/3/18-0:48:5,144,63,130,75,5,2,35.00,19.00,6,9,9
7/3/18-0:49:6,142,63,122,60,7,4,35.00,19.00,6,9,9
7/3/18-0:50:7,141,64,127,64,6,2,36.00,18.00,5,8,8
7/3/18-0:51:8,142,61,129,72,6,0,35.00,19.00,5,7,8
7/3/18-0:52:9,142,61,127,70,6,2,35.00,19.00,5,7,7
7/3/18-0:53:10,143,63,126,53,3,1,35.00,19.00,5,7,7
7/3/18-0:54:11,144,62,121,63,7,2,36.00,18.00,6,10,14
7/3/18-0:55:12,143,63,123,65,7,3,35.00,19.00,5,10,12
7/3/18-0:56:13,141,62,127,67,5,1,36.00,18.00,7,9,9
7/3/18-0:57:14,143,62,119,58,6,3,36.00,18.00,7,9,9
7/3/18-0:58:15,144,62,124,66,6,2,36.00,18.00,6,9,10
7/3/18-0:59:16,143,63,126,70,6,2,36.00,18.00,6,9,10
7/3/18-1:0:17,141,60,119,58,7,2,36.00,18.00,5,8,8
7/3/18-1:1:18,143,63,124,64,6,4,36.00,18.00,5,8,8
7/3/18-1:2:19,143,63,122,64,6,2,37.00,18.00,5,7,9
7/3/18-1:3:20,142,61,122,71,6,3,36.00,18.00,5,7,9
7/3/18-1:4:21,140,62,115,57,5,3,36.00,18.00,6,8,8
7/3/18-1:5:22,144,63,124,63,6,1,36.00,18.00,6,8,8
7/3/18-1:6:23,145,63,122,66,3,2,36.00,18.00,6,8,11
7/3/18-1:7:24,142,64,127,71,6,2,36.00,18.00,6,8,10
7/3/18-1:8:25,144,61,118,58,7,4,35.00,19.00,7,12,13
7/3/18-1:9:26,143,65,125,66,5,2,36.00,18.00,7,12,13
7/3/18-1:10:27,143,64,124,69,7,1,36.00,18.00,7,10,10
7/3/18-1:11:28,142,62,121,64,4,2,36.00,18.00,7,10,10
7/3/18-1:12:29,142,62,121,57,5,3,36.00,18.00,6,8,9
7/3/18-1:13:30,144,63,126,68,5,0,36.00,18.00,5,7,8
7/3/18-1:14:31,142,64,122,67,7,3,36.00,18.00,5,7,9
7/3/18-1:15:32,141,65,127,64,5,3,36.00,18.00,5,7,9
7/3/18-1:16:33,143,69,122,66,7,4,36.00,18.00,7,9,11
7/3/18-1:17:34,141,63,126,70,5,1,36.00,18.00,7,9,11
7/3/18-1:18:35,143,61,114,55,6,1,36.00,18.00,6,10,10
7/3/18-1:19:36,144,62,126,63,8,4,36.00,18.00,6,10,10
7/3/18-1:20:37,143,63,127,69,7,1,37.00,18.00,4,7,8
7/3/18-1:21:38,142,63,127,73,6,1,36.00,18.00,4,7,9
7/3/18-1:22:39,143,61,117,61,6,2,36.00,18.00,6,9,9
7/3/18-1:23:40,143,65,128,73,7,2,36.00,18.00,6,9,9
7/3/18-1:24:41,143,63,126,64,6,2,36.00,18.00,5,6,8
7/3/18-1:25:42,144,63,122,65,8,0,36.00,18.00,5,6,6
7/3/18-1:26:43,143,63,114,52,6,3,36.00,18.00,7,9,9
7/3/18-1:27:44,145,62,125,68,4,2,36.00,18.00,7,9,9
7/3/18-1:28:45,144,62,128,73,6,1,36.00,18.00,5,8,8
7/3/18-1:29:46,141,61,120,61,5,1,36.00,18.00,5,9,10
7/3/18-1:30:47,143,63,128,68,5,3,36.00,18.00,5,8,9
7/3/18-1:31:48,144,63,126,68,6,2,36.00,18.00,5,8,9
7/3/18-1:32:49,143,64,121,66,7,2,36.00,18.00,7,9,10
7/3/18-1:33:50,143,64,118,61,5,1,36.00,18.00,7,9,10
7/3/18-1:34:51,142,62,123,63,7,1,36.00,18.00,6,10,10
7/3/18-1:35:52,144,65,121,65,6,2,36.00,18.00,6,10,10
7/3/18-1:36:53,144,64,125,71,7,1,36.00,18.00,5,9,10
7/3/18-1:37:54,143,62,115,55,6,3,36.00,18.00,5,9,10
7/3/18-1:38:55,143,63,127,65,5,2,35.00,18.00,6,8,8
7/3/18-1:39:56,142,63,123,66,6,1,36.00,18.00,6,8,8
7/3/18-1:40:57,143,62,124,66,6,2,36.00,18.00,5,7,8
7/3/18-1:41:58,144,61,130,76,6,1,36.00,18.00,5,7,8
7/3/18-1:42:59,143,63,121,64,5,1,36.00,18.00,7,10,11
7/3/18-1:44:0,142,65,123,70,4,2,36.00,18.00,7,10,12
7/3/18-1:45:1,146,64,140,91,8,1,36.00,18.00,6,8,10
7/3/18-1:46:2,145,62,114,54,4,2,36.00,18.00,6,8,10
7/3/18-1:47:3,145,62,126,65,6,3,36.00,18.00,7,11,12
7/3/18-1:48:4,143,62,122,62,6,3,36.00,18.00,7,11,12
7/3/18-1:49:5,144,62,113,52,4,2,36.00,18.00,5,9,13
7/3/18-1:50:6,145,63,128,68,5,2,36.00,18.00,5,9,13
7/3/18-1:51:7,146,63,123,72,6,0,36.00,18.00,6,10,14
7/3/18-1:52:8,144,63,128,76,6,2,36.00,18.00,6,10,14
7/3/18-1:53:9,145,66,123,66,5,3,36.00,18.00,5,9,9
7/3/18-1:54:9,146,63,125,71,7,4,36.00,18.00,5,9,9
7/3/18-1:55:10,143,63,126,67,6,1,36.00,18.00,7,10,10
7/3/18-1:56:11,143,63,123,58,6,3,36.00,18.00,7,10,10
7/3/18-1:57:12,142,63,128,69,6,1,36.00,18.00,7,10,12
7/3/18-1:58:13,144,63,133,73,7,2,36.00,18.00,7,10,12
7/3/18-1:59:14,143,63,127,79,9,1,36.00,18.00,6,9,10
7/3/18-2:0:15,143,65,120,57,6,2,36.00,18.00,5,8,9
7/3/18-2:1:16,144,64,130,72,7,3,36.00,18.00,5,6,6
7/3/18-2:2:17,143,62,126,67,5,3,36.00,18.00,5,6,6
7/3/18-2:3:18,143,64,129,73,6,1,36.00,18.00,6,9,11
7/3/18-2:4:19,143,62,121,58,8,2,36.00,18.00,6,9,11
7/3/18-2:5:20,145,63,123,65,6,3,36.00,18.00,6,9,12
7/3/18-2:6:21,146,66,123,66,5,2,36.00,18.00,6,9,11
7/3/18-2:7:22,144,64,123,68,4,2,36.00,18.00,5,7,9
7/3/18-2:8:23,143,59,128,60,6,2,36.00,18.00,5,7,9
7/3/18-2:9:24,147,62,129,69,5,2,36.00,18.00,6,7,9
7/3/18-2:10:25,145,64,126,65,4,3,36.00,18.00,6,7,8
7/3/18-2:11:26,143,64,117,57,6,3,36.00,18.00,5,8,8
7/3/18-2:12:27,145,65,129,72,5,2,36.00,18.00,5,8,8
7/3/18-2:13:28,145,64,122,66,7,2,36.00,18.00,5,8,8
7/3/18-2:14:29,146,64,127,71,6,3,36.00,18.00,5,8,8
7/3/18-2:15:30,144,61,122,56,7,2,36.00,18.00,5,8,8
7/3/18-2:16:31,145,63,123,69,7,3,35.00,18.00,5,8,8
7/3/18-2:17:32,148,64,130,76,5,2,36.00,18.00,6,8,8
7/3/18-2:18:33,144,63,125,65,5,2,36.00,18.00,6,8,8
7/3/18-2:19:34,146,61,121,59,5,2,36.00,18.00,6,8,10
7/3/18-2:20:35,145,66,128,65,7,2,36.00,18.00,6,8,10
7/3/18-2:21:36,145,62,129,66,5,1,36.00,17.00,3,5,5
7/3/18-2:22:37,144,62,124,67,7,4,36.00,18.00,4,5,5
7/3/18-2:23:38,146,60,119,57,7,5,36.00,18.00,6,11,11
7/3/18-2:24:39,145,62,131,78,7,2,36.00,18.00,6,11,11
7/3/18-2:25:40,144,66,128,69,7,2,36.00,18.00,7,10,13
7/3/18-2:26:41,143,64,129,74,11,1,36.00,17.00,7,10,13
7/3/18-2:27:42,144,64,125,66,6,1,36.00,18.00,6,9,10
7/3/18-2:28:43,147,67,129,80,4,1,36.00,18.00,6,9,10
7/3/18-2:29:44,145,63,130,66,4,0,36.00,18.00,5,7,9
7/3/18-2:30:45,146,56,121,58,7,4,36.00,18.00,5,7,9
7/3/18-2:31:46,145,63,133,71,6,1,36.00,18.00,5,7,7
7/3/18-2:32:47,146,65,132,69,8,2,37.00,18.00,5,7,7
7/3/18-2:33:48,144,65,128,61,5,0,36.00,18.00,4,7,12
7/3/18-2:34:49,146,62,119,58,8,2,36.00,17.00,4,7,12
7/3/18-2:35:50,145,64,131,69,7,1,36.00,17.00,6,10,11
7/3/18-2:36:51,145,62,131,69,9,3,36.00,18.00,6,10,11
7/3/18-2:37:52,144,64,126,67,7,3,36.00,18.00,6,7,8
7/3/18-2:38:53,144,63,123,57,7,4,36.00,17.00,6,7,8
7/3/18-2:39:54,144,62,132,71,9,1,36.00,17.00,5,9,9
7/3/18-2:40:55,145,67,131,68,8,1,36.00,17.00,4,7,7
7/3/18-2:41:56,143,63,131,70,7,3,36.00,17.00,4,7,7
7/3/18-2:42:57,146,61,123,62,7,3,36.00,17.00,5,7,7
7/3/18-2:43:58,144,63,135,70,6,3,36.00,17.00,5,7,7
7/3/18-2:44:59,144,64,129,70,9,2,36.00,17.00,6,10,13
7/3/18-2:46:0,144,64,128,69,5,1,0.00,0.00,6,10,13
7/3/18-2:47:1,144,64,129,71,10,2,36.00,17.00,5,7,10
7/3/18-2:48:2,145,64,129,68,5,0,36.00,17.00,5,7,10
7/3/18-2:49:3,146,64,133,78,7,2,36.00,17.00,5,7,8
7/3/18-2:50:4,144,61,125,61,9,2,36.00,17.00,5,7,8
7/3/18-2:51:5,144,65,134,69,6,2,36.00,17.00,5,7,7
7/3/18-2:52:6,144,62,134,73,5,1,36.00,18.00,5,7,7
7/3/18-2:53:7,143,63,134,73,8,3,36.00,17.00,4,7,7
7/3/18-2:54:8,145,63,124,60,10,3,36.00,17.00,4,7,7
7/3/18-2:55:9,144,63,135,81,6,1,36.00,17.00,6,8,8
7/3/18-2:56:10,145,62,133,73,8,3,36.00,17.00,6,8,8
7/3/18-2:57:11,144,63,134,77,7,1,36.00,17.00,5,7,7
7/3/18-2:58:12,145,63,127,64,4,2,36.00,17.00,5,7,7
7/3/18-2:59:13,145,64,132,75,7,1,36.00,17.00,5,8,10
7/3/18-3:0:14,145,65,132,71,9,3,36.00,17.00,5,8,10
7/3/18-3:1:15,147,64,131,74,10,1,36.00,17.00,5,6,8
7/3/18-3:2:16,145,62,125,61,11,3,36.00,17.00,5,6,8
7/3/18-3:3:17,144,63,133,75,8,1,36.00,17.00,5,8,10
7/3/18-3:4:18,147,64,133,74,10,3,36.00,17.00,5,8,10
7/3/18-3:5:19,147,63,126,64,6,2,36.00,17.00,3,6,7
7/3/18-3:6:20,146,65,134,72,7,3,36.00,17.00,3,6,7
7/3/18-3:7:21,147,63,137,86,9,3,37.00,17.00,5,8,9
7/3/18-3:8:22,145,64,133,75,8,2,36.00,17.00,5,8,9
7/3/18-3:9:23,147,62,126,62,8,5,36.00,18.00,6,8,8
7/3/18-3:10:24,148,66,135,73,8,2,36.00,18.00,6,8,8
7/3/18-3:11:25,149,64,138,77,12,4,36.00,17.00,6,9,10
7/3/18-3:12:26,144,64,136,77,11,2,36.00,17.00,6,10,10
7/3/18-3:13:27,145,63,130,66,8,2,36.00,17.00,6,9,9
7/3/18-3:14:28,147,65,139,78,11,2,36.00,18.00,6,9,9
7/3/18-3:15:29,144,63,139,77,9,2,36.00,18.00,4,7,7
7/3/18-3:16:30,144,64,139,76,9,3,36.00,17.00,4,7,7
7/3/18-3:17:31,144,62,127,61,9,4,36.00,17.00,6,8,9
7/3/18-3:18:32,145,64,136,74,10,3,36.00,18.00,6,8,9
7/3/18-3:19:33,145,65,140,80,8,1,36.00,18.00,6,7,9
7/3/18-3:20:34,146,63,131,73,9,1,36.00,18.00,6,7,9
7/3/18-3:21:35,144,64,141,74,9,1,36.00,18.00,5,7,7
7/3/18-3:22:36,144,59,133,70,9,3,36.00,17.00,5,7,7
7/3/18-3:23:37,147,64,132,72,8,2,36.00,18.00,5,8,9
7/3/18-3:24:38,141,62,123,63,7,2,36.00,17.00,5,8,9
7/3/18-3:25:39,147,63,129,71,8,2,35.00,17.00,6,9,10
7/3/18-3:26:40,145,62,131,70,10,2,36.00,17.00,6,9,10
7/3/18-3:27:41,146,65,134,71,7,3,36.00,17.00,4,7,7
7/3/18-3:28:42,143,61,123,58,8,2,36.00,17.00,4,7,7
7/3/18-3:29:43,144,64,138,77,8,3,36.00,17.00,6,9,9
7/3/18-3:30:44,145,64,134,71,10,1,36.00,17.00,6,9,9
7/3/18-3:31:45,146,64,133,72,7,3,36.00,17.00,5,7,8
7/3/18-3:32:46,146,66,127,59,6,3,36.00,17.00,5,7,8
7/3/18-3:33:47,145,65,136,72,6,0,36.00,17.00,5,10,11
7/3/18-3:34:48,145,65,132,72,8,2,36.00,17.00,5,9,11
7/3/18-3:35:49,145,63,134,83,9,1,36.00,17.00,5,8,11
7/3/18-3:36:50,145,64,137,71,7,1,36.00,17.00,5,8,11
7/3/18-3:37:51,147,65,129,68,6,1,36.00,17.00,5,8,9
7/3/18-3:38:52,145,57,123,56,6,2,36.00,17.00,5,7,9
7/3/18-3:39:53,147,64,130,68,9,1,36.00,17.00,4,8,9
7/3/18-3:40:54,146,64,135,77,10,1,36.00,17.00,4,8,9
7/3/18-3:41:55,145,63,134,75,8,3,36.00,17.00,7,9,9
7/3/18-3:42:56,145,61,124,61,9,4,36.00,17.00,7,9,9
7/3/18-3:43:57,147,65,138,66,6,1,35.00,17.00,5,7,13
7/3/18-3:44:58,144,64,135,76,8,1,36.00,17.00,5,7,13
7/3/18-3:45:59,146,66,136,80,5,2,36.00,17.00,4,7,7
7/3/18-3:47:0,144,62,126,64,9,2,36.00,17.00,4,7,7
7/3/18-3:48:1,144,64,134,70,7,1,36.00,17.00,6,9,10
7/3/18-3:49:2,144,62,135,71,9,1,36.00,17.00,8,11,11
7/3/18-3:50:3,144,62,123,60,8,4,36.00,17.00,7,8,8
7/3/18-3:51:4,144,64,133,68,10,2,36.00,17.00,7,8,8
7/3/18-3:52:5,145,65,138,76,6,0,36.00,17.00,5,7,8
7/3/18-3:53:6,144,64,131,70,10,1,36.00,17.00,4,6,8
7/3/18-3:54:7,145,64,125,61,5,1,36.00,17.00,5,7,7
7/3/18-3:55:8,146,66,130,67,7,2,36.00,17.00,5,7,7
7/3/18-3:56:9,145,63,132,70,8,3,36.00,17.00,6,9,9
7/3/18-3:57:10,144,64,132,73,7,1,36.00,17.00,6,9,9
7/3/18-3:58:10,149,65,132,69,8,3,36.00,17.00,6,8,9
7/3/18-3:59:11,147,66,137,76,9,2,37.00,17.00,6,8,9
7/3/18-4:0:12,145,65,140,76,7,2,36.00,17.00,5,9,10
7/3/18-4:1:13,144,66,124,60,7,2,36.00,17.00,5,9,10
7/3/18-4:2:14,147,65,132,69,8,3,35.00,17.00,6,8,10
7/3/18-4:3:15,145,63,133,70,8,3,36.00,17.00,6,8,10
7/3/18-4:4:16,146,64,124,63,8,4,36.00,17.00,6,9,9
7/3/18-4:5:17,147,64,136,75,9,3,36.00,17.00,6,9,9
7/3/18-4:6:18,146,65,134,71,9,1,36.00,17.00,5,9,11
7/3/18-4:7:19,146,65,135,76,7,2,36.00,17.00,5,9,10
7/3/18-4:8:20,145,63,127,63,9,1,36.00,17.00,9,15,17
7/3/18-4:9:21,146,64,134,69,7,3,36.00,17.00,9,15,17
7/3/18-4:10:22,146,66,133,69,8,3,36.00,17.00,10,13,16
7/3/18-4:11:23,146,63,123,56,6,3,36.00,17.00,10,13,16
7/3/18-4:12:24,146,65,134,72,6,1,36.00,17.00,10,14,14
7/3/18-4:13:25,145,65,131,72,7,3,36.00,17.00,10,14,14
7/3/18-4:14:26,144,63,123,57,6,2,36.00,17.00,11,14,18
7/3/18-4:15:27,146,66,133,72,8,2,36.00,17.00,12,15,19
7/3/18-4:16:28,146,64,132,71,6,1,36.00,17.00,12,16,20
7/3/18-4:17:29,145,65,132,71,7,3,36.00,17.00,12,16,20
7/3/18-4:18:30,146,65,130,67,10,2,36.00,17.00,12,15,20
7/3/18-4:19:31,144,64,134,68,8,1,36.00,17.00,12,15,20
7/3/18-4:20:32,144,64,127,67,6,1,36.00,17.00,11,14,15
7/3/18-4:21:33,144,64,120,58,5,2,36.00,17.00,11,14,15
7/3/18-4:22:34,144,64,131,67,6,3,35.00,17.00,11,14,16
7/3/18-4:23:35,146,66,128,64,7,2,36.00,17.00,11,14,16
7/3/18-4:24:36,146,64,126,71,7,2,36.00,17.00,10,14,17
7/3/18-4:25:37,144,63,120,55,7,2,36.00,17.00,10,14,17
7/3/18-4:26:38,147,63,126,66,5,2,36.00,17.00,9,12,13
7/3/18-4:27:39,145,63,128,68,7,1,37.00,16.00,9,12,12
7/3/18-4:28:40,146,67,126,66,6,2,36.00,17.00,6,9,9
7/3/18-4:29:41,147,66,125,65,4,2,37.00,16.00,6,9,9
7/3/18-4:30:42,147,64,122,69,4,0,36.00,17.00,6,8,9
7/3/18-4:31:43,146,64,126,67,7,1,36.00,17.00,6,8,9
7/3/18-4:32:44,144,63,120,58,5,2,36.00,17.00,5,7,8
7/3/18-4:33:45,149,65,120,64,4,2,37.00,16.00,5,7,8
7/3/18-4:34:46,147,65,124,66,5,3,37.00,16.00,5,10,11
7/3/18-4:35:47,146,60,115,55,4,2,36.00,17.00,5,10,11
7/3/18-4:36:48,147,63,130,67,5,2,36.00,17.00,6,9,10
7/3/18-4:37:49,148,64,123,66,4,2,37.00,17.00,6,9,10
7/3/18-4:38:50,146,64,122,66,5,1,36.00,17.00,7,8,9
7/3/18-4:39:51,145,65,115,55,5,3,37.00,16.00,7,8,9
7/3/18-4:40:52,145,65,126,64,4,2,37.00,16.00,7,8,9
7/3/18-4:41:53,147,65,126,65,7,2,36.00,17.00,7,8,9
7/3/18-4:42:54,145,64,122,64,7,4,36.00,17.00,5,7,8
7/3/18-4:43:55,145,63,115,54,5,2,36.00,17.00,5,7,8
7/3/18-4:44:56,145,64,130,71,7,1,36.00,17.00,7,10,10
7/3/18-4:45:57,146,65,127,70,7,2,36.00,17.00,6,10,10
7/3/18-4:46:58,147,64,124,69,8,2,36.00,17.00,6,8,8
7/3/18-4:47:59,146,61,115,60,6,4,36.00,17.00,6,8,8
7/3/18-4:49:0,145,65,122,64,5,3,36.00,17.00,4,6,7
7/3/18-4:50:1,146,65,123,64,5,3,36.00,17.00,4,6,8
7/3/18-4:51:2,144,64,125,65,5,0,36.00,17.00,6,7,9
7/3/18-4:52:3,146,64,125,71,5,2,36.00,17.00,6,7,9
7/3/18-4:53:4,146,64,124,64,3,2,36.00,17.00,6,8,8
7/3/18-4:54:5,147,67,121,64,5,1,37.00,17.00,6,8,8
7/3/18-4:55:6,147,63,112,54,4,2,36.00,17.00,6,9,9
7/3/18-4:56:7,146,64,117,61,7,1,36.00,17.00,6,9,9
7/3/18-4:57:8,146,64,115,63,6,2,36.00,17.00,6,8,8
7/3/18-4:58:9,146,63,117,62,4,2,36.00,17.00,6,9,9
7/3/18-4:59:10,146,63,111,59,4,1,36.00,17.00,6,7,7
7/3/18-5:0:11,146,64,118,63,4,1,36.00,17.00,6,7,7
7/3/18-5:1:12,149,63,122,70,5,3,36.00,17.00,6,7,8
7/3/18-5:2:13,146,65,118,62,5,3,36.00,17.00,6,7,8
7/3/18-5:3:14,147,65,114,60,3,0,36.00,17.00,6,8,10
7/3/18-5:4:15,147,64,122,69,6,1,36.00,17.00,6,8,10
7/3/18-5:5:16,148,65,123,70,7,1,36.00,17.00,5,7,10
7/3/18-5:6:17,146,64,121,69,6,1,36.00,17.00,5,7,10
7/3/18-5:7:18,146,63,118,64,4,3,36.00,17.00,6,8,8
7/3/18-5:8:19,144,63,123,64,4,2,36.00,17.00,6,8,8
7/3/18-5:9:20,147,66,116,62,5,2,36.00,17.00,6,7,8
7/3/18-5:10:21,146,62,111,57,4,2,36.00,17.00,6,7,8
7/3/18-5:11:22,149,63,118,64,9,3,36.00,17.00,7,9,9
7/3/18-5:12:23,145,63,124,70,4,1,37.00,17.00,7,9,9
7/3/18-5:13:24,146,64,117,63,5,3,36.00,17.00,6,8,9
7/3/18-5:14:25,146,65,115,55,4,1,36.00,17.00,6,8,9
7/3/18-5:15:26,147,64,120,64,5,1,36.00,17.00,7,11,12
7/3/18-5:16:27,147,63,122,70,4,1,36.00,17.00,7,11,12
7/3/18-5:17:28,146,66,127,82,4,2,36.00,17.00,6,9,12
7/3/18-5:18:29,148,64,111,53,5,4,36.00,17.00,6,9,12
7/3/18-5:19:30,146,62,123,65,6,1,36.00,17.00,8,11,12
7/3/18-5:20:31,147,64,117,62,6,1,36.00,17.00,8,11,12
7/3/18-5:21:32,146,64,118,63,5,1,36.00,17.00,6,9,10
7/3/18-5:22:33,148,62,119,50,6,2,36.00,17.00,6,9,10
7/3/18-5:23:34,145,63,123,65,7,3,36.00,17.00,7,10,12
7/3/18-5:24:35,147,67,131,68,6,3,36.00,17.00,7,10,12
7/3/18-5:25:36,147,63,124,62,4,1,36.00,17.00,7,12,12
7/3/18-5:26:37,146,62,124,70,6,1,36.00,17.00,7,12,12
7/3/18-5:27:38,146,64,122,67,6,2,36.00,17.00,7,9,11
7/3/18-5:28:39,146,63,114,55,5,3,36.00,17.00,7,9,11
7/3/18-5:29:40,147,64,127,63,7,1,36.00,17.00,5,8,8
7/3/18-5:30:41,145,65,125,70,4,1,38.00,17.00,6,9,9
7/3/18-5:31:42,148,58,126,69,6,4,36.00,17.00,6,8,10
7/3/18-5:32:43,145,63,115,60,5,1,36.00,17.00,6,8,10
7/3/18-5:33:44,147,65,125,67,4,2,36.00,17.00,6,9,9
7/3/18-5:34:45,148,65,121,63,6,3,37.00,16.00,6,8,9
7/3/18-5:35:46,146,61,119,65,7,1,36.00,17.00,6,7,7
7/3/18-5:36:47,145,64,113,55,7,3,37.00,16.00,6,7,7
7/3/18-5:37:48,147,63,121,65,5,2,37.00,16.00,6,8,8
7/3/18-5:38:49,147,64,122,68,6,4,37.00,16.00,6,8,8
7/3/18-5:39:50,147,63,119,68,5,3,37.00,16.00,7,10,11
7/3/18-5:40:51,146,62,115,53,7,2,36.00,17.00,7,10,11
7/3/18-5:41:52,149,64,121,63,4,1,36.00,17.00,7,9,11
7/3/18-5:42:53,149,67,124,66,5,1,37.00,16.00,7,9,10
7/3/18-5:43:54,148,65,129,66,4,3,36.00,17.00,5,7,7
7/3/18-5:44:55,147,64,125,63,7,3,36.00,17.00,5,7,7
7/3/18-5:45:56,145,66,124,65,6,1,36.00,17.00,5,8,11
7/3/18-5:46:57,146,62,114,54,7,2,36.00,17.00,5,8,11
7/3/18-5:47:58,146,64,123,65,5,0,36.00,17.00,6,9,9
7/3/18-5:48:59,147,65,128,69,5,1,37.00,17.00,6,9,9
7/3/18-5:50:0,147,66,114,51,6,3,36.00,17.00,5,7,8
7/3/18-5:51:1,145,64,126,68,5,1,36.00,17.00,5,7,8
7/3/18-5:52:2,148,66,124,63,5,1,37.00,16.00,6,7,8
7/3/18-5:53:3,147,63,122,64,5,1,37.00,16.00,7,8,9
7/3/18-5:54:4,146,62,119,55,5,2,37.00,16.00,6,8,9
7/3/18-5:55:5,147,64,121,62,7,1,36.00,17.00,6,8,9
7/3/18-5:56:6,147,64,121,63,6,0,37.00,16.00,5,7,7
7/3/18-5:57:7,147,65,123,66,6,3,37.00,16.00,5,8,8
7/3/18-5:58:7,146,64,114,53,6,2,37.00,16.00,6,9,11
7/3/18-5:59:8,146,68,122,65,7,4,37.00,16.00,6,9,11
7/3/18-6:0:9,145,63,118,60,7,3,37.00,16.00,6,9,9
7/3/18-6:1:10,147,64,120,62,7,4,37.00,16.00,6,9,9
7/3/18-6:2:11,146,62,123,65,5,2,37.00,16.00,6,7,7
7/3/18-6:3:12,147,64,118,65,8,1,37.00,16.00,6,7,7
7/3/18-6:4:13,147,65,117,61,7,3,37.00,16.00,6,8,8
7/3/18-6:5:14,147,62,112,56,6,3,37.00,16.00,6,8,8
7/3/18-6:6:15,146,64,121,66,5,2,37.00,16.00,5,6,8
7/3/18-6:7:16,147,66,122,65,7,1,37.00,16.00,5,6,8
7/3/18-6:8:17,147,64,121,63,6,2,37.00,16.00,5,6,6
7/3/18-6:9:18,146,65,112,54,7,3,37.00,16.00,5,6,6
7/3/18-6:10:19,147,64,119,63,5,1,37.00,16.00,6,8,8
7/3/18-6:11:20,148,64,116,62,6,2,36.00,17.00,6,8,8
7/3/18-6:12:21,148,64,122,67,7,5,37.00,16.00,7,9,11
7/3/18-6:13:22,146,63,115,55,5,2,36.00,17.00,7,9,11
7/3/18-6:14:23,147,63,126,64,5,2,36.00,17.00,8,14,15
7/3/18-6:15:24,149,64,124,64,7,1,36.00,17.00,8,14,15
7/3/18-6:16:25,148,64,128,77,6,2,37.00,16.00,6,10,11
7/3/18-6:17:26,146,62,117,55,5,2,37.00,16.00,6,10,11
7/3/18-6:18:27,146,65,125,62,5,2,37.00,16.00,7,11,11
7/3/18-6:19:28,149,64,127,68,7,1,37.00,16.00,6,10,10
7/3/18-6:20:29,146,63,115,54,6,2,37.00,16.00,7,9,9
7/3/18-6:21:30,147,66,125,64,5,2,37.00,16.00,7,9,9
7/3/18-6:22:31,146,64,123,69,6,1,38.00,16.00,7,9,9
7/3/18-6:23:32,147,64,122,71,7,1,37.00,16.00,7,8,8
7/3/18-6:24:33,147,63,118,64,6,2,37.00,16.00,6,9,9
7/3/18-6:25:34,149,66,128,72,7,3,36.00,17.00,6,9,9
7/3/18-6:26:35,147,66,122,64,5,3,36.00,17.00,5,8,9
7/3/18-6:27:36,147,64,122,65,6,3,37.00,16.00,4,7,8
7/3/18-6:28:37,147,61,113,52,6,4,36.00,17.00,6,9,9
7/3/18-6:29:38,147,65,119,62,7,0,36.00,17.00,6,9,9
7/3/18-6:30:39,145,64,123,63,5,1,36.00,17.00,4,6,10
7/3/18-6:31:40,146,64,122,63,10,1,36.00,17.00,4,6,10
7/3/18-6:32:41,146,63,132,59,4,2,36.00,17.00,3,7,10
7/3/18-6:33:42,148,65,130,66,5,0,36.00,17.00,3,7,10
7/3/18-6:34:43,145,64,126,64,5,2,36.00,17.00,5,7,7
7/3/18-6:35:44,146,63,124,54,5,3,36.00,17.00,5,7,7
7/3/18-6:36:45,148,63,126,66,5,2,36.00,17.00,7,9,9
7/3/18-6:37:46,150,64,124,60,6,0,37.00,17.00,7,9,9
7/3/18-6:38:47,146,63,119,59,7,4,36.00,17.00,6,8,9
7/3/18-6:39:48,148,66,121,63,6,0,36.00,17.00,6,8,9
7/3/18-6:40:49,147,64,121,68,7,1,37.00,17.00,5,8,8
7/3/18-6:41:50,148,65,121,64,5,2,36.00,17.00,5,9,9
7/3/18-6:42:51,145,63,116,59,5,3,36.00,17.00,6,8,8
7/3/18-6:43:52,146,64,130,67,5,1,36.00,17.00,5,7,7
7/3/18-6:44:53,147,64,125,66,7,2,36.00,17.00,5,7,7
7/3/18-6:45:54,146,67,126,64,5,2,36.00,17.00,5,8,8
7/3/18-6:46:55,147,62,117,55,7,2,36.00,17.00,6,9,9
7/3/18-6:47:56,146,62,125,65,5,1,36.00,17.00,6,9,9
7/3/18-6:48:57,148,63,121,62,6,2,36.00,17.00,5,7,7
7/3/18-6:49:58,147,65,130,66,4,3,36.00,17.00,5,7,7
7/3/18-6:50:59,148,66,121,64,6,3,36.00,17.00,6,8,8
7/3/18-6:52:0,148,64,125,69,5,2,36.00,17.00,6,8,8
7/3/18-6:53:1,147,64,123,66,7,1,36.00,17.00,5,7,7
7/3/18-6:54:2,146,62,116,55,6,2,36.00,17.00,5,7,7
7/3/18-6:55:3,146,63,123,64,4,1,36.00,17.00,6,8,10
7/3/18-6:56:4,147,64,125,65,5,2,37.00,17.00,6,8,10
7/3/18-6:57:5,147,64,127,63,7,0,36.00,17.00,7,10,12
7/3/18-6:58:6,146,68,137,78,5,3,36.00,17.00,7,10,12
7/3/18-6:59:7,147,63,122,63,7,3,36.00,17.00,9,11,11
7/3/18-7:0:8,146,63,123,64,6,1,36.00,17.00,9,11,11
7/3/18-7:1:9,146,64,121,70,5,1,36.00,17.00,14,22,24
7/3/18-7:2:10,147,65,125,62,5,3,36.00,17.00,14,22,24
7/3/18-7:3:11,145,62,129,70,6,1,36.00,17.00,13,19,19
7/3/18-7:4:12,148,65,131,68,6,0,36.00,17.00,13,19,19
7/3/18-7:5:13,149,64,124,65,9,2,36.00,17.00,14,19,21
7/3/18-7:6:14,148,64,119,55,7,3,36.00,17.00,14,18,20
7/3/18-7:7:15,146,65,131,70,7,3,36.00,17.00,10,16,19
7/3/18-7:8:16,148,66,127,66,5,2,36.00,17.00,11,17,19
7/3/18-7:9:17,146,62,126,67,7,1,36.00,17.00,13,21,22
7/3/18-7:10:18,147,66,123,53,6,3,37.00,16.00,13,21,22
7/3/18-7:11:19,150,63,127,72,6,2,36.00,17.00,12,17,18
7/3/18-7:12:20,148,65,132,80,8,3,36.00,17.00,12,17,18
7/3/18-7:13:21,146,63,125,63,11,3,36.00,17.00,14,18,19
7/3/18-7:14:22,147,65,130,70,10,1,36.00,17.00,14,18,19
7/3/18-7:15:23,146,64,132,69,9,3,37.00,17.00,11,18,21
7/3/18-7:16:24,147,67,122,59,11,5,36.00,17.00,11,18,21
7/3/18-7:17:25,149,64,128,72,12,3,36.00,17.00,12,16,17
7/3/18-7:18:26,147,63,124,66,7,1,37.00,17.00,12,16,17
7/3/18-7:19:27,147,63,128,70,8,3,36.00,17.00,11,14,16
7/3/18-7:20:28,146,63,120,54,7,3,37.00,16.00,11,14,16
7/3/18-7:21:29,146,64,128,65,7,2,37.00,16.00,10,13,13
7/3/18-7:22:30,147,64,131,67,8,3,36.00,17.00,9,12,12
7/3/18-7:23:31,145,64,128,66,8,3,37.00,16.00,9,13,13
7/3/18-7:24:32,147,64,131,67,8,3,37.00,16.00,9,13,13
7/3/18-7:25:33,146,62,137,71,9,2,37.00,16.00,9,15,18
7/3/18-7:26:34,146,62,124,65,8,3,36.00,17.00,9,14,17
7/3/18-7:27:35,148,60,123,58,8,5,36.00,17.00,9,13,13
7/3/18-7:28:36,147,64,133,79,11,3,37.00,16.00,9,13,13
7/3/18-7:29:37,147,64,129,68,8,2,37.00,16.00,8,12,13
7/3/18-7:30:38,147,62,123,60,9,2,37.00,16.00,8,12,13
7/3/18-7:31:39,147,64,130,71,9,2,37.00,16.00,9,15,16
7/3/18-7:32:40,147,61,124,61,9,3,37.00,16.00,9,16,16
7/3/18-7:33:41,149,62,121,57,9,3,37.00,16.00,9,18,19
7/3/18-7:34:42,149,64,128,70,10,3,37.00,16.00,9,18,19
7/3/18-7:35:43,148,66,130,72,12,3,127.00,16.00,10,15,19
7/3/18-7:36:44,146,63,132,70,9,3,38.00,16.00,9,14,16
7/3/18-7:37:45,146,64,130,75,9,1,37.00,16.00,10,19,22
7/3/18-7:38:46,148,64,131,72,11,1,36.00,17.00,10,20,20
7/3/18-7:39:47,149,67,129,69,11,2,37.00,16.00,10,13,13
7/3/18-7:40:48,147,63,125,60,12,1,37.00,16.00,10,13,13
7/3/18-7:41:49,151,64,135,76,14,0,37.00,16.00,8,12,15
7/3/18-7:42:50,146,63,136,76,14,1,37.00,16.00,8,12,15
7/3/18-7:43:51,145,62,127,67,14,2,37.00,16.00,7,12,15
7/3/18-7:44:52,149,64,134,75,17,1,37.00,16.00,7,12,15
7/3/18-7:45:53,147,67,126,62,13,0,37.00,16.00,9,13,16
7/3/18-7:46:54,148,64,134,70,16,0,37.00,16.00,9,13,16
7/3/18-7:47:55,146,66,137,78,18,2,37.00,16.00,9,15,22
7/3/18-7:48:56,148,64,132,70,18,1,37.00,16.00,9,15,22
7/3/18-7:49:57,150,64,131,72,20,3,38.00,16.00,8,16,21
7/3/18-7:50:58,148,65,131,68,16,1,37.00,16.00,8,16,21
7/3/18-7:51:59,146,64,134,74,17,3,37.00,16.00,10,14,15
7/3/18-7:53:0,149,65,132,73,21,2,37.00,16.00,11,15,16
7/3/18-7:54:1,149,64,135,73,19,4,37.00,16.00,9,16,24
7/3/18-7:55:2,147,65,138,76,20,0,37.00,16.00,9,16,24
7/3/18-7:56:3,148,66,132,71,21,3,37.00,16.00,9,15,16
7/3/18-7:57:3,147,63,125,63,19,5,36.00,17.00,9,15,16
7/3/18-7:58:4,148,64,136,73,22,3,37.00,16.00,8,13,17
7/3/18-7:59:5,148,67,134,69,21,2,36.00,17.00,8,13,17
7/3/18-8:0:6,148,65,137,71,20,3,37.00,16.00,9,17,20
7/3/18-8:1:7,148,72,135,69,21,3,36.00,17.00,9,16,19
7/3/18-8:2:8,146,64,130,62,16,1,37.00,16.00,10,13,14
7/3/18-8:3:9,147,63,138,73,18,2,37.00,16.00,10,13,14
7/3/18-8:4:10,146,66,135,70,18,2,36.00,17.00,10,13,13
7/3/18-8:5:11,148,64,131,71,18,3,36.00,17.00,10,12,12
7/3/18-8:6:12,147,63,133,65,14,1,37.00,16.00,8,10,11
7/3/18-8:7:13,148,66,135,71,15,2,37.00,16.00,8,10,11
7/3/18-8:8:14,146,64,127,59,17,3,36.00,17.00,8,11,12
7/3/18-8:9:15,146,65,134,74,13,2,36.00,17.00,8,11,12
7/3/18-8:10:16,147,65,136,73,15,3,36.00,17.00,10,13,14
7/3/18-8:11:17,147,65,138,78,15,1,37.00,16.00,9,12,15
7/3/18-8:12:18,147,65,126,59,12,3,36.00,17.00,7,11,11
7/3/18-8:13:19,146,65,134,70,11,3,36.00,17.00,7,11,11
7/3/18-8:14:20,147,64,131,69,11,2,36.00,17.00,8,12,14
7/3/18-8:15:21,148,64,128,73,11,1,36.00,17.00,8,12,14
7/3/18-8:16:22,149,65,130,70,10,2,36.00,17.00,10,15,15
7/3/18-8:17:23,149,64,140,80,11,2,36.00,17.00,10,15,15
7/3/18-8:18:24,147,67,129,67,9,3,36.00,17.00,8,11,11
7/3/18-8:19:25,145,67,132,68,8,2,36.00,17.00,8,11,11
7/3/18-8:20:26,147,68,130,65,10,2,36.00,17.00,7,12,17
7/3/18-8:21:27,146,61,134,70,9,3,36.00,17.00,7,11,14
7/3/18-8:22:28,146,63,132,64,8,4,36.00,17.00,10,14,16
7/3/18-8:23:29,148,63,137,66,10,3,36.00,17.00,10,14,16
7/3/18-8:24:30,147,67,131,70,9,1,36.00,17.00,10,14,18
7/3/18-8:25:31,147,64,134,71,8,3,36.00,17.00,10,14,18
7/3/18-8:26:32,148,62,121,58,9,4,36.00,17.00,10,15,19
7/3/18-8:27:33,150,64,142,74,10,1,36.00,17.00,10,15,19
7/3/18-8:28:34,147,65,135,68,10,4,36.00,17.00,11,17,19
7/3/18-8:29:35,146,65,130,70,6,0,36.00,17.00,12,18,20
7/3/18-8:30:36,145,64,119,56,7,2,36.00,17.00,9,15,19
7/3/18-8:31:37,146,67,132,70,9,2,36.00,17.00,9,15,19
7/3/18-8:32:38,148,65,130,79,7,1,36.00,18.00,9,11,12
7/3/18-8:33:39,146,64,135,63,7,3,36.00,18.00,9,11,12
7/3/18-8:34:40,147,65,146,78,8,3,36.00,17.00,9,13,14
7/3/18-8:35:41,146,65,127,67,7,1,36.00,17.00,10,12,13
7/3/18-8:36:42,145,62,140,84,6,2,36.00,17.00,8,15,22
7/3/18-8:37:43,148,66,140,68,9,3,36.00,18.00,8,15,22
7/3/18-8:38:44,145,63,134,68,7,2,36.00,18.00,8,12,14
7/3/18-8:39:45,146,59,127,56,6,3,36.00,18.00,9,13,15
7/3/18-8:40:46,147,64,132,75,6,1,36.00,18.00,10,13,15
7/3/18-8:41:47,148,64,128,73,7,2,37.00,17.00,10,13,15
7/3/18-8:42:48,147,64,140,80,7,2,36.00,18.00,9,14,16
7/3/18-8:43:49,145,63,124,61,6,3,36.00,18.00,9,14,16
7/3/18-8:44:50,147,67,127,65,7,2,36.00,18.00,10,14,14
7/3/18-8:45:51,144,64,147,88,7,1,36.00,18.00,10,14,15
7/3/18-8:46:52,147,65,148,107,7,2,37.00,18.00,9,13,15
7/3/18-8:47:53,147,65,133,66,7,4,36.00,18.00,9,13,16
7/3/18-8:48:54,147,63,121,59,4,2,36.00,18.00,10,16,18
7/3/18-8:49:55,145,66,141,70,7,1,36.00,18.00,9,15,17
7/3/18-8:50:56,145,64,133,68,8,1,36.00,18.00,10,13,15
7/3/18-8:51:57,145,67,132,57,6,2,36.00,18.00,10,13,15
7/3/18-8:52:58,147,63,127,67,7,3,36.00,18.00,11,18,20
7/3/18-8:53:59,146,64,124,65,6,3,36.00,18.00,11,17,20
7/3/18-8:55:0,144,64,126,53,6,2,36.00,18.00,13,19,23
7/3/18-8:56:1,146,67,134,68,5,1,36.00,18.00,13,19,23
7/3/18-8:57:2,146,67,134,69,7,0,35.00,19.00,15,22,24
7/3/18-8:58:3,144,66,134,110,6,1,35.00,19.00,15,22,24
7/3/18-8:59:4,143,64,143,90,8,1,35.00,19.00,13,23,30
7/3/18-9:0:5,145,64,120,55,6,1,36.00,18.00,13,23,30
7/3/18-9:1:6,145,63,121,64,4,0,36.00,18.00,17,24,29
7/3/18-9:2:7,144,63,128,75,6,2,35.00,19.00,16,22,28
7/3/18-9:3:8,144,60,128,74,6,1,35.00,19.00,15,24,26
7/3/18-9:4:9,144,65,159,77,7,3,35.00,19.00,15,24,26
7/3/18-9:5:10,144,64,125,63,8,2,35.00,19.00,18,29,34
7/3/18-9:6:11,146,63,126,64,4,3,35.00,19.00,18,29,34
7/3/18-9:7:12,143,65,121,65,5,2,35.00,19.00,19,31,37
7/3/18-9:8:13,144,64,148,73,7,2,35.00,19.00,19,31,37
7/3/18-9:9:14,145,65,151,99,6,1,35.00,19.00,16,29,36
7/3/18-9:10:15,142,63,146,78,6,2,35.00,19.00,16,29,36
7/3/18-9:11:16,145,64,130,62,8,3,35.00,19.00,22,33,42
7/3/18-9:12:17,145,65,128,70,7,4,35.00,19.00,22,35,44
7/3/18-9:13:18,142,65,127,67,6,1,35.00,19.00,22,38,46
7/3/18-9:14:19,144,65,146,85,6,2,35.00,19.00,22,38,46
7/3/18-9:15:20,143,64,146,91,5,4,35.00,20.00,24,39,50
7/3/18-9:16:21,144,65,157,98,6,3,35.00,19.00,24,40,50
7/3/18-9:17:22,145,62,125,64,7,4,35.00,19.00,26,41,50
7/3/18-9:18:23,145,64,143,85,7,2,35.00,20.00,26,41,50
7/3/18-9:19:24,141,67,147,98,6,1,35.00,20.00,24,41,53
7/3/18-9:20:25,144,64,132,81,7,3,35.00,19.00,24,41,53
7/3/18-9:21:26,142,65,185,137,6,3,35.00,20.00,26,43,56
7/3/18-9:22:27,145,64,147,84,7,3,35.00,20.00,26,43,56
7/3/18-9:23:28,143,67,136,72,5,0,36.00,20.00,24,37,49
7/3/18-9:24:29,142,64,142,74,6,2,35.00,20.00,24,37,49
7/3/18-9:25:30,143,66,144,82,6,3,37.00,20.00,24,39,49
7/3/18-9:26:31,144,66,126,73,6,3,35.00,20.00,24,39,49
7/3/18-9:27:32,144,64,138,85,6,0,35.00,20.00,26,39,49
7/3/18-9:28:33,140,65,125,75,2,1,35.00,20.00,26,39,49
7/3/18-9:29:34,143,65,128,86,6,2,35.00,20.00,22,37,45
7/3/18-9:30:35,141,65,133,79,5,2,36.00,20.00,22,38,46
7/3/18-9:31:36,141,68,121,62,5,2,35.00,20.00,23,39,47
7/3/18-9:32:37,143,64,144,75,8,1,35.00,20.00,23,39,47
7/3/18-9:33:38,141,64,136,62,5,3,34.00,21.00,23,39,50
7/3/18-9:34:39,140,62,117,64,7,1,35.00,20.00,23,39,52
7/3/18-9:35:40,140,64,120,61,5,2,35.00,20.00,22,36,45
7/3/18-9:36:41,141,66,133,76,5,1,34.00,21.00,22,36,46
7/3/18-9:37:42,140,64,120,71,6,1,35.00,21.00,16,24,25
7/3/18-9:38:43,141,65,132,92,6,1,34.00,21.00,16,24,25
7/3/18-9:39:44,141,63,120,59,5,3,34.00,21.00,15,21,24
7/3/18-9:40:45,143,65,142,79,6,2,34.00,21.00,15,21,24
7/3/18-9:41:46,143,64,144,82,7,3,34.00,21.00,14,21,22
7/3/18-9:42:47,142,64,139,74,5,2,34.00,21.00,14,21,22
7/3/18-9:43:48,142,66,148,80,4,0,35.00,20.00,15,26,29
7/3/18-9:44:49,141,67,144,83,7,2,34.00,21.00,14,24,26
7/3/18-9:45:50,141,62,132,65,7,3,34.00,21.00,14,18,19
7/3/18-9:46:51,141,67,130,70,7,3,33.00,21.00,14,18,19
7/3/18-9:47:52,141,63,126,64,7,2,34.00,21.00,20,30,35
7/3/18-9:48:53,142,65,158,86,4,0,34.00,22.00,20,30,35
7/3/18-9:49:54,142,63,128,68,6,3,34.00,22.00,12,15,15
7/3/18-9:50:55,141,67,145,90,4,3,34.00,21.00,12,15,15
7/3/18-9:51:56,143,64,128,67,4,3,34.00,21.00,12,16,17
7/3/18-9:52:57,143,64,143,71,7,3,34.00,21.00,12,16,17
7/3/18-9:53:58,143,64,147,78,6,3,34.00,21.00,11,16,19
7/3/18-9:54:59,139,64,159,81,7,1,34.00,21.00,11,15,19
7/3/18-9:56:0,141,63,116,57,4,1,34.00,21.00,8,12,15
7/3/18-9:57:1,140,66,117,63,5,2,34.00,22.00,8,12,15
7/3/18-9:58:2,141,65,113,61,4,1,34.00,22.00,10,12,14
7/3/18-9:59:3,140,66,133,74,4,2,34.00,22.00,10,12,14
7/3/18-10:0:4,141,64,111,57,6,2,34.00,22.00,11,17,17
7/3/18-10:1:5,140,67,152,88,4,3,34.00,22.00,11,17,17
7/3/18-10:2:6,142,65,146,82,5,3,34.00,22.00,10,15,15
7/3/18-10:3:6,141,62,131,91,6,3,34.00,22.00,10,15,15
7/3/18-10:4:7,141,64,136,70,5,3,34.00,22.00,9,12,12
7/3/18-10:5:8,140,65,147,84,6,3,35.00,22.00,9,12,12
7/3/18-10:6:9,139,66,142,155,5,1,34.00,22.00,8,15,15
7/3/18-10:7:10,139,64,119,67,7,1,35.00,22.00,10,17,17
7/3/18-10:8:11,140,64,134,78,4,3,35.00,22.00,9,13,14
7/3/18-10:9:12,141,61,144,91,8,3,34.00,22.00,9,12,13
7/3/18-10:10:13,139,66,127,67,4,1,34.00,22.00,9,16,17
7/3/18-10:11:14,141,65,134,75,5,2,34.00,22.00,9,17,17
7/3/18-10:12:15,139,64,135,72,6,1,34.00,22.00,9,15,15
7/3/18-10:13:16,138,65,159,104,4,0,34.00,22.00,9,15,15
7/3/18-10:14:17,139,65,147,98,6,2,33.00,23.00,11,16,20
7/3/18-10:15:18,139,63,133,77,4,1,34.00,22.00,11,16,19
7/3/18-10:16:19,137,62,148,88,5,3,34.00,22.00,11,15,18
7/3/18-10:17:20,139,63,132,74,7,1,34.00,22.00,11,15,18
7/3/18-10:18:21,137,65,122,76,6,3,34.00,22.00,11,17,19
7/3/18-10:19:22,140,64,123,75,4,1,34.00,22.00,10,18,20
7/3/18-10:20:23,141,68,126,74,6,2,34.00,22.00,11,17,19
7/3/18-10:21:24,140,64,134,80,5,2,34.00,22.00,11,16,18
7/3/18-10:22:25,139,64,166,96,7,1,34.00,22.00,13,22,24
7/3/18-10:23:26,140,69,145,81,5,0,34.00,22.00,13,22,24
7/3/18-10:24:27,138,63,138,66,5,2,34.00,22.00,16,22,24
7/3/18-10:25:28,138,65,149,95,6,1,34.00,22.00,17,23,25
7/3/18-10:26:29,139,64,118,59,7,3,34.00,22.00,17,21,21
7/3/18-10:27:30,138,67,130,75,5,2,33.00,22.00,17,21,21
7/3/18-10:28:31,138,62,137,75,7,3,34.00,22.00,17,25,26
7/3/18-10:29:32,140,64,131,72,6,3,34.00,22.00,17,25,26
7/3/18-10:30:33,137,64,157,96,6,2,33.00,23.00,16,23,26
7/3/18-10:31:34,138,66,128,61,6,3,34.00,22.00,15,23,25
7/3/18-10:32:35,139,64,155,99,7,3,33.00,22.00,15,20,20
7/3/18-10:33:36,138,65,167,159,7,2,34.00,22.00,15,20,20
7/3/18-10:34:37,139,62,125,59,5,2,35.00,22.00,16,21,24
7/3/18-10:35:38,140,65,147,87,4,2,35.00,22.00,16,21,24
7/3/18-10:36:39,140,67,141,69,4,1,34.00,22.00,14,22,26
7/3/18-10:37:40,137,65,134,73,5,3,34.00,22.00,13,22,23
7/3/18-10:38:41,136,63,150,77,6,3,34.00,22.00,17,23,23
7/3/18-10:39:42,138,64,128,101,7,2,34.00,22.00,17,23,23
7/3/18-10:40:43,139,67,151,90,7,1,34.00,22.00,16,27,29
7/3/18-10:41:44,140,67,135,76,5,0,34.00,22.00,16,27,29
7/3/18-10:42:45,138,66,154,125,7,3,34.00,22.00,18,26,26
7/3/18-10:43:46,139,66,147,87,6,3,34.00,22.00,18,26,26
7/3/18-10:44:47,140,67,160,104,5,2,34.00,22.00,20,27,31
7/3/18-10:45:48,137,65,142,78,5,2,34.00,22.00,19,27,30
7/3/18-10:46:49,137,66,148,99,5,1,34.00,22.00,18,29,32
7/3/18-10:47:50,137,65,147,91,4,1,34.00,22.00,17,29,34
7/3/18-10:48:51,137,65,139,77,6,1,34.00,22.00,20,28,29
7/3/18-10:49:52,137,62,125,65,6,5,34.00,22.00,20,27,29
7/3/18-10:50:53,139,65,138,88,6,3,34.00,21.00,17,29,30
7/3/18-10:51:54,136,67,147,77,5,3,34.00,22.00,17,29,30
7/3/18-10:52:55,136,63,150,76,6,5,34.00,22.00,16,21,23
7/3/18-10:53:56,137,67,140,71,5,1,34.00,22.00,16,21,23
7/3/18-10:54:57,136,66,126,73,5,1,34.00,22.00,16,23,27
7/3/18-10:55:58,136,64,146,79,4,1,34.00,22.00,16,22,25
7/3/18-10:56:59,137,67,147,71,3,2,34.00,22.00,15,20,20
7/3/18-10:58:0,138,67,132,71,4,0,34.00,22.00,15,20,20
7/3/18-10:59:1,137,67,172,98,5,1,34.00,22.00,13,18,20
7/3/18-11:0:2,137,64,138,74,5,1,33.00,23.00,13,18,20
7/3/18-11:1:3,137,66,138,70,7,1,33.00,23.00,11,16,18
7/3/18-11:2:4,136,66,167,121,6,2,33.00,23.00,12,17,19
7/3/18-11:3:5,137,66,140,77,6,1,33.00,23.00,12,15,18
7/3/18-11:4:6,137,65,144,59,6,1,34.00,22.00,12,15,18
7/3/18-11:5:7,136,65,120,62,9,2,34.00,22.00,11,13,18
7/3/18-11:6:8,136,64,151,96,9,2,34.00,22.00,11,13,18
7/3/18-11:7:9,137,66,148,102,4,2,34.00,22.00,10,14,15
7/3/18-11:8:10,136,66,141,82,4,1,33.00,23.00,10,14,15
7/3/18-11:9:11,138,63,134,92,5,3,34.00,22.00,11,14,15
7/3/18-11:10:12,137,65,139,86,5,3,34.00,22.00,11,15,16
7/3/18-11:11:13,138,64,111,54,4,2,34.00,22.00,10,13,14
7/3/18-11:12:14,137,64,135,95,5,2,32.00,23.00,10,13,14
7/3/18-11:13:15,138,65,130,68,7,3,34.00,22.00,9,13,15
7/3/18-11:14:16,136,62,129,70,5,3,34.00,22.00,10,13,15
7/3/18-11:15:17,134,59,138,79,6,2,33.00,23.00,9,13,15
7/3/18-11:16:18,139,68,141,86,3,1,33.00,23.00,9,13,15
7/3/18-11:17:19,136,68,122,64,4,3,33.00,23.00,9,12,12
7/3/18-11:18:20,136,65,119,63,4,1,33.00,23.00,10,13,13
7/3/18-11:19:21,137,65,129,80,6,3,33.00,23.00,9,13,13
7/3/18-11:20:22,134,63,113,62,7,2,33.00,23.00,9,13,13
7/3/18-11:21:23,135,64,139,90,5,3,33.00,23.00,11,17,17
7/3/18-11:22:24,135,67,148,95,7,1,33.00,23.00,11,17,17
7/3/18-11:23:25,137,66,113,62,5,2,33.00,23.00,10,13,18
7/3/18-11:24:26,136,66,144,86,4,3,33.00,23.00,10,13,18
7/3/18-11:25:27,135,64,129,53,6,2,33.00,23.00,9,12,15
7/3/18-11:26:28,135,64,121,63,7,1,34.00,22.00,9,12,15
7/3/18-11:27:29,136,67,138,74,3,2,33.00,23.00,9,12,12
7/3/18-11:28:30,133,65,118,70,4,1,33.00,23.00,9,12,12
7/3/18-11:29:31,135,66,118,61,3,1,33.00,23.00,9,13,17
7/3/18-11:30:32,137,66,142,76,4,0,33.00,23.00,9,13,17
7/3/18-11:31:33,136,64,123,80,5,1,33.00,23.00,12,16,17
7/3/18-11:32:34,134,67,129,59,4,3,33.00,23.00,12,16,17
7/3/18-11:33:35,137,67,133,85,5,3,33.00,23.00,10,13,13
7/3/18-11:34:36,136,65,155,104,6,2,34.00,23.00,10,13,13
7/3/18-11:35:37,136,66,163,126,4,1,33.00,23.00,8,10,11
7/3/18-11:36:38,135,64,136,113,5,2,33.00,23.00,8,10,11
7/3/18-11:37:39,135,65,159,99,4,0,32.00,23.00,8,13,13
7/3/18-11:38:40,136,64,116,58,5,2,33.00,23.00,8,13,13
7/3/18-11:39:41,135,62,137,108,6,2,33.00,23.00,8,10,13
7/3/18-11:40:42,134,64,154,103,5,2,33.00,23.00,8,10,13
7/3/18-11:41:43,137,66,116,65,4,2,33.00,23.00,9,12,12
7/3/18-11:42:44,137,67,123,72,3,2,33.00,23.00,9,13,13
7/3/18-11:43:45,135,66,127,69,3,1,33.00,23.00,9,12,14
7/3/18-11:44:46,134,63,112,59,5,4,33.00,23.00,9,12,14
7/3/18-11:45:47,135,66,133,85,2,0,33.00,23.00,9,11,12
7/3/18-11:46:48,136,67,126,67,4,3,33.00,23.00,9,12,13
7/3/18-11:47:49,135,66,114,63,4,1,33.00,23.00,9,12,14
7/3/18-11:48:50,133,64,126,74,5,3,33.00,23.00,9,12,14
7/3/18-11:49:51,136,66,119,68,4,1,33.00,23.00,8,12,12
7/3/18-11:50:52,135,60,121,80,2,2,33.00,23.00,8,11,11
7/3/18-11:51:53,135,66,119,63,4,2,33.00,23.00,9,13,13
7/3/18-11:52:54,135,66,130,73,5,2,33.00,24.00,9,13,13
7/3/18-11:53:55,136,67,147,97,4,1,34.00,23.00,8,10,12
7/3/18-11:54:56,133,71,113,65,4,2,33.00,24.00,8,10,12
7/3/18-11:55:57,133,67,123,64,4,2,33.00,24.00,10,12,12
7/3/18-11:56:58,134,67,119,67,5,0,33.00,23.00,10,12,12
7/3/18-11:57:59,135,67,120,99,4,2,33.00,24.00,10,13,14
7/3/18-11:59:0,135,66,144,82,5,2,33.00,24.00,10,13,13
7/3/18-12:0:1,134,65,110,55,5,2,33.00,24.00,10,13,13
7/3/18-12:1:2,133,64,139,97,6,2,33.00,24.00,10,13,13
7/3/18-12:2:3,133,66,128,67,6,3,33.00,23.00,12,15,18
7/3/18-12:3:4,132,66,123,76,4,1,33.00,24.00,12,14,16
7/3/18-12:4:5,134,66,128,61,4,2,33.00,24.00,9,13,14
7/3/18-12:5:6,136,70,140,86,4,1,33.00,24.00,9,13,14
7/3/18-12:6:7,134,63,118,70,4,2,33.00,24.00,8,13,13
7/3/18-12:7:8,134,67,121,66,4,2,33.00,24.00,8,13,13
7/3/18-12:8:9,135,65,108,91,3,0,33.00,23.00,10,15,16
7/3/18-12:9:10,134,68,122,70,4,2,33.00,23.00,10,15,16
7/3/18-12:10:11,132,65,140,99,5,1,33.00,24.00,11,14,14
7/3/18-12:11:12,132,67,111,62,4,1,33.00,23.00,11,14,14
7/3/18-12:12:13,134,65,131,78,7,1,33.00,24.00,8,10,12
7/3/18-12:13:14,134,65,133,74,6,2,33.00,24.00,8,10,12
7/3/18-12:14:15,135,68,132,77,4,1,33.00,23.00,10,12,14
7/3/18-12:15:16,133,63,139,74,5,4,33.00,24.00,10,12,14
7/3/18-12:16:17,135,66,126,80,2,2,33.00,23.00,9,13,13
7/3/18-12:17:18,132,66,150,113,4,2,34.00,23.00,9,13,13
7/3/18-12:18:19,132,66,116,70,4,1,33.00,24.00,9,12,14
7/3/18-12:19:20,131,64,109,60,5,3,33.00,23.00,9,12,14
7/3/18-12:20:21,132,65,127,65,4,2,33.00,23.00,11,15,15
7/3/18-12:21:22,134,65,122,70,6,2,33.00,24.00,11,15,15
7/3/18-12:22:23,132,67,122,71,4,2,33.00,23.00,10,12,12
7/3/18-12:23:24,134,67,114,53,2,1,33.00,24.00,10,12,12
7/3/18-12:24:25,135,66,114,62,4,0,33.00,24.00,9,12,15
7/3/18-12:25:26,134,67,124,64,4,2,33.00,24.00,9,12,15
7/3/18-12:26:27,134,66,130,74,4,3,33.00,24.00,8,11,11
7/3/18-12:27:28,133,67,124,64,5,3,33.00,24.00,9,12,12
7/3/18-12:28:29,133,65,134,89,4,2,33.00,24.00,8,12,13
7/3/18-12:29:30,132,67,126,79,4,3,33.00,24.00,8,12,13
7/3/18-12:30:31,132,67,118,64,5,1,33.00,24.00,11,14,15
7/3/18-12:31:32,134,66,126,67,3,2,33.00,24.00,10,13,14
7/3/18-12:32:33,133,69,124,71,3,0,33.00,24.00,8,12,12
7/3/18-12:33:34,132,64,131,110,5,4,33.00,24.00,8,12,12
7/3/18-12:34:35,133,67,144,96,3,2,33.00,23.00,9,13,13
7/3/18-12:35:36,133,63,127,75,4,3,33.00,24.00,9,12,12
7/3/18-12:36:37,132,65,117,67,4,1,33.00,24.00,8,12,14
7/3/18-12:37:38,134,66,134,67,5,2,33.00,24.00,8,12,14
7/3/18-12:38:39,132,67,136,61,5,3,33.00,23.00,10,13,13
7/3/18-12:39:40,133,67,124,72,6,1,33.00,24.00,10,14,14
7/3/18-12:40:41,132,64,132,65,5,3,33.00,24.00,10,15,16
7/3/18-12:41:42,132,65,114,62,5,3,32.00,25.00,10,15,16
7/3/18-12:42:43,134,66,133,83,4,1,34.00,24.00,9,14,15
7/3/18-12:43:44,132,67,114,63,4,3,33.00,24.00,9,14,15
7/3/18-12:44:45,129,64,128,82,5,3,33.00,24.00,10,13,13
7/3/18-12:45:46,131,66,139,74,4,3,32.00,24.00,9,12,12
7/3/18-12:46:47,132,67,125,65,4,1,33.00,24.00,8,13,14
7/3/18-12:47:48,134,67,129,73,3,1,33.00,24.00,8,13,14
7/3/18-12:48:49,134,67,123,75,4,1,33.00,24.00,9,16,17
7/3/18-12:49:49,132,68,115,62,4,3,32.00,25.00,9,16,17
7/3/18-12:50:50,131,66,123,95,5,3,32.00,25.00,8,9,9
7/3/18-12:51:51,131,66,106,56,5,2,33.00,24.00,8,9,9
7/3/18-12:52:52,131,67,125,84,4,1,33.00,24.00,10,12,15
7/3/18-12:53:53,133,65,126,77,4,3,33.00,24.00,9,12,13
7/3/18-12:54:54,131,66,123,70,6,3,33.00,24.00,10,13,14
7/3/18-12:55:55,129,65,109,66,4,1,33.00,24.00,10,13,14
7/3/18-12:56:56,132,66,111,66,5,3,32.00,25.00,11,15,18
7/3/18-12:57:57,131,65,123,78,5,3,32.00,25.00,11,15,18
7/3/18-12:58:58,131,67,147,78,5,2,32.00,25.00,9,13,14
7/3/18-12:59:59,130,65,155,83,6,2,32.00,25.00,9,13,14
7/3/18-13:1:0,130,66,140,54,4,3,32.00,25.00,11,14,19
7/3/18-13:2:1,131,66,132,69,3,0,32.00,25.00,11,14,19
7/3/18-13:3:2,130,66,128,86,5,3,32.00,25.00,9,11,11
7/3/18-13:4:3,129,66,133,82,5,2,32.00,25.00,9,11,11
7/3/18-13:5:4,131,66,133,85,8,1,32.00,25.00,7,11,12
7/3/18-13:6:5,132,64,147,81,5,4,32.00,25.00,7,11,12
7/3/18-13:7:6,130,66,138,67,3,3,32.00,25.00,7,9,9
7/3/18-13:8:7,132,66,108,51,4,2,32.00,25.00,7,9,9
7/3/18-13:9:8,129,67,115,75,6,1,32.00,25.00,9,14,14
7/3/18-13:10:9,131,68,110,51,4,3,32.00,25.00,9,14,14
7/3/18-13:11:10,131,66,123,70,6,1,32.00,25.00,8,10,10
7/3/18-13:12:11,129,66,144,79,5,3,32.00,25.00,8,10,10
7/3/18-13:13:12,130,65,121,64,4,2,32.00,25.00,7,10,10
7/3/18-13:14:13,132,66,164,157,4,2,32.00,25.00,7,10,10
7/3/18-13:15:14,131,68,122,71,3,2,32.00,25.00,8,11,12
7/3/18-13:16:15,131,69,131,77,5,1,32.00,25.00,7,11,12
7/3/18-13:17:16,130,66,111,67,6,4,32.00,25.00,7,11,11
7/3/18-13:18:17,131,66,123,65,5,1,32.00,25.00,7,11,11
7/3/18-13:19:18,131,66,128,75,4,3,32.00,25.00,8,11,11
7/3/18-13:20:19,129,66,127,73,6,2,32.00,25.00,7,12,12
7/3/18-13:21:20,129,64,112,56,5,4,32.00,25.00,6,9,10
7/3/18-13:22:21,131,66,138,66,4,1,32.00,25.00,5,8,9
7/3/18-13:23:22,131,67,124,74,2,0,32.00,25.00,8,11,12
7/3/18-13:24:23,130,66,118,70,5,4,32.00,25.00,8,11,12
7/3/18-13:25:24,129,65,104,52,6,4,32.00,25.00,8,10,10
7/3/18-13:26:25,130,68,154,118,4,1,32.00,25.00,8,10,10
7/3/18-13:27:26,130,69,121,78,4,3,32.00,25.00,7,9,12
7/3/18-13:28:27,129,65,119,60,4,1,32.00,25.00,7,9,12
7/3/18-13:29:28,129,67,128,63,4,2,32.00,25.00,6,11,14
7/3/18-13:30:29,129,67,130,76,5,1,32.00,26.00,6,12,15
7/3/18-13:31:30,129,66,139,70,4,2,32.00,26.00,5,7,7
7/3/18-13:32:31,130,67,156,70,3,4,32.00,25.00,5,7,7
7/3/18-13:33:32,131,69,137,94,5,3,32.00,26.00,5,6,6
7/3/18-13:34:33,129,66,138,66,5,3,32.00,25.00,5,7,7
7/3/18-13:35:34,129,65,133,98,5,3,32.00,26.00,5,7,7
7/3/18-13:36:35,129,68,125,62,4,1,32.00,25.00,5,7,7
7/3/18-13:37:36,128,66,128,71,6,2,33.00,26.00,4,5,6
7/3/18-13:38:37,129,65,116,54,3,3,32.00,26.00,3,5,6
7/3/18-13:39:38,129,68,134,87,3,2,32.00,25.00,6,9,9
7/3/18-13:40:39,130,66,140,95,4,3,32.00,25.00,6,9,9
7/3/18-13:41:40,131,67,122,73,3,2,32.00,26.00,4,6,6
7/3/18-13:42:41,129,65,132,64,4,2,32.00,26.00,4,6,6
7/3/18-13:43:42,128,67,122,66,4,1,32.00,26.00,5,6,8
7/3/18-13:44:43,130,65,116,63,5,2,32.00,26.00,5,6,8
7/3/18-13:45:44,129,66,128,72,2,5,32.00,26.00,5,7,9
7/3/18-13:46:45,131,68,145,79,3,0,32.00,26.00,5,7,9
7/3/18-13:47:46,130,69,120,67,4,3,32.00,26.00,6,7,7
7/3/18-13:48:47,129,71,119,78,3,2,32.00,26.00,6,7,7
7/3/18-13:49:48,129,63,143,151,4,1,32.00,26.00,4,6,6
7/3/18-13:50:49,129,63,127,70,3,0,32.00,26.00,4,6,6
7/3/18-13:51:50,131,66,129,72,5,3,33.00,26.00,5,6,6
7/3/18-13:52:51,130,66,142,77,5,3,32.00,26.00,5,6,6
7/3/18-13:53:52,127,64,119,53,3,3,32.00,26.00,4,6,7
7/3/18-13:54:53,129,66,151,81,6,1,31.00,26.00,4,6,7
7/3/18-13:55:54,129,67,121,70,3,0,32.00,26.00,5,8,8
7/3/18-13:56:55,129,65,128,78,7,3,32.00,26.00,5,8,9
7/3/18-13:57:56,126,63,127,71,5,2,32.00,26.00,4,6,6
7/3/18-13:58:57,128,65,121,79,4,1,31.00,26.00,4,6,6
7/3/18-13:59:58,128,66,130,73,6,2,32.00,26.00,3,4,6
7/3/18-14:0:59,130,67,134,68,4,1,32.00,26.00,4,5,5
7/3/18-14:2:0,126,64,146,74,6,4,32.00,26.00,4,6,6
7/3/18-14:3:1,129,69,141,75,4,1,32.00,26.00,5,7,7
7/3/18-14:4:2,129,64,118,63,5,2,32.00,26.00,5,7,9
7/3/18-14:5:3,129,65,137,80,4,3,31.00,27.00,5,7,11
7/3/18-14:6:4,128,64,119,65,5,3,32.00,26.00,4,6,6
7/3/18-14:7:5,128,67,123,79,2,3,32.00,26.00,4,6,6
7/3/18-14:8:6,127,69,123,63,4,0,32.00,26.00,4,5,5
7/3/18-14:9:7,129,68,125,69,5,3,32.00,26.00,4,5,5
7/3/18-14:10:8,125,66,121,54,4,2,32.00,26.00,5,6,7
7/3/18-14:11:9,127,66,132,81,4,3,32.00,26.00,5,6,7
7/3/18-14:12:10,129,66,131,76,2,1,31.00,27.00,4,7,7
7/3/18-14:13:11,127,66,130,73,4,2,31.00,27.00,4,7,7
7/3/18-14:14:12,127,63,103,49,4,2,32.00,26.00,4,7,7
7/3/18-14:15:13,127,67,148,84,4,1,32.00,26.00,4,7,7
7/3/18-14:16:14,129,67,145,71,4,2,31.00,27.00,3,5,5
7/3/18-14:17:15,128,69,131,71,4,2,32.00,26.00,3,5,5
7/3/18-14:18:16,125,66,112,54,7,2,32.00,26.00,3,5,5
7/3/18-14:19:17,128,65,147,71,8,1,32.00,26.00,4,6,6
7/3/18-14:20:18,126,67,123,70,4,1,31.00,27.00,5,7,8
7/3/18-14:21:19,125,66,141,86,5,2,32.00,26.00,4,6,7
7/3/18-14:22:20,125,64,117,56,5,2,31.00,27.00,4,6,8
7/3/18-14:23:21,127,67,122,62,2,2,31.00,27.00,3,3,3
7/3/18-14:24:22,128,60,114,64,4,2,31.00,27.00,3,3,3
7/3/18-14:25:23,127,64,142,89,4,1,31.00,27.00,4,5,7
7/3/18-14:26:24,125,64,139,62,6,4,32.00,26.00,4,5,7
7/3/18-14:27:25,128,67,135,102,5,2,31.00,27.00,5,7,7
7/3/18-14:28:26,125,65,126,64,5,2,31.00,27.00,5,7,7
7/3/18-14:29:27,126,66,120,74,4,3,31.00,27.00,4,5,5
7/3/18-14:30:28,125,64,116,66,5,3,31.00,27.00,4,5,5
7/3/18-14:31:29,127,64,141,105,5,3,31.00,27.00,4,5,8
7/3/18-14:32:30,127,65,123,70,5,1,31.00,28.00,4,5,8
7/3/18-14:33:31,126,66,137,104,6,2,31.00,27.00,4,5,7
7/3/18-14:34:32,125,64,106,53,5,3,31.00,28.00,4,5,7
7/3/18-14:35:33,128,68,171,105,5,3,31.00,27.00,4,5,6
7/3/18-14:36:34,127,68,132,77,4,2,31.00,27.00,4,5,6
7/3/18-14:37:35,127,67,148,113,4,2,31.00,27.00,3,4,5
7/3/18-14:38:36,125,66,117,57,4,2,31.00,27.00,3,4,5
7/3/18-14:39:37,127,65,148,87,6,3,30.00,27.00,3,4,4
7/3/18-14:40:38,127,63,133,61,4,1,31.00,27.00,3,4,4
7/3/18-14:41:39,127,66,130,64,2,1,31.00,28.00,2,3,3
7/3/18-14:42:40,127,64,112,58,5,3,31.00,27.00,2,3,3
7/3/18-14:43:41,127,67,164,109,3,0,30.00,28.00,4,6,6
7/3/18-14:44:42,125,65,148,95,6,3,31.00,27.00,4,6,6
7/3/18-14:45:43,127,67,129,69,4,2,31.00,27.00,2,4,5
7/3/18-14:46:44,126,64,110,55,5,3,31.00,28.00,2,4,5
7/3/18-14:47:45,125,66,146,91,5,1,30.00,28.00,3,4,6
7/3/18-14:48:46,127,66,133,83,4,2,32.00,28.00,3,4,6
7/3/18-14:49:47,126,64,117,75,5,1,31.00,28.00,2,4,5
7/3/18-14:50:48,127,66,111,55,3,0,31.00,27.00,2,4,5
7/3/18-14:51:49,125,67,123,62,5,1,31.00,27.00,4,5,5
7/3/18-14:52:50,126,65,107,71,3,2,32.00,28.00,4,5,5
7/3/18-14:53:51,124,65,161,78,6,1,31.00,27.00,4,6,8
7/3/18-14:54:52,122,65,120,51,5,3,31.00,27.00,4,6,8
7/3/18-14:55:53,125,66,146,86,5,1,31.00,27.00,2,3,6
7/3/18-14:56:54,127,67,126,80,4,2,31.00,28.00,3,4,7
7/3/18-14:57:55,126,64,120,69,7,3,31.00,28.00,3,6,6
7/3/18-14:58:56,123,64,131,77,4,2,31.00,28.00,3,6,6
7/3/18-14:59:57,126,65,133,64,5,3,31.00,28.00,4,6,7
7/3/18-15:0:58,126,66,108,58,5,1,31.00,28.00,4,6,7
7/3/18-15:1:59,124,64,127,63,4,2,31.00,28.00,3,4,5
7/3/18-15:3:0,125,63,110,59,5,2,31.00,28.00,3,4,5
7/3/18-15:4:1,125,65,110,63,5,3,31.00,28.00,2,3,3
7/3/18-15:5:2,125,66,155,84,4,2,31.00,28.00,2,3,3
7/3/18-15:6:3,125,64,117,60,6,2,31.00,28.00,3,4,6
7/3/18-15:7:4,125,66,126,64,5,1,31.00,28.00,3,4,6
7/3/18-15:8:5,126,64,131,90,5,3,31.00,28.00,4,4,4
7/3/18-15:9:6,126,67,121,65,4,1,31.00,28.00,4,4,4
7/3/18-15:10:7,125,64,125,85,4,3,31.00,28.00,3,5,5
7/3/18-15:11:8,125,66,124,80,5,0,31.00,27.00,3,5,5
7/3/18-15:12:9,124,67,135,73,4,4,31.00,28.00,3,4,4
7/3/18-15:13:10,125,65,137,83,4,1,31.00,28.00,3,4,4
7/3/18-15:14:11,124,66,136,79,6,3,31.00,28.00,3,4,6
7/3/18-15:15:12,124,67,122,66,3,1,31.00,28.00,2,3,5
7/3/18-15:16:13,127,66,126,82,2,1,31.00,28.00,2,5,5
7/3/18-15:17:14,125,67,140,72,3,0,31.00,28.00,2,5,5
7/3/18-15:18:15,124,68,138,80,4,0,31.00,28.00,4,5,9
7/3/18-15:19:16,124,72,127,64,4,1,31.00,28.00,4,5,9
7/3/18-15:20:17,123,65,119,59,4,3,31.00,28.00,4,4,4
7/3/18-15:21:18,124,66,110,59,5,3,31.00,28.00,4,4,4
7/3/18-15:22:19,125,65,140,114,5,3,31.00,28.00,3,5,6
7/3/18-15:23:20,124,68,126,69,2,0,31.00,28.00,2,3,4
7/3/18-15:24:21,123,64,146,64,6,5,31.00,28.00,2,3,3
7/3/18-15:25:22,124,66,129,73,6,1,31.00,28.00,2,3,3
7/3/18-15:26:23,124,62,131,97,4,1,31.00,28.00,2,3,4
7/3/18-15:27:24,124,62,125,72,5,3,31.00,28.00,2,3,4
7/3/18-15:28:25,123,64,118,58,4,2,31.00,28.00,4,4,4
7/3/18-15:29:26,123,65,137,87,6,2,31.00,28.00,4,4,4
7/3/18-15:30:27,125,66,119,72,3,1,31.00,28.00,3,4,4
7/3/18-15:31:28,124,69,148,99,2,1,31.00,28.00,3,4,4
7/3/18-15:32:29,122,64,130,71,5,3,31.00,28.00,4,6,6
7/3/18-15:33:30,126,63,151,103,4,1,31.00,28.00,4,6,6
7/3/18-15:34:31,124,66,126,65,7,2,31.00,28.00,4,5,5
7/3/18-15:35:32,125,66,121,66,4,2,31.00,28.00,3,4,4
7/3/18-15:36:33,122,66,128,72,4,3,31.00,28.00,1,3,4
7/3/18-15:37:34,124,66,137,85,6,1,31.00,28.00,1,3,4
7/3/18-15:38:35,126,67,125,88,3,0,30.00,29.00,3,3,5
7/3/18-15:39:36,122,66,135,113,7,2,31.00,28.00,3,4,5
7/3/18-15:40:37,122,65,152,64,5,3,31.00,28.00,3,5,5
7/3/18-15:41:38,123,65,105,59,5,3,31.00,28.00,3,5,5
7/3/18-15:42:39,125,65,128,69,5,3,31.00,28.00,3,3,5
7/3/18-15:43:40,124,66,115,70,3,0,31.00,28.00,3,4,5
7/3/18-15:44:41,123,61,138,62,5,2,31.00,28.00,4,5,5
7/3/18-15:45:42,124,64,116,73,6,4,29.00,28.00,4,5,5
7/3/18-15:46:43,126,65,140,84,4,3,31.00,28.00,3,3,3
7/3/18-15:47:44,123,65,126,91,6,2,31.00,28.00,3,3,3
7/3/18-15:48:45,124,65,123,65,5,3,31.00,28.00,3,4,4
7/3/18-15:49:46,125,65,137,80,4,0,30.00,28.00,3,4,4
7/3/18-15:50:47,124,67,126,88,4,1,32.00,28.00,4,4,5
7/3/18-15:51:48,124,64,130,68,9,2,31.00,28.00,4,4,5
7/3/18-15:52:49,121,64,132,85,6,2,31.00,28.00,4,5,6
7/3/18-15:53:50,123,65,125,63,5,1,31.00,28.00,4,5,6
7/3/18-15:54:51,124,65,139,124,5,1,31.00,28.00,5,6,8
7/3/18-15:55:52,124,67,129,62,3,0,31.00,28.00,5,6,8
7/3/18-15:56:53,120,63,139,82,6,2,31.00,28.00,2,4,5
7/3/18-15:57:54,124,64,137,70,4,1,31.00,28.00,2,4,5
7/3/18-15:58:55,124,64,120,65,5,3,30.00,29.00,3,4,4
7/3/18-15:59:56,125,65,140,103,4,1,31.00,28.00,3,5,5
7/3/18-16:0:57,123,67,139,99,3,1,31.00,28.00,2,3,3
7/3/18-16:1:58,123,65,117,69,4,3,31.00,28.00,2,3,3
7/3/18-16:2:59,122,66,113,65,4,2,31.00,28.00,4,5,5
7/3/18-16:4:0,122,64,115,64,5,4,31.00,28.00,5,6,6
7/3/18-16:5:1,123,65,146,98,4,1,31.00,28.00,4,5,5
7/3/18-16:6:2,123,62,126,59,5,3,31.00,28.00,4,5,5
7/3/18-16:7:3,125,67,139,75,4,2,31.00,28.00,3,5,5
7/3/18-16:8:4,125,64,134,74,5,3,31.00,28.00,3,5,5
7/3/18-16:9:5,123,65,143,104,4,1,31.00,28.00,2,3,3
7/3/18-16:10:6,122,63,154,79,3,2,31.00,28.00,2,3,3
7/3/18-16:11:7,123,65,139,66,4,1,30.00,29.00,2,3,5
7/3/18-16:12:8,124,65,129,71,4,1,30.00,29.00,2,3,5
7/3/18-16:13:9,121,65,150,114,5,0,31.00,28.00,3,5,5
7/3/18-16:14:10,121,63,126,63,4,2,30.00,29.00,3,5,5
7/3/18-16:15:11,122,70,113,63,5,1,30.00,29.00,3,4,4
7/3/18-16:16:12,125,66,130,71,4,1,30.00,29.00,3,4,4
7/3/18-16:17:13,124,65,125,60,4,1,30.00,29.00,2,4,4
7/3/18-16:18:14,122,62,113,64,5,5,31.00,28.00,2,4,4
7/3/18-16:19:15,122,64,123,80,4,2,31.00,28.00,2,4,5
7/3/18-16:20:16,125,64,140,95,4,3,31.00,28.00,2,4,5
7/3/18-16:21:17,123,68,124,75,4,1,30.00,29.00,2,4,4
7/3/18-16:22:18,122,63,124,65,6,3,30.00,29.00,2,4,4
7/3/18-16:23:19,123,68,114,65,6,2,30.00,29.00,1,3,4
7/3/18-16:24:20,123,64,140,73,6,3,31.00,28.00,1,3,4
7/3/18-16:25:21,122,64,120,63,6,4,31.00,28.00,1,2,3
7/3/18-16:26:22,122,63,122,74,4,3,31.00,28.00,1,2,3
7/3/18-16:27:23,123,65,121,69,4,3,30.00,29.00,3,4,4
7/3/18-16:28:24,122,62,114,68,5,3,30.00,29.00,2,4,4
7/3/18-16:29:25,124,65,128,79,4,2,31.00,28.00,2,3,3
7/3/18-16:30:26,122,64,118,57,8,5,30.00,29.00,2,3,3
7/3/18-16:31:27,122,59,132,65,4,2,31.00,28.00,2,4,4
7/3/18-16:32:28,123,65,167,91,4,1,30.00,29.00,2,4,4
7/3/18-16:33:29,123,64,145,107,5,2,30.00,29.00,3,3,5
7/3/18-16:34:30,120,65,119,64,4,2,31.00,28.00,3,3,5
7/3/18-16:35:31,124,65,176,107,4,1,29.00,29.00,2,3,3
7/3/18-16:36:32,122,60,134,79,5,2,30.00,29.00,2,3,3
7/3/18-16:37:33,122,65,126,96,6,2,30.00,29.00,2,3,3
7/3/18-16:38:34,121,64,125,59,1,2,30.00,29.00,2,3,3
7/3/18-16:39:35,123,64,120,68,4,4,29.00,29.00,3,6,6
7/3/18-16:40:36,123,64,113,68,5,2,30.00,29.00,3,6,6
7/3/18-16:41:37,123,65,127,68,4,1,30.00,29.00,2,4,5
7/3/18-16:42:38,121,65,112,56,4,1,30.00,29.00,2,4,5
7/3/18-16:43:39,124,65,110,65,4,2,31.00,28.00,3,4,4
7/3/18-16:44:40,122,64,128,80,5,2,31.00,28.00,4,5,5
7/3/18-16:45:41,121,64,118,69,5,3,30.00,29.00,2,3,3
7/3/18-16:46:42,123,64,117,63,4,0,31.00,28.00,2,3,3
7/3/18-16:47:43,123,65,114,53,4,2,30.00,29.00,3,5,5
7/3/18-16:48:44,123,64,122,69,4,4,31.00,28.00,3,5,5
7/3/18-16:49:45,123,64,144,78,5,3,30.00,29.00,2,4,4
7/3/18-16:50:46,121,65,153,105,4,2,30.00,29.00,2,4,4
7/3/18-16:51:47,122,65,125,55,4,1,30.00,29.00,1,2,2
7/3/18-16:52:48,122,64,141,86,4,1,30.00,29.00,1,2,2
7/3/18-16:53:49,122,65,121,73,5,1,30.00,29.00,2,3,3
7/3/18-16:54:50,121,65,135,78,5,0,30.00,29.00,2,3,3
7/3/18-16:55:51,120,64,130,70,6,2,31.00,28.00,2,3,3
7/3/18-16:56:52,123,65,142,86,5,3,30.00,29.00,3,4,4
7/3/18-16:57:53,122,65,136,75,4,3,30.00,29.00,2,3,3
7/3/18-16:58:54,121,64,166,108,7,2,30.00,29.00,2,4,4
7/3/18-16:59:55,119,63,125,64,4,2,31.00,28.00,3,3,5
7/3/18-17:0:56,125,65,127,99,6,1,30.00,29.00,3,3,5
7/3/18-17:1:57,123,64,117,65,5,3,30.00,29.00,3,3,5
7/3/18-17:2:58,122,66,112,65,4,2,30.00,29.00,2,3,5
7/3/18-17:3:59,121,62,114,57,6,4,31.00,28.00,3,4,4
7/3/18-17:5:0,124,66,124,69,2,1,31.00,28.00,3,4,4
7/3/18-17:6:1,122,64,117,65,4,1,30.00,29.00,1,3,4
7/3/18-17:7:2,122,66,136,77,4,1,30.00,29.00,1,3,4
7/3/18-17:8:3,121,62,118,57,5,3,31.00,28.00,1,3,3
7/3/18-17:9:4,123,65,113,68,5,3,30.00,29.00,1,3,3
7/3/18-17:10:5,123,64,134,85,4,1,31.00,28.00,1,3,3
7/3/18-17:11:6,122,64,116,61,5,3,30.00,29.00,1,3,3
7/3/18-17:12:7,120,63,115,55,6,4,30.00,29.00,3,4,5
7/3/18-17:13:8,122,64,144,83,6,2,30.00,28.00,3,4,5
7/3/18-17:14:9,122,66,119,62,4,1,30.00,29.00,4,5,5
7/3/18-17:15:10,123,63,119,65,2,2,30.00,29.00,3,5,5
7/3/18-17:16:11,120,62,109,68,5,4,30.00,29.00,1,2,2
7/3/18-17:17:12,123,64,132,82,5,3,29.00,29.00,1,2,2
7/3/18-17:18:13,122,64,141,90,3,2,32.00,28.00,2,3,3
7/3/18-17:19:14,120,65,124,75,4,1,31.00,28.00,2,3,3
7/3/18-17:20:15,119,63,122,58,5,3,30.00,29.00,3,4,4
7/3/18-17:21:16,121,65,133,70,4,1,31.00,28.00,3,4,4
7/3/18-17:22:17,122,65,127,71,5,1,30.00,29.00,3,4,5
7/3/18-17:23:18,121,66,127,69,4,1,30.00,29.00,2,3,4
7/3/18-17:24:19,120,65,127,72,4,1,30.00,29.00,2,2,2
7/3/18-17:25:20,120,64,141,79,6,4,30.00,29.00,2,2,2
7/3/18-17:26:21,120,67,125,81,4,1,30.00,29.00,2,3,3
7/3/18-17:27:22,123,65,175,130,3,1,30.00,29.00,2,3,3
7/3/18-17:28:23,122,66,125,73,3,1,30.00,29.00,1,2,2
7/3/18-17:29:24,122,63,104,49,4,3,30.00,29.00,1,2,2
7/3/18-17:30:24,123,65,139,73,4,1,30.00,29.00,2,4,4
7/3/18-17:31:25,123,63,132,77,5,3,30.00,29.00,2,4,4
7/3/18-17:32:26,118,63,117,68,3,2,31.00,28.00,2,3,3
7/3/18-17:33:27,119,63,117,75,5,2,30.00,29.00,2,3,3
7/3/18-17:34:28,123,64,137,77,7,3,30.00,29.00,2,3,4
7/3/18-17:35:29,122,62,133,94,6,1,30.00,29.00,1,2,5
7/3/18-17:36:30,119,64,142,86,4,1,30.00,29.00,1,3,3
7/3/18-17:37:31,121,61,114,53,4,3,30.00,29.00,1,3,3
7/3/18-17:38:32,123,63,136,72,4,1,30.00,29.00,1,2,2
7/3/18-17:39:33,122,65,128,78,4,1,30.00,29.00,1,2,2
7/3/18-17:40:34,120,64,128,71,4,2,30.00,29.00,1,2,2
7/3/18-17:41:35,119,65,113,60,4,2,30.00,29.00,1,3,3
7/3/18-17:42:36,121,62,125,80,4,3,30.00,29.00,2,2,2
7/3/18-17:43:37,120,65,149,114,5,1,30.00,29.00,1,2,3
7/3/18-17:44:38,120,63,133,77,4,1,30.00,29.00,1,2,3
7/3/18-17:45:39,118,63,135,62,5,3,30.00,29.00,1,3,4
7/3/18-17:46:40,122,66,132,80,4,1,30.00,29.00,1,3,4
7/3/18-17:47:41,120,65,122,74,6,4,30.00,29.00,1,2,3
7/3/18-17:48:42,120,65,141,87,6,1,30.00,29.00,1,2,3
7/3/18-17:49:43,121,63,132,110,6,4,30.00,29.00,1,2,2
7/3/18-17:50:44,120,65,142,80,4,1,29.00,29.00,1,2,2
7/3/18-17:51:45,120,65,169,98,3,0,31.00,29.00,1,1,1
7/3/18-17:52:46,121,66,147,76,4,1,30.00,29.00,1,1,1
7/3/18-17:53:47,118,62,157,118,5,2,30.00,29.00,2,4,4
7/3/18-17:54:48,121,64,137,70,4,1,30.00,30.00,2,4,4
7/3/18-17:55:49,122,65,129,73,5,2,30.00,29.00,2,3,4
7/3/18-17:56:50,120,66,153,80,5,3,30.00,29.00,2,3,4
7/3/18-17:57:51,120,64,136,104,5,3,30.00,30.00,1,2,2
7/3/18-17:58:52,120,60,120,60,7,4,30.00,30.00,1,2,2
7/3/18-17:59:53,121,67,132,67,5,1,30.00,29.00,1,3,3
7/3/18-18:0:54,120,64,123,69,5,2,30.00,29.00,1,3,3
7/3/18-18:1:55,118,64,135,87,7,2,30.00,29.00,2,3,3
7/3/18-18:2:56,119,63,130,72,4,1,30.00,30.00,2,3,3
7/3/18-18:3:57,119,64,132,68,4,2,30.00,29.00,1,3,3
7/3/18-18:4:58,119,65,124,68,4,2,30.00,30.00,1,3,3
7/3/18-18:5:59,118,64,132,81,5,1,30.00,30.00,1,2,2
7/3/18-18:7:0,117,63,123,65,4,2,30.00,30.00,1,2,2
7/3/18-18:8:1,120,65,128,81,4,1,30.00,30.00,1,2,3
7/3/18-18:9:2,120,65,142,68,4,1,30.00,30.00,1,2,3
7/3/18-18:10:3,119,65,110,62,4,2,30.00,30.00,1,2,3
7/3/18-18:11:4,119,61,121,81,4,3,30.00,30.00,1,2,3
7/3/18-18:12:5,120,64,166,90,4,1,29.00,29.00,2,3,3
7/3/18-18:13:6,118,66,151,82,5,1,29.00,31.00,2,3,3
7/3/18-18:14:7,120,65,153,85,4,1,30.00,30.00,2,3,3
7/3/18-18:15:8,119,62,122,64,5,3,30.00,30.00,2,3,3
7_3_18.txt
7/3/18-18:24:32,522,60,154,63,7,3,30.00,29.00,2,2,2
7/3/18-18:25:33,122,61,142,47,5,3,30.00,29.00,2,3,3
7/3/18-18:26:34,123,64,155,59,5,3,30.00,29.00,1,2,2
7/3/18-18:27:35,122,61,149,61,4,1,30.00,29.00,2,3,3
7/3/18-18:28:36,119,65,154,59,6,1,30.00,29.00,2,3,3
7/3/18-18:29:37,120,64,127,44,6,4,30.00,29.00,3,3,5
7/3/18-18:30:38,122,65,147,59,4,3,30.00,29.00,3,3,5
7/3/18-18:31:39,121,68,146,61,6,2,30.00,29.00,2,2,2
7/3/18-18:32:40,120,65,163,85,7,3,30.00,29.00,2,3,3
7/3/18-18:33:41,117,64,151,54,6,4,30.00,29.00,3,4,5
7/3/18-18:34:42,120,66,161,84,5,3,30.00,29.00,3,4,5
7/3/18-18:35:43,120,66,149,74,4,2,30.00,29.00,2,3,3
7/3/18-18:36:44,120,66,149,65,4,2,30.00,29.00,2,3,3
7/3/18-18:37:45,117,63,138,63,6,2,30.00,29.00,2,3,3
7/3/18-18:38:46,122,67,154,67,6,3,30.00,29.00,2,3,3
7/3/18-18:39:47,119,60,162,105,5,1,30.00,30.00,3,3,3
7/3/18-18:40:48,119,65,153,72,7,2,30.00,29.00,3,3,3
7/3/18-18:41:49,117,65,145,63,4,3,30.00,29.00,2,3,3
7/3/18-18:42:50,118,66,152,84,6,2,29.00,30.00,2,3,3
7/3/18-18:43:51,120,68,151,67,5,1,31.00,29.00,3,3,3
7/3/18-18:44:52,118,65,140,71,5,1,30.00,30.00,3,3,3
7/3/18-18:45:53,116,68,129,51,5,2,30.00,29.00,2,3,3
7/3/18-18:46:54,119,66,137,64,4,1,30.00,29.00,2,3,3
7/3/18-18:47:55,120,69,159,97,4,0,30.00,29.00,3,4,6
7/3/18-18:48:56,119,66,142,67,5,3,30.00,29.00,3,4,6
7/3/18-18:49:57,118,62,162,93,5,1,30.00,30.00,3,6,6
7/3/18-18:50:58,117,65,133,56,4,2,30.00,30.00,3,6,6
7/3/18-18:51:59,117,64,152,65,7,2,30.00,29.00,1,3,3
7/3/18-18:53:0,117,65,138,60,9,3,30.00,30.00,2,3,3
7/3/18-18:54:1,118,67,139,68,4,2,30.00,30.00,2,3,3
7/3/18-18:55:2,117,64,135,52,4,2,30.00,30.00,2,3,3
7/3/18-18:56:3,119,65,147,76,4,1,30.00,29.00,3,3,5
7/3/18-18:57:4,120,64,168,100,6,3,30.00,29.00,3,3,5
7/3/18-18:58:5,118,66,151,65,6,2,30.00,29.00,4,5,5
7/3/18-18:59:6,117,65,125,54,4,2,30.00,29.00,4,5,5
7/3/18-19:0:7,118,65,133,63,3,2,30.00,29.00,4,5,5
7/3/18-19:1:8,120,65,137,66,4,1,30.00,29.00,4,5,5
7/3/18-19:2:9,118,64,149,83,5,2,30.00,29.00,3,6,6
7/3/18-19:3:10,118,62,127,57,4,2,31.00,28.00,3,6,6
7/3/18-19:4:11,121,63,140,67,4,2,30.00,28.00,4,5,5
7/3/18-19:5:12,121,65,146,65,5,2,32.00,28.00,4,5,5
7/3/18-19:6:13,120,65,154,86,6,1,31.00,28.00,3,4,4
7/3/18-19:7:14,120,64,129,58,6,3,31.00,28.00,3,4,4
7/3/18-19:8:15,120,65,139,67,6,1,31.00,28.00,3,4,6
7/3/18-19:9:16,122,66,136,68,5,2,31.00,28.00,3,4,6
7/3/18-19:10:17,121,65,128,59,4,3,31.00,28.00,3,4,7
7/3/18-19:11:18,119,62,150,65,4,1,31.00,28.00,3,4,7
7/3/18-19:12:19,122,65,136,62,5,3,31.00,28.00,3,3,3
7/3/18-19:13:20,122,64,134,66,5,1,31.00,28.00,3,3,3
7/3/18-19:14:21,121,65,158,93,4,1,31.00,28.00,3,5,5
7/3/18-19:15:22,121,65,141,72,4,3,31.00,28.00,3,5,5
7/3/18-19:16:23,121,62,131,56,5,3,31.00,28.00,3,6,6
7/3/18-19:17:24,123,70,136,69,4,1,31.00,28.00,2,5,6
7/3/18-19:18:25,123,66,148,66,5,2,31.00,28.00,3,5,6
7/3/18-19:19:26,122,65,138,73,4,1,31.00,27.00,3,4,5
7/3/18-19:20:27,121,63,126,51,5,3,31.00,28.00,3,4,5
7/3/18-19:21:28,124,71,143,66,4,2,31.00,28.00,3,5,8
7/3/18-19:22:29,124,64,147,80,5,2,31.00,28.00,3,4,9
7/3/18-19:23:30,122,66,128,62,5,3,31.00,28.00,4,5,5
7/3/18-19:24:31,122,66,121,48,5,3,31.00,28.00,4,5,5
7/3/18-19:25:32,124,64,150,63,4,0,31.00,27.00,4,6,6
7/3/18-19:26:33,122,62,157,80,6,4,31.00,27.00,4,5,5
7/3/18-19:27:34,124,65,154,79,4,0,31.00,27.00,4,6,6
7/3/18-19:28:35,122,63,142,60,5,3,31.00,27.00,3,5,5
7/3/18-19:29:36,123,64,135,63,6,2,31.00,28.00,4,5,5
7/3/18-19:30:37,123,66,144,65,4,3,31.00,28.00,4,5,5
7/3/18-19:31:38,122,63,155,85,7,2,31.00,28.00,2,3,5
7/3/18-19:32:39,123,63,139,62,4,2,31.00,28.00,2,3,5
7/3/18-19:33:40,123,68,137,65,5,0,31.00,27.00,5,7,8
7/3/18-19:34:41,124,65,146,68,6,1,31.00,27.00,5,7,8
7/3/18-19:35:42,123,73,140,72,5,3,31.00,27.00,4,8,9
7/3/18-19:36:43,121,64,127,53,6,2,31.00,27.00,4,8,9
7/3/18-19:37:44,123,66,144,71,4,1,31.00,27.00,5,7,7
7/3/18-19:38:45,123,63,158,90,5,1,31.00,27.00,5,7,7
7/3/18-19:39:46,124,63,155,77,7,2,32.00,26.00,6,7,7
7/3/18-19:40:47,122,64,144,68,6,2,31.00,27.00,6,7,7
7/3/18-19:41:48,124,65,144,73,6,1,31.00,27.00,9,16,19
7/3/18-19:42:49,122,64,164,73,8,2,31.00,27.00,8,15,17
7/3/18-19:43:50,121,61,139,63,7,4,32.00,26.00,11,16,22
7/3/18-19:44:51,124,65,145,69,6,1,31.00,27.00,11,16,22
7/3/18-19:45:52,125,71,154,72,4,1,32.00,26.00,16,26,30
7/3/18-19:46:53,125,67,145,71,6,3,31.00,27.00,17,27,29
7/3/18-19:47:54,124,64,147,77,6,4,31.00,27.00,12,17,17
7/3/18-19:48:55,124,65,154,79,5,2,31.00,27.00,12,18,18
7/3/18-19:49:56,126,66,137,68,5,3,32.00,26.00,9,16,16
7/3/18-19:50:57,125,64,138,66,5,3,33.00,26.00,9,16,16
7/3/18-19:51:58,124,63,134,65,6,1,31.00,27.00,8,11,11
7/3/18-19:52:59,122,61,137,56,5,2,32.00,26.00,8,11,11
7/3/18-19:54:0,124,63,134,57,4,1,31.00,26.00,6,12,13
7/3/18-19:55:1,127,64,140,83,4,1,32.00,26.00,6,13,15
7/3/18-19:56:2,125,62,141,68,5,3,32.00,26.00,8,8,11
7/3/18-19:57:3,124,64,154,84,7,3,31.00,27.00,8,8,11
7/3/18-19:58:4,125,65,153,75,5,1,31.00,27.00,5,7,8
7/3/18-19:59:5,124,64,137,66,6,2,32.00,26.00,4,6,6
7/3/18-20:0:6,124,63,128,54,4,1,31.00,27.00,4,5,5
7/3/18-20:1:7,126,64,146,66,5,2,32.00,26.00,4,5,5
7/3/18-20:2:8,125,64,159,85,5,1,33.00,26.00,5,7,8
7/3/18-20:3:9,126,65,143,70,5,1,32.00,26.00,5,7,7
7/3/18-20:4:10,125,62,143,78,4,3,32.00,26.00,3,5,5
7/3/18-20:5:11,126,66,148,75,5,3,32.00,26.00,3,5,5
7/3/18-20:6:12,127,68,148,68,4,1,33.00,26.00,4,6,6
7/3/18-20:7:13,127,65,142,64,5,1,32.00,26.00,4,6,6
7/3/18-20:8:14,123,65,135,54,7,2,32.00,26.00,4,5,7
7/3/18-20:9:15,127,64,141,69,6,3,32.00,26.00,4,5,7
7/3/18-20:10:16,127,66,143,77,4,1,33.00,26.00,4,6,8
7/3/18-20:11:17,125,64,140,83,7,2,32.00,26.00,4,6,8
7/3/18-20:12:18,126,62,121,56,6,4,32.00,26.00,3,4,4
7/3/18-20:13:19,127,64,138,64,4,1,32.00,26.00,3,4,4
7/3/18-20:14:20,125,65,151,66,4,1,33.00,26.00,3,5,6
7/3/18-20:15:21,125,64,145,82,9,4,32.00,26.00,3,5,7
7/3/18-20:16:22,125,63,140,59,4,2,32.00,26.00,4,5,7
7/3/18-20:17:23,128,64,146,69,5,2,32.00,26.00,4,5,7
7/3/18-20:18:24,128,63,141,69,5,1,33.00,26.00,3,6,6
7/3/18-20:19:25,126,67,140,71,5,2,32.00,26.00,3,5,5
7/3/18-20:20:26,124,61,131,67,6,3,32.00,26.00,5,6,8
7/3/18-20:21:27,126,63,139,68,5,1,31.00,26.00,5,6,8
7/3/18-20:22:28,126,62,149,72,6,1,33.00,26.00,4,6,6
7/3/18-20:23:29,126,65,156,78,5,1,32.00,26.00,6,7,7
7/3/18-20:24:30,126,65,142,69,6,3,32.00,26.00,4,6,8
7/3/18-20:25:31,129,65,150,74,7,2,32.00,26.00,4,6,8
7/3/18-20:26:32,127,66,143,80,5,3,33.00,25.00,4,5,7
7/3/18-20:27:33,127,64,137,58,3,2,32.00,26.00,4,5,7
7/3/18-20:28:34,126,63,142,71,7,2,32.00,26.00,3,5,5
7/3/18-20:29:35,127,65,139,67,5,0,33.00,26.00,4,6,6
7/3/18-20:30:36,127,65,152,69,6,1,32.00,26.00,5,7,7
7/3/18-20:31:37,126,63,153,73,7,4,32.00,26.00,5,7,7
7/3/18-20:32:38,126,64,140,68,7,3,32.00,26.00,4,6,6
7/3/18-20:33:39,128,67,150,72,5,0,33.00,26.00,4,6,6
7/3/18-20:34:40,128,65,154,71,4,0,32.00,26.00,4,6,6
7/3/18-20:35:41,125,64,136,56,5,2,32.00,26.00,4,6,6
7/3/18-20:36:42,129,66,147,71,5,1,31.00,26.00,4,6,6
7/3/18-20:37:43,127,64,143,74,7,3,32.00,26.00,4,6,6
7/3/18-20:38:44,126,64,154,82,6,2,32.00,26.00,5,7,9
7/3/18-20:39:45,124,63,127,59,7,3,32.00,25.00,5,7,9
7/3/18-20:40:46,127,67,147,66,5,2,31.00,26.00,3,5,5
7/3/18-20:41:47,128,64,141,69,7,3,32.00,26.00,4,6,6
7/3/18-20:42:48,126,64,139,70,7,3,32.00,25.00,3,5,6
7/3/18-20:43:49,127,62,144,68,5,1,32.00,25.00,3,5,6
7/3/18-20:44:50,128,69,146,72,6,1,32.00,25.00,3,4,4
7/3/18-20:45:51,128,64,150,73,8,2,32.00,25.00,3,4,4
7/3/18-20:46:52,126,64,155,73,9,3,32.00,25.00,4,5,7
7/3/18-20:47:53,126,63,134,60,9,2,32.00,25.00,4,5,7
7/3/18-20:48:54,130,65,154,85,8,2,32.00,25.00,4,6,6
7/3/18-20:49:55,127,64,148,73,8,3,32.00,25.00,4,6,6
7/3/18-20:50:56,126,65,144,78,5,1,32.00,25.00,4,6,6
7/3/18-20:51:57,129,64,160,67,8,3,32.00,25.00,4,6,6
7/3/18-20:52:58,128,64,156,79,10,0,32.00,25.00,3,5,5
7/3/18-20:53:59,129,67,160,68,7,2,32.00,25.00,4,5,5
7/3/18-20:55:0,128,65,150,80,9,2,32.00,25.00,5,7,10
7/3/18-20:56:1,129,64,145,85,7,3,32.00,25.00,5,7,10
7/3/18-20:57:2,130,65,156,73,9,3,32.00,25.00,4,5,5
7/3/18-20:58:3,131,65,147,73,8,2,32.00,25.00,4,5,5
7/3/18-20:59:4,128,64,147,66,10,2,32.00,25.00,5,7,16
7/3/18-21:0:5,129,63,137,58,9,3,32.00,25.00,5,7,16
7/3/18-21:1:6,127,64,151,80,9,1,32.00,25.00,4,6,7
7/3/18-21:2:7,128,66,156,83,8,2,32.00,25.00,4,6,7
7/3/18-21:3:8,129,67,153,76,6,0,32.00,25.00,5,7,9
7/3/18-21:4:9,129,62,140,59,7,3,32.00,25.00,5,7,9
7/3/18-21:5:10,129,65,158,82,8,2,32.00,25.00,4,6,6
7/3/18-21:6:11,128,65,150,86,10,1,32.00,25.00,5,6,6
7/3/18-21:7:12,130,65,161,80,9,2,32.00,25.00,8,12,14
7/3/18-21:8:13,130,63,149,76,9,3,32.00,25.00,8,12,14
7/3/18-21:9:14,131,66,159,73,9,1,32.00,25.00,6,9,9
7/3/18-21:10:15,130,65,151,73,12,2,32.00,25.00,6,9,9
7/3/18-21:11:16,127,63,149,78,10,1,33.00,24.00,6,8,9
7/3/18-21:12:17,128,66,155,75,10,2,33.00,24.00,6,8,9
7/3/18-21:13:18,128,65,150,76,11,1,33.00,24.00,8,14,15
7/3/18-21:14:19,128,60,146,67,14,2,32.00,25.00,8,14,15
7/3/18-21:15:20,129,62,162,82,10,1,33.00,24.00,9,13,15
7/3/18-21:16:21,129,66,164,79,10,0,33.00,24.00,8,13,14
7/3/18-21:17:22,128,65,167,97,10,0,32.00,25.00,8,13,14
7/3/18-21:18:23,128,71,146,60,8,3,32.00,25.00,9,11,13
7/3/18-21:19:24,129,62,159,73,12,1,32.00,25.00,9,13,13
7/3/18-21:20:25,129,67,156,78,14,2,32.00,25.00,9,11,11
7/3/18-21:21:26,130,63,151,67,14,2,32.00,25.00,9,11,11
7/3/18-21:22:27,132,65,154,75,19,1,33.00,24.00,9,12,15
7/3/18-21:23:28,128,65,155,77,20,1,33.00,24.00,9,12,15
7/3/18-21:24:29,130,63,148,64,19,2,33.00,24.00,7,11,12
7/3/18-21:25:30,130,65,156,80,25,3,33.00,24.00,7,11,12
7/3/18-21:26:31,128,64,158,81,27,2,33.00,24.00,8,11,13
7/3/18-21:27:32,130,64,146,64,24,3,33.00,24.00,8,11,13
7/3/18-21:28:33,128,66,158,80,29,2,33.00,24.00,9,18,25
7/3/18-21:29:34,128,65,159,83,28,1,33.00,24.00,10,18,25
7/3/18-21:30:35,131,67,157,87,28,3,33.00,23.00,13,21,24
7/3/18-21:31:36,128,64,144,67,24,2,33.00,24.00,12,20,23
7/3/18-21:32:37,130,65,157,80,29,2,33.00,24.00,12,19,20
7/3/18-21:33:38,130,66,157,81,28,3,33.00,24.00,13,18,20
7/3/18-21:34:39,131,68,159,78,24,2,33.00,23.00,13,18,20
7/3/18-21:35:40,129,64,141,65,23,3,33.00,24.00,14,25,28
7/3/18-21:36:41,132,65,158,89,26,3,33.00,24.00,14,24,24
7/3/18-21:37:42,131,67,159,79,24,3,33.00,23.00,15,21,21
7/3/18-21:38:43,129,72,155,78,25,1,33.00,24.00,15,21,21
7/3/18-21:39:44,131,66,161,86,24,1,33.00,23.00,14,21,23
7/3/18-21:40:45,130,66,161,80,28,3,33.00,23.00,13,22,23
7/3/18-21:41:46,130,63,147,67,26,3,33.00,23.00,14,18,21
7/3/18-21:42:47,132,65,163,83,31,3,33.00,24.00,14,18,21
7/3/18-21:43:48,130,65,171,119,26,1,33.00,23.00,12,21,23
7/3/18-21:44:49,131,63,159,76,21,2,33.00,23.00,12,21,23
7/3/18-21:45:50,130,64,163,78,22,3,32.00,23.00,12,19,23
7/3/18-21:46:51,130,65,167,84,20,2,33.00,24.00,12,19,23
7/3/18-21:47:52,133,65,159,81,20,3,33.00,24.00,11,15,15
7/3/18-21:48:53,130,67,155,75,19,3,33.00,24.00,11,15,15
7/3/18-21:49:54,130,64,177,122,19,3,33.00,24.00,10,15,18
7/3/18-21:50:55,132,64,153,84,12,3,33.00,24.00,10,15,18
7/3/18-21:51:56,130,64,151,71,12,4,33.00,24.00,8,13,15
7/3/18-21:52:57,132,70,155,78,11,2,33.00,24.00,9,14,16
7/3/18-21:53:58,131,69,153,87,9,0,32.00,25.00,9,12,16
7/3/18-21:54:59,131,66,164,89,10,1,33.00,24.00,9,12,16
7/3/18-21:56:0,130,66,147,66,9,4,32.00,25.00,8,11,11
7/3/18-21:57:1,133,67,154,77,10,2,32.00,25.00,8,11,11
7/3/18-21:58:2,130,65,148,79,10,1,33.00,24.00,7,9,9
7/3/18-21:59:3,133,64,160,102,12,3,33.00,24.00,8,10,10
7/3/18-22:0:3,131,62,151,87,11,2,32.00,25.00,6,10,11
7/3/18-22:1:4,133,66,150,68,5,0,32.00,25.00,6,10,11
7/3/18-22:2:5,131,66,150,73,8,1,32.00,25.00,7,10,10
7/3/18-22:3:6,130,64,146,81,8,1,32.00,25.00,7,10,10
7/3/18-22:4:7,131,66,174,94,9,3,32.00,25.00,6,10,10
7/3/18-22:5:8,131,65,169,94,9,2,32.00,25.00,6,9,10
7/3/18-22:6:9,132,66,161,92,9,1,32.00,25.00,8,10,11
7/3/18-22:7:10,132,64,151,77,9,3,32.00,25.00,8,10,11
7/3/18-22:8:11,132,65,157,81,12,3,32.00,25.00,7,12,13
7/3/18-22:9:12,131,65,152,83,13,3,32.00,25.00,7,12,14
7/3/18-22:10:13,128,65,144,72,9,2,32.00,25.00,9,14,14
7/3/18-22:11:14,132,65,167,95,11,3,33.00,24.00,9,14,14
7/3/18-22:12:15,132,67,150,72,9,3,33.00,25.00,9,13,15
7/3/18-22:13:16,130,62,143,65,10,3,32.00,25.00,9,13,14
7/3/18-22:14:17,131,65,161,85,15,2,32.00,25.00,9,13,16
7/3/18-22:15:18,129,64,155,76,10,1,32.00,25.00,9,13,16
7/3/18-22:16:19,130,67,157,91,11,1,33.00,24.00,10,16,18
7/3/18-22:17:20,129,66,146,70,10,0,33.00,24.00,10,16,18
7/3/18-22:18:21,132,65,170,129,12,2,32.00,25.00,10,14,14
7/3/18-22:19:22,132,64,152,79,13,3,33.00,24.00,10,14,14
7/3/18-22:20:23,132,64,153,82,14,3,33.00,24.00,11,15,17
7/3/18-22:21:24,129,65,155,77,11,2,33.00,24.00,11,15,17
7/3/18-22:22:25,131,64,160,89,14,3,33.00,24.00,11,16,16
7/3/18-22:23:26,133,64,174,106,12,3,33.00,24.00,12,17,17
7/3/18-22:24:27,132,65,157,77,12,3,33.00,24.00,11,17,18
7/3/18-22:25:28,130,65,164,79,13,2,33.00,24.00,11,17,18
7/3/18-22:26:29,132,64,154,78,14,4,33.00,24.00,10,15,17
7/3/18-22:27:30,132,65,154,80,14,3,33.00,24.00,10,15,17
7/3/18-22:28:31,130,65,160,87,12,2,33.00,24.00,10,13,15
7/3/18-22:29:32,130,64,154,79,15,1,33.00,24.00,10,13,15
7/3/18-22:30:33,131,64,170,92,14,3,33.00,24.00,12,16,19
7/3/18-22:31:34,132,62,160,76,11,3,33.00,24.00,12,16,19
7/3/18-22:32:35,131,70,155,78,13,1,33.00,24.00,12,17,19
7/3/18-22:33:36,130,66,156,79,14,2,33.00,24.00,11,16,18
7/3/18-22:34:37,132,66,157,79,15,2,33.00,24.00,13,22,22
7/3/18-22:35:38,129,62,153,82,15,1,33.00,24.00,13,22,22
7/3/18-22:36:39,129,64,153,71,13,2,33.00,23.00,10,14,17
7/3/18-22:37:40,131,67,157,79,14,3,33.00,23.00,10,14,17
7/3/18-22:38:41,132,68,182,110,15,2,33.00,24.00,12,19,20
7/3/18-22:39:42,130,65,152,70,13,3,33.00,23.00,12,19,20
7/3/18-22:40:43,133,65,150,76,13,3,33.00,24.00,11,15,17
7/3/18-22:41:44,131,64,158,84,14,2,33.00,24.00,12,16,18
7/3/18-22:42:45,132,67,148,71,12,3,33.00,23.00,9,14,14
7/3/18-22:43:46,131,64,152,76,13,2,33.00,24.00,9,14,14
7/3/18-22:44:47,131,67,167,91,12,0,33.00,24.00,10,13,18
7/3/18-22:45:48,132,65,152,79,13,4,33.00,24.00,10,13,18
7/3/18-22:46:49,134,65,158,83,9,2,33.00,23.00,8,10,11
7/3/18-22:47:50,133,65,152,87,10,0,33.00,23.00,8,10,10
7/3/18-22:48:51,130,64,146,68,9,4,33.00,24.00,10,13,14
7/3/18-22:49:52,132,66,151,79,13,2,33.00,24.00,10,13,14
7/3/18-22:50:53,134,65,153,82,13,3,34.00,24.00,9,11,14
7/3/18-22:51:54,131,64,145,76,8,1,33.00,24.00,9,12,16
7/3/18-22:52:55,133,66,165,91,12,0,33.00,24.00,11,13,17
7/3/18-22:53:56,132,65,155,80,11,1,33.00,23.00,11,14,17
7/3/18-22:54:57,131,64,146,65,13,4,33.00,24.00,11,15,18
7/3/18-22:55:58,133,65,153,80,12,3,33.00,24.00,11,15,18
7/3/18-22:56:59,133,68,167,87,12,3,33.00,24.00,8,12,13
7/3/18-22:58:0,135,66,154,83,9,2,33.00,24.00,9,13,13
7/3/18-22:59:1,132,64,142,69,10,3,33.00,24.00,9,13,14
7/3/18-23:0:2,132,65,152,78,10,1,33.00,24.00,9,13,14
7/3/18-23:1:3,131,65,151,75,10,0,33.00,24.00,10,13,13
7/3/18-23:2:4,132,67,141,64,9,4,33.00,24.00,10,13,13
7/3/18-23:3:5,133,69,150,79,8,0,33.00,24.00,8,16,20
7/3/18-23:4:6,132,65,152,79,10,3,33.00,24.00,8,15,19
7/3/18-23:5:7,131,64,145,79,9,4,33.00,23.00,9,12,14
7/3/18-23:6:8,134,65,170,82,11,3,33.00,23.00,9,12,14
7/3/18-23:7:9,132,66,150,76,8,0,33.00,24.00,9,14,15
7/3/18-23:8:10,130,64,157,89,9,2,33.00,23.00,10,14,15
7/3/18-23:9:11,134,65,156,77,10,3,33.00,23.00,11,15,17
7/3/18-23:10:12,132,66,165,95,9,1,33.00,23.00,11,15,17
7/3/18-23:11:13,132,64,150,80,10,3,33.00,24.00,8,15,17
7/3/18-23:12:14,133,64,141,66,10,3,33.00,23.00,8,15,17
7/3/18-23:13:15,133,65,151,77,12,3,33.00,23.00,11,14,14
7/3/18-23:14:16,133,65,151,81,10,1,33.00,23.00,11,14,14
7/3/18-23:15:17,133,63,145,68,9,1,33.00,23.00,11,15,18
7/3/18-23:16:18,133,65,152,79,11,1,33.00,23.00,11,15,18
7/3/18-23:17:19,132,65,157,85,13,0,33.00,23.00,10,14,19
7/3/18-23:18:20,133,66,158,90,12,2,33.00,23.00,10,14,19
7/3/18-23:19:21,132,64,151,69,13,2,33.00,23.00,10,14,15
7/3/18-23:20:22,134,65,154,79,14,3,33.00,23.00,10,14,15
7/3/18-23:21:23,132,66,151,81,12,1,33.00,23.00,11,15,16
7/3/18-23:22:24,133,64,149,79,15,3,56.00,23.00,11,15,16
7/3/18-23:23:25,134,64,154,80,13,1,33.00,23.00,11,15,18
7/3/18-23:24:26,135,65,148,75,14,3,33.00,23.00,11,15,18
7/3/18-23:25:27,131,64,150,81,15,2,33.00,23.00,12,16,18
7/3/18-23:26:28,132,65,150,83,12,1,33.00,23.00,12,16,18
7/3/18-23:27:29,133,66,148,74,12,3,33.00,23.00,11,15,18
7/3/18-23:28:30,133,65,156,84,10,2,33.00,23.00,11,15,17
7/3/18-23:29:31,133,67,152,78,13,2,33.00,23.00,13,17,17
7/3/18-23:30:32,133,65,157,80,12,1,33.00,23.00,13,17,17
7/3/18-23:31:33,135,65,149,75,14,3,33.00,23.00,14,19,19
7/3/18-23:32:34,131,64,156,85,17,1,33.00,23.00,14,19,19
7/3/18-23:33:35,132,64,155,96,16,2,33.00,23.00,15,19,25
7/3/18-23:34:36,133,66,159,83,18,2,33.00,23.00,15,19,25
7/3/18-23:35:37,133,62,155,85,18,3,34.00,22.00,18,29,35
7/3/18-23:36:38,133,63,150,70,20,3,34.00,22.00,18,29,34
7/3/18-23:37:39,135,69,162,89,24,3,33.00,23.00,17,26,34
7/3/18-23:38:40,134,64,149,71,20,2,34.00,22.00,18,27,35
7/3/18-23:39:41,134,67,161,86,30,3,34.00,22.00,18,27,36
7/3/18-23:40:42,134,64,154,80,28,3,34.00,22.00,18,27,36
7/3/18-23:41:43,132,64,161,94,31,1,34.00,22.00,15,28,38
7/3/18-23:42:44,133,65,146,69,24,0,34.00,22.00,15,28,38
7/3/18-23:43:45,133,66,157,81,30,3,34.00,22.00,13,22,26
7/3/18-23:44:46,132,64,147,68,25,3,34.00,22.00,13,22,26
7/3/18-23:45:47,133,64,155,83,31,1,34.00,22.00,11,17,20
7/3/18-23:46:48,132,64,148,82,27,3,34.00,22.00,11,17,20
7/3/18-23:47:49,135,66,157,81,28,3,34.00,21.00,13,20,21
7/3/18-23:48:50,135,65,154,82,29,3,34.00,22.00,13,20,21
7/3/18-23:49:51,135,65,157,81,29,0,34.00,22.00,13,18,21
7/3/18-23:50:52,133,67,154,84,28,1,34.00,22.00,13,18,21
7/3/18-23:51:53,134,63,148,68,23,3,34.00,22.00,12,16,19
7/3/18-23:52:54,135,65,153,86,28,3,33.00,22.00,12,16,19
7/3/18-23:53:55,134,64,143,71,24,2,34.00,22.00,10,21,22
7/3/18-23:54:56,134,67,158,83,24,2,34.00,22.00,11,21,22
7/3/18-23:55:57,135,65,152,81,23,1,35.00,22.00,8,11,11
7/3/18-23:56:58,135,65,150,81,23,3,34.00,22.00,9,13,13
7/3/18-23:57:59,134,65,145,68,19,2,34.00,22.00,12,17,21
7/3/18-23:59:0,133,64,159,91,22,1,34.00,22.00,12,17,21
