Hora,O3,NO2,CO,Humedad,Temperatura,P25,P10
1/3/18-0:0:31,144,70,165,71,59,2,37.00,18.00,16,21,22
1/3/18-0:1:32,143,72,164,74,59,3,37.00,18.00,16,20,20
1/3/18-0:2:33,143,70,164,72,59,3,127.00,18.00,17,31,33
1/3/18-0:3:34,144,70,159,65,51,3,37.00,18.00,16,30,32
1/3/18-0:4:35,147,71,168,68,59,2,35.00,18.00,19,28,28
1/3/18-0:5:36,145,69,167,71,60,1,37.00,18.00,19,28,28
1/3/18-0:6:37,142,67,162,64,52,2,37.00,18.00,14,21,21
1/3/18-0:7:38,145,70,174,71,59,0,37.00,18.00,13,20,20
1/3/18-0:8:39,143,69,165,69,60,1,37.00,18.00,13,22,26
1/3/18-0:9:40,144,70,165,74,59,2,37.00,18.00,13,22,26
1/3/18-0:10:41,144,69,169,76,59,1,37.00,18.00,15,23,29
1/3/18-0:11:42,144,71,169,79,57,0,37.00,18.00,15,23,29
1/3/18-0:12:43,145,71,173,72,58,2,37.00,18.00,14,19,19
1/3/18-0:13:44,146,71,170,71,58,3,37.00,18.00,14,20,20
1/3/18-0:14:45,145,71,165,75,56,0,37.00,18.00,13,19,19
1/3/18-0:15:46,146,72,169,70,57,1,37.00,18.00,13,19,19
1/3/18-0:16:47,146,71,170,69,57,2,37.00,18.00,11,17,18
1/3/18-0:17:48,145,69,164,73,59,2,37.00,18.00,11,16,17
1/3/18-0:18:49,145,71,176,70,57,3,37.00,18.00,11,17,17
1/3/18-0:19:50,146,72,167,71,58,3,37.00,18.00,11,17,17
1/3/18-0:20:51,146,70,169,75,58,3,37.00,18.00,11,15,16
1/3/18-0:21:52,142,68,155,61,50,1,37.00,18.00,11,15,16
1/3/18-0:22:53,146,70,166,70,57,0,37.00,18.00,11,16,17
1/3/18-0:23:54,143,70,174,77,59,1,37.00,18.00,11,16,16
1/3/18-0:24:55,144,71,171,70,56,2,37.00,18.00,10,17,18
1/3/18-0:25:56,146,72,165,69,57,3,37.00,18.00,10,17,18
1/3/18-0:26:57,143,69,155,61,49,0,37.00,18.00,12,16,17
1/3/18-0:27:58,145,70,164,68,57,1,37.00,18.00,12,16,17
1/3/18-0:28:59,146,70,166,70,56,3,38.00,18.00,11,13,14
1/3/18-0:30:0,144,68,159,65,51,3,37.00,18.00,11,14,15
1/3/18-0:31:1,145,71,169,73,58,4,37.00,18.00,9,15,15
1/3/18-0:32:2,146,71,165,69,59,3,38.00,18.00,9,15,15
1/3/18-0:33:3,144,71,168,68,56,2,37.00,18.00,12,16,22
1/3/18-0:34:4,146,72,172,72,56,2,37.00,18.00,12,16,22
1/3/18-0:35:5,146,71,165,72,56,3,37.00,18.00,13,16,16
1/3/18-0:36:6,145,70,166,71,58,0,37.00,18.00,13,16,16
1/3/18-0:37:7,144,71,165,74,54,1,37.00,18.00,11,16,20
1/3/18-0:38:8,145,68,165,66,50,3,37.00,18.00,10,15,19
1/3/18-0:39:9,145,70,164,68,54,0,37.00,18.00,11,16,17
1/3/18-0:40:10,145,73,167,72,54,1,37.00,18.00,11,15,17
1/3/18-0:41:11,146,69,167,70,56,1,37.00,18.00,10,14,18
1/3/18-0:42:12,143,68,156,64,49,4,37.00,18.00,10,14,18
1/3/18-0:43:13,144,69,165,71,54,3,37.00,18.00,11,17,21
1/3/18-0:44:14,144,70,166,66,53,2,37.00,18.00,11,17,21
1/3/18-0:45:15,144,68,165,76,53,0,37.00,18.00,10,18,18
1/3/18-0:46:16,144,69,161,62,49,0,38.00,18.00,10,18,18
1/3/18-0:47:17,147,70,166,70,54,2,37.00,18.00,13,19,20
1/3/18-0:48:18,143,70,158,60,50,4,37.00,18.00,13,19,20
1/3/18-0:49:19,146,71,169,70,54,3,37.00,18.00,12,18,18
1/3/18-0:50:20,145,68,156,59,50,4,37.00,18.00,12,18,18
1/3/18-0:51:21,145,71,164,69,54,0,37.00,18.00,10,16,17
1/3/18-0:52:22,144,70,164,71,57,3,37.00,18.00,10,16,17
1/3/18-0:53:23,147,73,168,74,55,2,37.00,18.00,11,17,17
1/3/18-0:54:24,147,71,167,70,57,2,37.00,18.00,11,18,18
1/3/18-0:55:25,147,71,169,74,56,2,37.00,18.00,12,17,22
1/3/18-0:56:26,145,71,168,75,55,2,37.00,18.00,12,17,22
1/3/18-0:57:27,147,71,162,63,51,2,37.00,18.00,10,13,15
1/3/18-0:58:28,145,71,169,72,54,0,37.00,17.00,10,13,15
1/3/18-0:59:29,146,71,170,76,57,1,37.00,18.00,11,17,18
1/3/18-1:0:30,147,70,167,72,57,3,37.00,18.00,11,17,18
1/3/18-1:1:31,147,72,170,72,56,2,37.00,18.00,11,14,19
1/3/18-1:2:32,144,70,167,75,56,0,37.00,17.00,11,14,18
1/3/18-1:3:32,144,71,174,77,56,0,37.00,17.00,10,14,16
1/3/18-1:4:33,145,70,175,77,58,5,37.00,18.00,10,14,16
1/3/18-1:5:34,147,72,169,72,57,3,37.00,18.00,10,15,15
1/3/18-1:6:35,143,68,159,61,49,3,37.00,18.00,10,15,15
1/3/18-1:7:36,145,69,154,62,50,3,37.00,18.00,13,22,22
1/3/18-1:8:37,145,73,168,73,57,2,37.00,18.00,13,22,22
1/3/18-1:9:38,145,67,153,60,50,2,37.00,18.00,10,15,17
1/3/18-1:10:39,147,71,169,72,54,2,36.00,17.00,10,15,17
1/3/18-1:11:40,148,70,163,71,56,0,37.00,18.00,11,15,18
1/3/18-1:12:41,144,68,174,76,55,1,37.00,18.00,11,15,18
1/3/18-1:13:42,144,70,168,72,55,0,0.00,0.00,10,15,17
1/3/18-1:14:43,144,70,167,70,57,3,37.00,18.00,10,15,17
1/3/18-1:15:44,146,71,167,70,57,3,37.00,18.00,11,17,17
1/3/18-1:16:45,144,68,156,65,50,2,37.00,18.00,11,17,17
1/3/18-1:17:46,147,71,173,79,58,3,37.00,18.00,9,15,20
1/3/18-1:18:47,145,67,162,64,52,2,37.00,18.00,10,15,20
1/3/18-1:19:48,146,71,168,70,56,0,37.00,18.00,12,16,16
1/3/18-1:20:49,142,67,158,67,53,2,37.00,18.00,12,17,18
1/3/18-1:21:50,144,70,169,74,58,1,37.00,18.00,11,18,19
1/3/18-1:22:51,145,70,168,72,58,2,37.00,18.00,10,17,19
1/3/18-1:23:52,143,67,160,65,51,2,37.00,18.00,12,18,20
1/3/18-1:24:53,144,70,175,75,59,1,37.00,18.00,12,18,20
1/3/18-1:25:54,146,72,169,72,58,0,37.00,17.00,11,16,21
1/3/18-1:26:55,146,69,173,83,59,2,37.00,18.00,11,16,22
1/3/18-1:27:56,146,69,162,62,53,4,37.00,17.00,12,20,20
1/3/18-1:28:57,146,71,171,73,60,3,37.00,18.00,12,20,20
1/3/18-1:29:58,144,69,169,74,60,2,37.00,18.00,11,15,17
1/3/18-1:30:59,144,68,162,64,51,3,37.00,18.00,11,15,17
1/3/18-1:32:0,145,70,172,77,60,4,37.00,17.00,12,15,17
1/3/18-1:33:1,146,67,169,71,59,3,37.00,18.00,13,16,17
1/3/18-1:34:2,145,71,178,81,58,1,37.00,18.00,10,16,19
1/3/18-1:35:3,145,70,161,58,52,3,37.00,18.00,10,16,19
1/3/18-1:36:4,146,70,167,71,58,4,37.00,17.00,9,12,13
1/3/18-1:37:5,142,69,168,70,56,2,37.00,17.00,9,12,13
1/3/18-1:38:6,144,71,171,87,56,3,37.00,17.00,10,15,16
1/3/18-1:39:7,145,69,161,58,50,3,37.00,17.00,10,15,16
1/3/18-1:40:8,147,68,164,69,57,2,37.00,17.00,9,12,14
1/3/18-1:41:9,145,71,171,71,55,1,37.00,17.00,8,11,13
1/3/18-1:42:10,145,68,159,72,53,1,37.00,17.00,9,15,15
1/3/18-1:43:11,144,69,170,74,58,1,37.00,18.00,9,15,15
1/3/18-1:44:12,145,71,164,69,60,3,38.00,17.00,9,19,21
1/3/18-1:45:13,147,68,160,68,51,1,37.00,17.00,9,19,21
1/3/18-1:46:14,144,68,167,73,58,3,37.00,18.00,9,14,15
1/3/18-1:47:15,146,69,170,74,58,1,38.00,17.00,9,14,15
1/3/18-1:48:16,146,70,197,106,57,3,37.00,17.00,10,14,14
1/3/18-1:49:17,145,69,157,59,50,3,37.00,17.00,10,14,14
1/3/18-1:50:18,145,68,170,75,53,1,36.00,17.00,7,10,12
1/3/18-1:51:19,147,71,164,73,46,4,37.00,18.00,7,10,12
1/3/18-1:52:20,147,71,162,66,38,2,37.00,18.00,6,9,9
1/3/18-1:53:21,146,69,156,56,28,3,37.00,17.00,6,9,9
1/3/18-1:54:22,145,69,159,63,28,1,37.00,18.00,7,9,9
1/3/18-1:55:23,146,68,160,65,27,2,37.00,18.00,7,9,10
1/3/18-1:56:24,147,68,147,52,23,4,37.00,18.00,4,9,9
1/3/18-1:57:25,146,69,162,69,28,2,37.00,18.00,4,9,9
1/3/18-1:58:26,147,70,159,63,27,0,37.00,18.00,5,6,9
1/3/18-1:59:27,144,66,160,63,24,2,37.00,18.00,5,6,9
1/3/18-2:0:28,146,69,158,62,22,2,37.00,18.00,3,5,6
1/3/18-2:1:29,148,66,160,59,16,1,37.00,18.00,3,4,5
1/3/18-2:2:30,145,68,160,67,15,1,37.00,18.00,5,7,7
1/3/18-2:3:31,146,67,146,53,11,3,37.00,17.00,5,7,7
1/3/18-2:4:32,145,69,170,75,13,3,37.00,18.00,5,6,6
1/3/18-2:5:33,144,68,150,62,11,2,37.00,18.00,4,6,6
1/3/18-2:6:34,144,69,153,62,10,1,37.00,18.00,4,6,6
1/3/18-2:7:35,146,66,141,51,9,3,37.00,17.00,4,6,6
1/3/18-2:8:36,146,68,152,63,13,2,37.00,17.00,5,7,8
1/3/18-2:9:37,146,68,154,65,12,3,37.00,18.00,5,6,8
1/3/18-2:10:38,146,69,156,65,11,1,37.00,18.00,4,6,6
1/3/18-2:11:39,145,67,153,62,10,3,37.00,18.00,4,6,6
1/3/18-2:12:40,147,69,153,61,12,5,37.00,18.00,4,5,5
1/3/18-2:13:41,148,68,153,62,11,0,37.00,18.00,4,6,6
1/3/18-2:14:42,145,65,142,51,10,4,37.00,18.00,4,5,5
1/3/18-2:15:43,146,69,154,60,11,3,37.00,17.00,4,5,5
1/3/18-2:16:44,145,67,150,63,11,2,37.00,18.00,4,5,6
1/3/18-2:17:45,144,68,150,66,8,2,37.00,17.00,4,6,6
1/3/18-2:18:46,145,67,142,51,8,3,37.00,17.00,3,5,6
1/3/18-2:19:47,147,66,147,61,8,1,36.00,17.00,3,5,6
1/3/18-2:20:48,147,70,152,60,10,4,37.00,18.00,2,4,6
1/3/18-2:21:49,146,69,154,64,10,2,37.00,18.00,2,4,5
1/3/18-2:22:50,146,66,148,62,10,4,37.00,17.00,2,3,3
1/3/18-2:23:51,146,68,158,62,10,1,37.00,17.00,3,4,4
1/3/18-2:24:52,144,69,150,59,9,1,37.00,17.00,4,6,7
1/3/18-2:25:53,144,68,152,69,9,1,37.00,17.00,4,6,7
1/3/18-2:26:54,146,70,143,51,9,3,37.00,17.00,3,5,5
1/3/18-2:27:55,146,67,154,58,13,2,37.00,17.00,3,5,5
1/3/18-2:28:56,145,68,147,58,9,1,37.00,17.00,3,6,7
1/3/18-2:29:57,147,67,146,60,9,3,37.00,17.00,4,6,7
1/3/18-2:30:58,144,64,144,51,10,2,37.00,17.00,4,6,6
1/3/18-2:31:59,145,67,151,63,10,1,37.00,17.00,4,6,6
1/3/18-2:33:0,146,68,150,62,10,0,37.00,17.00,4,4,4
1/3/18-2:34:1,148,68,156,68,11,3,37.00,17.00,4,4,4
1/3/18-2:35:2,147,65,143,50,11,4,37.00,17.00,4,7,8
1/3/18-2:36:3,146,69,154,63,10,3,37.00,17.00,4,7,8
1/3/18-2:37:4,145,69,154,64,11,1,37.00,17.00,4,5,6
1/3/18-2:38:5,147,68,153,65,13,4,37.00,17.00,4,5,6
1/3/18-2:39:6,145,67,150,60,10,1,37.00,17.00,3,5,6
1/3/18-2:40:7,149,68,152,63,13,0,37.00,17.00,3,5,6
1/3/18-2:41:8,148,68,156,63,12,0,38.00,16.00,3,4,4
1/3/18-2:42:9,147,65,150,60,14,1,37.00,17.00,3,4,4
1/3/18-2:43:10,147,66,158,65,13,1,37.00,17.00,3,3,3
1/3/18-2:44:11,149,67,155,66,12,0,38.00,17.00,3,3,3
1/3/18-2:45:12,146,67,154,65,13,3,37.00,17.00,4,6,6
1/3/18-2:46:13,147,66,145,56,10,4,37.00,17.00,4,6,6
1/3/18-2:47:14,146,67,153,66,10,3,37.00,17.00,4,5,7
1/3/18-2:48:15,149,68,155,65,10,1,37.00,17.00,4,5,7
1/3/18-2:49:16,146,68,155,64,12,0,37.00,17.00,3,5,6
1/3/18-2:50:17,147,65,143,49,9,1,37.00,17.00,3,5,6
1/3/18-2:51:18,147,67,151,62,11,3,37.00,17.00,4,6,6
1/3/18-2:52:19,148,67,150,59,11,3,38.00,16.00,4,5,5
1/3/18-2:53:20,148,69,151,60,10,2,37.00,17.00,3,5,5
1/3/18-2:54:21,148,65,147,56,11,3,37.00,17.00,3,5,5
1/3/18-2:55:22,147,64,154,61,11,3,38.00,16.00,5,8,8
1/3/18-2:56:23,148,68,155,64,10,0,37.00,17.00,5,7,7
1/3/18-2:57:24,147,67,160,59,13,2,38.00,16.00,4,6,6
1/3/18-2:58:25,146,65,144,48,9,2,37.00,17.00,4,6,6
1/3/18-2:59:26,144,69,155,61,10,3,37.00,17.00,4,6,7
1/3/18-3:0:27,149,70,152,62,11,1,38.00,16.00,4,6,7
1/3/18-3:1:28,146,66,153,60,10,3,38.00,16.00,3,4,6
1/3/18-3:2:29,147,69,154,58,12,3,38.00,16.00,3,4,6
1/3/18-3:3:30,148,68,150,62,11,3,38.00,16.00,4,5,5
1/3/18-3:4:31,147,67,153,62,10,1,37.00,17.00,4,5,5
1/3/18-3:5:32,147,67,143,56,10,2,38.00,16.00,4,6,6
1/3/18-3:6:33,147,68,157,62,10,3,37.00,16.00,4,6,6
1/3/18-3:7:33,146,67,159,63,12,2,37.00,17.00,2,4,4
1/3/18-3:8:34,147,67,155,66,11,2,38.00,16.00,2,4,4
1/3/18-3:9:35,149,67,148,56,13,3,38.00,16.00,4,6,6
1/3/18-3:10:36,149,67,150,62,13,3,38.00,16.00,4,6,6
1/3/18-3:11:37,147,70,155,64,13,3,38.00,16.00,4,6,6
1/3/18-3:12:38,146,69,154,66,12,3,38.00,16.00,5,6,7
1/3/18-3:13:39,149,67,144,52,9,3,38.00,16.00,4,6,7
1/3/18-3:14:40,146,68,149,60,13,1,38.00,16.00,4,6,7
1/3/18-3:15:41,149,69,147,58,10,1,38.00,16.00,3,4,4
1/3/18-3:16:42,145,68,148,63,8,1,37.00,17.00,3,4,4
1/3/18-3:17:43,147,66,147,53,6,0,38.00,16.00,4,4,4
1/3/18-3:18:44,149,69,148,63,11,1,37.00,17.00,4,4,4
1/3/18-3:19:45,148,69,147,63,9,0,38.00,16.00,5,5,5
1/3/18-3:20:46,147,68,148,63,8,2,37.00,17.00,5,5,5
1/3/18-3:21:47,150,69,146,57,8,1,37.00,17.00,3,4,4
1/3/18-3:22:48,146,66,147,60,9,4,37.00,17.00,4,5,5
1/3/18-3:23:49,148,70,148,62,8,3,37.00,17.00,3,5,7
1/3/18-3:24:50,147,65,139,51,9,4,37.00,17.00,3,5,7
1/3/18-3:25:51,149,67,147,61,9,2,37.00,17.00,5,5,5
1/3/18-3:26:52,147,66,151,62,10,1,39.00,16.00,5,5,5
1/3/18-3:27:53,147,67,147,61,8,2,37.00,17.00,2,3,3
1/3/18-3:28:54,149,66,141,49,5,2,37.00,17.00,3,4,4
1/3/18-3:29:55,149,67,149,59,7,2,37.00,17.00,5,6,6
1/3/18-3:30:56,150,68,151,60,8,3,37.00,17.00,5,6,6
1/3/18-3:31:57,149,69,146,62,8,3,37.00,17.00,3,4,4
1/3/18-3:32:58,148,64,142,49,7,1,37.00,17.00,3,4,4
1/3/18-3:33:59,148,68,154,74,8,3,37.00,17.00,4,5,5
1/3/18-3:35:0,149,69,153,64,10,3,37.00,17.00,3,4,4
1/3/18-3:36:1,146,69,152,60,8,3,37.00,17.00,4,5,6
1/3/18-3:37:2,147,65,148,49,9,3,37.00,17.00,4,5,6
1/3/18-3:38:3,149,69,153,61,10,3,37.00,17.00,3,4,4
1/3/18-3:39:4,149,68,153,62,8,3,38.00,16.00,2,3,3
1/3/18-3:40:5,146,68,151,62,10,2,37.00,17.00,4,7,8
1/3/18-3:41:6,151,65,145,50,9,2,38.00,16.00,3,6,7
1/3/18-3:42:7,146,67,149,61,9,1,38.00,16.00,4,6,6
1/3/18-3:43:8,149,67,150,60,9,2,38.00,16.00,4,6,6
1/3/18-3:44:9,147,65,144,63,9,1,38.00,16.00,2,3,3
1/3/18-3:45:10,150,68,147,63,10,0,38.00,16.00,2,3,3
1/3/18-3:46:11,148,69,152,59,9,1,38.00,16.00,3,5,5
1/3/18-3:47:12,150,67,151,61,11,2,37.00,17.00,3,5,5
1/3/18-3:48:13,148,65,142,49,10,4,37.00,17.00,2,4,4
1/3/18-3:49:14,149,69,159,65,12,3,37.00,16.00,2,4,4
1/3/18-3:50:15,150,67,154,63,12,2,37.00,17.00,3,6,6
1/3/18-3:51:16,147,68,154,61,11,2,37.00,17.00,4,6,6
1/3/18-3:52:17,149,65,146,54,12,4,38.00,16.00,4,6,6
1/3/18-3:53:18,149,67,156,66,12,4,37.00,17.00,4,6,6
1/3/18-3:54:19,147,68,161,72,9,0,37.00,17.00,3,5,7
1/3/18-3:55:20,148,66,157,69,13,2,37.00,17.00,4,5,8
1/3/18-3:56:21,149,67,151,51,12,3,37.00,17.00,2,3,6
1/3/18-3:57:22,147,66,156,61,12,1,38.00,16.00,3,4,7
1/3/18-3:58:23,146,67,154,60,12,3,38.00,16.00,4,5,6
1/3/18-3:59:24,149,68,154,66,14,3,37.00,17.00,4,5,6
1/3/18-4:0:25,146,66,145,53,13,2,37.00,17.00,5,6,7
1/3/18-4:1:26,149,67,154,62,15,0,37.00,17.00,5,6,7
1/3/18-4:2:27,146,67,151,61,15,2,38.00,16.00,4,7,7
1/3/18-4:3:28,149,69,152,64,14,3,38.00,16.00,4,7,7
1/3/18-4:4:29,150,66,151,61,12,2,38.00,16.00,4,5,5
1/3/18-4:5:30,148,66,156,60,12,3,38.00,16.00,4,5,5
1/3/18-4:6:31,149,65,152,60,15,3,38.00,16.00,4,5,5
1/3/18-4:7:32,147,65,145,55,14,3,37.00,17.00,4,5,5
1/3/18-4:8:33,147,66,159,63,14,1,38.00,16.00,3,5,5
1/3/18-4:9:34,148,66,153,63,15,2,39.00,16.00,4,6,6
1/3/18-4:10:35,146,66,154,67,13,1,38.00,16.00,3,5,5
1/3/18-4:11:36,148,65,147,56,12,3,38.00,16.00,3,5,5
1/3/18-4:12:37,149,71,153,62,14,3,38.00,16.00,2,3,5
1/3/18-4:13:38,147,66,152,62,15,1,38.00,16.00,2,3,5
1/3/18-4:14:39,149,67,155,61,15,3,38.00,16.00,4,5,5
1/3/18-4:15:40,151,64,144,53,16,3,38.00,16.00,4,5,5
1/3/18-4:16:41,147,66,160,64,17,1,37.00,17.00,5,6,8
1/3/18-4:17:42,148,68,160,64,16,3,38.00,16.00,5,6,8
1/3/18-4:18:43,149,65,158,64,21,3,38.00,16.00,4,6,6
1/3/18-4:19:44,148,65,146,52,17,3,38.00,16.00,4,6,6
1/3/18-4:20:45,150,67,160,64,19,3,38.00,16.00,5,8,8
1/3/18-4:21:46,148,65,155,68,18,1,38.00,16.00,5,7,7
1/3/18-4:22:47,148,67,152,61,16,0,38.00,16.00,5,6,7
1/3/18-4:23:48,148,66,146,57,15,3,38.00,16.00,5,6,7
1/3/18-4:24:49,147,65,154,63,17,2,38.00,16.00,5,6,7
1/3/18-4:25:50,150,69,157,66,14,2,38.00,16.00,5,6,7
1/3/18-4:26:51,147,65,148,56,15,3,38.00,16.00,4,6,7
1/3/18-4:27:52,148,68,153,58,16,2,38.00,16.00,4,6,7
1/3/18-4:28:53,149,67,153,60,16,2,38.00,16.00,6,9,9
1/3/18-4:29:54,150,67,153,61,14,2,38.00,16.00,6,8,8
1/3/18-4:30:55,147,67,148,52,15,3,38.00,16.00,6,7,8
1/3/18-4:31:56,148,67,157,62,16,3,38.00,16.00,6,7,8
1/3/18-4:32:57,150,66,155,61,17,1,38.00,16.00,5,7,7
1/3/18-4:33:58,147,67,161,62,16,2,38.00,16.00,6,8,8
1/3/18-4:34:59,147,64,146,56,14,3,38.00,16.00,6,8,9
1/3/18-4:36:0,148,66,152,58,17,3,38.00,16.00,6,8,9
1/3/18-4:37:1,148,66,152,62,18,1,38.00,16.00,7,10,10
1/3/18-4:38:2,149,66,155,62,20,1,38.00,16.00,7,10,10
1/3/18-4:39:3,148,64,145,53,20,2,38.00,15.00,9,11,11
1/3/18-4:40:4,151,67,157,64,23,4,38.00,16.00,9,11,11
1/3/18-4:41:5,149,66,156,65,24,1,38.00,16.00,8,10,14
1/3/18-4:42:6,148,68,157,63,28,4,38.00,16.00,8,10,14
1/3/18-4:43:7,151,64,145,54,24,5,38.00,16.00,6,9,10
1/3/18-4:44:8,149,67,155,61,26,3,38.00,16.00,7,10,11
1/3/18-4:45:9,148,66,153,59,26,0,38.00,16.00,5,7,7
1/3/18-4:46:10,147,65,143,52,20,3,38.00,16.00,5,7,7
1/3/18-4:47:11,148,65,153,61,21,1,38.00,16.00,7,10,10
1/3/18-4:48:12,151,66,156,63,20,0,39.00,16.00,7,10,10
1/3/18-4:49:13,149,66,151,61,17,2,38.00,16.00,6,8,10
1/3/18-4:50:14,150,64,143,52,14,2,38.00,16.00,6,8,10
1/3/18-4:51:15,149,68,156,64,18,3,38.00,16.00,7,8,8
1/3/18-4:52:16,150,67,151,59,17,1,38.00,16.00,7,8,8
1/3/18-4:53:17,149,66,159,74,16,3,38.00,16.00,5,6,6
1/3/18-4:54:18,149,65,141,49,15,4,38.00,16.00,5,6,6
1/3/18-4:55:19,149,66,152,63,17,1,38.00,16.00,5,6,6
1/3/18-4:56:20,150,69,150,62,15,3,38.00,16.00,4,6,6
1/3/18-4:57:21,149,64,141,50,13,3,38.00,16.00,5,7,8
1/3/18-4:58:22,148,66,150,57,17,1,38.00,16.00,5,7,8
1/3/18-4:59:23,149,68,152,65,17,1,38.00,16.00,6,8,8
1/3/18-5:0:24,147,67,156,66,15,1,38.00,16.00,6,8,8
1/3/18-5:1:25,148,65,148,55,14,3,38.00,16.00,8,10,10
1/3/18-5:2:26,148,67,156,74,17,4,38.00,16.00,8,10,10
1/3/18-5:3:27,149,66,156,64,16,2,38.00,16.00,8,12,12
1/3/18-5:4:28,150,70,144,50,15,3,38.00,16.00,8,12,12
1/3/18-5:5:28,149,68,161,68,17,3,38.00,16.00,14,20,20
1/3/18-5:6:29,149,67,153,62,18,3,38.00,16.00,14,19,19
1/3/18-5:7:30,150,65,151,52,13,0,38.00,16.00,13,20,20
1/3/18-5:8:31,150,66,155,62,15,3,38.00,16.00,13,20,20
1/3/18-5:9:32,149,67,152,60,13,1,38.00,16.00,15,20,21
1/3/18-5:10:33,149,66,153,60,17,2,38.00,16.00,15,20,21
1/3/18-5:11:34,149,66,153,59,15,3,39.00,16.00,15,20,21
1/3/18-5:12:35,149,68,154,61,12,1,38.00,16.00,15,21,22
1/3/18-5:13:36,147,65,145,58,12,3,38.00,16.00,16,23,24
1/3/18-5:14:37,149,64,144,54,13,3,38.00,16.00,16,23,24
1/3/18-5:15:38,150,64,149,55,15,2,38.00,16.00,15,21,23
1/3/18-5:16:39,149,67,155,66,16,2,37.00,16.00,15,21,23
1/3/18-5:17:40,149,66,156,67,15,3,38.00,16.00,17,23,26
1/3/18-5:18:41,148,65,145,55,13,4,38.00,16.00,17,23,26
1/3/18-5:19:42,149,66,156,66,14,3,38.00,16.00,15,21,21
1/3/18-5:20:43,150,68,146,55,13,4,38.00,16.00,15,21,21
1/3/18-5:21:44,151,69,154,61,12,1,38.00,16.00,17,23,24
1/3/18-5:22:45,149,67,154,63,13,3,38.00,16.00,17,23,25
1/3/18-5:23:46,150,67,150,61,12,3,38.00,16.00,15,20,21
1/3/18-5:24:47,148,66,153,62,14,1,38.00,16.00,14,19,21
1/3/18-5:25:48,149,66,157,69,14,2,38.00,16.00,11,18,19
1/3/18-5:26:49,150,64,141,50,13,5,38.00,16.00,11,18,19
1/3/18-5:27:50,148,66,153,58,12,2,38.00,16.00,9,13,13
1/3/18-5:28:51,150,66,152,64,14,1,38.00,16.00,9,12,12
1/3/18-5:29:52,148,68,150,62,15,3,38.00,16.00,6,9,10
1/3/18-5:30:53,150,66,141,49,10,3,38.00,16.00,6,9,10
1/3/18-5:31:54,151,67,149,60,12,3,38.00,16.00,6,9,10
1/3/18-5:32:55,152,67,149,59,12,1,38.00,16.00,7,9,11
1/3/18-5:33:56,151,67,151,63,12,0,38.00,16.00,5,6,6
1/3/18-5:34:57,148,72,151,62,11,1,38.00,16.00,5,6,6
1/3/18-5:35:58,151,67,151,62,10,1,38.00,16.00,4,5,5
1/3/18-5:36:59,146,66,150,65,10,1,38.00,16.00,4,5,5
1/3/18-5:38:0,149,64,144,56,9,3,38.00,16.00,4,5,7
1/3/18-5:39:1,151,67,148,59,8,0,38.00,16.00,4,5,7
1/3/18-5:40:2,148,67,148,59,8,3,39.00,16.00,4,6,7
1/3/18-5:41:3,148,66,145,60,10,1,38.00,16.00,4,5,6
1/3/18-5:42:4,150,64,149,51,7,0,38.00,16.00,3,4,4
1/3/18-5:43:5,149,69,154,64,9,3,38.00,16.00,3,4,4
1/3/18-5:44:6,149,65,144,59,6,0,38.00,16.00,3,4,6
1/3/18-5:45:7,149,68,145,58,9,3,38.00,16.00,3,4,6
1/3/18-5:46:8,148,65,137,51,8,2,38.00,16.00,3,4,4
1/3/18-5:47:9,151,67,144,56,6,1,38.00,16.00,3,4,4
1/3/18-5:48:10,149,67,142,58,9,2,38.00,16.00,4,5,7
1/3/18-5:49:11,151,66,144,61,9,1,38.00,16.00,3,4,6
1/3/18-5:50:12,151,65,142,50,7,0,38.00,16.00,4,5,5
1/3/18-5:51:13,150,69,148,58,7,1,38.00,16.00,4,5,5
1/3/18-5:52:14,150,66,146,63,9,2,38.00,16.00,4,5,5
1/3/18-5:53:15,150,68,148,60,10,2,38.00,16.00,4,5,5
1/3/18-5:54:16,149,68,146,57,10,3,38.00,16.00,3,4,5
1/3/18-5:55:17,151,66,147,62,10,3,38.00,16.00,3,4,5
1/3/18-5:56:18,149,66,146,59,11,2,38.00,16.00,3,4,4
1/3/18-5:57:19,150,65,141,54,7,3,38.00,16.00,3,4,4
1/3/18-5:58:20,151,67,144,60,9,3,38.00,16.00,2,3,3
1/3/18-5:59:21,151,67,144,59,7,3,39.00,16.00,2,3,3
1/3/18-6:0:22,148,66,149,63,9,2,38.00,16.00,3,4,6
1/3/18-6:1:23,151,67,141,54,8,3,38.00,16.00,3,4,6
1/3/18-6:2:24,148,67,147,58,9,3,38.00,16.00,3,3,3
1/3/18-6:3:25,148,67,147,58,8,2,38.00,16.00,3,3,3
1/3/18-6:4:26,151,67,150,58,8,0,38.00,16.00,3,5,5
1/3/18-6:5:27,149,64,138,54,8,2,38.00,16.00,3,5,5
1/3/18-6:6:28,149,68,148,59,9,3,38.00,16.00,4,5,5
1/3/18-6:7:29,150,67,147,61,9,3,38.00,16.00,3,3,3
1/3/18-6:8:30,149,66,148,63,10,1,38.00,16.00,3,4,6
1/3/18-6:9:31,149,65,139,47,8,4,38.00,16.00,4,7,7
1/3/18-6:10:32,148,68,153,58,10,4,38.00,16.00,4,7,7
1/3/18-6:11:33,152,67,147,58,10,1,38.00,16.00,3,3,3
1/3/18-6:12:34,147,65,148,61,10,3,38.00,16.00,3,3,3
1/3/18-6:13:35,150,66,145,52,8,2,38.00,16.00,4,6,6
1/3/18-6:14:36,150,67,154,60,11,4,38.00,15.00,4,6,6
1/3/18-6:15:37,148,68,154,76,11,2,38.00,16.00,3,4,6
1/3/18-6:16:38,149,64,143,56,13,3,38.00,16.00,3,4,6
1/3/18-6:17:39,149,66,149,60,15,1,38.00,16.00,4,6,7
1/3/18-6:18:40,151,67,150,59,15,3,38.00,16.00,4,6,7
1/3/18-6:19:41,149,67,148,60,14,3,38.00,16.00,5,7,7
1/3/18-6:20:42,148,64,146,57,12,2,38.00,16.00,5,7,7
1/3/18-6:21:43,150,67,153,59,15,3,37.00,16.00,4,7,7
1/3/18-6:22:44,150,65,154,63,18,4,38.00,16.00,4,7,7
1/3/18-6:23:45,149,66,154,63,18,1,38.00,16.00,5,9,10
1/3/18-6:24:46,151,65,147,54,15,2,38.00,16.00,5,9,10
1/3/18-6:25:47,152,66,154,65,19,2,38.00,16.00,5,7,9
1/3/18-6:26:48,150,67,150,63,19,5,38.00,16.00,5,7,8
1/3/18-6:27:49,150,66,148,61,17,2,38.00,15.00,6,8,9
1/3/18-6:28:50,148,65,141,53,14,2,38.00,15.00,6,8,9
1/3/18-6:29:51,149,67,149,63,14,0,38.00,16.00,6,9,10
1/3/18-6:30:52,150,66,148,61,15,2,38.00,16.00,6,8,9
1/3/18-6:31:53,149,67,150,63,14,1,38.00,16.00,5,8,9
1/3/18-6:32:54,150,65,144,54,14,3,38.00,16.00,5,8,9
1/3/18-6:33:55,149,67,156,71,14,1,38.00,16.00,5,6,6
1/3/18-6:34:56,149,68,153,62,14,0,38.00,15.00,5,5,5
1/3/18-6:35:57,149,66,149,64,18,1,38.00,15.00,6,8,8
1/3/18-6:36:58,152,69,150,59,17,2,38.00,16.00,6,8,8
1/3/18-6:37:59,151,69,150,60,19,3,38.00,16.00,6,8,8
1/3/18-6:39:0,149,66,149,61,18,1,38.00,16.00,5,7,8
1/3/18-6:40:1,151,62,144,52,18,3,38.00,16.00,4,6,6
1/3/18-6:41:2,152,67,149,60,21,2,37.00,15.00,4,7,8
1/3/18-6:42:3,150,67,153,71,18,1,38.00,16.00,4,7,8
1/3/18-6:43:4,150,68,151,60,17,1,38.00,16.00,5,9,9
1/3/18-6:44:5,148,66,141,51,14,3,38.00,16.00,5,9,9
1/3/18-6:45:6,149,67,148,57,14,3,38.00,16.00,5,6,6
1/3/18-6:46:7,148,67,150,63,14,1,38.00,16.00,4,6,6
1/3/18-6:47:8,148,68,147,63,13,1,38.00,16.00,4,5,5
1/3/18-6:48:9,149,66,138,49,13,4,38.00,16.00,4,5,5
1/3/18-6:49:10,151,66,149,58,16,2,38.00,15.00,3,5,5
1/3/18-6:50:11,150,67,151,59,15,2,38.00,15.00,3,4,4
1/3/18-6:51:12,150,65,148,65,16,1,38.00,16.00,4,7,7
1/3/18-6:52:13,150,64,141,49,16,2,38.00,15.00,4,7,7
1/3/18-6:53:14,150,67,150,58,16,2,38.00,16.00,4,6,6
1/3/18-6:54:15,149,67,151,64,15,2,38.00,15.00,4,5,5
1/3/18-6:55:16,149,66,148,64,14,3,38.00,15.00,4,7,7
1/3/18-6:56:17,151,66,149,61,17,2,38.00,16.00,4,7,7
1/3/18-6:57:18,150,68,146,61,16,4,38.00,16.00,3,4,4
1/3/18-6:58:19,151,67,146,61,16,3,38.00,15.00,4,4,4
1/3/18-6:59:19,148,64,139,53,13,2,38.00,16.00,5,7,8
1/3/18-7:0:20,150,66,152,61,17,2,38.00,16.00,5,7,8
1/3/18-7:1:21,151,68,149,58,16,2,40.00,16.00,7,11,12
1/3/18-7:2:22,151,69,151,60,16,2,38.00,15.00,7,11,11
1/3/18-7:3:23,152,64,140,53,17,3,38.00,15.00,6,10,11
1/3/18-7:4:24,149,68,157,61,18,3,38.00,15.00,6,10,11
1/3/18-7:5:25,151,67,153,62,19,0,38.00,16.00,6,9,12
1/3/18-7:6:26,150,68,149,61,22,4,38.00,15.00,7,9,12
1/3/18-7:7:27,153,65,143,53,19,1,38.00,16.00,6,9,9
1/3/18-7:8:28,151,66,149,61,22,2,38.00,16.00,6,9,9
1/3/18-7:9:29,148,66,149,60,22,2,38.00,15.00,6,8,9
1/3/18-7:10:30,151,67,148,61,23,3,38.00,15.00,6,8,10
1/3/18-7:11:31,151,65,143,51,18,2,38.00,15.00,4,8,8
1/3/18-7:12:32,153,66,153,64,22,3,38.00,15.00,4,8,8
1/3/18-7:13:33,150,67,148,58,19,3,38.00,15.00,4,6,7
1/3/18-7:14:34,152,69,146,60,15,3,38.00,16.00,4,6,7
1/3/18-7:15:35,152,66,144,53,14,3,38.00,15.00,5,7,7
1/3/18-7:16:36,149,66,146,59,13,2,38.00,15.00,5,7,7
1/3/18-7:17:37,152,66,146,58,14,2,38.00,16.00,4,7,9
1/3/18-7:18:38,151,65,140,54,14,3,38.00,16.00,4,7,9
1/3/18-7:19:39,153,69,148,61,14,2,38.00,16.00,4,6,6
1/3/18-7:20:40,148,66,154,69,15,1,38.00,16.00,4,6,6
1/3/18-7:21:41,152,68,145,56,15,3,38.00,16.00,5,7,7
1/3/18-7:22:42,150,66,139,50,13,3,38.00,16.00,5,7,7
1/3/18-7:23:43,150,67,146,61,14,0,37.00,15.00,4,6,6
1/3/18-7:24:44,150,67,145,59,13,3,38.00,15.00,4,6,6
1/3/18-7:25:45,152,66,148,61,11,0,38.00,15.00,3,5,5
1/3/18-7:26:46,148,64,141,55,11,3,38.00,15.00,3,5,5
1/3/18-7:27:47,149,66,150,59,12,1,38.00,15.00,3,4,4
1/3/18-7:28:48,148,65,147,61,13,1,38.00,15.00,3,5,5
1/3/18-7:29:49,149,67,148,62,12,1,38.00,16.00,3,5,5
1/3/18-7:30:50,149,65,138,52,11,2,38.00,16.00,3,5,5
1/3/18-7:31:51,151,66,149,62,12,2,38.00,16.00,4,5,6
1/3/18-7:32:52,150,67,148,61,13,5,38.00,16.00,4,5,6
1/3/18-7:33:53,152,66,150,69,14,2,38.00,16.00,4,7,8
1/3/18-7:34:54,152,64,140,51,13,3,38.00,16.00,4,7,8
1/3/18-7:35:55,150,68,150,60,14,3,38.00,15.00,4,6,10
1/3/18-7:36:56,151,66,145,58,16,2,38.00,15.00,4,6,10
1/3/18-7:37:57,150,64,143,57,15,1,38.00,14.00,4,6,10
1/3/18-7:38:58,150,67,150,60,16,3,38.00,15.00,4,6,10
1/3/18-7:39:59,150,67,145,56,15,3,38.00,15.00,6,10,11
1/3/18-7:41:0,148,64,140,53,14,2,38.00,15.00,5,10,12
1/3/18-7:42:1,152,69,152,61,16,2,38.00,15.00,5,7,10
1/3/18-7:43:2,153,69,151,57,16,2,38.00,15.00,5,7,10
1/3/18-7:44:3,151,67,151,62,16,1,38.00,15.00,4,7,8
1/3/18-7:45:4,148,67,144,53,14,3,38.00,15.00,4,7,8
1/3/18-7:46:5,152,68,157,64,18,3,37.00,16.00,5,7,9
1/3/18-7:47:6,149,67,156,63,19,3,38.00,15.00,5,7,9
1/3/18-7:48:7,150,66,146,54,17,3,38.00,16.00,5,6,9
1/3/18-7:49:8,151,66,156,63,20,2,36.00,15.00,5,6,9
1/3/18-7:50:9,149,66,156,63,18,2,38.00,16.00,6,9,12
1/3/18-7:51:10,152,66,158,64,21,1,38.00,16.00,6,8,12
1/3/18-7:52:11,151,69,145,51,16,3,38.00,16.00,4,7,10
1/3/18-7:53:12,151,67,152,59,16,0,38.00,16.00,4,7,10
1/3/18-7:54:13,153,67,153,65,14,2,38.00,16.00,6,9,10
1/3/18-7:55:14,151,67,151,63,15,2,38.00,16.00,6,9,10
1/3/18-7:56:15,149,64,155,69,15,2,38.00,16.00,6,11,14
1/3/18-7:57:16,150,65,153,63,16,1,38.00,16.00,6,11,14
1/3/18-7:58:17,151,65,143,53,16,3,38.00,16.00,7,11,12
1/3/18-7:59:18,151,66,160,64,19,1,38.00,16.00,7,11,12
1/3/18-8:0:19,150,67,157,63,20,3,38.00,16.00,7,10,13
1/3/18-8:1:20,151,68,175,84,17,2,38.00,16.00,7,11,13
1/3/18-8:2:21,148,65,153,51,17,2,38.00,16.00,6,11,12
1/3/18-8:3:22,151,67,152,59,18,1,38.00,16.00,6,11,12
1/3/18-8:4:23,151,67,156,62,17,2,38.00,16.00,8,14,15
1/3/18-8:5:24,151,65,159,72,18,1,38.00,16.00,8,14,15
1/3/18-8:6:25,150,66,150,61,15,2,38.00,16.00,9,17,19
1/3/18-8:7:26,151,67,162,76,12,0,37.00,17.00,9,17,19
1/3/18-8:8:27,150,64,143,55,12,3,37.00,16.00,8,14,18
1/3/18-8:9:28,151,66,153,60,14,0,38.00,16.00,8,14,18
1/3/18-8:10:29,150,68,158,72,14,3,38.00,16.00,9,20,21
1/3/18-8:11:30,152,65,146,51,13,4,38.00,16.00,9,20,21
1/3/18-8:12:31,152,68,149,59,12,2,38.00,16.00,7,13,16
1/3/18-8:13:32,149,67,147,61,12,3,37.00,17.00,7,13,15
1/3/18-8:14:33,149,67,155,66,11,3,37.00,17.00,7,12,13
1/3/18-8:15:34,148,66,179,93,10,1,38.00,16.00,7,12,13
1/3/18-8:16:35,150,65,151,68,11,2,37.00,17.00,6,10,13
1/3/18-8:17:36,151,66,139,51,7,2,37.00,17.00,6,10,13
1/3/18-8:18:37,150,66,166,68,9,1,36.00,17.00,7,10,10
1/3/18-8:19:38,148,66,154,71,8,1,37.00,17.00,8,11,11
1/3/18-8:20:39,151,65,158,70,9,4,37.00,17.00,7,12,15
1/3/18-8:21:40,150,65,148,55,6,0,37.00,17.00,7,12,15
1/3/18-8:22:41,149,68,149,67,8,0,37.00,17.00,6,9,9
1/3/18-8:23:42,150,67,146,71,8,1,37.00,17.00,6,8,9
1/3/18-8:24:43,148,64,143,51,9,2,37.00,17.00,5,8,9
1/3/18-8:25:44,150,67,154,62,8,3,37.00,17.00,5,8,9
1/3/18-8:26:45,149,68,146,60,8,2,37.00,17.00,5,10,13
1/3/18-8:27:46,150,65,147,65,8,4,37.00,18.00,6,11,12
1/3/18-8:28:47,149,64,143,56,9,4,37.00,17.00,7,11,14
1/3/18-8:29:48,149,67,145,60,6,1,37.00,18.00,7,11,14
1/3/18-8:30:49,149,67,145,56,5,1,37.00,18.00,7,11,13
1/3/18-8:31:50,151,67,164,84,7,3,37.00,17.00,7,11,13
1/3/18-8:32:51,149,67,156,68,6,1,37.00,18.00,17,45,67
1/3/18-8:33:52,150,61,157,64,7,4,37.00,18.00,16,44,65
1/3/18-8:34:53,149,64,150,71,6,3,37.00,18.00,7,18,28
1/3/18-8:35:54,149,68,155,68,7,2,37.00,17.00,7,18,28
1/3/18-8:36:55,150,67,181,99,6,0,37.00,17.00,5,10,13
1/3/18-8:37:56,148,65,138,53,5,3,37.00,18.00,5,10,13
1/3/18-8:38:57,150,67,147,65,4,1,37.00,17.00,6,9,11
1/3/18-8:39:58,150,67,150,60,8,3,37.00,18.00,5,9,11
1/3/18-8:40:59,150,67,150,62,7,2,37.00,18.00,5,10,12
1/3/18-8:42:0,148,66,159,67,7,2,37.00,18.00,6,11,13
1/3/18-8:43:1,147,66,165,70,7,3,37.00,18.00,4,6,6
1/3/18-8:44:2,148,69,172,81,7,2,37.00,18.00,5,7,7
1/3/18-8:45:3,148,67,147,63,7,1,37.00,18.00,4,9,9
1/3/18-8:46:4,149,65,151,63,7,3,37.00,18.00,4,9,9
1/3/18-8:47:5,149,70,142,59,9,3,37.00,18.00,6,10,12
1/3/18-8:48:6,147,66,163,75,7,1,37.00,18.00,6,9,11
1/3/18-8:49:7,148,66,138,56,7,3,37.00,18.00,6,11,14
1/3/18-8:50:8,147,69,161,71,7,2,37.00,18.00,6,11,14
1/3/18-8:51:9,146,67,154,75,6,1,37.00,18.00,6,9,14
1/3/18-8:52:9,146,64,152,72,8,2,37.00,18.00,6,9,14
1/3/18-8:53:10,150,66,148,64,8,3,37.00,18.00,5,10,13
1/3/18-8:54:11,147,67,178,91,7,3,37.00,18.00,5,10,13
1/3/18-8:55:12,148,64,142,50,8,3,37.00,18.00,5,10,15
1/3/18-8:56:13,147,66,159,69,9,3,37.00,18.00,5,10,15
1/3/18-8:57:14,145,65,172,79,9,2,36.00,19.00,5,7,7
1/3/18-8:58:15,149,67,167,80,9,3,36.00,19.00,5,7,8
1/3/18-8:59:16,145,64,159,57,8,2,35.00,19.00,6,9,10
1/3/18-9:0:17,147,66,166,69,8,3,37.00,18.00,6,9,10
1/3/18-9:1:18,146,65,165,69,9,2,37.00,18.00,5,9,14
1/3/18-9:2:19,145,66,172,69,9,3,36.00,19.00,5,9,12
1/3/18-9:3:20,147,64,145,54,9,1,36.00,19.00,6,8,9
1/3/18-9:4:21,146,65,141,58,9,1,37.00,18.00,6,8,9
1/3/18-9:5:22,145,67,151,66,7,2,37.00,18.00,6,7,9
1/3/18-9:6:23,146,68,151,66,7,1,37.00,18.00,6,7,9
1/3/18-9:7:24,145,64,140,57,9,2,36.00,19.00,7,11,13
1/3/18-9:8:25,147,67,149,63,6,1,36.00,19.00,7,11,13
1/3/18-9:9:26,146,66,152,70,5,1,36.00,19.00,6,9,14
1/3/18-9:10:27,145,66,155,73,7,1,36.00,19.00,6,9,14
1/3/18-9:11:28,148,66,136,49,7,3,36.00,19.00,5,7,10
1/3/18-9:12:29,149,67,164,70,10,3,36.00,19.00,5,7,10
1/3/18-9:13:30,147,67,150,62,9,3,36.00,19.00,5,9,9
1/3/18-9:14:31,146,64,169,87,10,2,36.00,19.00,5,9,9
1/3/18-9:15:32,148,68,151,60,9,2,36.00,19.00,6,8,8
1/3/18-9:16:33,144,67,147,63,8,1,36.00,19.00,6,8,8
1/3/18-9:17:34,145,67,168,86,8,1,36.00,19.00,5,8,11
1/3/18-9:18:35,145,65,160,80,7,3,36.00,19.00,5,8,11
1/3/18-9:19:36,145,68,153,60,8,2,35.00,20.00,6,10,12
1/3/18-9:20:37,147,66,173,81,9,3,36.00,20.00,5,7,10
1/3/18-9:21:38,144,67,174,79,8,1,36.00,19.00,6,9,9
1/3/18-9:22:39,145,65,162,91,8,4,36.00,19.00,5,8,10
1/3/18-9:23:40,147,69,175,92,9,2,36.00,19.00,5,8,10
1/3/18-9:24:41,144,66,156,61,9,2,36.00,20.00,4,7,8
1/3/18-9:25:42,147,68,154,53,5,2,36.00,20.00,4,7,8
1/3/18-9:26:43,146,68,167,64,8,3,36.00,20.00,5,10,14
1/3/18-9:27:44,144,67,155,66,8,1,36.00,20.00,6,10,14
1/3/18-9:28:45,145,69,138,53,6,2,36.00,20.00,3,5,5
1/3/18-9:29:46,146,66,162,80,6,1,36.00,20.00,3,5,5
1/3/18-9:30:47,147,67,173,80,10,1,36.00,20.00,5,7,8
1/3/18-9:31:48,147,67,179,109,9,4,36.00,20.00,5,7,8
1/3/18-9:32:49,146,64,158,60,6,3,36.00,20.00,5,8,11
1/3/18-9:33:50,145,67,145,59,7,3,36.00,20.00,5,8,11
1/3/18-9:34:51,145,67,172,101,7,4,36.00,20.00,5,8,10
1/3/18-9:35:52,147,68,150,60,5,2,36.00,20.00,5,8,11
1/3/18-9:36:53,144,67,165,66,5,2,36.00,20.00,5,8,8
1/3/18-9:37:54,144,67,159,78,9,2,36.00,20.00,5,8,8
1/3/18-9:38:55,143,66,158,66,6,3,36.00,20.00,5,8,9
1/3/18-9:39:56,145,67,147,73,7,3,36.00,20.00,5,8,9
1/3/18-9:40:57,145,66,155,60,6,0,36.00,20.00,3,6,8
1/3/18-9:41:58,145,68,179,90,6,2,36.00,20.00,3,6,8
1/3/18-9:42:59,145,67,161,58,6,2,36.00,20.00,3,4,4
1/3/18-9:44:0,144,65,170,109,6,1,36.00,20.00,3,4,4
1/3/18-9:45:1,144,67,144,58,6,3,36.00,20.00,4,5,6
1/3/18-9:46:2,145,67,153,67,7,2,36.00,20.00,3,4,5
1/3/18-9:47:3,146,65,170,77,8,3,36.00,20.00,4,6,8
1/3/18-9:48:4,145,68,149,58,4,1,35.00,21.00,4,6,8
1/3/18-9:49:5,142,67,207,145,7,2,36.00,20.00,5,7,11
1/3/18-9:50:6,145,65,156,92,7,3,36.00,20.00,5,7,11
1/3/18-9:51:7,143,66,158,84,6,3,35.00,21.00,4,4,7
1/3/18-9:52:8,142,66,262,219,6,1,35.00,21.00,3,3,6
1/3/18-9:53:9,144,66,140,58,8,2,36.00,20.00,5,6,7
1/3/18-9:54:10,142,64,132,51,5,2,35.00,21.00,5,6,7
1/3/18-9:55:11,144,67,166,74,7,3,34.00,21.00,3,5,5
1/3/18-9:56:12,144,67,148,60,5,2,36.00,20.00,4,6,6
1/3/18-9:57:13,142,67,142,59,6,3,36.00,20.00,3,5,6
1/3/18-9:58:14,143,64,129,49,6,1,35.00,21.00,3,5,6
1/3/18-9:59:15,145,67,139,58,5,0,36.00,20.00,3,5,5
1/3/18-10:0:16,143,66,140,55,6,4,36.00,20.00,3,5,5
1/3/18-10:1:17,143,66,132,56,5,3,35.00,21.00,4,6,6
1/3/18-10:2:18,143,65,129,49,7,3,35.00,21.00,4,6,6
1/3/18-10:3:19,143,67,144,61,7,3,35.00,21.00,3,4,6
1/3/18-10:4:20,141,66,152,68,7,1,35.00,21.00,3,3,6
1/3/18-10:5:21,143,68,150,62,5,1,35.00,21.00,3,4,4
1/3/18-10:6:22,143,65,129,49,7,1,35.00,22.00,3,4,4
1/3/18-10:7:23,143,67,140,59,8,2,35.00,21.00,2,4,7
1/3/18-10:8:24,143,67,137,57,7,3,34.00,22.00,2,4,7
1/3/18-10:9:25,141,66,135,59,5,1,35.00,22.00,3,5,10
1/3/18-10:10:26,141,64,136,53,6,3,35.00,22.00,3,5,10
1/3/18-10:11:27,142,66,139,59,5,1,35.00,22.00,4,6,9
1/3/18-10:12:28,141,67,144,69,5,2,35.00,22.00,4,6,9
1/3/18-10:13:29,141,67,141,63,6,3,35.00,22.00,4,7,10
1/3/18-10:14:30,141,68,139,59,6,2,35.00,22.00,4,7,10
1/3/18-10:15:31,143,67,160,80,9,3,35.00,21.00,4,8,10
1/3/18-10:16:32,141,67,142,63,9,2,35.00,22.00,5,9,11
1/3/18-10:17:33,141,64,132,52,7,3,35.00,22.00,3,6,6
1/3/18-10:18:34,142,69,147,64,6,1,35.00,21.00,3,6,6
1/3/18-10:19:35,144,68,143,61,7,1,35.00,21.00,4,6,7
1/3/18-10:20:36,143,67,144,63,7,0,35.00,22.00,5,7,7
1/3/18-10:21:37,139,65,135,53,8,2,35.00,22.00,5,7,7
1/3/18-10:22:38,141,67,153,69,6,1,34.00,22.00,3,5,5
1/3/18-10:23:39,142,72,140,59,7,3,35.00,22.00,4,5,5
1/3/18-10:24:40,142,68,138,60,5,1,35.00,22.00,4,5,5
1/3/18-10:25:41,140,65,131,52,5,2,34.00,22.00,4,5,5
1/3/18-10:26:42,140,67,213,114,8,1,64.00,22.00,3,3,3
1/3/18-10:27:43,141,67,171,76,6,1,35.00,22.00,3,3,3
1/3/18-10:28:44,141,69,150,64,7,2,35.00,22.00,3,6,7
1/3/18-10:29:45,140,66,142,55,7,4,35.00,22.00,3,6,7
1/3/18-10:30:46,142,66,144,62,7,3,34.00,22.00,3,5,5
1/3/18-10:31:47,141,66,146,64,7,3,35.00,22.00,3,5,5
1/3/18-10:32:48,141,67,139,61,6,3,35.00,22.00,4,5,6
1/3/18-10:33:49,140,61,132,49,4,1,34.00,22.00,4,5,6
1/3/18-10:34:50,141,67,138,55,6,1,35.00,22.00,5,7,7
1/3/18-10:35:51,141,67,158,65,6,1,35.00,22.00,5,7,7
1/3/18-10:36:52,141,68,142,63,7,3,34.00,22.00,3,5,7
1/3/18-10:37:53,138,64,129,48,6,3,35.00,22.00,3,5,7
1/3/18-10:38:54,143,69,156,72,5,1,35.00,22.00,4,6,9
1/3/18-10:39:55,140,68,162,79,6,3,34.00,22.00,4,5,7
1/3/18-10:40:56,138,68,149,70,6,1,34.00,23.00,2,3,4
1/3/18-10:41:57,140,67,155,64,4,3,33.00,23.00,2,3,4
1/3/18-10:42:58,140,66,134,56,6,2,33.00,23.00,3,3,3
1/3/18-10:43:59,141,67,182,90,6,0,33.00,23.00,3,3,3
1/3/18-10:45:0,139,66,153,76,7,1,33.00,23.00,3,4,4
1/3/18-10:46:1,140,68,151,86,5,3,33.00,23.00,3,4,4
1/3/18-10:47:2,139,69,180,94,6,3,34.00,23.00,3,4,4
1/3/18-10:48:3,138,67,155,63,7,1,34.00,23.00,3,3,3
1/3/18-10:49:4,138,65,140,51,6,3,34.00,23.00,2,4,4
1/3/18-10:50:5,142,70,165,80,4,1,33.00,23.00,2,4,4
1/3/18-10:51:6,138,66,134,59,6,1,34.00,23.00,3,4,4
1/3/18-10:52:7,139,67,140,61,4,2,34.00,23.00,3,5,5
1/3/18-10:53:8,139,65,152,69,5,2,34.00,23.00,4,6,6
1/3/18-10:54:9,140,67,137,60,5,3,32.00,23.00,4,6,6
1/3/18-10:55:10,140,67,138,59,7,1,33.00,23.00,3,5,5
1/3/18-10:56:11,139,69,148,74,5,2,34.00,23.00,4,5,5
1/3/18-10:57:12,140,65,213,207,6,3,33.00,23.00,4,5,5
1/3/18-10:58:13,141,67,142,60,6,3,33.00,23.00,4,5,5
1/3/18-10:59:14,139,70,134,58,7,3,33.00,23.00,3,6,7
1/3/18-11:0:15,138,68,149,64,4,2,33.00,23.00,3,6,6
1/3/18-11:1:16,138,65,129,55,5,3,33.00,23.00,4,6,7
1/3/18-11:2:17,139,67,152,74,7,3,33.00,23.00,4,6,7
1/3/18-11:3:18,140,71,147,69,5,3,34.00,23.00,5,6,6
1/3/18-11:4:19,139,68,137,60,4,0,33.00,23.00,4,6,6
1/3/18-11:5:20,137,65,140,59,5,2,33.00,23.00,5,7,8
1/3/18-11:6:21,139,68,145,58,6,3,33.00,23.00,5,7,8
1/3/18-11:7:21,136,67,150,80,7,1,33.00,23.00,5,7,10
1/3/18-11:8:22,137,68,138,60,5,3,34.00,23.00,5,7,10
1/3/18-11:9:23,137,65,132,50,6,2,34.00,23.00,6,9,9
1/3/18-11:10:24,139,67,129,57,6,3,33.00,23.00,6,9,9
1/3/18-11:11:25,139,69,137,60,4,1,34.00,23.00,4,6,6
1/3/18-11:12:26,137,67,135,63,6,2,34.00,23.00,4,6,6
1/3/18-11:13:27,140,66,136,63,6,4,33.00,23.00,6,8,9
1/3/18-11:14:28,137,67,146,68,5,0,34.00,23.00,6,8,9
1/3/18-11:15:29,138,69,169,76,5,2,33.00,23.00,5,6,6
1/3/18-11:16:30,136,66,159,74,6,3,33.00,23.00,5,6,6
1/3/18-11:17:31,139,67,157,65,6,2,34.00,23.00,5,6,7
1/3/18-11:18:32,138,66,154,75,6,1,34.00,23.00,5,6,7
1/3/18-11:19:33,138,66,167,83,5,3,33.00,23.00,4,6,6
1/3/18-11:20:34,138,64,150,60,6,4,33.00,23.00,4,6,6
1/3/18-11:21:35,139,66,142,69,5,1,33.00,23.00,5,7,7
1/3/18-11:22:36,137,67,175,99,7,1,33.00,23.00,4,6,6
1/3/18-11:23:37,137,68,163,83,4,1,33.00,23.00,5,6,6
1/3/18-11:24:38,134,65,154,57,5,2,33.00,23.00,5,6,6
1/3/18-11:25:39,137,66,171,99,4,0,34.00,22.00,6,8,8
1/3/18-11:26:40,138,67,167,88,4,1,34.00,23.00,6,8,8
1/3/18-11:27:41,138,68,138,62,5,3,33.00,23.00,5,7,8
1/3/18-11:28:42,138,65,134,52,6,3,33.00,24.00,5,7,8
1/3/18-11:29:43,139,67,137,57,6,3,33.00,24.00,5,6,6
1/3/18-11:30:44,138,67,175,71,7,3,33.00,23.00,5,6,6
1/3/18-11:31:45,136,65,147,67,6,3,33.00,24.00,5,6,6
1/3/18-11:32:46,137,64,136,55,7,5,33.00,23.00,5,6,6
1/3/18-11:33:47,138,67,159,65,5,2,34.00,24.00,4,4,4
1/3/18-11:34:48,135,67,170,87,5,1,34.00,24.00,4,4,4
1/3/18-11:35:49,137,67,153,75,4,1,33.00,24.00,4,5,6
1/3/18-11:36:50,136,64,151,67,6,3,33.00,24.00,4,5,6
1/3/18-11:37:51,135,67,225,108,5,3,33.00,24.00,5,8,10
1/3/18-11:38:52,137,67,137,57,7,3,33.00,24.00,5,8,9
1/3/18-11:39:53,137,67,143,61,7,2,33.00,24.00,3,5,7
1/3/18-11:40:54,136,67,143,63,5,2,33.00,23.00,3,5,7
1/3/18-11:41:55,136,69,149,68,5,2,33.00,24.00,4,6,7
1/3/18-11:42:56,135,67,138,63,6,4,33.00,24.00,4,6,6
1/3/18-11:43:57,135,66,133,50,3,1,33.00,24.00,5,7,7
1/3/18-11:44:58,137,67,149,68,6,3,33.00,24.00,5,7,7
1/3/18-11:45:59,135,67,149,62,4,1,34.00,24.00,6,9,11
1/3/18-11:47:0,134,67,167,95,4,1,33.00,23.00,5,9,11
1/3/18-11:48:1,134,64,145,52,6,2,33.00,24.00,4,5,6
1/3/18-11:49:2,138,66,157,74,5,3,33.00,24.00,4,5,6
1/3/18-11:50:3,137,68,158,88,4,3,35.00,24.00,3,4,5
1/3/18-11:51:4,136,66,168,82,6,3,33.00,24.00,4,5,7
1/3/18-11:52:5,133,64,140,50,4,1,33.00,24.00,4,7,7
1/3/18-11:53:6,138,66,145,67,5,2,32.00,24.00,4,7,7
1/3/18-11:54:7,135,67,131,59,5,1,33.00,24.00,4,5,5
1/3/18-11:55:8,135,66,137,59,6,1,33.00,24.00,4,6,6
1/3/18-11:56:9,135,65,157,66,4,2,33.00,24.00,3,5,5
1/3/18-11:57:10,136,67,166,86,4,2,33.00,24.00,2,4,4
1/3/18-11:58:11,135,67,148,67,6,3,33.00,24.00,4,7,7
1/3/18-11:59:12,135,67,169,70,4,1,33.00,24.00,5,7,7
1/3/18-12:0:13,134,64,175,94,6,2,34.00,24.00,5,6,7
1/3/18-12:1:14,134,68,165,69,4,0,33.00,24.00,5,6,7
1/3/18-12:2:15,135,67,148,61,3,0,33.00,24.00,4,6,7
1/3/18-12:3:16,134,66,133,57,4,1,33.00,24.00,4,6,7
1/3/18-12:4:17,133,66,146,52,4,4,33.00,24.00,2,3,3
1/3/18-12:5:18,133,68,165,81,4,1,33.00,24.00,2,3,3
1/3/18-12:6:19,135,67,152,63,5,0,33.00,24.00,4,6,8
1/3/18-12:7:20,132,67,167,67,5,1,33.00,24.00,4,6,7
1/3/18-12:8:21,135,66,160,80,5,4,33.00,24.00,3,5,6
1/3/18-12:9:22,134,68,163,72,5,1,33.00,24.00,3,5,6
1/3/18-12:10:23,135,68,167,103,4,2,32.00,25.00,4,6,8
1/3/18-12:11:24,134,68,146,70,4,2,32.00,25.00,4,6,8
1/3/18-12:12:25,132,66,165,67,4,2,32.00,25.00,6,7,9
1/3/18-12:13:26,134,63,160,88,4,3,32.00,25.00,6,7,9
1/3/18-12:14:27,133,66,146,62,5,3,32.00,25.00,6,8,8
1/3/18-12:15:28,135,67,159,62,4,4,32.00,25.00,6,8,8
1/3/18-12:16:29,133,66,132,58,5,3,33.00,24.00,5,6,6
1/3/18-12:17:30,136,67,134,62,4,3,32.00,25.00,5,6,6
1/3/18-12:18:31,132,69,174,90,4,1,32.00,25.00,4,6,6
1/3/18-12:19:32,133,64,128,48,5,3,32.00,25.00,4,6,6
1/3/18-12:20:33,135,67,150,87,4,1,33.00,24.00,4,7,7
1/3/18-12:21:34,134,67,138,63,6,2,33.00,25.00,4,7,7
1/3/18-12:22:35,134,66,156,72,6,1,32.00,25.00,5,7,7
1/3/18-12:23:36,133,65,129,54,5,2,32.00,25.00,5,7,7
1/3/18-12:24:37,133,65,171,81,4,1,33.00,24.00,3,5,5
1/3/18-12:25:38,133,65,144,73,6,2,32.00,25.00,3,5,5
1/3/18-12:26:39,132,67,169,72,5,1,32.00,25.00,5,7,7
1/3/18-12:27:40,133,64,183,77,6,4,32.00,25.00,5,7,7
1/3/18-12:28:41,133,66,155,71,5,3,32.00,25.00,6,7,7
1/3/18-12:29:42,134,67,165,82,2,0,32.00,25.00,6,7,7
1/3/18-12:30:43,133,67,172,89,5,2,32.00,25.00,5,8,10
1/3/18-12:31:44,132,66,124,50,7,2,32.00,25.00,5,8,10
1/3/18-12:32:45,135,66,178,75,5,3,32.00,25.00,7,9,12
1/3/18-12:33:46,135,69,151,86,3,1,32.00,25.00,7,9,12
1/3/18-12:34:47,133,68,153,66,3,0,32.00,25.00,8,10,10
1/3/18-12:35:48,131,64,164,67,4,2,32.00,25.00,8,10,10
1/3/18-12:36:49,132,66,157,78,6,1,32.00,25.00,9,13,13
1/3/18-12:37:50,132,67,181,85,5,3,32.00,25.00,9,14,14
1/3/18-12:38:51,133,68,145,65,3,0,32.00,25.00,9,14,17
1/3/18-12:39:52,133,65,142,57,5,1,32.00,25.00,9,14,17
1/3/18-12:40:53,132,67,158,77,5,3,33.00,24.00,8,12,14
1/3/18-12:41:54,131,67,161,76,5,3,32.00,25.00,8,12,14
1/3/18-12:42:55,134,66,122,46,4,3,32.00,25.00,7,10,11
1/3/18-12:43:56,133,68,178,85,4,2,32.00,25.00,7,10,11
1/3/18-12:44:57,133,67,162,90,5,4,32.00,25.00,8,14,14
1/3/18-12:45:58,133,68,165,103,7,2,32.00,25.00,8,14,14
1/3/18-12:46:59,133,69,150,77,4,3,32.00,25.00,8,12,12
1/3/18-12:48:0,134,67,159,67,6,3,32.00,25.00,8,12,12
1/3/18-12:49:1,133,69,159,73,4,1,32.00,25.00,6,8,9
1/3/18-12:50:2,132,67,155,71,4,3,32.00,25.00,7,9,10
1/3/18-12:51:3,131,66,228,123,6,3,32.00,25.00,6,8,8
1/3/18-12:52:4,132,69,153,63,4,1,32.00,25.00,6,8,8
1/3/18-12:53:5,132,67,135,59,6,1,32.00,25.00,4,6,8
1/3/18-12:54:6,130,67,150,58,5,4,32.00,25.00,4,6,8
1/3/18-12:55:7,132,67,144,66,5,2,32.00,25.00,5,7,8
1/3/18-12:56:8,130,67,168,78,7,2,33.00,25.00,5,7,8
1/3/18-12:57:9,131,70,176,67,5,3,32.00,25.00,5,7,8
1/3/18-12:58:10,130,66,153,56,5,3,32.00,25.00,5,7,8
1/3/18-12:59:11,132,70,154,62,5,1,32.00,25.00,5,6,6
1/3/18-13:0:12,132,69,157,64,4,2,32.00,25.00,5,6,6
1/3/18-13:1:13,131,67,153,68,2,1,32.00,25.00,3,4,4
1/3/18-13:2:14,130,66,148,60,4,2,32.00,25.00,3,4,4
1/3/18-13:3:15,131,66,167,60,6,2,31.00,25.00,4,5,5
1/3/18-13:4:16,132,67,174,85,5,3,32.00,25.00,4,5,5
1/3/18-13:5:17,133,66,170,72,4,3,32.00,25.00,4,6,6
1/3/18-13:6:18,132,65,129,54,5,3,32.00,25.00,4,6,6
1/3/18-13:7:19,130,69,149,95,4,1,32.00,25.00,4,5,5
1/3/18-13:8:20,133,69,164,63,4,2,32.00,25.00,4,5,5
1/3/18-13:9:21,132,68,149,62,4,2,32.00,25.00,4,7,7
1/3/18-13:10:22,129,69,157,67,4,2,32.00,25.00,4,7,7
1/3/18-13:11:23,133,67,162,60,5,2,32.00,25.00,4,6,7
1/3/18-13:12:24,130,67,143,57,6,2,32.00,25.00,4,6,7
1/3/18-13:13:25,129,67,203,77,6,0,32.00,25.00,8,10,10
1/3/18-13:14:26,132,66,155,46,3,0,32.00,25.00,8,10,10
1/3/18-13:15:27,132,69,153,64,4,2,32.00,25.00,5,8,9
1/3/18-13:16:28,133,69,144,65,4,0,32.00,25.00,4,7,8
1/3/18-13:17:29,132,69,173,89,4,2,32.00,25.00,9,13,18
1/3/18-13:18:30,130,66,151,77,5,2,32.00,25.00,9,13,18
1/3/18-13:19:31,130,68,138,62,4,1,32.00,25.00,9,13,14
1/3/18-13:20:32,130,67,175,73,5,3,32.00,25.00,9,12,13
1/3/18-13:21:33,132,66,144,51,5,4,32.00,26.00,7,10,10
1/3/18-13:22:34,128,67,144,57,4,1,32.00,26.00,7,10,10
1/3/18-13:23:35,132,67,149,67,5,3,32.00,25.00,4,4,6
1/3/18-13:24:36,131,67,166,90,6,2,32.00,26.00,4,4,6
1/3/18-13:25:37,131,66,163,61,7,3,32.00,25.00,4,4,6
1/3/18-13:26:38,131,68,160,61,4,3,32.00,25.00,3,4,4
1/3/18-13:27:39,129,64,164,71,4,2,32.00,25.00,3,4,4
1/3/18-13:28:40,132,69,136,67,4,2,32.00,26.00,3,4,4
1/3/18-13:29:41,130,66,133,44,4,2,32.00,26.00,3,4,4
1/3/18-13:30:42,132,67,141,62,5,4,32.00,25.00,3,4,4
1/3/18-13:31:43,131,67,144,60,5,3,32.00,25.00,3,4,4
1/3/18-13:32:44,130,67,129,73,5,1,32.00,25.00,3,4,6
1/3/18-13:33:45,129,65,143,60,4,2,32.00,25.00,2,4,6
1/3/18-13:34:46,130,69,150,73,3,0,32.00,25.00,3,4,4
1/3/18-13:35:47,130,68,146,64,3,2,32.00,25.00,3,4,4
1/3/18-13:36:48,132,69,148,59,3,1,32.00,25.00,3,4,6
1/3/18-13:37:49,128,65,140,62,6,2,32.00,25.00,3,4,6
1/3/18-13:38:50,130,66,132,60,4,2,32.00,25.00,3,4,4
1/3/18-13:39:51,129,67,152,81,6,1,32.00,25.00,4,5,5
1/3/18-13:40:52,131,68,124,57,3,1,32.00,25.00,3,3,3
1/3/18-13:41:53,130,65,127,49,7,3,32.00,26.00,2,2,2
1/3/18-13:42:54,131,68,133,62,6,3,32.00,26.00,2,3,6
1/3/18-13:43:55,129,67,165,81,5,3,32.00,26.00,3,3,6
1/3/18-13:44:56,130,69,127,58,4,1,32.00,25.00,3,5,5
1/3/18-13:45:57,131,67,130,46,4,2,32.00,26.00,3,5,5
1/3/18-13:46:58,130,69,173,89,5,3,32.00,26.00,5,6,7
1/3/18-13:47:59,129,67,143,73,5,2,32.00,26.00,4,6,7
1/3/18-13:49:0,128,68,140,64,5,3,32.00,26.00,4,6,6
1/3/18-13:50:1,130,67,167,65,4,2,32.00,26.00,4,6,6
1/3/18-13:51:2,130,67,137,62,6,2,32.00,26.00,3,4,4
1/3/18-13:52:3,130,69,137,60,4,1,32.00,26.00,3,4,4
1/3/18-13:53:4,128,67,168,79,6,3,32.00,26.00,4,5,5
1/3/18-13:54:5,128,65,133,54,7,2,32.00,26.00,4,5,5
1/3/18-13:55:6,129,68,129,63,4,1,32.00,26.00,4,5,5
1/3/18-13:56:7,128,67,147,77,6,1,32.00,26.00,4,4,4
1/3/18-13:57:8,129,69,130,62,4,3,32.00,26.00,2,3,5
1/3/18-13:58:9,130,69,148,70,4,3,32.00,26.00,2,3,5
1/3/18-13:59:10,131,69,130,58,4,1,32.00,26.00,3,4,5
1/3/18-14:0:11,129,66,156,81,4,2,32.00,26.00,3,5,6
1/3/18-14:1:12,128,67,135,58,3,3,32.00,26.00,3,4,5
1/3/18-14:2:13,129,67,138,71,4,3,32.00,26.00,3,4,5
1/3/18-14:3:14,130,67,145,58,5,3,32.00,25.00,3,3,3
1/3/18-14:4:15,131,67,129,63,5,3,32.00,26.00,3,3,3
1/3/18-14:5:16,129,67,132,65,3,2,32.00,26.00,1,2,2
1/3/18-14:6:17,129,66,138,58,6,2,32.00,26.00,1,2,2
1/3/18-14:7:18,130,68,162,87,4,1,32.00,26.00,5,7,8
1/3/18-14:8:19,130,67,147,62,4,2,32.00,26.00,5,7,10
1/3/18-14:9:20,130,67,162,65,4,1,32.00,26.00,5,6,6
1/3/18-14:10:21,130,67,162,72,4,1,32.00,26.00,5,6,6
1/3/18-14:11:22,128,69,152,74,4,1,32.00,26.00,4,5,7
1/3/18-14:12:23,128,67,145,79,6,2,32.00,26.00,2,4,6
1/3/18-14:13:24,128,66,170,96,5,3,32.00,26.00,5,7,9
1/3/18-14:14:25,132,68,147,74,4,1,32.00,26.00,5,7,9
1/3/18-14:15:26,129,67,156,63,5,2,32.00,26.00,3,3,5
1/3/18-14:16:27,128,67,157,66,4,1,32.00,26.00,3,4,6
1/3/18-14:17:28,127,67,154,60,3,2,32.00,26.00,3,3,3
1/3/18-14:18:29,129,66,165,67,4,1,32.00,26.00,3,3,3
1/3/18-14:19:30,129,67,177,119,4,2,32.00,26.00,4,6,6
1/3/18-14:20:31,128,68,145,69,4,0,32.00,26.00,4,6,6
1/3/18-14:21:32,127,66,165,105,3,1,32.00,26.00,2,5,6
1/3/18-14:22:33,130,67,154,65,4,2,32.00,26.00,2,5,6
1/3/18-14:23:34,129,68,143,62,6,3,32.00,26.00,3,6,7
1/3/18-14:24:35,130,66,224,150,4,2,32.00,26.00,4,7,8
1/3/18-14:25:36,129,64,135,52,4,2,32.00,26.00,3,3,3
1/3/18-14:26:37,129,68,131,61,4,1,32.00,26.00,3,3,3
1/3/18-14:27:38,129,68,178,80,4,1,32.00,26.00,2,5,5
1/3/18-14:28:38,129,67,172,79,4,2,31.00,27.00,3,5,5
1/3/18-14:29:40,128,66,155,83,4,1,31.00,27.00,3,4,4
1/3/18-14:30:40,129,67,165,85,4,0,32.00,26.00,3,4,4
1/3/18-14:31:41,128,65,160,63,5,4,32.00,26.00,2,3,3
1/3/18-14:32:42,129,67,164,69,4,2,32.00,26.00,2,3,3
1/3/18-14:33:43,126,68,156,66,6,1,32.00,26.00,2,3,3
1/3/18-14:34:44,130,67,162,85,4,2,32.00,26.00,2,3,3
1/3/18-14:35:45,129,68,140,78,4,3,32.00,26.00,1,3,5
1/3/18-14:36:46,129,66,163,69,4,2,32.00,26.00,1,3,5
1/3/18-14:37:47,127,67,182,73,4,2,32.00,26.00,0,1,1
1/3/18-14:38:48,130,65,147,57,6,3,32.00,26.00,0,1,1
1/3/18-14:39:49,128,66,142,83,5,4,31.00,27.00,2,4,4
1/3/18-14:40:50,129,69,152,94,4,1,32.00,26.00,2,4,4
1/3/18-14:41:51,127,66,175,72,4,1,32.00,26.00,2,3,3
1/3/18-14:42:52,128,66,133,51,4,1,32.00,26.00,2,3,3
1/3/18-14:43:53,127,67,140,68,4,1,32.00,26.00,1,2,2
1/3/18-14:44:54,130,66,174,99,5,3,32.00,26.00,1,2,2
1/3/18-14:45:55,128,67,157,64,4,1,32.00,26.00,2,4,6
1/3/18-14:46:56,127,64,125,44,2,2,32.00,26.00,2,4,6
1/3/18-14:47:57,128,68,171,83,4,2,32.00,26.00,2,3,5
1/3/18-14:48:58,128,66,178,90,4,0,32.00,26.00,2,3,5
1/3/18-14:49:59,126,66,164,118,5,3,32.00,26.00,1,2,2
1/3/18-14:51:0,127,64,170,74,5,3,31.00,27.00,1,2,2
1/3/18-14:52:1,129,70,156,61,4,3,32.00,26.00,1,1,1
1/3/18-14:53:2,126,67,141,60,4,1,32.00,26.00,1,1,1
1/3/18-14:54:3,128,67,172,96,4,2,32.00,26.00,2,4,4
1/3/18-14:55:4,126,64,169,89,5,3,31.00,27.00,2,4,4
1/3/18-14:56:5,127,66,138,66,5,3,32.00,26.00,2,3,3
1/3/18-14:57:6,128,66,151,67,6,2,32.00,26.00,2,3,3
1/3/18-14:58:7,127,66,163,100,5,3,32.00,26.00,2,3,3
1/3/18-14:59:8,128,64,137,53,6,3,32.00,26.00,2,3,3
1/3/18-15:0:9,126,66,151,65,6,4,31.00,27.00,2,2,2
1/3/18-15:1:10,128,66,137,57,6,4,31.00,27.00,1,2,2
1/3/18-15:2:11,125,67,154,73,4,1,32.00,26.00,1,2,5
1/3/18-15:3:12,126,65,165,63,6,2,32.00,26.00,2,3,6
1/3/18-15:4:13,127,66,144,65,6,4,32.00,26.00,2,2,2
1/3/18-15:5:14,127,66,143,59,5,2,32.00,26.00,2,2,2
1/3/18-15:6:15,128,67,135,62,3,1,31.00,27.00,2,3,3
1/3/18-15:7:16,125,63,117,46,4,3,31.00,27.00,2,3,3
1/3/18-15:8:17,124,66,183,118,6,2,31.00,27.00,2,3,4
1/3/18-15:9:18,127,66,125,52,4,1,32.00,26.00,2,3,4
1/3/18-15:10:19,127,68,164,74,4,3,32.00,26.00,2,3,5
1/3/18-15:11:20,127,65,159,67,4,2,31.00,27.00,2,3,5
1/3/18-15:12:21,128,67,170,67,4,2,31.00,27.00,2,2,2
1/3/18-15:13:22,127,67,159,56,3,1,32.00,26.00,2,2,2
1/3/18-15:14:23,127,66,192,93,3,2,32.00,26.00,1,2,2
1/3/18-15:15:24,126,68,159,56,7,2,31.00,27.00,1,2,2
1/3/18-15:16:25,128,66,146,66,4,2,32.00,26.00,0,1,1
1/3/18-15:17:26,129,68,140,59,4,2,32.00,26.00,0,1,1
1/3/18-15:18:27,126,68,140,65,4,2,31.00,27.00,1,1,1
1/3/18-15:19:28,126,65,167,81,6,2,32.00,26.00,1,1,1
1/3/18-15:20:29,128,66,168,99,5,2,32.00,26.00,2,2,2
1/3/18-15:21:30,127,68,146,60,5,2,31.00,27.00,2,2,2
1/3/18-15:22:31,125,67,140,66,4,1,31.00,27.00,1,1,1
1/3/18-15:23:32,126,64,151,60,4,3,32.00,26.00,1,1,1
1/3/18-15:24:33,128,66,146,75,5,3,32.00,26.00,1,2,2
1/3/18-15:25:34,129,68,152,58,4,2,31.00,27.00,1,1,1
1/3/18-15:26:35,126,66,154,82,5,1,31.00,27.00,0,0,0
1/3/18-15:27:36,125,65,152,67,5,2,31.00,27.00,1,1,1
1/3/18-15:28:37,127,66,156,87,4,2,32.00,26.00,1,2,2
1/3/18-15:29:38,126,66,141,59,6,2,31.00,27.00,1,2,2
1/3/18-15:30:39,125,66,157,74,5,1,31.00,27.00,1,2,2
1/3/18-15:31:40,126,66,161,67,4,3,32.00,26.00,1,2,2
1/3/18-15:32:41,126,65,183,86,5,3,32.00,26.00,1,2,2
1/3/18-15:33:42,127,68,189,81,4,1,31.00,27.00,2,3,3
1/3/18-15:34:43,127,68,147,75,4,1,31.00,27.00,2,3,3
1/3/18-15:35:44,126,65,138,51,4,3,31.00,28.00,2,3,3
1/3/18-15:36:45,127,68,156,67,5,1,31.00,27.00,1,2,4
1/3/18-15:37:46,128,67,150,77,4,2,31.00,28.00,1,2,4
1/3/18-15:38:47,127,68,158,71,3,0,31.00,27.00,1,3,3
1/3/18-15:39:48,125,64,173,69,4,2,31.00,27.00,1,3,3
1/3/18-15:40:49,126,65,150,64,5,3,31.00,27.00,2,2,2
1/3/18-15:41:50,126,67,143,61,6,1,31.00,28.00,2,2,2
1/3/18-15:42:51,124,67,139,58,5,1,31.00,28.00,1,2,2
1/3/18-15:43:52,126,64,143,57,2,1,31.00,27.00,1,2,2
1/3/18-15:44:53,126,67,160,77,5,3,30.00,27.00,1,2,2
1/3/18-15:45:54,127,69,143,73,4,3,31.00,28.00,1,2,2
1/3/18-15:46:55,126,66,153,76,4,1,31.00,27.00,1,2,2
1/3/18-15:47:56,124,64,196,130,4,2,31.00,27.00,1,2,2
1/3/18-15:48:57,127,66,165,68,3,2,30.00,27.00,1,2,2
1/3/18-15:49:58,125,66,171,57,5,5,32.00,27.00,1,2,2
1/3/18-15:50:59,125,67,134,57,4,3,31.00,27.00,2,2,2
1/3/18-15:52:0,127,66,141,50,3,2,31.00,27.00,2,2,2
1/3/18-15:53:1,127,67,182,101,5,0,31.00,27.00,0,1,1
1/3/18-15:54:2,125,66,180,65,5,2,31.00,28.00,0,1,1
1/3/18-15:55:3,125,66,147,81,5,3,31.00,28.00,1,2,2
1/3/18-15:56:4,124,64,154,57,5,3,31.00,28.00,1,2,2
1/3/18-15:57:5,127,69,147,65,4,2,31.00,28.00,1,2,2
1/3/18-15:58:6,126,67,141,77,6,3,31.00,28.00,1,2,2
1/3/18-15:59:7,127,67,173,98,5,2,31.00,28.00,2,2,3
1/3/18-16:0:8,126,67,172,73,6,1,31.00,28.00,2,2,3
1/3/18-16:1:9,126,67,149,54,5,3,31.00,28.00,1,2,3
1/3/18-16:2:10,125,66,179,66,5,3,31.00,28.00,1,2,3
1/3/18-16:3:11,127,67,150,63,4,2,31.00,27.00,1,2,2
1/3/18-16:4:12,125,66,178,88,6,3,31.00,27.00,1,2,2
1/3/18-16:5:13,125,64,168,91,4,2,31.00,28.00,1,1,1
1/3/18-16:6:14,124,67,233,112,4,1,31.00,28.00,1,1,1
1/3/18-16:7:15,125,66,191,160,5,3,31.00,28.00,1,1,1
1/3/18-16:8:16,125,69,148,95,5,2,31.00,28.00,1,1,1
1/3/18-16:9:17,126,66,153,69,5,3,31.00,28.00,1,3,3
1/3/18-16:10:18,126,67,178,70,3,1,31.00,27.00,0,2,2
1/3/18-16:11:19,125,66,158,68,6,2,31.00,27.00,1,3,3
1/3/18-16:12:20,126,67,151,64,3,1,31.00,28.00,1,3,3
1/3/18-16:13:21,123,65,146,83,4,2,31.00,28.00,2,2,2
1/3/18-16:14:22,126,67,162,90,6,3,31.00,28.00,2,2,2
1/3/18-16:15:23,125,68,167,86,4,1,31.00,27.00,1,1,1
1/3/18-16:16:24,124,67,150,66,4,1,31.00,28.00,1,1,1
1/3/18-16:17:25,124,64,157,59,4,3,31.00,28.00,1,1,1
1/3/18-16:18:26,125,67,157,72,3,0,31.00,27.00,1,1,1
1/3/18-16:19:27,124,65,151,64,6,1,31.00,28.00,0,0,0
1/3/18-16:20:28,122,67,156,71,5,1,31.00,28.00,0,0,0
1/3/18-16:21:29,124,64,134,61,7,4,31.00,28.00,2,2,2
1/3/18-16:22:30,125,68,142,60,4,2,31.00,27.00,2,2,2
1/3/18-16:23:31,124,67,140,70,4,1,31.00,28.00,0,1,1
1/3/18-16:24:32,125,67,151,76,6,3,31.00,28.00,0,1,1
1/3/18-16:25:33,124,64,150,94,6,4,31.00,28.00,0,0,0
1/3/18-16:26:34,126,67,134,70,5,1,31.00,28.00,0,0,0
1/3/18-16:27:35,125,67,160,71,5,3,31.00,28.00,0,0,0
1/3/18-16:28:36,125,66,173,74,4,1,31.00,28.00,0,0,0
1/3/18-16:29:37,123,63,175,65,5,4,31.00,28.00,1,1,1
1/3/18-16:30:38,126,66,151,71,4,2,30.00,28.00,1,1,1
1/3/18-16:31:39,126,66,178,93,5,3,30.00,29.00,2,2,2
1/3/18-16:32:40,123,67,242,162,5,1,31.00,28.00,1,2,2
1/3/18-16:33:41,125,65,160,51,4,3,31.00,28.00,1,2,2
1/3/18-16:34:42,126,66,152,59,5,3,31.00,28.00,1,2,2
1/3/18-16:35:43,125,66,188,78,4,1,31.00,28.00,1,1,1
1/3/18-16:36:44,125,66,140,62,5,2,31.00,28.00,0,1,1
1/3/18-16:37:45,123,64,154,78,3,2,31.00,28.00,1,2,2
1/3/18-16:38:46,127,67,144,61,5,2,31.00,28.00,1,2,2
1/3/18-16:39:47,125,66,170,69,6,3,31.00,28.00,2,2,2
1/3/18-16:40:48,123,65,167,74,4,3,31.00,28.00,2,2,2
1/3/18-16:41:49,123,65,176,73,5,0,31.00,28.00,2,4,4
1/3/18-16:42:50,122,65,134,54,5,2,31.00,28.00,2,4,4
1/3/18-16:43:51,125,65,165,65,6,1,31.00,28.00,1,2,2
1/3/18-16:44:52,125,65,156,73,7,2,31.00,28.00,1,2,2
1/3/18-16:45:53,122,67,148,71,4,1,31.00,28.00,1,2,5
1/3/18-16:46:54,125,63,132,52,4,2,31.00,28.00,1,2,5
1/3/18-16:47:55,125,67,186,82,4,3,31.00,28.00,0,1,1
1/3/18-16:48:56,126,62,160,72,3,2,31.00,28.00,1,2,2
1/3/18-16:49:57,123,66,159,66,3,0,31.00,28.00,1,2,3
1/3/18-16:50:58,123,66,111,44,4,3,31.00,28.00,1,2,3
1/3/18-16:51:59,123,65,178,76,4,1,31.00,28.00,2,3,3
1/3/18-16:53:0,123,65,179,89,5,2,31.00,28.00,2,3,3
1/3/18-16:54:1,125,67,149,64,3,1,31.00,28.00,2,2,2
1/3/18-16:55:2,122,63,231,129,5,2,31.00,27.00,2,2,2
1/3/18-16:56:3,124,66,186,69,6,3,31.00,28.00,2,3,7
1/3/18-16:57:4,125,66,153,74,5,2,31.00,28.00,2,3,6
1/3/18-16:58:5,124,67,167,67,4,1,31.00,28.00,1,2,2
1/3/18-16:59:6,125,65,135,52,2,0,31.00,28.00,1,2,2
1/3/18-17:0:7,125,66,180,85,4,0,31.00,28.00,0,1,1
1/3/18-17:1:8,122,64,153,77,5,2,31.00,28.00,2,3,3
1/3/18-17:2:9,122,66,178,78,5,1,31.00,28.00,1,1,1
1/3/18-17:3:10,124,64,182,88,5,3,31.00,28.00,1,1,1
1/3/18-17:4:11,124,66,149,75,4,2,31.00,28.00,2,3,4
1/3/18-17:5:12,125,66,144,62,4,2,31.00,28.00,2,3,4
1/3/18-17:6:13,122,66,154,63,4,1,31.00,28.00,1,2,3
1/3/18-17:7:14,120,64,129,58,6,3,31.00,28.00,1,2,3
1/3/18-17:8:15,124,65,153,66,6,2,31.00,28.00,2,2,2
1/3/18-17:9:16,126,65,151,59,5,3,31.00,28.00,2,2,2
1/3/18-17:10:17,124,65,205,96,5,3,31.00,28.00,2,2,2
1/3/18-17:11:18,120,64,143,70,5,2,31.00,28.00,2,2,2
1/3/18-17:12:19,124,65,150,81,6,2,30.00,28.00,2,3,3
1/3/18-17:13:20,122,65,155,68,6,2,32.00,28.00,2,3,3
1/3/18-17:14:21,123,68,131,62,4,1,31.00,28.00,2,2,3
1/3/18-17:15:22,122,63,138,60,5,4,31.00,28.00,2,2,3
1/3/18-17:16:23,124,67,135,74,4,3,31.00,28.00,2,3,3
1/3/18-17:17:24,124,67,149,61,4,1,31.00,28.00,2,3,3
1/3/18-17:18:25,124,65,138,58,5,1,31.00,28.00,0,1,2
1/3/18-17:19:26,121,64,143,70,9,2,31.00,28.00,0,1,2
1/3/18-17:20:27,127,67,190,168,6,1,31.00,28.00,2,3,3
1/3/18-17:21:28,122,66,149,62,5,1,31.00,28.00,2,3,3
1/3/18-17:22:29,123,65,175,75,5,2,31.00,28.00,1,3,4
1/3/18-17:23:30,123,66,144,66,4,1,31.00,28.00,1,3,4
1/3/18-17:24:31,123,64,135,54,6,2,31.00,28.00,1,3,3
1/3/18-17:25:32,123,67,200,96,4,3,31.00,28.00,1,3,3
1/3/18-17:26:33,123,66,137,61,6,1,30.00,29.00,2,3,3
1/3/18-17:27:34,123,66,144,72,4,3,30.00,29.00,2,3,3
1/3/18-17:28:35,124,64,140,61,5,3,30.00,29.00,0,1,1
1/3/18-17:29:36,123,67,203,96,4,1,30.00,29.00,0,1,1
1/3/18-17:30:37,125,67,188,143,4,1,31.00,28.00,1,1,1
1/3/18-17:31:38,123,66,148,75,5,2,31.00,28.00,1,1,1
1/3/18-17:32:39,120,63,157,55,6,4,30.00,29.00,0,1,1
1/3/18-17:33:40,122,67,142,70,4,1,31.00,28.00,0,1,1
1/3/18-17:34:41,120,65,161,61,6,2,31.00,28.00,2,2,2
1/3/18-17:35:42,122,65,151,64,6,3,31.00,28.00,2,2,2
1/3/18-17:36:43,121,63,169,72,6,3,31.00,28.00,2,3,3
1/3/18-17:37:44,122,67,161,69,5,1,30.00,29.00,2,3,3
1/3/18-17:38:45,121,66,163,69,6,2,30.00,29.00,1,1,1
1/3/18-17:39:46,123,65,191,78,6,3,30.00,29.00,0,0,0
1/3/18-17:40:47,121,66,142,52,6,3,30.00,29.00,2,2,2
1/3/18-17:41:48,123,66,154,65,5,2,30.00,29.00,2,2,2
1/3/18-17:42:49,123,67,144,59,4,2,30.00,29.00,1,1,1
1/3/18-17:43:50,122,65,166,68,5,3,31.00,28.00,1,1,1
1/3/18-17:44:51,122,64,166,64,4,3,31.00,28.00,1,2,2
1/3/18-17:45:52,122,66,165,107,6,3,29.00,29.00,2,3,3
1/3/18-17:46:53,122,66,145,58,5,2,31.00,29.00,2,3,4
1/3/18-17:47:54,122,66,153,60,6,3,30.00,29.00,2,3,3
1/3/18-17:48:55,119,63,175,77,4,2,30.00,29.00,2,2,2
1/3/18-17:49:56,122,65,160,64,5,3,30.00,29.00,2,2,2
1/3/18-17:50:57,121,66,167,59,6,3,30.00,29.00,1,1,2
1/3/18-17:51:58,122,67,138,66,4,0,30.00,29.00,1,1,2
1/3/18-17:52:59,119,67,181,109,5,1,30.00,29.00,1,2,2
1/3/18-17:54:0,123,62,140,48,5,3,30.00,29.00,1,2,2
1/3/18-17:55:1,122,66,148,75,5,3,30.00,29.00,2,2,3
1/3/18-17:56:2,121,66,163,85,6,2,30.00,29.00,1,2,3
1/3/18-17:57:3,120,68,143,64,4,1,30.00,29.00,2,3,3
1/3/18-17:58:4,120,64,174,59,5,3,30.00,29.00,2,3,3
1/3/18-17:59:5,123,67,170,64,4,0,30.00,29.00,2,3,3
1/3/18-18:0:6,120,66,178,72,6,2,30.00,29.00,3,3,3
1/3/18-18:1:7,121,68,158,67,4,3,30.00,29.00,3,3,3
1/3/18-18:2:8,119,63,135,52,5,3,30.00,30.00,3,3,3
1/3/18-18:3:9,121,66,197,96,5,3,30.00,29.00,2,4,5
1/3/18-18:4:10,121,66,175,72,6,2,30.00,30.00,2,4,4
1/3/18-18:5:11,120,66,212,88,6,2,30.00,29.00,2,2,2
1/3/18-18:6:12,118,64,172,104,4,2,30.00,30.00,2,2,2
1/3/18-18:7:13,122,66,184,90,5,3,30.00,29.00,1,2,2
1/3/18-18:8:14,121,66,189,83,6,3,30.00,30.00,1,2,2
1/3/18-18:9:15,121,67,187,91,4,1,30.00,29.00,1,2,2
1/3/18-18:10:16,117,65,149,75,6,2,30.00,29.00,1,2,2
1/3/18-18:11:17,119,67,149,63,4,1,29.00,29.00,2,2,2
1/3/18-18:12:18,120,66,177,63,4,1,30.00,29.00,2,2,2
1/3/18-18:13:19,121,66,171,62,5,3,30.00,29.00,2,3,3
1/3/18-18:14:20,118,64,166,67,7,3,30.00,29.00,2,3,3
1/3/18-18:15:21,121,66,179,81,4,1,30.00,29.00,2,3,3
1/3/18-18:16:22,122,65,147,69,4,2,30.00,29.00,2,3,3
1/3/18-18:17:23,119,66,151,59,4,1,30.00,29.00,2,2,2
1/3/18-18:18:24,119,64,158,72,5,3,30.00,29.00,2,2,2
1/3/18-18:19:25,121,62,148,79,4,3,30.00,29.00,2,3,4
1/3/18-18:20:26,120,66,145,74,6,1,29.00,29.00,2,3,4
1/3/18-18:21:27,122,66,152,82,4,3,30.00,29.00,2,3,3
1/3/18-18:22:28,121,66,166,59,6,2,30.00,29.00,2,3,3
1/3/18-18:23:29,120,65,143,55,3,0,30.00,29.00,0,1,1
1/3/18-18:24:30,120,65,166,79,5,2,30.00,29.00,0,1,1
1/3/18-18:25:31,120,66,156,63,4,1,30.00,29.00,1,1,1
1/3/18-18:26:32,122,66,134,59,5,2,30.00,29.00,1,2,2
1/3/18-18:27:33,120,64,142,58,5,2,30.00,29.00,2,3,5
1/3/18-18:28:34,120,64,138,61,5,2,30.00,29.00,2,3,5
1/3/18-18:29:35,123,66,159,67,4,2,30.00,29.00,1,2,4
1/3/18-18:30:36,119,67,175,85,5,2,30.00,29.00,1,2,4
1/3/18-18:31:37,121,64,149,58,4,2,30.00,29.00,1,1,1
1/3/18-18:32:38,122,65,159,70,6,3,30.00,29.00,1,1,1
1/3/18-18:33:39,120,69,184,85,5,2,30.00,29.00,2,2,3
1/3/18-18:34:40,123,67,167,65,3,0,30.00,29.00,2,2,3
1/3/18-18:35:41,121,65,139,49,5,2,30.00,29.00,0,1,1
1/3/18-18:36:42,120,66,187,73,6,2,28.00,29.00,0,1,1
1/3/18-18:37:43,123,66,151,67,6,3,30.00,30.00,1,2,2
1/3/18-18:38:44,121,67,176,69,4,1,30.00,29.00,1,2,2
1/3/18-18:39:45,117,63,167,66,6,5,30.00,29.00,2,2,2
1/3/18-18:40:46,122,66,161,62,7,2,30.00,29.00,2,2,2
1/3/18-18:41:47,120,65,182,83,5,3,30.00,29.00,2,3,3
1/3/18-18:42:48,122,67,151,76,4,2,29.00,29.00,1,3,3
1/3/18-18:43:49,119,65,157,68,5,3,29.00,29.00,2,3,3
1/3/18-18:44:50,121,67,178,70,5,3,30.00,29.00,2,3,3
1/3/18-18:45:51,121,65,151,62,5,3,30.00,29.00,2,2,4
1/3/18-18:46:52,120,65,146,63,5,3,30.00,29.00,1,2,4
1/3/18-18:47:53,120,66,163,89,5,3,30.00,29.00,1,2,2
1/3/18-18:48:54,122,65,143,52,3,0,30.00,29.00,1,2,2
1/3/18-18:49:55,120,65,182,69,6,3,30.00,29.00,2,2,2
1/3/18-18:50:56,119,64,156,87,5,3,30.00,29.00,0,1,1
1/3/18-18:51:57,120,66,145,65,4,1,30.00,29.00,2,2,2
1/3/18-18:52:58,118,61,149,62,7,2,30.00,29.00,2,3,3
1/3/18-18:53:59,122,66,179,86,5,2,30.00,29.00,2,2,3
1/3/18-18:55:0,119,65,142,66,5,3,30.00,29.00,2,2,2
1/3/18-18:56:1,120,67,170,87,4,2,30.00,29.00,2,3,3
1/3/18-18:57:2,119,65,132,56,4,2,30.00,29.00,2,3,3
1/3/18-18:58:3,121,66,167,74,6,1,30.00,29.00,2,4,4
1/3/18-18:59:4,121,69,190,80,4,1,30.00,29.00,2,4,4
1/3/18-19:0:5,122,66,177,125,5,3,30.00,29.00,2,3,3
1/3/18-19:1:6,118,62,168,56,4,4,30.00,29.00,2,3,3
1/3/18-19:2:7,121,65,164,76,5,3,29.00,29.00,1,2,3
1/3/18-19:3:8,120,65,148,68,5,3,30.00,29.00,1,2,3
1/3/18-19:4:9,120,64,146,77,6,3,30.00,29.00,2,2,4
1/3/18-19:5:10,119,62,133,56,6,4,30.00,29.00,2,2,4
1/3/18-19:6:11,122,66,146,68,4,1,30.00,28.00,1,1,4
1/3/18-19:7:12,121,65,149,63,5,2,31.00,29.00,1,1,4
1/3/18-19:8:13,120,65,157,68,6,2,31.00,28.00,1,1,1
1/3/18-19:9:14,119,63,137,63,5,2,30.00,29.00,1,1,1
1/3/18-19:10:15,121,65,172,71,5,2,31.00,28.00,2,3,3
1/3/18-19:11:16,121,65,151,61,5,2,31.00,28.00,2,3,3
1/3/18-19:12:17,120,65,174,68,6,3,30.00,29.00,2,3,3
1/3/18-19:13:18,120,65,144,61,6,3,127.00,29.00,2,3,3
1/3/18-19:14:19,122,69,151,83,4,3,31.00,28.00,1,3,3
1/3/18-19:15:20,122,66,171,68,5,1,31.00,28.00,1,3,3
1/3/18-19:16:21,121,65,146,71,4,2,31.00,28.00,2,2,2
1/3/18-19:17:22,121,65,161,77,4,2,31.00,28.00,2,2,2
1/3/18-19:18:23,122,62,141,51,5,2,31.00,28.00,2,3,4
1/3/18-19:19:24,122,64,144,60,5,2,31.00,28.00,2,3,4
1/3/18-19:20:25,123,65,152,64,5,3,31.00,27.00,2,5,5
1/3/18-19:21:26,121,66,183,102,4,1,31.00,28.00,2,5,5
1/3/18-19:22:27,120,62,146,59,4,2,31.00,27.00,3,3,5
1/3/18-19:23:28,124,67,180,84,4,2,31.00,28.00,3,3,5
1/3/18-19:24:29,123,66,155,75,5,0,31.00,28.00,3,5,5
1/3/18-19:25:30,123,65,154,77,3,0,31.00,28.00,3,5,5
1/3/18-19:26:31,124,63,135,63,5,4,31.00,27.00,2,3,3
1/3/18-19:27:32,125,67,153,61,4,1,31.00,28.00,2,3,3
1/3/18-19:28:33,123,65,141,63,5,2,31.00,28.00,2,3,3
1/3/18-19:29:34,122,64,160,73,5,3,31.00,28.00,2,4,4
1/3/18-19:30:35,123,63,142,50,7,3,31.00,28.00,2,3,3
1/3/18-19:31:36,125,65,145,64,5,3,31.00,27.00,2,3,3
1/3/18-19:32:37,125,65,151,62,9,2,32.00,26.00,2,4,6
1/3/18-19:33:38,122,65,159,67,7,2,31.00,27.00,2,4,6
1/3/18-19:34:39,123,63,142,53,4,2,31.00,28.00,2,3,3
1/3/18-19:35:40,124,64,149,63,6,3,31.00,27.00,3,4,4
1/3/18-19:36:41,126,64,166,68,5,2,31.00,28.00,2,2,4
1/3/18-19:37:42,123,67,175,90,5,2,31.00,27.00,2,3,5
1/3/18-19:38:43,122,64,181,68,5,2,31.00,27.00,2,3,3
1/3/18-19:39:44,124,65,172,95,7,3,31.00,27.00,2,3,3
1_3_18.txt
1/3/18-20:4:17,570,85,226,84,26,2,32.00,25.00,2,6,6
1_3_18.txt
1/3/18-20:26:25,559,64,186,55,42,2,33.00,24.00,2,2,2
1/3/18-20:27:26,136,67,186,56,37,3,33.00,24.00,6,7,8
1/3/18-20:28:27,135,67,183,55,33,3,33.00,23.00,5,6,7
1/3/18-20:29:28,135,68,186,62,34,3,33.00,23.00,4,6,6
1/3/18-20:30:29,134,67,170,51,29,4,33.00,23.00,4,6,6
1/3/18-20:31:30,135,67,184,65,35,5,33.00,23.00,6,8,8
1/3/18-20:32:31,133,69,183,62,34,2,33.00,24.00,6,8,8
1/3/18-20:33:32,132,69,180,61,38,2,33.00,23.00,5,7,9
1/3/18-20:34:33,131,67,172,53,33,3,33.00,23.00,5,7,9
1/3/18-20:35:34,131,69,180,63,37,2,32.00,23.00,6,9,10
1/3/18-20:36:35,133,69,185,62,36,3,33.00,24.00,6,9,10
1/3/18-20:37:36,134,67,184,65,37,2,33.00,24.00,6,8,8
1/3/18-20:38:37,129,68,168,53,36,2,33.00,23.00,6,8,8
1/3/18-20:39:38,132,71,176,64,39,2,0.00,0.00,7,8,9
1/3/18-20:40:39,130,68,181,67,40,1,33.00,23.00,7,8,9
1/3/18-20:41:40,131,69,177,62,41,2,33.00,23.00,5,8,8
1/3/18-20:42:41,131,67,163,56,37,2,33.00,23.00,5,8,8
1/3/18-20:43:42,132,69,180,63,44,1,33.00,23.00,7,9,10
1/3/18-20:44:43,129,67,179,63,47,3,33.00,23.00,6,9,10
1/3/18-20:45:44,129,68,172,63,47,4,33.00,23.00,8,10,10
1/3/18-20:46:45,130,67,166,50,42,2,33.00,23.00,8,10,10
1/3/18-20:47:46,130,69,174,65,50,2,33.00,23.00,7,9,12
1/3/18-20:48:47,132,75,174,65,50,3,33.00,23.00,7,9,12
1/3/18-20:49:48,130,69,174,67,51,3,33.00,23.00,8,12,14
1/3/18-20:50:49,131,66,163,53,48,2,33.00,23.00,7,11,13
1/3/18-20:51:50,130,68,178,66,54,2,33.00,23.00,8,11,11
1/3/18-20:52:51,130,67,176,68,53,1,33.00,23.00,8,11,12
1/3/18-20:53:52,130,68,183,81,55,1,33.00,23.00,11,15,18
1/3/18-20:54:53,131,67,173,61,49,3,33.00,23.00,11,15,18
1/3/18-20:55:54,132,69,186,76,55,3,33.00,23.00,12,18,18
1/3/18-20:56:55,131,68,183,73,56,2,33.00,23.00,12,17,19
1/3/18-20:57:56,130,67,171,58,50,2,33.00,23.00,12,18,19
1/3/18-20:58:57,129,68,174,68,56,1,33.00,23.00,12,18,19
1/3/18-20:59:58,131,70,179,71,56,1,33.00,23.00,12,17,19
1/3/18-21:0:59,130,65,169,63,51,3,33.00,23.00,12,17,19
1/3/18-21:2:0,133,70,181,70,58,3,33.00,23.00,14,19,19
1/3/18-21:3:1,131,68,183,73,56,1,33.00,23.00,14,19,19
1/3/18-21:4:2,129,67,178,77,51,2,33.00,23.00,21,26,28
1/3/18-21:5:3,133,69,181,71,60,3,33.00,23.00,21,26,28
1/3/18-21:6:4,129,70,181,72,57,2,34.00,23.00,16,27,30
1/3/18-21:7:5,132,68,182,71,61,4,33.00,23.00,15,26,30
1/3/18-21:8:6,133,69,188,82,63,3,33.00,23.00,15,24,26
1/3/18-21:9:7,132,67,174,62,56,2,33.00,23.00,15,24,26
1/3/18-21:10:8,132,69,182,78,64,3,33.00,23.00,17,24,24
1/3/18-21:11:9,131,65,179,62,56,2,33.00,23.00,17,24,24
1/3/18-21:12:10,131,69,187,75,65,0,33.00,23.00,15,20,25
1/3/18-21:13:11,132,70,186,78,64,2,33.00,23.00,16,22,27
1/3/18-21:14:12,129,66,180,63,59,2,33.00,23.00,14,19,19
1/3/18-21:15:13,131,67,188,77,66,4,33.00,23.00,14,19,19
1/3/18-21:16:14,131,69,185,78,65,2,33.00,23.00,13,19,23
1/3/18-21:17:15,130,69,182,81,65,3,33.00,23.00,13,19,23
1/3/18-21:18:16,133,70,183,78,66,2,33.00,23.00,13,20,22
1/3/18-21:19:17,132,68,180,77,67,2,34.00,22.00,13,21,23
1/3/18-21:20:18,133,69,180,78,65,2,34.00,22.00,14,20,23
1/3/18-21:21:19,130,65,185,79,65,1,33.00,23.00,14,20,23
1/3/18-21:22:20,132,66,174,78,63,3,34.00,22.00,15,21,22
1/3/18-21:23:21,132,67,174,72,65,2,33.00,23.00,15,21,22
1/3/18-21:24:22,133,67,180,74,67,3,34.00,22.00,15,21,22
1/3/18-21:25:23,133,68,182,76,67,3,34.00,22.00,15,20,22
1/3/18-21:26:24,128,66,164,64,55,2,34.00,22.00,14,19,21
1/3/18-21:27:25,132,68,179,75,70,2,34.00,22.00,16,21,25
1/3/18-21:28:26,130,66,179,73,68,2,35.00,22.00,16,21,25
1/3/18-21:29:27,131,67,169,66,61,2,34.00,22.00,16,21,25
1/3/18-21:30:28,131,67,176,74,66,1,34.00,22.00,16,21,25
1/3/18-21:31:29,131,67,178,77,67,2,36.00,22.00,16,22,24
1/3/18-21:32:30,131,68,178,75,68,3,34.00,22.00,16,21,23
1/3/18-21:33:31,134,68,181,74,70,2,34.00,22.00,17,23,26
1/3/18-21:34:32,133,70,179,73,66,1,34.00,22.00,17,23,26
1/3/18-21:35:33,130,67,176,76,69,2,34.00,22.00,16,21,27
1/3/18-21:36:33,132,68,165,63,59,2,34.00,22.00,16,21,27
1/3/18-21:37:34,132,68,176,79,68,3,34.00,22.00,18,26,28
1/3/18-21:38:35,131,66,168,65,59,3,34.00,22.00,18,26,28
1/3/18-21:39:36,132,67,181,73,67,1,34.00,22.00,17,23,23
1/3/18-21:40:37,133,69,176,74,67,1,34.00,22.00,16,23,23
1/3/18-21:41:38,132,68,190,84,68,1,34.00,22.00,15,20,21
1/3/18-21:42:39,133,67,167,61,58,3,34.00,22.00,15,20,21
1/3/18-21:43:40,132,68,183,77,71,3,34.00,22.00,19,27,31
1/3/18-21:44:41,131,67,176,75,68,3,34.00,22.00,19,28,32
1/3/18-21:45:42,134,69,179,76,71,3,34.00,22.00,22,31,37
1/3/18-21:46:43,132,68,176,79,67,3,34.00,21.00,21,31,39
1/3/18-21:47:44,133,66,163,60,59,3,34.00,22.00,22,32,34
1/3/18-21:48:45,135,69,180,76,68,1,34.00,22.00,22,32,34
1/3/18-21:49:46,133,69,178,78,69,0,34.00,21.00,21,28,30
1/3/18-21:50:47,133,68,179,82,70,1,34.00,22.00,21,28,30
1/3/18-21:51:48,134,67,177,76,71,1,34.00,22.00,21,33,40
1/3/18-21:52:49,130,67,165,65,63,2,34.00,22.00,21,33,40
1/3/18-21:53:50,132,66,167,71,61,2,34.00,22.00,22,35,41
1/3/18-21:54:51,133,66,178,76,71,3,34.00,22.00,22,35,42
1/3/18-21:55:52,132,71,180,76,72,2,34.00,22.00,23,34,43
1/3/18-21:56:53,132,68,180,79,73,2,34.00,22.00,23,34,43
1/3/18-21:57:54,134,67,180,75,73,3,34.00,22.00,26,39,48
1/3/18-21:58:55,133,67,176,77,73,3,34.00,22.00,26,39,48
1/3/18-21:59:56,133,66,177,77,74,3,34.00,22.00,25,38,46
1/3/18-22:0:57,131,71,165,65,65,3,34.00,22.00,25,38,48
1/3/18-22:1:58,134,68,174,82,76,1,34.00,22.00,24,39,48
1/3/18-22:2:59,130,68,175,81,76,3,0.00,0.00,24,39,48
1/3/18-22:4:0,133,69,178,76,79,2,34.00,21.00,25,39,49
1/3/18-22:5:1,131,66,164,65,66,4,35.00,21.00,26,39,49
1/3/18-22:6:2,133,67,178,79,76,3,34.00,22.00,25,35,40
1/3/18-22:7:3,133,67,178,81,78,3,34.00,21.00,25,35,40
1/3/18-22:8:4,134,70,181,76,76,1,34.00,22.00,27,39,47
1/3/18-22:9:5,132,67,167,64,67,3,34.00,21.00,27,39,47
1/3/18-22:10:6,132,65,170,69,66,3,34.00,22.00,25,38,45
1/3/18-22:11:7,133,64,166,61,66,3,34.00,22.00,24,38,44
1/3/18-22:12:8,134,66,176,73,75,3,34.00,21.00,24,36,42
1/3/18-22:13:9,132,69,179,75,76,1,34.00,21.00,24,36,41
1/3/18-22:14:10,132,65,169,66,67,2,34.00,21.00,26,37,47
1/3/18-22:15:11,134,68,179,77,76,2,34.00,21.00,26,37,46
1/3/18-22:16:12,135,69,173,71,75,3,34.00,22.00,24,35,42
1/3/18-22:17:13,133,70,178,74,74,1,34.00,22.00,24,35,42
1/3/18-22:18:14,134,65,164,71,69,3,34.00,22.00,23,37,44
1/3/18-22:19:15,132,67,173,75,75,3,34.00,21.00,23,37,44
1/3/18-22:20:16,135,68,160,61,64,4,34.00,22.00,22,32,37
1/3/18-22:21:17,136,68,173,71,72,3,34.00,22.00,22,32,37
1/3/18-22:22:18,131,66,167,72,70,2,34.00,22.00,23,35,41
1/3/18-22:23:19,134,69,170,71,71,2,34.00,21.00,23,35,41
1/3/18-22:24:20,133,66,176,75,72,1,34.00,21.00,22,32,36
1/3/18-22:25:21,134,67,170,76,73,3,34.00,21.00,22,32,38
1/3/18-22:26:22,134,68,171,72,70,2,34.00,21.00,22,33,38
1/3/18-22:27:23,132,64,162,68,64,4,34.00,21.00,22,33,38
1/3/18-22:28:24,135,66,176,79,72,3,34.00,21.00,23,34,38
1/3/18-22:29:25,134,68,161,62,63,5,34.00,21.00,23,34,38
1/3/18-22:30:26,135,66,160,60,64,0,34.00,21.00,23,33,38
1/3/18-22:31:27,133,67,169,67,72,1,34.00,21.00,23,33,38
1/3/18-22:32:28,134,70,169,72,70,3,34.00,21.00,24,35,43
1/3/18-22:33:29,134,65,168,70,71,3,34.00,21.00,24,35,43
1/3/18-22:34:30,135,68,171,71,73,3,34.00,21.00,25,38,45
1/3/18-22:35:31,133,67,164,68,73,2,34.00,21.00,24,38,45
1/3/18-22:36:32,132,69,160,62,64,4,34.00,21.00,25,38,44
1/3/18-22:37:33,134,65,158,59,66,2,34.00,21.00,25,38,44
1/3/18-22:38:34,133,68,168,76,75,3,34.00,21.00,26,40,49
1/3/18-22:39:35,134,64,159,60,65,2,34.00,21.00,26,40,50
1/3/18-22:40:36,134,69,173,73,74,2,34.00,21.00,23,37,44
1/3/18-22:41:37,135,65,162,68,64,2,34.00,21.00,23,37,44
1/3/18-22:42:38,135,68,172,75,74,2,34.00,21.00,27,41,50
1/3/18-22:43:39,133,66,160,62,65,3,34.00,21.00,27,41,50
1/3/18-22:44:40,135,67,175,74,74,1,34.00,21.00,28,43,50
1/3/18-22:45:41,134,69,161,63,66,3,34.00,21.00,28,43,50
1/3/18-22:46:42,134,69,171,73,73,2,35.00,20.00,26,38,45
1/3/18-22:47:43,134,66,175,76,72,1,34.00,21.00,26,38,45
1/3/18-22:48:44,133,65,162,61,64,2,34.00,21.00,26,39,47
1/3/18-22:49:45,136,67,168,71,73,3,35.00,20.00,25,39,48
1/3/18-22:50:46,133,69,169,71,77,4,34.00,21.00,27,39,48
1/3/18-22:51:47,135,67,166,68,74,2,34.00,21.00,26,39,48
1/3/18-22:52:48,135,68,166,73,76,0,34.00,21.00,26,38,47
1/3/18-22:53:49,135,68,166,66,73,2,34.00,21.00,24,38,46
1/3/18-22:54:50,134,68,169,73,73,1,35.00,20.00,24,37,45
1/3/18-22:55:51,138,69,170,71,74,3,34.00,21.00,23,35,39
1/3/18-22:56:52,135,66,156,56,64,2,34.00,21.00,23,35,39
1/3/18-22:57:53,137,69,169,67,73,3,35.00,20.00,24,33,37
1/3/18-22:58:54,135,66,159,64,62,1,34.00,21.00,24,33,37
1/3/18-22:59:55,137,67,160,54,62,1,35.00,20.00,24,35,39
1/3/18-23:0:56,135,68,163,66,71,3,34.00,21.00,24,35,39
1/3/18-23:1:57,135,68,165,66,70,3,35.00,20.00,23,33,40
1/3/18-23:2:58,133,66,155,59,63,3,35.00,20.00,23,33,40
1/3/18-23:3:59,132,66,148,56,61,2,35.00,20.00,20,32,35
1/3/18-23:5:0,134,74,165,67,73,3,34.00,21.00,20,32,35
1/3/18-23:6:1,134,66,151,54,60,3,34.00,21.00,21,30,36
1/3/18-23:7:2,135,67,163,67,69,2,35.00,20.00,21,30,36
1/3/18-23:8:3,136,65,152,57,61,4,34.00,21.00,21,30,37
1/3/18-23:9:4,134,67,161,68,69,2,35.00,20.00,21,30,37
1/3/18-23:10:5,135,68,166,71,66,2,35.00,20.00,21,31,37
1/3/18-23:11:6,136,68,164,67,68,3,35.00,20.00,21,31,37
1/3/18-23:12:7,138,69,169,68,67,3,34.00,21.00,20,29,31
1/3/18-23:13:8,136,68,161,69,68,3,34.00,21.00,19,28,30
1/3/18-23:14:9,136,65,152,57,59,2,35.00,21.00,15,25,27
1/3/18-23:15:10,135,67,164,72,66,3,34.00,21.00,15,25,27
1/3/18-23:16:11,138,68,160,67,65,0,35.00,21.00,16,27,27
1/3/18-23:17:12,136,68,170,73,65,1,34.00,21.00,16,27,27
1/3/18-23:18:13,136,69,165,71,66,1,35.00,20.00,18,29,32
1/3/18-23:19:14,139,70,165,65,66,3,35.00,21.00,18,30,32
1/3/18-23:20:15,136,68,169,68,66,2,35.00,20.00,18,25,26
1/3/18-23:21:16,137,67,154,56,59,4,35.00,20.00,18,25,26
1/3/18-23:22:17,136,67,165,70,66,2,35.00,20.00,19,27,29
1/3/18-23:23:18,136,68,162,68,65,1,35.00,20.00,19,27,29
1/3/18-23:24:19,136,69,169,71,65,1,34.00,21.00,19,28,29
1/3/18-23:25:20,136,63,160,70,65,3,34.00,21.00,19,28,29
1/3/18-23:26:21,137,67,166,66,69,2,35.00,20.00,22,30,37
1/3/18-23:27:22,137,68,166,69,69,2,35.00,20.00,22,30,37
1/3/18-23:28:23,138,68,166,66,68,0,35.00,20.00,25,38,46
1/3/18-23:29:24,137,65,158,56,61,3,35.00,20.00,25,37,46
1/3/18-23:30:25,135,64,162,70,71,3,35.00,20.00,27,41,48
1/3/18-23:31:26,135,66,158,71,69,3,35.00,20.00,27,41,48
1/3/18-23:32:27,137,68,165,69,73,0,35.00,20.00,28,42,52
1/3/18-23:33:28,136,67,166,71,72,1,35.00,20.00,28,42,52
1/3/18-23:34:29,136,65,163,66,72,2,34.00,21.00,23,35,43
1/3/18-23:35:30,136,67,154,59,62,4,35.00,20.00,23,35,43
1/3/18-23:36:31,136,67,166,74,73,3,35.00,20.00,22,34,40
1/3/18-23:37:32,137,69,163,65,73,3,35.00,20.00,22,35,41
1/3/18-23:38:33,136,66,161,67,70,1,35.00,20.00,23,35,38
1/3/18-23:39:34,138,68,162,66,70,0,35.00,20.00,23,35,38
1/3/18-23:40:35,135,66,156,62,63,2,35.00,20.00,19,32,35
1/3/18-23:41:36,135,65,151,57,63,3,35.00,19.00,20,34,37
1/3/18-23:42:37,136,66,164,67,72,3,33.00,20.00,22,31,35
1/3/18-23:43:38,135,64,156,54,62,2,35.00,20.00,21,30,34
1/3/18-23:44:39,136,70,166,74,70,0,35.00,20.00,20,30,33
1/3/18-23:45:40,137,69,168,66,70,2,35.00,20.00,20,30,34
1/3/18-23:46:41,135,65,153,58,63,3,35.00,20.00,22,32,36
1/3/18-23:47:42,137,68,169,71,70,1,34.00,20.00,22,32,36
1/3/18-23:48:43,136,68,163,68,72,1,35.00,20.00,20,30,33
1/3/18-23:49:44,138,68,163,72,69,2,35.00,20.00,20,30,33
1/3/18-23:50:45,139,68,160,60,66,2,35.00,20.00,21,33,41
1/3/18-23:51:46,137,67,159,61,61,0,35.00,20.00,21,33,41
1/3/18-23:52:47,135,65,155,59,62,2,35.00,20.00,21,34,41
1/3/18-23:53:48,136,68,164,71,70,2,35.00,20.00,21,33,41
1/3/18-23:54:49,138,68,157,54,61,4,35.00,20.00,20,29,30
1/3/18-23:55:50,137,68,169,65,66,2,35.00,20.00,20,29,30
1/3/18-23:56:51,136,67,162,71,65,2,35.00,20.00,20,33,35
1/3/18-23:57:52,138,67,168,67,65,3,35.00,20.00,20,33,35
1/3/18-23:58:53,136,66,156,61,57,5,35.00,20.00,19,31,33
1/3/18-23:59:54,139,69,166,68,63,1,35.00,20.00,19,31,33
