Hora,O3,NO2,CO,Humedad,Temperatura,P25,P10
3/3/18-0:0:23,136,74,166,90,69,1,34.00,21.00,26,40,49
3/3/18-0:1:24,136,70,156,71,61,2,34.00,22.00,26,40,49
3/3/18-0:2:25,134,68,155,70,63,2,34.00,21.00,26,40,50
3/3/18-0:3:26,137,68,158,67,63,3,34.00,21.00,26,40,50
3/3/18-0:4:27,136,72,165,83,69,1,34.00,22.00,25,37,45
3/3/18-0:5:28,134,63,158,67,60,3,34.00,21.00,25,37,45
3/3/18-0:6:29,138,70,155,63,60,2,34.00,21.00,26,38,47
3/3/18-0:7:30,137,69,154,73,60,3,34.00,21.00,26,38,47
3/3/18-0:8:31,134,69,154,70,59,2,35.00,20.00,23,39,48
3/3/18-0:9:32,138,71,164,78,67,3,34.00,21.00,23,39,48
3/3/18-0:10:33,136,69,158,69,60,4,35.00,20.00,24,36,44
3/3/18-0:11:34,137,70,165,78,66,2,34.00,21.00,24,36,44
3/3/18-0:12:35,134,70,158,80,64,2,34.00,21.00,26,41,53
3/3/18-0:13:36,136,71,174,88,67,3,35.00,20.00,25,41,52
3/3/18-0:14:37,136,70,156,71,61,3,34.00,21.00,25,38,50
3/3/18-0:15:38,134,69,163,85,69,2,34.00,21.00,26,39,50
3/3/18-0:16:39,136,73,168,84,69,3,35.00,21.00,27,40,53
3/3/18-0:17:40,137,68,157,74,63,3,35.00,20.00,27,40,53
3/3/18-0:18:41,137,76,172,86,69,3,34.00,21.00,27,40,50
3/3/18-0:19:42,135,68,158,74,62,4,35.00,20.00,27,40,50
3/3/18-0:20:43,139,72,167,80,67,1,34.00,21.00,24,37,46
3/3/18-0:21:44,135,71,163,84,70,2,35.00,20.00,25,38,47
3/3/18-0:22:45,139,72,164,78,69,1,35.00,20.00,26,40,48
3/3/18-0:23:46,137,71,162,76,69,3,35.00,20.00,26,39,49
3/3/18-0:24:47,137,70,165,79,67,1,35.00,20.00,24,36,43
3/3/18-0:25:48,134,68,155,73,61,2,34.00,21.00,24,37,45
3/3/18-0:26:49,138,71,168,81,68,3,34.00,21.00,23,35,44
3/3/18-0:27:50,139,71,175,92,69,2,34.00,21.00,24,36,45
3/3/18-0:28:51,136,70,155,67,63,4,35.00,20.00,25,38,47
3/3/18-0:29:52,138,71,164,84,70,2,34.00,20.00,25,38,47
3/3/18-0:30:53,137,71,165,81,70,2,35.00,21.00,25,38,45
3/3/18-0:31:54,135,72,164,83,69,2,34.00,21.00,24,37,44
3/3/18-0:32:55,135,72,166,79,69,2,35.00,20.00,27,38,49
3/3/18-0:33:56,136,68,155,68,63,5,35.00,20.00,26,39,51
3/3/18-0:34:57,137,68,154,73,63,4,34.00,21.00,26,40,52
3/3/18-0:35:58,139,70,164,80,70,3,34.00,21.00,26,39,50
3/3/18-0:36:59,136,69,155,66,61,4,35.00,20.00,25,39,47
3/3/18-0:38:0,139,70,168,81,69,3,34.00,20.00,25,39,47
3/3/18-0:39:1,138,72,169,84,71,3,35.00,20.00,25,38,46
3/3/18-0:40:2,137,74,171,93,69,3,34.00,21.00,25,38,46
3/3/18-0:41:3,137,69,157,75,62,4,35.00,20.00,27,42,51
3/3/18-0:42:4,135,69,163,78,67,2,35.00,20.00,27,41,50
3/3/18-0:43:5,135,68,160,74,60,2,34.00,21.00,25,38,44
3/3/18-0:44:6,137,71,167,82,69,1,35.00,20.00,25,38,44
3/3/18-0:45:7,137,71,167,87,68,2,35.00,20.00,26,41,54
3/3/18-0:46:8,137,70,166,80,70,1,35.00,20.00,26,40,50
3/3/18-0:47:9,136,70,165,85,70,2,35.00,20.00,26,40,49
3/3/18-0:48:10,136,70,164,89,70,1,35.00,20.00,27,41,50
3/3/18-0:49:11,136,69,154,77,62,4,35.00,20.00,26,41,48
3/3/18-0:50:12,136,66,157,75,62,3,35.00,20.00,27,43,51
3/3/18-0:51:13,135,69,159,71,61,2,35.00,20.00,27,38,46
3/3/18-0:52:14,138,71,165,85,69,2,35.00,20.00,27,38,46
3/3/18-0:53:15,137,69,156,74,62,2,35.00,20.00,26,42,52
3/3/18-0:54:16,137,71,167,84,69,2,35.00,20.00,26,42,52
3/3/18-0:55:17,137,68,162,74,66,3,35.00,20.00,27,41,49
3/3/18-0:56:18,136,68,158,76,63,4,35.00,20.00,27,41,49
3/3/18-0:57:19,138,71,168,86,70,3,35.00,20.00,26,37,43
3/3/18-0:58:20,138,69,166,79,63,3,35.00,20.00,26,37,43
3/3/18-0:59:21,137,70,168,81,61,0,35.00,20.00,27,43,55
3/3/18-1:0:22,136,70,165,78,62,0,34.00,21.00,27,43,55
3/3/18-1:1:23,137,72,172,85,73,3,34.00,21.00,28,43,52
3/3/18-1:2:24,137,72,173,89,72,0,34.00,21.00,28,43,51
3/3/18-1:3:25,138,71,172,92,71,5,34.00,21.00,29,44,56
3/3/18-1:4:26,135,69,164,81,65,2,34.00,21.00,29,44,55
3/3/18-1:5:27,137,69,164,75,66,2,35.00,20.00,30,47,57
3/3/18-1:6:28,137,70,175,88,73,2,34.00,21.00,30,47,57
3/3/18-1:7:29,135,68,164,78,67,2,34.00,21.00,29,46,58
3/3/18-1:8:30,136,71,174,85,75,2,34.00,21.00,29,46,58
3/3/18-1:9:31,135,69,164,80,65,3,34.00,21.00,29,45,56
3/3/18-1:10:32,135,72,171,88,74,0,34.00,20.00,29,45,56
3/3/18-1:11:33,139,73,173,85,72,3,35.00,20.00,30,46,60
3/3/18-1:12:34,136,73,172,89,71,1,34.00,21.00,30,46,60
3/3/18-1:13:35,135,69,162,81,66,1,35.00,20.00,30,48,60
3/3/18-1:14:36,137,71,172,87,73,1,33.00,21.00,30,48,60
3/3/18-1:15:37,138,71,165,82,67,3,36.00,20.00,30,47,61
3/3/18-1:16:38,137,69,163,80,64,3,35.00,20.00,30,47,61
3/3/18-1:17:39,139,71,172,88,74,2,35.00,20.00,30,46,57
3/3/18-1:18:40,139,74,173,87,71,0,35.00,20.00,30,46,57
3/3/18-1:19:41,138,71,163,73,65,1,34.00,21.00,29,43,52
3/3/18-1:20:42,138,71,166,77,64,1,36.00,20.00,29,43,52
3/3/18-1:21:43,137,69,162,81,65,3,35.00,20.00,31,46,58
3/3/18-1:22:44,136,69,166,82,67,2,35.00,20.00,31,46,58
3/3/18-1:23:45,138,74,186,94,73,2,35.00,20.00,31,46,57
3/3/18-1:24:46,138,75,173,91,76,2,35.00,20.00,31,47,58
3/3/18-1:25:47,136,72,164,79,67,3,36.00,20.00,30,47,56
3/3/18-1:26:48,135,70,165,82,66,3,35.00,20.00,30,47,56
3/3/18-1:27:49,139,73,177,93,76,2,34.00,21.00,33,49,61
3/3/18-1:28:50,136,72,175,95,77,1,34.00,21.00,33,49,61
3/3/18-1:29:51,139,73,173,94,74,2,35.00,20.00,32,48,61
3/3/18-1:30:52,139,72,167,74,68,4,34.00,21.00,32,48,61
3/3/18-1:31:53,140,71,180,92,78,3,34.00,21.00,31,49,63
3/3/18-1:32:54,138,71,171,85,66,0,35.00,20.00,31,48,62
3/3/18-1:33:55,137,76,165,72,67,3,35.00,20.00,31,46,56
3/3/18-1:34:56,136,73,175,87,74,3,35.00,20.00,31,46,56
3/3/18-1:35:57,137,71,175,92,74,1,35.00,20.00,31,45,55
3/3/18-1:36:58,135,70,167,82,67,2,36.00,20.00,31,45,55
3/3/18-1:37:59,137,71,167,82,66,2,35.00,20.00,31,48,62
3/3/18-1:39:0,138,75,174,88,74,2,35.00,20.00,31,48,61
3/3/18-1:40:1,137,73,165,77,65,3,35.00,20.00,31,46,59
3/3/18-1:41:2,138,71,161,76,66,3,34.00,20.00,31,46,59
3/3/18-1:42:3,137,71,173,90,77,2,35.00,20.00,30,42,52
3/3/18-1:43:4,135,69,164,79,65,2,35.00,20.00,30,42,52
3/3/18-1:44:5,136,71,177,93,74,2,35.00,20.00,30,46,56
3/3/18-1:45:6,139,74,172,84,75,2,36.00,20.00,31,47,57
3/3/18-1:46:7,137,70,164,73,65,3,35.00,20.00,28,44,56
3/3/18-1:47:8,138,73,173,87,72,2,35.00,20.00,28,44,56
3/3/18-1:48:9,138,71,161,73,65,2,35.00,20.00,29,45,55
3/3/18-1:49:10,137,67,162,75,66,2,35.00,20.00,29,45,55
3/3/18-1:50:11,137,70,162,76,67,3,35.00,20.00,30,46,58
3/3/18-1:51:12,139,71,177,92,74,4,34.00,20.00,30,46,58
3/3/18-1:52:13,137,69,163,76,66,4,35.00,20.00,29,45,56
3/3/18-1:53:14,137,77,173,90,75,3,35.00,20.00,29,44,55
3/3/18-1:54:15,136,70,167,87,72,1,35.00,20.00,24,39,46
3/3/18-1:55:16,139,70,169,93,64,2,35.00,20.00,24,39,46
3/3/18-1:56:17,140,75,171,73,69,3,34.00,21.00,27,39,49
3/3/18-1:57:18,136,72,175,92,74,2,35.00,20.00,28,40,50
3/3/18-1:58:19,139,72,174,87,74,3,35.00,20.00,26,38,46
3/3/18-1:59:20,137,70,160,74,64,0,35.00,21.00,26,38,47
3/3/18-2:0:21,138,72,175,92,73,1,34.00,20.00,24,35,46
3/3/18-2:1:22,140,70,160,73,65,3,36.00,20.00,24,35,44
3/3/18-2:2:23,137,71,164,81,65,3,35.00,20.00,25,38,46
3/3/18-2:3:24,141,73,173,84,70,0,35.00,20.00,25,38,46
3/3/18-2:4:25,138,71,164,82,66,4,36.00,20.00,23,36,43
3/3/18-2:5:26,139,73,176,88,74,1,35.00,20.00,23,36,41
3/3/18-2:6:27,140,75,168,85,71,2,35.00,20.00,23,37,45
3/3/18-2:7:28,137,73,172,82,72,1,35.00,20.00,23,37,45
3/3/18-2:8:29,139,71,173,88,70,1,35.00,20.00,22,32,36
3/3/18-2:9:30,139,69,160,73,64,3,35.00,20.00,22,32,36
3/3/18-2:10:31,139,72,172,88,71,2,35.00,20.00,23,36,42
3/3/18-2:11:32,139,72,170,80,71,3,36.00,20.00,24,36,43
3/3/18-2:12:32,137,73,159,73,63,4,35.00,20.00,20,33,43
3/3/18-2:13:33,140,72,173,83,72,2,35.00,20.00,20,33,43
3/3/18-2:14:34,138,70,160,70,60,3,35.00,20.00,19,28,31
3/3/18-2:15:35,139,73,168,78,69,2,35.00,20.00,19,28,31
3/3/18-2:16:36,137,67,166,81,69,1,35.00,20.00,19,27,29
3/3/18-2:17:37,141,72,170,81,69,3,35.00,20.00,19,27,29
3/3/18-2:18:38,137,69,161,76,63,2,35.00,20.00,17,30,32
3/3/18-2:19:39,140,70,165,80,70,3,35.00,20.00,16,29,31
3/3/18-2:20:40,136,70,166,83,70,1,36.00,20.00,18,30,35
3/3/18-2:21:41,138,73,167,79,69,2,36.00,20.00,17,29,34
3/3/18-2:22:42,139,70,156,69,63,4,35.00,20.00,16,25,26
3/3/18-2:23:43,139,68,158,69,60,2,34.00,20.00,15,25,27
3/3/18-2:24:44,139,74,171,81,69,3,35.00,20.00,16,23,26
3/3/18-2:25:45,139,72,154,73,62,3,36.00,20.00,16,23,26
3/3/18-2:26:46,136,71,166,84,69,1,35.00,20.00,17,26,26
3/3/18-2:27:47,138,71,169,83,69,3,36.00,20.00,17,26,26
3/3/18-2:28:48,138,70,157,68,63,4,35.00,20.00,18,25,28
3/3/18-2:29:49,138,71,167,81,69,1,35.00,20.00,18,25,28
3/3/18-2:30:50,137,69,155,71,62,2,35.00,20.00,18,29,33
3/3/18-2:31:51,138,70,167,84,68,1,35.00,20.00,18,29,32
3/3/18-2:32:52,138,71,170,83,71,4,35.00,20.00,15,28,30
3/3/18-2:33:53,139,69,166,80,67,3,35.00,20.00,15,26,28
3/3/18-2:34:54,141,74,173,85,70,2,35.00,20.00,17,24,24
3/3/18-2:35:55,139,69,159,75,63,4,36.00,20.00,17,24,25
3/3/18-2:36:56,138,72,158,76,62,3,35.00,20.00,17,25,27
3/3/18-2:37:57,139,69,170,80,69,3,35.00,20.00,17,26,28
3/3/18-2:38:58,137,70,158,65,62,2,35.00,20.00,17,24,29
3/3/18-2:39:59,138,71,171,84,69,1,35.00,20.00,17,24,29
3/3/18-2:41:0,137,69,159,69,61,2,35.00,20.00,16,23,24
3/3/18-2:42:1,140,71,170,83,71,5,35.00,20.00,16,23,24
3/3/18-2:43:2,139,73,160,68,58,3,35.00,20.00,15,25,27
3/3/18-2:44:3,141,73,168,79,69,3,35.00,19.00,15,25,27
3/3/18-2:45:4,140,72,165,80,68,2,35.00,20.00,13,19,21
3/3/18-2:46:5,139,74,171,85,66,1,35.00,20.00,13,20,22
3/3/18-2:47:6,138,75,167,82,68,1,35.00,19.00,14,20,22
3/3/18-2:48:7,139,74,165,79,67,0,35.00,20.00,14,20,21
3/3/18-2:49:8,139,70,156,69,59,4,35.00,19.00,15,23,24
3/3/18-2:50:9,139,70,152,68,59,4,35.00,20.00,16,24,25
3/3/18-2:51:10,139,71,161,76,57,0,36.00,20.00,15,21,21
3/3/18-2:52:11,141,73,169,83,66,3,35.00,20.00,15,21,21
3/3/18-2:53:12,140,72,164,78,68,2,35.00,20.00,15,25,29
3/3/18-2:54:13,141,73,164,77,66,3,35.00,20.00,15,25,29
3/3/18-2:55:14,140,69,154,67,58,3,35.00,20.00,14,23,23
3/3/18-2:56:15,140,72,164,76,71,3,35.00,20.00,14,23,23
3/3/18-2:57:16,138,73,163,79,58,4,36.00,20.00,13,22,23
3/3/18-2:58:17,139,74,165,74,69,2,35.00,20.00,13,22,23
3/3/18-2:59:18,138,72,166,77,66,1,37.00,20.00,14,20,21
3/3/18-3:0:19,138,70,154,66,57,3,36.00,20.00,14,20,21
3/3/18-3:1:20,139,74,165,78,64,0,35.00,20.00,13,21,21
3/3/18-3:2:21,139,72,167,78,65,2,35.00,20.00,13,20,21
3/3/18-3:3:22,140,73,167,79,66,0,35.00,20.00,13,23,25
3/3/18-3:4:23,141,70,164,85,66,3,36.00,20.00,13,23,25
3/3/18-3:5:24,142,73,167,74,66,1,36.00,20.00,15,20,24
3/3/18-3:6:25,140,72,165,78,67,3,35.00,20.00,15,20,24
3/3/18-3:7:26,140,73,167,83,65,2,36.00,20.00,12,17,23
3/3/18-3:8:27,139,70,155,68,56,0,35.00,20.00,12,17,23
3/3/18-3:9:28,140,73,164,79,64,3,35.00,20.00,12,17,22
3/3/18-3:10:29,140,79,158,72,60,1,36.00,20.00,12,16,20
3/3/18-3:11:30,138,69,148,60,52,2,35.00,20.00,11,14,15
3/3/18-3:12:31,140,72,158,71,55,0,35.00,20.00,11,14,15
3/3/18-3:13:32,140,71,156,73,55,3,35.00,20.00,11,15,16
3/3/18-3:14:33,139,68,146,62,53,2,35.00,19.00,11,15,16
3/3/18-3:15:34,142,72,156,70,54,3,34.00,20.00,10,13,14
3/3/18-3:16:35,141,70,154,74,51,2,35.00,20.00,10,13,14
3/3/18-3:17:36,140,67,153,64,41,2,35.00,20.00,9,13,14
3/3/18-3:18:37,140,72,156,77,44,1,34.00,20.00,9,13,14
3/3/18-3:19:38,141,70,157,74,45,2,35.00,20.00,9,12,15
3/3/18-3:20:39,140,70,158,73,42,0,35.00,20.00,8,11,14
3/3/18-3:21:40,141,67,149,58,43,4,35.00,20.00,9,13,16
3/3/18-3:22:41,141,72,158,71,49,2,35.00,20.00,9,13,16
3/3/18-3:23:42,139,71,157,72,51,1,35.00,20.00,8,12,15
3/3/18-3:24:43,140,71,157,71,48,1,35.00,20.00,9,13,16
3/3/18-3:25:44,143,71,159,76,49,2,35.00,20.00,9,14,15
3/3/18-3:26:45,141,70,157,74,53,2,35.00,20.00,9,15,16
3/3/18-3:27:46,139,70,149,61,45,2,35.00,20.00,9,11,11
3/3/18-3:28:47,140,71,155,69,50,2,35.00,20.00,9,11,11
3/3/18-3:29:48,141,71,158,79,51,4,35.00,20.00,9,16,20
3/3/18-3:30:49,141,69,148,60,42,2,36.00,20.00,8,15,19
3/3/18-3:31:50,141,69,157,70,49,3,35.00,20.00,9,14,17
3/3/18-3:32:51,140,65,158,74,49,2,35.00,20.00,10,14,17
3/3/18-3:33:52,139,69,158,72,50,2,35.00,20.00,8,12,12
3/3/18-3:34:53,139,68,149,63,44,2,36.00,20.00,8,12,13
3/3/18-3:35:54,142,70,157,73,50,2,35.00,20.00,8,9,11
3/3/18-3:36:55,143,71,153,72,46,1,35.00,20.00,8,9,11
3/3/18-3:37:56,140,73,155,75,46,4,35.00,19.00,8,14,16
3/3/18-3:38:57,140,70,154,71,47,1,35.00,20.00,8,14,16
3/3/18-3:39:58,140,73,155,72,44,3,35.00,19.00,8,12,12
3/3/18-3:40:59,139,70,154,70,45,2,35.00,20.00,9,13,13
3/3/18-3:42:0,137,68,145,61,42,2,35.00,20.00,9,12,13
3/3/18-3:43:1,142,70,154,70,47,1,35.00,19.00,9,12,13
3/3/18-3:44:2,142,71,155,72,43,3,35.00,20.00,7,12,13
3/3/18-3:45:3,142,69,143,58,34,2,35.00,19.00,7,12,13
3/3/18-3:46:4,142,74,154,72,37,1,35.00,19.00,6,9,10
3/3/18-3:47:5,142,70,153,66,38,3,36.00,20.00,6,9,10
3/3/18-3:48:6,142,71,153,69,35,3,35.00,19.00,7,10,11
3/3/18-3:49:7,141,72,145,56,26,2,35.00,19.00,7,10,11
3/3/18-3:50:8,141,73,155,70,30,2,35.00,19.00,7,10,11
3/3/18-3:51:9,142,71,154,74,27,0,35.00,19.00,7,10,11
3/3/18-3:52:10,143,67,142,55,21,3,35.00,19.00,7,9,9
3/3/18-3:53:11,142,71,151,68,24,1,35.00,19.00,7,9,9
3/3/18-3:54:12,141,68,152,67,25,3,35.00,19.00,8,10,12
3/3/18-3:55:13,142,68,141,56,18,3,35.00,19.00,7,10,10
3/3/18-3:56:14,142,70,149,64,17,2,35.00,19.00,4,7,9
3/3/18-3:57:15,141,71,145,65,13,3,35.00,20.00,4,7,9
3/3/18-3:58:16,140,72,150,66,15,3,35.00,19.00,6,11,12
3/3/18-3:59:17,142,70,142,56,14,5,35.00,20.00,7,12,13
3/3/18-4:0:18,143,71,155,71,17,3,35.00,19.00,6,9,10
3/3/18-4:1:19,142,70,158,71,17,1,35.00,19.00,6,9,10
3/3/18-4:2:20,141,70,149,65,16,2,35.00,20.00,6,8,8
3/3/18-4:3:21,140,69,146,57,13,4,35.00,20.00,6,8,9
3/3/18-4:4:22,143,70,149,68,15,2,35.00,19.00,4,6,8
3/3/18-4:5:23,143,70,151,64,14,2,35.00,20.00,4,6,8
3/3/18-4:6:24,143,72,150,77,14,1,35.00,19.00,6,10,10
3/3/18-4:7:25,143,71,153,64,13,3,35.00,19.00,6,10,10
3/3/18-4:8:26,142,70,147,64,13,2,35.00,19.00,5,8,9
3/3/18-4:9:27,141,69,146,65,12,1,35.00,20.00,5,8,9
3/3/18-4:10:28,142,66,141,54,10,3,35.00,19.00,7,9,9
3/3/18-4:11:29,143,69,145,63,12,3,35.00,20.00,7,9,9
3/3/18-4:12:30,143,69,149,77,11,1,36.00,19.00,7,11,12
3/3/18-4:13:31,142,71,146,67,9,2,35.00,20.00,8,11,12
3/3/18-4:14:32,141,66,133,55,9,2,35.00,19.00,8,12,12
3/3/18-4:15:33,143,70,145,65,10,3,35.00,19.00,9,13,13
3/3/18-4:16:34,140,69,151,73,11,1,35.00,19.00,9,13,15
3/3/18-4:17:35,140,70,142,65,11,5,35.00,19.00,8,12,14
3/3/18-4:18:36,140,70,140,61,10,3,35.00,19.00,10,14,16
3/3/18-4:19:37,142,68,150,66,11,3,35.00,19.00,10,14,16
3/3/18-4:20:38,141,71,149,65,10,0,35.00,19.00,12,19,20
3/3/18-4:21:39,141,67,138,54,10,4,35.00,19.00,12,19,20
3/3/18-4:22:40,140,70,148,70,10,1,35.00,19.00,14,21,21
3/3/18-4:23:41,142,69,149,71,11,1,35.00,19.00,14,20,22
3/3/18-4:24:42,140,68,145,72,10,1,35.00,19.00,15,22,23
3/3/18-4:25:43,142,69,140,55,9,2,35.00,19.00,15,23,24
3/3/18-4:26:44,141,69,147,67,13,2,35.00,19.00,14,21,24
3/3/18-4:27:45,139,69,150,72,13,2,36.00,18.00,14,21,24
3/3/18-4:28:46,141,69,150,63,15,2,35.00,19.00,17,25,29
3/3/18-4:29:47,143,77,152,65,14,2,35.00,19.00,17,25,29
3/3/18-4:30:48,140,68,137,56,13,0,36.00,18.00,16,26,28
3/3/18-4:31:49,141,68,148,67,15,1,36.00,17.00,16,26,28
3/3/18-4:32:50,142,69,147,68,13,1,36.00,18.00,13,20,21
3/3/18-4:33:51,140,67,140,59,14,2,36.00,18.00,13,20,21
3/3/18-4:34:52,142,66,138,57,13,4,36.00,18.00,11,18,19
3/3/18-4:35:53,141,69,150,65,16,1,36.00,18.00,11,18,19
3/3/18-4:36:54,140,67,151,70,14,3,36.00,18.00,11,16,18
3/3/18-4:37:54,143,69,139,56,11,2,35.00,19.00,11,16,18
3/3/18-4:38:55,143,69,145,67,15,2,35.00,19.00,8,11,13
3/3/18-4:39:56,142,69,145,66,11,2,35.00,19.00,8,12,13
3/3/18-4:40:57,142,72,148,66,13,4,35.00,19.00,9,15,15
3/3/18-4:41:58,140,66,140,58,15,3,35.00,19.00,9,15,15
3/3/18-4:42:59,143,70,149,69,15,4,35.00,19.00,10,12,12
3/3/18-4:44:0,142,69,149,66,16,1,36.00,18.00,9,12,13
3/3/18-4:45:1,140,69,146,68,13,0,36.00,18.00,9,14,14
3/3/18-4:46:2,143,67,150,68,15,3,36.00,18.00,9,14,14
3/3/18-4:47:3,142,68,154,70,17,1,36.00,18.00,10,14,15
3/3/18-4:48:4,141,69,149,66,16,3,36.00,18.00,10,14,15
3/3/18-4:49:5,139,67,141,56,15,3,36.00,18.00,8,14,15
3/3/18-4:50:6,143,70,149,70,17,4,36.00,18.00,8,14,15
3/3/18-4:51:7,140,70,149,64,16,3,36.00,18.00,11,15,16
3/3/18-4:52:8,143,68,140,55,14,3,36.00,18.00,11,15,16
3/3/18-4:53:9,142,72,149,64,18,3,36.00,18.00,9,13,16
3/3/18-4:54:10,145,69,145,63,16,2,36.00,18.00,9,13,16
3/3/18-4:55:11,142,69,148,68,16,3,37.00,18.00,10,13,14
3/3/18-4:56:12,142,69,144,56,15,2,36.00,18.00,10,13,14
3/3/18-4:57:13,142,74,149,66,17,2,36.00,18.00,9,11,11
3/3/18-4:58:14,143,70,150,71,19,4,36.00,18.00,9,12,12
3/3/18-4:59:15,140,66,142,56,17,2,36.00,18.00,9,13,16
3/3/18-5:0:16,141,69,150,68,18,3,36.00,18.00,9,13,16
3/3/18-5:1:17,142,71,151,67,18,1,36.00,18.00,7,11,11
3/3/18-5:2:18,141,71,151,70,22,4,36.00,18.00,7,10,10
3/3/18-5:3:19,142,71,155,67,20,2,36.00,18.00,9,13,14
3/3/18-5:4:20,142,71,152,71,21,2,37.00,18.00,9,13,14
3/3/18-5:5:21,141,70,153,69,24,2,36.00,18.00,10,13,13
3/3/18-5:6:22,142,68,142,57,21,2,36.00,18.00,10,13,13
3/3/18-5:7:23,144,70,154,65,24,0,36.00,18.00,10,15,15
3/3/18-5:8:24,141,71,151,67,23,3,36.00,18.00,10,15,15
3/3/18-5:9:25,143,70,149,67,21,2,36.00,18.00,10,13,13
3/3/18-5:10:26,144,69,145,65,22,1,36.00,18.00,10,13,13
3/3/18-5:11:27,143,69,146,65,22,1,36.00,18.00,9,12,12
3/3/18-5:12:28,142,70,143,68,19,3,36.00,18.00,8,11,11
3/3/18-5:13:29,144,70,148,64,20,1,37.00,18.00,9,14,14
3/3/18-5:14:30,143,70,154,70,25,3,36.00,18.00,9,14,14
3/3/18-5:15:31,140,67,147,59,17,1,36.00,18.00,8,12,13
3/3/18-5:16:32,144,70,149,66,20,0,36.00,18.00,8,12,13
3/3/18-5:17:33,143,71,148,66,20,3,37.00,18.00,9,11,11
3/3/18-5:18:34,145,69,147,62,19,0,36.00,18.00,9,11,11
3/3/18-5:19:35,142,71,141,53,18,4,36.00,18.00,9,12,12
3/3/18-5:20:36,145,71,154,78,22,3,35.00,18.00,9,12,12
3/3/18-5:21:37,141,70,149,67,23,1,36.00,18.00,8,10,11
3/3/18-5:22:38,143,70,150,65,20,2,36.00,18.00,8,10,11
3/3/18-5:23:39,142,68,139,56,19,3,37.00,18.00,8,12,12
3/3/18-5:24:40,143,70,150,68,23,1,36.00,18.00,8,12,12
3/3/18-5:25:41,144,71,149,66,25,2,36.00,18.00,7,10,12
3/3/18-5:26:42,144,70,149,71,24,0,36.00,18.00,7,10,12
3/3/18-5:27:43,143,71,153,75,24,0,36.00,18.00,7,14,15
3/3/18-5:28:44,142,72,160,73,24,2,36.00,18.00,7,12,13
3/3/18-5:29:45,142,70,147,65,24,2,37.00,18.00,7,9,11
3/3/18-5:30:46,144,66,139,53,22,4,36.00,18.00,7,9,11
3/3/18-5:31:47,144,70,148,64,25,4,36.00,18.00,6,8,11
3/3/18-5:32:48,143,69,151,66,26,3,36.00,18.00,6,8,10
3/3/18-5:33:49,143,71,149,67,24,2,37.00,18.00,6,10,11
3/3/18-5:34:50,144,71,148,69,26,1,37.00,18.00,6,10,11
3/3/18-5:35:51,143,72,148,65,27,3,36.00,18.00,6,9,9
3/3/18-5:36:52,141,70,158,85,25,4,36.00,18.00,7,10,10
3/3/18-5:37:53,144,71,150,65,24,1,36.00,18.00,6,7,7
3/3/18-5:38:54,144,70,150,62,25,2,37.00,18.00,6,7,7
3/3/18-5:39:55,145,73,151,66,26,3,36.00,18.00,6,8,8
3/3/18-5:40:56,144,67,136,58,23,3,36.00,18.00,6,8,8
3/3/18-5:41:57,143,71,148,65,26,3,36.00,18.00,6,10,10
3/3/18-5:42:58,144,72,146,64,25,1,37.00,18.00,6,10,10
3/3/18-5:43:59,143,70,147,66,24,0,36.00,18.00,5,8,10
3/3/18-5:45:0,144,68,144,59,22,3,36.00,18.00,5,8,10
3/3/18-5:46:1,145,70,150,66,25,3,37.00,18.00,6,9,9
3/3/18-5:47:2,143,71,150,68,21,2,37.00,17.00,6,9,9
3/3/18-5:48:3,143,64,150,69,21,2,36.00,18.00,5,7,9
3/3/18-5:49:4,144,68,140,57,18,3,36.00,18.00,5,7,9
3/3/18-5:50:5,143,67,148,65,23,2,36.00,18.00,5,10,10
3/3/18-5:51:6,143,67,153,69,23,3,36.00,18.00,6,10,10
3/3/18-5:52:7,144,68,148,69,22,1,36.00,18.00,7,11,12
3/3/18-5:53:8,145,69,138,57,20,3,36.00,18.00,7,11,12
3/3/18-5:54:9,144,68,150,72,23,2,36.00,17.00,6,10,11
3/3/18-5:55:10,142,69,150,67,23,2,36.00,17.00,6,9,10
3/3/18-5:56:11,143,71,148,68,23,3,36.00,17.00,5,6,6
3/3/18-5:57:12,145,70,149,65,23,3,37.00,18.00,5,6,6
3/3/18-5:58:13,145,70,147,65,24,3,36.00,17.00,5,7,8
3/3/18-5:59:14,145,70,147,68,24,3,36.00,18.00,5,7,8
3/3/18-6:0:15,145,67,137,60,20,2,36.00,17.00,5,8,10
3/3/18-6:1:16,146,71,147,71,22,4,36.00,18.00,5,8,10
3/3/18-6:2:17,142,71,148,64,20,3,37.00,18.00,5,9,12
3/3/18-6:3:18,144,72,146,65,18,1,36.00,17.00,5,9,12
3/3/18-6:4:19,144,66,134,55,17,3,36.00,18.00,4,6,6
3/3/18-6:5:20,143,71,143,65,16,1,35.00,18.00,4,6,6
3/3/18-6:6:21,143,69,143,62,16,3,37.00,17.00,5,7,7
3/3/18-6:7:22,144,70,147,67,16,1,36.00,17.00,5,7,8
3/3/18-6:8:23,143,69,140,72,15,4,36.00,18.00,4,6,9
3/3/18-6:9:24,142,68,142,63,15,1,36.00,18.00,4,6,9
3/3/18-6:10:25,144,71,142,62,14,1,36.00,17.00,4,5,6
3/3/18-6:11:26,144,69,144,67,15,0,36.00,17.00,3,5,6
3/3/18-6:12:27,145,68,132,52,13,5,36.00,17.00,3,5,5
3/3/18-6:13:28,145,69,143,62,12,2,36.00,18.00,3,5,5
3/3/18-6:14:29,143,78,148,62,12,2,36.00,18.00,5,6,8
3/3/18-6:15:30,145,69,142,65,15,2,36.00,18.00,5,6,8
3/3/18-6:16:31,142,69,136,54,12,3,36.00,17.00,3,4,4
3/3/18-6:17:32,144,71,142,63,14,3,36.00,18.00,3,4,4
3/3/18-6:18:33,143,68,138,64,13,3,36.00,18.00,3,5,6
3/3/18-6:19:34,143,70,139,62,15,3,36.00,18.00,3,5,6
3/3/18-6:20:35,144,68,141,61,13,2,36.00,17.00,3,4,5
3/3/18-6:21:36,143,68,143,72,12,1,37.00,18.00,3,4,5
3/3/18-6:22:37,144,70,142,60,10,0,36.00,17.00,3,4,7
3/3/18-6:23:38,143,67,133,55,10,2,36.00,17.00,3,4,7
3/3/18-6:24:39,144,71,139,60,10,1,36.00,18.00,2,3,3
3/3/18-6:25:40,143,69,140,63,11,1,37.00,18.00,2,3,3
3/3/18-6:26:41,144,67,139,65,10,1,37.00,18.00,4,6,6
3/3/18-6:27:42,144,62,134,57,8,3,36.00,18.00,4,6,6
3/3/18-6:28:43,144,70,142,61,11,4,36.00,18.00,3,5,5
3/3/18-6:29:44,145,70,147,66,9,2,36.00,17.00,3,5,5
3/3/18-6:30:45,144,69,143,62,10,2,36.00,18.00,2,4,4
3/3/18-6:31:46,144,69,132,50,8,1,36.00,18.00,2,4,4
3/3/18-6:32:47,146,70,140,59,8,2,36.00,18.00,3,5,6
3/3/18-6:33:48,144,68,144,61,10,3,37.00,18.00,3,4,5
3/3/18-6:34:49,144,68,138,70,10,1,37.00,17.00,3,6,6
3/3/18-6:35:50,145,66,133,56,8,2,36.00,17.00,3,6,6
3/3/18-6:36:51,145,70,143,63,10,2,36.00,17.00,1,3,3
3/3/18-6:37:52,145,69,138,67,10,1,36.00,18.00,2,3,3
3/3/18-6:38:53,146,68,137,63,10,0,36.00,18.00,3,5,6
3/3/18-6:39:54,143,68,133,52,7,3,36.00,17.00,3,5,6
3/3/18-6:40:55,147,69,138,62,9,3,36.00,17.00,3,4,4
3/3/18-6:41:56,143,68,137,63,8,2,36.00,17.00,3,5,5
3/3/18-6:42:57,144,70,129,54,8,1,36.00,17.00,3,4,4
3/3/18-6:43:58,144,68,143,61,8,3,36.00,17.00,3,4,4
3/3/18-6:44:59,143,67,138,66,10,1,37.00,17.00,3,4,4
3/3/18-6:46:0,144,67,134,62,8,3,37.00,17.00,3,4,4
3/3/18-6:47:1,147,66,129,50,9,3,36.00,17.00,3,3,5
3/3/18-6:48:2,146,65,138,62,11,1,35.00,17.00,3,3,5
3/3/18-6:49:3,145,67,142,61,9,3,36.00,17.00,3,3,4
3/3/18-6:50:4,145,68,138,63,10,3,36.00,17.00,2,3,3
3/3/18-6:51:4,143,66,129,52,9,3,36.00,17.00,3,4,4
3/3/18-6:52:5,145,67,139,63,8,2,36.00,17.00,3,4,4
3/3/18-6:53:6,145,67,140,64,9,2,36.00,17.00,3,4,4
3/3/18-6:54:7,145,69,140,63,9,3,36.00,17.00,3,4,4
3/3/18-6:55:8,145,69,135,53,6,1,36.00,17.00,3,4,4
3/3/18-6:56:9,147,68,140,59,10,2,36.00,17.00,3,4,4
3/3/18-6:57:10,145,68,144,62,9,1,36.00,17.00,4,4,4
3/3/18-6:58:11,146,68,137,61,7,4,36.00,17.00,3,4,4
3/3/18-6:59:12,144,67,136,50,8,3,36.00,18.00,4,6,6
3/3/18-7:0:13,145,69,154,73,8,1,36.00,17.00,4,6,6
3/3/18-7:1:14,147,68,140,61,8,0,36.00,17.00,3,4,4
3/3/18-7:2:15,144,68,140,65,8,1,36.00,18.00,3,4,4
3/3/18-7:3:16,146,71,146,70,9,3,37.00,18.00,2,3,5
3/3/18-7:4:17,145,68,141,62,7,1,36.00,17.00,2,3,5
3/3/18-7:5:18,146,68,135,58,9,1,36.00,18.00,3,6,6
3/3/18-7:6:19,143,64,124,50,7,3,36.00,18.00,3,6,6
3/3/18-7:7:20,144,67,135,62,5,2,36.00,18.00,3,5,6
3/3/18-7:8:21,145,70,148,80,5,1,37.00,18.00,3,5,6
3/3/18-7:9:22,144,68,136,61,7,3,36.00,17.00,4,4,5
3/3/18-7:10:23,145,65,129,46,5,1,37.00,18.00,4,4,5
3/3/18-7:11:24,144,67,146,61,7,2,35.00,17.00,1,2,2
3/3/18-7:12:25,145,69,149,78,7,3,36.00,18.00,2,3,3
3/3/18-7:13:26,145,68,128,57,6,3,36.00,18.00,3,3,3
3/3/18-7:14:27,146,66,121,47,9,3,36.00,18.00,3,3,3
3/3/18-7:15:28,147,67,134,60,7,1,36.00,18.00,3,5,5
3/3/18-7:16:29,146,67,139,59,7,2,36.00,18.00,3,6,6
3/3/18-7:17:30,146,66,137,58,7,4,36.00,18.00,3,4,4
3/3/18-7:18:31,144,64,143,59,7,2,36.00,18.00,3,4,4
3/3/18-7:19:32,144,68,139,63,6,2,36.00,17.00,1,3,4
3/3/18-7:20:33,143,65,139,69,6,1,36.00,18.00,1,3,4
3/3/18-7:21:34,144,69,134,63,6,3,36.00,18.00,2,3,4
3/3/18-7:22:35,144,65,124,52,6,2,36.00,18.00,2,3,4
3/3/18-7:23:36,144,69,136,64,4,0,36.00,18.00,1,3,4
3/3/18-7:24:37,146,69,133,59,5,1,36.00,18.00,1,3,4
3/3/18-7:25:38,143,66,135,62,5,2,36.00,18.00,2,3,3
3/3/18-7:26:39,147,67,138,66,7,1,36.00,18.00,2,3,3
3/3/18-7:27:40,144,68,134,61,10,4,36.00,18.00,3,3,4
3/3/18-7:28:41,146,69,135,64,6,3,36.00,18.00,3,3,4
3/3/18-7:29:42,144,66,134,58,5,2,36.00,18.00,1,3,5
3/3/18-7:30:43,144,67,133,61,5,1,36.00,18.00,1,3,5
3/3/18-7:31:44,144,68,130,58,5,1,36.00,18.00,2,4,8
3/3/18-7:32:45,146,67,136,64,7,5,36.00,18.00,3,4,8
3/3/18-7:33:46,145,64,127,51,6,3,36.00,18.00,2,4,6
3/3/18-7:34:47,146,67,139,72,4,0,36.00,18.00,2,4,6
3/3/18-7:35:48,145,64,130,57,7,3,36.00,17.00,3,5,5
3/3/18-7:36:49,146,62,133,62,6,5,36.00,18.00,2,4,4
3/3/18-7:37:50,144,64,125,53,6,3,36.00,18.00,3,4,4
3/3/18-7:38:51,145,68,133,59,4,1,36.00,18.00,3,4,4
3/3/18-7:39:52,146,68,136,63,4,3,36.00,18.00,3,5,7
3/3/18-7:40:53,146,65,127,51,7,3,36.00,18.00,3,5,7
3/3/18-7:41:54,147,69,138,64,9,1,36.00,18.00,3,5,6
3/3/18-7:42:55,145,66,133,58,8,1,36.00,18.00,3,4,6
3/3/18-7:43:56,145,67,131,60,7,3,36.00,18.00,3,5,6
3/3/18-7:44:57,146,67,131,51,5,0,36.00,17.00,3,5,7
3/3/18-7:45:58,144,69,133,61,7,2,36.00,18.00,3,5,5
3/3/18-7:46:59,143,76,139,60,5,2,36.00,18.00,4,6,6
3/3/18-7:48:0,146,69,138,65,6,3,36.00,18.00,5,8,12
3/3/18-7:49:1,144,67,134,70,7,1,36.00,18.00,5,8,12
3/3/18-7:50:2,145,64,133,58,4,2,36.00,18.00,4,6,6
3/3/18-7:51:3,146,67,153,82,7,1,36.00,18.00,4,6,6
3/3/18-7:52:4,145,65,135,74,3,2,36.00,18.00,3,6,6
3/3/18-7:53:5,147,68,144,67,7,4,36.00,18.00,3,6,6
3/3/18-7:54:6,146,67,127,61,6,2,37.00,18.00,5,7,9
3/3/18-7:55:7,145,68,137,69,5,3,36.00,18.00,5,7,9
3/3/18-7:56:8,142,64,125,49,7,2,36.00,18.00,5,8,9
3/3/18-7:57:9,144,68,132,60,5,4,35.00,18.00,5,8,9
3/3/18-7:58:10,145,68,152,68,8,0,36.00,18.00,4,7,9
3/3/18-7:59:11,143,65,142,64,7,3,36.00,18.00,5,8,10
3/3/18-8:0:12,145,66,138,72,5,4,36.00,18.00,4,6,7
3/3/18-8:1:13,143,66,153,76,6,1,35.00,19.00,4,6,7
3/3/18-8:2:14,144,67,150,60,3,0,35.00,19.00,6,11,14
3/3/18-8:3:15,143,67,141,63,5,0,35.00,19.00,6,10,13
3/3/18-8:4:16,144,66,143,63,7,2,36.00,18.00,5,8,9
3/3/18-8:5:17,145,69,156,75,7,1,35.00,19.00,5,8,9
3/3/18-8:6:18,145,68,142,68,7,3,36.00,18.00,6,9,11
3/3/18-8:7:19,143,69,135,65,5,2,36.00,18.00,6,9,11
3/3/18-8:8:20,143,67,130,46,5,3,36.00,18.00,4,8,9
3/3/18-8:9:21,146,69,139,58,5,1,36.00,18.00,4,8,9
3/3/18-8:10:22,144,67,137,71,7,1,36.00,18.00,4,7,8
3/3/18-8:11:23,146,66,140,66,4,2,36.00,18.00,4,7,8
3/3/18-8:12:24,146,68,139,64,6,2,36.00,18.00,4,9,9
3/3/18-8:13:25,144,65,137,66,7,1,36.00,18.00,4,9,9
3/3/18-8:14:26,144,66,138,59,7,1,36.00,18.00,5,8,11
3/3/18-8:15:27,145,62,129,50,6,4,36.00,18.00,5,8,11
3/3/18-8:16:28,145,67,136,57,6,2,36.00,18.00,5,9,13
3/3/18-8:17:29,145,66,141,77,8,2,37.00,18.00,5,9,13
3/3/18-8:18:30,143,66,136,62,7,1,36.00,18.00,6,10,12
3/3/18-8:19:31,142,64,145,60,6,3,36.00,18.00,6,10,12
3/3/18-8:20:32,146,69,148,81,8,1,35.00,18.00,5,10,10
3/3/18-8:21:33,146,73,154,77,5,2,36.00,18.00,5,10,10
3/3/18-8:22:34,146,69,157,77,6,1,35.00,19.00,7,10,10
3/3/18-8:23:35,143,66,127,48,5,3,35.00,19.00,7,10,10
3/3/18-8:24:36,144,66,170,94,8,2,35.00,19.00,7,10,10
3/3/18-8:25:37,145,69,153,61,8,3,35.00,19.00,6,10,11
3/3/18-8:26:38,144,68,153,79,6,2,35.00,19.00,5,9,11
3/3/18-8:27:39,145,68,172,80,6,2,36.00,18.00,6,10,10
3/3/18-8:28:40,144,77,143,63,8,1,35.00,19.00,6,10,10
3/3/18-8:29:41,145,66,139,73,5,3,35.00,19.00,3,5,6
3/3/18-8:30:42,144,63,132,56,4,3,35.00,19.00,4,6,7
3/3/18-8:31:43,143,67,153,80,6,4,35.00,19.00,5,12,18
3/3/18-8:32:44,144,68,164,76,6,2,36.00,19.00,5,12,18
3/3/18-8:33:45,143,61,134,52,7,5,35.00,19.00,5,8,8
3/3/18-8:34:46,145,68,154,58,4,1,35.00,19.00,5,8,8
3/3/18-8:35:47,143,66,167,130,6,4,35.00,19.00,5,6,7
3/3/18-8:36:48,143,67,166,84,5,1,35.00,19.00,5,6,7
3/3/18-8:37:49,143,68,195,119,7,2,35.00,20.00,5,8,8
3/3/18-8:38:50,144,66,167,71,6,1,35.00,19.00,5,8,8
3/3/18-8:39:51,142,69,138,57,5,3,35.00,19.00,5,8,8
3/3/18-8:40:52,142,63,129,47,6,2,35.00,19.00,5,8,8
3/3/18-8:41:53,144,68,173,73,8,3,35.00,19.00,5,6,6
3/3/18-8:42:54,142,67,138,58,7,1,36.00,20.00,5,6,6
3/3/18-8:43:55,143,68,139,62,7,4,35.00,19.00,4,6,7
3/3/18-8:44:56,142,67,145,63,5,3,35.00,20.00,4,6,7
3/3/18-8:45:57,144,67,137,59,5,1,35.00,19.00,4,7,8
3/3/18-8:46:58,143,64,148,58,7,3,35.00,20.00,4,7,8
3/3/18-8:47:59,142,70,135,57,7,2,35.00,20.00,5,10,11
3/3/18-8:49:0,142,68,137,52,5,3,35.00,20.00,5,10,11
3/3/18-8:50:1,143,69,171,83,7,2,35.00,20.00,5,8,8
3/3/18-8:51:2,143,68,149,58,7,3,35.00,19.00,5,8,8
3/3/18-8:52:3,143,69,179,106,7,3,35.00,20.00,5,7,10
3/3/18-8:53:4,140,66,140,51,7,3,35.00,20.00,5,7,10
3/3/18-8:54:5,142,69,164,82,7,3,35.00,20.00,5,7,10
3/3/18-8:55:6,140,67,159,82,6,1,35.00,20.00,4,6,8
3/3/18-8:56:7,142,68,146,62,6,2,35.00,20.00,4,8,9
3/3/18-8:57:8,143,65,154,64,6,3,35.00,20.00,4,8,9
3/3/18-8:58:9,140,68,166,81,8,1,35.00,20.00,6,9,11
3/3/18-8:59:10,141,71,170,82,9,3,35.00,20.00,6,10,12
3/3/18-9:0:10,140,67,176,90,9,1,35.00,20.00,5,9,9
3/3/18-9:1:11,143,68,164,78,9,3,35.00,20.00,5,9,9
3/3/18-9:2:12,143,67,159,73,10,3,36.00,20.00,6,9,11
3/3/18-9:3:13,143,68,158,75,10,3,36.00,20.00,6,8,10
3/3/18-9:4:14,143,66,140,58,10,3,36.00,20.00,6,10,12
3/3/18-9:5:15,140,70,160,83,9,2,35.00,20.00,6,10,12
3/3/18-9:6:16,142,69,164,89,11,0,35.00,20.00,6,8,8
3/3/18-9:7:17,141,68,171,80,12,1,35.00,20.00,7,9,9
3/3/18-9:8:18,142,67,183,97,10,2,35.00,20.00,6,9,9
3/3/18-9:9:19,141,69,166,78,13,0,35.00,20.00,6,9,9
3/3/18-9:10:20,140,68,204,112,14,1,35.00,20.00,6,13,15
3/3/18-9:11:21,138,66,155,64,12,3,35.00,20.00,6,12,14
3/3/18-9:12:22,141,69,184,99,14,3,35.00,20.00,7,9,11
3/3/18-9:13:23,142,67,184,98,15,3,35.00,20.00,7,9,11
3/3/18-9:14:24,140,69,185,106,13,1,34.00,21.00,7,12,15
3/3/18-9:15:25,143,68,180,91,11,2,34.00,21.00,7,12,15
3/3/18-9:16:26,138,68,158,63,14,1,34.00,21.00,7,11,14
3/3/18-9:17:27,141,69,174,84,13,1,35.00,21.00,7,11,12
3/3/18-9:18:28,140,70,195,124,14,0,34.00,21.00,6,9,10
3/3/18-9:19:29,142,69,165,77,13,2,34.00,21.00,6,9,10
3/3/18-9:20:30,140,71,176,90,14,1,34.00,21.00,8,11,14
3/3/18-9:21:31,139,68,164,69,12,3,35.00,21.00,8,10,14
3/3/18-9:22:32,141,70,163,73,14,0,34.00,21.00,7,11,12
3/3/18-9:23:33,139,67,181,92,17,2,34.00,21.00,8,10,11
3/3/18-9:24:34,142,71,184,97,17,1,35.00,21.00,6,9,11
3/3/18-9:25:35,138,67,164,72,19,3,34.00,21.00,6,9,11
3/3/18-9:26:36,141,72,156,74,14,0,34.00,21.00,7,11,17
3/3/18-9:27:37,139,68,189,101,17,3,34.00,21.00,7,11,18
3/3/18-9:28:38,139,67,186,116,21,1,34.00,22.00,7,9,12
3/3/18-9:29:39,138,67,141,56,13,3,34.00,22.00,8,10,13
3/3/18-9:30:40,140,69,172,71,15,3,34.00,21.00,6,10,12
3/3/18-9:31:41,139,71,194,109,17,1,34.00,22.00,6,10,12
3/3/18-9:32:42,138,65,191,101,13,2,34.00,21.00,7,11,11
3/3/18-9:33:43,140,68,212,145,16,1,34.00,22.00,7,11,11
3/3/18-9:34:44,139,71,146,66,11,3,34.00,22.00,7,10,10
3/3/18-9:35:45,137,69,186,103,10,3,34.00,22.00,7,10,10
3/3/18-9:36:46,140,68,169,94,15,4,35.00,22.00,8,11,14
3/3/18-9:37:47,139,69,165,97,12,1,34.00,22.00,8,11,14
3/3/18-9:38:48,139,76,156,66,10,1,34.00,22.00,7,9,13
3/3/18-9:39:49,140,68,143,62,8,2,34.00,22.00,7,9,13
3/3/18-9:40:50,138,68,154,69,13,3,34.00,22.00,7,10,10
3/3/18-9:41:51,139,70,151,81,7,2,35.00,22.00,7,10,10
3/3/18-9:42:52,139,71,148,73,8,2,34.00,22.00,8,11,12
3/3/18-9:43:53,136,66,142,64,9,3,34.00,22.00,8,11,12
3/3/18-9:44:54,138,66,152,70,11,2,32.00,23.00,9,13,13
3/3/18-9:45:55,138,71,158,71,9,2,34.00,22.00,9,13,13
3/3/18-9:46:56,138,70,167,100,8,2,33.00,23.00,8,12,12
3/3/18-9:47:57,136,67,138,61,8,2,33.00,23.00,8,12,12
3/3/18-9:48:58,137,71,169,105,9,1,34.00,22.00,7,11,14
3/3/18-9:49:59,138,69,141,64,8,1,33.00,23.00,7,10,11
3/3/18-9:51:0,139,73,134,64,5,1,33.00,23.00,8,11,11
3/3/18-9:52:1,136,73,132,56,5,3,33.00,23.00,8,11,11
3/3/18-9:53:2,140,69,141,68,6,2,33.00,23.00,7,11,11
3/3/18-9:54:3,137,69,138,66,7,3,33.00,23.00,7,11,11
3/3/18-9:55:4,138,67,135,69,7,2,33.00,23.00,7,10,10
3/3/18-9:56:5,139,67,153,114,7,3,33.00,23.00,7,10,10
3/3/18-9:57:6,139,71,175,113,4,0,33.00,23.00,6,9,9
3/3/18-9:58:7,138,70,162,80,5,0,33.00,23.00,7,9,9
3/3/18-9:59:8,137,68,135,64,4,2,33.00,23.00,5,7,7
3/3/18-10:0:9,138,70,145,64,4,2,33.00,23.00,5,7,7
3/3/18-10:1:10,135,67,162,97,5,1,33.00,23.00,8,11,16
3/3/18-10:2:11,139,69,156,78,5,1,33.00,23.00,8,11,16
3/3/18-10:3:12,138,70,143,72,5,3,33.00,23.00,7,10,11
3/3/18-10:4:13,137,69,136,66,5,4,33.00,23.00,7,10,11
3/3/18-10:5:14,136,68,131,65,7,2,33.00,23.00,8,11,12
3/3/18-10:6:15,133,64,142,60,7,3,33.00,23.00,8,11,12
3/3/18-10:7:16,137,70,149,75,7,3,33.00,23.00,6,9,10
3/3/18-10:8:17,134,66,200,173,6,2,34.00,23.00,6,9,10
3/3/18-10:9:18,136,68,138,70,6,2,33.00,23.00,5,9,9
3/3/18-10:10:19,135,65,149,69,6,2,33.00,23.00,5,9,9
3/3/18-10:11:20,135,68,151,91,7,1,32.00,23.00,8,11,11
3/3/18-10:12:21,135,67,141,63,7,3,33.00,23.00,8,11,11
3/3/18-10:13:22,135,67,138,72,4,1,33.00,24.00,7,9,9
3/3/18-10:14:23,136,66,144,53,4,3,33.00,24.00,7,9,9
3/3/18-10:15:24,135,73,137,68,6,1,33.00,24.00,7,10,10
3/3/18-10:16:25,135,67,124,62,4,1,33.00,24.00,7,10,10
3/3/18-10:17:26,136,68,134,68,3,0,33.00,24.00,6,9,10
3/3/18-10:18:27,134,66,121,54,6,4,33.00,23.00,6,9,10
3/3/18-10:19:28,137,68,128,67,5,3,33.00,24.00,7,15,16
3/3/18-10:20:29,134,62,139,70,5,1,33.00,23.00,7,14,15
3/3/18-10:21:30,135,64,123,54,7,3,33.00,24.00,6,9,12
3/3/18-10:22:31,137,68,152,107,7,3,33.00,24.00,6,9,12
3/3/18-10:23:32,137,67,144,69,6,3,33.00,24.00,7,11,14
3/3/18-10:24:33,136,67,136,68,5,2,33.00,24.00,6,11,13
3/3/18-10:25:34,135,66,132,59,5,2,33.00,24.00,7,10,11
3/3/18-10:26:35,137,70,143,66,4,2,33.00,24.00,7,10,11
3/3/18-10:27:36,133,68,139,77,6,1,33.00,24.00,7,8,10
3/3/18-10:28:37,133,68,132,72,4,1,33.00,24.00,7,8,10
3/3/18-10:29:38,136,65,150,89,4,2,32.00,25.00,6,9,10
3/3/18-10:30:39,135,68,183,108,6,2,33.00,24.00,6,10,12
3/3/18-10:31:40,135,67,146,98,3,0,32.00,25.00,6,8,9
3/3/18-10:32:41,135,67,149,77,4,3,33.00,24.00,6,8,9
3/3/18-10:33:42,135,67,138,103,6,1,32.00,25.00,6,9,10
3/3/18-10:34:43,132,66,119,55,5,3,33.00,24.00,6,9,10
3/3/18-10:35:44,134,62,139,83,6,1,33.00,24.00,5,8,10
3/3/18-10:36:45,136,69,125,63,5,3,33.00,24.00,5,8,10
3/3/18-10:37:46,134,67,129,64,6,3,32.00,25.00,5,6,8
3/3/18-10:38:47,135,67,125,63,5,3,32.00,25.00,6,7,9
3/3/18-10:39:48,136,68,120,60,5,3,32.00,25.00,7,12,14
3/3/18-10:40:49,133,66,133,61,6,3,32.00,25.00,7,12,14
3/3/18-10:41:50,131,65,192,110,5,2,32.00,25.00,9,14,16
3/3/18-10:42:51,135,68,131,79,5,2,32.00,25.00,9,14,16
3/3/18-10:43:52,133,67,140,69,6,2,32.00,25.00,9,12,16
3/3/18-10:44:53,133,67,160,91,3,3,32.00,25.00,9,12,16
3/3/18-10:45:54,135,67,150,64,6,2,32.00,25.00,10,14,16
3/3/18-10:46:55,131,68,134,63,6,3,32.00,25.00,10,15,17
3/3/18-10:47:56,132,66,147,61,5,3,32.00,25.00,9,14,15
3/3/18-10:48:57,132,69,140,70,5,1,32.00,25.00,9,14,15
3/3/18-10:49:58,134,68,145,108,5,3,32.00,25.00,9,12,14
3/3/18-10:50:59,131,70,130,65,3,2,32.00,25.00,9,12,14
3/3/18-10:52:0,133,67,189,120,9,2,32.00,25.00,8,10,11
3/3/18-10:53:1,133,68,144,73,5,3,32.00,25.00,7,9,10
3/3/18-10:54:2,131,69,156,100,4,1,32.00,25.00,8,10,11
3/3/18-10:55:3,131,63,124,66,4,2,32.00,25.00,8,10,11
3/3/18-10:56:4,133,69,125,61,5,0,32.00,25.00,8,10,10
3/3/18-10:57:5,133,68,144,73,5,2,33.00,25.00,8,10,10
3/3/18-10:58:6,130,69,127,66,4,1,32.00,25.00,6,11,11
3/3/18-10:59:7,131,66,124,72,3,3,32.00,25.00,6,11,11
3/3/18-11:0:8,131,65,102,48,6,3,31.00,25.00,8,14,16
3/3/18-11:1:9,133,68,114,66,6,3,32.00,25.00,8,16,18
3/3/18-11:2:10,132,69,138,77,2,0,32.00,25.00,8,12,12
3/3/18-11:3:11,132,68,165,84,4,3,31.00,25.00,8,12,12
3/3/18-11:4:12,130,68,165,105,5,3,32.00,25.00,8,11,12
3/3/18-11:5:13,132,67,126,64,4,3,32.00,25.00,8,11,11
3/3/18-11:6:14,131,66,128,67,5,3,32.00,25.00,7,9,10
3/3/18-11:7:15,132,68,122,60,4,3,32.00,25.00,7,9,10
3/3/18-11:8:16,130,67,121,63,6,3,32.00,26.00,5,10,11
3/3/18-11:9:17,131,70,167,105,4,1,32.00,26.00,5,10,11
3/3/18-11:10:18,128,63,139,73,7,2,32.00,25.00,6,8,8
3/3/18-11:11:19,131,66,117,54,4,3,32.00,26.00,6,8,8
3/3/18-11:12:20,131,70,170,88,5,2,32.00,26.00,6,8,9
3/3/18-11:13:21,128,64,124,52,5,4,32.00,25.00,6,8,9
3/3/18-11:14:22,131,70,161,81,4,2,32.00,26.00,6,11,11
3/3/18-11:15:23,129,67,170,83,7,2,32.00,25.00,6,10,10
3/3/18-11:16:24,130,66,153,64,5,4,32.00,25.00,8,11,13
3/3/18-11:17:25,129,68,144,70,4,2,32.00,26.00,8,11,13
3/3/18-11:18:26,130,68,164,97,5,2,32.00,25.00,7,10,11
3/3/18-11:19:27,130,69,168,88,4,1,32.00,26.00,7,11,13
3/3/18-11:20:28,131,65,126,58,6,4,32.00,26.00,8,11,11
3/3/18-11:21:29,130,67,187,90,7,4,32.00,26.00,9,12,12
3/3/18-11:22:30,130,69,129,66,5,1,32.00,26.00,10,14,14
3/3/18-11:23:31,128,68,158,89,5,1,32.00,26.00,9,12,13
3/3/18-11:24:32,131,68,161,100,1,0,32.00,26.00,11,15,16
3/3/18-11:25:33,129,70,153,80,5,0,32.00,26.00,11,15,16
3/3/18-11:26:34,129,61,150,65,3,1,32.00,26.00,12,17,17
3/3/18-11:27:35,129,69,152,71,4,2,32.00,26.00,13,18,18
3/3/18-11:28:36,129,69,167,89,8,0,32.00,26.00,13,23,25
3/3/18-11:29:37,131,67,132,62,3,2,33.00,26.00,13,23,25
3/3/18-11:30:38,129,68,157,98,5,2,32.00,26.00,13,18,20
3/3/18-11:31:39,130,63,133,66,5,3,32.00,25.00,13,18,19
3/3/18-11:32:40,128,65,167,95,6,3,32.00,26.00,13,17,19
3/3/18-11:33:41,128,68,126,57,7,3,32.00,25.00,13,17,19
3/3/18-11:34:42,128,69,168,77,4,3,32.00,26.00,12,19,20
3/3/18-11:35:43,127,69,150,92,5,3,32.00,26.00,12,19,20
3/3/18-11:36:44,128,64,152,75,6,3,32.00,26.00,10,14,17
3/3/18-11:37:45,130,68,163,79,1,1,32.00,26.00,10,14,17
3/3/18-11:38:46,126,73,133,73,6,1,33.00,26.00,9,13,15
3/3/18-11:39:47,132,68,130,69,5,3,32.00,26.00,10,13,15
3/3/18-11:40:48,126,66,133,81,4,3,32.00,26.00,9,13,14
3/3/18-11:41:49,129,69,180,84,4,1,31.00,26.00,9,13,14
3/3/18-11:42:50,128,68,142,75,5,1,32.00,26.00,9,11,12
3/3/18-11:43:51,127,69,128,63,6,3,32.00,26.00,10,11,13
3/3/18-11:44:52,127,67,122,52,4,3,32.00,26.00,8,13,13
3/3/18-11:45:53,130,71,131,65,6,2,32.00,25.00,8,13,13
3/3/18-11:46:54,128,69,159,78,5,0,32.00,26.00,9,12,12
3/3/18-11:47:55,126,69,136,64,3,0,32.00,26.00,9,12,12
3/3/18-11:48:56,129,69,131,65,6,2,31.00,26.00,8,13,14
3/3/18-11:49:57,127,69,133,70,4,1,32.00,26.00,8,13,14
3/3/18-11:50:58,127,69,148,88,6,3,32.00,26.00,7,10,10
3/3/18-11:51:59,128,65,167,94,5,4,32.00,26.00,8,11,11
3/3/18-11:53:0,128,71,147,70,2,1,32.00,25.00,9,12,12
3/3/18-11:54:1,128,65,123,64,5,3,32.00,26.00,9,12,12
3/3/18-11:55:2,128,68,140,78,6,3,32.00,26.00,9,14,14
3/3/18-11:56:3,126,65,131,63,5,4,31.00,27.00,9,14,14
3/3/18-11:57:4,127,68,140,104,6,1,31.00,27.00,6,8,8
3/3/18-11:58:5,126,68,121,60,5,1,31.00,27.00,6,8,8
3/3/18-11:59:6,126,70,147,90,4,2,32.00,26.00,10,14,15
3/3/18-12:0:7,128,67,135,95,5,2,32.00,26.00,10,14,15
3/3/18-12:1:8,129,69,148,63,6,3,32.00,26.00,8,12,15
3/3/18-12:2:9,129,69,124,72,5,3,32.00,26.00,9,13,17
3/3/18-12:3:10,127,71,131,67,4,2,32.00,26.00,7,11,14
3/3/18-12:4:10,126,68,154,70,4,3,31.00,27.00,7,11,14
3/3/18-12:5:11,127,68,132,57,2,2,31.00,27.00,7,11,14
3/3/18-12:6:12,126,68,157,102,5,3,32.00,26.00,7,11,14
3/3/18-12:7:13,127,66,173,99,3,2,32.00,26.00,8,13,14
3/3/18-12:8:14,125,65,135,67,4,2,32.00,26.00,8,13,14
3/3/18-12:9:15,126,68,131,77,1,1,32.00,26.00,9,14,17
3/3/18-12:10:16,128,77,149,73,3,2,32.00,26.00,9,14,16
3/3/18-12:11:17,126,67,112,48,5,3,32.00,26.00,7,9,11
3/3/18-12:12:18,126,68,127,66,3,1,32.00,26.00,7,9,11
3/3/18-12:13:19,126,68,163,86,5,3,32.00,26.00,6,10,10
3/3/18-12:14:20,128,71,122,61,3,2,32.00,26.00,7,10,10
3/3/18-12:15:21,125,67,126,64,5,4,32.00,26.00,5,6,7
3/3/18-12:16:22,126,69,156,82,6,2,31.00,27.00,5,6,7
3/3/18-12:17:23,126,68,143,99,5,3,31.00,27.00,5,6,6
3/3/18-12:18:24,127,67,139,71,4,3,31.00,27.00,5,6,6
3/3/18-12:19:25,127,68,121,58,4,3,32.00,26.00,6,8,9
3/3/18-12:20:26,126,70,170,80,3,1,31.00,27.00,6,8,9
3/3/18-12:21:27,126,70,130,70,4,3,31.00,27.00,7,9,13
3/3/18-12:22:28,124,67,112,57,4,2,31.00,27.00,7,9,13
3/3/18-12:23:29,127,69,152,64,4,1,32.00,26.00,9,15,17
3/3/18-12:24:30,127,68,123,60,3,1,32.00,26.00,8,14,16
3/3/18-12:25:31,126,67,181,210,2,3,31.00,27.00,11,16,16
3/3/18-12:26:32,125,65,122,55,4,2,31.00,27.00,11,16,16
3/3/18-12:27:33,126,68,112,57,6,2,31.00,27.00,6,9,9
3/3/18-12:28:34,126,71,151,70,3,0,31.00,27.00,6,9,9
3/3/18-12:29:35,127,68,178,106,5,2,31.00,27.00,15,19,23
3/3/18-12:30:36,125,65,117,54,5,3,31.00,27.00,15,19,23
3/3/18-12:31:37,125,71,158,64,5,1,31.00,27.00,7,9,11
3/3/18-12:32:38,128,70,154,69,2,2,31.00,27.00,7,9,11
3/3/18-12:33:39,125,69,165,106,5,2,31.00,28.00,7,11,11
3/3/18-12:34:40,125,64,113,49,4,2,31.00,27.00,7,11,11
3/3/18-12:35:41,125,68,123,68,5,1,31.00,27.00,10,11,12
3/3/18-12:36:42,125,71,167,87,4,3,31.00,27.00,10,11,12
3/3/18-12:37:43,126,69,133,66,4,2,31.00,27.00,8,10,13
3/3/18-12:38:44,125,65,117,60,5,3,31.00,28.00,8,10,13
3/3/18-12:39:45,125,71,146,69,4,4,31.00,27.00,16,21,24
3/3/18-12:40:46,124,68,159,104,5,1,31.00,28.00,16,21,24
3/3/18-12:41:47,126,69,128,63,5,3,31.00,28.00,13,18,19
3/3/18-12:42:48,124,66,134,76,4,2,31.00,27.00,13,18,19
3/3/18-12:43:49,124,65,144,87,4,1,31.00,28.00,7,10,11
3/3/18-12:44:50,125,69,147,88,1,1,31.00,28.00,7,10,10
3/3/18-12:45:51,124,69,132,79,4,1,31.00,28.00,6,9,11
3/3/18-12:46:52,123,66,145,72,4,2,31.00,28.00,6,9,11
3/3/18-12:47:53,125,70,144,81,5,3,31.00,27.00,9,14,15
3/3/18-12:48:54,125,68,166,95,5,3,31.00,28.00,9,13,13
3/3/18-12:49:55,124,68,146,67,5,2,31.00,28.00,10,13,13
3/3/18-12:50:56,126,69,151,88,3,1,31.00,28.00,10,13,13
3/3/18-12:51:57,125,70,151,86,4,2,31.00,27.00,7,10,10
3/3/18-12:52:58,124,70,140,62,4,3,31.00,27.00,7,10,10
3/3/18-12:53:59,123,66,115,53,5,4,31.00,28.00,7,9,13
3/3/18-12:55:0,126,68,135,69,5,2,32.00,26.00,7,9,13
3/3/18-12:56:1,127,69,141,62,3,1,31.00,27.00,8,12,12
3/3/18-12:57:2,123,70,151,74,3,1,31.00,28.00,8,11,11
3/3/18-12:58:3,123,64,176,129,4,3,31.00,28.00,8,10,10
3/3/18-12:59:4,124,68,166,76,4,1,32.00,26.00,8,10,10
3/3/18-13:0:5,125,69,150,75,1,0,31.00,28.00,6,9,10
3/3/18-13:1:6,123,67,136,71,6,2,31.00,28.00,5,9,10
3/3/18-13:2:7,122,65,155,68,5,3,31.00,28.00,6,9,9
3/3/18-13:3:8,124,69,146,71,3,1,31.00,27.00,6,9,9
3/3/18-13:4:9,124,69,144,70,3,0,31.00,28.00,7,10,10
3/3/18-13:5:10,124,68,120,66,4,3,31.00,28.00,7,11,11
3/3/18-13:6:11,122,66,122,74,3,3,31.00,28.00,6,8,8
3/3/18-13:7:12,124,69,161,103,4,2,29.00,28.00,6,8,8
3/3/18-13:8:13,123,70,119,67,3,1,31.00,28.00,8,12,13
3/3/18-13:9:14,125,66,136,85,3,2,31.00,27.00,8,12,13
3/3/18-13:10:15,125,69,140,68,2,1,31.00,28.00,11,13,14
3/3/18-13:11:16,122,67,140,74,4,1,32.00,28.00,11,13,14
3/3/18-13:12:17,120,64,124,50,5,3,31.00,28.00,8,12,13
3/3/18-13:13:18,123,68,160,96,4,3,31.00,27.00,9,13,15
3/3/18-13:14:19,124,67,142,83,4,2,31.00,27.00,8,12,12
3/3/18-13:15:20,121,67,133,85,5,2,31.00,28.00,9,12,13
3/3/18-13:16:21,123,65,136,130,3,2,31.00,28.00,8,11,12
3/3/18-13:17:22,123,69,144,63,5,2,31.00,28.00,7,10,11
3/3/18-13:18:23,125,69,112,58,3,1,31.00,27.00,6,8,8
3/3/18-13:19:24,124,68,164,83,4,3,31.00,28.00,7,8,8
3/3/18-13:20:25,122,65,106,55,3,2,31.00,28.00,6,9,9
3/3/18-13:21:26,127,71,114,57,2,0,31.00,28.00,6,9,9
3/3/18-13:22:27,125,69,139,120,2,0,31.00,28.00,6,7,7
3/3/18-13:23:28,125,69,110,60,2,0,31.00,28.00,6,8,8
3/3/18-13:24:29,122,67,123,71,4,0,31.00,28.00,6,8,10
3/3/18-13:25:30,124,66,140,64,3,1,31.00,28.00,6,8,10
3/3/18-13:26:31,123,67,150,82,5,3,31.00,28.00,8,11,11
3/3/18-13:27:32,123,69,135,68,3,2,31.00,28.00,9,12,12
3/3/18-13:28:33,123,69,148,76,2,1,31.00,28.00,9,12,15
3/3/18-13:29:34,124,68,146,83,4,2,31.00,28.00,9,12,15
3/3/18-13:30:35,125,69,163,159,3,2,31.00,28.00,8,10,10
3/3/18-13:31:36,123,68,156,103,3,2,31.00,28.00,8,10,10
3/3/18-13:32:37,122,68,145,77,5,2,31.00,28.00,9,12,14
3/3/18-13:33:38,121,70,194,102,5,2,31.00,28.00,9,12,14
3/3/18-13:34:39,122,69,116,56,4,3,31.00,28.00,19,24,25
3/3/18-13:35:40,121,69,167,92,5,3,31.00,28.00,18,23,24
3/3/18-13:36:41,123,67,120,54,3,3,31.00,28.00,10,13,13
3/3/18-13:37:42,123,70,138,73,3,2,31.00,28.00,10,13,13
3/3/18-13:38:43,122,70,134,69,3,2,31.00,28.00,10,13,13
3/3/18-13:39:44,122,66,113,55,3,2,31.00,28.00,9,13,13
3/3/18-13:40:45,122,68,144,83,5,2,31.00,28.00,9,11,11
3/3/18-13:41:46,123,69,142,74,4,1,31.00,28.00,8,11,12
3/3/18-13:42:47,121,67,126,63,4,1,31.00,28.00,6,9,10
3/3/18-13:43:48,123,66,111,55,5,2,31.00,28.00,5,8,9
3/3/18-13:44:49,122,70,125,73,4,2,31.00,28.00,10,12,12
3/3/18-13:45:50,120,67,134,77,5,2,31.00,28.00,10,12,12
3/3/18-13:46:51,124,71,137,68,3,2,31.00,28.00,7,9,9
3/3/18-13:47:52,121,65,104,50,5,3,31.00,28.00,7,9,9
3/3/18-13:48:53,121,68,139,68,5,2,31.00,28.00,7,9,11
3/3/18-13:49:54,122,69,137,84,3,0,31.00,28.00,7,9,10
3/3/18-13:50:55,122,68,148,120,4,0,31.00,28.00,8,11,11
3/3/18-13:51:56,121,68,121,60,4,1,30.00,29.00,8,11,11
3/3/18-13:52:57,123,70,166,73,4,1,31.00,28.00,8,9,10
3/3/18-13:53:58,122,70,136,61,4,3,30.00,29.00,7,9,9
3/3/18-13:54:59,123,69,127,67,2,1,30.00,29.00,5,7,8
3/3/18-13:56:0,121,65,150,86,7,5,31.00,28.00,5,7,8
3/3/18-13:57:1,120,66,157,85,5,3,31.00,28.00,5,7,8
3/3/18-13:58:2,122,70,139,67,4,4,30.00,29.00,5,7,8
3/3/18-13:59:3,122,68,126,68,5,2,31.00,28.00,5,6,6
3/3/18-14:0:4,121,66,129,53,3,3,30.00,29.00,5,6,6
3/3/18-14:1:5,122,70,142,83,4,1,30.00,29.00,5,8,9
3/3/18-14:2:6,122,67,138,79,4,1,31.00,28.00,5,8,9
3/3/18-14:3:7,122,69,139,101,6,0,30.00,29.00,7,9,10
3/3/18-14:4:8,119,67,115,55,5,4,31.00,28.00,7,9,10
3/3/18-14:5:9,121,68,145,74,4,2,29.00,29.00,5,6,7
3/3/18-14:6:10,121,73,153,74,4,2,31.00,29.00,5,6,7
3/3/18-14:7:11,122,70,167,108,5,3,30.00,29.00,5,7,7
3/3/18-14:8:12,119,67,162,99,5,2,30.00,29.00,5,7,7
3/3/18-14:9:13,121,70,148,71,3,1,30.00,29.00,4,7,9
3/3/18-14:10:14,123,71,135,68,4,2,30.00,29.00,4,7,9
3/3/18-14:11:15,121,69,152,66,4,3,30.00,29.00,6,8,10
3/3/18-14:12:16,120,68,165,75,6,2,30.00,29.00,6,8,10
3/3/18-14:13:17,121,69,126,89,5,2,30.00,29.00,4,6,6
3/3/18-14:14:18,121,70,149,71,3,2,30.00,29.00,4,6,6
3/3/18-14:15:19,120,67,130,62,5,3,30.00,29.00,4,6,7
3/3/18-14:16:20,120,68,144,68,5,3,30.00,29.00,4,6,7
3/3/18-14:17:21,118,64,144,64,4,3,30.00,29.00,4,5,5
3/3/18-14:18:22,120,69,184,116,5,4,30.00,29.00,4,5,5
3/3/18-14:19:23,119,68,115,59,4,4,30.00,29.00,3,4,5
3/3/18-14:20:24,120,64,152,64,4,3,30.00,29.00,3,4,5
3/3/18-14:21:25,122,72,129,80,3,0,30.00,29.00,3,5,5
3/3/18-14:22:26,118,69,155,79,6,2,30.00,29.00,3,4,4
3/3/18-14:23:27,119,69,157,82,5,1,30.00,29.00,15,23,24
3/3/18-14:24:28,121,68,168,99,5,2,30.00,29.00,15,23,24
3/3/18-14:25:29,123,68,167,114,5,3,30.00,29.00,8,12,12
3/3/18-14:26:30,119,68,132,84,5,3,30.00,29.00,8,12,12
3/3/18-14:27:31,117,66,152,103,4,3,30.00,29.00,4,5,5
3/3/18-14:28:32,120,69,133,58,3,4,30.00,29.00,4,5,5
3/3/18-14:29:33,121,68,131,66,3,1,30.00,29.00,2,4,4
3/3/18-14:30:34,119,67,136,66,4,2,30.00,29.00,2,4,4
3/3/18-14:31:35,120,66,133,73,5,3,30.00,29.00,1,3,3
3/3/18-14:32:36,121,68,134,81,2,2,29.00,29.00,1,3,3
3/3/18-14:33:37,121,67,141,54,5,2,31.00,29.00,2,4,5
3/3/18-14:34:38,121,68,161,118,5,2,30.00,29.00,2,4,5
3/3/18-14:35:39,119,63,144,62,4,4,30.00,29.00,3,5,5
3/3/18-14:36:40,120,69,151,69,4,1,30.00,29.00,3,5,5
3/3/18-14:37:41,120,68,156,100,5,4,30.00,29.00,5,7,8
3/3/18-14:38:42,121,69,169,112,4,1,30.00,29.00,5,6,7
3/3/18-14:39:43,118,69,120,61,6,1,30.00,29.00,3,5,5
3/3/18-14:40:44,119,67,153,83,5,3,30.00,29.00,3,5,5
3/3/18-14:41:45,119,69,163,88,4,0,30.00,29.00,3,5,7
3/3/18-14:42:46,120,68,141,74,4,2,30.00,29.00,3,5,8
3/3/18-14:43:47,119,70,161,98,3,3,30.00,29.00,2,3,3
3/3/18-14:44:48,117,67,170,79,5,2,30.00,29.00,2,3,3
3/3/18-14:45:49,119,66,133,68,5,3,30.00,29.00,4,5,5
3/3/18-14:46:50,119,65,150,80,4,2,30.00,29.00,4,5,5
3/3/18-14:47:51,119,74,134,59,5,3,30.00,30.00,1,2,2
3/3/18-14:48:52,118,67,130,50,4,3,30.00,29.00,1,2,2
3/3/18-14:49:53,121,68,146,70,4,1,29.00,29.00,2,3,3
3/3/18-14:50:54,118,66,147,72,5,2,30.00,30.00,2,2,2
3/3/18-14:51:55,120,66,124,57,4,2,30.00,29.00,2,2,2
3/3/18-14:52:56,119,65,128,56,3,3,30.00,29.00,2,2,2
3/3/18-14:53:57,120,66,132,68,5,3,30.00,29.00,1,1,1
3/3/18-14:54:58,119,67,136,66,2,1,30.00,30.00,1,2,2
3/3/18-14:55:59,120,66,147,85,5,3,30.00,29.00,2,3,4
3/3/18-14:57:0,118,64,132,68,4,4,30.00,29.00,2,3,4
3/3/18-14:58:1,120,66,129,67,5,3,30.00,30.00,4,6,6
3/3/18-14:59:2,120,67,159,68,5,2,30.00,30.00,4,6,6
3/3/18-15:0:3,118,70,155,89,5,3,30.00,30.00,6,9,9
3/3/18-15:1:4,118,65,138,59,4,2,30.00,30.00,6,9,9
3/3/18-15:2:5,121,69,157,70,4,1,29.00,29.00,3,6,6
3/3/18-15:3:6,121,67,142,68,5,3,30.00,30.00,3,6,6
3/3/18-15:4:7,120,68,153,68,4,1,30.00,30.00,1,3,3
3/3/18-15:5:8,117,66,136,64,3,1,30.00,30.00,1,3,3
3/3/18-15:6:9,121,66,161,67,4,2,30.00,30.00,1,3,4
3/3/18-15:7:10,120,67,157,71,4,4,30.00,30.00,1,3,4
3/3/18-15:8:11,119,65,133,57,4,1,30.00,30.00,1,2,2
3/3/18-15:9:12,117,67,144,73,5,3,30.00,30.00,1,2,2
3/3/18-15:10:13,119,65,109,48,3,0,30.00,29.00,1,2,3
3/3/18-15:11:14,118,68,163,75,4,1,30.00,30.00,1,2,3
3/3/18-15:12:15,120,67,145,68,5,2,30.00,30.00,2,2,2
3/3/18-15:13:16,120,69,133,64,3,2,30.00,30.00,2,2,2
3/3/18-15:14:17,116,65,116,52,4,2,30.00,30.00,2,2,2
3/3/18-15:15:18,121,65,136,75,4,2,30.00,30.00,1,2,2
3/3/18-15:16:19,117,67,169,103,5,4,30.00,30.00,1,2,4
3/3/18-15:17:20,119,64,140,72,7,3,30.00,30.00,1,2,2
3/3/18-15:18:21,116,64,130,50,5,3,30.00,30.00,1,2,2
3/3/18-15:19:22,118,66,140,84,5,1,30.00,30.00,0,3,3
3/3/18-15:20:23,119,68,138,74,4,2,30.00,30.00,0,3,3
3/3/18-15:21:24,119,68,142,66,4,1,30.00,30.00,1,2,2
3/3/18-15:22:25,116,62,140,50,5,3,29.00,30.00,1,2,2
3/3/18-15:23:26,118,67,176,106,4,2,29.00,30.00,1,2,2
3/3/18-15:24:27,117,66,141,77,6,2,30.00,30.00,1,2,2
3/3/18-15:25:28,118,67,170,93,4,2,30.00,30.00,1,2,2
3/3/18-15:26:29,119,66,163,96,5,2,0.00,0.00,1,2,2
3/3/18-15:27:30,118,61,132,69,4,2,30.00,30.00,1,2,2
3/3/18-15:28:31,119,69,159,71,4,1,29.00,30.00,1,2,2
3/3/18-15:29:32,119,68,157,86,4,2,30.00,30.00,1,2,2
3/3/18-15:30:33,118,66,144,66,4,3,30.00,30.00,1,2,2
3/3/18-15:31:34,117,65,137,74,4,2,30.00,30.00,1,2,2
3/3/18-15:32:35,119,67,133,66,3,3,30.00,30.00,1,2,2
3/3/18-15:33:36,118,65,149,94,4,3,30.00,30.00,1,2,3
3/3/18-15:34:37,118,66,162,116,2,0,30.00,30.00,0,2,3
3/3/18-15:35:38,117,65,128,59,4,2,30.00,30.00,1,3,3
3/3/18-15:36:39,118,69,146,64,3,2,30.00,30.00,1,3,3
3/3/18-15:37:40,116,66,155,123,4,2,30.00,30.00,2,3,3
3/3/18-15:38:41,115,69,152,81,5,2,30.00,30.00,2,3,3
3/3/18-15:39:42,117,66,140,63,4,1,30.00,30.00,1,2,2
3/3/18-15:40:43,119,68,134,80,3,1,28.00,30.00,1,2,2
3/3/18-15:41:44,120,67,165,88,3,2,29.00,31.00,1,1,1
3/3/18-15:42:45,117,67,143,88,5,1,30.00,30.00,1,1,1
3/3/18-15:43:46,116,64,131,59,4,2,30.00,30.00,1,2,4
3/3/18-15:44:47,120,66,160,78,5,2,30.00,30.00,1,2,4
3/3/18-15:45:48,118,62,166,77,4,1,30.00,30.00,1,3,4
3/3/18-15:46:49,119,66,126,64,5,3,30.00,30.00,1,3,4
3/3/18-15:47:50,115,66,132,73,4,1,30.00,30.00,1,2,2
3/3/18-15:48:51,119,67,152,60,3,1,29.00,31.00,1,2,2
3/3/18-15:49:52,117,61,152,73,5,1,29.00,31.00,1,1,2
3/3/18-15:50:53,118,69,145,99,5,1,29.00,31.00,1,1,2
3/3/18-15:51:54,118,68,188,86,4,3,30.00,30.00,1,2,2
3/3/18-15:52:55,113,65,109,51,6,4,30.00,30.00,1,2,2
3/3/18-15:53:56,116,63,163,97,6,2,30.00,30.00,0,2,2
3/3/18-15:54:57,118,69,129,78,4,0,30.00,30.00,1,1,1
3/3/18-15:55:58,118,66,120,62,5,3,30.00,30.00,2,4,4
3/3/18-15:56:59,115,65,129,58,4,3,30.00,30.00,2,4,4
3/3/18-15:58:0,116,67,137,66,3,1,28.00,30.00,1,2,3
3/3/18-15:59:1,117,67,165,92,5,2,29.00,31.00,1,2,3
3/3/18-16:0:2,115,67,143,71,6,2,29.00,30.00,1,2,2
3/3/18-16:1:3,116,64,121,58,4,3,29.00,31.00,1,2,2
3/3/18-16:2:4,118,69,111,57,4,1,30.00,30.00,1,2,3
3/3/18-16:3:5,118,68,134,67,5,0,30.00,30.00,1,2,3
3/3/18-16:4:6,116,66,134,67,3,1,30.00,30.00,1,2,2
3/3/18-16:5:7,116,66,157,78,5,3,30.00,30.00,1,2,2
3/3/18-16:6:8,115,65,130,53,4,2,30.00,30.00,2,3,4
3/3/18-16:7:9,117,69,154,64,4,1,30.00,30.00,2,3,4
3/3/18-16:8:10,116,64,146,88,4,3,29.00,31.00,1,2,2
3/3/18-16:9:11,116,64,175,82,4,3,29.00,31.00,1,2,2
3/3/18-16:10:12,113,60,132,58,7,3,30.00,30.00,0,1,1
3/3/18-16:11:13,116,64,134,64,4,3,30.00,30.00,0,1,1
3/3/18-16:12:14,117,62,137,72,5,3,30.00,30.00,1,2,2
3/3/18-16:13:15,116,64,142,75,5,2,30.00,30.00,1,1,1
3/3/18-16:14:16,116,61,132,63,5,4,30.00,30.00,1,2,2
3/3/18-16:15:17,116,63,139,63,4,1,28.00,31.00,1,2,2
3/3/18-16:16:18,116,64,136,82,5,2,30.00,30.00,0,1,1
3/3/18-16:17:19,116,64,150,78,5,3,30.00,30.00,1,2,2
3/3/18-16:18:20,115,66,136,65,4,1,30.00,30.00,1,2,2
3/3/18-16:19:21,115,64,114,47,3,2,30.00,30.00,1,2,2
3/3/18-16:20:22,117,65,160,91,5,3,30.00,30.00,1,2,2
3/3/18-16:21:23,116,66,123,69,4,1,30.00,30.00,1,2,2
3/3/18-16:22:24,116,65,131,65,5,3,30.00,30.00,1,2,2
3/3/18-16:23:25,115,63,125,52,4,2,30.00,30.00,1,2,2
3/3/18-16:24:26,116,64,152,79,4,1,30.00,30.00,2,3,3
3/3/18-16:25:27,117,64,160,97,6,3,30.00,30.00,2,3,3
3/3/18-16:26:28,114,62,143,82,7,2,30.00,30.00,1,1,2
3/3/18-16:27:29,116,64,126,63,4,3,29.00,31.00,1,1,2
3/3/18-16:28:30,117,64,126,69,5,2,29.00,31.00,1,1,1
3/3/18-16:29:31,115,65,156,88,5,3,30.00,30.00,1,1,1
3/3/18-16:30:32,116,63,137,66,4,1,30.00,30.00,1,1,1
3/3/18-16:31:33,116,67,156,82,4,3,29.00,31.00,1,1,1
3/3/18-16:32:34,117,69,157,70,4,1,29.00,31.00,1,1,1
3/3/18-16:33:35,117,65,180,109,5,3,29.00,31.00,1,1,1
3/3/18-16:34:36,117,64,182,136,5,3,29.00,30.00,0,2,2
3/3/18-16:35:37,115,64,155,92,5,3,30.00,30.00,0,2,2
3/3/18-16:36:38,115,64,132,53,4,3,29.00,31.00,1,2,4
3/3/18-16:37:39,118,64,133,59,4,4,29.00,31.00,1,2,4
3/3/18-16:38:40,116,64,135,85,5,4,28.00,31.00,1,1,1
3/3/18-16:39:41,114,64,173,99,6,2,30.00,30.00,1,1,1
3/3/18-16:40:42,114,62,126,58,4,3,29.00,31.00,1,1,1
3/3/18-16:41:43,116,67,153,80,4,3,29.00,31.00,1,1,1
3/3/18-16:42:44,116,64,144,68,5,3,29.00,31.00,1,3,4
3/3/18-16:43:45,115,66,167,135,4,2,29.00,31.00,1,3,4
3/3/18-16:44:46,113,64,133,66,5,2,29.00,31.00,1,1,1
3/3/18-16:45:47,116,67,147,86,4,1,28.00,31.00,1,1,1
3/3/18-16:46:48,117,64,140,69,6,3,31.00,30.00,1,2,2
3/3/18-16:47:49,115,64,139,68,6,3,29.00,31.00,1,2,2
3/3/18-16:48:50,115,65,153,73,4,2,29.00,31.00,2,3,3
3/3/18-16:49:51,113,64,169,97,4,2,29.00,31.00,2,3,3
3/3/18-16:50:52,115,67,149,66,7,2,29.00,31.00,1,2,2
3/3/18-16:51:53,116,68,158,97,4,1,30.00,30.00,1,2,3
3/3/18-16:52:54,115,63,125,70,4,1,29.00,31.00,2,2,2
3/3/18-16:53:55,112,62,127,52,5,3,29.00,30.00,2,2,2
3/3/18-16:54:56,114,65,130,74,7,4,29.00,31.00,1,2,4
3/3/18-16:55:57,115,65,159,64,4,1,30.00,30.00,1,2,3
3/3/18-16:56:58,115,65,147,73,4,1,29.00,31.00,1,2,3
3/3/18-16:57:59,113,60,137,62,5,3,29.00,31.00,1,2,2
3/3/18-16:59:0,117,68,131,67,4,3,29.00,31.00,1,3,4
3/3/18-17:0:1,114,66,162,85,5,1,29.00,31.00,2,3,3
3/3/18-17:1:2,117,66,152,69,4,3,29.00,31.00,2,3,3
3/3/18-17:2:3,112,63,119,59,5,4,30.00,30.00,2,2,2
3/3/18-17:3:4,116,66,154,77,4,2,28.00,31.00,2,2,2
3/3/18-17:4:5,116,65,172,99,7,4,30.00,30.00,2,5,5
3/3/18-17:5:6,115,66,148,78,4,1,30.00,30.00,2,5,5
3/3/18-17:6:7,116,59,124,94,4,3,29.00,31.00,2,3,3
3/3/18-17:7:8,114,63,133,105,4,4,29.00,31.00,2,3,3
3/3/18-17:8:9,116,63,163,82,4,1,29.00,31.00,1,2,2
3/3/18-17:9:10,114,70,133,63,6,1,29.00,31.00,1,2,2
3/3/18-17:10:11,115,64,128,82,5,3,30.00,30.00,1,2,2
3/3/18-17:11:12,114,65,169,73,4,3,30.00,30.00,1,2,2
3/3/18-17:12:13,116,66,160,77,6,2,29.00,31.00,1,3,4
3/3/18-17:13:14,113,67,143,65,7,2,29.00,31.00,1,3,4
3/3/18-17:14:15,116,66,160,77,4,2,28.00,31.00,1,2,2
3/3/18-17:15:16,113,64,141,58,5,2,29.00,31.00,1,2,2
3/3/18-17:16:17,114,65,172,98,5,3,27.00,31.00,0,1,1
3/3/18-17:17:18,116,65,142,82,4,1,30.00,31.00,0,1,1
3/3/18-17:18:19,116,62,143,71,7,3,29.00,31.00,2,2,2
3/3/18-17:19:20,114,65,149,70,4,2,29.00,31.00,2,2,2
3/3/18-17:20:21,115,64,150,55,4,2,29.00,31.00,1,2,3
3/3/18-17:21:22,116,66,155,105,5,2,29.00,31.00,1,2,3
3/3/18-17:22:23,117,67,145,67,2,0,29.00,31.00,1,3,3
3/3/18-17:23:24,114,65,130,67,5,3,30.00,30.00,1,3,3
3/3/18-17:24:25,115,63,145,97,3,1,28.00,31.00,1,1,3
3/3/18-17:25:26,115,65,119,60,5,3,28.00,31.00,1,1,3
3/3/18-17:26:27,115,66,159,74,5,3,29.00,31.00,2,3,3
3/3/18-17:27:28,114,67,147,79,4,1,29.00,31.00,2,2,2
3/3/18-17:28:29,112,62,135,65,5,3,29.00,31.00,1,3,3
3/3/18-17:29:30,117,66,152,83,3,2,112.00,31.00,1,3,3
3/3/18-17:30:31,116,65,163,78,5,3,29.00,31.00,1,2,2
3/3/18-17:31:32,116,66,163,80,3,1,29.00,31.00,1,2,2
3/3/18-17:32:33,113,63,124,54,6,2,28.00,31.00,2,2,5
3/3/18-17:33:34,114,66,147,58,5,2,28.00,31.00,2,2,5
3/3/18-17:34:35,116,67,139,70,5,2,29.00,31.00,2,2,2
3/3/18-17:35:36,114,66,141,65,4,3,29.00,31.00,2,2,2
3/3/18-17:36:37,114,65,126,62,4,0,28.00,31.00,1,2,2
3/3/18-17:37:38,114,64,141,83,5,3,29.00,31.00,1,2,2
3/3/18-17:38:39,116,65,152,104,4,1,29.00,31.00,2,3,3
3/3/18-17:39:40,114,66,131,65,3,2,29.00,31.00,2,2,2
3/3/18-17:40:41,115,65,148,118,4,3,29.00,31.00,1,2,2
3/3/18-17:41:42,114,66,128,53,4,3,29.00,31.00,1,2,2
3/3/18-17:42:43,114,64,133,77,4,3,29.00,31.00,1,2,2
3/3/18-17:43:44,114,64,153,81,5,1,29.00,31.00,2,2,2
3/3/18-17:44:45,115,67,160,85,4,2,29.00,31.00,1,2,2
3/3/18-17:45:46,113,63,173,87,4,3,29.00,31.00,1,2,2
3/3/18-17:46:47,114,65,151,71,6,3,29.00,31.00,1,2,2
3/3/18-17:47:48,115,66,165,91,4,3,29.00,32.00,1,2,2
3/3/18-17:48:49,115,66,159,67,4,1,28.00,32.00,1,1,1
3/3/18-17:49:50,111,63,137,79,4,2,28.00,32.00,1,1,1
3/3/18-17:50:51,113,64,158,75,5,2,29.00,31.00,1,1,1
3/3/18-17:51:52,115,65,144,72,4,1,29.00,32.00,1,1,1
3/3/18-17:52:53,112,65,129,64,5,3,29.00,32.00,1,3,3
3/3/18-17:53:54,112,65,142,103,4,1,28.00,32.00,1,3,3
3/3/18-17:54:55,110,65,153,67,4,3,29.00,32.00,1,2,2
3/3/18-17:55:56,112,65,170,77,6,3,29.00,32.00,1,2,2
3/3/18-17:56:57,113,67,173,88,5,1,29.00,32.00,1,2,2
3/3/18-17:57:58,110,65,144,71,5,1,28.00,32.00,1,2,2
3/3/18-17:58:59,109,64,175,89,6,5,29.00,32.00,1,2,2
3/3/18-18:0:0,112,62,170,87,5,3,29.00,32.00,1,2,2
3/3/18-18:1:1,110,67,148,66,7,2,29.00,32.00,2,2,2
3/3/18-18:2:2,112,65,163,81,4,2,28.00,32.00,1,2,2
3/3/18-18:3:3,111,60,162,85,5,3,28.00,32.00,0,1,1
3/3/18-18:4:4,111,64,145,91,9,4,29.00,32.00,0,1,1
3/3/18-18:5:5,111,63,141,73,7,2,29.00,32.00,2,3,3
3/3/18-18:6:6,113,66,145,81,5,3,29.00,32.00,2,3,3
3/3/18-18:7:7,110,63,135,53,4,3,29.00,32.00,1,1,1
3/3/18-18:8:8,113,66,155,83,4,0,29.00,32.00,1,1,1
3/3/18-18:9:9,112,65,154,83,5,2,29.00,32.00,2,2,2
3/3/18-18:10:10,112,67,158,75,4,2,29.00,32.00,1,2,2
3/3/18-18:11:11,109,63,129,55,4,2,29.00,32.00,1,2,2
3/3/18-18:12:12,112,64,149,78,5,3,28.00,32.00,1,2,2
3/3/18-18:13:13,113,66,164,85,4,2,29.00,31.00,1,2,2
3/3/18-18:14:14,112,64,148,68,4,3,29.00,32.00,1,2,2
3/3/18-18:15:15,113,63,148,88,2,1,29.00,32.00,1,3,3
3/3/18-18:16:16,111,63,133,69,6,3,29.00,32.00,1,3,3
3/3/18-18:17:17,113,67,145,71,4,1,28.00,32.00,1,2,2
3/3/18-18:18:18,114,67,125,64,6,3,28.00,32.00,1,1,1
3/3/18-18:19:19,113,67,138,76,4,0,29.00,32.00,1,2,2
3/3/18-18:20:20,111,62,136,52,3,2,29.00,32.00,1,2,2
3/3/18-18:21:21,113,64,140,73,5,3,28.00,32.00,1,3,3
3/3/18-18:22:22,112,60,142,79,4,2,29.00,32.00,1,2,2
3/3/18-18:23:23,113,67,131,67,2,1,29.00,31.00,1,1,2
3/3/18-18:24:24,109,63,129,60,5,4,28.00,32.00,1,1,2
3/3/18-18:25:25,114,64,133,81,5,3,28.00,31.00,1,1,1
3/3/18-18:26:26,114,73,132,73,4,1,29.00,31.00,1,1,1
3/3/18-18:27:27,114,63,127,70,4,1,29.00,31.00,1,2,2
3/3/18-18:28:28,111,62,143,95,5,3,29.00,31.00,1,2,2
3/3/18-18:29:29,112,63,125,55,4,3,29.00,31.00,1,1,1
3/3/18-18:30:30,113,64,142,68,4,2,29.00,31.00,1,1,1
3/3/18-18:31:31,115,66,133,83,5,2,29.00,31.00,1,2,2
3/3/18-18:32:32,113,64,162,84,4,1,29.00,31.00,1,2,2
3/3/18-18:33:33,110,62,151,66,4,2,29.00,31.00,0,1,1
3/3/18-18:34:34,112,64,168,115,5,4,28.00,32.00,0,1,1
3/3/18-18:35:35,113,63,144,64,3,3,29.00,31.00,1,1,1
3/3/18-18:36:36,114,65,134,77,3,1,29.00,31.00,1,1,1
3/3/18-18:37:37,110,63,135,63,7,3,29.00,31.00,2,2,2
3/3/18-18:38:38,112,64,145,89,4,3,28.00,31.00,2,2,2
3/3/18-18:39:39,113,66,153,77,6,2,29.00,31.00,1,3,3
3/3/18-18:40:40,114,67,133,71,5,1,29.00,32.00,1,3,3
3/3/18-18:41:41,113,64,149,87,5,3,29.00,32.00,1,2,3
3/3/18-18:42:42,113,68,127,56,4,2,29.00,31.00,1,2,3
3/3/18-18:43:43,113,66,138,63,7,3,29.00,31.00,1,3,3
3/3/18-18:44:44,113,66,146,73,4,3,29.00,31.00,1,3,3
3/3/18-18:45:45,111,64,130,72,3,3,29.00,31.00,1,2,2
3/3/18-18:46:46,112,63,126,68,3,2,29.00,31.00,1,2,2
3/3/18-18:47:47,112,64,139,76,6,4,28.00,31.00,1,2,3
3/3/18-18:48:48,114,66,149,80,5,3,29.00,31.00,2,3,4
3/3/18-18:49:49,112,66,188,115,4,3,29.00,32.00,1,2,2
3/3/18-18:50:50,110,64,135,64,5,2,29.00,32.00,1,2,2
3/3/18-18:51:51,112,66,147,77,4,1,27.00,32.00,1,3,3
3/3/18-18:52:52,112,64,130,65,6,4,30.00,32.00,1,3,3
3/3/18-18:53:53,111,63,142,87,5,1,29.00,32.00,1,3,3
3/3/18-18:54:54,110,64,152,102,3,1,29.00,32.00,1,3,3
3/3/18-18:55:55,113,65,126,62,4,2,29.00,32.00,3,3,3
3/3/18-18:56:56,112,64,143,71,5,2,29.00,32.00,3,3,3
3/3/18-18:57:57,113,64,143,75,5,2,28.00,32.00,2,3,4
3/3/18-18:58:58,114,65,157,111,4,0,29.00,32.00,2,3,4
3/3/18-18:59:59,110,62,139,80,6,3,29.00,32.00,1,2,2
3/3/18-19:1:0,112,66,123,67,6,2,29.00,32.00,1,2,2
3/3/18-19:2:1,112,63,212,108,6,1,28.00,32.00,2,4,5
3/3/18-19:3:2,113,65,151,68,4,1,29.00,31.00,2,4,5
3/3/18-19:4:3,110,62,164,95,6,4,29.00,31.00,1,3,5
3/3/18-19:5:4,115,66,158,86,4,3,27.00,31.00,1,3,5
3/3/18-19:6:5,111,65,150,66,7,2,30.00,31.00,2,3,5
3/3/18-19:7:6,114,64,135,66,5,3,29.00,32.00,2,4,6
3/3/18-19:8:7,111,67,164,82,4,1,29.00,31.00,1,3,4
3/3/18-19:9:8,113,65,140,56,3,0,29.00,31.00,1,3,4
3/3/18-19:10:9,113,65,163,75,7,3,29.00,31.00,2,5,7
3/3/18-19:11:10,112,65,146,73,6,3,29.00,31.00,2,5,6
3/3/18-19:12:11,113,63,152,75,4,2,29.00,31.00,2,3,3
3/3/18-19:13:12,112,64,147,71,6,4,29.00,31.00,2,3,3
3/3/18-19:14:13,116,67,150,71,4,2,29.00,31.00,2,3,3
3/3/18-19:15:14,116,65,162,90,5,3,29.00,31.00,2,3,3
3/3/18-19:16:15,114,66,139,70,4,1,28.00,31.00,2,3,3
3/3/18-19:17:16,115,66,134,65,4,2,30.00,30.00,2,3,3
3/3/18-19:18:17,115,64,157,83,4,1,27.00,31.00,2,3,5
3/3/18-19:19:18,116,67,177,110,4,1,31.00,30.00,2,3,5
3/3/18-19:20:19,116,65,136,67,3,1,29.00,31.00,2,3,4
3/3/18-19:21:20,113,65,159,83,6,1,29.00,31.00,2,3,4
3/3/18-19:22:21,116,64,154,73,5,3,30.00,30.00,1,3,3
3/3/18-19:23:22,116,64,143,75,5,3,30.00,30.00,1,3,3
3/3/18-19:24:23,115,66,139,73,6,2,30.00,30.00,2,3,5
3/3/18-19:25:24,114,64,160,91,5,2,30.00,30.00,2,3,5
3/3/18-19:26:25,114,63,164,63,3,2,30.00,30.00,2,3,3
3/3/18-19:27:26,116,65,188,91,6,3,30.00,30.00,2,3,3
3/3/18-19:28:27,117,66,162,87,6,1,30.00,30.00,1,2,2
3/3/18-19:29:28,115,62,140,69,7,3,30.00,30.00,1,2,2
3/3/18-19:30:29,116,64,173,109,7,4,29.00,30.00,11,20,22
3/3/18-19:31:30,116,64,163,96,6,2,30.00,30.00,11,19,20
3/3/18-19:32:31,119,67,156,85,6,2,30.00,30.00,7,11,19
3/3/18-19:33:32,114,63,146,82,6,4,30.00,30.00,7,11,19
3/3/18-19:34:33,118,65,174,84,5,3,30.00,29.00,29,49,62
3/3/18-19:35:34,117,66,190,128,6,3,30.00,29.00,29,49,62
3/3/18-19:36:35,116,64,163,77,6,3,30.00,29.00,24,38,48
3/3/18-19:37:36,114,59,182,94,7,4,30.00,30.00,24,38,48
3/3/18-19:38:37,117,63,157,72,4,3,30.00,29.00,34,51,64
3/3/18-19:39:38,117,64,162,79,7,4,30.00,29.00,33,51,64
3/3/18-19:40:39,117,71,208,143,6,1,30.00,29.00,100,160,180
3/3/18-19:41:40,117,66,158,76,5,3,30.00,29.00,100,160,178
3/3/18-19:42:41,115,69,187,123,9,1,29.00,29.00,75,127,137
3/3/18-19:43:42,118,67,187,113,7,3,30.00,29.00,79,134,144
3/3/18-19:44:43,118,67,207,131,10,1,30.00,29.00,214,386,435
3/3/18-19:45:44,113,65,174,87,10,7,30.00,29.00,214,385,435
3/3/18-19:46:45,119,68,177,90,8,1,30.00,29.00,38,66,77
3/3/18-19:47:46,118,69,177,99,7,3,30.00,29.00,33,54,70
3/3/18-19:48:47,119,66,157,79,7,3,30.00,29.00,23,34,44
3/3/18-19:49:48,117,66,159,77,7,3,30.00,29.00,22,34,44
3/3/18-19:50:49,117,67,172,81,7,3,30.00,29.00,19,28,30
3/3/18-19:51:50,119,67,171,79,9,3,30.00,29.00,19,28,30
3/3/18-19:52:51,115,64,171,97,8,4,30.00,29.00,19,29,29
3/3/18-19:53:52,118,67,166,84,7,3,30.00,29.00,19,28,28
3/3/18-19:54:53,118,63,144,70,5,2,30.00,29.00,11,17,20
3/3/18-19:55:54,118,70,161,77,6,2,30.00,29.00,11,17,20
3/3/18-19:56:55,119,64,175,95,9,2,30.00,29.00,9,12,15
3/3/18-19:57:56,119,66,164,89,8,2,30.00,29.00,9,12,16
3/3/18-19:58:57,116,62,152,69,9,3,31.00,28.00,8,11,12
3/3/18-19:59:58,119,65,173,89,11,1,30.00,29.00,8,11,12
3/3/18-20:0:59,118,66,192,112,10,2,31.00,28.00,16,21,22
3/3/18-20:2:0,115,63,169,89,11,3,31.00,28.00,16,21,21
3/3/18-20:3:1,120,65,188,98,11,3,30.00,28.00,18,26,28
3/3/18-20:4:1,120,63,170,79,13,4,31.00,28.00,19,27,29
3/3/18-20:5:2,120,73,183,98,14,3,31.00,28.00,19,24,24
3/3/18-20:6:3,119,64,184,117,14,1,31.00,28.00,19,23,23
3/3/18-20:7:4,119,65,179,103,18,2,31.00,28.00,19,24,24
3/3/18-20:8:5,118,63,170,74,12,4,31.00,28.00,19,24,24
3/3/18-20:9:6,120,67,161,80,12,1,31.00,28.00,12,17,19
3/3/18-20:10:7,119,66,165,83,11,1,31.00,27.00,12,17,19
3/3/18-20:11:8,118,67,167,95,12,3,31.00,27.00,9,14,14
3/3/18-20:12:9,120,64,147,65,13,3,32.00,26.00,9,14,14
3/3/18-20:13:10,121,63,171,99,14,2,31.00,27.00,13,15,17
3/3/18-20:14:11,121,65,167,84,14,1,32.00,26.00,13,16,17
3/3/18-20:15:12,119,66,165,85,13,1,31.00,27.00,12,15,15
3/3/18-20:16:13,116,62,152,71,13,4,31.00,27.00,12,15,15
3/3/18-20:17:14,119,65,159,77,13,1,32.00,26.00,10,12,14
3/3/18-20:18:15,121,65,164,88,16,3,31.00,27.00,10,12,14
3/3/18-20:19:16,120,64,164,82,15,3,32.00,26.00,8,11,11
3/3/18-20:20:17,120,66,160,73,13,2,31.00,27.00,8,11,11
3/3/18-20:21:18,123,65,162,83,17,3,31.00,27.00,13,16,17
3/3/18-20:22:19,123,74,158,78,15,1,32.00,26.00,13,17,18
3/3/18-20:23:20,121,66,152,79,17,3,32.00,26.00,10,12,13
3/3/18-20:24:21,119,64,152,66,20,2,32.00,26.00,10,12,13
3/3/18-20:25:22,119,64,153,79,16,3,32.00,26.00,8,11,11
3/3/18-20:26:23,121,66,158,76,15,2,32.00,26.00,8,10,10
3/3/18-20:27:24,121,65,164,82,15,2,32.00,26.00,7,12,12
3/3/18-20:28:25,121,64,151,69,16,4,32.00,26.00,7,12,12
3/3/18-20:29:26,123,71,161,82,17,2,32.00,26.00,12,18,22
3/3/18-20:30:27,120,65,164,93,19,1,32.00,26.00,13,20,25
3/3/18-20:31:28,123,65,158,78,19,3,32.00,26.00,7,9,11
3/3/18-20:32:29,120,63,146,65,15,2,32.00,26.00,7,9,11
3/3/18-20:33:30,121,65,153,79,16,1,32.00,26.00,7,9,10
3/3/18-20:34:31,120,68,150,76,19,1,32.00,26.00,6,9,9
3/3/18-20:35:32,121,63,162,92,17,2,32.00,26.00,9,14,14
3/3/18-20:36:33,121,63,145,65,17,3,32.00,26.00,8,13,13
3/3/18-20:37:34,123,65,160,84,19,3,32.00,26.00,12,16,18
3/3/18-20:38:35,121,64,147,70,21,2,32.00,25.00,13,17,19
3/3/18-20:39:36,122,64,159,92,23,2,32.00,26.00,21,32,37
3/3/18-20:40:37,122,63,162,88,25,2,32.00,26.00,20,32,37
3/3/18-20:41:38,122,66,160,82,29,1,32.00,26.00,23,38,49
3/3/18-20:42:39,121,65,157,80,29,3,32.00,26.00,23,38,48
3/3/18-20:43:40,124,63,159,85,35,3,30.00,25.00,22,33,40
3/3/18-20:44:41,121,65,151,73,32,2,32.00,25.00,21,33,39
3/3/18-20:45:42,121,65,160,90,40,1,31.00,26.00,20,35,47
3/3/18-20:46:43,124,64,170,92,35,3,32.00,26.00,20,35,47
3/3/18-20:47:44,122,64,157,79,37,3,32.00,26.00,20,30,36
3/3/18-20:48:45,122,65,158,74,37,2,32.00,26.00,21,30,36
3/3/18-20:49:46,123,65,175,91,44,2,32.00,26.00,17,25,28
3/3/18-20:50:47,123,65,166,93,43,2,32.00,26.00,16,24,27
3/3/18-20:51:48,121,64,158,75,38,2,32.00,26.00,15,22,23
3/3/18-20:52:49,125,63,167,94,45,2,32.00,26.00,15,22,23
3/3/18-20:53:50,123,67,170,96,45,1,32.00,26.00,15,22,25
3/3/18-20:54:51,126,70,163,89,47,2,32.00,26.00,15,22,25
3/3/18-20:55:52,122,65,152,76,40,1,32.00,25.00,19,27,29
3/3/18-20:56:53,123,67,168,102,47,1,31.00,25.00,19,27,29
3/3/18-20:57:54,123,60,160,89,48,3,32.00,25.00,19,26,29
3/3/18-20:58:55,126,67,165,85,48,2,32.00,25.00,19,26,29
3/3/18-20:59:56,124,61,168,84,48,1,32.00,25.00,17,24,30
3/3/18-21:0:57,123,64,169,94,49,2,32.00,25.00,18,25,31
3/3/18-21:1:58,125,66,168,84,51,2,32.00,25.00,18,26,26
3/3/18-21:2:59,124,66,160,77,45,3,32.00,25.00,19,28,28
3/3/18-21:4:0,125,67,169,88,52,1,32.00,25.00,21,31,41
3/3/18-21:5:1,126,67,169,99,52,2,33.00,25.00,21,31,41
3/3/18-21:6:2,123,67,160,80,47,3,32.00,25.00,21,35,43
3/3/18-21:7:3,123,65,170,98,57,3,32.00,25.00,21,35,43
3/3/18-21:8:4,125,66,173,92,55,3,32.00,25.00,21,34,41
3/3/18-21:9:5,124,67,159,83,51,1,32.00,25.00,22,33,41
3/3/18-21:10:6,125,67,171,97,56,0,32.00,25.00,22,33,41
3/3/18-21:11:7,122,60,158,82,51,3,32.00,25.00,22,33,41
3/3/18-21:12:8,125,67,171,94,59,1,28.00,25.00,21,33,38
3/3/18-21:13:9,127,67,168,93,59,2,33.00,24.00,21,32,36
3/3/18-21:14:10,124,65,164,87,52,2,32.00,25.00,20,33,40
3/3/18-21:15:11,126,66,168,99,61,3,32.00,25.00,20,34,41
3/3/18-21:16:12,124,65,165,88,52,2,32.00,25.00,20,29,29
3/3/18-21:17:13,126,66,172,96,62,2,32.00,25.00,20,29,29
3/3/18-21:18:14,123,63,158,85,54,2,33.00,24.00,21,30,38
3/3/18-21:19:15,127,66,167,89,60,3,32.00,25.00,21,30,38
3/3/18-21:20:16,126,67,172,92,60,3,32.00,25.00,19,28,31
3/3/18-21:21:17,126,67,172,96,61,2,32.00,25.00,20,28,31
3/3/18-21:22:18,124,65,165,91,62,2,32.00,25.00,20,27,28
3/3/18-21:23:19,127,68,167,96,60,1,32.00,25.00,20,27,28
3/3/18-21:24:20,124,64,168,101,54,4,32.00,25.00,20,29,35
3/3/18-21:25:21,127,67,178,97,61,3,32.00,25.00,21,30,36
3/3/18-21:26:22,127,66,171,97,62,3,32.00,25.00,21,28,29
3/3/18-21:27:23,124,65,164,83,56,4,32.00,25.00,21,30,32
3/3/18-21:28:24,127,67,172,99,62,1,33.00,24.00,21,30,36
3/3/18-21:29:25,124,67,172,95,62,2,32.00,25.00,21,30,37
3/3/18-21:30:26,125,66,157,75,53,2,32.00,25.00,18,25,30
3/3/18-21:31:27,125,66,172,94,61,1,32.00,25.00,19,26,31
3/3/18-21:32:28,125,69,158,81,54,3,32.00,25.00,20,30,33
3/3/18-21:33:29,127,68,173,92,63,3,31.00,25.00,20,30,33
3/3/18-21:34:30,126,66,160,83,54,4,32.00,25.00,18,26,26
3/3/18-21:35:31,128,67,162,93,61,3,32.00,25.00,18,26,26
3/3/18-21:36:32,124,66,155,82,53,2,32.00,25.00,18,25,29
3/3/18-21:37:33,130,68,168,89,60,2,31.00,25.00,18,25,29
3/3/18-21:38:34,129,69,170,99,60,2,32.00,25.00,19,26,27
3/3/18-21:39:35,125,65,155,78,54,2,33.00,24.00,19,26,27
3/3/18-21:40:36,127,67,173,90,62,2,32.00,24.00,22,33,37
3/3/18-21:41:37,128,65,164,97,63,3,32.00,25.00,22,33,37
3/3/18-21:42:38,127,64,167,101,64,1,32.00,25.00,23,36,41
3/3/18-21:43:39,126,63,166,82,56,2,32.00,25.00,23,36,41
3/3/18-21:44:40,124,66,163,86,58,4,32.00,25.00,26,37,45
3/3/18-21:45:41,127,65,157,81,59,3,33.00,24.00,26,38,45
3/3/18-21:46:42,129,69,171,91,64,1,33.00,24.00,23,34,39
3/3/18-21:47:43,126,65,156,76,56,4,32.00,25.00,24,34,39
3/3/18-21:48:44,128,67,168,91,65,2,33.00,24.00,22,30,33
3/3/18-21:49:45,128,67,173,93,65,3,33.00,24.00,22,30,32
3/3/18-21:50:46,130,68,169,89,65,3,32.00,25.00,22,30,32
3/3/18-21:51:47,128,69,169,94,64,0,33.00,24.00,22,30,31
3/3/18-21:52:48,129,67,171,102,68,2,33.00,24.00,23,35,40
3/3/18-21:53:49,129,67,171,103,65,3,34.00,24.00,23,35,40
3/3/18-21:54:50,129,68,170,90,64,1,33.00,24.00,23,31,34
3/3/18-21:55:51,128,66,171,94,67,2,33.00,24.00,23,31,34
3/3/18-21:56:52,127,69,172,104,66,1,33.00,24.00,23,35,40
3/3/18-21:57:53,127,66,158,85,59,4,34.00,24.00,23,35,40
3/3/18-21:58:54,130,68,171,94,66,0,33.00,24.00,23,36,45
3/3/18-21:59:55,127,69,184,106,67,2,33.00,24.00,23,36,45
3/3/18-22:0:56,126,65,166,92,61,2,33.00,24.00,22,34,40
3/3/18-22:1:57,125,66,189,114,70,1,33.00,23.00,23,33,39
3/3/18-22:2:58,128,68,178,94,70,3,33.00,24.00,24,37,47
3/3/18-22:3:59,126,67,187,112,65,3,32.00,25.00,24,37,47
3/3/18-22:5:0,125,64,163,86,64,4,32.00,25.00,24,33,37
3/3/18-22:6:1,127,69,179,100,70,1,33.00,24.00,23,34,39
3/3/18-22:7:2,126,67,179,100,73,1,32.00,25.00,24,36,45
3/3/18-22:8:3,125,66,176,106,65,2,33.00,24.00,24,36,45
3/3/18-22:9:4,126,70,176,93,69,3,32.00,25.00,31,48,58
3/3/18-22:10:5,127,67,174,91,70,3,32.00,25.00,32,48,59
3/3/18-22:11:6,129,71,189,105,79,2,32.00,25.00,32,46,58
3/3/18-22:12:7,128,70,194,111,83,3,32.00,25.00,31,46,57
3/3/18-22:13:8,128,69,189,112,82,1,32.00,25.00,33,50,64
3/3/18-22:14:9,126,66,175,93,73,3,32.00,25.00,32,49,64
3/3/18-22:15:10,127,68,172,91,72,3,32.00,25.00,34,51,63
3/3/18-22:16:11,127,70,175,93,73,3,32.00,24.00,34,52,64
3/3/18-22:17:12,126,66,177,92,73,4,33.00,24.00,35,50,64
3/3/18-22:18:13,129,71,195,116,82,1,33.00,24.00,35,50,64
3/3/18-22:19:14,128,69,189,119,84,2,33.00,24.00,36,53,65
3/3/18-22:20:15,128,72,175,89,72,2,33.00,24.00,35,52,65
3/3/18-22:21:16,126,68,177,94,75,3,33.00,24.00,33,49,61
3/3/18-22:22:17,128,69,184,106,82,1,33.00,24.00,33,49,61
3/3/18-22:23:18,127,67,171,89,73,2,33.00,24.00,34,49,61
3/3/18-22:24:19,129,72,177,91,73,3,33.00,24.00,34,49,61
3/3/18-22:25:20,126,68,180,107,82,3,33.00,24.00,35,52,68
3/3/18-22:26:21,128,70,183,103,82,0,34.00,24.00,35,53,70
3/3/18-22:27:22,128,68,172,86,71,2,33.00,23.00,34,49,62
3/3/18-22:28:23,127,69,175,93,70,3,33.00,24.00,34,49,62
3/3/18-22:29:24,129,70,183,97,82,3,33.00,23.00,32,47,61
3/3/18-22:30:25,128,70,184,98,82,1,33.00,23.00,32,47,61
3/3/18-22:31:26,129,70,188,104,80,1,33.00,24.00,33,47,57
3/3/18-22:32:27,128,68,187,99,79,1,34.00,24.00,33,47,57
3/3/18-22:33:28,130,72,187,106,78,0,33.00,24.00,30,46,58
3/3/18-22:34:29,127,68,166,85,69,4,34.00,24.00,30,46,58
3/3/18-22:35:30,130,66,169,90,70,3,33.00,23.00,30,46,58
3/3/18-22:36:31,127,65,173,85,66,2,33.00,24.00,30,46,59
3/3/18-22:37:32,128,64,163,80,63,4,33.00,24.00,27,42,54
3/3/18-22:38:33,131,71,201,124,68,3,32.00,25.00,26,42,52
3/3/18-22:39:34,127,69,168,91,51,2,32.00,25.00,26,40,50
3/3/18-22:40:35,128,69,165,70,42,2,32.00,25.00,26,40,51
3/3/18-22:41:36,129,69,180,94,42,3,32.00,25.00,27,40,49
3/3/18-22:42:37,128,69,171,85,50,0,32.00,25.00,27,40,49
3/3/18-22:43:38,128,69,167,89,53,2,32.00,25.00,28,42,52
3/3/18-22:44:39,129,71,194,104,56,3,32.00,25.00,28,43,52
3/3/18-22:45:40,131,70,195,136,59,3,32.00,25.00,28,43,51
3/3/18-22:46:41,128,70,187,102,56,2,32.00,25.00,27,42,50
3/3/18-22:47:42,128,68,172,107,45,3,32.00,25.00,25,38,49
3/3/18-22:48:43,130,69,166,83,51,3,32.00,25.00,25,38,47
3/3/18-22:49:44,128,68,185,90,51,1,32.00,25.00,26,41,49
3/3/18-22:50:45,130,70,183,91,41,1,32.00,25.00,26,41,49
3/3/18-22:51:46,130,69,169,86,38,1,32.00,25.00,28,43,52
3/3/18-22:52:47,130,68,176,88,35,3,32.00,25.00,28,42,52
3/3/18-22:53:48,128,68,213,183,36,2,32.00,25.00,25,40,53
3/3/18-22:54:49,128,67,176,91,30,2,32.00,25.00,25,40,53
3/3/18-22:55:50,129,74,165,81,20,1,32.00,25.00,22,34,41
3/3/18-22:56:51,129,72,161,82,16,1,32.00,25.00,22,33,40
3/3/18-22:57:52,129,69,170,78,13,3,32.00,26.00,16,26,26
3/3/18-22:58:53,128,69,161,81,14,1,32.00,25.00,16,25,25
3/3/18-22:59:54,132,67,163,81,10,3,32.00,26.00,17,22,25
3/3/18-23:0:55,128,70,158,65,7,2,32.00,26.00,17,22,24
3/3/18-23:1:56,131,71,170,101,8,2,32.00,26.00,12,18,18
3/3/18-23:2:57,129,68,160,80,8,1,32.00,25.00,13,19,19
3/3/18-23:3:58,128,67,163,82,6,3,32.00,26.00,13,19,20
3/3/18-23:4:59,128,69,156,76,6,1,32.00,26.00,13,19,20
3/3/18-23:6:0,131,67,142,65,5,1,32.00,26.00,13,18,18
3/3/18-23:7:1,127,68,152,74,5,3,32.00,26.00,13,18,18
3/3/18-23:8:2,128,71,157,70,7,1,30.00,26.00,15,19,20
3/3/18-23:9:3,128,67,146,69,7,2,32.00,26.00,14,20,21
3/3/18-23:10:4,127,67,147,61,4,2,32.00,26.00,14,20,23
3/3/18-23:11:5,128,69,171,74,4,0,31.00,26.00,14,20,23
3/3/18-23:12:6,128,69,148,70,7,1,32.00,26.00,16,26,28
3/3/18-23:13:7,130,68,159,76,5,1,32.00,26.00,16,26,28
3/3/18-23:14:8,127,66,148,76,6,4,32.00,26.00,14,18,19
3/3/18-23:15:9,124,64,133,56,7,2,32.00,26.00,14,18,19
3/3/18-23:16:10,127,69,160,81,7,3,30.00,26.00,16,26,26
3/3/18-23:17:11,129,68,187,104,7,2,32.00,26.00,16,26,26
3/3/18-23:18:12,130,66,150,62,7,5,32.00,26.00,13,18,23
3/3/18-23:19:13,130,68,167,113,4,0,32.00,26.00,13,18,23
3/3/18-23:20:14,128,66,167,101,7,3,32.00,26.00,12,19,20
3/3/18-23:21:15,127,67,163,81,5,2,32.00,26.00,12,19,20
3/3/18-23:22:16,129,68,173,94,8,3,33.00,26.00,21,32,39
3/3/18-23:23:17,125,67,147,73,8,3,32.00,26.00,20,30,34
3/3/18-23:24:18,127,65,147,59,7,3,32.00,26.00,20,28,32
3/3/18-23:25:19,129,68,169,76,6,0,32.00,26.00,20,29,33
3/3/18-23:26:20,129,66,189,129,7,1,32.00,26.00,18,30,32
3/3/18-23:27:21,128,66,176,87,8,1,32.00,26.00,18,30,32
3/3/18-23:28:22,128,67,161,80,7,2,32.00,25.00,28,40,47
3/3/18-23:29:23,127,69,192,130,6,1,32.00,25.00,28,40,47
3/3/18-23:30:24,128,66,162,76,8,2,32.00,25.00,27,41,49
3/3/18-23:31:25,128,68,168,98,8,3,32.00,26.00,27,41,50
3/3/18-23:32:26,129,75,162,72,4,0,33.00,25.00,16,23,25
3/3/18-23:33:27,128,68,174,99,6,3,32.00,25.00,16,23,25
3/3/18-23:34:28,129,68,181,124,7,1,32.00,26.00,17,23,24
3/3/18-23:35:29,127,71,163,81,8,1,32.00,25.00,17,23,24
3/3/18-23:36:30,130,68,158,70,8,2,32.00,25.00,16,24,24
3/3/18-23:37:31,127,68,149,72,7,2,32.00,25.00,16,23,23
3/3/18-23:38:32,127,68,158,73,8,4,32.00,25.00,18,25,28
3/3/18-23:39:33,128,65,169,84,10,4,32.00,25.00,17,24,27
3/3/18-23:40:34,129,69,164,76,11,2,32.00,25.00,22,31,35
3/3/18-23:41:35,126,65,157,88,12,5,32.00,25.00,22,31,35
3/3/18-23:42:36,127,67,189,107,14,4,32.00,25.00,26,37,46
3/3/18-23:43:37,127,66,158,66,14,2,32.00,25.00,26,36,45
3/3/18-23:44:38,126,69,174,88,18,1,31.00,25.00,23,38,47
3/3/18-23:45:39,130,70,175,84,20,1,33.00,25.00,23,37,46
3/3/18-23:46:40,128,67,163,84,21,1,32.00,25.00,22,33,36
3/3/18-23:47:41,128,69,167,82,23,3,32.00,25.00,22,33,36
3/3/18-23:48:42,128,65,159,64,24,4,32.00,25.00,24,35,38
3/3/18-23:49:43,128,71,163,76,28,1,33.00,24.00,24,35,38
3/3/18-23:50:44,129,70,177,104,29,1,33.00,24.00,22,33,41
3/3/18-23:51:45,127,67,168,83,31,3,33.00,24.00,22,33,41
3/3/18-23:52:46,128,68,164,79,32,3,33.00,24.00,22,33,40
3/3/18-23:53:47,128,69,164,83,30,2,33.00,24.00,22,33,40
3/3/18-23:54:48,131,69,162,80,27,2,33.00,24.00,22,31,37
3/3/18-23:55:49,127,66,150,64,24,2,33.00,24.00,22,31,37
3/3/18-23:56:50,129,70,167,78,29,2,33.00,24.00,22,33,37
3/3/18-23:57:51,128,65,156,78,29,1,33.00,24.00,22,33,37
3/3/18-23:58:52,129,66,151,68,25,3,33.00,23.00,20,30,33
3/3/18-23:59:53,129,68,154,74,26,3,33.00,24.00,20,30,33
