Hora,O3,NO2,CO,Humedad,Temperatura,P25,P10
4/3/18-0:0:54,129,68,162,81,28,3,33.00,23.00,22,31,33
4/3/18-0:1:55,130,66,155,79,27,3,33.00,23.00,22,31,33
4/3/18-0:2:56,129,66,146,79,23,4,33.00,23.00,21,33,36
4/3/18-0:3:57,129,66,158,77,27,2,33.00,23.00,21,34,38
4/3/18-0:4:58,132,67,165,95,24,3,33.00,23.00,22,31,33
4/3/18-0:5:59,129,66,160,83,23,3,33.00,23.00,22,31,33
4/3/18-0:7:0,127,67,152,68,19,2,33.00,23.00,21,32,39
4/3/18-0:8:1,127,67,150,68,19,2,33.00,23.00,21,32,39
4/3/18-0:9:2,130,70,153,74,18,2,33.00,24.00,19,27,28
4/3/18-0:10:3,130,68,158,75,18,2,33.00,23.00,19,27,28
4/3/18-0:11:4,130,69,159,80,18,1,33.00,23.00,22,32,36
4/3/18-0:12:5,130,69,153,66,17,3,33.00,23.00,22,32,36
4/3/18-0:13:6,130,69,163,82,17,3,33.00,23.00,21,32,39
4/3/18-0:14:7,133,67,152,74,17,3,33.00,23.00,21,32,39
4/3/18-0:15:8,132,66,148,69,14,2,33.00,23.00,22,33,41
4/3/18-0:16:9,128,66,155,69,16,2,33.00,23.00,22,33,41
4/3/18-0:17:10,130,66,157,79,19,4,33.00,23.00,21,32,36
4/3/18-0:18:11,130,69,159,81,17,1,33.00,23.00,20,32,36
4/3/18-0:19:12,130,67,154,79,17,3,33.00,23.00,22,32,37
4/3/18-0:20:13,128,65,150,74,17,2,33.00,23.00,22,32,38
4/3/18-0:21:14,131,68,157,77,19,1,34.00,22.00,21,28,31
4/3/18-0:22:15,131,68,155,78,19,3,33.00,23.00,20,28,31
4/3/18-0:23:16,133,69,160,77,19,3,33.00,23.00,21,31,34
4/3/18-0:24:17,129,66,157,80,23,3,33.00,23.00,21,31,34
4/3/18-0:25:18,132,68,157,85,18,3,33.00,23.00,20,28,33
4/3/18-0:26:19,132,67,152,78,16,3,33.00,23.00,20,27,33
4/3/18-0:27:20,130,65,142,65,14,4,33.00,23.00,20,30,30
4/3/18-0:28:21,131,68,159,77,16,1,33.00,23.00,20,30,30
4/3/18-0:29:21,131,66,143,63,14,2,33.00,23.00,21,29,32
4/3/18-0:30:22,131,66,153,72,14,2,33.00,23.00,21,29,32
4/3/18-0:31:23,129,66,148,66,18,2,32.00,23.00,21,33,39
4/3/18-0:32:24,130,68,158,81,20,1,32.00,23.00,21,33,39
4/3/18-0:33:25,132,67,147,64,21,5,33.00,23.00,21,30,31
4/3/18-0:34:26,132,64,163,83,25,0,32.00,23.00,21,30,31
4/3/18-0:35:27,132,66,146,66,26,3,33.00,23.00,21,30,33
4/3/18-0:36:28,133,67,163,82,32,3,34.00,22.00,21,30,33
4/3/18-0:37:29,132,67,149,68,31,3,33.00,23.00,19,29,35
4/3/18-0:38:30,132,68,159,80,32,3,33.00,23.00,20,30,36
4/3/18-0:39:31,130,67,161,82,33,1,33.00,23.00,22,33,36
4/3/18-0:40:32,130,73,151,76,30,2,33.00,23.00,22,33,36
4/3/18-0:41:33,132,65,154,76,33,3,33.00,23.00,23,35,41
4/3/18-0:42:34,132,67,160,77,40,1,33.00,23.00,23,35,41
4/3/18-0:43:35,132,71,162,80,42,2,33.00,23.00,24,40,49
4/3/18-0:44:36,132,66,156,72,42,3,33.00,23.00,24,40,49
4/3/18-0:45:37,129,66,154,72,39,2,33.00,23.00,25,38,48
4/3/18-0:46:38,130,74,154,73,42,4,33.00,23.00,24,38,45
4/3/18-0:47:39,131,70,166,95,48,2,32.00,23.00,23,37,46
4/3/18-0:48:40,130,65,152,70,44,3,34.00,23.00,23,37,44
4/3/18-0:49:41,130,66,153,71,45,4,33.00,23.00,26,38,46
4/3/18-0:50:42,132,68,151,68,44,3,33.00,23.00,26,39,48
4/3/18-0:51:43,130,66,155,74,44,4,33.00,23.00,24,39,48
4/3/18-0:52:44,132,67,154,78,45,2,34.00,22.00,24,39,48
4/3/18-0:53:45,130,66,156,71,47,4,33.00,23.00,25,39,49
4/3/18-0:54:46,130,66,154,75,48,2,33.00,23.00,25,39,49
4/3/18-0:55:47,129,68,160,86,50,2,33.00,23.00,24,38,49
4/3/18-0:56:48,132,68,167,87,56,3,33.00,23.00,24,37,47
4/3/18-0:57:49,132,71,169,90,54,0,33.00,23.00,25,38,45
4/3/18-0:58:50,133,66,166,80,48,2,33.00,23.00,25,38,45
4/3/18-0:59:51,132,68,165,84,55,3,33.00,23.00,24,35,44
4/3/18-1:0:52,133,70,166,79,55,3,33.00,23.00,24,35,44
4/3/18-1:1:53,129,70,182,122,55,3,33.00,23.00,25,38,48
4/3/18-1:2:54,132,68,176,101,57,3,33.00,23.00,26,40,51
4/3/18-1:3:55,132,70,167,79,55,2,33.00,23.00,25,37,45
4/3/18-1:4:56,131,66,161,77,49,3,33.00,23.00,26,39,47
4/3/18-1:5:57,131,63,161,76,48,1,33.00,23.00,23,32,37
4/3/18-1:6:58,132,70,162,78,53,2,33.00,23.00,23,32,37
4/3/18-1:7:59,132,68,155,75,46,2,33.00,23.00,23,35,43
4/3/18-1:9:0,129,67,153,74,48,2,33.00,23.00,22,35,43
4/3/18-1:10:1,133,66,158,74,53,3,34.00,22.00,24,34,40
4/3/18-1:11:2,132,69,163,81,56,1,33.00,23.00,24,34,40
4/3/18-1:12:3,135,66,157,74,46,3,34.00,22.00,23,32,38
4/3/18-1:13:4,132,68,164,92,54,3,33.00,23.00,23,32,38
4/3/18-1:14:5,136,68,163,90,53,1,34.00,22.00,23,36,45
4/3/18-1:15:6,131,68,155,75,47,1,33.00,23.00,23,35,44
4/3/18-1:16:7,134,68,172,89,55,3,33.00,23.00,23,35,43
4/3/18-1:17:8,132,71,159,69,46,2,33.00,23.00,23,35,43
4/3/18-1:18:9,133,66,162,82,51,3,33.00,23.00,21,31,37
4/3/18-1:19:10,132,69,186,89,43,3,34.00,22.00,21,31,37
4/3/18-1:20:11,132,69,169,84,44,1,33.00,23.00,20,33,38
4/3/18-1:21:12,132,70,171,85,37,3,33.00,23.00,20,33,39
4/3/18-1:22:13,132,69,163,75,31,2,33.00,23.00,19,30,37
4/3/18-1:23:14,132,67,156,66,21,3,33.00,23.00,19,31,37
4/3/18-1:24:15,131,69,152,67,24,4,33.00,23.00,20,33,37
4/3/18-1:25:16,133,67,146,61,20,3,33.00,23.00,21,33,38
4/3/18-1:26:17,132,62,168,93,16,1,34.00,22.00,17,27,28
4/3/18-1:27:18,131,68,154,71,14,3,33.00,23.00,17,27,28
4/3/18-1:28:19,133,68,158,78,17,2,32.00,23.00,20,31,37
4/3/18-1:29:20,131,66,145,62,16,5,33.00,23.00,20,31,35
4/3/18-1:30:21,133,69,149,71,15,3,33.00,23.00,20,32,34
4/3/18-1:31:22,132,69,159,77,16,3,33.00,23.00,19,31,33
4/3/18-1:32:23,135,68,157,88,18,3,33.00,23.00,20,28,28
4/3/18-1:33:24,134,67,157,63,15,3,33.00,23.00,20,28,28
4/3/18-1:34:25,134,69,154,73,15,1,33.00,23.00,15,20,25
4/3/18-1:35:26,132,68,153,75,15,3,33.00,23.00,16,22,26
4/3/18-1:36:27,133,69,157,81,13,1,33.00,23.00,14,25,26
4/3/18-1:37:28,131,66,147,65,12,5,33.00,23.00,14,25,27
4/3/18-1:38:29,134,70,156,73,12,1,33.00,23.00,15,22,23
4/3/18-1:39:30,134,68,153,79,11,1,33.00,23.00,15,21,22
4/3/18-1:40:31,134,65,157,84,8,1,33.00,23.00,13,20,21
4/3/18-1:41:32,134,68,158,75,12,3,33.00,23.00,13,20,21
4/3/18-1:42:33,135,70,151,70,9,3,33.00,23.00,14,20,20
4/3/18-1:43:34,134,68,150,71,12,0,33.00,23.00,14,20,20
4/3/18-1:44:35,135,67,149,72,11,1,33.00,23.00,14,19,21
4/3/18-1:45:36,134,68,152,76,11,1,33.00,23.00,13,18,21
4/3/18-1:46:37,134,67,142,62,10,5,33.00,23.00,13,20,22
4/3/18-1:47:38,134,70,153,75,11,1,33.00,23.00,13,20,22
4/3/18-1:48:39,135,69,153,74,9,2,33.00,23.00,12,17,21
4/3/18-1:49:40,132,68,159,78,12,1,33.00,23.00,13,18,22
4/3/18-1:50:41,133,67,145,63,11,4,33.00,23.00,12,18,18
4/3/18-1:51:42,133,68,161,74,13,2,33.00,23.00,12,18,18
4/3/18-1:52:43,135,72,157,73,10,2,33.00,23.00,11,15,15
4/3/18-1:53:44,134,68,146,67,11,4,33.00,23.00,11,15,15
4/3/18-1:54:45,135,70,155,75,11,2,33.00,23.00,13,17,17
4/3/18-1:55:46,132,65,151,74,11,1,33.00,23.00,15,18,18
4/3/18-1:56:47,132,65,139,62,11,3,33.00,23.00,12,18,18
4/3/18-1:57:48,134,68,148,66,14,3,33.00,23.00,12,18,18
4/3/18-1:58:49,134,66,155,72,12,2,33.00,23.00,12,17,22
4/3/18-1:59:50,134,66,163,71,14,3,34.00,22.00,12,17,22
4/3/18-2:0:51,133,70,152,71,15,3,33.00,23.00,11,16,20
4/3/18-2:1:52,135,71,150,70,13,1,33.00,23.00,11,16,20
4/3/18-2:2:53,134,66,141,57,14,3,33.00,23.00,12,15,20
4/3/18-2:3:54,135,69,154,73,13,3,33.00,23.00,12,15,20
4/3/18-2:4:55,135,68,154,76,15,3,35.00,22.00,10,13,20
4/3/18-2:5:56,132,69,149,69,16,2,34.00,22.00,10,13,20
4/3/18-2:6:57,133,68,146,65,14,0,34.00,22.00,12,18,19
4/3/18-2:7:58,134,68,150,73,17,1,32.00,22.00,12,18,19
4/3/18-2:8:59,135,68,151,70,16,2,34.00,22.00,9,13,15
4/3/18-2:10:0,132,67,152,81,15,2,34.00,22.00,9,14,14
4/3/18-2:11:1,132,66,140,56,12,4,34.00,22.00,9,12,16
4/3/18-2:12:2,135,68,159,82,14,0,34.00,22.00,9,12,16
4/3/18-2:13:3,132,69,149,72,13,1,34.00,22.00,10,14,15
4/3/18-2:14:4,132,67,139,58,12,2,34.00,22.00,10,14,15
4/3/18-2:15:5,135,68,154,76,14,3,34.00,22.00,9,12,12
4/3/18-2:16:6,132,66,149,72,15,1,34.00,22.00,9,12,12
4/3/18-2:17:7,134,67,149,81,15,2,34.00,22.00,8,12,15
4/3/18-2:18:8,133,65,139,60,13,4,34.00,22.00,8,12,15
4/3/18-2:19:9,136,68,148,68,14,3,34.00,22.00,8,12,18
4/3/18-2:20:10,135,70,146,67,12,2,34.00,22.00,8,12,17
4/3/18-2:21:11,135,68,147,71,14,3,34.00,22.00,9,12,13
4/3/18-2:22:12,135,67,142,61,11,2,34.00,22.00,9,12,13
4/3/18-2:23:13,135,67,145,66,11,1,34.00,22.00,8,11,11
4/3/18-2:24:14,137,67,144,67,12,3,34.00,22.00,7,10,10
4/3/18-2:25:15,134,65,137,59,11,3,34.00,22.00,9,17,18
4/3/18-2:26:16,135,67,158,81,11,3,34.00,21.00,9,17,18
4/3/18-2:27:17,135,68,144,66,11,3,34.00,22.00,7,9,11
4/3/18-2:28:18,132,66,137,57,12,2,34.00,21.00,7,9,11
4/3/18-2:29:19,136,67,151,65,13,2,34.00,21.00,9,12,13
4/3/18-2:30:20,135,69,145,67,11,3,34.00,21.00,9,12,13
4/3/18-2:31:21,134,66,138,64,9,3,34.00,21.00,9,12,13
4/3/18-2:32:22,137,70,144,73,10,3,34.00,22.00,9,12,13
4/3/18-2:33:23,136,67,143,71,12,2,34.00,21.00,8,11,12
4/3/18-2:34:24,136,68,146,73,10,2,34.00,21.00,8,11,14
4/3/18-2:35:25,136,68,142,60,9,2,34.00,21.00,8,10,10
4/3/18-2:36:26,135,70,149,70,10,2,33.00,22.00,8,10,10
4/3/18-2:37:27,136,69,144,67,11,2,34.00,22.00,8,12,14
4/3/18-2:38:28,135,68,145,69,11,2,34.00,21.00,8,12,14
4/3/18-2:39:29,134,72,139,59,11,3,34.00,21.00,8,11,13
4/3/18-2:40:30,137,68,146,69,12,2,34.00,21.00,8,11,13
4/3/18-2:41:31,138,68,145,66,10,2,34.00,21.00,8,13,15
4/3/18-2:42:32,136,68,149,72,11,2,34.00,21.00,8,13,15
4/3/18-2:43:33,135,66,136,62,11,4,34.00,22.00,10,13,14
4/3/18-2:44:34,138,69,148,68,12,3,34.00,21.00,10,13,14
4/3/18-2:45:35,137,67,149,73,16,1,34.00,21.00,9,15,16
4/3/18-2:46:36,136,67,147,69,13,2,34.00,21.00,9,15,16
4/3/18-2:47:37,134,69,139,60,11,0,35.00,20.00,9,14,16
4/3/18-2:48:38,137,69,144,73,12,0,34.00,21.00,9,14,16
4/3/18-2:49:39,136,67,145,70,19,3,34.00,21.00,11,16,17
4/3/18-2:50:40,136,65,138,61,14,4,34.00,21.00,11,16,17
4/3/18-2:51:41,136,69,147,71,15,1,34.00,21.00,10,18,19
4/3/18-2:52:42,133,66,139,67,15,2,34.00,21.00,10,16,18
4/3/18-2:53:43,136,69,151,90,18,1,34.00,21.00,8,13,15
4/3/18-2:54:44,135,67,146,72,19,2,34.00,21.00,8,14,14
4/3/18-2:55:45,136,67,141,61,18,3,34.00,21.00,9,16,17
4/3/18-2:56:46,135,69,145,70,23,1,34.00,21.00,9,16,17
4/3/18-2:57:47,136,66,138,57,22,3,34.00,21.00,11,17,21
4/3/18-2:58:48,137,70,147,78,29,2,34.00,21.00,11,17,21
4/3/18-2:59:49,137,68,153,75,30,3,34.00,21.00,10,15,15
4/3/18-3:0:50,135,66,143,61,26,2,34.00,21.00,10,15,15
4/3/18-3:1:51,136,66,154,74,29,2,34.00,21.00,11,16,17
4/3/18-3:2:52,137,69,140,59,27,3,34.00,21.00,11,17,17
4/3/18-3:3:53,136,69,149,75,29,2,34.00,21.00,11,16,19
4/3/18-3:4:54,137,69,155,69,25,0,34.00,21.00,11,15,18
4/3/18-3:5:55,137,67,144,67,25,2,35.00,22.00,12,19,22
4/3/18-3:6:56,135,70,139,65,18,1,34.00,21.00,12,19,22
4/3/18-3:7:57,137,67,151,72,24,3,34.00,21.00,11,17,18
4/3/18-3:8:58,137,68,145,70,25,3,34.00,21.00,11,17,19
4/3/18-3:9:59,136,65,137,58,21,3,34.00,21.00,11,16,18
4/3/18-3:11:0,137,69,147,70,22,2,33.00,21.00,11,16,18
4/3/18-3:12:1,138,67,144,67,19,1,34.00,21.00,11,14,15
4/3/18-3:13:2,136,68,151,78,23,1,34.00,21.00,11,15,17
4/3/18-3:14:3,135,65,140,66,20,4,34.00,21.00,11,18,20
4/3/18-3:15:4,137,69,152,73,21,3,34.00,21.00,11,18,20
4/3/18-3:16:5,137,69,149,68,19,2,34.00,21.00,12,21,22
4/3/18-3:17:6,136,71,146,70,17,2,34.00,21.00,12,21,22
4/3/18-3:18:7,135,65,148,70,18,2,34.00,22.00,11,20,20
4/3/18-3:19:8,135,69,150,70,20,1,34.00,21.00,12,21,21
4/3/18-3:20:9,137,66,136,60,21,4,34.00,22.00,13,21,26
4/3/18-3:21:10,136,68,150,73,22,2,34.00,21.00,13,21,26
4/3/18-3:22:11,138,69,159,71,22,3,35.00,22.00,11,16,18
4/3/18-3:23:12,137,67,151,68,20,1,34.00,22.00,12,16,17
4/3/18-3:24:13,136,69,138,56,20,3,34.00,22.00,12,19,21
4/3/18-3:25:14,138,68,151,68,23,2,33.00,22.00,12,19,21
4/3/18-3:26:15,136,71,155,74,23,0,34.00,22.00,12,17,18
4/3/18-3:27:16,136,64,144,63,23,4,34.00,21.00,12,17,18
4/3/18-3:28:17,136,67,149,72,26,1,34.00,21.00,11,19,23
4/3/18-3:29:18,136,67,145,71,25,2,34.00,21.00,10,18,22
4/3/18-3:30:19,137,68,145,69,26,2,34.00,21.00,14,20,22
4/3/18-3:31:20,139,67,148,72,23,4,34.00,21.00,14,20,22
4/3/18-3:32:21,137,70,147,73,21,1,34.00,21.00,11,18,21
4/3/18-3:33:21,137,67,139,57,16,2,34.00,21.00,11,18,21
4/3/18-3:34:22,137,69,153,68,18,1,34.00,21.00,11,16,16
4/3/18-3:35:23,135,69,143,68,16,0,35.00,20.00,11,18,18
4/3/18-3:36:24,137,67,147,74,19,3,34.00,21.00,13,19,20
4/3/18-3:37:25,135,67,145,67,16,1,34.00,21.00,13,19,20
4/3/18-3:38:26,136,66,134,61,17,3,34.00,21.00,12,25,26
4/3/18-3:39:27,136,69,145,72,19,1,33.00,21.00,12,25,26
4/3/18-3:40:28,136,68,140,69,15,3,34.00,21.00,12,23,23
4/3/18-3:41:29,135,69,149,71,19,2,34.00,21.00,13,24,24
4/3/18-3:42:30,137,68,149,75,18,2,35.00,21.00,13,17,18
4/3/18-3:43:31,137,67,141,62,15,3,34.00,21.00,13,18,19
4/3/18-3:44:32,137,68,150,71,18,1,34.00,20.00,12,18,20
4/3/18-3:45:33,138,70,146,69,20,2,34.00,21.00,12,18,20
4/3/18-3:46:34,137,66,140,58,16,2,34.00,21.00,12,21,24
4/3/18-3:47:35,136,70,147,69,21,4,34.00,21.00,12,22,24
4/3/18-3:48:36,137,69,141,64,16,3,34.00,21.00,12,17,21
4/3/18-3:49:37,136,70,144,68,17,3,34.00,21.00,12,17,21
4/3/18-3:50:38,137,66,138,55,15,3,35.00,21.00,13,19,20
4/3/18-3:51:39,137,71,149,69,15,1,33.00,21.00,13,19,20
4/3/18-3:52:40,135,67,140,62,13,0,34.00,21.00,10,15,16
4/3/18-3:53:41,135,68,150,70,14,2,34.00,21.00,10,15,16
4/3/18-3:54:42,136,66,136,59,12,4,34.00,21.00,12,22,22
4/3/18-3:55:43,138,70,149,71,13,3,34.00,21.00,12,21,21
4/3/18-3:56:44,135,68,148,76,15,1,34.00,21.00,11,18,18
4/3/18-3:57:45,136,66,145,70,12,2,34.00,21.00,11,18,18
4/3/18-3:58:46,137,72,148,72,12,3,34.00,21.00,10,16,18
4/3/18-3:59:47,136,69,141,66,10,3,34.00,21.00,10,16,18
4/3/18-4:0:48,135,68,143,72,9,3,34.00,21.00,10,14,18
4/3/18-4:1:49,137,70,149,76,10,1,34.00,21.00,10,14,18
4/3/18-4:2:50,136,70,147,76,8,1,34.00,22.00,8,16,17
4/3/18-4:3:51,136,66,138,59,8,3,34.00,21.00,8,16,16
4/3/18-4:4:52,137,67,149,73,9,1,33.00,21.00,10,17,18
4/3/18-4:5:53,138,68,147,74,10,2,34.00,21.00,10,17,18
4/3/18-4:6:54,136,67,143,71,11,2,34.00,21.00,11,14,17
4/3/18-4:7:55,136,76,136,53,9,3,34.00,21.00,11,14,17
4/3/18-4:8:56,137,68,142,71,10,1,34.00,21.00,11,15,16
4/3/18-4:9:57,139,70,143,72,9,3,34.00,21.00,9,13,16
4/3/18-4:10:58,137,69,141,62,9,1,34.00,21.00,9,14,17
4/3/18-4:11:59,135,68,143,67,9,2,34.00,21.00,9,14,17
4/3/18-4:13:0,137,68,134,52,9,3,34.00,21.00,10,16,18
4/3/18-4:14:1,137,68,147,66,8,2,34.00,21.00,10,16,18
4/3/18-4:15:2,136,69,149,70,9,1,34.00,21.00,9,12,12
4/3/18-4:16:3,136,67,140,53,8,3,34.00,21.00,8,11,11
4/3/18-4:17:4,135,69,137,65,7,1,34.00,21.00,9,18,19
4/3/18-4:18:5,135,67,147,67,9,3,34.00,21.00,10,19,20
4/3/18-4:19:6,137,67,140,60,7,3,34.00,21.00,11,14,15
4/3/18-4:20:7,137,68,144,74,11,3,34.00,21.00,11,14,15
4/3/18-4:21:8,138,69,144,65,10,3,34.00,21.00,10,13,17
4/3/18-4:22:9,135,70,140,66,8,1,34.00,21.00,10,13,17
4/3/18-4:23:10,137,68,145,66,9,1,34.00,21.00,8,11,13
4/3/18-4:24:11,138,69,140,69,7,3,34.00,21.00,8,11,13
4/3/18-4:25:12,137,67,140,65,7,4,34.00,21.00,9,15,16
4/3/18-4:26:13,137,70,168,89,7,2,34.00,21.00,9,15,16
4/3/18-4:27:14,136,71,150,65,7,3,34.00,21.00,10,16,16
4/3/18-4:28:15,134,62,133,54,6,2,34.00,22.00,10,15,16
4/3/18-4:29:16,138,68,143,64,7,2,34.00,21.00,9,13,18
4/3/18-4:30:17,137,68,145,70,9,1,34.00,21.00,9,13,18
4/3/18-4:31:18,136,67,133,54,7,3,34.00,21.00,9,13,15
4/3/18-4:32:19,137,69,140,64,5,1,34.00,21.00,9,13,15
4/3/18-4:33:20,139,70,144,62,7,3,34.00,21.00,11,14,14
4/3/18-4:34:21,137,67,157,78,7,2,34.00,21.00,11,14,14
4/3/18-4:35:22,138,66,143,63,6,4,34.00,21.00,9,13,14
4/3/18-4:36:23,138,67,145,66,7,3,34.00,21.00,9,13,14
4/3/18-4:37:24,139,67,143,72,8,3,34.00,22.00,10,17,17
4/3/18-4:38:25,135,68,151,79,9,4,34.00,21.00,10,17,17
4/3/18-4:39:26,136,69,168,98,9,1,34.00,21.00,10,16,18
4/3/18-4:40:27,139,72,148,66,8,3,34.00,21.00,10,15,17
4/3/18-4:41:28,137,69,141,68,7,3,34.00,22.00,9,13,13
4/3/18-4:42:29,137,68,167,63,5,2,34.00,21.00,9,13,13
4/3/18-4:43:30,136,66,147,63,8,1,34.00,21.00,10,14,17
4/3/18-4:44:31,137,69,134,68,6,1,34.00,22.00,9,14,15
4/3/18-4:45:32,137,69,135,58,5,3,34.00,22.00,9,14,15
4/3/18-4:46:33,139,71,140,69,5,1,34.00,22.00,8,13,14
4/3/18-4:47:34,137,68,153,89,7,1,34.00,21.00,10,13,13
4/3/18-4:48:35,137,69,147,69,6,2,34.00,21.00,10,13,13
4/3/18-4:49:36,137,70,139,67,4,2,34.00,21.00,11,14,17
4/3/18-4:50:37,138,66,133,53,5,3,34.00,22.00,11,14,17
4/3/18-4:51:38,138,69,144,72,8,0,34.00,21.00,10,12,16
4/3/18-4:52:39,137,69,144,64,4,2,34.00,22.00,8,11,14
4/3/18-4:53:40,135,68,139,62,6,2,34.00,21.00,9,12,17
4/3/18-4:54:41,138,67,147,68,7,2,34.00,22.00,9,12,17
4/3/18-4:55:42,139,69,167,83,7,4,34.00,21.00,9,12,14
4/3/18-4:56:43,137,69,142,64,7,2,34.00,21.00,10,13,15
4/3/18-4:57:44,136,66,142,62,6,1,34.00,22.00,10,15,16
4/3/18-4:58:45,138,68,147,65,9,1,34.00,21.00,10,15,16
4/3/18-4:59:46,138,69,148,68,6,3,34.00,21.00,10,12,14
4/3/18-5:0:47,138,69,141,65,6,1,34.00,22.00,10,12,14
4/3/18-5:1:48,138,67,138,65,7,3,35.00,21.00,9,12,13
4/3/18-5:2:49,137,69,139,78,5,3,34.00,22.00,9,12,13
4/3/18-5:3:50,139,68,134,53,7,4,34.00,21.00,9,13,15
4/3/18-5:4:51,138,66,131,63,7,1,34.00,21.00,10,14,16
4/3/18-5:5:52,136,66,138,64,7,3,34.00,21.00,10,15,16
4/3/18-5:6:53,136,65,132,68,6,2,34.00,22.00,10,15,16
4/3/18-5:7:54,137,67,150,61,6,1,34.00,21.00,9,14,15
4/3/18-5:8:55,137,66,145,65,7,2,34.00,21.00,9,14,15
4/3/18-5:9:56,137,67,147,71,8,1,34.00,21.00,9,13,16
4/3/18-5:10:57,137,64,135,55,6,4,34.00,21.00,9,13,16
4/3/18-5:11:58,139,67,140,62,6,2,34.00,21.00,9,12,13
4/3/18-5:12:59,138,68,138,61,6,2,34.00,22.00,9,12,13
4/3/18-5:14:0,136,66,147,63,5,2,34.00,21.00,8,10,10
4/3/18-5:15:1,139,67,134,55,5,3,34.00,22.00,8,10,10
4/3/18-5:16:2,138,70,141,72,5,2,34.00,22.00,10,13,16
4/3/18-5:17:3,138,68,152,62,5,3,34.00,22.00,10,13,16
4/3/18-5:18:4,138,68,150,63,7,2,34.00,22.00,10,14,16
4/3/18-5:19:5,136,67,146,56,6,3,34.00,22.00,10,14,16
4/3/18-5:20:6,136,66,140,62,7,1,34.00,22.00,8,13,13
4/3/18-5:21:7,137,68,126,60,5,1,34.00,22.00,8,13,13
4/3/18-5:22:8,136,69,142,62,7,2,34.00,22.00,8,11,11
4/3/18-5:23:9,137,65,136,54,7,4,34.00,22.00,8,11,11
4/3/18-5:24:10,136,68,141,70,5,1,34.00,22.00,8,10,10
4/3/18-5:25:11,136,66,127,53,4,3,34.00,22.00,7,10,10
4/3/18-5:26:12,137,65,131,49,5,1,34.00,22.00,9,12,12
4/3/18-5:27:13,136,68,138,60,7,1,34.00,21.00,9,12,12
4/3/18-5:28:14,137,66,142,68,6,2,34.00,22.00,9,11,11
4/3/18-5:29:15,137,69,140,60,6,3,34.00,22.00,9,11,11
4/3/18-5:30:16,136,67,130,52,5,3,34.00,22.00,10,14,14
4/3/18-5:31:17,139,67,141,67,5,2,34.00,22.00,10,14,14
4/3/18-5:32:18,136,67,134,60,7,2,34.00,22.00,9,11,13
4/3/18-5:33:19,135,66,127,62,7,2,34.00,22.00,9,11,13
4/3/18-5:34:20,136,66,143,78,7,2,34.00,22.00,9,12,13
4/3/18-5:35:21,139,66,140,63,7,3,34.00,22.00,9,12,13
4/3/18-5:36:22,136,67,125,50,6,3,34.00,22.00,8,15,16
4/3/18-5:37:23,136,67,138,62,6,2,34.00,22.00,8,15,16
4/3/18-5:38:24,137,69,139,68,5,2,34.00,22.00,10,13,13
4/3/18-5:39:25,136,66,140,67,7,1,34.00,22.00,10,13,13
4/3/18-5:40:26,138,66,142,63,7,4,34.00,22.00,10,13,13
4/3/18-5:41:27,137,68,134,62,6,3,34.00,21.00,9,12,12
4/3/18-5:42:28,137,66,143,63,9,3,34.00,21.00,10,14,18
4/3/18-5:43:29,136,64,126,52,7,2,34.00,21.00,10,14,18
4/3/18-5:44:30,139,66,133,61,5,3,34.00,21.00,8,14,16
4/3/18-5:45:31,137,65,137,62,7,3,34.00,21.00,7,11,13
4/3/18-5:46:32,135,64,136,52,6,3,34.00,22.00,8,12,14
4/3/18-5:47:33,137,69,138,65,6,2,34.00,22.00,8,12,14
4/3/18-5:48:34,137,68,149,64,6,3,35.00,21.00,10,13,16
4/3/18-5:49:35,135,66,126,51,5,2,34.00,21.00,10,13,16
4/3/18-5:50:36,138,67,141,63,5,1,34.00,22.00,8,11,11
4/3/18-5:51:37,136,61,130,59,5,1,35.00,21.00,8,11,11
4/3/18-5:52:38,137,66,129,60,6,1,34.00,21.00,9,13,13
4/3/18-5:53:39,137,65,145,68,7,3,34.00,22.00,9,13,13
4/3/18-5:54:40,136,66,133,61,7,1,32.00,21.00,8,11,11
4/3/18-5:55:41,138,66,140,66,5,2,34.00,22.00,8,11,11
4/3/18-5:56:42,136,68,128,64,5,1,34.00,22.00,8,10,10
4/3/18-5:57:43,135,65,126,54,6,2,34.00,22.00,8,10,10
4/3/18-5:58:44,138,66,134,62,7,2,34.00,22.00,9,13,13
4/3/18-5:59:45,137,69,141,77,4,2,34.00,22.00,8,13,13
4/3/18-6:0:46,137,62,136,64,5,2,34.00,21.00,8,10,10
4/3/18-6:1:47,136,65,133,50,5,2,34.00,21.00,8,10,10
4/3/18-6:2:48,139,66,131,60,7,3,34.00,21.00,8,12,15
4/3/18-6:3:49,137,66,143,65,6,4,34.00,21.00,9,12,16
4/3/18-6:4:50,137,66,148,73,8,3,34.00,21.00,7,10,11
4/3/18-6:5:51,138,68,150,57,7,3,34.00,21.00,7,10,11
4/3/18-6:6:52,137,67,138,60,8,4,34.00,21.00,8,11,13
4/3/18-6:7:53,136,66,135,54,7,2,34.00,21.00,8,12,13
4/3/18-6:8:54,137,64,140,65,7,2,34.00,21.00,9,12,14
4/3/18-6:9:55,138,67,136,60,4,1,34.00,22.00,9,12,14
4/3/18-6:10:56,136,64,148,100,7,2,34.00,22.00,9,11,11
4/3/18-6:11:57,138,66,148,67,7,4,34.00,21.00,9,11,11
4/3/18-6:12:58,138,66,144,65,7,1,34.00,21.00,8,13,16
4/3/18-6:13:59,137,66,145,81,11,4,34.00,21.00,8,13,16
4/3/18-6:14:59,136,67,140,60,4,3,34.00,21.00,7,9,11
4/3/18-6:16:0,138,68,141,75,7,3,34.00,21.00,7,9,11
4/3/18-6:17:1,139,66,141,75,3,3,34.00,21.00,7,8,8
4/3/18-6:18:2,136,65,135,60,5,1,34.00,21.00,7,9,9
4/3/18-6:19:3,135,66,133,60,5,3,34.00,21.00,7,10,10
4/3/18-6:20:4,137,66,148,73,7,3,34.00,21.00,7,10,10
4/3/18-6:21:5,138,65,151,78,7,3,35.00,22.00,7,10,10
4/3/18-6:22:6,136,66,135,65,5,2,34.00,21.00,7,9,9
4/3/18-6:23:7,138,66,116,46,5,3,34.00,21.00,5,8,11
4/3/18-6:24:8,136,66,125,58,4,1,33.00,21.00,5,8,11
4/3/18-6:25:9,137,66,140,68,5,2,34.00,21.00,7,10,11
4/3/18-6:26:10,137,65,130,62,6,1,34.00,21.00,8,11,12
4/3/18-6:27:11,137,65,118,52,5,2,34.00,21.00,11,16,18
4/3/18-6:28:12,136,69,162,74,5,1,35.00,20.00,10,15,17
4/3/18-6:29:13,139,68,134,65,6,3,34.00,21.00,11,19,22
4/3/18-6:30:14,138,66,134,61,7,0,35.00,20.00,11,19,22
4/3/18-6:31:15,139,67,132,59,5,3,34.00,21.00,10,14,14
4/3/18-6:32:16,139,65,127,50,4,1,34.00,21.00,10,14,14
4/3/18-6:33:17,139,63,137,61,5,4,34.00,21.00,10,17,18
4/3/18-6:34:18,139,67,135,66,6,2,35.00,20.00,10,17,18
4/3/18-6:35:19,137,66,132,63,5,1,34.00,21.00,11,19,22
4/3/18-6:36:20,139,66,127,60,5,0,34.00,21.00,11,19,22
4/3/18-6:37:21,138,64,139,63,7,1,34.00,21.00,12,17,17
4/3/18-6:38:22,137,66,123,54,5,2,35.00,20.00,12,17,17
4/3/18-6:39:23,137,66,126,56,6,3,35.00,20.00,11,21,22
4/3/18-6:40:24,138,66,124,58,7,1,35.00,20.00,11,21,23
4/3/18-6:41:25,139,64,128,55,7,4,34.00,21.00,12,18,18
4/3/18-6:42:26,140,68,136,64,4,1,35.00,20.00,12,18,18
4/3/18-6:43:27,139,66,130,61,5,3,34.00,21.00,11,17,18
4/3/18-6:44:28,138,65,132,57,7,1,34.00,21.00,11,17,18
4/3/18-6:45:29,140,64,128,64,6,3,34.00,21.00,11,20,25
4/3/18-6:46:30,139,68,144,73,4,1,34.00,21.00,11,20,25
4/3/18-6:47:31,136,68,140,89,5,1,35.00,20.00,12,23,26
4/3/18-6:48:32,137,66,133,59,4,2,34.00,21.00,12,23,26
4/3/18-6:49:33,138,65,152,69,7,3,35.00,21.00,12,17,19
4/3/18-6:50:34,140,65,140,64,5,2,34.00,21.00,11,16,18
4/3/18-6:51:35,139,64,121,50,6,3,34.00,21.00,13,18,18
4/3/18-6:52:36,139,67,131,61,5,3,33.00,21.00,13,18,18
4/3/18-6:53:37,137,65,136,71,7,1,34.00,21.00,12,20,25
4/3/18-6:54:38,137,67,123,53,4,1,35.00,20.00,12,20,25
4/3/18-6:55:39,139,67,138,67,4,1,34.00,21.00,12,22,22
4/3/18-6:56:40,137,66,127,59,5,1,34.00,21.00,12,21,21
4/3/18-6:57:41,139,66,132,61,8,3,34.00,21.00,11,16,19
4/3/18-6:58:42,138,64,126,57,7,3,34.00,22.00,11,16,19
4/3/18-6:59:43,139,66,138,62,7,0,34.00,21.00,11,16,21
4/3/18-7:0:44,138,67,150,74,6,1,35.00,20.00,11,16,21
4/3/18-7:1:45,138,63,136,60,5,3,35.00,20.00,12,18,25
4/3/18-7:2:46,139,63,128,57,6,3,35.00,20.00,13,18,25
4/3/18-7:3:47,138,67,136,63,4,1,33.00,21.00,13,19,23
4/3/18-7:4:48,138,65,134,68,6,1,35.00,20.00,13,19,23
4/3/18-7:5:49,139,64,135,64,8,3,35.00,20.00,9,15,18
4/3/18-7:6:50,138,66,134,61,5,2,35.00,20.00,9,15,18
4/3/18-7:7:51,138,66,139,73,5,3,34.00,21.00,11,14,21
4/3/18-7:8:52,139,66,144,59,7,3,35.00,20.00,11,14,21
4/3/18-7:9:53,138,65,126,48,5,3,35.00,20.00,11,17,21
4/3/18-7:10:54,136,71,129,65,5,1,35.00,20.00,11,17,21
4/3/18-7:11:55,141,68,132,61,4,1,34.00,21.00,9,13,14
4/3/18-7:12:56,141,66,134,75,6,3,34.00,21.00,9,13,14
4/3/18-7:13:57,138,65,125,49,5,2,35.00,20.00,9,12,13
4/3/18-7:14:58,140,64,151,77,6,1,34.00,21.00,9,12,13
4/3/18-7:15:59,139,67,137,62,6,2,34.00,21.00,9,12,14
4/3/18-7:17:0,137,65,135,64,6,3,35.00,20.00,9,12,14
4/3/18-7:18:1,139,64,126,53,6,2,34.00,21.00,9,13,14
4/3/18-7:19:2,138,67,128,57,5,1,34.00,21.00,9,13,14
4/3/18-7:20:3,139,65,146,65,7,2,34.00,21.00,9,14,17
4/3/18-7:21:4,139,64,130,65,6,4,34.00,21.00,9,14,17
4/3/18-7:22:5,138,65,129,62,5,1,34.00,21.00,9,14,17
4/3/18-7:23:6,139,66,130,61,5,3,34.00,21.00,9,13,13
4/3/18-7:24:7,138,65,126,53,6,3,35.00,20.00,7,12,12
4/3/18-7:25:8,140,66,135,70,5,3,34.00,21.00,6,11,11
4/3/18-7:26:9,138,66,127,59,5,2,34.00,21.00,8,12,14
4/3/18-7:27:10,140,66,132,65,5,3,35.00,20.00,8,12,15
4/3/18-7:28:11,138,63,135,55,5,2,35.00,20.00,8,14,16
4/3/18-7:29:12,140,65,124,59,7,3,33.00,21.00,8,14,16
4/3/18-7:30:13,139,66,146,77,5,2,35.00,20.00,8,14,15
4/3/18-7:31:14,138,65,136,67,4,3,34.00,21.00,8,13,15
4/3/18-7:32:15,140,66,132,74,4,2,35.00,20.00,9,12,13
4/3/18-7:33:16,138,65,124,65,5,2,34.00,21.00,9,14,16
4/3/18-7:34:17,140,62,136,57,3,3,34.00,21.00,8,12,13
4/3/18-7:35:18,139,68,138,69,4,1,34.00,20.00,8,12,13
4/3/18-7:36:19,139,65,131,65,6,3,34.00,21.00,8,17,20
4/3/18-7:37:20,138,62,129,54,7,2,34.00,21.00,8,17,20
4/3/18-7:38:21,141,66,130,59,5,3,32.00,21.00,9,11,14
4/3/18-7:39:22,140,67,132,60,6,2,34.00,21.00,9,11,14
4/3/18-7:40:23,140,62,117,52,4,2,36.00,21.00,8,11,12
4/3/18-7:41:24,138,64,123,58,4,2,34.00,21.00,8,11,12
4/3/18-7:42:25,139,67,129,58,6,2,35.00,20.00,8,12,12
4/3/18-7:43:26,138,67,139,68,3,1,34.00,21.00,8,12,13
4/3/18-7:44:27,137,63,122,52,4,3,35.00,20.00,7,12,14
4/3/18-7:45:28,138,64,153,106,7,2,34.00,21.00,7,12,14
4/3/18-7:46:29,138,63,124,57,5,3,34.00,21.00,7,10,13
4/3/18-7:47:30,137,65,131,67,5,1,34.00,21.00,7,11,13
4/3/18-7:48:31,139,64,117,49,6,2,34.00,21.00,6,11,12
4/3/18-7:49:32,137,67,143,82,4,1,34.00,21.00,6,11,12
4/3/18-7:50:33,139,65,129,61,5,1,34.00,21.00,6,9,9
4/3/18-7:51:34,140,65,161,104,7,3,34.00,21.00,6,9,9
4/3/18-7:52:35,140,66,133,68,4,0,34.00,21.00,6,10,10
4/3/18-7:53:36,139,66,129,62,5,3,34.00,21.00,6,10,11
4/3/18-7:54:37,138,65,125,52,4,0,34.00,21.00,5,11,11
4/3/18-7:55:38,141,66,134,71,5,2,34.00,21.00,5,11,11
4/3/18-7:56:39,141,68,160,76,4,1,34.00,21.00,6,8,12
4/3/18-7:57:40,138,65,142,70,4,2,34.00,21.00,6,8,12
4/3/18-7:58:41,139,64,130,54,4,2,35.00,20.00,5,7,7
4/3/18-7:59:42,139,64,135,63,6,2,34.00,21.00,5,7,7
4/3/18-8:0:43,139,64,137,74,6,1,34.00,21.00,5,8,8
4/3/18-8:1:44,138,63,122,57,6,3,34.00,21.00,5,8,8
4/3/18-8:2:45,139,66,137,59,6,2,34.00,21.00,4,5,5
4/3/18-8:3:46,140,69,134,61,6,3,34.00,21.00,4,5,5
4/3/18-8:4:47,139,64,134,60,6,3,34.00,21.00,5,7,7
4/3/18-8:5:48,139,65,125,53,7,3,34.00,21.00,5,7,7
4/3/18-8:6:49,136,67,151,78,5,1,34.00,21.00,6,8,8
4/3/18-8:7:50,137,64,121,60,9,1,36.00,21.00,6,8,8
4/3/18-8:8:51,140,66,131,67,5,2,34.00,21.00,6,9,12
4/3/18-8:9:52,137,63,127,54,7,2,35.00,20.00,6,9,12
4/3/18-8:10:53,137,66,147,71,6,2,35.00,20.00,6,9,9
4/3/18-8:11:54,139,65,157,96,7,1,34.00,21.00,6,9,9
4/3/18-8:12:55,139,67,130,63,4,0,34.00,21.00,6,8,9
4/3/18-8:13:56,139,64,119,54,6,5,34.00,21.00,6,8,9
4/3/18-8:14:57,141,66,118,56,5,3,34.00,21.00,6,9,11
4/3/18-8:15:58,138,65,146,64,5,2,34.00,21.00,6,9,10
4/3/18-8:16:59,139,64,133,61,5,3,34.00,21.00,6,9,9
4/3/18-8:18:0,137,62,124,55,4,3,34.00,21.00,6,9,9
4/3/18-8:19:1,138,66,125,68,3,0,34.00,21.00,5,6,6
4/3/18-8:20:2,140,66,128,70,6,1,34.00,21.00,5,5,5
4/3/18-8:21:3,137,65,138,64,4,2,34.00,21.00,5,7,7
4/3/18-8:22:4,136,63,127,49,6,2,34.00,21.00,5,7,7
4/3/18-8:23:5,139,66,136,65,5,3,34.00,21.00,4,6,7
4/3/18-8:24:6,138,65,134,61,7,2,34.00,22.00,4,6,6
4/3/18-8:25:7,138,64,133,61,6,0,34.00,22.00,5,8,8
4/3/18-8:26:8,139,65,131,58,6,2,34.00,21.00,5,8,8
4/3/18-8:27:9,139,66,136,65,4,3,34.00,21.00,5,7,7
4/3/18-8:28:10,138,64,128,57,5,1,34.00,21.00,5,6,6
4/3/18-8:29:11,136,64,126,72,6,3,34.00,22.00,4,7,7
4/3/18-8:30:12,138,65,125,60,5,1,34.00,21.00,5,8,8
4/3/18-8:31:13,139,65,124,56,6,3,35.00,21.00,4,6,6
4/3/18-8:32:14,137,65,132,63,7,1,34.00,21.00,3,5,5
4/3/18-8:33:15,137,65,130,53,4,3,34.00,21.00,5,7,10
4/3/18-8:34:16,139,66,126,58,4,3,33.00,21.00,5,7,10
4/3/18-8:35:17,139,65,133,65,4,3,34.00,22.00,5,7,7
4/3/18-8:36:18,137,65,115,50,4,2,34.00,21.00,5,8,8
4/3/18-8:37:19,138,73,131,64,5,3,33.00,21.00,4,6,7
4/3/18-8:38:20,136,63,133,62,4,1,34.00,21.00,4,6,7
4/3/18-8:39:21,136,63,145,69,5,3,34.00,21.00,5,6,6
4/3/18-8:40:22,137,64,133,65,5,3,34.00,21.00,5,6,6
4/3/18-8:41:23,141,68,125,58,4,1,34.00,21.00,3,5,5
4/3/18-8:42:24,138,64,128,76,5,3,34.00,21.00,4,5,5
4/3/18-8:43:25,137,68,129,71,6,2,34.00,21.00,3,4,4
4/3/18-8:44:26,137,64,126,60,5,3,34.00,21.00,3,4,4
4/3/18-8:45:27,137,65,138,66,5,3,34.00,21.00,3,5,6
4/3/18-8:46:28,138,64,134,63,5,2,34.00,21.00,3,5,6
4/3/18-8:47:29,137,64,116,59,5,1,34.00,21.00,3,4,6
4/3/18-8:48:30,139,65,119,47,5,3,34.00,22.00,3,4,6
4/3/18-8:49:30,139,66,136,68,6,3,34.00,22.00,4,6,6
4/3/18-8:50:31,138,66,143,63,4,1,34.00,22.00,4,6,6
4/3/18-8:51:32,138,65,123,61,6,4,34.00,22.00,5,7,7
4/3/18-8:52:33,137,67,116,51,5,1,34.00,21.00,5,7,7
4/3/18-8:53:34,140,65,127,56,5,3,34.00,22.00,4,6,6
4/3/18-8:54:35,135,64,125,61,6,2,34.00,22.00,3,5,5
4/3/18-8:55:36,137,65,144,71,7,1,34.00,22.00,4,5,5
4/3/18-8:56:37,138,66,129,69,6,3,34.00,22.00,4,5,5
4/3/18-8:57:38,137,67,142,72,4,2,34.00,22.00,6,8,8
4/3/18-8:58:39,136,67,116,56,4,3,34.00,22.00,5,7,7
4/3/18-8:59:40,136,65,122,69,4,2,34.00,21.00,6,8,8
4/3/18-9:0:41,140,65,134,69,4,2,34.00,22.00,6,8,8
4/3/18-9:1:42,136,64,117,63,6,1,36.00,22.00,3,5,6
4/3/18-9:2:43,137,66,124,68,4,1,34.00,22.00,3,5,6
4/3/18-9:3:44,137,66,117,54,5,2,34.00,22.00,5,6,9
4/3/18-9:4:45,138,65,117,63,7,2,34.00,22.00,5,6,9
4/3/18-9:5:46,137,64,143,87,5,2,34.00,22.00,5,7,8
4/3/18-9:6:47,137,66,131,60,6,3,34.00,22.00,5,7,8
4/3/18-9:7:48,137,64,115,47,6,3,34.00,22.00,3,4,9
4/3/18-9:8:49,137,65,120,61,4,1,34.00,22.00,3,4,9
4/3/18-9:9:50,135,64,102,47,6,4,34.00,22.00,4,9,11
4/3/18-9:10:51,135,65,115,51,4,2,34.00,22.00,4,9,11
4/3/18-9:11:52,136,65,131,71,6,1,34.00,22.00,3,5,5
4/3/18-9:12:53,136,64,111,57,4,1,34.00,22.00,4,6,7
4/3/18-9:13:54,136,65,130,76,2,0,34.00,22.00,4,7,7
4/3/18-9:14:55,135,65,124,47,5,4,34.00,22.00,4,7,7
4/3/18-9:15:56,136,63,115,54,2,1,34.00,22.00,5,6,7
4/3/18-9:16:57,135,66,131,60,5,2,34.00,22.00,5,6,7
4/3/18-9:17:58,137,63,125,65,4,2,34.00,22.00,3,5,5
4/3/18-9:18:59,136,65,109,50,4,1,34.00,22.00,4,6,6
4/3/18-9:20:0,138,66,130,72,4,3,34.00,22.00,2,3,3
4/3/18-9:21:1,135,64,110,53,3,3,34.00,22.00,2,3,3
4/3/18-9:22:2,135,66,135,68,4,1,33.00,23.00,3,5,5
4/3/18-9:23:3,135,64,136,81,5,2,34.00,22.00,3,5,5
4/3/18-9:24:4,135,67,120,60,4,1,33.00,23.00,3,4,4
4/3/18-9:25:5,135,64,121,67,6,1,33.00,23.00,2,3,3
4/3/18-9:26:6,137,65,130,86,6,4,33.00,23.00,2,6,6
4/3/18-9:27:7,136,65,126,62,4,2,33.00,23.00,2,6,6
4/3/18-9:28:8,134,63,115,67,4,1,33.00,23.00,2,3,3
4/3/18-9:29:9,136,66,109,51,5,2,33.00,23.00,2,2,2
4/3/18-9:30:10,135,66,119,82,4,2,33.00,23.00,2,3,3
4/3/18-9:31:11,136,66,123,62,4,3,33.00,23.00,2,3,3
4/3/18-9:32:12,137,67,140,56,4,3,34.00,23.00,3,4,5
4/3/18-9:33:13,135,64,131,62,5,1,33.00,23.00,3,4,5
4/3/18-9:34:14,135,62,108,50,5,2,33.00,23.00,2,3,4
4/3/18-9:35:15,136,66,121,63,9,1,32.00,23.00,2,3,4
4/3/18-9:36:16,137,66,124,71,6,3,33.00,23.00,3,4,4
4/3/18-9:37:17,134,66,101,56,4,3,33.00,23.00,3,4,4
4/3/18-9:38:18,135,63,97,45,5,2,33.00,23.00,3,4,4
4/3/18-9:39:19,136,65,111,77,7,2,33.00,23.00,3,4,4
4/3/18-9:40:20,136,71,99,52,3,3,33.00,23.00,2,3,3
4/3/18-9:41:21,135,67,104,68,3,0,33.00,23.00,2,3,3
4/3/18-9:42:22,134,63,116,61,4,3,33.00,23.00,2,3,3
4/3/18-9:43:23,133,64,111,59,5,2,33.00,23.00,2,3,3
4/3/18-9:44:24,136,65,118,57,5,1,33.00,23.00,3,3,4
4/3/18-9:45:25,134,65,119,74,5,2,33.00,23.00,3,3,4
4/3/18-9:46:26,136,66,108,47,3,3,33.00,23.00,3,5,5
4/3/18-9:47:27,136,65,122,56,5,3,33.00,23.00,3,5,5
4/3/18-9:48:28,135,67,121,80,3,2,33.00,23.00,2,3,3
4/3/18-9:49:29,136,66,113,58,3,2,33.00,23.00,2,3,3
4/3/18-9:50:30,134,72,113,54,5,2,33.00,23.00,2,3,3
4/3/18-9:51:31,135,65,107,59,6,1,33.00,23.00,2,3,3
4/3/18-9:52:32,135,64,93,50,5,3,33.00,23.00,2,2,2
4/3/18-9:53:33,135,68,103,52,3,2,33.00,23.00,1,1,1
4/3/18-9:54:34,135,65,91,44,4,0,33.00,23.00,1,2,2
4/3/18-9:55:35,135,65,125,74,3,3,33.00,23.00,1,2,2
4/3/18-9:56:36,132,64,159,99,4,1,33.00,24.00,2,2,2
4/3/18-9:57:37,134,64,137,72,4,1,33.00,23.00,2,2,2
4/3/18-9:58:38,134,65,135,72,4,2,33.00,24.00,3,3,4
4/3/18-9:59:39,135,67,124,61,2,0,33.00,23.00,3,3,4
4/3/18-10:0:40,133,66,107,53,3,1,33.00,23.00,3,4,5
4/3/18-10:1:41,133,63,97,48,6,4,33.00,23.00,3,4,5
4/3/18-10:2:42,136,64,135,83,5,2,33.00,24.00,2,3,5
4/3/18-10:3:43,133,64,160,72,5,3,33.00,23.00,2,3,5
4/3/18-10:4:44,133,65,127,61,6,2,33.00,24.00,3,5,6
4/3/18-10:5:45,130,64,124,62,6,2,33.00,23.00,3,5,6
4/3/18-10:6:46,132,64,131,55,5,2,32.00,23.00,1,2,5
4/3/18-10:7:47,133,66,119,56,5,3,33.00,24.00,1,2,5
4/3/18-10:8:48,133,64,133,91,4,1,33.00,24.00,2,4,4
4/3/18-10:9:49,132,64,107,47,6,3,33.00,24.00,2,4,4
4/3/18-10:10:50,133,69,137,72,5,2,33.00,23.00,3,4,4
4/3/18-10:11:51,134,66,106,52,4,1,33.00,24.00,3,4,4
4/3/18-10:12:52,133,66,121,73,4,1,33.00,24.00,2,3,4
4/3/18-10:13:53,132,66,104,44,4,3,33.00,24.00,2,3,4
4/3/18-10:14:54,134,67,126,74,4,2,33.00,24.00,4,5,5
4/3/18-10:15:55,131,64,127,69,3,2,33.00,24.00,4,5,5
4/3/18-10:16:56,130,64,119,59,6,2,33.00,24.00,3,5,5
4/3/18-10:17:57,133,67,112,53,3,2,33.00,24.00,2,4,4
4/3/18-10:18:58,132,66,106,50,4,1,33.00,24.00,2,3,3
4/3/18-10:19:59,133,64,140,72,5,1,33.00,24.00,2,3,3
4/3/18-10:21:0,131,64,127,82,5,1,33.00,24.00,2,5,7
4/3/18-10:22:1,132,63,99,44,5,4,33.00,24.00,2,5,7
4/3/18-10:23:2,133,64,126,71,6,4,33.00,24.00,2,3,3
4/3/18-10:24:3,133,63,120,68,4,1,33.00,24.00,1,2,2
4/3/18-10:25:4,130,66,114,50,5,3,33.00,24.00,3,5,5
4/3/18-10:26:5,132,65,100,42,5,4,33.00,24.00,3,5,5
4/3/18-10:27:6,132,68,113,54,5,2,33.00,24.00,2,4,4
4/3/18-10:28:7,131,66,152,58,3,3,33.00,24.00,2,4,4
4/3/18-10:29:8,131,67,129,66,5,2,33.00,24.00,3,4,4
4/3/18-10:30:9,132,65,124,58,4,3,33.00,24.00,3,4,4
4/3/18-10:31:10,135,67,110,53,3,1,33.00,24.00,2,3,3
4/3/18-10:32:11,134,64,104,55,5,3,32.00,25.00,2,3,3
4/3/18-10:33:12,131,58,115,44,4,3,33.00,24.00,2,3,3
4/3/18-10:34:13,132,63,125,62,4,1,33.00,24.00,2,3,3
4/3/18-10:35:14,132,67,109,73,5,3,33.00,24.00,3,5,5
4/3/18-10:36:15,132,65,118,55,4,3,33.00,24.00,4,5,5
4/3/18-10:37:16,131,64,114,44,3,3,32.00,25.00,2,4,4
4/3/18-10:38:17,132,67,121,62,3,2,32.00,24.00,2,4,4
4/3/18-10:39:18,131,67,126,75,4,1,33.00,24.00,2,5,5
4/3/18-10:40:19,131,65,116,69,5,3,33.00,24.00,2,5,5
4/3/18-10:41:20,132,64,116,47,5,3,33.00,24.00,3,3,5
4/3/18-10:42:21,131,65,116,63,4,3,32.00,25.00,3,3,5
4/3/18-10:43:22,130,65,126,65,2,3,32.00,25.00,4,6,7
4/3/18-10:44:23,133,66,115,58,5,2,32.00,25.00,3,5,5
4/3/18-10:45:24,131,64,101,49,5,3,33.00,24.00,3,4,4
4/3/18-10:46:25,132,66,119,91,3,2,32.00,25.00,4,5,5
4/3/18-10:47:26,132,66,109,62,3,2,32.00,25.00,3,5,5
4/3/18-10:48:27,132,65,112,55,4,1,32.00,25.00,4,6,6
4/3/18-10:49:28,130,65,118,66,6,3,32.00,25.00,5,7,9
4/3/18-10:50:29,131,65,139,73,3,0,33.00,24.00,5,7,9
4/3/18-10:51:30,132,66,136,66,5,2,32.00,25.00,4,6,6
4/3/18-10:52:31,128,65,134,61,4,1,32.00,25.00,4,6,6
4/3/18-10:53:32,130,64,114,46,6,3,32.00,25.00,4,7,9
4/3/18-10:54:33,128,65,117,73,5,1,32.00,25.00,4,7,9
4/3/18-10:55:34,130,68,117,60,5,3,33.00,24.00,4,5,6
4/3/18-10:56:35,129,65,133,70,5,2,32.00,25.00,4,5,6
4/3/18-10:57:36,130,64,111,47,5,3,32.00,25.00,3,5,5
4/3/18-10:58:37,131,66,144,75,3,2,32.00,25.00,3,5,5
4/3/18-10:59:38,131,62,99,53,3,1,32.00,25.00,3,5,8
4/3/18-11:0:39,130,65,116,65,4,1,32.00,25.00,3,5,8
4/3/18-11:1:40,129,66,111,57,5,2,32.00,25.00,4,7,8
4/3/18-11:2:41,131,65,114,58,5,2,32.00,25.00,4,7,8
4/3/18-11:3:42,131,66,124,62,4,0,32.00,25.00,2,3,3
4/3/18-11:4:43,131,63,121,51,4,3,32.00,25.00,2,3,3
4/3/18-11:5:44,130,66,121,57,3,0,32.00,25.00,2,3,3
4/3/18-11:6:45,131,64,106,53,5,3,32.00,25.00,2,3,3
4/3/18-11:7:46,129,65,125,64,3,1,32.00,25.00,4,5,5
4/3/18-11:8:47,129,65,131,88,4,2,32.00,25.00,4,5,5
4/3/18-11:9:48,129,65,138,91,5,1,32.00,25.00,3,4,7
4/3/18-11:10:49,131,65,108,55,4,1,33.00,25.00,3,4,7
4/3/18-11:11:50,131,66,116,72,4,3,32.00,25.00,4,5,5
4/3/18-11:12:51,128,65,126,57,5,3,32.00,25.00,4,5,5
4/3/18-11:13:52,131,65,120,60,3,2,31.00,25.00,3,4,4
4/3/18-11:14:53,130,65,120,63,3,3,32.00,25.00,3,4,4
4/3/18-11:15:54,130,67,132,61,4,2,32.00,25.00,3,5,6
4/3/18-11:16:55,129,63,112,49,4,2,32.00,25.00,3,5,6
4/3/18-11:17:56,130,64,112,74,4,2,31.00,25.00,3,5,5
4/3/18-11:18:57,129,70,131,63,4,3,32.00,25.00,3,5,5
4/3/18-11:19:58,132,66,129,60,2,1,32.00,25.00,2,3,3
4/3/18-11:20:59,129,63,96,46,4,2,32.00,25.00,2,3,3
4/3/18-11:22:0,130,65,100,51,4,1,32.00,25.00,3,4,4
4/3/18-11:23:1,128,66,126,59,5,1,32.00,25.00,3,4,4
4/3/18-11:24:2,130,60,117,65,2,1,32.00,25.00,2,4,5
4/3/18-11:25:3,128,65,130,75,3,3,32.00,25.00,2,4,5
4/3/18-11:26:4,129,64,133,65,5,2,32.00,25.00,3,3,3
4/3/18-11:27:5,128,65,124,81,3,1,32.00,25.00,3,3,3
4/3/18-11:28:6,129,65,126,71,5,3,32.00,25.00,3,4,6
4/3/18-11:29:7,128,65,130,70,5,2,32.00,25.00,3,4,6
4/3/18-11:30:8,131,66,131,72,5,1,32.00,25.00,4,5,8
4/3/18-11:31:9,128,61,110,59,4,1,32.00,25.00,4,5,7
4/3/18-11:32:10,128,66,142,66,4,3,32.00,26.00,3,5,5
4/3/18-11:33:11,127,64,124,61,6,4,32.00,25.00,3,5,5
4/3/18-11:34:12,129,65,145,68,5,3,32.00,25.00,4,5,5
4/3/18-11:35:13,129,66,134,77,4,3,32.00,26.00,4,5,5
4/3/18-11:36:14,127,64,125,83,7,2,32.00,25.00,4,5,5
4/3/18-11:37:15,127,65,107,48,2,2,32.00,25.00,4,5,5
4/3/18-11:38:16,130,64,110,54,2,2,32.00,26.00,2,3,3
4/3/18-11:39:17,129,65,114,62,5,2,32.00,26.00,2,3,3
4/3/18-11:40:18,127,66,118,68,4,3,32.00,25.00,3,4,4
4/3/18-11:41:19,129,60,105,48,4,4,32.00,25.00,3,4,4
4/3/18-11:42:20,128,66,141,78,5,2,32.00,26.00,3,4,4
4/3/18-11:43:21,129,68,142,67,4,2,32.00,26.00,3,4,4
4/3/18-11:44:22,129,69,104,54,3,3,32.00,26.00,3,5,5
4/3/18-11:45:23,128,64,95,45,6,4,32.00,26.00,3,5,5
4/3/18-11:46:24,129,65,121,58,5,3,32.00,26.00,4,5,5
4/3/18-11:47:25,129,65,97,51,3,2,32.00,26.00,4,4,4
4/3/18-11:48:26,126,65,131,97,5,3,32.00,26.00,3,4,6
4/3/18-11:49:27,128,64,125,83,4,2,32.00,26.00,3,4,6
4/3/18-11:50:28,129,65,108,60,4,3,32.00,26.00,2,2,2
4/3/18-11:51:29,129,67,117,65,4,1,32.00,26.00,2,3,3
4/3/18-11:52:30,126,66,99,55,5,0,32.00,26.00,4,6,7
4/3/18-11:53:31,125,63,116,55,5,4,32.00,26.00,4,6,7
4/3/18-11:54:32,128,61,126,66,4,3,32.00,25.00,4,5,5
4/3/18-11:55:33,127,65,116,57,5,2,32.00,26.00,4,5,5
4/3/18-11:56:34,128,66,112,71,5,1,32.00,26.00,3,4,4
4/3/18-11:57:35,127,65,140,69,5,3,32.00,26.00,3,4,4
4/3/18-11:58:36,128,64,107,55,3,3,32.00,26.00,4,5,5
4/3/18-11:59:37,128,64,127,133,6,2,32.00,26.00,4,5,5
4/3/18-12:0:38,125,67,119,69,4,1,32.00,26.00,4,4,4
4/3/18-12:1:39,129,65,105,55,5,3,32.00,26.00,4,4,4
4/3/18-12:2:39,127,65,154,75,6,2,32.00,26.00,3,5,6
4/3/18-12:3:40,129,66,107,54,3,2,32.00,26.00,3,5,6
4/3/18-12:4:41,126,64,136,47,5,4,32.00,26.00,5,6,8
4/3/18-12:5:42,128,65,106,55,4,3,32.00,26.00,5,6,8
4/3/18-12:6:43,127,63,115,77,4,3,32.00,26.00,5,6,6
4/3/18-12:7:44,127,64,102,56,6,4,32.00,26.00,5,5,5
4/3/18-12:8:45,125,64,108,51,5,3,32.00,26.00,3,4,4
4/3/18-12:9:46,127,65,139,73,4,3,32.00,26.00,3,4,4
4/3/18-12:10:47,129,65,136,64,4,3,32.00,26.00,3,4,4
4/3/18-12:11:48,127,66,143,95,4,0,32.00,26.00,4,5,5
4/3/18-12:12:49,127,64,102,46,3,3,32.00,26.00,3,4,4
4/3/18-12:13:50,128,65,115,60,4,1,32.00,26.00,3,4,4
4/3/18-12:14:51,125,66,132,65,5,1,32.00,27.00,5,11,11
4/3/18-12:15:52,127,66,128,64,4,2,32.00,26.00,6,12,12
4/3/18-12:16:53,124,71,110,57,4,3,32.00,26.00,8,15,16
4/3/18-12:17:54,127,66,161,80,4,1,31.00,26.00,7,14,15
4/3/18-12:18:55,127,68,118,59,2,1,34.00,26.00,6,8,8
4/3/18-12:19:56,126,64,135,69,3,2,32.00,26.00,5,8,8
4/3/18-12:20:57,127,64,125,91,5,3,32.00,26.00,4,5,6
4/3/18-12:21:58,127,66,137,79,6,1,31.00,26.00,4,5,6
4/3/18-12:22:59,126,67,115,56,4,1,33.00,26.00,3,6,6
4/3/18-12:24:0,125,66,118,53,4,2,32.00,26.00,3,7,7
4/3/18-12:25:1,127,65,130,88,4,1,32.00,26.00,5,8,8
4/3/18-12:26:2,125,64,119,75,5,2,32.00,26.00,5,8,8
4/3/18-12:27:3,126,66,110,63,4,1,31.00,27.00,3,4,4
4/3/18-12:28:4,122,62,161,106,5,4,32.00,26.00,3,4,4
4/3/18-12:29:5,125,65,107,60,5,3,32.00,26.00,3,5,5
4/3/18-12:30:6,127,66,144,74,5,3,31.00,27.00,3,5,5
4/3/18-12:31:7,127,67,118,65,4,1,32.00,26.00,4,5,5
4/3/18-12:32:8,124,67,108,58,4,2,31.00,27.00,4,5,5
4/3/18-12:33:9,124,67,177,121,5,2,32.00,26.00,6,9,9
4/3/18-12:34:10,126,66,148,68,3,2,33.00,26.00,6,9,9
4/3/18-12:35:11,125,67,139,64,4,3,31.00,27.00,4,5,5
4/3/18-12:36:12,125,64,140,89,4,4,31.00,27.00,3,4,4
4/3/18-12:37:13,125,66,125,61,4,1,31.00,27.00,2,3,3
4/3/18-12:38:14,125,68,117,61,3,0,33.00,26.00,2,3,3
4/3/18-12:39:15,126,66,104,56,5,2,31.00,27.00,3,4,4
4/3/18-12:40:16,123,64,117,55,7,2,31.00,27.00,3,4,4
4/3/18-12:41:17,125,66,113,62,4,3,32.00,26.00,4,6,10
4/3/18-12:42:18,124,67,156,93,5,1,32.00,27.00,4,6,10
4/3/18-12:43:19,124,66,113,58,4,1,31.00,27.00,4,5,5
4/3/18-12:44:20,123,64,118,60,5,3,31.00,27.00,4,5,5
4/3/18-12:45:21,126,65,123,79,2,1,31.00,28.00,4,7,9
4/3/18-12:46:22,126,67,143,74,4,1,31.00,27.00,4,7,9
4/3/18-12:47:23,123,65,110,57,5,3,31.00,27.00,4,5,6
4/3/18-12:48:24,122,71,133,50,5,3,31.00,27.00,5,6,7
4/3/18-12:49:25,127,66,129,61,5,3,31.00,27.00,4,6,6
4/3/18-12:50:26,126,68,121,80,5,3,31.00,27.00,4,6,6
4/3/18-12:51:27,126,66,115,55,3,2,31.00,27.00,5,6,6
4/3/18-12:52:28,121,64,109,48,6,4,31.00,27.00,5,6,6
4/3/18-12:53:29,125,65,136,60,6,2,31.00,27.00,3,3,4
4/3/18-12:54:30,126,65,141,79,4,1,31.00,28.00,3,3,4
4/3/18-12:55:31,124,66,117,64,5,3,31.00,27.00,5,6,6
4/3/18-12:56:32,123,64,127,57,5,3,31.00,28.00,5,6,6
4/3/18-12:57:33,125,68,128,71,6,2,31.00,27.00,3,6,6
4/3/18-12:58:34,126,67,143,82,4,1,31.00,27.00,3,6,6
4/3/18-12:59:35,126,66,139,84,6,2,31.00,28.00,8,11,13
4/3/18-13:0:36,124,65,136,60,8,2,31.00,28.00,8,11,13
4/3/18-13:1:37,126,70,157,62,3,0,31.00,28.00,8,12,12
4/3/18-13:2:38,124,64,123,56,5,2,31.00,28.00,8,12,12
4/3/18-13:3:39,124,66,140,77,7,3,31.00,27.00,6,7,8
4/3/18-13:4:40,122,65,140,78,3,3,127.00,27.00,6,7,8
4/3/18-13:5:41,123,66,132,75,5,2,31.00,28.00,5,7,7
4/3/18-13:6:42,124,66,125,60,4,1,31.00,28.00,5,7,7
4/3/18-13:7:43,124,66,139,112,4,1,31.00,28.00,2,4,4
4/3/18-13:8:44,123,65,158,107,5,2,31.00,28.00,2,4,4
4/3/18-13:9:45,122,65,111,57,6,3,31.00,28.00,5,7,9
4/3/18-13:10:46,123,67,149,74,3,0,31.00,28.00,5,7,9
4/3/18-13:11:47,121,65,162,90,4,1,31.00,28.00,5,6,6
4/3/18-13:12:48,122,67,134,72,4,2,31.00,28.00,5,6,6
4/3/18-13:13:49,124,61,121,67,5,2,31.00,28.00,12,17,17
4/3/18-13:14:50,125,65,129,72,4,2,31.00,28.00,11,16,16
4/3/18-13:15:51,123,64,128,65,4,2,31.00,28.00,6,8,10
4/3/18-13:16:52,121,62,162,97,4,2,31.00,28.00,6,8,10
4/3/18-13:17:53,122,65,111,49,4,1,31.00,28.00,4,5,5
4/3/18-13:18:54,124,67,150,73,4,0,31.00,28.00,4,5,5
4/3/18-13:19:55,123,69,132,69,4,3,31.00,28.00,3,5,6
4/3/18-13:20:56,121,65,140,81,4,1,31.00,28.00,3,5,6
4/3/18-13:21:57,121,65,113,48,5,3,31.00,28.00,6,7,7
4/3/18-13:22:58,123,67,138,70,4,2,31.00,28.00,6,7,7
4/3/18-13:23:59,123,67,115,59,5,1,31.00,27.00,6,9,10
4/3/18-13:25:0,123,66,136,119,5,3,31.00,28.00,6,9,10
4/3/18-13:26:1,123,64,149,68,3,2,31.00,28.00,5,7,7
4/3/18-13:27:2,124,65,145,80,4,3,31.00,28.00,5,7,7
4/3/18-13:28:3,125,64,128,72,3,1,31.00,28.00,3,5,5
4/3/18-13:29:4,121,65,131,64,5,1,31.00,28.00,3,4,4
4/3/18-13:30:5,123,64,102,63,4,3,31.00,27.00,4,5,5
4/3/18-13:31:6,123,67,135,70,4,2,31.00,27.00,4,5,5
4/3/18-13:32:7,124,65,139,60,4,2,31.00,28.00,3,4,4
4/3/18-13:33:8,125,67,123,58,2,1,31.00,27.00,3,4,4
4/3/18-13:34:9,122,62,132,52,5,2,31.00,28.00,6,8,8
4/3/18-13:35:10,122,65,157,81,6,3,31.00,28.00,6,8,8
4/3/18-13:36:11,123,65,146,80,3,3,31.00,27.00,6,7,9
4/3/18-13:37:12,121,66,103,53,5,4,31.00,28.00,5,7,9
4/3/18-13:38:13,123,64,102,50,5,3,31.00,28.00,4,7,8
4/3/18-13:39:14,123,64,133,66,6,2,31.00,28.00,4,7,8
4/3/18-13:40:15,123,67,144,77,4,3,31.00,27.00,6,7,7
4/3/18-13:41:16,122,65,119,61,5,3,31.00,27.00,6,8,8
4/3/18-13:42:17,120,60,137,70,6,3,31.00,27.00,6,9,9
4/3/18-13:43:18,125,66,118,57,5,2,31.00,28.00,6,9,9
4/3/18-13:44:19,122,66,138,84,5,4,31.00,28.00,6,7,7
4/3/18-13:45:20,124,67,113,59,5,3,31.00,28.00,6,7,7
4/3/18-13:46:21,121,65,124,52,6,2,31.00,28.00,8,10,11
4/3/18-13:47:22,124,67,146,69,4,1,31.00,28.00,8,10,11
4/3/18-13:48:23,120,64,134,68,5,3,31.00,28.00,31,46,57
4/3/18-13:49:24,124,65,132,64,8,3,31.00,28.00,31,46,57
4/3/18-13:50:25,119,64,125,61,6,4,31.00,28.00,9,14,15
4/3/18-13:51:26,122,67,132,67,5,1,31.00,28.00,9,14,15
4/3/18-13:52:27,123,66,148,81,5,3,31.00,27.00,5,6,9
4/3/18-13:53:28,123,68,123,63,4,2,31.00,28.00,5,6,7
4/3/18-13:54:29,121,65,146,77,4,1,31.00,28.00,6,9,9
4/3/18-13:55:30,122,72,134,73,4,1,30.00,29.00,6,9,9
4/3/18-13:56:31,122,67,139,86,2,0,31.00,28.00,5,7,7
4/3/18-13:57:32,123,69,120,61,4,2,31.00,28.00,5,7,7
4/3/18-13:58:33,122,67,140,82,5,1,31.00,28.00,5,6,6
4/3/18-13:59:34,122,65,111,50,6,4,31.00,28.00,5,6,6
4/3/18-14:0:35,122,68,164,93,6,2,31.00,28.00,8,9,9
4/3/18-14:1:36,123,67,127,62,4,1,31.00,28.00,8,9,10
4/3/18-14:2:37,122,66,133,72,5,3,31.00,28.00,4,6,6
4/3/18-14:3:38,122,65,136,93,4,2,31.00,28.00,4,6,6
4/3/18-14:4:39,124,68,174,117,4,1,31.00,28.00,4,6,9
4/3/18-14:5:40,125,66,139,70,2,2,31.00,28.00,5,6,9
4/3/18-14:6:41,120,66,133,80,5,3,31.00,28.00,6,9,9
4/3/18-14:7:42,121,65,119,49,5,3,31.00,28.00,6,9,9
4/3/18-14:8:43,122,67,147,75,4,1,31.00,28.00,8,13,13
4/3/18-14:9:44,120,66,121,62,9,3,31.00,28.00,10,15,15
4/3/18-14:10:45,123,67,142,76,3,1,31.00,28.00,7,11,11
4/3/18-14:11:46,120,63,125,55,5,3,31.00,28.00,6,10,10
4/3/18-14:12:47,123,67,127,63,5,0,31.00,28.00,11,16,17
4/3/18-14:13:48,121,66,106,56,5,2,31.00,28.00,11,16,17
4/3/18-14:14:49,121,65,154,77,4,2,31.00,28.00,5,7,7
4/3/18-14:15:50,122,68,162,97,4,1,30.00,28.00,5,7,7
4/3/18-14:16:51,122,69,129,57,4,2,32.00,28.00,4,6,9
4/3/18-14:17:52,120,66,142,90,6,3,30.00,29.00,4,5,8
4/3/18-14:18:53,121,60,110,56,4,2,31.00,28.00,5,7,7
4/3/18-14:19:54,123,65,113,60,3,2,31.00,28.00,5,7,7
4/3/18-14:20:55,122,67,142,77,4,1,32.00,28.00,8,10,11
4/3/18-14:21:56,121,66,137,72,5,4,31.00,28.00,8,10,11
4/3/18-14:22:57,122,60,133,80,3,2,30.00,29.00,7,9,9
4/3/18-14:23:58,121,68,161,101,4,3,31.00,28.00,7,9,9
4/3/18-14:24:59,121,67,166,89,6,1,31.00,28.00,4,5,5
4/3/18-14:26:0,121,67,148,80,4,2,31.00,28.00,4,5,5
4/3/18-14:27:1,119,67,129,63,6,2,30.00,29.00,3,5,7
4/3/18-14:28:2,121,65,135,67,6,2,31.00,28.00,3,5,7
4/3/18-14:29:3,123,67,139,73,3,1,30.00,29.00,3,4,4
4/3/18-14:30:4,119,62,113,60,4,1,30.00,29.00,3,4,4
4/3/18-14:31:5,123,64,110,46,5,4,31.00,28.00,5,8,8
4/3/18-14:32:6,119,66,146,76,7,2,31.00,28.00,5,8,8
4/3/18-14:33:7,121,69,133,66,4,1,31.00,28.00,5,7,7
4/3/18-14:34:8,121,67,128,86,4,2,30.00,29.00,5,7,7
4/3/18-14:35:9,121,64,113,54,5,3,30.00,29.00,5,8,10
4/3/18-14:36:10,122,65,121,60,1,3,31.00,28.00,6,9,11
4/3/18-14:37:11,120,65,151,74,5,3,31.00,28.00,5,6,6
4/3/18-14:38:12,121,68,159,88,4,1,31.00,28.00,5,6,6
4/3/18-14:39:13,120,62,111,47,5,2,30.00,29.00,3,5,6
4/3/18-14:40:14,123,67,134,78,2,0,31.00,28.00,3,5,6
4/3/18-14:41:15,123,67,136,66,3,2,31.00,28.00,6,8,8
4/3/18-14:42:16,120,64,126,72,4,3,31.00,28.00,6,8,8
4/3/18-14:43:17,121,72,139,76,3,2,31.00,28.00,7,10,10
4/3/18-14:44:18,121,67,152,73,4,1,31.00,28.00,7,10,10
4/3/18-14:45:19,121,66,164,101,5,3,31.00,28.00,7,10,10
4/3/18-14:46:20,119,65,162,103,6,3,31.00,28.00,7,9,9
4/3/18-14:47:21,118,65,142,59,7,4,31.00,28.00,4,6,6
4/3/18-14:48:22,120,67,145,70,5,3,31.00,28.00,4,6,6
4/3/18-14:49:23,122,68,142,69,4,1,31.00,28.00,10,15,15
4/3/18-14:50:24,121,69,139,61,2,0,31.00,28.00,11,16,16
4/3/18-14:51:25,122,65,122,64,7,3,31.00,28.00,6,8,9
4/3/18-14:52:26,121,70,152,111,3,0,31.00,28.00,6,8,9
4/3/18-14:53:27,121,67,153,79,4,1,31.00,28.00,7,9,9
4/3/18-14:54:28,116,66,133,49,6,2,31.00,28.00,7,9,9
4/3/18-14:55:29,120,66,127,66,5,3,30.00,28.00,5,7,8
4/3/18-14:56:30,120,66,135,69,5,3,32.00,28.00,5,7,8
4/3/18-14:57:31,121,66,141,70,5,4,31.00,28.00,5,8,8
4/3/18-14:58:32,119,66,137,62,4,3,31.00,28.00,5,8,8
4/3/18-14:59:33,120,67,162,70,5,3,31.00,28.00,6,8,8
4/3/18-15:0:34,121,68,148,74,6,1,30.00,29.00,6,8,8
4/3/18-15:1:35,121,69,124,64,3,2,30.00,29.00,4,5,5
4/3/18-15:2:36,119,67,149,94,4,2,31.00,28.00,4,5,5
4/3/18-15:3:37,122,71,148,62,4,2,31.00,28.00,8,11,12
4/3/18-15:4:38,120,71,150,65,4,0,31.00,28.00,9,12,12
4/3/18-15:5:39,121,67,171,114,5,3,30.00,29.00,6,9,9
4/3/18-15:6:40,121,66,140,73,5,3,31.00,28.00,6,9,9
4/3/18-15:7:41,119,67,121,60,5,2,31.00,28.00,6,9,9
4/3/18-15:8:42,121,68,159,86,4,2,30.00,29.00,7,10,10
4/3/18-15:9:43,119,69,125,61,4,3,30.00,29.00,6,7,7
4/3/18-15:10:44,120,67,122,56,3,3,30.00,29.00,6,7,7
4/3/18-15:11:45,123,67,140,75,3,3,31.00,28.00,4,5,5
4/3/18-15:12:46,117,66,147,67,5,3,31.00,28.00,4,5,5
4/3/18-15:13:47,118,66,153,75,6,3,31.00,28.00,4,6,6
4/3/18-15:14:48,119,67,147,70,6,2,31.00,28.00,4,6,6
4/3/18-15:15:49,119,67,163,78,5,1,31.00,28.00,6,8,8
4/3/18-15:16:50,122,70,150,141,2,1,31.00,28.00,7,9,9
4/3/18-15:17:51,116,65,136,63,6,4,31.00,28.00,6,7,7
4/3/18-15:18:52,122,66,125,64,4,2,31.00,28.00,6,7,7
4/3/18-15:19:53,121,67,159,109,4,1,31.00,28.00,5,8,8
4/3/18-15:20:54,120,65,176,113,5,4,31.00,28.00,5,8,8
4/3/18-15:21:55,120,69,139,63,4,2,30.00,28.00,7,10,10
4/3/18-15:22:56,120,67,136,60,4,1,31.00,28.00,7,10,10
4/3/18-15:23:57,119,63,120,61,5,1,31.00,28.00,6,9,9
4/3/18-15:24:58,118,64,141,77,5,3,31.00,27.00,6,9,9
4/3/18-15:25:59,122,66,133,66,2,0,30.00,28.00,12,17,17
4/3/18-15:27:0,121,65,146,97,4,1,32.00,28.00,12,17,17
4/3/18-15:28:1,121,68,148,85,4,2,31.00,28.00,6,7,9
4/3/18-15:29:2,120,64,120,48,5,4,31.00,28.00,6,7,9
4/3/18-15:30:3,119,64,130,83,5,3,31.00,28.00,10,18,21
4/3/18-15:31:4,120,67,151,79,2,3,31.00,28.00,11,20,22
4/3/18-15:32:5,121,68,147,76,4,2,31.00,28.00,5,6,7
4/3/18-15:33:6,119,68,171,75,6,2,31.00,28.00,5,6,7
4/3/18-15:34:7,123,67,150,66,3,3,31.00,28.00,5,7,7
4/3/18-15:35:8,121,65,149,69,3,2,31.00,28.00,5,7,7
4/3/18-15:36:9,119,67,133,75,5,1,31.00,28.00,4,5,5
4/3/18-15:37:10,120,65,131,68,4,4,31.00,28.00,4,5,5
4/3/18-15:38:11,122,68,141,82,4,1,31.00,28.00,5,7,7
4/3/18-15:39:12,121,66,154,96,5,3,31.00,28.00,5,7,7
4/3/18-15:40:13,120,75,159,80,3,1,30.00,29.00,5,9,10
4/3/18-15:41:14,119,66,130,58,4,2,30.00,29.00,5,9,10
4/3/18-15:42:15,121,66,146,85,6,1,30.00,29.00,6,8,9
4/3/18-15:43:16,120,69,161,102,4,0,30.00,29.00,7,9,11
4/3/18-15:44:17,121,66,134,68,4,2,30.00,29.00,6,8,9
4/3/18-15:45:18,121,63,149,85,4,3,31.00,28.00,6,8,9
4/3/18-15:46:19,122,65,142,70,5,4,31.00,28.00,10,15,15
4/3/18-15:47:20,120,65,109,60,4,3,31.00,28.00,11,16,16
4/3/18-15:48:21,119,66,123,62,5,2,31.00,28.00,6,7,7
4/3/18-15:49:22,120,64,128,51,5,4,31.00,28.00,6,7,7
4/3/18-15:50:23,122,67,137,69,5,3,31.00,28.00,4,6,6
4/3/18-15:51:24,121,65,128,60,3,2,31.00,28.00,4,6,6
4/3/18-15:52:25,120,68,125,61,5,2,31.00,28.00,6,10,10
4/3/18-15:53:26,119,64,140,57,6,3,31.00,28.00,6,10,10
4/3/18-15:54:27,120,70,131,63,5,1,30.00,29.00,5,8,8
4/3/18-15:55:28,122,68,128,64,3,1,30.00,29.00,6,9,9
4/3/18-15:56:29,121,67,119,65,4,1,30.00,29.00,5,6,8
4/3/18-15:57:30,118,65,167,63,4,2,31.00,28.00,5,6,8
4/3/18-15:58:31,122,67,143,107,4,1,31.00,28.00,6,9,12
4/3/18-15:59:32,120,67,129,75,5,3,30.00,29.00,7,10,13
4/3/18-16:0:33,122,68,141,80,3,2,30.00,29.00,4,7,8
4/3/18-16:1:34,119,66,121,70,5,2,31.00,28.00,4,7,8
4/3/18-16:2:35,121,63,140,69,4,2,31.00,28.00,6,8,8
4/3/18-16:3:36,123,67,137,68,4,1,31.00,28.00,6,8,8
4/3/18-16:4:37,122,69,122,67,3,2,31.00,28.00,6,8,9
4/3/18-16:5:38,119,58,137,57,5,3,31.00,28.00,6,8,9
4/3/18-16:6:39,122,67,147,76,3,0,30.00,28.00,6,8,8
4/3/18-16:7:40,121,65,150,64,5,3,31.00,29.00,6,8,8
4/3/18-16:8:41,120,66,157,85,4,3,31.00,28.00,5,6,6
4/3/18-16:9:42,119,63,127,55,4,2,31.00,28.00,5,6,6
4/3/18-16:10:43,121,63,158,108,4,1,30.00,29.00,4,6,6
4/3/18-16:11:44,121,66,146,68,5,3,31.00,28.00,4,6,6
4/3/18-16:12:45,121,66,117,57,4,1,31.00,28.00,4,7,7
4/3/18-16:13:46,120,67,178,89,4,3,30.00,29.00,4,7,7
4/3/18-16:14:47,120,66,143,62,4,2,31.00,28.00,4,6,7
4/3/18-16:15:48,121,66,138,64,5,2,31.00,28.00,4,6,7
4/3/18-16:16:49,121,66,144,67,7,3,31.00,28.00,3,4,4
4/3/18-16:17:50,120,68,163,83,5,2,31.00,28.00,4,5,5
4/3/18-16:18:51,119,64,109,46,5,3,31.00,28.00,4,6,7
4/3/18-16:19:52,118,66,133,59,5,2,31.00,28.00,4,6,7
4/3/18-16:20:53,122,69,162,100,5,2,31.00,28.00,5,7,10
4/3/18-16:21:54,118,65,154,95,5,3,31.00,28.00,5,7,10
4/3/18-16:22:55,119,66,117,48,4,3,31.00,28.00,3,5,5
4/3/18-16:23:56,120,66,159,81,6,2,31.00,28.00,3,5,5
4/3/18-16:24:57,122,67,128,63,2,0,30.00,29.00,4,5,5
4/3/18-16:25:58,122,69,185,111,5,1,31.00,28.00,5,6,6
4/3/18-16:26:59,120,60,117,49,4,2,30.00,29.00,5,7,9
4/3/18-16:28:0,121,67,166,79,6,3,30.00,29.00,5,7,9
4/3/18-16:29:1,119,67,161,87,5,1,30.00,29.00,4,7,7
4/3/18-16:30:2,119,66,139,64,5,3,30.00,29.00,4,6,6
4/3/18-16:31:3,117,62,110,51,6,4,30.00,29.00,4,6,8
4/3/18-16:32:4,122,68,146,71,5,3,30.00,29.00,4,6,8
4/3/18-16:33:5,120,68,116,60,5,3,30.00,29.00,5,6,6
4/3/18-16:34:6,121,66,104,67,4,0,30.00,29.00,5,6,6
4/3/18-16:35:7,119,66,105,47,4,2,30.00,29.00,4,7,8
4/3/18-16:36:8,119,67,181,97,6,1,29.00,29.00,4,7,8
4/3/18-16:37:9,119,68,134,61,5,3,31.00,29.00,3,5,6
4/3/18-16:38:10,120,67,162,101,4,2,30.00,29.00,4,5,6
4/3/18-16:39:11,116,67,146,68,5,2,30.00,29.00,4,5,6
4/3/18-16:40:12,118,69,171,83,5,2,30.00,29.00,4,5,6
4/3/18-16:41:13,122,67,117,57,4,2,30.00,29.00,4,5,5
4/3/18-16:42:14,119,65,183,109,4,1,30.00,29.00,3,5,5
4/3/18-16:43:15,120,67,144,71,3,3,30.00,29.00,3,5,5
4/3/18-16:44:16,121,66,130,56,5,3,30.00,29.00,3,5,5
4/3/18-16:45:17,121,65,132,80,4,2,30.00,29.00,3,5,5
4/3/18-16:46:18,120,66,188,123,4,1,30.00,29.00,3,5,5
4/3/18-16:47:19,116,67,118,64,5,3,30.00,29.00,3,4,4
4/3/18-16:48:20,120,66,145,60,6,3,30.00,29.00,3,4,4
4/3/18-16:49:21,120,67,139,70,5,2,30.00,29.00,4,5,5
4/3/18-16:50:22,121,67,128,61,3,1,30.00,29.00,4,5,5
4/3/18-16:51:23,119,68,132,64,5,3,30.00,29.00,3,5,5
4/3/18-16:52:24,119,69,139,55,3,1,30.00,29.00,3,5,5
4/3/18-16:53:25,120,66,168,140,4,1,30.00,29.00,4,6,6
4/3/18-16:54:26,118,67,183,131,5,0,30.00,29.00,4,6,6
4/3/18-16:55:27,118,69,156,72,4,2,30.00,29.00,4,4,4
4/3/18-16:56:28,118,65,129,59,5,2,30.00,29.00,4,4,4
4/3/18-16:57:29,118,67,121,77,5,3,30.00,29.00,3,4,4
4/3/18-16:58:30,119,66,144,80,4,1,30.00,29.00,3,4,4
4/3/18-16:59:31,121,67,150,90,4,2,30.00,29.00,3,4,5
4/3/18-17:0:32,117,67,129,52,5,5,30.00,29.00,3,4,5
4/3/18-17:1:33,120,65,190,116,4,2,30.00,29.00,4,6,7
4/3/18-17:2:34,117,65,135,71,5,3,30.00,29.00,4,6,7
4/3/18-17:3:35,118,69,183,109,5,2,30.00,29.00,2,4,6
4/3/18-17:4:36,117,64,144,75,5,3,30.00,29.00,2,4,6
4/3/18-17:5:37,117,65,152,82,9,2,29.00,29.00,2,4,4
4/3/18-17:6:38,120,67,145,78,4,2,31.00,29.00,2,4,4
4/3/18-17:7:39,117,66,134,63,5,3,30.00,29.00,4,5,5
4/3/18-17:8:40,118,65,138,82,3,3,30.00,29.00,4,5,5
4/3/18-17:9:41,121,67,147,69,4,3,30.00,29.00,3,5,6
4/3/18-17:10:42,121,66,112,58,4,1,30.00,29.00,3,5,6
4/3/18-17:11:43,119,66,166,80,6,2,30.00,29.00,3,4,5
4/3/18-17:12:44,118,68,140,92,5,2,30.00,29.00,3,4,5
4/3/18-17:13:45,117,66,167,70,4,2,30.00,29.00,4,4,4
4/3/18-17:14:46,119,68,145,75,5,1,30.00,29.00,4,4,4
4/3/18-17:15:47,121,66,137,72,7,3,30.00,29.00,3,4,6
4/3/18-17:16:48,119,70,148,71,3,0,30.00,29.00,3,4,6
4/3/18-17:17:49,118,64,127,53,5,3,30.00,29.00,2,4,4
4/3/18-17:18:50,118,67,122,66,5,2,30.00,29.00,2,4,4
4/3/18-17:19:51,120,65,123,59,4,2,30.00,29.00,3,7,7
4/3/18-17:20:52,117,67,147,114,5,2,30.00,29.00,3,6,6
4/3/18-17:21:53,116,64,120,47,4,2,30.00,29.00,3,5,6
4/3/18-17:22:54,119,66,150,77,5,1,30.00,29.00,3,5,6
4/3/18-17:23:55,120,68,208,135,5,3,30.00,29.00,3,5,5
4/3/18-17:24:56,118,66,145,74,5,3,30.00,29.00,3,5,5
4/3/18-17:25:57,116,64,144,58,5,3,30.00,29.00,4,6,6
4/3/18-17:26:58,119,68,154,75,5,2,30.00,29.00,4,6,6
4/3/18-17:27:59,118,65,164,105,5,2,30.00,30.00,3,4,4
4/3/18-17:29:0,119,68,169,83,5,3,30.00,29.00,3,4,4
4/3/18-17:30:1,116,64,146,89,4,2,30.00,29.00,3,6,6
4/3/18-17:31:2,118,67,191,115,4,1,29.00,30.00,3,6,6
4/3/18-17:32:3,118,65,140,76,4,2,31.00,29.00,3,4,4
4/3/18-17:33:4,118,68,130,60,4,1,30.00,29.00,3,4,4
4/3/18-17:34:5,117,68,162,64,4,2,30.00,30.00,3,5,7
4/3/18-17:35:6,119,68,185,108,5,2,30.00,30.00,3,5,7
4/3/18-17:36:7,117,70,186,80,4,2,30.00,30.00,4,8,9
4/3/18-17:37:8,118,69,161,78,5,3,30.00,30.00,4,8,9
4/3/18-17:38:9,116,68,114,59,5,3,30.00,30.00,3,4,4
4/3/18-17:39:10,115,65,135,61,7,3,30.00,30.00,3,4,4
4/3/18-17:40:11,119,68,176,84,5,3,30.00,30.00,4,5,5
4/3/18-17:41:12,116,67,146,71,6,2,30.00,30.00,3,5,5
4/3/18-17:42:13,116,67,151,69,5,3,30.00,30.00,4,5,7
4/3/18-17:43:14,116,66,136,71,5,2,30.00,30.00,3,6,7
4/3/18-17:44:15,118,67,146,77,4,2,30.00,30.00,3,5,5
4/3/18-17:45:16,119,70,215,199,4,0,30.00,30.00,3,4,4
4/3/18-17:46:17,117,67,199,147,6,3,30.00,30.00,2,4,6
4/3/18-17:47:18,116,65,119,57,5,2,30.00,30.00,2,4,6
4/3/18-17:48:19,117,68,155,68,4,1,29.00,31.00,3,4,5
4/3/18-17:49:20,117,66,171,77,4,1,30.00,30.00,3,4,5
4/3/18-17:50:21,118,67,148,77,4,1,30.00,30.00,3,4,4
4/3/18-17:51:22,114,66,122,52,6,4,30.00,30.00,3,4,4
4/3/18-17:52:23,117,68,126,64,5,2,28.00,31.00,3,5,5
4/3/18-17:53:24,119,72,161,86,4,1,30.00,30.00,3,5,5
4/3/18-17:54:25,115,68,148,68,5,1,30.00,30.00,3,5,5
4/3/18-17:55:26,116,69,141,64,4,1,30.00,30.00,3,5,5
4/3/18-17:56:27,114,68,160,70,7,3,30.00,30.00,4,5,7
4/3/18-17:57:28,114,68,197,84,7,1,29.00,31.00,4,5,7
4/3/18-17:58:29,115,67,164,95,6,3,29.00,31.00,3,5,7
4/3/18-17:59:30,115,69,142,73,4,2,29.00,31.00,2,5,6
4/3/18-18:0:31,113,66,225,153,4,2,30.00,30.00,4,6,6
4/3/18-18:1:32,118,68,138,77,3,3,30.00,30.00,4,6,6
4/3/18-18:2:33,114,66,159,82,5,3,30.00,30.00,3,5,7
4/3/18-18:3:34,113,68,125,59,6,2,29.00,31.00,3,5,7
4/3/18-18:4:35,112,64,129,53,5,4,29.00,31.00,3,5,5
4/3/18-18:5:36,115,65,143,75,6,3,29.00,31.00,3,5,5
4/3/18-18:6:37,115,69,130,65,4,2,30.00,30.00,3,6,6
4/3/18-18:7:38,115,67,141,77,5,3,29.00,31.00,3,5,5
4/3/18-18:8:39,117,67,129,61,4,1,29.00,31.00,4,6,6
4/3/18-18:9:40,115,68,141,82,5,3,30.00,30.00,4,6,6
4/3/18-18:10:41,115,67,144,69,5,2,30.00,30.00,2,3,3
4/3/18-18:11:42,115,67,120,60,5,3,29.00,31.00,2,3,3
4/3/18-18:12:43,114,66,160,79,5,3,29.00,31.00,2,3,3
4/3/18-18:13:44,114,65,112,58,5,3,29.00,31.00,3,5,5
4/3/18-18:14:45,116,66,124,67,4,2,30.00,30.00,4,5,5
4/3/18-18:15:46,114,67,123,68,5,2,29.00,31.00,3,4,4
4/3/18-18:16:47,113,64,154,66,5,3,29.00,31.00,3,4,4
4/3/18-18:17:48,114,66,108,57,5,3,30.00,30.00,2,4,5
4/3/18-18:18:49,115,70,141,66,5,1,30.00,30.00,3,5,6
4/3/18-18:19:50,114,66,114,54,5,3,30.00,30.00,3,5,5
4/3/18-18:20:51,112,68,125,73,5,2,30.00,30.00,3,5,5
4/3/18-18:21:52,115,68,138,61,4,1,28.00,30.00,4,6,8
4/3/18-18:22:53,115,68,123,64,4,2,29.00,31.00,4,6,8
4/3/18-18:23:54,114,66,208,117,5,3,29.00,31.00,5,8,8
4/3/18-18:24:55,112,64,141,61,5,3,30.00,30.00,5,8,8
4/3/18-18:25:56,116,64,158,69,4,1,30.00,30.00,4,5,5
4/3/18-18:26:57,115,67,134,66,4,1,29.00,31.00,4,5,5
4/3/18-18:27:58,115,70,152,64,3,2,29.00,31.00,3,5,5
4/3/18-18:28:59,115,68,116,64,4,1,30.00,30.00,3,5,5
4/3/18-18:30:0,115,65,127,50,4,2,29.00,31.00,3,4,4
4/3/18-18:31:1,114,65,154,79,6,2,30.00,30.00,3,4,4
4/3/18-18:32:2,114,67,103,56,5,1,29.00,31.00,4,5,5
4/3/18-18:33:3,114,66,115,67,5,2,30.00,30.00,4,5,5
4/3/18-18:34:4,114,60,123,54,3,3,30.00,30.00,4,5,5
4/3/18-18:35:5,116,66,119,60,5,3,30.00,30.00,4,5,5
4/3/18-18:36:6,117,67,162,96,4,3,30.00,30.00,3,5,5
4/3/18-18:37:7,115,65,152,114,4,2,30.00,30.00,6,9,9
4/3/18-18:38:8,116,67,149,69,4,1,30.00,30.00,6,9,9
4/3/18-18:39:9,115,67,146,79,6,2,30.00,30.00,4,6,6
4/3/18-18:40:10,117,68,140,86,4,2,30.00,30.00,4,5,5
4/3/18-18:41:10,113,64,134,59,5,4,30.00,30.00,3,5,7
4/3/18-18:42:11,116,69,137,65,4,1,29.00,30.00,3,5,7
4/3/18-18:43:12,116,66,144,152,4,1,30.00,30.00,4,6,6
4/3/18-18:44:13,115,65,131,61,6,3,30.00,30.00,5,6,6
4/3/18-18:45:14,115,68,208,161,6,1,30.00,30.00,4,5,5
4/3/18-18:46:15,112,65,124,63,6,4,30.00,30.00,4,5,5
4/3/18-18:47:16,113,65,164,74,6,3,30.00,30.00,3,5,5
4/3/18-18:48:17,115,69,157,78,4,2,30.00,30.00,4,6,6
4/3/18-18:49:18,114,66,122,70,7,3,30.00,30.00,4,6,7
4/3/18-18:50:19,113,65,129,49,5,3,30.00,30.00,4,6,7
4/3/18-18:51:20,115,66,127,61,4,1,30.00,30.00,4,6,6
4/3/18-18:52:21,116,68,127,63,4,3,29.00,31.00,4,6,6
4/3/18-18:53:22,116,68,160,83,3,2,29.00,31.00,4,6,6
4/3/18-18:54:23,113,63,149,88,5,3,29.00,31.00,4,6,6
4/3/18-18:55:24,114,67,131,74,6,2,29.00,31.00,3,6,6
4/3/18-18:56:25,115,66,198,114,4,1,30.00,30.00,3,6,6
4/3/18-18:57:26,113,68,149,73,4,2,29.00,31.00,3,6,6
4/3/18-18:58:27,113,68,173,138,4,2,29.00,31.00,3,6,6
4/3/18-18:59:28,113,66,131,67,5,3,28.00,31.00,4,7,7
4/3/18-19:0:29,113,67,145,69,6,2,30.00,31.00,4,7,7
4/3/18-19:1:30,115,67,138,73,6,2,30.00,30.00,4,4,4
4/3/18-19:2:31,113,63,118,57,4,3,30.00,30.00,4,4,4
4/3/18-19:3:32,117,67,135,61,4,3,30.00,30.00,3,4,4
4/3/18-19:4:33,116,68,150,85,4,3,30.00,30.00,3,4,4
4/3/18-19:5:34,116,66,165,112,4,1,30.00,30.00,3,5,5
4/3/18-19:6:35,115,68,156,119,4,1,30.00,29.00,3,5,5
4/3/18-19:7:36,116,65,142,72,6,4,30.00,29.00,3,5,5
4/3/18-19:8:37,115,69,123,72,4,3,30.00,29.00,3,5,5
4/3/18-19:9:38,114,67,120,60,4,1,30.00,30.00,4,5,5
4/3/18-19:10:39,112,64,188,91,5,3,30.00,29.00,4,5,5
4/3/18-19:11:40,116,69,173,74,3,1,30.00,29.00,4,6,6
4/3/18-19:12:41,116,66,130,61,6,2,30.00,29.00,4,7,7
4/3/18-19:13:42,116,67,130,70,5,2,30.00,29.00,5,7,8
4/3/18-19:14:43,112,65,169,62,7,4,31.00,28.00,5,7,8
4/3/18-19:15:44,115,63,141,70,6,2,30.00,29.00,5,7,9
4/3/18-19:16:45,115,66,131,63,7,2,30.00,29.00,5,7,9
4/3/18-19:17:46,117,67,131,64,4,1,31.00,28.00,4,5,5
4/3/18-19:18:47,114,65,119,58,7,4,31.00,28.00,4,5,5
4/3/18-19:19:48,118,67,141,68,4,2,30.00,28.00,5,6,6
4/3/18-19:20:49,117,68,124,64,4,1,31.00,28.00,5,6,6
4/3/18-19:21:50,116,67,141,70,6,2,31.00,28.00,5,7,7
4/3/18-19:22:51,115,68,125,59,4,2,31.00,27.00,5,7,7
4/3/18-19:23:52,119,67,148,67,5,3,31.00,28.00,6,9,10
4/3/18-19:24:53,119,66,147,84,3,1,32.00,28.00,6,9,10
4/3/18-19:25:54,119,62,123,64,4,3,31.00,28.00,6,8,10
4/3/18-19:26:55,114,65,119,51,6,2,31.00,27.00,6,8,10
4/3/18-19:27:56,118,65,137,60,6,2,31.00,28.00,5,7,8
4/3/18-19:28:57,120,65,140,66,7,3,31.00,28.00,5,7,8
4/3/18-19:29:58,118,66,145,78,7,5,31.00,28.00,5,7,7
4/3/18-19:30:59,118,66,122,62,4,3,31.00,27.00,5,7,7
4/3/18-19:32:0,119,66,143,67,5,2,32.00,26.00,5,9,9
4/3/18-19:33:1,119,66,126,63,6,3,31.00,27.00,5,9,9
4/3/18-19:34:2,121,66,148,70,6,3,31.00,27.00,6,7,7
4/3/18-19:35:3,119,66,124,49,5,3,32.00,26.00,6,7,7
4/3/18-19:36:4,118,68,136,66,5,3,32.00,26.00,6,8,9
4/3/18-19:37:5,120,68,130,64,4,3,32.00,26.00,6,9,10
4/3/18-19:38:6,120,65,135,70,5,3,32.00,26.00,5,6,6
4/3/18-19:39:7,117,64,114,51,6,2,31.00,27.00,4,6,7
4/3/18-19:40:8,120,69,132,69,4,1,32.00,26.00,4,6,6
4/3/18-19:41:9,120,66,158,84,7,1,32.00,26.00,4,6,6
4/3/18-19:42:10,120,65,136,75,6,1,31.00,27.00,5,7,9
4/3/18-19:43:11,120,66,123,53,5,2,32.00,26.00,5,7,9
4/3/18-19:44:12,121,67,133,60,4,1,32.00,26.00,5,7,7
4/3/18-19:45:13,121,63,129,65,7,2,32.00,26.00,5,7,7
4/3/18-19:46:14,121,70,124,67,5,3,32.00,26.00,4,5,7
4/3/18-19:47:15,119,67,115,53,6,2,32.00,26.00,4,5,7
4/3/18-19:48:16,121,65,152,80,6,3,32.00,26.00,5,6,6
4/3/18-19:49:17,121,67,117,65,7,2,32.00,26.00,5,6,7
4/3/18-19:50:18,120,62,125,64,6,2,32.00,26.00,4,6,8
4/3/18-19:51:19,122,65,106,49,7,4,32.00,26.00,4,6,8
4/3/18-19:52:20,123,66,134,68,4,2,32.00,26.00,6,7,9
4/3/18-19:53:21,123,66,133,75,4,2,32.00,26.00,6,7,9
4/3/18-19:54:22,120,67,133,71,4,0,32.00,26.00,5,6,6
4/3/18-19:55:23,122,65,132,68,5,3,32.00,26.00,5,6,6
4/3/18-19:56:24,122,59,137,66,5,2,32.00,26.00,5,7,10
4/3/18-19:57:25,121,65,128,71,6,3,32.00,26.00,5,6,7
4/3/18-19:58:26,121,66,121,62,4,1,32.00,26.00,5,7,7
4/3/18-19:59:27,119,64,128,53,6,3,32.00,26.00,5,7,7
4/3/18-20:0:28,122,65,132,71,6,3,32.00,26.00,19,41,57
4/3/18-20:1:29,120,67,175,83,6,2,32.00,26.00,19,39,56
4/3/18-20:2:30,120,67,153,66,6,3,32.00,26.00,20,37,46
4/3/18-20:3:31,123,71,170,75,6,3,32.00,26.00,20,37,46
4/3/18-20:4:32,122,65,146,69,6,4,32.00,26.00,18,33,44
4/3/18-20:5:33,123,67,160,70,6,2,32.00,26.00,20,36,49
4/3/18-20:6:34,125,67,145,71,2,2,32.00,26.00,4,6,6
4/3/18-20:7:35,121,65,128,62,6,1,32.00,26.00,4,6,6
4/3/18-20:8:36,124,67,153,70,5,3,32.00,25.00,5,7,7
4/3/18-20:9:37,122,68,138,68,5,1,32.00,25.00,5,7,7
4/3/18-20:10:38,123,66,136,74,5,1,32.00,26.00,4,6,6
4/3/18-20:11:39,122,69,135,71,5,2,32.00,25.00,4,6,6
4/3/18-20:12:40,125,69,137,68,5,1,32.00,26.00,6,7,7
4/3/18-20:13:41,124,65,157,74,5,2,32.00,26.00,7,8,8
4/3/18-20:14:42,125,67,177,99,6,3,32.00,26.00,6,9,10
4/3/18-20:15:43,124,65,158,84,7,1,32.00,26.00,6,9,10
4/3/18-20:16:44,125,67,139,71,5,2,32.00,26.00,7,10,10
4/3/18-20:17:45,124,67,163,90,5,1,32.00,26.00,7,10,10
4/3/18-20:18:46,124,67,148,69,5,1,31.00,27.00,6,9,11
4/3/18-20:19:47,122,66,144,68,6,3,31.00,27.00,7,10,12
4/3/18-20:20:48,124,68,168,121,5,1,32.00,26.00,7,10,11
4/3/18-20:21:49,124,68,151,72,4,0,31.00,27.00,7,10,11
4/3/18-20:22:50,125,66,139,66,5,2,31.00,27.00,6,10,11
4/3/18-20:23:51,124,66,137,57,3,1,31.00,27.00,6,10,11
4/3/18-20:24:52,126,65,161,81,3,0,32.00,26.00,7,9,9
4/3/18-20:25:53,124,66,124,67,6,1,31.00,27.00,5,8,8
4/3/18-20:26:54,122,68,141,73,4,1,31.00,27.00,4,6,7
4/3/18-20:27:55,123,66,148,71,4,1,31.00,27.00,4,6,7
4/3/18-20:28:56,124,67,160,85,5,1,32.00,26.00,5,6,6
4/3/18-20:29:57,125,65,155,97,5,3,32.00,26.00,5,7,7
4/3/18-20:30:58,124,66,149,70,5,1,32.00,26.00,5,8,8
4/3/18-20:31:59,124,65,133,63,6,3,31.00,27.00,5,8,8
4/3/18-20:33:0,125,67,142,66,5,2,31.00,27.00,4,7,7
4/3/18-20:34:1,125,67,164,105,3,0,31.00,27.00,4,5,7
4/3/18-20:35:2,123,65,135,68,7,3,32.00,26.00,5,6,6
4/3/18-20:36:3,123,67,138,59,6,3,32.00,26.00,5,6,6
4/3/18-20:37:4,126,65,132,68,5,2,32.00,26.00,4,6,7
4/3/18-20:38:5,126,66,136,90,5,2,31.00,27.00,4,7,7
4/3/18-20:39:6,123,66,138,68,6,1,32.00,26.00,5,7,7
4/3/18-20:40:7,124,67,126,59,4,3,32.00,26.00,5,7,7
4/3/18-20:41:8,125,64,141,72,5,3,31.00,27.00,4,5,7
4/3/18-20:42:9,125,65,128,68,5,3,32.00,26.00,3,5,5
4/3/18-20:43:10,126,65,128,64,4,1,31.00,27.00,4,7,7
4/3/18-20:44:11,124,65,123,60,4,3,31.00,27.00,4,7,7
4/3/18-20:45:12,126,66,149,82,5,2,31.00,27.00,5,6,6
4/3/18-20:46:13,125,67,157,110,4,2,32.00,26.00,4,6,6
4/3/18-20:47:14,123,67,134,63,4,1,32.00,26.00,5,8,9
4/3/18-20:48:15,125,66,120,50,5,3,32.00,26.00,5,8,9
4/3/18-20:49:16,126,65,132,63,5,3,32.00,26.00,5,7,8
4/3/18-20:50:17,125,65,150,79,4,1,32.00,26.00,5,7,8
4/3/18-20:51:18,123,64,144,71,4,1,32.00,26.00,5,6,6
4/3/18-20:52:19,126,65,138,49,2,1,32.00,26.00,5,6,6
4/3/18-20:53:20,127,66,150,135,4,1,32.00,26.00,4,5,6
4/3/18-20:54:21,125,66,135,91,5,1,32.00,26.00,4,5,6
4/3/18-20:55:22,125,66,126,66,4,1,32.00,26.00,5,7,10
4/3/18-20:56:23,125,66,128,50,4,3,32.00,26.00,5,7,10
4/3/18-20:57:24,125,64,125,63,4,1,32.00,26.00,4,6,6
4/3/18-20:58:25,126,65,128,60,4,3,32.00,26.00,4,6,6
4/3/18-20:59:26,125,65,126,64,5,3,32.00,26.00,4,7,7
4/3/18-21:0:27,126,66,120,59,6,3,32.00,26.00,4,7,7
4/3/18-21:1:28,125,66,135,69,6,2,32.00,26.00,5,7,8
4/3/18-21:2:29,125,66,126,68,3,1,32.00,26.00,5,7,8
4/3/18-21:3:30,123,64,155,102,5,4,32.00,26.00,5,7,7
4/3/18-21:4:31,124,67,139,71,5,0,32.00,26.00,5,7,7
4/3/18-21:5:32,125,66,149,65,4,0,32.00,26.00,5,6,6
4/3/18-21:6:33,123,66,121,62,5,2,32.00,26.00,5,6,6
4/3/18-21:7:34,127,66,134,50,4,2,32.00,26.00,4,7,7
4/3/18-21:8:35,127,66,151,74,5,2,32.00,26.00,4,7,7
4/3/18-21:9:36,127,66,147,84,5,3,32.00,26.00,5,6,8
4/3/18-21:10:37,124,64,144,70,4,2,32.00,26.00,5,6,8
4/3/18-21:11:38,125,65,147,55,6,4,32.00,26.00,6,8,11
4/3/18-21:12:39,124,67,135,66,5,1,32.00,26.00,6,8,11
4/3/18-21:13:40,124,66,166,88,5,1,32.00,26.00,5,8,8
4/3/18-21:14:41,125,69,145,79,5,2,32.00,26.00,6,9,9
4/3/18-21:15:42,124,64,129,62,6,2,32.00,26.00,6,9,10
4/3/18-21:16:43,126,66,118,63,6,2,32.00,26.00,6,9,10
4/3/18-21:17:44,126,65,133,63,7,2,32.00,26.00,4,6,6
4/3/18-21:18:45,124,65,139,68,5,1,32.00,26.00,4,6,6
4/3/18-21:19:46,125,65,145,64,3,0,32.00,26.00,4,6,8
4/3/18-21:20:47,128,66,132,68,5,3,32.00,26.00,4,6,8
4/3/18-21:21:48,127,67,132,66,3,0,32.00,25.00,4,5,6
4/3/18-21:22:49,125,65,159,70,6,2,32.00,26.00,4,5,6
4/3/18-21:23:50,125,64,137,56,4,3,32.00,26.00,5,7,7
4/3/18-21:24:51,125,65,127,62,4,1,32.00,26.00,5,7,7
4/3/18-21:25:52,125,65,147,91,7,2,32.00,26.00,4,6,6
4/3/18-21:26:53,125,65,133,71,5,1,32.00,26.00,4,6,6
4/3/18-21:27:54,124,66,141,77,6,4,32.00,26.00,5,8,9
4/3/18-21:28:55,125,64,137,64,7,2,32.00,26.00,5,8,9
4/3/18-21:29:56,127,67,131,66,2,0,32.00,26.00,5,6,6
4/3/18-21:30:57,126,65,140,69,5,1,32.00,26.00,5,6,6
4/3/18-21:31:58,127,67,134,65,5,3,32.00,26.00,5,7,7
4/3/18-21:32:59,128,65,129,61,5,3,32.00,26.00,5,7,7
4/3/18-21:34:0,125,65,129,63,6,2,32.00,25.00,5,7,9
4/3/18-21:35:1,124,65,145,65,4,1,32.00,25.00,5,7,9
4/3/18-21:36:2,126,67,125,66,4,0,32.00,26.00,5,6,6
4/3/18-21:37:3,126,66,143,88,4,1,32.00,25.00,5,6,6
4/3/18-21:38:4,124,64,126,63,6,1,32.00,26.00,5,8,8
4/3/18-21:39:5,125,60,119,55,6,3,32.00,25.00,5,8,8
4/3/18-21:40:6,128,67,128,64,4,3,32.00,26.00,5,7,7
4/3/18-21:41:7,126,65,125,63,7,2,32.00,25.00,5,7,7
4/3/18-21:42:8,126,66,128,65,4,1,32.00,26.00,3,5,5
4/3/18-21:43:9,126,63,129,54,4,3,32.00,25.00,3,5,5
4/3/18-21:44:10,126,66,127,60,6,1,32.00,25.00,4,5,6
4/3/18-21:45:11,129,61,132,62,5,2,33.00,25.00,4,5,6
4/3/18-21:46:12,125,66,134,72,4,1,32.00,25.00,5,6,6
4/3/18-21:47:13,125,64,114,55,5,4,32.00,25.00,5,6,6
4/3/18-21:48:14,126,66,121,61,7,2,31.00,25.00,6,8,8
4/3/18-21:49:15,127,69,136,76,4,1,33.00,25.00,6,8,8
4/3/18-21:50:16,126,65,133,63,4,1,32.00,25.00,5,7,7
4/3/18-21:51:17,124,64,127,61,6,2,32.00,25.00,5,7,7
4/3/18-21:52:18,128,66,137,68,5,3,31.00,25.00,5,6,7
4/3/18-21:53:19,128,64,131,63,6,3,32.00,25.00,5,6,7
4/3/18-21:54:20,126,66,128,67,6,2,32.00,25.00,5,6,6
4/3/18-21:55:21,127,69,121,64,4,2,32.00,25.00,5,6,6
4/3/18-21:56:22,125,66,123,63,4,1,33.00,25.00,4,5,5
4/3/18-21:57:23,129,69,129,60,2,0,32.00,25.00,4,5,5
4/3/18-21:58:24,127,63,159,90,4,3,32.00,25.00,4,7,7
4/3/18-21:59:25,128,65,123,74,5,1,31.00,25.00,4,7,7
4/3/18-22:0:26,126,65,127,63,6,3,33.00,25.00,4,5,6
4/3/18-22:1:27,128,65,148,70,7,3,32.00,25.00,4,5,6
4/3/18-22:2:28,125,63,177,143,5,3,32.00,25.00,3,5,5
4/3/18-22:3:29,129,65,140,63,6,3,31.00,25.00,4,6,6
4/3/18-22:4:30,127,67,126,57,4,1,33.00,25.00,5,7,7
4/3/18-22:5:31,127,66,124,63,5,4,32.00,25.00,5,7,7
4/3/18-22:6:32,127,63,120,49,5,5,32.00,25.00,4,6,7
4/3/18-22:7:33,126,64,129,65,5,3,31.00,25.00,4,6,7
4/3/18-22:8:34,128,65,127,60,4,1,32.00,25.00,4,7,7
4/3/18-22:9:35,127,63,125,60,5,2,32.00,25.00,4,7,7
4/3/18-22:10:36,125,62,125,52,8,4,32.00,25.00,4,5,6
4/3/18-22:11:37,128,65,131,63,6,2,31.00,25.00,4,5,6
4/3/18-22:12:38,128,65,128,63,5,3,32.00,25.00,3,6,6
4/3/18-22:13:39,128,64,144,66,5,2,32.00,25.00,3,6,6
4/3/18-22:14:40,128,63,111,49,4,3,32.00,25.00,4,6,8
4/3/18-22:15:41,129,66,132,70,4,3,64.00,25.00,4,6,8
4/3/18-22:16:42,128,65,130,67,6,2,32.00,25.00,4,5,5
4/3/18-22:17:43,126,64,133,68,5,4,32.00,25.00,4,5,5
4/3/18-22:18:44,127,65,119,49,5,3,32.00,25.00,4,6,6
4/3/18-22:19:45,128,66,128,61,4,1,32.00,25.00,4,6,6
4/3/18-22:20:46,129,64,130,61,4,1,32.00,25.00,4,6,7
4/3/18-22:21:47,128,64,117,59,5,3,32.00,25.00,3,6,7
4/3/18-22:22:48,125,65,122,58,7,3,32.00,25.00,3,3,3
4/3/18-22:23:49,128,67,121,60,6,3,32.00,25.00,3,3,3
4/3/18-22:24:50,128,65,131,72,4,2,32.00,25.00,4,6,6
4/3/18-22:25:51,128,61,128,72,4,1,32.00,25.00,4,6,6
4/3/18-22:26:52,128,65,126,61,4,3,32.00,25.00,4,6,8
4/3/18-22:27:53,129,64,143,79,5,3,32.00,25.00,4,6,8
4/3/18-22:28:54,128,64,136,64,7,1,32.00,25.00,5,6,7
4/3/18-22:29:55,127,64,134,68,4,1,32.00,25.00,4,6,6
4/3/18-22:30:56,127,64,110,48,6,2,32.00,25.00,5,7,7
4/3/18-22:31:57,130,66,128,65,5,2,32.00,25.00,5,7,7
4/3/18-22:32:58,131,65,126,62,4,1,32.00,25.00,6,9,9
4/3/18-22:33:59,127,65,121,65,6,3,32.00,25.00,6,8,8
4/3/18-22:35:0,127,66,123,54,4,0,32.00,25.00,5,6,7
4/3/18-22:36:1,130,71,128,68,3,3,32.00,25.00,5,6,7
4/3/18-22:37:2,129,63,135,65,4,1,32.00,25.00,6,9,9
4/3/18-22:38:3,128,67,137,73,4,2,33.00,24.00,6,9,9
4/3/18-22:39:4,128,64,118,52,6,3,32.00,25.00,5,7,7
4/3/18-22:40:5,128,64,128,60,7,3,33.00,24.00,5,7,7
4/3/18-22:41:6,129,65,132,65,6,3,32.00,25.00,7,9,9
4/3/18-22:42:7,127,64,131,66,5,2,33.00,24.00,7,9,9
4/3/18-22:43:8,128,64,139,73,7,3,32.00,25.00,5,8,8
4/3/18-22:44:9,129,67,156,79,6,0,33.00,24.00,5,8,8
4/3/18-22:45:10,129,68,143,80,5,0,33.00,24.00,6,8,13
4/3/18-22:46:11,127,59,134,64,4,2,33.00,24.00,5,7,12
4/3/18-22:47:12,128,65,133,69,6,3,33.00,24.00,5,8,8
4/3/18-22:48:13,129,65,162,101,5,3,32.00,25.00,5,8,8
4/3/18-22:49:14,129,66,138,68,4,2,32.00,25.00,5,7,7
4/3/18-22:50:15,127,63,120,50,4,2,32.00,25.00,5,7,7
4/3/18-22:51:16,128,64,133,62,6,3,31.00,25.00,4,6,6
4/3/18-22:52:17,129,67,127,61,3,0,33.00,25.00,4,6,6
4/3/18-22:53:18,128,64,148,106,4,1,32.00,25.00,4,5,5
4/3/18-22:54:19,128,65,132,54,6,2,32.00,25.00,4,5,5
4/3/18-22:55:20,128,64,138,79,6,3,31.00,25.00,5,6,9
4/3/18-22:56:21,130,67,130,69,4,3,32.00,25.00,5,6,9
4/3/18-22:57:22,128,65,136,67,5,1,32.00,25.00,4,5,5
4/3/18-22:58:23,126,64,114,51,5,2,32.00,25.00,4,5,5
4/3/18-22:59:24,130,67,131,61,5,1,32.00,25.00,4,6,6
4/3/18-23:0:25,132,65,137,62,4,1,32.00,25.00,4,6,6
4/3/18-23:1:26,130,64,129,62,5,2,32.00,25.00,4,6,6
4/3/18-23:2:27,128,64,114,50,4,3,32.00,25.00,4,6,6
4/3/18-23:3:28,130,64,136,66,5,2,33.00,24.00,3,5,7
4/3/18-23:4:29,130,64,125,61,4,1,33.00,24.00,2,4,6
4/3/18-23:5:30,127,65,129,69,4,2,33.00,24.00,3,5,5
4/3/18-23:6:31,130,63,115,50,4,2,33.00,24.00,3,5,5
4/3/18-23:7:32,128,64,142,71,6,3,33.00,24.00,3,4,5
4/3/18-23:8:33,130,65,136,61,7,3,33.00,24.00,3,4,5
4/3/18-23:9:34,128,66,130,69,5,2,32.00,25.00,4,7,9
4/3/18-23:10:35,129,61,117,50,6,4,32.00,25.00,4,7,9
4/3/18-23:11:36,130,63,135,66,5,3,32.00,25.00,3,5,7
4/3/18-23:12:37,128,65,137,81,4,3,33.00,24.00,3,5,6
4/3/18-23:13:38,128,63,103,51,4,2,33.00,24.00,3,5,9
4/3/18-23:14:39,131,65,113,54,5,2,33.00,24.00,3,5,9
4/3/18-23:15:40,128,64,120,63,4,1,33.00,24.00,4,6,8
4/3/18-23:16:41,130,64,136,62,5,3,32.00,25.00,4,6,8
4/3/18-23:17:42,129,64,112,53,5,3,32.00,25.00,4,7,8
4/3/18-23:18:43,129,65,134,68,4,3,32.00,25.00,4,7,8
4/3/18-23:19:44,129,65,125,61,6,4,32.00,25.00,3,5,5
4/3/18-23:20:45,128,64,127,65,4,1,32.00,25.00,3,5,5
4/3/18-23:21:46,129,65,127,62,4,2,33.00,24.00,4,5,5
4/3/18-23:22:47,129,63,131,65,6,1,33.00,24.00,4,5,5
4/3/18-23:23:48,130,65,122,64,5,3,33.00,24.00,4,6,7
4/3/18-23:24:49,128,66,134,68,6,3,33.00,24.00,4,6,7
4/3/18-23:25:50,130,63,132,66,6,3,33.00,24.00,3,6,6
4/3/18-23:26:51,128,65,126,64,6,1,33.00,24.00,3,6,6
4/3/18-23:27:52,129,64,124,61,6,1,33.00,24.00,4,6,6
4/3/18-23:28:53,127,62,120,66,5,4,33.00,24.00,4,6,6
4/3/18-23:29:54,130,64,126,68,6,3,33.00,24.00,3,5,5
4/3/18-23:30:55,130,65,117,58,5,3,33.00,24.00,3,5,5
4/3/18-23:31:56,128,64,126,63,5,2,33.00,24.00,3,6,7
4/3/18-23:32:57,128,63,137,65,6,2,33.00,24.00,3,6,7
4/3/18-23:33:58,129,64,172,134,7,2,32.00,25.00,4,6,6
4/3/18-23:34:59,128,65,131,62,4,1,33.00,24.00,3,5,5
4/3/18-23:36:0,129,67,135,68,4,0,32.00,25.00,4,6,7
4/3/18-23:37:1,126,63,114,52,5,4,32.00,25.00,4,6,7
4/3/18-23:38:2,128,65,144,73,5,1,31.00,25.00,4,5,5
4/3/18-23:39:3,128,67,131,65,4,1,34.00,24.00,4,5,5
4/3/18-23:40:4,130,66,139,66,4,1,33.00,24.00,3,5,5
4/3/18-23:41:5,128,63,120,50,4,3,33.00,24.00,4,6,6
4/3/18-23:42:6,128,64,153,73,6,2,31.00,24.00,3,5,5
4/3/18-23:43:7,129,66,138,69,5,3,32.00,25.00,3,5,5
4/3/18-23:44:8,130,64,128,61,6,2,32.00,25.00,4,5,10
4/3/18-23:45:9,129,72,132,62,5,3,32.00,25.00,4,5,10
4/3/18-23:46:10,130,65,131,89,6,1,32.00,25.00,3,4,4
4/3/18-23:47:11,130,65,137,67,7,0,33.00,24.00,4,5,5
4/3/18-23:48:12,128,65,117,58,5,2,33.00,24.00,5,6,8
4/3/18-23:49:13,131,67,111,67,3,1,33.00,24.00,5,6,8
4/3/18-23:50:14,131,65,131,66,2,2,32.00,25.00,4,6,6
4/3/18-23:51:14,128,62,175,97,4,2,32.00,25.00,4,7,7
4/3/18-23:52:15,126,62,121,60,7,4,33.00,24.00,5,8,9
4/3/18-23:53:16,131,65,130,57,5,3,32.00,25.00,5,8,9
4/3/18-23:54:17,130,61,128,71,5,2,32.00,25.00,4,5,6
4/3/18-23:55:18,130,65,128,66,8,3,32.00,25.00,4,5,6
4/3/18-23:56:19,127,63,118,51,4,1,33.00,24.00,3,5,5
4/3/18-23:57:20,129,67,133,71,4,0,32.00,25.00,3,5,5
4/3/18-23:58:21,129,66,134,67,5,0,33.00,24.00,4,5,6
4/3/18-23:59:22,128,65,164,98,7,1,33.00,24.00,3,5,6
