Hora,O3,NO2,CO,Humedad,Temperatura,P25,P10
6/3/18-0:0:52,143,59,132,68,32,4,36.00,18.00,11,17,19
6/3/18-0:1:53,144,63,138,77,35,1,35.00,18.00,10,15,15
6/3/18-0:2:54,141,61,139,77,38,2,36.00,18.00,11,16,16
6/3/18-0:3:55,141,59,129,62,32,2,36.00,18.00,10,18,21
6/3/18-0:4:56,145,62,139,77,34,1,36.00,18.00,10,18,21
6/3/18-0:5:57,142,63,137,80,36,3,37.00,18.00,11,17,17
6/3/18-0:6:58,143,60,134,66,30,4,36.00,18.00,11,17,17
6/3/18-0:7:59,144,62,136,71,30,0,35.00,18.00,10,16,17
6/3/18-0:9:0,145,60,130,68,30,3,36.00,18.00,10,16,17
6/3/18-0:10:1,144,63,137,82,28,3,36.00,18.00,9,13,15
6/3/18-0:11:2,143,60,127,65,21,2,36.00,18.00,9,13,15
6/3/18-0:12:3,143,59,136,74,21,3,36.00,18.00,9,12,13
6/3/18-0:13:4,144,62,132,71,19,2,36.00,18.00,8,11,12
6/3/18-0:14:5,144,61,137,73,17,0,36.00,18.00,10,13,13
6/3/18-0:15:6,142,62,131,76,17,1,36.00,18.00,10,14,16
6/3/18-0:16:7,144,61,143,89,16,3,36.00,18.00,8,11,13
6/3/18-0:17:8,144,62,122,55,14,3,36.00,18.00,8,11,13
6/3/18-0:18:9,144,62,130,64,13,3,36.00,18.00,8,13,13
6/3/18-0:19:10,143,63,129,68,12,1,36.00,18.00,8,12,12
6/3/18-0:20:11,144,61,122,56,8,2,36.00,18.00,8,11,11
6/3/18-0:21:12,143,60,131,68,10,3,36.00,18.00,8,11,11
6/3/18-0:22:13,146,63,131,68,9,1,36.00,18.00,7,10,11
6/3/18-0:23:14,144,60,121,56,8,0,36.00,18.00,7,10,11
6/3/18-0:24:15,143,60,137,68,9,3,36.00,18.00,6,10,10
6/3/18-0:25:16,144,63,130,67,11,1,36.00,17.00,6,10,10
6/3/18-0:26:17,144,62,121,56,8,2,36.00,18.00,7,16,16
6/3/18-0:27:18,144,61,127,69,9,1,36.00,17.00,7,15,15
6/3/18-0:28:19,142,63,127,66,8,3,36.00,17.00,6,8,12
6/3/18-0:29:20,143,61,119,57,9,4,36.00,17.00,6,8,12
6/3/18-0:30:21,144,62,127,66,8,1,35.00,18.00,5,7,10
6/3/18-0:31:22,145,61,125,70,7,0,36.00,17.00,5,7,10
6/3/18-0:32:23,143,61,128,64,8,0,36.00,17.00,6,9,11
6/3/18-0:33:24,142,59,118,55,9,2,36.00,17.00,6,9,11
6/3/18-0:34:25,144,63,127,64,6,1,36.00,18.00,5,10,10
6/3/18-0:35:26,144,61,130,71,7,1,36.00,18.00,6,10,10
6/3/18-0:36:27,143,60,125,62,7,1,36.00,18.00,4,7,12
6/3/18-0:37:27,144,62,122,62,7,2,36.00,17.00,6,10,14
6/3/18-0:38:28,144,61,123,66,7,2,36.00,17.00,5,7,8
6/3/18-0:39:29,144,61,121,69,9,2,36.00,18.00,5,7,8
6/3/18-0:40:30,144,63,116,54,7,1,36.00,18.00,5,9,9
6/3/18-0:41:31,144,60,126,64,7,3,36.00,18.00,5,9,9
6/3/18-0:42:32,143,61,124,63,6,1,36.00,18.00,5,7,7
6/3/18-0:43:33,144,59,114,56,6,4,36.00,18.00,5,7,7
6/3/18-0:44:34,144,60,118,62,5,3,36.00,17.00,4,6,11
6/3/18-0:45:35,145,60,119,63,7,3,36.00,17.00,4,6,11
6/3/18-0:46:36,144,62,123,68,5,2,36.00,18.00,4,6,6
6/3/18-0:47:37,144,61,114,55,5,1,36.00,17.00,5,7,7
6/3/18-0:48:38,147,62,126,68,6,2,36.00,17.00,4,7,7
6/3/18-0:49:39,145,60,126,66,8,5,36.00,18.00,4,7,7
6/3/18-0:50:40,145,67,125,67,4,1,36.00,17.00,4,7,8
6/3/18-0:51:41,144,59,117,47,7,2,36.00,18.00,4,7,8
6/3/18-0:52:42,143,62,119,65,5,1,36.00,17.00,6,8,10
6/3/18-0:53:43,143,60,125,61,7,1,36.00,17.00,5,8,10
6/3/18-0:54:44,143,61,125,69,5,1,36.00,18.00,5,8,8
6/3/18-0:55:45,144,65,112,53,6,4,36.00,18.00,5,8,8
6/3/18-0:56:46,147,63,121,64,4,1,36.00,17.00,6,8,8
6/3/18-0:57:47,144,60,124,70,7,2,36.00,18.00,6,8,8
6/3/18-0:58:48,144,60,120,74,5,3,36.00,18.00,6,8,8
6/3/18-0:59:49,144,63,125,65,7,2,36.00,18.00,5,7,7
6/3/18-1:0:50,143,60,130,79,7,2,36.00,18.00,4,7,7
6/3/18-1:1:51,145,63,122,74,7,3,36.00,17.00,3,4,6
6/3/18-1:2:52,144,61,130,63,5,2,36.00,18.00,3,4,6
6/3/18-1:3:53,144,62,123,62,5,1,36.00,18.00,6,8,10
6/3/18-1:4:54,146,63,121,63,5,0,36.00,18.00,6,8,10
6/3/18-1:5:55,144,63,120,66,6,4,36.00,18.00,5,8,9
6/3/18-1:6:56,144,60,111,54,5,2,36.00,18.00,5,8,9
6/3/18-1:7:57,145,62,122,62,5,3,36.00,18.00,5,7,7
6/3/18-1:8:58,144,60,118,72,5,3,36.00,18.00,5,8,9
6/3/18-1:9:59,146,63,119,65,5,2,36.00,18.00,6,9,9
6/3/18-1:11:0,142,59,113,55,5,2,36.00,18.00,6,9,9
6/3/18-1:12:1,145,60,116,57,6,3,36.00,17.00,6,8,10
6/3/18-1:13:2,146,57,117,64,5,3,36.00,18.00,6,8,10
6/3/18-1:14:3,144,60,112,57,5,3,36.00,17.00,6,9,12
6/3/18-1:15:4,145,59,121,65,5,3,36.00,18.00,6,9,12
6/3/18-1:16:5,145,63,121,67,4,3,37.00,18.00,6,9,9
6/3/18-1:17:6,143,61,117,56,4,2,36.00,17.00,5,9,9
6/3/18-1:18:7,146,59,116,61,4,1,36.00,18.00,5,7,7
6/3/18-1:19:8,146,62,118,60,7,1,36.00,18.00,5,7,7
6/3/18-1:20:9,146,61,122,68,5,1,36.00,18.00,4,8,8
6/3/18-1:21:10,144,60,116,62,4,2,36.00,18.00,4,7,7
6/3/18-1:22:11,144,59,113,53,5,4,36.00,17.00,5,7,8
6/3/18-1:23:12,146,61,115,60,4,2,36.00,17.00,5,7,8
6/3/18-1:24:13,145,62,119,59,4,1,36.00,18.00,5,7,11
6/3/18-1:25:14,145,62,114,63,6,3,36.00,17.00,5,7,11
6/3/18-1:26:15,145,60,113,55,4,3,36.00,17.00,6,9,9
6/3/18-1:27:16,144,60,120,58,5,3,36.00,18.00,6,9,9
6/3/18-1:28:17,145,60,122,70,6,2,36.00,17.00,6,10,15
6/3/18-1:29:18,145,62,117,68,6,3,36.00,18.00,5,9,14
6/3/18-1:30:19,144,62,120,68,5,1,36.00,18.00,5,8,8
6/3/18-1:31:20,143,59,112,62,4,3,37.00,18.00,5,8,8
6/3/18-1:32:21,145,58,115,56,7,3,36.00,17.00,7,11,12
6/3/18-1:33:22,146,62,113,59,6,3,36.00,18.00,7,11,12
6/3/18-1:34:23,145,62,115,66,5,3,37.00,18.00,7,11,12
6/3/18-1:35:24,147,62,113,62,7,2,36.00,17.00,7,10,12
6/3/18-1:36:25,144,59,118,65,7,1,36.00,17.00,7,11,12
6/3/18-1:37:26,144,60,119,65,6,1,36.00,17.00,7,11,12
6/3/18-1:38:27,145,55,103,50,5,3,36.00,17.00,6,10,11
6/3/18-1:39:28,146,57,126,65,4,1,0.00,17.00,6,10,11
6/3/18-1:40:29,146,61,119,62,5,2,36.00,17.00,8,11,11
6/3/18-1:41:30,147,61,112,63,6,1,36.00,17.00,7,12,12
6/3/18-1:42:31,146,59,108,44,4,3,36.00,17.00,7,10,12
6/3/18-1:43:32,146,62,118,66,5,1,36.00,17.00,7,10,12
6/3/18-1:44:33,145,62,119,62,6,2,36.00,17.00,7,11,15
6/3/18-1:45:34,146,60,115,65,7,1,36.00,17.00,7,10,11
6/3/18-1:46:35,146,58,109,52,5,3,36.00,17.00,7,10,12
6/3/18-1:47:36,146,63,115,61,3,0,36.00,17.00,7,10,12
6/3/18-1:48:37,145,61,113,61,4,2,36.00,17.00,8,11,13
6/3/18-1:49:38,145,60,115,57,7,2,36.00,17.00,8,11,13
6/3/18-1:50:39,145,61,121,62,4,1,36.00,17.00,9,11,11
6/3/18-1:51:40,144,63,118,73,5,3,36.00,18.00,9,11,11
6/3/18-1:52:41,146,62,119,65,5,2,36.00,17.00,8,12,12
6/3/18-1:53:42,144,60,112,54,4,3,36.00,17.00,8,12,12
6/3/18-1:54:43,147,61,124,68,7,4,34.00,18.00,7,10,13
6/3/18-1:55:44,145,62,116,62,5,4,36.00,18.00,7,10,13
6/3/18-1:56:45,146,61,113,53,6,3,36.00,18.00,8,12,16
6/3/18-1:57:46,144,60,126,66,8,2,36.00,17.00,8,13,16
6/3/18-1:58:47,144,60,107,50,5,2,36.00,18.00,8,13,16
6/3/18-1:59:48,144,68,110,60,4,1,35.00,17.00,8,13,16
6/3/18-2:0:49,142,60,105,53,4,2,36.00,17.00,10,18,21
6/3/18-2:1:50,145,60,111,55,6,5,35.00,17.00,10,18,20
6/3/18-2:2:51,144,62,115,58,5,2,36.00,17.00,9,13,13
6/3/18-2:3:52,147,63,116,69,5,3,36.00,17.00,10,13,13
6/3/18-2:4:53,145,58,109,58,4,1,36.00,17.00,9,12,14
6/3/18-2:5:54,147,62,112,59,4,2,36.00,17.00,9,12,14
6/3/18-2:6:55,144,62,115,68,4,0,36.00,17.00,9,12,13
6/3/18-2:7:56,145,62,113,63,7,4,36.00,17.00,10,12,14
6/3/18-2:8:57,145,59,110,49,4,2,36.00,17.00,11,13,13
6/3/18-2:9:58,146,66,114,61,5,2,36.00,17.00,10,12,12
6/3/18-2:10:59,147,61,115,66,5,4,36.00,17.00,10,18,18
6/3/18-2:12:0,146,59,112,55,4,1,36.00,17.00,10,18,18
6/3/18-2:13:1,146,62,112,62,9,4,36.00,17.00,11,23,26
6/3/18-2:14:2,147,65,116,61,6,3,36.00,17.00,11,23,26
6/3/18-2:15:3,144,60,118,67,4,1,36.00,17.00,11,16,17
6/3/18-2:16:4,148,60,118,73,3,3,36.00,18.00,10,15,17
6/3/18-2:17:5,146,59,111,55,7,3,36.00,17.00,10,15,16
6/3/18-2:18:6,145,66,111,58,4,2,36.00,17.00,10,15,16
6/3/18-2:19:7,145,60,106,61,4,1,36.00,17.00,11,15,19
6/3/18-2:20:8,146,61,112,66,5,2,36.00,17.00,11,15,19
6/3/18-2:21:9,145,61,118,66,5,2,36.00,17.00,11,16,16
6/3/18-2:22:10,147,59,129,94,5,3,36.00,17.00,11,16,16
6/3/18-2:23:11,146,58,117,71,5,1,36.00,17.00,12,17,18
6/3/18-2:24:12,145,60,114,74,4,2,36.00,17.00,12,17,20
6/3/18-2:25:13,145,60,112,60,3,3,36.00,17.00,12,17,23
6/3/18-2:26:14,147,63,115,61,5,3,36.00,18.00,12,17,23
6/3/18-2:27:15,145,61,124,68,6,1,36.00,18.00,13,18,21
6/3/18-2:28:16,144,61,101,59,4,0,36.00,17.00,13,18,21
6/3/18-2:29:17,146,60,107,57,4,3,35.00,18.00,12,16,19
6/3/18-2:30:18,145,62,110,57,3,2,36.00,17.00,11,16,17
6/3/18-2:31:19,146,60,130,76,5,1,36.00,17.00,12,17,22
6/3/18-2:32:20,146,61,113,59,6,3,37.00,17.00,12,17,22
6/3/18-2:33:21,148,61,114,52,5,0,36.00,18.00,13,19,19
6/3/18-2:34:22,145,69,107,58,4,2,35.00,17.00,13,19,19
6/3/18-2:35:23,145,61,112,58,4,3,36.00,17.00,13,16,18
6/3/18-2:36:24,146,61,113,60,6,3,36.00,17.00,12,15,18
6/3/18-2:37:25,146,60,98,45,5,3,36.00,17.00,12,17,19
6/3/18-2:38:26,145,62,109,58,4,1,36.00,17.00,12,17,19
6/3/18-2:39:27,144,60,103,63,5,1,36.00,17.00,12,21,24
6/3/18-2:40:28,145,60,110,55,2,0,36.00,17.00,12,21,24
6/3/18-2:41:28,146,60,105,58,4,2,36.00,17.00,10,17,18
6/3/18-2:42:29,147,61,113,60,4,3,36.00,17.00,10,16,17
6/3/18-2:43:30,146,63,111,60,5,3,36.00,17.00,12,17,19
6/3/18-2:44:31,146,59,112,58,4,1,36.00,17.00,12,17,19
6/3/18-2:45:32,145,61,114,59,2,0,36.00,17.00,13,20,21
6/3/18-2:46:33,144,60,112,56,5,5,36.00,17.00,13,20,21
6/3/18-2:47:34,146,62,113,57,5,3,36.00,18.00,12,15,15
6/3/18-2:48:35,144,61,116,64,4,1,36.00,17.00,12,15,15
6/3/18-2:49:36,145,57,113,60,4,3,36.00,17.00,12,16,16
6/3/18-2:50:37,145,61,115,60,4,3,36.00,18.00,12,16,16
6/3/18-2:51:38,145,60,111,62,2,2,36.00,17.00,16,20,23
6/3/18-2:52:39,143,60,109,67,4,2,36.00,17.00,16,20,23
6/3/18-2:53:40,145,60,114,63,4,1,36.00,18.00,15,20,21
6/3/18-2:54:41,145,57,112,65,5,1,36.00,17.00,14,19,21
6/3/18-2:55:42,147,58,105,52,3,4,36.00,17.00,13,18,20
6/3/18-2:56:43,146,61,113,65,5,0,34.00,17.00,13,18,20
6/3/18-2:57:44,146,60,119,68,4,3,36.00,17.00,16,27,27
6/3/18-2:58:45,147,59,114,69,5,3,35.00,17.00,16,27,27
6/3/18-2:59:46,147,64,105,59,5,3,36.00,17.00,17,23,23
6/3/18-3:0:47,146,61,101,50,5,3,36.00,17.00,16,23,24
6/3/18-3:1:48,145,63,108,58,5,3,36.00,18.00,17,22,24
6/3/18-3:2:49,148,60,98,58,5,1,36.00,18.00,18,23,25
6/3/18-3:3:50,145,59,101,50,3,3,36.00,17.00,21,27,27
6/3/18-3:4:51,143,57,100,51,4,3,36.00,18.00,21,27,27
6/3/18-3:5:52,147,63,99,54,2,1,36.00,17.00,22,30,30
6/3/18-3:6:53,145,60,97,59,6,1,36.00,17.00,22,30,30
6/3/18-3:7:54,145,62,87,49,1,2,36.00,17.00,22,33,35
6/3/18-3:8:55,145,63,91,52,2,2,35.00,18.00,22,33,35
6/3/18-3:9:56,147,59,98,58,4,3,36.00,18.00,22,31,35
6/3/18-3:10:57,145,62,112,71,3,1,36.00,18.00,22,31,35
6/3/18-3:11:58,146,60,114,64,2,1,36.00,18.00,22,32,34
6/3/18-3:12:59,146,60,105,60,6,1,36.00,18.00,22,32,35
6/3/18-3:14:0,146,58,92,54,5,2,36.00,18.00,23,31,35
6/3/18-3:15:1,144,57,94,48,6,2,36.00,17.00,23,30,33
6/3/18-3:16:2,145,58,104,56,4,3,36.00,17.00,23,31,32
6/3/18-3:17:3,146,60,91,55,4,2,36.00,18.00,22,31,32
6/3/18-3:18:4,146,59,99,62,3,0,36.00,18.00,24,33,37
6/3/18-3:19:5,147,60,103,60,2,1,36.00,18.00,24,33,36
6/3/18-3:20:6,144,56,91,47,6,2,36.00,17.00,21,30,30
6/3/18-3:21:7,145,56,90,60,2,3,36.00,17.00,20,29,29
6/3/18-3:22:8,147,61,95,59,4,2,36.00,17.00,21,32,35
6/3/18-3:23:9,145,61,92,55,3,3,36.00,18.00,21,32,34
6/3/18-3:24:10,146,58,89,46,4,2,36.00,17.00,22,31,37
6/3/18-3:25:11,145,62,115,62,5,2,36.00,17.00,22,31,37
6/3/18-3:26:12,144,59,104,59,4,2,37.00,17.00,19,26,30
6/3/18-3:27:13,146,59,101,45,5,3,36.00,17.00,19,26,30
6/3/18-3:28:14,146,59,100,67,3,1,36.00,17.00,22,29,32
6/3/18-3:29:15,145,63,99,57,3,2,36.00,17.00,21,29,32
6/3/18-3:30:16,146,61,109,63,3,4,36.00,17.00,18,25,28
6/3/18-3:31:17,145,59,103,58,4,1,36.00,17.00,19,26,29
6/3/18-3:32:18,144,60,103,59,3,1,36.00,17.00,19,25,25
6/3/18-3:33:19,145,58,93,46,5,3,36.00,17.00,19,25,25
6/3/18-3:34:20,147,60,112,57,5,2,35.00,17.00,20,28,28
6/3/18-3:35:21,145,57,92,47,3,3,36.00,17.00,20,27,27
6/3/18-3:36:22,144,59,93,48,4,3,35.00,17.00,19,29,31
6/3/18-3:37:23,144,59,99,53,4,2,37.00,16.00,19,29,32
6/3/18-3:38:24,148,63,95,53,2,1,35.00,17.00,21,28,31
6/3/18-3:39:25,144,62,97,57,3,3,36.00,17.00,21,28,31
6/3/18-3:40:26,146,58,95,50,7,4,36.00,17.00,20,27,29
6/3/18-3:41:27,145,58,99,54,5,3,37.00,16.00,20,27,29
6/3/18-3:42:28,146,59,121,71,5,3,36.00,17.00,19,30,32
6/3/18-3:43:29,145,60,99,60,3,2,36.00,18.00,19,30,32
6/3/18-3:44:30,145,58,98,45,3,3,36.00,17.00,20,30,33
6/3/18-3:45:31,145,57,100,51,4,1,36.00,17.00,20,31,34
6/3/18-3:46:32,145,61,103,61,5,3,36.00,17.00,20,29,32
6/3/18-3:47:33,146,58,110,59,3,2,36.00,17.00,19,28,30
6/3/18-3:48:34,145,60,100,57,5,1,36.00,17.00,19,27,28
6/3/18-3:49:35,148,61,107,58,3,1,36.00,17.00,20,28,29
6/3/18-3:50:36,145,57,98,47,9,2,36.00,17.00,19,27,27
6/3/18-3:51:37,146,61,103,55,2,1,36.00,16.00,19,27,27
6/3/18-3:52:38,144,60,105,58,3,2,36.00,17.00,20,29,33
6/3/18-3:53:39,146,61,110,57,6,3,36.00,17.00,20,29,33
6/3/18-3:54:40,145,60,102,56,6,3,36.00,17.00,19,25,25
6/3/18-3:55:41,145,59,103,45,5,3,36.00,17.00,19,25,25
6/3/18-3:56:42,146,57,106,60,6,4,37.00,16.00,21,30,32
6/3/18-3:57:43,145,59,87,48,3,3,36.00,17.00,21,29,33
6/3/18-3:58:44,145,61,94,53,4,2,37.00,16.00,22,31,36
6/3/18-3:59:45,147,63,107,61,3,3,37.00,16.00,21,29,34
6/3/18-4:0:46,146,59,98,64,5,1,36.00,17.00,22,33,39
6/3/18-4:1:47,145,61,101,59,4,3,36.00,17.00,22,33,39
6/3/18-4:2:48,145,59,87,49,4,3,36.00,17.00,22,34,38
6/3/18-4:3:49,145,62,105,69,3,2,36.00,17.00,22,34,38
6/3/18-4:4:50,145,58,103,52,4,3,37.00,17.00,21,31,33
6/3/18-4:5:51,145,60,101,60,3,2,36.00,17.00,21,31,34
6/3/18-4:6:52,145,61,102,53,4,2,37.00,17.00,22,32,34
6/3/18-4:7:53,146,59,106,62,5,1,36.00,17.00,22,32,34
6/3/18-4:8:54,145,60,108,61,3,2,37.00,17.00,21,32,34
6/3/18-4:9:55,146,58,102,59,4,2,37.00,16.00,21,32,34
6/3/18-4:10:56,147,59,96,55,7,1,35.00,17.00,22,30,33
6/3/18-4:11:57,147,59,106,59,5,2,36.00,17.00,22,30,33
6/3/18-4:12:58,146,57,94,47,5,2,36.00,17.00,21,30,31
6/3/18-4:13:59,148,59,98,63,5,1,36.00,17.00,21,30,31
6/3/18-4:15:0,144,59,93,47,5,3,36.00,17.00,20,27,29
6/3/18-4:16:1,144,58,96,54,6,1,36.00,17.00,20,27,29
6/3/18-4:17:2,146,61,94,54,5,3,37.00,16.00,22,34,40
6/3/18-4:18:3,144,60,97,55,3,2,36.00,16.00,23,35,42
6/3/18-4:19:4,145,60,97,55,4,4,37.00,16.00,21,28,29
6/3/18-4:20:5,146,59,99,55,5,2,37.00,16.00,21,28,29
6/3/18-4:21:6,146,62,105,69,3,1,37.00,16.00,23,35,41
6/3/18-4:22:7,146,61,98,51,4,2,37.00,16.00,23,35,41
6/3/18-4:23:8,147,66,99,56,4,3,37.00,16.00,24,38,49
6/3/18-4:24:9,148,63,104,55,4,3,37.00,16.00,25,38,51
6/3/18-4:25:10,147,59,104,58,4,1,37.00,16.00,26,36,42
6/3/18-4:26:11,148,59,101,52,5,1,37.00,16.00,26,36,42
6/3/18-4:27:12,146,60,108,60,5,1,37.00,16.00,24,37,44
6/3/18-4:28:13,146,63,107,60,2,1,37.00,16.00,23,36,43
6/3/18-4:29:14,144,59,104,59,4,3,37.00,16.00,26,39,46
6/3/18-4:30:15,147,57,103,56,3,4,37.00,16.00,26,39,46
6/3/18-4:31:16,146,58,106,59,5,4,37.00,16.00,26,39,46
6/3/18-4:32:17,146,61,110,63,2,0,37.00,16.00,26,39,46
6/3/18-4:33:18,147,59,93,52,5,4,37.00,16.00,26,39,47
6/3/18-4:34:19,144,57,107,56,3,1,37.00,16.00,25,38,46
6/3/18-4:35:20,147,62,103,60,4,4,37.00,16.00,24,37,42
6/3/18-4:36:21,147,59,109,67,7,3,37.00,16.00,24,37,42
6/3/18-4:37:22,147,61,104,57,3,3,37.00,16.00,24,32,35
6/3/18-4:38:23,146,59,101,51,4,3,37.00,16.00,24,32,35
6/3/18-4:39:24,146,59,107,59,3,1,37.00,16.00,23,32,37
6/3/18-4:40:25,144,57,103,58,5,1,37.00,16.00,22,30,33
6/3/18-4:41:26,148,60,95,44,2,2,37.00,16.00,23,33,37
6/3/18-4:42:27,147,59,103,64,6,1,37.00,16.00,23,33,37
6/3/18-4:43:27,147,62,108,57,5,2,37.00,16.00,22,33,39
6/3/18-4:44:28,147,59,103,59,5,2,37.00,16.00,22,33,40
6/3/18-4:45:29,147,60,98,54,3,2,37.00,16.00,22,34,38
6/3/18-4:46:30,145,58,121,82,4,2,37.00,16.00,22,34,38
6/3/18-4:47:31,149,61,109,74,7,2,37.00,16.00,22,32,37
6/3/18-4:48:32,147,59,101,54,4,3,37.00,16.00,22,32,37
6/3/18-4:49:33,148,59,99,56,5,3,38.00,16.00,20,27,30
6/3/18-4:50:34,147,61,105,64,2,1,37.00,16.00,19,26,29
6/3/18-4:51:35,147,62,106,59,5,3,37.00,16.00,22,33,35
6/3/18-4:52:36,146,64,106,60,5,3,37.00,16.00,22,32,35
6/3/18-4:53:37,147,61,111,62,4,2,37.00,16.00,21,29,34
6/3/18-4:54:38,146,59,108,57,5,3,37.00,16.00,20,30,34
6/3/18-4:55:39,149,59,100,56,6,3,37.00,16.00,21,30,30
6/3/18-4:56:40,149,63,105,57,5,2,37.00,16.00,21,30,30
6/3/18-4:57:41,146,59,105,58,6,1,37.00,16.00,20,28,31
6/3/18-4:58:42,147,60,106,58,5,3,37.00,16.00,20,28,31
6/3/18-4:59:43,146,61,108,52,4,1,37.00,16.00,21,29,31
6/3/18-5:0:44,148,58,96,48,6,3,37.00,16.00,21,29,31
6/3/18-5:1:45,149,62,114,58,7,2,37.00,15.00,21,31,35
6/3/18-5:2:46,146,59,109,66,6,1,37.00,16.00,21,31,35
6/3/18-5:3:47,147,59,107,53,4,2,37.00,16.00,19,27,29
6/3/18-5:4:48,149,61,98,46,5,3,37.00,16.00,19,27,29
6/3/18-5:5:49,147,59,106,55,3,1,37.00,16.00,19,28,30
6/3/18-5:6:50,148,62,112,60,5,4,37.00,16.00,20,28,28
6/3/18-5:7:51,147,59,105,55,4,4,37.00,16.00,21,29,32
6/3/18-5:8:52,149,62,110,70,2,2,37.00,16.00,21,29,31
6/3/18-5:9:53,148,59,110,56,5,1,37.00,16.00,19,27,28
6/3/18-5:10:54,149,60,109,57,4,0,37.00,16.00,19,27,28
6/3/18-5:11:55,150,63,103,56,4,1,37.00,16.00,18,28,28
6/3/18-5:12:56,148,61,110,59,3,2,37.00,16.00,18,28,28
6/3/18-5:13:57,146,60,111,57,4,3,37.00,16.00,18,26,28
6/3/18-5:14:58,150,61,110,56,2,2,37.00,16.00,18,26,28
6/3/18-5:15:59,147,57,107,60,4,1,37.00,16.00,18,25,25
6/3/18-5:17:0,149,62,104,56,4,2,37.00,15.00,18,25,25
6/3/18-5:18:1,148,61,107,58,4,3,37.00,15.00,19,28,30
6/3/18-5:19:2,148,59,108,60,4,2,37.00,15.00,19,28,30
6/3/18-5:20:3,148,62,104,58,4,3,37.00,15.00,20,30,36
6/3/18-5:21:4,147,58,104,49,4,3,37.00,15.00,20,30,36
6/3/18-5:22:5,148,59,109,60,7,2,37.00,15.00,18,29,29
6/3/18-5:23:6,149,63,106,69,7,3,37.00,16.00,18,29,29
6/3/18-5:24:7,149,61,115,60,4,1,37.00,15.00,20,26,29
6/3/18-5:25:8,146,58,106,55,4,2,37.00,15.00,20,27,28
6/3/18-5:26:9,147,59,108,64,4,3,37.00,16.00,18,22,22
6/3/18-5:27:10,150,61,110,57,4,2,37.00,15.00,18,22,22
6/3/18-5:28:11,149,60,104,56,5,2,37.00,15.00,20,26,26
6/3/18-5:29:12,149,59,99,50,3,3,37.00,15.00,20,26,26
6/3/18-5:30:13,150,58,105,58,6,3,37.00,15.00,20,27,28
6/3/18-5:31:14,150,59,107,60,4,0,37.00,15.00,20,27,28
6/3/18-5:32:15,148,55,101,47,5,3,37.00,15.00,20,30,32
6/3/18-5:33:16,148,59,109,59,4,3,37.00,15.00,21,30,33
6/3/18-5:34:17,149,58,108,61,5,1,37.00,15.00,21,26,26
6/3/18-5:35:18,149,59,106,57,4,1,37.00,16.00,21,26,26
6/3/18-5:36:19,151,61,112,60,6,1,37.00,15.00,21,29,29
6/3/18-5:37:20,151,62,109,57,4,2,37.00,15.00,21,29,29
6/3/18-5:38:21,147,57,100,56,5,2,37.00,15.00,22,33,41
6/3/18-5:39:22,148,57,100,52,5,2,36.00,15.00,22,33,41
6/3/18-5:40:23,149,57,106,50,4,4,37.00,15.00,20,29,30
6/3/18-5:41:24,149,59,114,57,3,2,36.00,15.00,20,29,30
6/3/18-5:42:25,150,58,110,59,6,1,37.00,15.00,20,26,27
6/3/18-5:43:26,149,59,106,64,3,2,37.00,15.00,20,26,27
6/3/18-5:44:27,151,59,98,55,5,3,37.00,15.00,20,26,27
6/3/18-5:45:28,148,57,107,64,3,3,37.00,15.00,21,29,30
6/3/18-5:46:29,150,60,106,62,5,3,37.00,15.00,20,29,30
6/3/18-5:47:30,149,60,110,66,4,0,37.00,16.00,21,28,28
6/3/18-5:48:31,149,57,106,59,6,1,37.00,15.00,21,28,28
6/3/18-5:49:32,149,61,109,62,3,2,37.00,16.00,22,31,39
6/3/18-5:50:33,149,60,106,60,4,2,37.00,15.00,22,31,39
6/3/18-5:51:34,148,57,97,49,5,4,37.00,16.00,20,29,33
6/3/18-5:52:35,148,56,110,59,5,2,38.00,14.00,20,29,33
6/3/18-5:53:36,149,59,105,59,6,3,37.00,16.00,21,29,34
6/3/18-5:54:37,151,58,108,69,5,2,37.00,16.00,21,29,34
6/3/18-5:55:38,149,58,112,61,4,1,37.00,15.00,20,28,29
6/3/18-5:56:39,148,58,99,56,5,2,37.00,15.00,20,27,29
6/3/18-5:57:40,150,60,105,62,6,3,35.00,15.00,22,30,33
6/3/18-5:58:41,149,60,105,56,4,3,37.00,16.00,22,29,32
6/3/18-5:59:42,148,59,110,66,2,1,37.00,16.00,20,27,32
6/3/18-6:0:43,150,60,96,57,4,3,37.00,16.00,20,27,32
6/3/18-6:1:44,148,58,93,54,3,1,37.00,16.00,20,26,26
6/3/18-6:2:45,149,57,105,51,5,4,37.00,16.00,20,26,26
6/3/18-6:3:46,149,58,97,61,5,3,37.00,16.00,22,30,33
6/3/18-6:4:47,150,57,94,47,5,2,37.00,16.00,21,30,32
6/3/18-6:5:48,150,60,102,58,3,1,37.00,16.00,19,26,28
6/3/18-6:6:49,148,58,95,52,4,3,37.00,16.00,20,27,29
6/3/18-6:7:50,149,62,103,61,6,3,37.00,16.00,19,26,26
6/3/18-6:8:51,149,60,93,56,3,3,37.00,16.00,19,26,26
6/3/18-6:9:52,148,58,101,56,1,3,37.00,16.00,21,27,32
6/3/18-6:10:53,147,59,97,54,3,2,37.00,16.00,21,27,32
6/3/18-6:11:54,148,53,110,61,3,2,37.00,16.00,19,28,30
6/3/18-6:12:55,150,58,94,48,5,3,37.00,16.00,19,28,31
6/3/18-6:13:56,150,60,101,64,4,1,37.00,16.00,20,30,34
6/3/18-6:14:57,150,59,87,42,5,3,37.00,16.00,20,30,34
6/3/18-6:15:58,148,58,97,51,3,2,37.00,16.00,21,28,30
6/3/18-6:16:59,147,57,97,53,3,2,37.00,16.00,21,28,31
6/3/18-6:18:0,149,56,98,58,4,3,37.00,16.00,20,31,32
6/3/18-6:19:1,148,57,98,58,5,4,37.00,16.00,21,30,31
6/3/18-6:20:2,147,59,120,77,3,2,37.00,16.00,20,30,33
6/3/18-6:21:3,148,59,93,50,5,3,37.00,16.00,20,30,33
6/3/18-6:22:4,151,58,96,56,4,3,37.00,16.00,21,30,31
6/3/18-6:23:5,150,55,112,58,4,1,37.00,16.00,21,30,31
6/3/18-6:24:6,148,57,98,56,7,2,37.00,16.00,21,31,33
6/3/18-6:25:7,148,65,90,44,5,3,37.00,16.00,22,31,34
6/3/18-6:26:8,150,58,103,55,4,3,36.00,16.00,20,30,34
6/3/18-6:27:9,150,62,99,48,6,5,37.00,16.00,20,30,33
6/3/18-6:28:10,148,60,114,58,6,1,36.00,16.00,21,29,30
6/3/18-6:29:11,150,61,97,59,4,2,37.00,16.00,21,29,30
6/3/18-6:30:12,148,59,102,58,2,0,37.00,16.00,19,25,25
6/3/18-6:31:13,150,58,96,48,4,3,37.00,16.00,19,26,26
6/3/18-6:32:14,147,57,89,46,5,3,36.00,16.00,22,30,31
6/3/18-6:33:15,148,57,98,55,5,2,36.00,16.00,22,30,33
6/3/18-6:34:16,150,58,102,46,4,3,37.00,16.00,21,29,31
6/3/18-6:35:17,150,60,98,55,5,3,37.00,16.00,22,30,32
6/3/18-6:36:18,150,57,104,63,4,1,37.00,16.00,21,30,31
6/3/18-6:37:19,149,60,104,57,4,1,37.00,16.00,21,31,32
6/3/18-6:38:20,149,57,102,50,4,3,37.00,16.00,22,32,34
6/3/18-6:39:20,148,58,98,48,4,3,37.00,16.00,22,32,35
6/3/18-6:40:21,150,58,103,55,5,2,36.00,16.00,20,31,32
6/3/18-6:41:22,147,59,96,56,4,1,37.00,16.00,20,31,32
6/3/18-6:42:23,148,59,93,51,3,0,37.00,16.00,21,33,38
6/3/18-6:43:24,149,58,126,115,6,2,37.00,16.00,20,32,35
6/3/18-6:44:25,148,58,101,56,4,2,37.00,16.00,20,28,29
6/3/18-6:45:26,148,59,101,54,4,3,37.00,16.00,20,28,30
6/3/18-6:46:27,150,59,97,59,3,2,37.00,16.00,21,29,33
6/3/18-6:47:28,150,58,86,46,5,4,37.00,16.00,20,29,33
6/3/18-6:48:29,147,58,106,60,2,3,37.00,16.00,21,31,33
6/3/18-6:49:30,147,62,101,57,3,3,37.00,16.00,21,31,33
6/3/18-6:50:31,148,54,100,46,3,3,37.00,16.00,21,27,27
6/3/18-6:51:32,150,59,96,56,4,2,37.00,16.00,21,27,27
6/3/18-6:52:33,148,58,93,49,3,3,37.00,16.00,22,33,37
6/3/18-6:53:34,147,59,109,59,3,3,37.00,16.00,21,32,36
6/3/18-6:54:35,150,58,92,48,5,4,37.00,16.00,22,33,38
6/3/18-6:55:36,149,59,95,57,4,2,37.00,16.00,22,32,38
6/3/18-6:56:37,147,56,89,47,4,2,37.00,16.00,22,32,33
6/3/18-6:57:38,150,58,100,52,3,1,36.00,16.00,22,32,34
6/3/18-6:58:39,147,60,100,63,4,2,37.00,16.00,22,32,34
6/3/18-6:59:40,150,58,111,59,5,1,37.00,16.00,22,32,34
6/3/18-7:0:41,148,57,107,62,4,1,37.00,16.00,23,33,39
6/3/18-7:1:42,147,60,98,58,3,1,38.00,16.00,23,33,39
6/3/18-7:2:43,150,58,94,55,4,2,37.00,16.00,22,30,32
6/3/18-7:3:44,149,56,98,53,5,3,37.00,16.00,22,30,32
6/3/18-7:4:45,150,59,93,54,5,4,37.00,16.00,21,29,30
6/3/18-7:5:46,148,57,93,49,4,4,37.00,16.00,21,29,30
6/3/18-7:6:47,151,60,105,59,4,4,37.00,16.00,21,29,34
6/3/18-7:7:48,148,57,93,49,5,3,37.00,16.00,21,31,36
6/3/18-7:8:49,149,57,113,65,6,1,37.00,16.00,23,31,35
6/3/18-7:9:50,150,58,112,59,4,4,37.00,16.00,23,31,35
6/3/18-7:10:51,148,59,104,54,3,2,37.00,16.00,21,30,34
6/3/18-7:11:52,148,59,97,52,4,2,37.00,16.00,21,30,34
6/3/18-7:12:53,149,60,103,58,3,3,37.00,16.00,21,30,32
6/3/18-7:13:54,148,59,91,56,3,2,37.00,16.00,21,30,32
6/3/18-7:14:55,149,59,102,58,3,0,37.00,16.00,23,31,32
6/3/18-7:15:56,150,57,103,57,4,2,37.00,16.00,23,31,32
6/3/18-7:16:57,149,59,101,54,3,3,37.00,16.00,21,30,34
6/3/18-7:17:58,150,58,107,66,2,1,37.00,16.00,21,30,34
6/3/18-7:18:59,150,63,103,56,3,2,37.00,16.00,21,32,36
6/3/18-7:20:0,149,58,110,66,5,2,37.00,16.00,21,32,36
6/3/18-7:21:1,147,59,106,64,4,2,37.00,16.00,22,34,39
6/3/18-7:22:2,148,58,106,59,3,1,37.00,16.00,22,33,37
6/3/18-7:23:3,147,56,104,50,5,3,37.00,16.00,21,29,32
6/3/18-7:24:4,149,60,119,87,5,4,37.00,16.00,20,29,32
6/3/18-7:25:5,147,60,105,57,4,2,37.00,16.00,20,31,33
6/3/18-7:26:6,150,56,100,53,3,2,37.00,16.00,20,31,33
6/3/18-7:27:7,147,54,108,57,4,4,37.00,16.00,21,29,32
6/3/18-7:28:8,147,56,104,69,5,4,37.00,16.00,21,29,32
6/3/18-7:29:9,149,57,111,75,6,1,37.00,16.00,21,30,31
6/3/18-7:30:10,149,59,108,55,7,3,37.00,16.00,21,30,31
6/3/18-7:31:11,148,59,104,57,3,4,37.00,16.00,22,29,32
6/3/18-7:32:12,149,58,100,53,3,3,37.00,16.00,22,29,32
6/3/18-7:33:13,148,60,112,74,4,3,37.00,16.00,21,29,33
6/3/18-7:34:14,148,58,99,58,3,1,37.00,16.00,21,29,33
6/3/18-7:35:15,147,57,100,58,4,2,37.00,16.00,21,33,43
6/3/18-7:36:16,150,58,114,83,6,1,37.00,16.00,21,33,43
6/3/18-7:37:17,148,59,99,54,2,1,37.00,16.00,20,28,34
6/3/18-7:38:18,149,60,102,58,2,0,37.00,16.00,20,28,34
6/3/18-7:39:19,147,58,104,73,4,1,37.00,16.00,20,28,32
6/3/18-7:40:20,147,61,104,66,5,3,37.00,16.00,20,28,32
6/3/18-7:41:21,147,54,94,49,5,3,37.00,16.00,21,34,40
6/3/18-7:42:22,149,59,109,59,5,4,37.00,16.00,21,35,41
6/3/18-7:43:23,148,58,91,49,6,5,37.00,16.00,22,33,36
6/3/18-7:44:24,151,61,102,62,5,3,37.00,16.00,22,33,36
6/3/18-7:45:25,150,59,101,53,6,5,37.00,16.00,20,30,31
6/3/18-7:46:26,148,57,108,58,3,2,37.00,16.00,20,30,31
6/3/18-7:47:27,147,57,100,46,4,2,37.00,16.00,21,31,32
6/3/18-7:48:28,147,56,107,55,5,2,36.00,16.00,20,30,31
6/3/18-7:49:29,146,57,107,52,6,3,37.00,15.00,20,31,34
6/3/18-7:50:30,148,57,115,73,6,4,35.00,16.00,20,31,34
6/3/18-7:51:31,148,57,97,48,5,2,37.00,16.00,20,27,31
6/3/18-7:52:32,150,62,117,66,5,3,37.00,16.00,20,27,31
6/3/18-7:53:33,147,56,96,46,5,3,37.00,16.00,20,30,31
6/3/18-7:54:34,147,58,106,56,5,3,37.00,16.00,20,30,30
6/3/18-7:55:35,149,60,102,52,5,3,37.00,16.00,19,29,33
6/3/18-7:56:36,149,59,119,59,3,0,36.00,16.00,19,29,33
6/3/18-7:57:37,151,60,119,59,5,0,37.00,16.00,21,30,30
6/3/18-7:58:38,150,60,98,55,5,3,37.00,16.00,21,30,30
6/3/18-7:59:39,150,58,103,57,4,3,37.00,16.00,19,24,26
6/3/18-8:0:40,148,57,96,55,5,3,37.00,16.00,20,25,27
6/3/18-8:1:41,149,58,98,46,5,3,37.00,16.00,19,26,26
6/3/18-8:2:42,150,60,115,69,5,2,37.00,16.00,19,26,26
6/3/18-8:3:43,149,58,102,57,5,1,36.00,17.00,19,27,29
6/3/18-8:4:44,148,58,103,55,5,3,37.00,16.00,19,27,29
6/3/18-8:5:45,146,60,103,64,4,3,37.00,16.00,20,28,29
6/3/18-8:6:46,147,58,94,50,6,2,37.00,16.00,20,28,29
6/3/18-8:7:47,148,58,112,63,6,1,36.00,17.00,20,27,29
6/3/18-8:8:48,147,58,97,49,5,4,37.00,16.00,20,28,31
6/3/18-8:9:49,148,58,107,64,7,2,37.00,16.00,19,26,27
6/3/18-8:10:50,149,59,112,64,6,2,37.00,16.00,18,25,26
6/3/18-8:11:51,149,57,113,60,4,4,38.00,16.00,22,29,29
6/3/18-8:12:52,149,59,114,64,4,0,37.00,16.00,22,29,29
6/3/18-8:13:53,146,63,99,50,4,3,37.00,16.00,19,32,37
6/3/18-8:14:54,149,61,116,59,4,2,36.00,17.00,19,32,37
6/3/18-8:15:55,144,55,100,51,4,2,36.00,17.00,21,32,35
6/3/18-8:16:56,148,60,124,74,4,0,36.00,17.00,22,34,37
6/3/18-8:17:57,149,61,107,85,2,1,36.00,17.00,21,32,35
6/3/18-8:18:58,149,59,99,57,2,2,37.00,17.00,21,32,35
6/3/18-8:19:59,146,56,102,48,4,4,36.00,17.00,20,30,38
6/3/18-8:21:0,149,57,123,82,4,2,36.00,17.00,20,30,38
6/3/18-8:22:1,150,60,115,68,3,1,36.00,17.00,21,29,33
6/3/18-8:23:2,147,56,117,60,6,5,36.00,17.00,21,29,33
6/3/18-8:24:3,146,54,105,67,6,3,35.00,17.00,22,33,39
6/3/18-8:25:4,148,57,94,51,5,2,36.00,17.00,22,34,40
6/3/18-8:26:5,148,56,116,53,3,2,36.00,17.00,22,31,36
6/3/18-8:27:6,147,57,102,52,4,3,36.00,17.00,22,32,37
6/3/18-8:28:7,145,58,120,74,4,2,36.00,17.00,21,32,36
6/3/18-8:29:8,146,56,115,67,5,3,36.00,17.00,21,32,36
6/3/18-8:30:9,148,59,120,63,6,2,36.00,17.00,24,33,44
6/3/18-8:31:10,147,58,98,60,5,1,36.00,17.00,24,33,44
6/3/18-8:32:11,147,57,103,54,6,1,37.00,17.00,22,32,36
6/3/18-8:33:12,147,58,110,77,5,3,36.00,17.00,22,32,36
6/3/18-8:34:12,146,59,110,69,3,1,36.00,17.00,22,32,37
6/3/18-8:35:13,148,60,110,76,4,1,36.00,17.00,22,32,34
6/3/18-8:36:14,147,59,107,64,4,3,36.00,17.00,22,35,39
6/3/18-8:37:15,145,56,97,55,4,1,36.00,17.00,22,35,39
6/3/18-8:38:16,147,59,101,58,3,2,36.00,17.00,22,28,31
6/3/18-8:39:17,147,60,110,47,5,3,36.00,17.00,22,28,31
6/3/18-8:40:18,148,60,126,66,4,3,36.00,17.00,20,30,32
6/3/18-8:41:19,146,52,98,46,4,3,36.00,17.00,20,30,32
6/3/18-8:42:20,147,59,122,64,3,2,36.00,17.00,21,30,32
6/3/18-8:43:21,147,62,119,72,4,2,36.00,18.00,22,30,31
6/3/18-8:44:22,146,58,135,94,4,1,37.00,17.00,20,29,30
6/3/18-8:45:23,146,60,121,82,2,0,36.00,17.00,21,29,29
6/3/18-8:46:24,145,59,122,72,3,2,36.00,18.00,21,30,33
6/3/18-8:47:25,146,57,106,68,3,1,36.00,18.00,21,30,33
6/3/18-8:48:26,148,58,110,60,4,1,36.00,17.00,22,31,36
6/3/18-8:49:27,146,59,110,55,3,3,36.00,18.00,22,31,36
6/3/18-8:50:28,147,58,108,66,5,1,36.00,17.00,20,30,31
6/3/18-8:51:29,148,57,99,46,3,3,37.00,17.00,20,31,32
6/3/18-8:52:30,146,60,122,73,5,0,36.00,18.00,20,28,30
6/3/18-8:53:31,144,53,95,50,4,2,36.00,18.00,20,29,32
6/3/18-8:54:32,146,59,114,72,3,0,36.00,17.00,22,30,33
6/3/18-8:55:33,146,60,114,62,5,1,36.00,18.00,21,29,32
6/3/18-8:56:34,144,59,105,58,5,3,36.00,18.00,19,31,33
6/3/18-8:57:35,147,60,116,64,6,3,36.00,18.00,20,32,34
6/3/18-8:58:36,147,58,120,71,5,3,36.00,18.00,20,27,28
6/3/18-8:59:37,147,59,117,71,6,2,36.00,18.00,20,27,28
6/3/18-9:0:38,147,62,129,72,3,1,36.00,18.00,22,30,34
6/3/18-9:1:39,146,58,134,103,4,1,36.00,18.00,22,30,34
6/3/18-9:2:40,144,64,150,80,6,4,36.00,18.00,19,28,30
6/3/18-9:3:41,148,60,138,86,7,2,36.00,18.00,18,27,29
6/3/18-9:4:42,144,59,108,59,5,1,36.00,18.00,20,30,33
6/3/18-9:5:43,145,61,124,64,8,2,36.00,18.00,20,30,33
6/3/18-9:6:44,145,57,138,81,7,3,36.00,18.00,22,31,34
6/3/18-9:7:45,147,59,124,60,5,3,36.00,18.00,22,31,34
6/3/18-9:8:46,144,60,126,57,4,1,36.00,18.00,21,29,30
6/3/18-9:9:47,143,58,121,83,7,2,36.00,18.00,21,29,30
6/3/18-9:10:48,145,60,125,66,7,3,36.00,18.00,21,29,34
6/3/18-9:11:49,144,61,119,62,6,3,36.00,18.00,21,30,34
6/3/18-9:12:50,146,60,120,70,7,1,36.00,18.00,22,32,34
6/3/18-9:13:51,146,58,119,57,6,3,36.00,18.00,22,32,34
6/3/18-9:14:52,146,60,116,67,7,1,36.00,18.00,22,31,36
6/3/18-9:15:53,145,60,106,58,4,2,35.00,19.00,22,31,37
6/3/18-9:16:54,145,61,131,77,5,3,36.00,18.00,22,32,36
6/3/18-9:17:55,146,61,127,89,5,3,36.00,18.00,22,31,35
6/3/18-9:18:56,146,61,115,54,4,2,36.00,18.00,20,28,33
6/3/18-9:19:57,145,63,111,56,7,2,35.00,18.00,19,27,32
6/3/18-9:20:58,146,62,115,62,5,2,35.00,19.00,21,34,39
6/3/18-9:21:59,146,58,123,76,4,2,36.00,19.00,21,34,39
6/3/18-9:23:0,145,63,127,79,4,1,35.00,19.00,20,31,36
6/3/18-9:24:1,145,60,110,59,5,0,36.00,19.00,20,31,36
6/3/18-9:25:2,144,60,104,69,3,3,35.00,19.00,22,32,38
6/3/18-9:26:3,145,60,105,51,6,3,35.00,19.00,22,32,37
6/3/18-9:27:4,144,60,127,89,4,2,35.00,19.00,22,30,30
6/3/18-9:28:5,143,61,136,74,7,3,35.00,19.00,22,30,30
6/3/18-9:29:6,144,60,115,66,7,2,35.00,19.00,20,30,33
6/3/18-9:30:7,143,61,120,63,4,1,35.00,19.00,20,29,32
6/3/18-9:31:8,145,58,132,78,4,3,35.00,20.00,20,29,32
6/3/18-9:32:9,145,68,96,57,7,3,35.00,19.00,20,29,32
6/3/18-9:33:10,144,59,117,65,1,0,35.00,19.00,21,32,38
6/3/18-9:34:11,144,65,106,67,5,1,35.00,19.00,21,32,38
6/3/18-9:35:12,145,63,115,72,5,2,35.00,19.00,20,31,38
6/3/18-9:36:13,141,59,117,64,5,2,35.00,19.00,21,32,36
6/3/18-9:37:14,144,60,121,65,4,0,35.00,19.00,22,30,32
6/3/18-9:38:15,145,61,106,59,6,5,35.00,19.00,22,31,33
6/3/18-9:39:16,143,63,123,103,5,0,35.00,19.00,20,32,34
6/3/18-9:40:17,145,61,112,62,5,3,35.00,19.00,20,30,31
6/3/18-9:41:18,144,61,119,76,4,1,35.00,20.00,21,29,29
6/3/18-9:42:19,143,61,119,63,4,1,35.00,19.00,20,29,29
6/3/18-9:43:20,141,55,115,60,4,3,35.00,20.00,22,35,45
6/3/18-9:44:21,142,58,109,53,5,2,35.00,20.00,22,35,45
6/3/18-9:45:22,142,62,119,67,4,1,35.00,20.00,21,30,31
6/3/18-9:46:23,143,60,98,48,3,2,36.00,20.00,21,30,31
6/3/18-9:47:24,144,59,111,64,4,3,35.00,20.00,21,28,31
6/3/18-9:48:25,143,60,99,55,6,3,35.00,19.00,21,28,31
6/3/18-9:49:26,143,60,125,66,5,4,35.00,20.00,19,28,30
6/3/18-9:50:27,144,61,111,66,2,0,35.00,20.00,19,28,30
6/3/18-9:51:28,143,61,113,64,4,3,35.00,20.00,19,29,34
6/3/18-9:52:29,142,61,95,59,2,0,35.00,20.00,19,29,34
6/3/18-9:53:30,142,61,106,67,3,1,35.00,19.00,20,31,35
6/3/18-9:54:31,141,59,101,61,3,1,35.00,19.00,20,31,35
6/3/18-9:55:32,140,60,106,55,4,1,35.00,20.00,20,29,32
6/3/18-9:56:33,142,58,118,59,6,2,35.00,20.00,20,29,32
6/3/18-9:57:34,143,62,117,58,4,1,35.00,20.00,19,25,26
6/3/18-9:58:35,143,63,136,80,5,3,35.00,20.00,20,27,28
6/3/18-9:59:36,143,61,110,60,4,3,35.00,20.00,20,30,33
6/3/18-10:0:37,143,60,102,56,5,3,35.00,20.00,19,29,32
6/3/18-10:1:38,143,62,111,60,2,1,35.00,20.00,20,32,33
6/3/18-10:2:39,141,61,130,88,4,1,36.00,20.00,20,32,33
6/3/18-10:3:40,142,60,110,78,6,2,35.00,20.00,19,32,40
6/3/18-10:4:41,142,59,100,53,4,2,35.00,20.00,19,31,37
6/3/18-10:5:42,144,63,103,59,3,1,35.00,20.00,19,30,33
6/3/18-10:6:43,140,60,131,93,5,4,35.00,20.00,19,28,31
6/3/18-10:7:44,144,60,107,61,6,3,35.00,20.00,13,22,22
6/3/18-10:8:45,140,60,128,55,4,1,35.00,20.00,13,21,21
6/3/18-10:9:46,142,61,124,87,4,4,35.00,20.00,14,19,20
6/3/18-10:10:47,142,61,108,67,4,3,35.00,20.00,14,19,19
6/3/18-10:11:48,141,60,100,61,3,1,35.00,20.00,13,18,23
6/3/18-10:12:49,142,60,97,48,3,2,35.00,20.00,14,18,23
6/3/18-10:13:50,141,60,104,63,5,3,34.00,21.00,12,16,17
6/3/18-10:14:51,143,62,130,71,5,3,34.00,21.00,12,17,19
6/3/18-10:15:52,141,61,91,54,3,2,34.00,21.00,13,19,19
6/3/18-10:16:53,141,60,107,57,4,2,35.00,20.00,13,19,19
6/3/18-10:17:54,141,67,119,73,4,1,36.00,20.00,14,18,20
6/3/18-10:18:55,141,61,102,58,3,2,35.00,20.00,14,19,20
6/3/18-10:19:56,142,60,94,44,4,3,34.00,21.00,13,17,17
6/3/18-10:20:57,142,62,118,72,3,3,34.00,21.00,13,17,17
6/3/18-10:21:58,142,60,117,72,5,1,34.00,21.00,13,18,18
6/3/18-10:22:59,140,62,93,53,4,2,34.00,21.00,13,18,18
6/3/18-10:24:0,143,63,105,65,4,2,34.00,21.00,13,18,18
6/3/18-10:25:1,141,60,117,77,5,2,35.00,20.00,13,18,18
6/3/18-10:26:2,140,58,113,77,5,3,34.00,21.00,13,17,19
6/3/18-10:27:3,141,63,119,61,3,1,35.00,20.00,13,17,19
6/3/18-10:28:4,140,63,107,57,3,0,34.00,21.00,10,13,14
6/3/18-10:29:5,142,60,97,58,6,5,35.00,20.00,9,13,14
6/3/18-10:30:6,141,59,107,51,4,3,35.00,20.00,9,12,12
6/3/18-10:31:7,140,61,110,71,6,1,35.00,20.00,9,12,12
6/3/18-10:32:8,141,62,109,62,3,0,35.00,20.00,10,12,15
6/3/18-10:33:9,139,58,128,64,4,3,34.00,21.00,10,12,15
6/3/18-10:34:10,141,61,120,83,7,1,33.00,21.00,8,11,11
6/3/18-10:35:11,141,61,96,54,4,3,34.00,22.00,7,9,9
6/3/18-10:36:12,140,60,104,50,2,0,34.00,21.00,5,6,7
6/3/18-10:37:13,139,59,112,67,4,1,34.00,21.00,5,6,7
6/3/18-10:38:14,141,60,96,53,4,3,34.00,21.00,6,7,9
6/3/18-10:39:15,138,60,104,62,7,2,34.00,21.00,6,8,9
6/3/18-10:40:16,139,59,105,48,5,3,34.00,22.00,5,7,8
6/3/18-10:41:17,141,62,94,56,5,3,33.00,21.00,5,7,8
6/3/18-10:42:17,140,60,115,65,5,3,34.00,21.00,6,7,9
6/3/18-10:43:18,141,60,104,57,4,3,34.00,21.00,5,7,9
6/3/18-10:44:19,138,59,95,49,3,2,34.00,21.00,5,6,7
6/3/18-10:45:20,141,60,110,60,5,3,34.00,22.00,5,6,7
6/3/18-10:46:21,139,61,120,77,5,0,34.00,22.00,6,9,10
6/3/18-10:47:22,139,59,113,67,4,1,34.00,21.00,7,10,11
6/3/18-10:48:23,139,61,124,66,5,3,34.00,22.00,12,20,23
6/3/18-10:49:24,140,61,111,64,4,1,34.00,22.00,12,20,23
6/3/18-10:50:25,138,61,108,70,3,1,34.00,21.00,8,12,12
6/3/18-10:51:26,139,61,99,57,4,2,34.00,22.00,8,12,12
6/3/18-10:52:27,137,58,127,74,4,4,34.00,22.00,5,7,8
6/3/18-10:53:28,142,60,116,72,2,2,34.00,22.00,5,7,8
6/3/18-10:54:29,139,60,118,68,5,3,34.00,22.00,5,7,8
6/3/18-10:55:30,138,63,116,62,4,3,34.00,22.00,5,6,8
6/3/18-10:56:31,138,61,142,91,4,4,34.00,22.00,5,7,7
6/3/18-10:57:32,141,61,127,68,2,3,34.00,22.00,5,7,7
6/3/18-10:58:33,138,62,101,59,5,1,34.00,22.00,5,7,7
6/3/18-10:59:34,138,60,123,96,4,3,34.00,22.00,5,7,7
6/3/18-11:0:35,139,59,138,78,7,4,34.00,22.00,4,6,7
6/3/18-11:1:36,140,59,106,59,4,3,34.00,22.00,4,6,7
6/3/18-11:2:37,137,60,115,71,4,1,34.00,22.00,5,8,8
6/3/18-11:3:38,139,58,88,47,4,4,34.00,21.00,5,8,8
6/3/18-11:4:39,138,59,134,62,6,1,34.00,22.00,7,9,9
6/3/18-11:5:40,138,60,133,81,6,1,35.00,22.00,7,9,9
6/3/18-11:6:41,137,60,126,74,4,1,34.00,21.00,5,6,7
6/3/18-11:7:42,139,62,122,76,4,3,34.00,22.00,5,6,7
6/3/18-11:8:43,137,62,117,70,3,1,34.00,22.00,5,5,5
6/3/18-11:9:44,137,61,105,65,4,1,34.00,22.00,5,5,5
6/3/18-11:10:45,137,59,99,55,4,2,34.00,22.00,5,8,10
6/3/18-11:11:46,136,55,104,54,3,2,34.00,22.00,5,8,10
6/3/18-11:12:47,140,60,109,62,5,3,34.00,22.00,5,6,6
6/3/18-11:13:48,139,61,113,82,4,3,34.00,22.00,5,6,6
6/3/18-11:14:49,137,57,93,59,4,3,34.00,22.00,7,8,10
6/3/18-11:15:50,139,58,109,58,5,3,34.00,22.00,7,8,10
6/3/18-11:16:51,137,60,109,68,5,1,34.00,22.00,6,7,8
6/3/18-11:17:52,138,62,118,65,4,4,34.00,22.00,6,7,8
6/3/18-11:18:53,137,59,95,58,3,3,34.00,22.00,6,7,7
6/3/18-11:19:54,137,61,108,60,3,1,34.00,22.00,6,7,7
6/3/18-11:20:55,137,60,129,77,5,2,34.00,22.00,6,9,12
6/3/18-11:21:56,136,61,117,59,4,2,34.00,22.00,6,8,10
6/3/18-11:22:57,137,58,150,87,5,2,34.00,22.00,7,9,9
6/3/18-11:23:58,138,59,115,63,4,3,34.00,22.00,7,9,9
6/3/18-11:24:59,138,60,108,62,5,2,34.00,22.00,5,6,6
6/3/18-11:26:0,137,61,110,64,5,3,34.00,22.00,5,7,7
6/3/18-11:27:1,136,58,105,56,4,3,33.00,23.00,7,9,9
6/3/18-11:28:2,140,61,117,64,2,2,34.00,22.00,7,9,9
6/3/18-11:29:3,139,61,129,81,3,2,34.00,22.00,8,10,10
6/3/18-11:30:4,136,59,102,65,5,2,34.00,22.00,8,11,11
6/3/18-11:31:5,135,58,109,66,5,3,34.00,22.00,7,9,9
6/3/18-11:32:6,137,60,126,76,5,2,34.00,22.00,7,9,9
6/3/18-11:33:7,138,59,106,61,4,2,34.00,22.00,8,14,14
6/3/18-11:34:8,137,59,126,63,4,3,34.00,22.00,8,14,14
6/3/18-11:35:9,136,58,135,78,4,3,34.00,22.00,8,10,10
6/3/18-11:36:10,136,60,122,77,4,1,34.00,22.00,8,10,10
6/3/18-11:37:11,138,60,132,66,3,2,34.00,22.00,7,11,12
6/3/18-11:38:12,134,58,111,53,4,1,34.00,22.00,7,11,12
6/3/18-11:39:13,135,62,95,60,4,1,34.00,22.00,7,9,11
6/3/18-11:40:14,134,60,126,78,4,1,34.00,22.00,7,9,11
6/3/18-11:41:15,135,62,124,67,3,1,34.00,22.00,7,10,11
6/3/18-11:42:16,139,58,109,99,3,3,33.00,23.00,7,10,11
6/3/18-11:43:17,135,58,112,57,3,1,33.00,23.00,7,10,10
6/3/18-11:44:18,137,58,102,49,6,5,33.00,23.00,7,11,11
6/3/18-11:45:19,135,59,123,87,4,1,33.00,23.00,8,11,12
6/3/18-11:46:20,136,60,110,71,4,2,34.00,23.00,8,11,12
6/3/18-11:47:21,137,62,144,96,3,1,33.00,23.00,11,12,14
6/3/18-11:48:22,134,60,114,64,6,2,33.00,23.00,11,12,14
6/3/18-11:49:23,136,61,119,91,2,2,33.00,23.00,11,15,18
6/3/18-11:50:24,135,60,93,57,4,1,33.00,23.00,10,14,16
6/3/18-11:51:25,134,59,123,54,3,3,33.00,23.00,9,12,12
6/3/18-11:52:26,137,61,106,63,4,3,33.00,23.00,9,12,12
6/3/18-11:53:27,135,62,107,62,4,2,33.00,23.00,11,15,15
6/3/18-11:54:28,136,60,157,116,5,2,33.00,23.00,11,16,16
6/3/18-11:55:29,134,59,108,50,7,5,33.00,23.00,12,15,16
6/3/18-11:56:30,137,61,99,60,5,2,33.00,23.00,12,15,16
6/3/18-11:57:31,135,61,107,72,4,3,33.00,23.00,12,16,16
6/3/18-11:58:32,135,55,119,76,4,3,33.00,23.00,12,16,16
6/3/18-11:59:33,136,62,93,49,2,3,33.00,23.00,12,16,18
6/3/18-12:0:34,136,60,97,54,4,3,33.00,23.00,12,16,17
6/3/18-12:1:35,134,61,119,72,3,3,33.00,23.00,15,19,22
6/3/18-12:2:36,135,62,114,81,2,0,33.00,23.00,15,19,22
6/3/18-12:3:37,135,60,115,73,5,1,33.00,23.00,14,19,19
6/3/18-12:4:38,135,61,132,78,3,2,33.00,23.00,14,20,20
6/3/18-12:5:39,136,61,92,51,3,1,33.00,23.00,14,19,21
6/3/18-12:6:40,136,61,92,69,3,3,33.00,23.00,14,19,21
6/3/18-12:7:41,137,60,94,69,5,3,33.00,23.00,19,24,25
6/3/18-12:8:42,135,63,108,62,3,3,33.00,23.00,19,24,25
6/3/18-12:9:43,135,60,103,61,5,3,34.00,23.00,18,24,25
6/3/18-12:10:44,133,59,108,58,4,1,33.00,23.00,18,24,25
6/3/18-12:11:45,133,57,118,63,5,3,33.00,23.00,19,25,31
6/3/18-12:12:46,136,59,172,142,4,2,33.00,23.00,19,25,31
6/3/18-12:13:47,135,62,120,70,3,1,33.00,23.00,19,24,25
6/3/18-12:14:48,135,60,92,63,5,3,33.00,23.00,17,23,23
6/3/18-12:15:49,135,59,85,55,5,3,33.00,23.00,20,29,30
6/3/18-12:16:50,133,58,124,50,4,3,33.00,23.00,19,28,31
6/3/18-12:17:51,134,60,100,72,4,2,33.00,23.00,19,26,27
6/3/18-12:18:52,135,61,113,78,5,3,33.00,24.00,19,26,27
6/3/18-12:19:53,134,62,117,56,4,1,33.00,23.00,20,27,27
6/3/18-12:20:54,135,65,81,49,3,3,33.00,23.00,20,27,27
6/3/18-12:21:55,135,61,114,90,4,2,33.00,23.00,19,24,24
6/3/18-12:22:56,134,58,82,44,3,1,33.00,23.00,19,25,25
6/3/18-12:23:57,134,61,125,104,5,1,33.00,23.00,19,25,28
6/3/18-12:24:58,134,62,98,50,4,3,33.00,23.00,19,25,30
6/3/18-12:25:59,133,61,107,65,5,1,33.00,23.00,21,30,34
6/3/18-12:27:0,134,61,121,71,3,3,33.00,23.00,21,30,33
6/3/18-12:28:1,133,61,139,85,3,2,33.00,23.00,22,30,30
6/3/18-12:29:2,133,63,123,103,3,4,33.00,23.00,22,30,30
6/3/18-12:30:3,133,61,90,60,3,1,33.00,23.00,23,32,38
6/3/18-12:31:4,134,62,112,76,3,2,33.00,23.00,23,32,37
6/3/18-12:32:5,131,60,116,81,5,2,33.00,23.00,26,35,41
6/3/18-12:33:6,135,60,90,46,4,3,33.00,23.00,26,35,41
6/3/18-12:34:7,135,60,123,76,4,3,33.00,23.00,24,35,38
6/3/18-12:35:8,135,59,94,60,3,2,33.00,23.00,24,35,38
6/3/18-12:36:9,135,60,81,53,5,3,33.00,23.00,26,35,39
6/3/18-12:37:10,133,58,95,66,4,3,33.00,23.00,25,35,39
6/3/18-12:38:11,133,61,133,99,3,2,33.00,23.00,27,36,41
6/3/18-12:39:12,135,62,99,54,4,2,33.00,23.00,27,36,42
6/3/18-12:40:13,134,60,104,58,4,0,33.00,23.00,24,33,36
6/3/18-12:41:14,132,58,85,51,4,3,33.00,23.00,24,33,36
6/3/18-12:42:15,134,60,88,56,5,2,33.00,23.00,20,28,31
6/3/18-12:43:16,133,60,97,60,4,1,33.00,23.00,20,28,31
6/3/18-12:44:17,134,61,147,100,4,2,33.00,23.00,20,28,31
6/3/18-12:45:18,133,61,90,48,2,2,33.00,24.00,22,31,35
6/3/18-12:46:19,134,62,101,63,4,1,32.00,24.00,21,29,31
6/3/18-12:47:20,134,62,97,62,3,1,32.00,25.00,21,33,37
6/3/18-12:48:21,132,61,110,79,4,1,33.00,23.00,21,33,37
6/3/18-12:49:22,133,62,95,62,3,1,34.00,23.00,20,31,32
6/3/18-12:50:23,131,58,129,87,3,3,33.00,23.00,20,31,32
6/3/18-12:51:24,134,61,126,85,3,2,32.00,24.00,22,30,33
6/3/18-12:52:25,133,66,102,75,4,2,33.00,23.00,22,30,33
6/3/18-12:53:26,133,60,97,61,5,3,33.00,23.00,20,28,28
6/3/18-12:54:27,134,60,109,57,3,1,33.00,23.00,20,28,28
6/3/18-12:55:28,133,59,79,51,4,1,33.00,23.00,23,33,37
6/3/18-12:56:29,132,60,106,64,6,3,33.00,23.00,23,33,37
6/3/18-12:57:30,132,61,96,69,4,2,33.00,23.00,19,29,30
6/3/18-12:58:31,134,61,90,55,1,1,33.00,23.00,19,29,30
6/3/18-12:59:32,133,61,105,71,3,1,33.00,24.00,17,20,21
6/3/18-13:0:33,132,62,103,63,5,1,33.00,24.00,17,20,21
6/3/18-13:1:34,133,60,82,47,5,3,34.00,24.00,15,26,26
6/3/18-13:2:35,134,60,99,58,7,2,33.00,24.00,15,26,26
6/3/18-13:3:36,135,60,109,65,2,2,33.00,23.00,15,24,25
6/3/18-13:4:37,130,60,91,50,4,2,33.00,23.00,15,24,25
6/3/18-13:5:38,134,62,117,65,3,2,32.00,23.00,19,26,27
6/3/18-13:6:39,132,60,102,61,5,2,33.00,24.00,19,26,27
6/3/18-13:7:40,134,56,100,69,4,1,33.00,24.00,20,24,24
6/3/18-13:8:41,135,60,93,59,3,3,33.00,23.00,20,24,24
6/3/18-13:9:42,132,60,80,55,5,4,33.00,23.00,21,33,37
6/3/18-13:10:43,133,61,78,50,5,2,33.00,23.00,21,33,37
6/3/18-13:11:44,132,60,106,74,4,2,33.00,23.00,21,28,30
6/3/18-13:12:45,133,60,102,66,2,1,33.00,23.00,21,28,30
6/3/18-13:13:46,135,59,102,77,4,3,33.00,24.00,23,32,36
6/3/18-13:14:47,131,61,112,74,4,4,33.00,23.00,23,32,36
6/3/18-13:15:48,132,61,82,53,2,1,32.00,24.00,23,33,35
6/3/18-13:16:49,132,60,134,87,5,3,33.00,23.00,23,33,36
6/3/18-13:17:50,131,55,146,110,5,2,33.00,23.00,22,31,33
6/3/18-13:18:51,134,60,122,85,4,4,33.00,23.00,22,31,33
6/3/18-13:19:52,132,60,109,71,6,1,33.00,24.00,20,25,26
6/3/18-13:20:53,134,63,111,73,3,2,33.00,24.00,20,25,26
6/3/18-13:21:54,133,63,111,68,3,1,33.00,24.00,21,28,29
6/3/18-13:22:55,133,61,106,77,4,3,34.00,24.00,21,28,29
6/3/18-13:23:56,133,61,112,79,4,1,33.00,24.00,20,29,30
6/3/18-13:24:57,131,59,99,96,5,3,33.00,24.00,20,29,30
6/3/18-13:25:58,132,61,90,59,4,1,33.00,23.00,21,29,31
6/3/18-13:26:59,135,61,94,62,3,2,33.00,24.00,21,29,31
6/3/18-13:28:0,132,60,113,60,3,4,33.00,24.00,18,26,26
6/3/18-13:29:0,132,62,89,61,3,0,33.00,24.00,19,27,28
6/3/18-13:30:1,131,60,89,48,3,2,33.00,23.00,21,27,27
6/3/18-13:31:2,132,61,137,82,5,1,33.00,24.00,21,27,27
6/3/18-13:32:3,131,60,107,81,3,1,33.00,24.00,20,27,27
6/3/18-13:33:4,132,61,108,74,3,1,33.00,23.00,20,27,27
6/3/18-13:34:5,134,59,107,68,2,2,33.00,24.00,20,29,29
6/3/18-13:35:6,134,60,106,66,5,4,34.00,24.00,20,29,29
6/3/18-13:36:7,132,60,86,50,7,5,33.00,24.00,20,26,26
6/3/18-13:37:8,133,61,120,89,4,3,32.00,23.00,20,26,26
6/3/18-13:38:9,131,66,119,90,4,3,33.00,23.00,19,29,29
6/3/18-13:39:10,131,60,101,62,5,2,34.00,24.00,18,28,28
6/3/18-13:40:11,131,59,105,57,5,4,33.00,24.00,18,26,27
6/3/18-13:41:12,133,62,115,60,4,1,32.00,24.00,18,26,27
6/3/18-13:42:13,131,60,120,74,5,2,33.00,24.00,20,28,29
6/3/18-13:43:14,131,59,96,53,6,4,33.00,24.00,20,28,29
6/3/18-13:44:15,130,60,101,68,3,3,33.00,24.00,21,30,31
6/3/18-13:45:16,132,62,90,56,3,1,33.00,24.00,20,30,32
6/3/18-13:46:17,134,61,108,57,5,3,33.00,24.00,19,24,26
6/3/18-13:47:18,133,64,107,73,5,3,33.00,24.00,19,24,26
6/3/18-13:48:19,131,61,104,56,3,2,33.00,24.00,20,28,28
6/3/18-13:49:20,133,59,120,72,3,1,32.00,24.00,20,28,28
6/3/18-13:50:21,132,60,98,61,4,1,33.00,24.00,19,28,31
6/3/18-13:51:22,132,60,112,93,4,4,33.00,24.00,19,28,31
6/3/18-13:52:23,132,61,130,69,5,2,33.00,24.00,17,23,23
6/3/18-13:53:24,132,63,106,70,4,3,33.00,24.00,17,23,23
6/3/18-13:54:25,130,61,113,61,6,1,33.00,24.00,19,24,24
6/3/18-13:55:26,130,59,117,71,5,3,33.00,24.00,19,24,24
6/3/18-13:56:27,130,60,113,60,4,1,31.00,25.00,19,26,26
6/3/18-13:57:28,131,60,126,77,4,3,32.00,25.00,19,26,26
6/3/18-13:58:29,132,61,110,64,4,1,32.00,25.00,18,24,24
6/3/18-13:59:30,130,59,117,64,4,3,32.00,25.00,18,24,24
6/3/18-14:0:31,132,60,103,69,4,2,33.00,24.00,18,25,27
6/3/18-14:1:32,129,61,101,63,3,1,32.00,25.00,18,25,28
6/3/18-14:2:33,132,62,105,62,4,1,33.00,24.00,16,20,22
6/3/18-14:3:34,131,61,98,58,3,3,32.00,25.00,15,20,21
6/3/18-14:4:35,130,62,100,61,5,3,33.00,24.00,17,23,23
6/3/18-14:5:36,133,63,117,119,3,1,33.00,24.00,17,22,22
6/3/18-14:6:37,132,61,112,76,8,3,33.00,24.00,18,23,25
6/3/18-14:7:38,131,61,103,72,2,2,33.00,24.00,17,24,25
6/3/18-14:8:39,131,60,96,47,5,3,33.00,24.00,19,27,29
6/3/18-14:9:40,132,61,113,82,3,2,33.00,24.00,19,27,29
6/3/18-14:10:41,131,62,98,61,4,3,33.00,24.00,20,27,27
6/3/18-14:11:42,130,58,96,51,3,3,33.00,24.00,20,27,27
6/3/18-14:12:43,134,60,96,67,4,3,33.00,24.00,19,28,30
6/3/18-14:13:44,130,59,92,54,3,2,33.00,24.00,19,27,29
6/3/18-14:14:45,133,63,122,71,4,3,33.00,24.00,19,25,27
6/3/18-14:15:46,130,61,105,66,6,1,33.00,24.00,19,25,26
6/3/18-14:16:47,133,60,113,68,3,3,32.00,25.00,20,28,30
6/3/18-14:17:48,132,62,97,62,5,3,33.00,24.00,20,28,30
6/3/18-14:18:49,131,61,93,64,2,3,33.00,24.00,19,25,25
6/3/18-14:19:50,130,60,92,59,3,1,33.00,24.00,20,26,26
6/3/18-14:20:51,132,64,111,70,5,2,33.00,24.00,19,24,24
6/3/18-14:21:52,132,61,93,63,4,3,33.00,24.00,19,24,24
6/3/18-14:22:53,131,61,93,62,5,3,33.00,24.00,20,25,26
6/3/18-14:23:54,132,60,123,84,6,4,33.00,24.00,20,25,26
6/3/18-14:24:55,130,63,101,72,4,3,33.00,24.00,19,29,30
6/3/18-14:25:56,128,61,111,77,7,2,34.00,24.00,20,30,32
6/3/18-14:26:57,130,55,94,63,4,0,31.00,24.00,20,25,27
6/3/18-14:27:58,131,63,93,62,1,0,33.00,24.00,20,25,27
6/3/18-14:28:59,133,63,98,64,4,2,33.00,24.00,19,27,27
6/3/18-14:30:0,133,59,115,66,4,3,33.00,24.00,19,27,27
6/3/18-14:31:1,133,62,115,80,3,2,32.00,25.00,20,28,33
6/3/18-14:32:2,131,60,122,118,4,1,34.00,24.00,19,27,32
6/3/18-14:33:3,130,60,123,96,3,2,33.00,24.00,20,28,28
6/3/18-14:34:4,132,61,89,57,4,3,33.00,24.00,20,28,28
6/3/18-14:35:5,131,69,109,76,2,0,33.00,24.00,18,24,24
6/3/18-14:36:6,129,61,100,69,5,2,32.00,25.00,18,24,24
6/3/18-14:37:7,133,62,92,62,4,3,33.00,24.00,19,28,28
6/3/18-14:38:8,130,61,98,69,6,2,33.00,24.00,19,28,28
6/3/18-14:39:9,130,59,93,52,4,2,33.00,24.00,19,26,30
6/3/18-14:40:10,130,60,111,67,5,1,33.00,24.00,19,26,30
6/3/18-14:41:11,131,60,110,55,4,3,33.00,24.00,15,26,27
6/3/18-14:42:12,130,63,97,69,3,1,33.00,24.00,15,26,27
6/3/18-14:43:13,132,61,108,69,3,2,32.00,25.00,20,27,27
6/3/18-14:44:14,128,61,103,62,5,2,32.00,25.00,20,27,27
6/3/18-14:45:15,131,64,100,70,3,2,32.00,25.00,19,27,28
6/3/18-14:46:16,129,61,107,49,5,2,32.00,25.00,19,27,28
6/3/18-14:47:17,131,64,110,70,3,1,33.00,24.00,20,26,27
6/3/18-14:48:18,131,61,96,61,5,2,33.00,24.00,20,25,26
6/3/18-14:49:19,128,61,93,59,5,2,33.00,24.00,20,30,32
6/3/18-14:50:20,132,62,150,105,5,3,31.00,25.00,20,30,33
6/3/18-14:51:21,131,65,104,55,2,0,32.00,25.00,20,30,30
6/3/18-14:52:22,131,66,102,70,4,3,32.00,25.00,20,30,30
6/3/18-14:53:23,131,60,92,56,5,3,32.00,25.00,19,23,27
6/3/18-14:54:24,130,63,108,61,5,2,32.00,25.00,19,23,27
6/3/18-14:55:25,129,58,99,66,2,0,32.00,25.00,18,27,27
6/3/18-14:56:26,130,62,101,60,2,3,32.00,25.00,18,27,27
6/3/18-14:57:27,129,62,116,60,3,2,32.00,25.00,18,23,23
6/3/18-14:58:28,131,62,125,88,3,1,32.00,25.00,18,23,23
6/3/18-14:59:29,130,60,102,66,2,1,32.00,25.00,17,21,25
6/3/18-15:0:30,128,60,101,54,6,3,32.00,25.00,17,21,25
6/3/18-15:1:31,131,62,96,80,3,1,32.00,25.00,17,21,22
6/3/18-15:2:32,128,60,85,48,7,3,32.00,25.00,17,21,22
6/3/18-15:3:33,128,60,84,50,5,4,33.00,24.00,18,26,27
6/3/18-15:4:34,131,62,109,65,5,3,32.00,24.00,18,27,30
6/3/18-15:5:35,132,63,116,79,3,2,32.00,25.00,17,21,26
6/3/18-15:6:36,129,61,126,92,4,3,32.00,25.00,17,21,26
6/3/18-15:7:37,131,62,88,54,5,3,32.00,25.00,15,22,24
6/3/18-15:8:38,132,63,111,67,4,0,32.00,25.00,15,22,24
6/3/18-15:9:39,130,65,116,81,4,1,33.00,25.00,15,22,25
6/3/18-15:10:40,128,62,100,60,5,2,32.00,25.00,16,22,25
6/3/18-15:11:41,129,61,112,80,5,3,32.00,25.00,15,22,22
6/3/18-15:12:42,129,63,101,64,3,1,32.00,25.00,15,22,22
6/3/18-15:13:43,129,64,104,73,3,2,32.00,25.00,13,18,19
6/3/18-15:14:44,131,62,96,52,3,2,32.00,25.00,13,18,19
6/3/18-15:15:45,131,62,95,56,2,2,32.00,25.00,14,20,21
6/3/18-15:16:46,130,63,127,76,4,1,32.00,25.00,14,20,21
6/3/18-15:17:47,129,64,109,66,3,3,32.00,25.00,15,18,18
6/3/18-15:18:48,129,62,101,61,5,4,32.00,25.00,15,18,18
6/3/18-15:19:49,131,70,98,56,3,3,32.00,25.00,13,18,18
6/3/18-15:20:50,132,62,140,84,4,1,32.00,25.00,13,18,18
6/3/18-15:21:51,129,57,95,56,3,2,32.00,25.00,13,17,17
6/3/18-15:22:52,130,64,126,78,4,3,32.00,25.00,13,17,17
6/3/18-15:23:53,130,63,144,91,3,3,32.00,25.00,12,19,19
6/3/18-15:24:54,128,63,98,56,5,1,32.00,25.00,12,19,19
6/3/18-15:25:55,129,69,143,126,3,2,32.00,25.00,12,19,20
6/3/18-15:26:56,128,61,116,45,5,2,32.00,25.00,12,19,20
6/3/18-15:27:57,129,63,78,49,3,2,32.00,25.00,11,18,18
6/3/18-15:28:58,128,63,111,63,4,2,32.00,25.00,11,17,17
6/3/18-15:29:59,130,61,88,49,3,2,32.00,25.00,11,16,19
6/3/18-15:31:0,130,62,96,56,4,2,32.00,25.00,11,16,19
6/3/18-15:32:1,130,63,101,64,5,3,32.00,25.00,10,12,13
6/3/18-15:33:2,130,64,119,103,4,2,32.00,25.00,10,12,12
6/3/18-15:34:3,128,61,92,50,6,3,32.00,25.00,10,13,13
6/3/18-15:35:4,130,63,89,53,3,2,32.00,25.00,11,14,14
6/3/18-15:36:5,128,62,104,72,5,2,32.00,25.00,10,14,14
6/3/18-15:37:6,127,63,117,63,4,2,32.00,25.00,10,14,14
6/3/18-15:38:7,130,65,108,57,5,2,32.00,25.00,10,13,13
6/3/18-15:39:8,129,63,110,67,4,1,32.00,25.00,10,13,13
6/3/18-15:40:9,129,61,89,59,5,3,32.00,25.00,9,16,17
6/3/18-15:41:10,131,57,110,63,2,0,32.00,25.00,9,16,17
6/3/18-15:42:11,130,64,95,54,4,3,32.00,25.00,9,13,13
6/3/18-15:43:12,129,62,107,72,4,1,32.00,25.00,9,13,13
6/3/18-15:44:13,130,62,106,63,5,3,32.00,25.00,7,10,10
6/3/18-15:45:14,130,63,138,76,5,2,32.00,25.00,7,10,10
6/3/18-15:46:15,130,62,103,71,5,3,32.00,25.00,8,10,11
6/3/18-15:47:16,127,61,99,46,4,4,32.00,26.00,8,10,11
6/3/18-15:48:17,130,63,119,67,5,4,32.00,26.00,8,11,11
6/3/18-15:49:18,129,63,103,64,2,1,32.00,25.00,8,11,11
6/3/18-15:50:19,131,62,111,77,4,4,32.00,25.00,9,13,13
6/3/18-15:51:20,127,63,125,72,3,3,32.00,25.00,9,13,13
6/3/18-15:52:21,128,63,102,61,5,1,31.00,25.00,9,12,12
6/3/18-15:53:22,128,64,105,60,3,2,32.00,25.00,9,12,12
6/3/18-15:54:23,128,63,143,91,5,3,32.00,26.00,9,11,11
6/3/18-15:55:24,126,61,131,75,7,4,32.00,25.00,9,11,11
6/3/18-15:56:25,128,63,113,71,4,3,32.00,25.00,8,10,13
6/3/18-15:57:26,128,61,109,61,5,1,32.00,25.00,8,10,13
6/3/18-15:58:27,128,63,100,67,3,1,32.00,26.00,8,10,12
6/3/18-15:59:28,129,63,129,56,3,2,32.00,26.00,8,10,12
6/3/18-16:0:29,130,66,119,65,3,2,32.00,26.00,6,8,8
6/3/18-16:1:30,129,65,130,88,4,3,32.00,25.00,7,8,8
6/3/18-16:2:31,128,63,112,65,4,1,32.00,25.00,7,11,11
6/3/18-16:3:32,129,62,102,51,3,3,32.00,25.00,7,11,11
6/3/18-16:4:33,128,64,106,65,3,1,32.00,25.00,7,9,9
6/3/18-16:5:34,131,67,143,104,3,3,32.00,25.00,7,9,9
6/3/18-16:6:35,129,63,131,114,5,3,32.00,25.00,7,10,10
6/3/18-16:7:36,130,61,133,86,5,3,32.00,25.00,7,10,10
6/3/18-16:8:37,129,62,99,61,3,2,32.00,26.00,7,9,11
6/3/18-16:9:38,129,61,126,75,5,2,32.00,26.00,7,8,10
6/3/18-16:10:39,128,66,136,82,4,1,32.00,26.00,7,8,10
6/3/18-16:11:40,128,61,129,71,4,3,32.00,25.00,6,7,9
6/3/18-16:12:41,129,63,99,58,5,3,32.00,26.00,5,7,7
6/3/18-16:13:42,127,64,135,74,4,1,32.00,25.00,5,7,7
6/3/18-16:14:43,128,63,131,75,3,2,32.00,25.00,6,9,10
6/3/18-16:15:44,129,63,116,77,4,3,32.00,25.00,6,9,10
6/3/18-16:16:45,128,63,99,61,5,0,32.00,25.00,6,8,8
6/3/18-16:17:46,126,60,85,46,4,3,32.00,25.00,6,8,8
6/3/18-16:18:47,130,62,118,91,4,3,32.00,25.00,6,8,8
6/3/18-16:19:48,129,63,97,56,4,1,33.00,25.00,6,8,8
6/3/18-16:20:49,128,61,130,64,5,3,32.00,26.00,6,9,10
6/3/18-16:21:50,128,63,119,70,3,1,32.00,25.00,6,9,10
6/3/18-16:22:51,128,62,125,79,4,1,31.00,25.00,4,6,8
6/3/18-16:23:52,129,62,118,62,7,3,32.00,26.00,4,6,8
6/3/18-16:24:53,128,64,99,55,4,3,32.00,26.00,5,8,10
6/3/18-16:25:54,128,57,108,57,5,2,32.00,26.00,5,8,10
6/3/18-16:26:55,131,67,119,64,3,2,32.00,26.00,6,7,7
6/3/18-16:27:56,130,63,111,67,2,3,32.00,25.00,6,7,7
6/3/18-16:28:57,130,65,108,63,3,1,32.00,25.00,6,7,8
6/3/18-16:29:58,126,60,119,67,6,5,32.00,26.00,6,7,8
6/3/18-16:30:59,126,58,137,71,4,1,32.00,25.00,5,6,7
6/3/18-16:32:0,130,67,101,60,2,1,32.00,25.00,6,7,8
6/3/18-16:33:1,129,66,140,85,3,2,32.00,25.00,5,7,7
6/3/18-16:34:2,127,62,111,54,3,2,32.00,25.00,5,7,7
6/3/18-16:35:3,131,64,124,141,6,2,32.00,25.00,6,8,10
6/3/18-16:36:4,128,65,127,74,5,1,32.00,25.00,6,8,10
6/3/18-16:37:5,126,63,119,74,4,1,32.00,25.00,4,5,6
6/3/18-16:38:6,127,63,103,53,4,3,32.00,26.00,4,5,6
6/3/18-16:39:7,128,64,112,59,4,2,32.00,26.00,4,7,7
6/3/18-16:40:8,128,65,114,74,4,3,32.00,26.00,5,8,9
6/3/18-16:41:9,128,67,137,101,5,2,32.00,25.00,5,8,12
6/3/18-16:42:10,128,61,104,45,5,3,32.00,26.00,5,8,12
6/3/18-16:43:11,128,63,112,63,5,1,32.00,26.00,4,5,6
6/3/18-16:44:12,128,63,113,60,4,1,32.00,26.00,4,6,6
6/3/18-16:45:13,128,62,113,64,4,1,32.00,26.00,4,5,5
6/3/18-16:46:14,129,62,130,70,4,2,32.00,25.00,4,5,5
6/3/18-16:47:15,130,62,138,79,4,3,32.00,26.00,4,5,9
6/3/18-16:48:16,130,63,115,67,4,2,32.00,26.00,4,6,9
6/3/18-16:49:17,127,62,114,70,4,2,32.00,26.00,5,7,8
6/3/18-16:50:18,129,63,128,71,5,2,32.00,25.00,5,7,8
6/3/18-16:51:19,127,65,107,63,4,1,32.00,26.00,4,5,5
6/3/18-16:52:20,129,64,121,61,5,3,32.00,26.00,6,7,7
6/3/18-16:53:21,125,57,105,60,5,4,32.00,26.00,6,7,9
6/3/18-16:54:22,127,63,138,74,4,2,32.00,26.00,6,7,9
6/3/18-16:55:23,129,64,99,55,5,3,32.00,26.00,5,7,9
6/3/18-16:56:24,127,62,109,64,4,3,32.00,26.00,5,7,7
6/3/18-16:57:25,126,66,151,65,4,4,32.00,26.00,4,5,7
6/3/18-16:58:26,128,63,106,59,5,1,32.00,26.00,5,6,8
6/3/18-16:59:27,128,63,133,85,6,2,33.00,26.00,6,9,9
6/3/18-17:0:28,128,62,129,99,5,1,32.00,26.00,6,8,8
6/3/18-17:1:29,127,59,110,52,4,2,32.00,26.00,3,5,5
6/3/18-17:2:30,128,63,104,72,5,2,31.00,26.00,3,5,5
6/3/18-17:3:31,128,63,122,66,4,1,32.00,26.00,4,7,7
6/3/18-17:4:32,127,63,125,74,4,3,32.00,26.00,4,7,7
6/3/18-17:5:33,126,61,109,72,6,4,32.00,26.00,4,6,10
6/3/18-17:6:34,128,65,106,56,4,1,32.00,26.00,4,6,10
6/3/18-17:7:34,128,63,121,93,6,1,32.00,26.00,3,4,4
6/3/18-17:8:35,128,66,123,64,3,2,32.00,26.00,3,4,4
6/3/18-17:9:36,127,62,112,55,4,2,32.00,26.00,4,5,5
6/3/18-17:10:37,127,63,129,59,4,2,32.00,26.00,4,5,5
6/3/18-17:11:38,126,62,117,63,5,2,32.00,26.00,4,5,6
6/3/18-17:12:39,126,61,127,72,4,1,32.00,26.00,4,5,6
6/3/18-17:13:40,127,63,107,56,3,3,32.00,26.00,5,6,8
6/3/18-17:14:41,127,62,103,71,4,1,32.00,26.00,5,6,8
6/3/18-17:15:42,128,63,117,71,4,1,32.00,26.00,4,6,6
6/3/18-17:16:43,127,65,118,101,3,3,32.00,26.00,3,5,5
6/3/18-17:17:44,126,62,146,67,3,2,32.00,26.00,3,4,4
6/3/18-17:18:45,127,58,120,66,3,3,32.00,26.00,3,4,4
6/3/18-17:19:46,128,63,123,65,5,1,32.00,26.00,4,6,6
6/3/18-17:20:47,127,63,105,62,4,2,32.00,26.00,4,6,6
6/3/18-17:21:48,127,63,102,62,2,2,32.00,26.00,3,4,5
6/3/18-17:22:49,126,61,105,67,4,1,32.00,26.00,4,5,6
6/3/18-17:23:50,127,64,125,77,4,3,32.00,26.00,3,4,4
6/3/18-17:24:51,126,61,99,56,2,4,32.00,26.00,3,4,4
6/3/18-17:25:52,129,63,119,73,5,3,32.00,26.00,3,5,7
6/3/18-17:26:53,126,61,116,63,4,1,32.00,26.00,4,5,8
6/3/18-17:27:54,126,70,129,67,4,1,32.00,26.00,3,5,5
6/3/18-17:28:55,126,60,94,47,4,3,32.00,26.00,3,5,5
6/3/18-17:29:56,129,62,104,71,5,2,32.00,26.00,3,5,8
6/3/18-17:30:57,127,63,116,69,5,3,32.00,25.00,3,5,8
6/3/18-17:31:58,129,69,120,86,2,2,32.00,26.00,3,5,5
6/3/18-17:32:59,127,65,127,75,3,2,32.00,26.00,3,5,5
6/3/18-17:34:0,125,62,137,77,4,1,32.00,26.00,3,4,4
6/3/18-17:35:1,126,63,106,64,6,1,32.00,26.00,3,4,5
6/3/18-17:36:2,126,69,110,57,3,1,32.00,26.00,2,3,3
6/3/18-17:37:3,126,63,113,63,5,3,32.00,26.00,2,3,3
6/3/18-17:38:4,127,65,118,68,3,1,31.00,27.00,3,4,4
6/3/18-17:39:5,126,63,122,79,6,3,31.00,27.00,3,4,4
6/3/18-17:40:6,127,62,108,50,4,2,32.00,26.00,3,5,5
6/3/18-17:41:7,127,64,131,68,5,3,32.00,26.00,4,6,6
6/3/18-17:42:8,127,65,144,69,4,1,32.00,26.00,4,5,5
6/3/18-17:43:9,127,64,115,69,4,3,31.00,27.00,4,4,4
6/3/18-17:44:10,125,60,117,75,5,3,31.00,27.00,5,7,7
6/3/18-17:45:11,125,63,119,70,4,3,31.00,27.00,5,7,7
6/3/18-17:46:12,126,64,153,104,4,3,31.00,27.00,4,4,4
6/3/18-17:47:13,124,63,114,74,7,1,31.00,27.00,4,4,4
6/3/18-17:48:14,126,63,121,70,5,3,31.00,27.00,4,5,5
6/3/18-17:49:15,127,62,120,71,5,3,31.00,28.00,4,5,5
6/3/18-17:50:16,126,59,154,114,7,2,31.00,28.00,4,5,5
6/3/18-17:51:17,126,64,147,73,5,3,31.00,28.00,4,4,4
6/3/18-17:52:18,124,61,141,75,6,3,31.00,28.00,2,3,3
6/3/18-17:53:19,127,64,127,66,5,3,31.00,28.00,3,4,4
6/3/18-17:54:20,124,64,133,76,5,3,31.00,28.00,4,5,8
6/3/18-17:55:21,124,64,161,99,5,3,30.00,28.00,4,5,8
6/3/18-17:56:22,124,62,113,52,4,4,31.00,28.00,3,4,5
6/3/18-17:57:23,126,64,121,68,5,3,31.00,27.00,3,4,5
6/3/18-17:58:24,124,64,141,85,4,3,31.00,27.00,4,5,6
6/3/18-17:59:25,124,63,113,58,6,3,31.00,28.00,4,5,6
6/3/18-18:0:26,127,62,106,56,3,2,31.00,27.00,3,4,4
6/3/18-18:1:27,126,65,118,99,4,3,32.00,26.00,3,4,4
6/3/18-18:2:28,127,62,128,68,5,1,31.00,27.00,3,3,3
6/3/18-18:3:29,125,63,109,60,5,0,31.00,27.00,3,3,3
6/3/18-18:4:30,125,65,120,65,4,3,31.00,27.00,3,5,5
6/3/18-18:5:31,124,62,132,82,5,3,31.00,28.00,3,5,5
6/3/18-18:6:32,124,70,123,70,4,1,31.00,27.00,4,6,6
6/3/18-18:7:33,124,63,119,76,6,1,31.00,28.00,4,5,5
6/3/18-18:8:34,125,62,112,54,4,3,31.00,28.00,3,5,9
6/3/18-18:9:35,124,63,113,71,4,1,31.00,28.00,3,5,9
6/3/18-18:10:36,124,63,117,61,3,1,31.00,27.00,4,5,5
6/3/18-18:11:37,124,64,118,67,5,2,31.00,27.00,4,5,5
6/3/18-18:12:38,122,61,108,55,5,4,31.00,27.00,3,4,4
6/3/18-18:13:39,126,64,110,66,5,3,31.00,28.00,3,4,4
6/3/18-18:14:40,125,65,134,74,4,3,31.00,27.00,3,4,4
6/3/18-18:15:41,123,62,121,81,4,3,31.00,28.00,4,5,5
6/3/18-18:16:42,124,61,118,52,5,3,31.00,28.00,3,3,3
6/3/18-18:17:43,123,65,127,67,5,1,31.00,27.00,3,3,3
6/3/18-18:18:44,123,63,119,62,5,2,31.00,28.00,3,4,4
6/3/18-18:19:45,124,63,111,76,4,2,31.00,28.00,2,4,4
6/3/18-18:20:46,122,61,109,61,5,3,31.00,27.00,2,3,3
6/3/18-18:21:47,125,63,110,64,4,2,31.00,27.00,2,3,3
6/3/18-18:22:48,125,60,110,57,8,3,31.00,27.00,3,6,6
6/3/18-18:23:49,126,64,144,79,5,3,31.00,27.00,3,6,6
6/3/18-18:24:50,123,62,134,64,4,2,31.00,27.00,3,5,7
6/3/18-18:25:51,126,64,123,67,4,3,31.00,27.00,3,5,7
6/3/18-18:26:52,122,63,131,68,5,2,31.00,28.00,4,6,6
6/3/18-18:27:53,123,63,136,93,8,2,31.00,27.00,4,6,6
6/3/18-18:28:54,122,61,120,60,5,3,31.00,28.00,2,3,3
6/3/18-18:29:55,124,62,134,81,4,1,31.00,27.00,3,4,4
6/3/18-18:30:56,123,63,129,72,5,3,31.00,27.00,2,4,4
6/3/18-18:31:57,123,64,122,64,6,1,31.00,27.00,2,4,4
6/3/18-18:32:58,121,67,120,75,6,3,31.00,28.00,2,3,3
6/3/18-18:33:59,125,67,166,102,4,2,31.00,27.00,2,3,3
6/3/18-18:35:0,125,63,121,72,4,2,31.00,27.00,3,4,7
6/3/18-18:36:1,123,64,106,59,5,3,31.00,28.00,3,4,6
6/3/18-18:37:2,123,62,122,59,4,3,31.00,28.00,3,4,4
6/3/18-18:38:3,124,65,119,63,4,1,29.00,28.00,3,4,4
6/3/18-18:39:4,124,69,122,76,4,3,31.00,27.00,3,4,4
6/3/18-18:40:5,124,65,131,68,3,2,31.00,28.00,3,4,4
6/3/18-18:41:6,122,62,124,92,4,2,31.00,28.00,3,4,4
6/3/18-18:42:7,126,65,131,67,4,2,30.00,28.00,3,4,4
6/3/18-18:43:8,124,64,121,65,4,2,31.00,27.00,3,4,4
6/3/18-18:44:9,123,63,128,71,4,2,31.00,27.00,3,4,4
6/3/18-18:45:10,122,61,122,69,5,3,31.00,28.00,3,4,5
6/3/18-18:46:11,124,63,111,68,4,2,31.00,28.00,3,4,5
6/3/18-18:47:12,124,65,123,91,4,1,32.00,28.00,3,5,8
6/3/18-18:48:13,122,62,108,64,2,1,31.00,27.00,3,5,8
6/3/18-18:49:14,120,62,106,51,5,3,31.00,27.00,3,3,3
6/3/18-18:50:15,124,68,110,61,4,1,30.00,28.00,3,3,3
6/3/18-18:51:16,124,63,142,69,5,2,32.00,28.00,2,3,3
6/3/18-18:52:17,123,63,118,70,4,3,31.00,28.00,2,4,4
6/3/18-18:53:18,120,62,112,54,6,3,31.00,28.00,3,4,4
6/3/18-18:54:19,124,63,118,64,5,4,31.00,28.00,2,3,3
6/3/18-18:55:20,122,64,110,77,5,3,31.00,28.00,3,3,3
6/3/18-18:56:21,121,62,113,70,5,2,31.00,28.00,3,3,3
6/3/18-18:57:22,120,61,120,75,4,3,31.00,28.00,3,4,4
6/3/18-18:58:23,124,64,124,85,5,1,31.00,27.00,3,4,4
6/3/18-18:59:24,123,62,124,64,3,1,31.00,28.00,2,3,3
6/3/18-19:0:25,122,63,131,77,6,1,31.00,27.00,2,3,3
6/3/18-19:1:26,123,60,107,69,5,4,31.00,27.00,3,4,6
6/3/18-19:2:27,125,65,117,70,4,2,31.00,27.00,3,4,6
6/3/18-19:3:28,122,62,111,63,5,3,32.00,26.00,3,4,4
6/3/18-19:4:29,124,64,125,72,5,3,31.00,27.00,3,3,3
6/3/18-19:5:30,123,63,100,57,4,2,32.00,26.00,2,4,7
6/3/18-19:6:31,123,62,113,68,4,1,31.00,27.00,2,4,7
6/3/18-19:7:32,124,67,123,77,4,3,32.00,26.00,3,4,5
6/3/18-19:8:33,122,63,123,71,6,3,32.00,26.00,3,4,5
6/3/18-19:9:34,124,63,103,53,4,3,32.00,26.00,3,5,5
6/3/18-19:10:35,126,63,124,67,4,1,32.00,26.00,3,5,5
6/3/18-19:11:36,125,61,131,74,6,3,32.00,26.00,1,3,3
6/3/18-19:12:37,126,68,119,65,3,0,32.00,26.00,2,3,3
6/3/18-19:13:38,124,60,100,60,3,3,32.00,26.00,2,4,4
6/3/18-19:14:39,126,63,129,67,6,1,32.00,26.00,2,4,4
6/3/18-19:15:40,127,64,120,68,4,3,32.00,26.00,3,4,5
6/3/18-19:16:41,123,64,117,75,5,1,32.00,26.00,3,4,4
6/3/18-19:17:42,124,64,115,53,4,3,32.00,26.00,3,6,7
6/3/18-19:18:43,125,64,119,65,4,0,32.00,25.00,3,6,7
6/3/18-19:19:44,127,65,118,71,3,0,32.00,25.00,3,6,6
6/3/18-19:20:45,126,65,120,71,4,3,32.00,26.00,3,6,6
6/3/18-19:21:46,124,60,129,78,4,2,32.00,25.00,4,6,6
6/3/18-19:22:47,125,65,132,79,4,2,32.00,25.00,4,6,6
6/3/18-19:23:48,126,62,127,74,7,3,32.00,25.00,4,5,5
6/3/18-19:24:49,125,63,133,85,5,2,32.00,25.00,4,5,5
6/3/18-19:25:50,127,61,113,57,5,3,32.00,25.00,4,7,7
6/3/18-19:26:51,127,64,119,79,4,2,31.00,25.00,4,7,7
6/3/18-19:27:52,127,63,126,94,4,1,33.00,25.00,4,5,5
6/3/18-19:28:53,128,64,124,91,5,3,32.00,25.00,4,5,5
6/3/18-19:29:54,125,66,125,68,5,4,32.00,25.00,3,5,5
6/3/18-19:30:55,127,64,128,82,5,3,31.00,25.00,3,5,5
6/3/18-19:31:56,127,64,143,87,5,1,32.00,25.00,3,4,7
6/3/18-19:32:57,127,63,119,78,4,1,32.00,25.00,3,5,7
6/3/18-19:33:58,129,63,151,136,4,3,32.00,25.00,4,5,6
6/3/18-19:34:59,128,63,129,73,7,2,32.00,25.00,4,5,6
6/3/18-19:36:0,128,64,130,71,7,2,32.00,25.00,3,4,4
6/3/18-19:37:1,127,63,123,79,3,0,32.00,25.00,3,4,4
6/3/18-19:38:2,127,61,116,64,4,3,32.00,25.00,3,4,5
6/3/18-19:39:3,128,62,111,64,5,3,32.00,25.00,3,4,5
6/3/18-19:40:4,128,63,120,66,4,2,32.00,25.00,3,6,7
6/3/18-19:41:5,129,63,119,70,6,3,32.00,25.00,2,6,7
6/3/18-19:42:6,126,62,111,57,6,2,32.00,25.00,4,5,5
6/3/18-19:43:7,128,62,123,69,9,3,32.00,25.00,4,5,5
6/3/18-19:44:8,128,63,119,72,5,2,32.00,25.00,3,4,5
6/3/18-19:45:9,127,63,121,68,3,0,32.00,25.00,2,4,5
6/3/18-19:46:10,127,59,126,67,6,3,32.00,25.00,4,5,5
6/3/18-19:47:11,127,66,127,76,7,2,32.00,25.00,4,5,5
6/3/18-19:48:12,129,63,119,71,3,4,0.00,25.00,4,7,7
6/3/18-19:49:13,128,62,118,67,6,4,33.00,24.00,4,6,6
6/3/18-19:50:14,130,61,106,58,5,3,33.00,24.00,5,7,7
6/3/18-19:51:15,128,62,121,68,6,3,33.00,24.00,5,7,7
6/3/18-19:52:16,128,64,121,79,5,2,33.00,24.00,2,4,5
6/3/18-19:53:17,129,63,124,70,5,0,33.00,24.00,2,4,5
6/3/18-19:54:18,128,63,110,59,5,3,33.00,23.00,4,5,5
6/3/18-19:55:19,131,62,135,74,1,2,33.00,24.00,4,5,5
6/3/18-19:56:20,129,56,123,68,5,3,33.00,23.00,4,8,8
6/3/18-19:57:21,127,63,123,77,4,0,33.00,23.00,4,8,8
6/3/18-19:58:22,128,63,124,70,5,1,33.00,23.00,4,6,8
6/3/18-19:59:23,129,63,128,72,4,2,33.00,23.00,4,6,8
6/3/18-20:0:24,128,62,131,77,8,1,33.00,23.00,3,5,6
6/3/18-20:1:25,129,61,119,58,6,4,33.00,23.00,4,6,7
6/3/18-20:2:26,130,62,126,77,7,3,33.00,23.00,4,6,6
6/3/18-20:3:27,130,62,129,77,4,2,33.00,23.00,4,6,6
6/3/18-20:4:28,129,61,125,60,4,2,33.00,23.00,4,6,6
6/3/18-20:5:29,132,62,123,68,7,3,33.00,23.00,4,6,6
6/3/18-20:6:30,131,61,123,70,5,3,33.00,23.00,5,9,9
6/3/18-20:7:31,129,61,127,71,6,3,33.00,23.00,5,8,8
6/3/18-20:8:32,128,62,123,63,6,1,33.00,23.00,4,8,9
6/3/18-20:9:33,132,63,124,73,6,2,32.00,23.00,4,8,9
6/3/18-20:10:34,129,62,129,69,5,4,33.00,23.00,5,7,10
6/3/18-20:11:35,131,63,131,73,6,1,33.00,23.00,4,7,9
6/3/18-20:12:36,130,60,120,58,5,2,33.00,23.00,5,6,7
6/3/18-20:13:37,132,63,131,71,5,1,33.00,23.00,5,6,7
6/3/18-20:14:38,132,63,128,70,5,3,33.00,23.00,5,7,7
6/3/18-20:15:39,132,64,129,74,7,3,34.00,22.00,4,6,6
6/3/18-20:16:40,131,62,117,59,7,3,34.00,22.00,7,8,10
6/3/18-20:17:41,132,63,132,76,7,0,33.00,23.00,7,8,10
6/3/18-20:18:42,131,64,128,79,7,2,33.00,23.00,5,7,9
6/3/18-20:19:43,130,64,134,75,7,1,34.00,22.00,5,7,8
6/3/18-20:20:44,131,63,122,62,6,3,34.00,22.00,7,9,11
6/3/18-20:21:45,133,66,138,80,6,1,34.00,22.00,7,9,11
6/3/18-20:22:46,131,64,132,80,7,1,34.00,22.00,7,9,10
6/3/18-20:23:47,132,62,129,81,9,3,34.00,22.00,7,9,10
6/3/18-20:24:48,134,63,128,72,5,2,34.00,22.00,6,7,8
6/3/18-20:25:49,133,63,126,71,6,1,34.00,22.00,6,7,8
6/3/18-20:26:50,131,66,136,79,7,2,34.00,22.00,6,8,9
6/3/18-20:27:51,132,58,119,62,6,2,34.00,22.00,6,8,9
6/3/18-20:28:52,133,63,134,85,7,1,34.00,22.00,6,8,8
6/3/18-20:29:53,131,65,131,73,7,1,35.00,22.00,6,8,8
6/3/18-20:30:54,132,63,131,76,9,0,34.00,22.00,5,8,10
6/3/18-20:31:55,133,63,128,71,8,3,34.00,22.00,5,8,10
6/3/18-20:32:56,134,65,135,76,6,2,34.00,22.00,7,10,10
6/3/18-20:33:57,133,64,129,73,7,3,34.00,22.00,7,11,11
6/3/18-20:34:58,131,61,123,61,7,3,34.00,22.00,6,9,10
6/3/18-20:35:59,133,63,130,73,8,0,32.00,22.00,6,9,10
6/3/18-20:37:0,134,63,131,75,7,2,34.00,22.00,7,10,12
6/3/18-20:38:1,131,62,135,77,9,2,34.00,22.00,7,10,12
6/3/18-20:39:2,134,64,121,62,6,3,34.00,22.00,7,10,11
6/3/18-20:40:3,135,62,138,80,9,3,34.00,22.00,7,10,11
6/3/18-20:41:4,134,63,131,80,8,3,34.00,22.00,5,8,9
6/3/18-20:42:5,132,62,132,79,8,1,34.00,22.00,5,8,10
6/3/18-20:43:6,132,63,129,63,8,2,34.00,22.00,7,10,10
6/3/18-20:44:7,136,67,135,73,6,1,34.00,21.00,7,10,10
6/3/18-20:45:8,134,63,133,76,6,1,34.00,22.00,6,9,10
6/3/18-20:46:9,133,61,128,78,9,2,34.00,22.00,6,9,10
6/3/18-20:47:10,136,62,129,68,7,2,34.00,22.00,6,10,12
6/3/18-20:48:11,135,63,135,77,8,3,34.00,22.00,6,10,12
6/3/18-20:49:12,135,63,130,75,9,3,34.00,22.00,6,11,11
6/3/18-20:50:13,134,61,126,65,6,1,34.00,22.00,6,11,11
6/3/18-20:51:14,134,63,139,79,8,2,34.00,22.00,7,9,9
6/3/18-20:52:15,134,63,140,80,12,2,34.00,22.00,7,9,9
6/3/18-20:53:16,135,63,146,87,13,3,34.00,22.00,5,8,12
6/3/18-20:54:17,132,63,129,69,13,2,34.00,22.00,5,8,12
6/3/18-20:55:18,135,63,142,98,15,1,33.00,21.00,8,11,13
6/3/18-20:56:19,133,64,143,87,15,1,34.00,22.00,8,11,13
6/3/18-20:57:20,135,65,144,86,17,3,34.00,22.00,8,11,12
6/3/18-20:58:21,132,61,132,73,18,2,34.00,21.00,8,11,12
6/3/18-20:59:22,134,65,148,109,20,1,34.00,22.00,7,10,13
6/3/18-21:0:23,135,64,142,85,20,2,34.00,22.00,8,11,14
6/3/18-21:1:24,134,60,142,90,22,2,34.00,22.00,8,11,11
6/3/18-21:2:25,134,62,132,74,19,2,34.00,22.00,8,11,11
6/3/18-21:3:26,134,64,155,101,24,0,34.00,22.00,7,9,13
6/3/18-21:4:27,135,63,145,88,24,3,34.00,22.00,7,10,11
6/3/18-21:5:28,136,62,140,88,25,2,34.00,21.00,8,11,13
6/3/18-21:6:29,135,63,146,104,25,2,34.00,21.00,8,11,13
6/3/18-21:7:30,136,64,149,93,26,2,34.00,21.00,15,18,20
6/3/18-21:8:31,137,63,142,89,29,2,34.00,21.00,15,18,20
6/3/18-21:9:31,135,64,146,87,28,2,34.00,22.00,12,17,17
6/3/18-21:10:32,137,58,150,94,29,3,34.00,21.00,12,17,17
6/3/18-21:11:33,136,65,151,91,29,2,34.00,21.00,12,21,29
6/3/18-21:12:34,135,61,138,76,28,4,35.00,20.00,11,20,28
6/3/18-21:13:35,134,64,148,92,31,1,33.00,21.00,13,19,23
6/3/18-21:14:36,136,64,154,102,32,0,35.00,20.00,13,19,23
6/3/18-21:15:37,136,61,141,80,27,3,34.00,21.00,13,19,22
6/3/18-21:16:38,134,64,151,93,35,2,34.00,21.00,13,19,22
6/3/18-21:17:39,135,62,148,93,34,3,34.00,21.00,15,25,28
6/3/18-21:18:40,137,63,143,79,31,2,34.00,21.00,15,25,28
6/3/18-21:19:41,135,65,156,102,38,1,34.00,21.00,18,27,31
6/3/18-21:20:42,136,62,153,97,39,2,35.00,21.00,18,27,29
6/3/18-21:21:43,137,64,149,80,32,3,34.00,21.00,19,27,31
6/3/18-21:22:44,136,64,157,99,38,3,34.00,21.00,19,27,31
6/3/18-21:23:45,137,64,158,93,39,2,34.00,21.00,20,30,31
6/3/18-21:24:46,135,58,159,101,40,2,34.00,21.00,20,30,31
6/3/18-21:25:47,136,65,158,99,41,3,34.00,21.00,18,27,28
6/3/18-21:26:48,134,62,151,83,37,2,34.00,21.00,19,28,29
6/3/18-21:27:49,135,62,147,84,37,3,34.00,21.00,20,32,35
6/3/18-21:28:50,134,66,155,101,42,1,34.00,21.00,20,31,34
6/3/18-21:29:51,137,64,144,79,39,3,35.00,21.00,21,33,38
6/3/18-21:30:52,138,63,156,96,42,3,34.00,21.00,21,33,38
6/3/18-21:31:53,135,63,145,84,38,1,35.00,21.00,20,32,37
6/3/18-21:32:54,135,63,155,93,43,1,34.00,21.00,21,32,38
6/3/18-21:33:55,135,63,149,93,38,3,34.00,21.00,20,29,35
6/3/18-21:34:56,136,66,153,93,44,1,34.00,21.00,20,29,36
6/3/18-21:35:57,136,70,153,87,44,3,36.00,20.00,18,24,27
6/3/18-21:36:58,137,66,156,101,43,1,35.00,20.00,17,22,25
6/3/18-21:37:59,135,65,154,92,45,2,35.00,20.00,16,23,29
6/3/18-21:39:0,138,65,155,88,44,3,34.00,21.00,16,23,29
6/3/18-21:40:1,135,63,148,83,42,2,34.00,21.00,22,32,37
6/3/18-21:41:2,135,67,151,90,45,3,33.00,21.00,23,32,37
6/3/18-21:42:3,137,63,151,80,47,3,34.00,22.00,23,33,37
6/3/18-21:43:4,137,65,156,90,50,0,34.00,21.00,23,33,37
6/3/18-21:44:5,137,64,159,95,53,1,34.00,21.00,24,37,43
6/3/18-21:45:6,136,65,156,95,52,1,34.00,21.00,24,36,44
6/3/18-21:46:7,136,64,156,91,52,3,34.00,21.00,22,33,41
6/3/18-21:47:8,135,64,153,93,52,1,34.00,22.00,22,33,41
6/3/18-21:48:9,136,64,154,91,52,2,34.00,21.00,22,33,41
6/3/18-21:49:10,134,61,147,89,45,2,34.00,21.00,22,33,41
6/3/18-21:50:11,139,65,154,91,50,3,34.00,21.00,20,27,31
6/3/18-21:51:12,138,65,154,94,53,3,34.00,21.00,19,27,29
6/3/18-21:52:13,137,65,153,90,50,1,35.00,20.00,20,30,36
6/3/18-21:53:14,133,63,143,83,46,3,35.00,20.00,20,30,35
6/3/18-21:54:15,137,66,152,88,50,3,34.00,20.00,19,27,27
6/3/18-21:55:16,138,65,153,90,49,3,35.00,20.00,19,27,27
6/3/18-21:56:17,136,66,153,90,49,1,35.00,20.00,18,24,32
6/3/18-21:57:18,136,64,152,90,50,1,34.00,21.00,18,24,32
6/3/18-21:58:19,136,65,153,91,50,2,34.00,21.00,18,25,25
6/3/18-21:59:20,138,63,144,74,43,2,35.00,20.00,16,23,23
6/3/18-22:0:21,138,67,149,84,48,2,34.00,21.00,18,26,28
6/3/18-22:1:22,138,63,149,85,48,0,34.00,21.00,18,25,27
6/3/18-22:2:23,136,64,145,76,43,2,34.00,21.00,15,18,22
6/3/18-22:3:24,137,66,152,85,49,4,35.00,20.00,15,18,22
6/3/18-22:4:25,138,64,148,86,49,3,35.00,20.00,17,24,27
6/3/18-22:5:26,139,65,151,82,48,0,35.00,20.00,17,24,27
6/3/18-22:6:27,136,66,151,89,48,1,34.00,21.00,19,30,32
6/3/18-22:7:28,138,64,153,89,50,2,35.00,20.00,19,30,32
6/3/18-22:8:29,138,64,144,82,44,3,34.00,21.00,20,30,33
6/3/18-22:9:30,137,68,152,86,50,3,35.00,20.00,20,30,33
6/3/18-22:10:31,139,64,150,87,50,3,35.00,20.00,18,26,27
6/3/18-22:11:32,138,63,138,73,42,2,35.00,20.00,18,26,27
6/3/18-22:12:33,139,63,143,73,43,3,35.00,20.00,19,24,29
6/3/18-22:13:34,139,65,151,86,48,0,34.00,20.00,19,24,29
6/3/18-22:14:35,139,65,152,89,48,2,35.00,20.00,19,27,31
6/3/18-22:15:36,138,64,145,81,49,2,35.00,20.00,19,27,31
6/3/18-22:16:37,136,63,138,73,43,3,35.00,20.00,19,28,29
6/3/18-22:17:38,138,65,149,83,46,0,35.00,20.00,19,28,29
6/3/18-22:18:39,139,63,138,73,41,3,35.00,20.00,16,25,28
6/3/18-22:19:40,138,63,136,69,39,3,35.00,20.00,16,25,28
6/3/18-22:20:41,137,64,146,96,43,3,34.00,20.00,14,21,23
6/3/18-22:21:42,138,64,142,76,39,2,34.00,21.00,14,23,26
6/3/18-22:22:43,137,66,139,80,32,1,35.00,20.00,14,21,21
6/3/18-22:23:44,138,65,133,71,23,2,35.00,20.00,13,20,20
6/3/18-22:24:45,137,64,138,74,24,1,35.00,20.00,13,17,18
6/3/18-22:25:46,141,67,138,74,20,1,35.00,20.00,12,18,19
6/3/18-22:26:47,138,68,130,70,17,2,35.00,20.00,9,13,14
6/3/18-22:27:48,139,67,139,78,16,1,35.00,20.00,10,14,15
6/3/18-22:28:49,139,63,142,82,14,2,36.00,20.00,10,13,14
6/3/18-22:29:50,139,62,129,65,14,5,35.00,20.00,10,13,14
6/3/18-22:30:51,139,64,137,76,14,1,35.00,20.00,11,15,17
6/3/18-22:31:52,139,64,139,78,18,1,36.00,20.00,11,15,17
6/3/18-22:32:53,139,64,131,68,18,3,35.00,20.00,13,18,20
6/3/18-22:33:54,142,64,142,80,22,3,35.00,20.00,14,19,21
6/3/18-22:34:55,138,66,132,77,20,3,35.00,20.00,10,16,16
6/3/18-22:35:56,141,65,141,77,23,2,35.00,20.00,10,16,16
6/3/18-22:36:57,138,64,139,79,22,1,36.00,20.00,12,15,15
6/3/18-22:37:58,137,61,130,71,21,2,35.00,20.00,11,15,15
6/3/18-22:38:59,139,64,143,81,21,1,34.00,20.00,9,14,14
6/3/18-22:40:0,138,64,147,83,24,1,35.00,20.00,9,14,14
6/3/18-22:41:1,141,65,142,80,20,3,35.00,20.00,10,15,18
6/3/18-22:42:2,139,62,130,67,19,2,35.00,19.00,10,15,18
6/3/18-22:43:3,138,64,137,78,21,1,35.00,20.00,10,13,14
6/3/18-22:44:4,141,64,135,79,16,3,35.00,20.00,10,12,13
6/3/18-22:45:5,138,62,135,75,13,1,35.00,20.00,9,14,14
6/3/18-22:46:6,141,63,125,63,10,2,35.00,20.00,9,14,14
6/3/18-22:47:7,142,63,131,71,10,1,35.00,20.00,10,15,15
6/3/18-22:48:8,139,62,132,70,11,3,35.00,20.00,8,11,13
6/3/18-22:49:9,139,63,130,75,10,0,35.00,20.00,7,12,13
6/3/18-22:50:10,138,61,126,62,9,4,35.00,20.00,9,13,14
6/3/18-22:51:11,140,64,129,70,9,2,35.00,20.00,9,13,14
6/3/18-22:52:12,140,63,133,73,10,1,35.00,20.00,8,10,12
6/3/18-22:53:13,139,63,136,76,9,3,35.00,20.00,8,10,12
6/3/18-22:54:14,140,64,132,71,8,2,35.00,20.00,7,10,11
6/3/18-22:55:15,141,63,132,73,8,2,35.00,20.00,7,10,11
6/3/18-22:56:16,140,63,131,72,9,2,35.00,20.00,7,10,11
6/3/18-22:57:17,139,62,125,63,8,2,35.00,20.00,7,10,11
6/3/18-22:58:18,140,63,138,77,8,0,35.00,20.00,9,12,12
6/3/18-22:59:19,140,61,132,75,11,4,35.00,20.00,9,12,12
6/3/18-23:0:20,139,64,133,78,9,1,35.00,20.00,7,9,9
6/3/18-23:1:21,140,60,125,66,8,2,35.00,19.00,8,10,10
6/3/18-23:2:22,139,64,136,77,9,1,35.00,20.00,8,11,12
6/3/18-23:3:23,141,62,129,72,11,5,35.00,20.00,8,11,13
6/3/18-23:4:24,138,64,131,73,10,2,35.00,20.00,7,11,15
6/3/18-23:5:25,141,61,123,65,10,3,35.00,19.00,7,11,15
6/3/18-23:6:26,141,64,133,74,10,3,35.00,20.00,8,10,11
6/3/18-23:7:27,140,66,133,75,11,3,35.00,19.00,8,10,11
6/3/18-23:8:28,139,64,131,75,10,2,35.00,20.00,9,13,13
6/3/18-23:9:29,140,61,124,65,9,2,35.00,20.00,7,12,12
6/3/18-23:10:30,141,62,129,73,10,1,35.00,19.00,8,12,13
6/3/18-23:11:31,142,63,133,76,7,2,35.00,19.00,8,11,13
6/3/18-23:12:32,142,66,126,64,8,2,35.00,20.00,9,15,15
6/3/18-23:13:33,139,63,130,73,8,1,35.00,20.00,9,15,15
6/3/18-23:14:34,138,63,134,73,7,2,35.00,20.00,10,13,13
6/3/18-23:15:35,139,63,118,62,8,4,35.00,19.00,10,13,13
6/3/18-23:16:36,141,64,129,74,9,3,35.00,19.00,8,11,11
6/3/18-23:17:37,141,64,126,72,7,3,35.00,20.00,9,12,12
6/3/18-23:18:38,140,61,120,66,7,4,35.00,20.00,12,17,17
6/3/18-23:19:39,140,62,130,69,8,1,35.00,20.00,12,17,17
6/3/18-23:20:40,140,63,133,78,7,1,35.00,19.00,10,15,17
6/3/18-23:21:41,141,63,126,69,6,3,35.00,20.00,11,14,15
6/3/18-23:22:42,140,65,138,75,8,3,35.00,19.00,9,13,16
6/3/18-23:23:43,143,64,132,72,8,2,36.00,19.00,9,13,16
6/3/18-23:24:44,140,65,131,74,9,2,35.00,19.00,10,14,17
6/3/18-23:25:45,140,60,129,65,10,5,35.00,19.00,10,14,17
6/3/18-23:26:46,142,64,139,84,9,3,35.00,19.00,10,14,17
6/3/18-23:27:47,141,64,133,74,8,2,35.00,19.00,11,15,17
6/3/18-23:28:48,140,63,127,66,11,4,35.00,19.00,9,14,16
6/3/18-23:29:49,139,61,137,75,12,1,35.00,19.00,10,15,17
6/3/18-23:30:50,141,63,137,81,10,0,35.00,19.00,10,15,16
6/3/18-23:31:51,140,64,140,80,13,3,35.00,20.00,10,15,16
6/3/18-23:32:52,142,64,129,66,12,2,35.00,19.00,9,14,16
6/3/18-23:33:53,141,64,144,79,14,1,35.00,19.00,9,14,16
6/3/18-23:34:54,140,63,138,83,14,0,35.00,19.00,10,14,14
6/3/18-23:35:55,140,62,133,72,16,3,35.00,19.00,10,14,14
6/3/18-23:36:56,141,63,144,82,17,2,34.00,19.00,10,14,14
6/3/18-23:37:57,141,64,138,76,18,3,35.00,19.00,10,14,14
6/3/18-23:38:57,140,62,137,79,20,3,35.00,19.00,10,15,15
6/3/18-23:39:58,142,63,143,77,22,2,35.00,19.00,10,15,15
6/3/18-23:40:59,139,64,130,68,18,3,35.00,19.00,11,19,20
6/3/18-23:42:0,141,63,135,63,20,0,35.00,19.00,11,20,21
6/3/18-23:43:1,139,63,141,86,24,1,36.00,18.00,12,24,26
6/3/18-23:44:2,140,63,142,86,24,1,35.00,19.00,12,24,26
6/3/18-23:45:3,142,62,144,89,26,2,35.00,19.00,13,19,26
6/3/18-23:46:4,141,66,143,79,24,3,35.00,19.00,13,20,25
6/3/18-23:47:5,143,63,140,79,23,3,35.00,19.00,11,15,17
6/3/18-23:48:6,140,61,144,88,24,1,35.00,19.00,11,15,18
6/3/18-23:49:7,142,62,141,81,23,1,35.00,19.00,10,15,15
6/3/18-23:50:8,141,62,140,80,20,2,35.00,19.00,10,14,14
6/3/18-23:51:9,140,61,132,66,19,5,35.00,19.00,10,15,17
6/3/18-23:52:10,140,63,144,92,18,2,36.00,18.00,9,14,16
6/3/18-23:53:11,140,63,142,77,17,2,36.00,18.00,10,14,14
6/3/18-23:54:12,140,62,143,77,19,2,35.00,19.00,11,15,15
6/3/18-23:55:13,143,61,129,60,12,3,35.00,19.00,9,12,12
6/3/18-23:56:14,142,60,132,70,13,2,35.00,19.00,9,12,12
6/3/18-23:57:15,142,64,134,71,11,3,35.00,19.00,8,13,13
6/3/18-23:58:16,141,61,124,60,10,4,36.00,18.00,8,13,13
6/3/18-23:59:17,141,65,135,75,10,3,35.00,19.00,9,14,17
