Hora,O3,NO2,CO,Humedad,Temperatura,P25,P10
8/3/18-0:0:1,134,66,154,82,20,0,34.00,22.00,10,15,17
8/3/18-0:1:2,134,64,153,80,21,0,34.00,22.00,10,15,17
8/3/18-0:2:3,134,64,143,67,19,3,34.00,22.00,12,18,20
8/3/18-0:3:4,134,64,146,72,20,4,34.00,22.00,12,18,20
8/3/18-0:4:5,134,64,156,85,23,1,34.00,22.00,13,22,25
8/3/18-0:5:6,134,66,142,66,19,3,34.00,22.00,13,22,25
8/3/18-0:6:7,136,66,153,81,23,1,34.00,22.00,12,19,21
8/3/18-0:7:8,137,66,152,80,24,3,34.00,22.00,12,19,20
8/3/18-0:8:9,133,66,157,82,24,1,34.00,21.00,13,22,22
8/3/18-0:9:10,133,59,148,69,23,2,34.00,22.00,14,21,21
8/3/18-0:10:11,137,67,156,80,27,1,34.00,22.00,15,26,27
8/3/18-0:11:12,135,65,155,85,25,3,34.00,22.00,15,26,27
8/3/18-0:12:13,135,66,157,80,29,3,34.00,22.00,13,20,21
8/3/18-0:13:14,134,65,152,79,30,3,34.00,22.00,13,20,21
8/3/18-0:14:15,137,65,153,79,30,3,34.00,22.00,14,19,20
8/3/18-0:15:16,136,63,152,80,24,3,34.00,22.00,14,19,20
8/3/18-0:16:17,135,67,153,80,30,3,34.00,22.00,16,22,25
8/3/18-0:17:18,135,66,151,78,28,1,34.00,22.00,15,23,24
8/3/18-0:18:19,134,65,155,85,28,2,34.00,21.00,14,21,24
8/3/18-0:19:20,136,64,148,76,25,3,34.00,22.00,14,21,24
8/3/18-0:20:21,136,65,155,85,29,4,34.00,22.00,13,17,20
8/3/18-0:21:22,136,64,153,81,30,2,34.00,21.00,13,17,21
8/3/18-0:22:23,134,64,145,74,29,2,34.00,21.00,13,23,25
8/3/18-0:23:24,135,65,159,83,29,5,33.00,21.00,13,23,25
8/3/18-0:24:25,136,65,155,82,29,1,34.00,21.00,13,23,25
8/3/18-0:25:26,135,64,144,69,24,2,34.00,22.00,13,22,25
8/3/18-0:26:27,135,64,144,66,25,3,33.00,21.00,13,18,22
8/3/18-0:27:28,135,64,153,81,26,2,34.00,22.00,13,18,22
8/3/18-0:28:29,134,66,159,87,25,2,34.00,21.00,14,18,21
8/3/18-0:29:30,137,65,149,82,24,2,34.00,22.00,14,18,21
8/3/18-0:30:31,135,65,152,81,26,1,34.00,22.00,13,25,26
8/3/18-0:31:32,136,66,152,81,25,3,34.00,22.00,12,24,25
8/3/18-0:32:33,134,65,149,78,22,1,34.00,21.00,14,20,23
8/3/18-0:33:34,135,67,154,88,27,2,34.00,21.00,14,20,23
8/3/18-0:34:35,135,64,156,89,27,3,34.00,21.00,13,21,23
8/3/18-0:35:36,136,73,142,69,22,2,34.00,21.00,13,21,23
8/3/18-0:36:37,137,66,142,75,22,3,34.00,21.00,14,23,24
8/3/18-0:37:38,136,65,147,71,24,3,34.00,21.00,14,23,25
8/3/18-0:38:39,136,64,158,83,27,2,34.00,21.00,12,17,21
8/3/18-0:39:40,136,64,156,91,27,1,34.00,21.00,12,17,20
8/3/18-0:40:41,136,64,149,75,24,3,34.00,21.00,13,21,22
8/3/18-0:41:42,136,66,157,88,26,3,34.00,21.00,13,21,22
8/3/18-0:42:43,135,65,153,83,24,1,34.00,21.00,14,20,20
8/3/18-0:43:44,138,64,155,81,26,3,34.00,21.00,14,20,20
8/3/18-0:44:45,137,65,154,85,24,0,34.00,21.00,13,19,21
8/3/18-0:45:46,135,66,156,86,24,1,34.00,21.00,12,18,20
8/3/18-0:46:47,137,66,160,88,24,2,34.00,21.00,12,17,19
8/3/18-0:47:48,138,66,160,89,23,0,34.00,21.00,12,17,20
8/3/18-0:48:49,136,67,152,90,22,2,34.00,21.00,12,17,20
8/3/18-0:49:50,136,62,144,74,21,3,34.00,21.00,12,17,20
8/3/18-0:50:51,138,68,153,90,22,3,34.00,21.00,12,17,18
8/3/18-0:51:52,136,64,152,86,22,4,34.00,21.00,12,17,19
8/3/18-0:52:53,136,65,146,80,20,4,34.00,21.00,10,17,18
8/3/18-0:53:54,136,67,149,76,18,2,34.00,21.00,10,17,18
8/3/18-0:54:55,136,65,152,80,20,2,35.00,20.00,11,17,18
8/3/18-0:55:56,136,64,151,78,20,3,35.00,20.00,11,16,16
8/3/18-0:56:57,136,64,141,68,16,3,34.00,21.00,12,17,18
8/3/18-0:57:58,137,67,149,80,19,3,33.00,21.00,12,17,19
8/3/18-0:58:59,135,62,140,67,16,3,35.00,20.00,11,20,21
8/3/18-1:0:0,139,66,152,83,18,3,34.00,21.00,12,20,21
8/3/18-1:1:1,137,64,144,72,16,3,34.00,21.00,11,16,20
8/3/18-1:2:2,138,64,153,79,17,2,34.00,21.00,11,16,20
8/3/18-1:3:2,136,65,153,81,20,1,35.00,21.00,14,20,23
8/3/18-1:4:3,136,66,154,83,19,2,34.00,21.00,14,20,22
8/3/18-1:5:4,137,66,153,79,22,1,35.00,20.00,12,18,18
8/3/18-1:6:5,138,65,151,81,23,5,36.00,20.00,12,18,18
8/3/18-1:7:6,136,63,146,75,19,3,34.00,21.00,11,15,21
8/3/18-1:8:7,139,68,157,84,23,2,34.00,21.00,11,15,21
8/3/18-1:9:8,137,65,144,70,23,3,34.00,22.00,11,19,20
8/3/18-1:10:9,140,65,158,83,30,3,35.00,20.00,11,19,20
8/3/18-1:11:10,137,62,153,82,31,3,35.00,21.00,15,19,20
8/3/18-1:12:11,138,65,157,94,35,5,34.00,21.00,15,19,21
8/3/18-1:13:12,138,67,158,81,35,3,35.00,21.00,14,18,27
8/3/18-1:14:13,137,68,156,83,36,1,34.00,21.00,13,17,26
8/3/18-1:15:14,138,65,146,74,32,2,35.00,20.00,15,20,22
8/3/18-1:16:15,139,65,165,88,39,3,34.00,20.00,15,20,22
8/3/18-1:17:16,139,69,161,82,38,0,34.00,21.00,14,19,22
8/3/18-1:18:17,137,64,147,71,37,2,34.00,21.00,13,19,22
8/3/18-1:19:18,138,65,155,80,41,3,34.00,21.00,14,20,22
8/3/18-1:20:19,137,66,158,85,43,1,35.00,20.00,13,19,21
8/3/18-1:21:20,137,65,159,83,44,3,34.00,21.00,14,27,28
8/3/18-1:22:21,137,66,170,98,42,0,35.00,20.00,15,28,29
8/3/18-1:23:22,137,67,164,87,45,1,35.00,20.00,15,21,26
8/3/18-1:24:23,138,67,157,75,41,1,35.00,20.00,15,23,26
8/3/18-1:25:24,138,66,164,86,46,3,34.00,21.00,15,23,23
8/3/18-1:26:25,137,67,164,84,46,1,34.00,21.00,15,23,23
8/3/18-1:27:26,139,68,165,84,47,2,34.00,21.00,15,22,25
8/3/18-1:28:27,139,65,168,87,47,2,35.00,20.00,15,22,25
8/3/18-1:29:28,138,65,160,72,43,3,35.00,20.00,14,19,24
8/3/18-1:30:29,140,66,170,85,48,4,35.00,20.00,15,20,25
8/3/18-1:31:30,138,66,168,92,50,2,35.00,20.00,15,25,30
8/3/18-1:32:31,138,66,166,83,49,3,35.00,20.00,15,25,30
8/3/18-1:33:32,138,66,169,88,48,1,35.00,20.00,12,19,22
8/3/18-1:34:33,139,66,159,72,43,2,34.00,21.00,12,19,22
8/3/18-1:35:34,139,65,165,82,50,3,35.00,20.00,15,20,22
8/3/18-1:36:35,139,65,167,87,49,2,35.00,20.00,15,20,22
8/3/18-1:37:36,139,66,156,73,44,4,35.00,20.00,13,22,27
8/3/18-1:38:37,139,68,164,87,49,2,34.00,20.00,13,22,27
8/3/18-1:39:38,139,66,161,78,48,3,35.00,20.00,12,18,18
8/3/18-1:40:39,138,66,164,84,49,2,35.00,20.00,12,17,17
8/3/18-1:41:40,136,64,151,72,43,2,35.00,20.00,12,22,22
8/3/18-1:42:41,138,68,165,86,46,3,35.00,20.00,13,23,23
8/3/18-1:43:42,137,66,157,85,45,3,35.00,20.00,12,19,22
8/3/18-1:44:43,138,64,151,71,39,3,35.00,20.00,12,19,22
8/3/18-1:45:44,137,66,162,87,43,2,35.00,20.00,11,18,18
8/3/18-1:46:45,137,68,150,71,37,0,35.00,20.00,11,17,17
8/3/18-1:47:46,137,68,156,90,42,1,35.00,20.00,12,18,19
8/3/18-1:48:47,139,64,159,85,43,1,35.00,20.00,13,18,22
8/3/18-1:49:48,140,64,148,72,38,4,35.00,20.00,11,15,19
8/3/18-1:50:49,138,67,155,77,38,2,35.00,20.00,11,15,19
8/3/18-1:51:50,136,66,150,71,32,2,35.00,20.00,11,15,19
8/3/18-1:52:51,139,67,155,76,35,1,35.00,20.00,11,15,19
8/3/18-1:53:52,139,67,152,79,33,3,34.00,21.00,13,18,20
8/3/18-1:54:53,138,62,148,72,29,2,36.00,20.00,13,19,20
8/3/18-1:55:54,139,67,154,80,28,1,35.00,20.00,13,19,21
8/3/18-1:56:55,137,67,144,66,26,3,35.00,20.00,12,18,21
8/3/18-1:57:56,140,67,154,76,26,3,35.00,20.00,11,20,23
8/3/18-1:58:57,139,67,152,77,24,3,35.00,20.00,9,18,20
8/3/18-1:59:58,140,67,150,74,22,3,35.00,20.00,10,15,18
8/3/18-2:0:59,138,68,141,66,21,4,35.00,20.00,10,15,18
8/3/18-2:2:0,140,66,150,76,26,1,35.00,20.00,10,16,20
8/3/18-2:3:1,140,69,152,75,21,3,35.00,20.00,10,15,19
8/3/18-2:4:2,140,66,153,77,25,4,35.00,20.00,12,14,16
8/3/18-2:5:3,141,63,148,67,18,2,35.00,20.00,12,14,16
8/3/18-2:6:4,141,68,153,77,22,3,35.00,20.00,10,16,20
8/3/18-2:7:5,139,66,153,82,21,4,35.00,20.00,10,16,20
8/3/18-2:8:6,139,67,153,73,18,1,35.00,20.00,11,15,15
8/3/18-2:9:7,140,66,149,74,19,4,35.00,20.00,11,15,15
8/3/18-2:10:8,139,67,147,81,18,1,35.00,20.00,11,14,18
8/3/18-2:11:9,139,67,143,64,17,3,35.00,20.00,11,14,18
8/3/18-2:12:10,140,68,150,74,20,3,35.00,20.00,10,13,17
8/3/18-2:13:11,138,68,149,78,17,1,36.00,20.00,10,13,17
8/3/18-2:14:12,140,65,141,68,17,3,36.00,20.00,11,15,17
8/3/18-2:15:13,141,68,148,74,18,2,35.00,20.00,11,15,17
8/3/18-2:16:14,138,65,153,77,16,3,35.00,20.00,9,15,16
8/3/18-2:17:15,138,64,140,60,16,4,35.00,20.00,10,16,17
8/3/18-2:18:16,139,68,149,76,13,0,34.00,20.00,9,13,13
8/3/18-2:19:17,140,68,151,77,13,1,35.00,20.00,9,13,13
8/3/18-2:20:18,138,68,148,75,14,3,35.00,20.00,10,19,21
8/3/18-2:21:19,139,67,151,77,13,3,34.00,21.00,10,18,21
8/3/18-2:22:20,138,66,145,74,13,1,35.00,20.00,8,13,14
8/3/18-2:23:21,141,69,146,70,11,3,36.00,20.00,8,13,14
8/3/18-2:24:22,139,64,137,58,9,3,35.00,20.00,11,16,16
8/3/18-2:25:23,140,66,147,73,11,1,35.00,20.00,11,16,16
8/3/18-2:26:24,139,66,148,77,10,1,35.00,20.00,10,15,17
8/3/18-2:27:25,139,64,141,70,9,2,35.00,20.00,10,15,18
8/3/18-2:28:26,141,66,147,72,9,3,35.00,20.00,9,13,16
8/3/18-2:29:27,138,67,143,71,10,2,36.00,20.00,10,13,17
8/3/18-2:30:28,140,66,133,57,8,3,35.00,20.00,9,12,12
8/3/18-2:31:29,140,66,148,78,8,1,35.00,20.00,9,12,12
8/3/18-2:32:30,141,66,141,67,9,3,35.00,20.00,9,12,16
8/3/18-2:33:31,138,66,133,57,9,4,35.00,20.00,9,12,16
8/3/18-2:34:32,140,65,140,69,6,3,35.00,20.00,8,11,12
8/3/18-2:35:33,139,67,140,70,9,0,35.00,20.00,8,12,12
8/3/18-2:36:34,140,66,140,68,7,2,36.00,20.00,8,13,13
8/3/18-2:37:35,142,68,134,55,10,3,35.00,19.00,8,13,13
8/3/18-2:38:36,142,66,141,67,10,5,35.00,20.00,9,12,13
8/3/18-2:39:37,139,67,147,89,8,1,35.00,20.00,9,13,15
8/3/18-2:40:38,142,66,135,63,7,4,36.00,20.00,10,15,19
8/3/18-2:41:39,141,68,139,67,9,4,35.00,20.00,10,15,19
8/3/18-2:42:40,140,68,142,73,7,1,36.00,20.00,9,14,15
8/3/18-2:43:41,141,67,147,71,7,2,35.00,20.00,9,14,15
8/3/18-2:44:42,139,70,141,66,8,1,35.00,20.00,10,13,15
8/3/18-2:45:43,141,69,141,68,7,1,35.00,20.00,10,13,15
8/3/18-2:46:44,139,65,129,57,7,4,35.00,20.00,8,12,15
8/3/18-2:47:45,139,65,140,69,8,2,35.00,20.00,8,12,15
8/3/18-2:48:46,141,68,139,70,8,1,37.00,20.00,8,13,13
8/3/18-2:49:47,140,66,129,60,7,3,36.00,20.00,8,13,13
8/3/18-2:50:48,139,66,144,74,7,1,35.00,20.00,9,14,17
8/3/18-2:51:49,141,67,142,67,9,3,35.00,19.00,9,14,17
8/3/18-2:52:50,140,68,140,76,10,2,35.00,20.00,9,12,13
8/3/18-2:53:51,139,65,133,60,7,2,36.00,20.00,9,12,13
8/3/18-2:54:52,141,65,139,73,9,3,35.00,19.00,8,11,15
8/3/18-2:55:53,141,67,142,69,7,0,36.00,19.00,8,11,14
8/3/18-2:56:54,138,64,133,56,9,3,35.00,20.00,9,13,13
8/3/18-2:57:55,140,73,139,65,7,3,35.00,19.00,9,13,13
8/3/18-2:58:56,142,67,141,68,8,1,36.00,19.00,9,14,17
8/3/18-2:59:57,140,69,142,70,8,3,35.00,19.00,9,14,16
8/3/18-3:0:58,140,65,132,56,7,1,35.00,20.00,8,13,17
8/3/18-3:1:59,142,68,142,71,7,1,35.00,20.00,8,13,17
8/3/18-3:3:0,141,69,134,61,8,3,35.00,20.00,10,14,16
8/3/18-3:4:1,140,66,135,58,7,3,35.00,19.00,9,14,15
8/3/18-3:5:2,142,67,148,78,7,2,35.00,20.00,8,12,15
8/3/18-3:6:3,141,64,139,64,8,3,35.00,20.00,8,12,12
8/3/18-3:7:4,140,66,140,66,9,0,35.00,20.00,8,12,14
8/3/18-3:8:5,141,66,142,72,9,4,35.00,19.00,8,12,14
8/3/18-3:9:6,140,67,139,67,7,2,36.00,19.00,11,16,17
8/3/18-3:10:7,141,69,141,68,6,2,36.00,19.00,11,16,17
8/3/18-3:11:8,140,65,131,62,7,3,35.00,19.00,9,16,18
8/3/18-3:12:9,140,66,145,73,9,2,35.00,20.00,9,17,20
8/3/18-3:13:10,140,67,142,68,7,2,35.00,19.00,8,11,11
8/3/18-3:14:11,139,65,135,58,7,4,35.00,19.00,7,10,10
8/3/18-3:15:12,142,68,145,67,8,1,34.00,19.00,8,11,12
8/3/18-3:16:13,142,67,145,67,8,3,35.00,19.00,8,11,12
8/3/18-3:17:14,140,70,138,68,9,2,35.00,19.00,7,11,11
8/3/18-3:18:15,140,64,131,59,8,3,35.00,19.00,7,11,11
8/3/18-3:19:16,142,66,141,71,9,2,35.00,19.00,6,10,11
8/3/18-3:20:17,141,66,147,72,7,3,35.00,19.00,8,12,13
8/3/18-3:21:18,141,66,135,67,9,1,35.00,19.00,8,11,11
8/3/18-3:22:19,142,66,132,56,7,4,35.00,19.00,8,11,11
8/3/18-3:23:20,140,66,140,64,10,1,35.00,19.00,7,11,11
8/3/18-3:24:21,141,66,139,67,5,0,35.00,20.00,7,11,11
8/3/18-3:25:22,141,67,137,66,7,2,35.00,20.00,7,10,13
8/3/18-3:26:23,141,64,136,67,7,3,35.00,19.00,7,10,13
8/3/18-3:27:24,140,67,148,74,6,0,35.00,20.00,7,10,11
8/3/18-3:28:25,142,69,136,65,5,1,35.00,19.00,7,10,11
8/3/18-3:29:26,143,68,142,67,5,1,35.00,19.00,6,8,9
8/3/18-3:30:27,140,64,143,73,7,1,35.00,19.00,6,8,9
8/3/18-3:31:27,143,66,134,63,7,4,35.00,19.00,8,12,12
8/3/18-3:32:28,140,63,133,58,5,1,35.00,20.00,8,12,12
8/3/18-3:33:29,143,69,138,64,7,3,35.00,19.00,6,9,10
8/3/18-3:34:30,140,65,138,66,5,0,36.00,19.00,6,9,10
8/3/18-3:35:31,141,66,139,64,8,2,35.00,19.00,8,11,14
8/3/18-3:36:32,143,63,135,77,7,4,35.00,19.00,8,11,14
8/3/18-3:37:33,141,65,136,66,8,1,35.00,19.00,6,10,11
8/3/18-3:38:34,143,67,138,68,7,2,35.00,19.00,6,10,11
8/3/18-3:39:35,142,65,137,66,11,3,35.00,19.00,5,10,13
8/3/18-3:40:36,141,64,127,53,9,2,35.00,19.00,5,10,13
8/3/18-3:41:37,141,66,136,68,6,1,35.00,19.00,7,13,14
8/3/18-3:42:38,142,66,130,55,6,3,35.00,19.00,7,13,14
8/3/18-3:43:39,140,66,141,68,8,2,35.00,19.00,7,9,12
8/3/18-3:44:40,141,65,136,64,6,2,35.00,19.00,8,10,13
8/3/18-3:45:41,141,64,128,52,7,3,35.00,19.00,6,9,9
8/3/18-3:46:42,143,65,134,63,7,3,35.00,19.00,6,9,9
8/3/18-3:47:43,140,65,136,68,7,2,35.00,19.00,7,10,10
8/3/18-3:48:44,143,67,135,65,7,3,35.00,19.00,7,10,10
8/3/18-3:49:45,142,68,125,53,9,3,36.00,19.00,8,12,12
8/3/18-3:50:46,140,66,135,66,5,1,35.00,19.00,7,11,11
8/3/18-3:51:47,141,66,138,68,6,1,35.00,19.00,5,8,9
8/3/18-3:52:48,142,67,138,74,6,1,35.00,19.00,5,8,9
8/3/18-3:53:49,142,68,130,60,5,1,35.00,20.00,7,14,14
8/3/18-3:54:50,141,65,133,66,6,0,35.00,19.00,6,14,14
8/3/18-3:55:51,142,66,135,66,5,1,35.00,19.00,7,9,9
8/3/18-3:56:52,143,64,129,59,7,4,35.00,20.00,7,9,9
8/3/18-3:57:53,143,66,144,73,7,2,35.00,20.00,8,9,9
8/3/18-3:58:54,140,64,134,66,11,1,35.00,19.00,7,10,10
8/3/18-3:59:55,140,65,134,66,7,1,35.00,20.00,10,12,12
8/3/18-4:0:56,142,65,135,63,6,2,35.00,19.00,10,12,12
8/3/18-4:1:57,141,64,134,59,7,1,35.00,20.00,8,14,15
8/3/18-4:2:58,141,66,137,65,6,1,35.00,19.00,8,14,15
8/3/18-4:3:59,141,66,130,62,5,2,35.00,19.00,9,14,15
8/3/18-4:5:0,141,65,145,74,6,1,35.00,19.00,9,14,15
8/3/18-4:6:1,142,64,124,50,7,4,35.00,20.00,8,15,18
8/3/18-4:7:2,141,64,122,54,7,2,35.00,19.00,7,15,16
8/3/18-4:8:3,144,65,132,61,7,4,35.00,20.00,8,12,13
8/3/18-4:9:4,143,68,136,64,7,2,35.00,20.00,8,12,13
8/3/18-4:10:5,142,68,135,64,5,3,36.00,19.00,8,11,12
8/3/18-4:11:6,141,63,130,53,6,2,36.00,19.00,8,11,12
8/3/18-4:12:7,141,65,133,61,6,1,127.00,19.00,7,9,11
8/3/18-4:13:8,141,68,144,80,5,0,35.00,19.00,6,10,14
8/3/18-4:14:9,143,69,136,58,7,3,35.00,19.00,7,9,9
8/3/18-4:15:10,141,66,135,64,4,1,35.00,19.00,7,9,9
8/3/18-4:16:11,140,63,139,69,6,1,35.00,20.00,6,9,9
8/3/18-4:17:12,140,68,136,67,7,1,35.00,19.00,6,9,9
8/3/18-4:18:13,142,67,135,65,5,0,35.00,19.00,8,12,14
8/3/18-4:19:14,143,63,142,64,6,3,35.00,19.00,8,12,14
8/3/18-4:20:15,142,65,136,68,6,2,35.00,19.00,9,11,11
8/3/18-4:21:16,142,65,134,70,7,1,35.00,19.00,9,11,11
8/3/18-4:22:17,142,69,131,61,6,3,35.00,19.00,13,19,20
8/3/18-4:23:18,142,67,138,63,7,3,35.00,19.00,12,18,19
8/3/18-4:24:19,139,64,124,54,9,2,36.00,19.00,10,18,19
8/3/18-4:25:20,143,66,133,64,7,2,35.00,19.00,10,19,22
8/3/18-4:26:21,144,64,128,59,9,5,35.00,19.00,10,16,19
8/3/18-4:27:22,140,65,135,75,7,2,35.00,19.00,10,16,19
8/3/18-4:28:23,141,67,124,53,7,4,35.00,19.00,13,22,28
8/3/18-4:29:24,140,64,133,64,7,2,36.00,19.00,12,20,25
8/3/18-4:30:25,143,67,134,65,7,2,36.00,20.00,10,16,20
8/3/18-4:31:26,141,64,132,58,7,4,35.00,19.00,10,16,20
8/3/18-4:32:27,143,68,138,71,7,3,35.00,19.00,10,14,16
8/3/18-4:33:28,143,65,134,70,7,2,35.00,20.00,10,14,18
8/3/18-4:34:29,142,65,133,58,6,3,35.00,20.00,7,10,11
8/3/18-4:35:30,143,66,130,64,6,2,36.00,20.00,7,10,11
8/3/18-4:36:31,143,72,131,62,6,3,35.00,20.00,11,17,17
8/3/18-4:37:32,142,66,128,58,5,1,35.00,19.00,11,17,17
8/3/18-4:38:33,143,69,132,71,6,2,35.00,20.00,10,15,20
8/3/18-4:39:34,143,65,135,75,7,2,36.00,20.00,10,15,20
8/3/18-4:40:35,143,69,138,66,4,1,35.00,19.00,11,17,17
8/3/18-4:41:36,140,65,134,65,5,2,36.00,19.00,11,17,17
8/3/18-4:42:37,142,59,131,55,4,2,35.00,19.00,10,15,15
8/3/18-4:43:38,143,65,133,63,7,2,35.00,19.00,10,15,15
8/3/18-4:44:39,142,65,137,64,7,2,35.00,19.00,10,17,19
8/3/18-4:45:40,144,67,139,61,7,1,35.00,19.00,10,17,19
8/3/18-4:46:41,143,66,134,65,8,3,35.00,19.00,8,13,16
8/3/18-4:47:42,140,66,136,68,7,1,35.00,19.00,8,13,16
8/3/18-4:48:43,142,65,133,51,7,2,35.00,19.00,11,16,18
8/3/18-4:49:44,141,65,138,64,7,3,35.00,19.00,11,16,18
8/3/18-4:50:45,142,64,134,57,7,2,35.00,19.00,9,13,14
8/3/18-4:51:46,140,65,138,58,7,1,36.00,18.00,9,13,14
8/3/18-4:52:47,141,65,132,63,7,1,36.00,18.00,10,15,17
8/3/18-4:53:48,142,65,128,54,8,3,36.00,18.00,10,15,17
8/3/18-4:54:49,143,67,139,74,6,2,36.00,18.00,9,13,16
8/3/18-4:55:50,142,63,130,54,5,0,35.00,19.00,9,12,15
8/3/18-4:56:51,141,65,134,65,9,1,36.00,18.00,9,12,16
8/3/18-4:57:52,141,66,133,64,6,3,36.00,18.00,9,12,17
8/3/18-4:58:53,142,65,128,52,7,3,36.00,18.00,10,15,18
8/3/18-4:59:54,144,67,139,64,7,3,36.00,18.00,9,14,17
8/3/18-5:0:55,143,66,134,64,6,0,36.00,18.00,8,15,19
8/3/18-5:1:56,141,65,137,65,6,2,36.00,18.00,8,15,19
8/3/18-5:2:57,141,66,135,62,8,3,36.00,18.00,9,14,16
8/3/18-5:3:58,143,65,135,64,9,1,35.00,19.00,9,14,16
8/3/18-5:4:59,143,64,136,67,7,0,36.00,18.00,9,15,19
8/3/18-5:6:0,142,66,137,62,7,5,35.00,19.00,9,15,19
8/3/18-5:7:1,141,65,141,70,8,1,35.00,19.00,10,18,19
8/3/18-5:8:2,142,67,137,61,7,3,36.00,18.00,10,18,20
8/3/18-5:9:3,143,65,124,51,5,2,36.00,19.00,10,18,22
8/3/18-5:10:4,141,63,127,54,6,3,36.00,18.00,10,18,22
8/3/18-5:11:5,142,64,126,55,7,2,35.00,19.00,10,17,20
8/3/18-5:12:6,142,66,145,64,5,1,36.00,18.00,10,18,21
8/3/18-5:13:7,142,64,120,49,5,2,36.00,19.00,8,13,14
8/3/18-5:14:8,144,67,143,70,5,2,36.00,18.00,8,13,14
8/3/18-5:15:9,143,65,128,59,7,3,36.00,19.00,10,15,17
8/3/18-5:16:10,141,61,125,56,6,2,36.00,18.00,10,16,18
8/3/18-5:17:11,143,64,138,66,8,1,34.00,19.00,9,12,17
8/3/18-5:18:12,142,65,131,66,6,3,35.00,19.00,8,11,16
8/3/18-5:19:13,142,65,120,53,5,3,35.00,19.00,9,18,20
8/3/18-5:20:14,143,64,134,73,6,3,35.00,19.00,9,18,20
8/3/18-5:21:15,140,62,124,55,7,2,35.00,19.00,11,20,25
8/3/18-5:22:16,144,66,133,62,5,2,35.00,19.00,11,20,25
8/3/18-5:23:17,144,65,128,64,6,1,35.00,19.00,9,15,15
8/3/18-5:24:18,145,66,134,72,5,0,36.00,18.00,9,15,15
8/3/18-5:25:19,144,66,118,50,6,3,35.00,19.00,8,16,19
8/3/18-5:26:20,142,64,135,69,5,1,36.00,18.00,8,16,19
8/3/18-5:27:21,143,64,134,65,6,1,36.00,19.00,8,16,19
8/3/18-5:28:22,143,63,125,53,7,4,36.00,18.00,10,14,15
8/3/18-5:29:23,142,63,134,62,6,3,37.00,18.00,12,18,19
8/3/18-5:30:24,143,63,116,52,7,4,35.00,19.00,9,18,20
8/3/18-5:31:25,145,65,128,62,4,1,35.00,19.00,8,17,20
8/3/18-5:32:26,142,61,128,60,6,3,36.00,18.00,10,14,15
8/3/18-5:33:27,143,65,127,60,5,3,35.00,19.00,10,14,15
8/3/18-5:34:28,145,65,147,69,7,1,35.00,19.00,10,15,18
8/3/18-5:35:29,142,67,135,60,5,2,35.00,19.00,10,15,18
8/3/18-5:36:30,142,66,180,105,6,0,35.00,19.00,7,14,17
8/3/18-5:37:31,142,65,133,65,6,2,35.00,19.00,7,14,17
8/3/18-5:38:32,145,66,138,65,10,3,36.00,18.00,9,16,18
8/3/18-5:39:33,140,62,132,61,6,2,36.00,19.00,9,16,19
8/3/18-5:40:34,144,65,131,60,4,1,35.00,19.00,7,14,16
8/3/18-5:41:35,141,65,145,68,7,3,37.00,18.00,7,15,16
8/3/18-5:42:36,142,65,133,60,5,1,37.00,18.00,7,13,16
8/3/18-5:43:37,144,65,134,63,6,2,35.00,19.00,7,13,16
8/3/18-5:44:38,142,64,130,63,5,1,35.00,19.00,10,14,14
8/3/18-5:45:39,145,65,141,67,7,2,36.00,19.00,10,14,14
8/3/18-5:46:40,143,64,130,60,4,2,35.00,19.00,9,14,15
8/3/18-5:47:40,143,65,121,58,5,3,35.00,19.00,9,14,15
8/3/18-5:48:41,144,64,140,75,7,3,36.00,18.00,8,14,17
8/3/18-5:49:42,143,65,129,62,6,2,35.00,19.00,8,13,16
8/3/18-5:50:43,143,67,136,66,5,3,37.00,18.00,9,14,19
8/3/18-5:51:44,140,64,126,65,6,2,35.00,19.00,9,14,19
8/3/18-5:52:45,144,67,131,62,6,3,35.00,19.00,8,12,14
8/3/18-5:53:46,142,63,129,60,5,1,35.00,19.00,8,12,12
8/3/18-5:54:47,142,63,145,79,5,3,37.00,18.00,7,10,18
8/3/18-5:55:48,144,64,125,50,4,2,36.00,18.00,7,10,18
8/3/18-5:56:49,143,65,128,62,5,3,35.00,19.00,8,12,15
8/3/18-5:57:50,145,65,142,96,7,2,35.00,19.00,8,12,15
8/3/18-5:58:51,144,66,128,60,6,3,35.00,19.00,9,13,14
8/3/18-5:59:52,143,67,131,66,6,2,36.00,18.00,9,13,14
8/3/18-6:0:53,142,64,133,66,5,1,36.00,18.00,9,15,15
8/3/18-6:1:54,143,64,135,71,6,3,35.00,19.00,9,15,15
8/3/18-6:2:55,142,64,135,65,8,1,35.00,19.00,8,13,14
8/3/18-6:3:56,143,70,136,67,5,1,36.00,19.00,8,13,14
8/3/18-6:4:57,143,66,126,54,6,4,35.00,19.00,7,12,12
8/3/18-6:5:58,144,67,134,64,5,2,35.00,19.00,7,12,12
8/3/18-6:6:59,143,65,135,80,5,2,36.00,18.00,7,10,15
8/3/18-6:8:0,143,63,126,58,7,4,35.00,19.00,7,10,15
8/3/18-6:9:1,142,64,131,63,8,1,36.00,19.00,7,11,13
8/3/18-6:10:2,143,67,135,62,7,3,37.00,18.00,7,11,13
8/3/18-6:11:3,143,65,129,59,5,1,35.00,19.00,9,12,12
8/3/18-6:12:4,143,73,129,65,6,1,36.00,18.00,9,12,12
8/3/18-6:13:5,143,64,131,67,6,1,36.00,18.00,8,13,14
8/3/18-6:14:6,144,65,128,62,5,1,36.00,18.00,9,14,15
8/3/18-6:15:7,143,65,134,67,5,5,37.00,18.00,9,14,17
8/3/18-6:16:8,142,64,119,57,6,4,36.00,18.00,9,14,16
8/3/18-6:17:9,144,65,132,65,4,2,36.00,18.00,7,16,17
8/3/18-6:18:10,145,67,138,65,6,1,37.00,18.00,7,15,16
8/3/18-6:19:11,143,63,124,55,6,3,36.00,18.00,8,13,14
8/3/18-6:20:12,142,64,148,70,7,1,37.00,18.00,8,13,14
8/3/18-6:21:13,144,65,139,69,7,3,37.00,18.00,8,11,13
8/3/18-6:22:14,142,64,133,66,4,2,36.00,19.00,8,12,13
8/3/18-6:23:15,143,64,128,55,6,3,37.00,18.00,9,14,14
8/3/18-6:24:16,143,69,131,68,7,3,34.00,19.00,9,14,14
8/3/18-6:25:17,142,67,128,67,7,2,37.00,18.00,8,12,12
8/3/18-6:26:18,144,65,131,65,6,3,36.00,18.00,8,11,13
8/3/18-6:27:19,143,66,128,52,5,2,35.00,19.00,10,15,16
8/3/18-6:28:20,143,64,126,62,7,1,35.00,19.00,10,15,16
8/3/18-6:29:21,144,63,133,64,6,2,35.00,19.00,8,12,12
8/3/18-6:30:22,143,64,138,66,7,5,35.00,19.00,8,12,12
8/3/18-6:31:23,143,64,131,66,5,3,36.00,18.00,9,11,14
8/3/18-6:32:24,143,64,133,61,5,1,35.00,19.00,8,11,14
8/3/18-6:33:25,141,64,131,67,5,1,36.00,18.00,9,14,15
8/3/18-6:34:26,141,63,125,55,7,2,35.00,19.00,9,14,15
8/3/18-6:35:27,145,66,130,60,5,2,35.00,19.00,8,14,15
8/3/18-6:36:28,140,69,132,67,5,2,35.00,19.00,8,13,14
8/3/18-6:37:29,144,64,122,51,6,1,36.00,18.00,10,15,17
8/3/18-6:38:30,143,64,129,63,7,1,35.00,19.00,10,15,17
8/3/18-6:39:31,142,64,135,70,6,1,36.00,19.00,10,17,21
8/3/18-6:40:32,143,64,126,51,5,2,36.00,18.00,10,17,21
8/3/18-6:41:33,143,65,134,68,5,1,35.00,19.00,10,19,21
8/3/18-6:42:34,143,64,135,66,6,2,37.00,18.00,10,19,21
8/3/18-6:43:35,145,62,124,52,5,3,36.00,18.00,9,14,17
8/3/18-6:44:36,144,66,138,72,5,2,35.00,19.00,9,14,17
8/3/18-6:45:37,143,63,131,71,5,1,35.00,19.00,10,13,18
8/3/18-6:46:38,141,62,129,58,6,2,35.00,19.00,10,13,18
8/3/18-6:47:39,144,63,130,62,5,2,35.00,19.00,11,15,18
8/3/18-6:48:40,143,65,129,66,6,3,37.00,18.00,11,15,18
8/3/18-6:49:41,141,63,121,54,9,3,37.00,18.00,9,15,20
8/3/18-6:50:42,144,65,128,63,6,3,36.00,18.00,9,15,20
8/3/18-6:51:43,145,66,131,64,5,1,36.00,18.00,10,14,18
8/3/18-6:52:44,142,62,123,51,5,3,35.00,19.00,10,14,18
8/3/18-6:53:45,143,67,126,61,5,1,36.00,18.00,8,14,15
8/3/18-6:54:46,145,67,124,63,6,2,36.00,18.00,8,14,15
8/3/18-6:55:47,141,64,120,62,5,2,35.00,19.00,9,13,14
8/3/18-6:56:48,140,64,126,51,5,2,36.00,18.00,9,13,14
8/3/18-6:57:49,145,65,127,66,7,2,37.00,18.00,10,20,22
8/3/18-6:58:50,143,65,125,63,5,1,35.00,19.00,9,19,22
8/3/18-6:59:51,142,62,120,53,7,3,35.00,19.00,8,17,18
8/3/18-7:0:52,143,66,124,62,6,2,36.00,18.00,7,17,18
8/3/18-7:1:53,140,63,121,57,6,2,36.00,18.00,6,12,12
8/3/18-7:2:54,142,64,129,70,5,2,37.00,18.00,6,12,12
8/3/18-7:3:55,144,64,124,60,7,1,36.00,18.00,8,13,14
8/3/18-7:4:56,143,63,131,65,4,3,35.00,19.00,8,13,14
8/3/18-7:5:57,143,65,122,61,5,0,35.00,19.00,8,15,17
8/3/18-7:6:58,142,65,124,63,4,0,35.00,19.00,8,15,17
8/3/18-7:7:59,144,64,126,64,5,3,35.00,19.00,8,11,12
8/3/18-7:9:0,143,64,114,56,7,4,35.00,19.00,8,11,12
8/3/18-7:10:1,141,65,121,60,4,1,36.00,18.00,9,13,13
8/3/18-7:11:2,144,66,125,65,5,3,36.00,18.00,9,13,13
8/3/18-7:12:3,144,66,119,53,4,3,37.00,18.00,9,14,14
8/3/18-7:13:4,144,64,136,79,5,3,36.00,19.00,9,14,14
8/3/18-7:14:5,142,66,128,67,5,1,35.00,19.00,7,9,12
8/3/18-7:15:6,142,68,125,62,4,2,37.00,18.00,7,9,12
8/3/18-7:16:7,144,65,129,64,5,2,36.00,18.00,8,11,12
8/3/18-7:17:8,143,65,131,63,6,1,37.00,18.00,8,10,11
8/3/18-7:18:9,141,66,148,88,5,3,35.00,19.00,8,14,16
8/3/18-7:19:10,143,65,134,57,7,2,36.00,18.00,8,14,16
8/3/18-7:20:11,144,63,135,65,5,1,36.00,18.00,8,14,19
8/3/18-7:21:12,143,67,131,67,6,2,35.00,19.00,8,14,19
8/3/18-7:22:13,143,65,139,71,6,2,36.00,19.00,6,10,13
8/3/18-7:23:14,143,66,159,87,6,3,36.00,18.00,6,10,13
8/3/18-7:24:15,143,64,137,68,7,1,35.00,19.00,9,11,11
8/3/18-7:25:16,141,66,126,54,6,2,35.00,19.00,9,11,11
8/3/18-7:26:17,143,67,139,71,7,2,35.00,19.00,9,12,14
8/3/18-7:27:18,144,67,143,64,7,3,36.00,18.00,9,12,16
8/3/18-7:28:19,143,65,126,56,5,2,36.00,18.00,7,11,15
8/3/18-7:29:20,142,64,139,63,8,1,36.00,18.00,7,11,15
8/3/18-7:30:21,143,65,130,64,4,1,37.00,18.00,8,14,18
8/3/18-7:31:22,142,65,130,75,4,3,36.00,18.00,8,14,15
8/3/18-7:32:23,143,62,126,55,7,3,37.00,18.00,8,11,14
8/3/18-7:33:24,145,64,137,70,8,1,36.00,18.00,8,11,14
8/3/18-7:34:25,145,64,138,66,7,2,35.00,19.00,8,12,13
8/3/18-7:35:26,145,65,125,53,6,2,36.00,18.00,7,13,15
8/3/18-7:36:27,144,64,136,69,7,2,35.00,19.00,8,11,14
8/3/18-7:37:28,142,64,134,63,7,1,36.00,18.00,8,11,16
8/3/18-7:38:29,142,69,134,61,6,3,37.00,18.00,8,12,12
8/3/18-7:39:30,143,64,124,52,7,3,36.00,18.00,8,12,12
8/3/18-7:40:31,145,65,133,62,7,5,36.00,18.00,8,12,14
8/3/18-7:41:32,142,64,135,66,8,1,37.00,18.00,7,11,12
8/3/18-7:42:33,143,64,135,66,7,3,36.00,18.00,7,11,13
8/3/18-7:43:34,142,64,126,53,7,2,36.00,18.00,7,11,13
8/3/18-7:44:35,143,61,131,67,6,0,37.00,18.00,8,13,16
8/3/18-7:45:36,143,64,129,64,6,2,36.00,18.00,8,13,15
8/3/18-7:46:37,142,63,128,57,9,2,36.00,18.00,9,12,16
8/3/18-7:47:38,145,65,133,64,7,2,36.00,18.00,8,11,15
8/3/18-7:48:39,145,66,144,71,7,2,36.00,18.00,7,10,12
8/3/18-7:49:40,142,64,123,53,7,3,36.00,18.00,7,10,12
8/3/18-7:50:41,145,66,139,71,9,3,36.00,18.00,7,12,13
8/3/18-7:51:42,144,65,128,63,9,2,37.00,18.00,7,12,13
8/3/18-7:52:43,143,64,127,56,6,3,35.00,19.00,9,16,18
8/3/18-7:53:44,142,65,129,62,5,1,36.00,18.00,9,16,18
8/3/18-7:54:45,143,67,129,64,6,3,37.00,18.00,8,10,10
8/3/18-7:55:46,142,65,135,67,9,1,36.00,18.00,8,10,10
8/3/18-7:56:47,145,64,128,62,9,2,36.00,18.00,8,11,15
8/3/18-7:57:48,144,65,130,72,8,4,38.00,18.00,8,11,15
8/3/18-7:58:49,143,64,134,61,5,2,37.00,18.00,8,13,14
8/3/18-7:59:50,146,66,131,63,9,2,36.00,18.00,8,13,14
8/3/18-8:0:50,143,64,129,62,5,1,38.00,18.00,7,12,19
8/3/18-8:1:51,143,64,132,75,9,1,36.00,19.00,7,12,18
8/3/18-8:2:52,142,65,137,70,8,3,36.00,18.00,10,16,20
8/3/18-8:3:53,143,62,139,71,8,2,36.00,18.00,10,16,20
8/3/18-8:4:54,143,66,137,71,8,0,36.00,18.00,9,13,13
8/3/18-8:5:55,143,65,135,72,9,2,36.00,18.00,8,11,11
8/3/18-8:6:56,144,66,131,58,9,3,36.00,18.00,9,16,17
8/3/18-8:7:57,143,65,135,70,8,3,36.00,18.00,9,15,17
8/3/18-8:8:58,144,67,143,68,8,3,35.00,19.00,8,11,14
8/3/18-8:9:59,142,63,128,57,8,3,36.00,18.00,8,11,14
8/3/18-8:11:0,143,64,157,77,10,5,36.00,19.00,8,13,14
8/3/18-8:12:1,144,66,146,70,8,1,36.00,19.00,8,13,15
8/3/18-8:13:2,144,64,128,55,10,4,37.00,18.00,8,14,18
8/3/18-8:14:3,144,66,139,69,11,3,35.00,19.00,8,14,18
8/3/18-8:15:4,143,66,142,67,9,1,36.00,19.00,8,11,14
8/3/18-8:16:5,144,67,135,65,9,2,37.00,18.00,8,11,16
8/3/18-8:17:6,143,65,134,57,8,3,37.00,18.00,10,14,19
8/3/18-8:18:7,145,68,142,72,8,1,36.00,18.00,10,14,19
8/3/18-8:19:8,142,71,134,60,8,2,35.00,19.00,10,15,17
8/3/18-8:20:9,143,68,142,78,9,3,36.00,18.00,10,15,17
8/3/18-8:21:10,142,60,142,66,8,2,36.00,19.00,8,13,15
8/3/18-8:22:11,142,64,132,57,9,3,36.00,19.00,8,13,15
8/3/18-8:23:12,141,66,139,68,11,3,36.00,19.00,9,19,22
8/3/18-8:24:13,144,65,134,87,9,3,36.00,19.00,9,17,19
8/3/18-8:25:14,142,62,127,59,7,1,35.00,19.00,9,18,21
8/3/18-8:26:15,141,64,141,81,10,1,36.00,18.00,9,18,21
8/3/18-8:27:16,141,62,140,68,9,1,36.00,18.00,8,16,17
8/3/18-8:28:17,144,75,139,72,11,3,36.00,19.00,8,15,16
8/3/18-8:29:18,142,68,139,64,7,3,36.00,19.00,8,12,12
8/3/18-8:30:19,144,66,136,63,11,1,35.00,19.00,8,12,12
8/3/18-8:31:20,144,68,134,68,6,0,35.00,19.00,9,12,13
8/3/18-8:32:21,144,64,134,56,7,3,35.00,19.00,9,12,13
8/3/18-8:33:22,144,66,138,70,9,1,35.00,19.00,9,13,15
8/3/18-8:34:23,141,66,136,69,9,1,35.00,19.00,9,13,16
8/3/18-8:35:24,142,64,134,69,9,4,36.00,19.00,9,13,13
8/3/18-8:36:25,143,67,139,71,8,0,35.00,19.00,9,13,13
8/3/18-8:37:26,142,66,168,90,9,2,36.00,19.00,8,13,16
8/3/18-8:38:27,142,68,147,73,10,3,35.00,19.00,9,13,17
8/3/18-8:39:28,143,64,136,61,9,3,35.00,20.00,8,12,13
8/3/18-8:40:29,144,62,145,76,6,0,36.00,19.00,8,12,13
8/3/18-8:41:30,142,66,145,74,7,1,35.00,19.00,9,13,17
8/3/18-8:42:31,143,67,152,110,6,2,35.00,19.00,9,13,17
8/3/18-8:43:32,142,70,138,68,10,3,36.00,20.00,9,13,15
8/3/18-8:44:33,142,71,154,87,10,3,36.00,20.00,9,13,15
8/3/18-8:45:34,143,64,149,86,9,4,35.00,20.00,8,11,14
8/3/18-8:46:35,144,66,142,66,10,2,35.00,20.00,7,10,13
8/3/18-8:47:36,141,66,151,68,10,2,35.00,20.00,8,13,15
8/3/18-8:48:37,142,67,160,115,9,2,35.00,20.00,8,13,15
8/3/18-8:49:38,142,66,141,69,7,1,36.00,20.00,7,9,9
8/3/18-8:50:39,143,67,138,70,8,3,36.00,20.00,7,9,9
8/3/18-8:51:40,141,66,137,65,7,2,36.00,20.00,8,13,17
8/3/18-8:52:41,140,65,121,54,6,2,36.00,20.00,8,13,17
8/3/18-8:53:42,140,66,176,94,6,1,35.00,20.00,7,11,13
8/3/18-8:54:43,143,66,152,79,9,3,37.00,20.00,7,11,13
8/3/18-8:55:44,142,66,137,61,7,3,36.00,20.00,9,16,17
8/3/18-8:56:45,142,67,153,70,5,2,35.00,20.00,9,16,17
8/3/18-8:57:46,142,66,169,103,9,2,35.00,20.00,8,11,11
8/3/18-8:58:47,140,63,151,84,6,3,35.00,20.00,8,11,11
8/3/18-8:59:48,141,65,140,66,9,1,35.00,20.00,8,10,12
8/3/18-9:0:49,140,67,142,75,6,1,36.00,20.00,8,10,12
8/3/18-9:1:50,142,70,143,69,5,3,35.00,21.00,7,12,16
8/3/18-9:2:51,142,65,151,74,7,3,35.00,21.00,6,11,15
8/3/18-9:3:52,143,66,158,73,7,2,34.00,21.00,7,11,11
8/3/18-9:4:53,141,66,154,71,7,2,35.00,20.00,7,11,11
8/3/18-9:5:54,140,66,128,63,7,1,34.00,21.00,5,10,10
8/3/18-9:6:55,142,64,139,81,5,3,35.00,21.00,6,10,10
8/3/18-9:7:56,140,68,143,84,3,2,36.00,20.00,7,8,10
8/3/18-9:8:57,141,67,135,70,4,2,36.00,20.00,7,8,12
8/3/18-9:9:58,142,69,117,52,6,3,36.00,20.00,6,7,12
8/3/18-9:10:59,142,66,136,71,7,3,35.00,20.00,6,7,12
8/3/18-9:12:0,141,65,151,96,6,1,34.00,21.00,6,10,12
8/3/18-9:13:1,140,66,118,53,4,2,35.00,21.00,6,10,12
8/3/18-9:14:2,140,67,167,103,5,2,34.00,21.00,5,7,9
8/3/18-9:15:3,140,64,151,75,7,2,34.00,21.00,6,8,10
8/3/18-9:16:4,140,67,140,60,4,2,35.00,21.00,6,11,14
8/3/18-9:17:5,141,66,119,56,7,2,35.00,21.00,6,11,14
8/3/18-9:18:6,140,65,122,58,5,2,35.00,20.00,6,8,8
8/3/18-9:19:7,140,67,147,69,4,1,35.00,21.00,5,8,8
8/3/18-9:20:8,142,64,126,80,5,3,34.00,21.00,6,10,10
8/3/18-9:21:9,140,65,125,76,3,2,34.00,21.00,6,10,10
8/3/18-9:22:10,140,65,151,71,5,1,35.00,21.00,7,9,9
8/3/18-9:23:11,142,65,117,59,5,3,35.00,21.00,7,9,9
8/3/18-9:24:12,139,67,130,63,5,1,35.00,21.00,6,8,9
8/3/18-9:25:13,140,66,122,66,5,2,35.00,21.00,6,8,9
8/3/18-9:26:14,140,65,146,88,5,3,35.00,21.00,6,9,12
8/3/18-9:27:15,141,66,132,82,4,3,34.00,21.00,6,9,12
8/3/18-9:28:16,140,67,126,65,5,2,35.00,21.00,5,8,12
8/3/18-9:29:17,140,66,148,77,4,3,34.00,21.00,5,8,12
8/3/18-9:30:18,138,65,114,56,6,2,34.00,21.00,6,9,10
8/3/18-9:31:19,139,64,133,69,2,1,34.00,22.00,5,8,9
8/3/18-9:32:20,140,66,127,62,6,1,34.00,22.00,8,11,15
8/3/18-9:33:21,139,66,153,93,6,2,35.00,21.00,8,11,16
8/3/18-9:34:22,138,66,144,73,6,0,35.00,21.00,7,12,12
8/3/18-9:35:23,141,68,141,90,6,3,34.00,21.00,7,12,12
8/3/18-9:36:24,138,66,150,82,6,1,35.00,21.00,5,8,8
8/3/18-9:37:25,138,65,163,111,7,1,34.00,21.00,5,8,9
8/3/18-9:38:26,139,64,129,66,6,4,35.00,21.00,7,9,11
8/3/18-9:39:27,139,68,120,61,5,2,34.00,22.00,7,9,11
8/3/18-9:40:28,140,66,140,66,6,1,34.00,22.00,6,8,9
8/3/18-9:41:29,139,66,130,78,5,2,34.00,21.00,6,8,9
8/3/18-9:42:30,139,64,133,54,6,3,34.00,22.00,7,10,11
8/3/18-9:43:31,140,66,137,64,4,1,35.00,22.00,7,10,11
8/3/18-9:44:32,141,65,155,94,6,4,35.00,22.00,6,14,14
8/3/18-9:45:33,139,64,138,65,7,5,34.00,22.00,7,15,15
8/3/18-9:46:34,141,69,138,80,5,3,34.00,22.00,7,10,13
8/3/18-9:47:35,140,66,137,81,6,3,34.00,22.00,7,10,13
8/3/18-9:48:36,139,65,164,85,6,2,34.00,21.00,6,11,11
8/3/18-9:49:37,139,67,158,98,4,2,34.00,22.00,6,11,11
8/3/18-9:50:38,139,65,144,71,2,1,34.00,22.00,7,10,11
8/3/18-9:51:39,138,66,130,66,4,2,34.00,22.00,8,12,13
8/3/18-9:52:40,137,62,143,66,4,2,35.00,22.00,6,9,10
8/3/18-9:53:41,139,69,133,66,3,0,35.00,21.00,6,9,10
8/3/18-9:54:42,139,65,124,62,5,0,35.00,22.00,8,12,15
8/3/18-9:55:43,137,64,112,51,8,4,34.00,22.00,8,11,15
8/3/18-9:56:44,139,67,136,67,5,3,34.00,22.00,7,10,12
8/3/18-9:57:45,139,67,135,74,3,0,35.00,22.00,7,10,12
8/3/18-9:58:46,139,67,122,64,5,3,34.00,22.00,5,9,9
8/3/18-9:59:47,137,65,126,69,5,4,35.00,21.00,5,9,9
8/3/18-10:0:48,137,65,162,85,5,1,33.00,22.00,6,8,8
8/3/18-10:1:49,139,65,157,91,5,1,35.00,22.00,6,8,8
8/3/18-10:2:50,139,69,127,66,4,0,35.00,22.00,5,8,10
8/3/18-10:3:51,139,64,112,48,4,3,35.00,22.00,5,8,10
8/3/18-10:4:52,139,65,121,63,5,3,35.00,22.00,5,6,7
8/3/18-10:5:53,138,66,121,70,5,2,35.00,22.00,5,6,7
8/3/18-10:6:54,138,67,123,64,5,2,35.00,21.00,6,8,10
8/3/18-10:7:55,138,71,118,56,6,3,34.00,22.00,6,8,10
8/3/18-10:8:56,138,67,124,60,4,2,34.00,22.00,6,9,10
8/3/18-10:9:57,136,65,133,68,4,1,34.00,22.00,5,8,10
8/3/18-10:10:58,137,66,133,83,5,2,35.00,21.00,5,7,7
8/3/18-10:11:59,137,65,118,54,6,1,35.00,22.00,5,7,7
8/3/18-10:13:0,139,67,139,72,5,2,34.00,22.00,6,7,10
8/3/18-10:14:1,137,67,123,65,5,1,34.00,22.00,6,8,11
8/3/18-10:15:2,138,74,167,93,5,2,35.00,22.00,6,9,9
8/3/18-10:16:3,138,65,130,72,3,1,35.00,22.00,6,9,9
8/3/18-10:17:4,139,66,123,60,4,2,34.00,22.00,7,10,10
8/3/18-10:18:5,136,65,130,69,4,1,34.00,22.00,8,10,10
8/3/18-10:19:6,137,64,156,93,5,3,34.00,22.00,6,9,13
8/3/18-10:20:7,137,66,148,84,4,1,34.00,22.00,6,9,13
8/3/18-10:21:8,137,66,133,70,4,2,35.00,22.00,8,12,13
8/3/18-10:22:8,137,67,137,68,5,3,34.00,22.00,8,12,13
8/3/18-10:23:9,138,64,112,50,5,3,34.00,22.00,5,8,11
8/3/18-10:24:10,137,67,166,93,6,3,34.00,22.00,5,8,11
8/3/18-10:25:11,140,68,123,63,5,3,36.00,22.00,7,10,10
8/3/18-10:26:12,136,66,143,78,6,1,34.00,22.00,6,10,10
8/3/18-10:27:13,136,67,139,90,6,1,35.00,22.00,7,9,9
8/3/18-10:28:14,137,65,154,95,5,1,34.00,22.00,7,9,9
8/3/18-10:29:15,138,66,152,74,5,2,35.00,22.00,6,8,11
8/3/18-10:30:16,137,65,141,85,6,1,34.00,22.00,6,8,11
8/3/18-10:31:17,137,66,110,49,5,4,35.00,22.00,6,9,11
8/3/18-10:32:18,137,66,145,92,6,2,33.00,23.00,6,9,11
8/3/18-10:33:19,138,67,124,67,4,1,35.00,22.00,6,8,10
8/3/18-10:34:20,136,64,147,89,7,2,33.00,23.00,6,9,10
8/3/18-10:35:21,135,64,134,60,7,4,34.00,22.00,6,8,9
8/3/18-10:36:22,136,68,133,70,4,1,33.00,23.00,6,8,9
8/3/18-10:37:23,137,66,147,69,4,2,33.00,23.00,7,9,9
8/3/18-10:38:24,135,65,151,84,5,2,34.00,23.00,7,9,9
8/3/18-10:39:25,137,65,120,67,5,3,33.00,23.00,6,8,10
8/3/18-10:40:26,137,65,148,97,6,2,33.00,23.00,6,8,10
8/3/18-10:41:27,136,66,127,67,4,1,33.00,23.00,7,8,10
8/3/18-10:42:28,137,67,145,81,4,3,34.00,23.00,7,8,10
8/3/18-10:43:29,138,66,117,58,6,3,34.00,23.00,6,9,10
8/3/18-10:44:30,137,64,146,77,6,3,33.00,23.00,6,9,10
8/3/18-10:45:31,136,66,154,102,4,2,33.00,23.00,5,9,9
8/3/18-10:46:32,136,65,132,61,5,1,33.00,23.00,5,9,9
8/3/18-10:47:33,134,66,152,121,3,1,34.00,23.00,7,11,16
8/3/18-10:48:34,138,68,123,63,5,3,34.00,23.00,7,11,16
8/3/18-10:49:35,134,65,118,60,7,2,34.00,23.00,5,7,7
8/3/18-10:50:36,134,67,147,74,5,2,33.00,23.00,5,7,7
8/3/18-10:51:37,135,66,131,73,6,1,33.00,23.00,5,8,11
8/3/18-10:52:38,138,66,129,65,5,3,34.00,23.00,5,8,11
8/3/18-10:53:39,135,68,131,76,5,3,33.00,23.00,7,8,8
8/3/18-10:54:40,135,63,136,68,4,0,33.00,23.00,6,7,7
8/3/18-10:55:41,137,73,125,63,3,1,34.00,23.00,5,8,10
8/3/18-10:56:42,135,67,135,72,6,3,33.00,23.00,6,9,11
8/3/18-10:57:43,135,65,119,62,4,1,33.00,23.00,6,8,11
8/3/18-10:58:44,135,64,125,63,4,0,34.00,23.00,6,8,11
8/3/18-10:59:45,134,67,145,74,4,1,33.00,23.00,7,10,14
8/3/18-11:0:46,136,67,129,65,5,3,33.00,23.00,6,9,13
8/3/18-11:1:47,134,66,161,103,5,3,33.00,23.00,6,9,12
8/3/18-11:2:48,133,64,138,68,7,2,33.00,23.00,6,9,12
8/3/18-11:3:49,135,65,132,71,6,3,33.00,23.00,6,8,8
8/3/18-11:4:50,136,67,154,86,4,2,34.00,23.00,6,9,9
8/3/18-11:5:51,135,66,141,96,4,2,33.00,23.00,5,7,8
8/3/18-11:6:52,135,65,140,77,4,3,34.00,23.00,5,7,8
8/3/18-11:7:53,134,66,127,73,5,1,33.00,23.00,8,15,17
8/3/18-11:8:54,136,67,124,66,5,2,35.00,23.00,7,14,16
8/3/18-11:9:55,134,64,139,54,4,3,33.00,23.00,6,9,11
8/3/18-11:10:56,137,67,146,73,5,1,33.00,23.00,6,9,11
8/3/18-11:11:57,133,66,161,103,5,2,33.00,23.00,6,11,11
8/3/18-11:12:58,133,68,135,75,5,2,33.00,24.00,6,11,11
8/3/18-11:13:59,134,66,156,80,5,1,34.00,23.00,7,10,11
8/3/18-11:15:0,134,65,137,73,5,1,34.00,23.00,7,10,10
8/3/18-11:16:1,134,64,136,78,4,3,33.00,23.00,7,9,11
8/3/18-11:17:2,132,66,118,59,4,2,34.00,23.00,7,9,11
8/3/18-11:18:3,134,67,136,75,4,2,33.00,23.00,6,9,13
8/3/18-11:19:4,134,69,160,93,4,1,33.00,23.00,6,9,13
8/3/18-11:20:5,135,70,123,65,2,1,33.00,24.00,7,9,11
8/3/18-11:21:6,135,65,111,52,5,3,33.00,23.00,7,9,11
8/3/18-11:22:7,134,67,143,79,5,0,33.00,24.00,7,12,14
8/3/18-11:23:8,134,67,122,65,5,3,33.00,24.00,7,12,14
8/3/18-11:24:9,135,66,137,114,4,2,34.00,23.00,7,10,10
8/3/18-11:25:10,134,67,123,67,5,0,33.00,23.00,7,10,10
8/3/18-11:26:11,133,66,121,64,5,3,34.00,24.00,8,12,16
8/3/18-11:27:12,134,67,175,110,4,1,34.00,23.00,8,12,16
8/3/18-11:28:13,132,64,145,89,6,4,33.00,24.00,6,9,10
8/3/18-11:29:14,134,67,140,102,5,0,33.00,23.00,6,9,10
8/3/18-11:30:15,134,66,119,65,4,2,34.00,23.00,6,10,10
8/3/18-11:31:16,134,66,129,66,6,2,33.00,24.00,7,10,10
8/3/18-11:32:17,132,64,135,66,5,3,34.00,23.00,7,10,12
8/3/18-11:33:18,134,67,117,64,4,2,33.00,24.00,7,10,12
8/3/18-11:34:19,134,67,135,67,4,1,33.00,24.00,7,10,14
8/3/18-11:35:20,133,66,136,91,6,3,33.00,24.00,7,11,13
8/3/18-11:36:21,132,65,154,110,6,3,33.00,24.00,7,10,13
8/3/18-11:37:22,134,73,157,84,2,0,33.00,24.00,7,10,13
8/3/18-11:38:23,133,65,152,91,6,2,33.00,24.00,8,10,10
8/3/18-11:39:24,132,64,112,55,7,4,33.00,24.00,8,10,10
8/3/18-11:40:25,133,69,128,61,5,1,33.00,24.00,7,11,14
8/3/18-11:41:26,133,68,150,103,4,2,34.00,24.00,7,11,14
8/3/18-11:42:27,133,69,137,65,2,1,33.00,24.00,8,12,13
8/3/18-11:43:28,130,66,142,73,4,3,34.00,24.00,8,12,13
8/3/18-11:44:29,133,67,151,93,4,2,34.00,24.00,20,39,54
8/3/18-11:45:30,130,64,166,121,6,2,33.00,24.00,19,39,53
8/3/18-11:46:31,131,59,134,85,6,3,33.00,24.00,9,15,15
8/3/18-11:47:32,131,64,132,97,4,2,33.00,24.00,9,15,15
8/3/18-11:48:33,132,66,152,113,6,4,34.00,24.00,10,16,21
8/3/18-11:49:34,133,66,135,83,5,3,33.00,24.00,10,16,21
8/3/18-11:50:35,134,66,149,120,5,3,33.00,24.00,8,13,15
8/3/18-11:51:36,131,64,118,73,7,3,34.00,25.00,8,13,15
8/3/18-11:52:37,130,64,136,65,5,2,33.00,24.00,9,12,12
8/3/18-11:53:38,133,67,150,97,4,1,33.00,24.00,9,12,12
8/3/18-11:54:39,133,65,135,94,5,2,34.00,24.00,9,13,15
8/3/18-11:55:40,132,65,117,65,3,3,32.00,25.00,9,13,14
8/3/18-11:56:41,131,64,145,94,4,1,33.00,24.00,11,13,13
8/3/18-11:57:42,131,65,140,83,5,3,33.00,25.00,11,13,13
8/3/18-11:58:43,132,68,130,89,2,1,32.00,25.00,9,13,15
8/3/18-11:59:44,131,73,134,68,5,3,34.00,24.00,9,13,15
8/3/18-12:0:45,133,66,142,77,5,2,32.00,24.00,9,14,14
8/3/18-12:1:46,131,68,159,91,5,0,33.00,24.00,9,14,14
8/3/18-12:2:47,130,65,157,81,4,1,32.00,25.00,10,14,14
8/3/18-12:3:48,132,66,120,62,4,2,32.00,25.00,10,14,14
8/3/18-12:4:49,132,66,160,89,5,2,33.00,24.00,9,15,15
8/3/18-12:5:50,130,65,144,92,6,1,32.00,25.00,9,15,15
8/3/18-12:6:51,130,65,131,62,4,2,32.00,25.00,8,13,14
8/3/18-12:7:52,132,66,121,75,6,1,32.00,25.00,8,13,14
8/3/18-12:8:53,130,64,173,131,5,2,32.00,25.00,9,12,13
8/3/18-12:9:54,132,65,143,103,3,3,33.00,25.00,9,12,13
8/3/18-12:10:55,132,65,130,57,5,3,32.00,25.00,9,11,13
8/3/18-12:11:56,133,66,138,81,3,5,32.00,25.00,9,11,13
8/3/18-12:12:57,130,67,129,75,6,1,32.00,25.00,9,12,12
8/3/18-12:13:58,131,67,117,69,5,3,32.00,25.00,10,13,14
8/3/18-12:14:59,131,65,117,57,7,3,32.00,25.00,8,11,12
8/3/18-12:16:0,132,68,123,76,4,2,32.00,25.00,8,11,12
8/3/18-12:17:1,131,66,141,88,4,2,32.00,25.00,9,11,11
8/3/18-12:18:2,131,65,119,56,4,3,33.00,25.00,9,11,11
8/3/18-12:19:3,133,67,152,111,3,2,32.00,25.00,8,11,13
8/3/18-12:20:4,132,65,142,81,5,3,32.00,25.00,8,11,14
8/3/18-12:21:5,131,65,145,97,5,3,32.00,25.00,8,13,14
8/3/18-12:22:6,130,64,199,116,4,3,32.00,25.00,8,13,14
8/3/18-12:23:7,130,64,147,76,4,1,32.00,25.00,9,14,15
8/3/18-12:24:8,131,65,131,79,5,2,33.00,25.00,9,13,14
8/3/18-12:25:9,130,64,129,65,5,3,33.00,24.00,9,11,13
8/3/18-12:26:10,134,66,110,63,5,1,32.00,25.00,9,11,13
8/3/18-12:27:11,132,67,124,72,4,2,32.00,25.00,9,14,14
8/3/18-12:28:12,132,65,148,81,5,2,32.00,25.00,9,14,14
8/3/18-12:29:13,131,66,110,53,6,3,32.00,25.00,11,16,17
8/3/18-12:30:14,133,65,149,82,4,1,32.00,25.00,11,16,17
8/3/18-12:31:15,130,67,132,78,4,1,33.00,25.00,10,14,15
8/3/18-12:32:16,129,65,125,72,3,3,32.00,25.00,10,14,15
8/3/18-12:33:17,132,68,142,76,4,2,32.00,25.00,8,12,13
8/3/18-12:34:18,132,66,143,80,4,3,32.00,25.00,8,12,13
8/3/18-12:35:19,130,67,139,72,4,0,32.00,25.00,8,13,16
8/3/18-12:36:20,131,65,135,92,2,1,32.00,25.00,8,13,16
8/3/18-12:37:21,131,67,127,84,4,2,32.00,25.00,10,13,13
8/3/18-12:38:22,129,64,138,83,4,1,32.00,25.00,11,13,13
8/3/18-12:39:23,128,64,142,101,4,5,32.00,25.00,11,14,16
8/3/18-12:40:24,133,67,147,98,4,2,32.00,25.00,11,14,16
8/3/18-12:41:25,129,64,137,88,6,2,32.00,25.00,11,13,13
8/3/18-12:42:26,132,69,125,72,2,1,32.00,25.00,11,14,14
8/3/18-12:43:27,130,65,125,108,5,4,32.00,26.00,11,14,16
8/3/18-12:44:28,133,67,130,69,3,2,32.00,26.00,11,14,16
8/3/18-12:45:29,131,67,127,80,2,1,33.00,25.00,12,18,19
8/3/18-12:46:30,129,64,138,88,5,3,32.00,25.00,12,18,18
8/3/18-12:47:31,130,66,159,140,5,2,32.00,25.00,12,15,18
8/3/18-12:48:32,129,65,140,76,5,3,33.00,26.00,12,15,18
8/3/18-12:49:33,129,66,153,145,4,1,32.00,25.00,11,15,15
8/3/18-12:50:34,130,64,142,72,5,3,32.00,26.00,11,15,15
8/3/18-12:51:35,130,66,133,84,4,1,32.00,25.00,11,15,18
8/3/18-12:52:36,129,64,137,68,4,3,32.00,25.00,12,15,19
8/3/18-12:53:37,128,66,139,84,6,2,32.00,26.00,14,18,23
8/3/18-12:54:38,131,66,136,79,6,3,33.00,26.00,14,18,23
8/3/18-12:55:39,130,67,109,66,3,1,32.00,26.00,11,16,18
8/3/18-12:56:40,129,64,114,80,5,3,32.00,25.00,11,16,18
8/3/18-12:57:41,129,66,108,62,4,2,32.00,25.00,10,14,16
8/3/18-12:58:42,131,67,145,85,3,2,33.00,25.00,10,14,16
8/3/18-12:59:43,131,68,110,61,4,3,32.00,25.00,13,19,21
8/3/18-13:0:44,128,65,138,84,5,4,33.00,25.00,13,19,21
8/3/18-13:1:45,130,65,135,79,4,1,32.00,25.00,13,16,19
8/3/18-13:2:46,128,66,133,112,5,3,32.00,26.00,13,16,19
8/3/18-13:3:47,130,65,109,53,2,2,32.00,26.00,13,19,20
8/3/18-13:4:48,130,67,128,103,4,3,32.00,26.00,13,19,20
8/3/18-13:5:49,129,66,133,69,5,1,32.00,25.00,15,17,17
8/3/18-13:6:50,128,62,117,67,6,3,32.00,26.00,16,18,18
8/3/18-13:7:51,129,67,136,111,4,3,32.00,26.00,13,18,21
8/3/18-13:8:52,129,66,145,90,6,1,33.00,26.00,13,18,21
8/3/18-13:9:53,129,65,119,84,6,4,32.00,25.00,13,18,20
8/3/18-13:10:54,127,67,116,58,5,3,32.00,26.00,13,18,20
8/3/18-13:11:55,128,65,110,63,4,3,31.00,26.00,16,21,21
8/3/18-13:12:56,129,66,135,85,4,2,32.00,25.00,16,21,21
8/3/18-13:13:57,127,64,101,52,5,3,32.00,26.00,12,17,20
8/3/18-13:14:58,129,65,135,74,4,3,32.00,26.00,12,17,20
8/3/18-13:15:59,131,68,124,73,4,1,33.00,25.00,12,15,18
8/3/18-13:17:0,128,66,129,75,6,1,32.00,26.00,13,17,20
8/3/18-13:18:1,128,64,126,67,8,3,32.00,26.00,11,15,17
8/3/18-13:19:2,131,67,122,65,4,3,31.00,26.00,11,15,17
8/3/18-13:20:3,129,67,132,97,4,3,32.00,26.00,13,17,20
8/3/18-13:21:4,129,67,113,65,4,1,32.00,26.00,12,16,18
8/3/18-13:22:5,130,68,149,128,4,3,32.00,26.00,13,18,20
8/3/18-13:23:6,128,66,132,79,6,4,32.00,26.00,13,18,20
8/3/18-13:24:7,128,66,128,75,6,3,32.00,26.00,13,17,18
8/3/18-13:25:8,127,64,109,54,4,3,32.00,26.00,12,16,17
8/3/18-13:26:9,128,70,156,134,5,3,32.00,26.00,13,20,21
8/3/18-13:27:10,129,67,146,88,5,2,32.00,26.00,11,18,21
8/3/18-13:28:11,127,66,126,70,5,3,32.00,26.00,11,14,16
8/3/18-13:29:12,129,69,109,63,4,3,31.00,26.00,11,14,16
8/3/18-13:30:13,127,66,133,86,5,3,32.00,26.00,10,14,15
8/3/18-13:31:14,127,67,161,144,4,1,33.00,26.00,10,14,15
8/3/18-13:32:15,129,67,135,89,4,3,32.00,26.00,10,17,20
8/3/18-13:33:16,125,65,110,63,4,1,32.00,26.00,10,17,20
8/3/18-13:34:17,128,67,145,80,5,2,32.00,26.00,11,16,16
8/3/18-13:35:18,128,65,128,72,5,3,32.00,26.00,11,16,16
8/3/18-13:36:19,127,67,131,66,4,1,32.00,26.00,12,16,16
8/3/18-13:37:20,125,66,134,83,4,3,32.00,26.00,12,16,16
8/3/18-13:38:21,128,73,160,94,4,2,32.00,26.00,9,12,13
8/3/18-13:39:22,126,63,166,105,4,3,32.00,26.00,9,12,13
8/3/18-13:40:23,128,67,152,98,4,3,32.00,26.00,11,15,16
8/3/18-13:41:24,126,63,97,54,3,3,32.00,26.00,11,15,16
8/3/18-13:42:25,126,66,157,98,5,2,32.00,26.00,9,14,14
8/3/18-13:43:26,126,64,128,69,4,3,32.00,26.00,9,14,14
8/3/18-13:44:27,129,66,123,77,3,3,32.00,26.00,11,15,16
8/3/18-13:45:27,125,67,151,82,5,1,32.00,26.00,11,15,16
8/3/18-13:46:28,128,67,128,97,6,2,32.00,26.00,13,20,21
8/3/18-13:47:29,126,66,134,78,4,1,32.00,26.00,13,19,19
8/3/18-13:48:30,126,64,101,56,5,3,32.00,26.00,12,21,22
8/3/18-13:49:31,126,66,104,63,5,3,32.00,26.00,12,21,22
8/3/18-13:50:32,125,67,125,71,5,2,32.00,26.00,12,19,20
8/3/18-13:51:33,127,63,110,67,4,2,32.00,26.00,12,19,20
8/3/18-13:52:34,128,66,147,83,7,2,32.00,26.00,12,15,16
8/3/18-13:53:35,128,67,134,108,5,3,32.00,26.00,12,14,15
8/3/18-13:54:36,127,66,115,68,3,1,32.00,26.00,16,22,25
8/3/18-13:55:37,128,68,124,60,5,3,32.00,26.00,16,22,25
8/3/18-13:56:38,128,67,132,98,5,3,32.00,26.00,14,18,20
8/3/18-13:57:39,126,66,115,67,4,2,31.00,27.00,14,18,20
8/3/18-13:58:40,126,66,115,63,5,1,31.00,27.00,12,18,23
8/3/18-13:59:41,129,67,128,77,4,2,32.00,26.00,12,17,23
8/3/18-14:0:42,126,65,104,52,2,0,32.00,26.00,10,15,15
8/3/18-14:1:43,128,68,126,89,7,3,32.00,26.00,10,15,15
8/3/18-14:2:44,125,64,125,82,5,3,32.00,26.00,10,15,16
8/3/18-14:3:45,127,68,116,71,4,2,32.00,26.00,10,14,15
8/3/18-14:4:46,125,66,151,98,4,3,31.00,27.00,10,13,13
8/3/18-14:5:47,125,67,124,77,5,3,31.00,27.00,10,13,13
8/3/18-14:6:48,126,67,129,80,5,2,31.00,27.00,12,19,20
8/3/18-14:7:49,126,67,140,79,5,2,31.00,27.00,12,18,19
8/3/18-14:8:50,125,67,125,72,5,3,31.00,27.00,14,20,20
8/3/18-14:9:51,125,65,108,58,5,3,31.00,28.00,14,20,20
8/3/18-14:10:52,125,69,123,73,4,2,31.00,27.00,14,20,20
8/3/18-14:11:53,126,69,129,78,4,2,31.00,27.00,14,20,20
8/3/18-14:12:54,124,66,135,87,6,2,31.00,27.00,14,17,19
8/3/18-14:13:55,124,68,130,82,3,1,31.00,27.00,14,17,19
8/3/18-14:14:56,126,66,106,61,4,2,127.00,27.00,13,17,18
8/3/18-14:15:57,124,67,129,86,4,1,31.00,27.00,13,17,18
8/3/18-14:16:58,125,67,115,69,4,4,31.00,27.00,13,21,24
8/3/18-14:17:59,127,67,115,77,4,2,31.00,27.00,13,21,25
8/3/18-14:19:0,127,68,103,64,3,0,31.00,27.00,10,13,17
8/3/18-14:20:1,124,65,103,49,4,2,31.00,27.00,10,13,17
8/3/18-14:21:2,127,66,129,101,5,2,32.00,26.00,8,15,15
8/3/18-14:22:3,125,66,108,77,5,2,32.00,27.00,8,15,15
8/3/18-14:23:4,127,66,114,70,5,3,31.00,28.00,10,14,14
8/3/18-14:24:5,125,66,136,67,4,3,31.00,27.00,10,14,14
8/3/18-14:25:6,125,66,124,69,5,3,31.00,27.00,10,13,15
8/3/18-14:26:7,126,69,137,77,4,3,32.00,28.00,10,13,15
8/3/18-14:27:8,126,66,94,58,5,3,31.00,27.00,11,18,19
8/3/18-14:28:9,125,68,104,69,2,1,31.00,27.00,11,18,19
8/3/18-14:29:10,127,67,174,88,4,2,31.00,27.00,12,16,17
8/3/18-14:30:11,125,65,132,83,4,3,31.00,27.00,12,16,18
8/3/18-14:31:12,125,68,129,66,2,0,31.00,27.00,12,15,17
8/3/18-14:32:13,125,68,131,70,4,0,31.00,27.00,12,15,17
8/3/18-14:33:14,126,66,123,76,5,3,31.00,28.00,8,14,15
8/3/18-14:34:15,126,69,133,76,4,2,31.00,28.00,8,14,15
8/3/18-14:35:16,123,68,116,62,4,3,31.00,27.00,9,13,17
8/3/18-14:36:17,125,67,119,96,4,2,31.00,27.00,9,13,17
8/3/18-14:37:18,126,71,131,75,2,0,31.00,28.00,10,14,20
8/3/18-14:38:19,126,67,142,84,6,3,31.00,28.00,10,15,20
8/3/18-14:39:20,123,65,104,58,6,4,31.00,27.00,8,12,13
8/3/18-14:40:21,125,67,140,96,5,3,31.00,28.00,8,12,13
8/3/18-14:41:22,124,68,168,97,5,1,31.00,28.00,9,12,14
8/3/18-14:42:23,123,67,130,75,4,2,31.00,28.00,9,12,14
8/3/18-14:43:24,124,66,161,73,4,3,31.00,27.00,6,10,12
8/3/18-14:44:25,124,67,177,114,5,3,31.00,28.00,6,10,12
8/3/18-14:45:26,123,67,132,86,5,1,31.00,28.00,9,10,12
8/3/18-14:46:27,124,67,142,90,4,1,31.00,28.00,8,10,11
8/3/18-14:47:28,124,66,115,63,6,1,31.00,28.00,7,11,14
8/3/18-14:48:29,125,67,112,65,5,2,31.00,28.00,6,10,13
8/3/18-14:49:30,123,66,118,73,5,3,31.00,28.00,6,10,10
8/3/18-14:50:31,123,66,126,74,5,2,31.00,28.00,6,9,9
8/3/18-14:51:32,122,67,141,80,4,2,31.00,28.00,7,10,11
8/3/18-14:52:33,123,66,132,70,3,3,31.00,28.00,7,10,11
8/3/18-14:53:34,123,68,143,72,4,2,31.00,28.00,6,8,8
8/3/18-14:54:35,125,67,129,69,4,2,31.00,28.00,5,7,7
8/3/18-14:55:36,123,66,135,94,4,2,31.00,28.00,7,10,11
8/3/18-14:56:37,121,67,152,76,7,3,31.00,28.00,7,10,11
8/3/18-14:57:38,126,66,120,74,5,3,31.00,28.00,6,9,10
8/3/18-14:58:39,125,66,126,65,4,1,31.00,28.00,6,9,10
8/3/18-14:59:40,123,65,140,73,4,3,31.00,28.00,7,9,9
8/3/18-15:0:41,123,65,126,68,4,2,31.00,28.00,7,9,9
8/3/18-15:1:42,125,67,114,64,4,2,31.00,28.00,8,10,13
8/3/18-15:2:43,123,63,141,80,3,1,31.00,28.00,7,10,14
8/3/18-15:3:44,123,69,146,102,4,1,31.00,28.00,6,9,9
8/3/18-15:4:45,124,64,124,56,4,3,31.00,28.00,6,9,9
8/3/18-15:5:46,122,64,174,110,5,1,31.00,28.00,6,9,10
8/3/18-15:6:47,124,67,137,76,4,1,30.00,28.00,6,8,10
8/3/18-15:7:48,122,65,162,107,4,1,31.00,28.00,4,7,7
8/3/18-15:8:49,123,66,127,79,4,1,31.00,28.00,5,8,9
8/3/18-15:9:50,124,66,139,72,5,2,31.00,28.00,5,6,6
8/3/18-15:10:51,124,65,121,69,5,3,31.00,28.00,4,5,5
8/3/18-15:11:52,123,64,122,72,6,3,31.00,28.00,5,8,9
8/3/18-15:12:53,122,66,146,84,4,3,31.00,28.00,6,9,10
8/3/18-15:13:54,124,66,142,83,4,1,31.00,28.00,3,7,7
8/3/18-15:14:55,123,68,159,80,4,1,31.00,28.00,4,8,8
8/3/18-15:15:56,124,64,124,84,4,3,31.00,28.00,5,7,7
8/3/18-15:16:57,120,62,115,56,4,2,31.00,28.00,5,7,7
8/3/18-15:17:58,125,65,118,66,4,2,31.00,28.00,7,8,9
8/3/18-15:18:59,124,64,145,79,5,3,31.00,28.00,6,7,8
8/3/18-15:20:0,122,64,135,87,4,1,31.00,28.00,5,7,8
8/3/18-15:21:1,125,66,132,96,4,2,31.00,28.00,5,7,8
8/3/18-15:22:2,125,63,154,108,2,1,31.00,27.00,6,8,11
8/3/18-15:23:3,124,71,140,77,4,3,31.00,28.00,6,8,9
8/3/18-15:24:4,124,66,140,56,2,2,31.00,27.00,6,8,8
8/3/18-15:25:5,124,65,126,64,4,2,30.00,28.00,6,8,8
8/3/18-15:26:6,123,62,140,73,4,2,32.00,28.00,5,6,6
8/3/18-15:27:7,122,65,138,79,4,1,31.00,28.00,5,6,6
8/3/18-15:28:8,124,66,181,107,5,1,31.00,28.00,7,9,9
8/3/18-15:29:9,122,65,109,63,4,1,31.00,28.00,7,9,9
8/3/18-15:30:10,123,67,140,76,6,3,31.00,28.00,5,6,6
8/3/18-15:31:11,123,64,164,116,5,3,31.00,28.00,5,6,6
8/3/18-15:32:12,124,66,159,121,4,2,31.00,28.00,4,5,7
8/3/18-15:33:13,125,67,136,87,5,3,31.00,28.00,5,6,8
8/3/18-15:34:14,125,66,154,83,4,2,31.00,28.00,4,7,7
8/3/18-15:35:15,122,65,134,90,6,2,31.00,28.00,4,7,7
8/3/18-15:36:16,123,59,140,68,4,3,31.00,28.00,5,8,10
8/3/18-15:37:17,124,66,141,78,6,3,31.00,28.00,5,8,10
8/3/18-15:38:18,124,68,103,60,3,1,31.00,28.00,5,7,7
8/3/18-15:39:19,124,66,111,68,3,2,31.00,28.00,5,7,7
8/3/18-15:40:20,122,63,143,86,4,1,31.00,28.00,4,6,6
8/3/18-15:41:21,124,64,132,72,5,3,31.00,28.00,4,6,6
8/3/18-15:42:22,122,67,136,86,4,1,31.00,28.00,6,7,9
8/3/18-15:43:23,124,68,125,76,4,2,31.00,28.00,5,6,8
8/3/18-15:44:24,123,66,113,54,4,3,30.00,29.00,6,8,9
8/3/18-15:45:25,123,65,115,65,6,3,31.00,28.00,6,8,9
8/3/18-15:46:26,122,66,145,102,4,1,31.00,28.00,6,7,7
8/3/18-15:47:27,122,65,137,82,8,3,31.00,28.00,6,7,7
8/3/18-15:48:28,122,65,120,72,4,3,31.00,28.00,6,9,9
8/3/18-15:49:29,122,66,127,67,5,2,30.00,29.00,6,9,9
8/3/18-15:50:30,122,66,123,76,5,3,30.00,29.00,5,7,8
8/3/18-15:51:31,122,72,133,72,4,1,31.00,28.00,6,8,9
8/3/18-15:52:32,122,63,110,54,4,3,31.00,28.00,6,8,8
8/3/18-15:53:33,123,66,146,80,5,2,30.00,29.00,6,8,8
8/3/18-15:54:34,122,65,161,82,5,3,31.00,28.00,6,9,12
8/3/18-15:55:35,123,69,143,115,4,1,30.00,29.00,7,9,12
8/3/18-15:56:36,119,64,113,67,5,4,30.00,29.00,6,8,9
8/3/18-15:57:37,123,66,119,69,5,2,30.00,29.00,5,7,8
8/3/18-15:58:38,122,67,119,73,4,2,30.00,29.00,6,8,8
8/3/18-15:59:39,121,68,150,99,3,0,30.00,29.00,6,8,8
8/3/18-16:0:40,120,64,133,62,4,3,30.00,29.00,6,9,10
8/3/18-16:1:41,123,65,147,80,4,3,29.00,29.00,6,9,10
8/3/18-16:2:42,122,64,147,115,6,3,30.00,29.00,6,8,8
8/3/18-16:3:43,122,70,110,62,0,0,30.00,29.00,6,8,8
8/3/18-16:4:44,119,64,109,55,5,3,30.00,29.00,6,7,7
8/3/18-16:5:45,124,66,112,66,5,3,30.00,29.00,6,7,7
8/3/18-16:6:46,122,68,145,92,4,1,30.00,29.00,6,7,7
8/3/18-16:7:47,122,67,121,73,4,1,30.00,29.00,5,7,7
8/3/18-16:8:48,121,65,136,71,4,3,30.00,29.00,7,9,9
8/3/18-16:9:49,121,65,130,65,5,4,30.00,29.00,9,11,11
8/3/18-16:10:50,121,66,148,86,5,4,30.00,29.00,9,11,11
8/3/18-16:11:51,120,65,162,90,5,3,30.00,29.00,5,8,10
8/3/18-16:12:52,121,66,125,72,4,1,30.00,29.00,6,9,11
8/3/18-16:13:53,121,66,101,51,5,2,30.00,29.00,6,9,9
8/3/18-16:14:54,122,66,105,66,5,3,31.00,28.00,6,9,9
8/3/18-16:15:55,121,67,152,92,4,2,30.00,29.00,7,9,10
8/3/18-16:16:56,120,64,111,62,4,1,30.00,29.00,7,9,10
8/3/18-16:17:57,120,64,124,53,5,3,30.00,29.00,5,6,6
8/3/18-16:18:58,124,66,136,71,5,3,30.00,29.00,5,6,6
8/3/18-16:19:59,121,70,153,93,5,3,29.00,29.00,6,8,9
8/3/18-16:21:0,119,66,124,68,6,3,30.00,29.00,4,6,8
8/3/18-16:22:1,120,66,131,65,4,0,30.00,29.00,7,9,9
8/3/18-16:23:2,122,68,141,77,4,2,31.00,28.00,7,9,9
8/3/18-16:24:3,120,66,128,77,5,1,30.00,29.00,4,7,7
8/3/18-16:25:4,122,66,147,114,4,2,30.00,29.00,4,7,7
8/3/18-16:26:5,121,64,112,53,5,4,30.00,29.00,5,8,12
8/3/18-16:27:6,120,67,144,82,4,2,30.00,29.00,5,8,12
8/3/18-16:28:7,121,66,137,82,5,1,30.00,29.00,8,10,11
8/3/18-16:29:8,121,69,107,63,2,0,30.00,29.00,8,9,11
8/3/18-16:30:9,121,68,146,57,4,2,30.00,29.00,8,10,10
8/3/18-16:31:10,120,68,119,70,4,2,30.00,29.00,8,10,10
8/3/18-16:32:11,119,66,150,105,5,1,30.00,29.00,5,6,9
8/3/18-16:33:12,122,64,150,105,3,2,31.00,28.00,5,6,9
8/3/18-16:34:13,120,65,134,69,5,2,30.00,29.00,7,8,12
8/3/18-16:35:14,120,68,128,81,4,1,30.00,28.00,7,8,12
8/3/18-16:36:15,123,67,127,70,4,3,31.00,28.00,7,11,12
8/3/18-16:37:16,123,65,135,94,4,3,31.00,28.00,7,11,13
8/3/18-16:38:17,119,64,118,65,5,3,31.00,28.00,7,9,9
8/3/18-16:39:18,122,67,136,66,4,2,31.00,28.00,7,9,9
8/3/18-16:40:19,123,66,140,79,4,2,32.00,28.00,6,7,7
8/3/18-16:41:20,123,66,140,118,5,2,31.00,28.00,6,7,7
8/3/18-16:42:21,122,64,138,65,6,3,31.00,28.00,6,7,9
8/3/18-16:43:22,123,66,136,75,6,2,31.00,28.00,6,7,9
8/3/18-16:44:23,122,69,200,111,4,0,31.00,28.00,6,8,8
8/3/18-16:45:24,121,65,185,94,6,3,31.00,28.00,6,8,8
8/3/18-16:46:25,121,64,137,87,6,3,31.00,28.00,7,8,8
8/3/18-16:47:26,123,66,199,131,5,2,31.00,28.00,7,8,8
8/3/18-16:48:27,122,66,143,78,4,1,31.00,27.00,7,8,8
8/3/18-16:49:28,122,71,139,93,5,3,31.00,28.00,7,8,8
8/3/18-16:50:29,123,64,114,64,4,3,31.00,28.00,6,8,10
8/3/18-16:51:30,122,65,143,78,4,2,31.00,28.00,6,8,10
8/3/18-16:52:31,120,64,152,83,6,3,31.00,28.00,7,10,10
8/3/18-16:53:32,121,65,156,93,6,2,31.00,28.00,7,10,10
8/3/18-16:54:33,122,67,143,87,9,1,31.00,28.00,8,10,12
8/3/18-16:55:34,123,66,156,97,6,3,31.00,28.00,8,10,12
8/3/18-16:56:35,123,67,167,89,5,1,31.00,28.00,8,10,13
8/3/18-16:57:36,121,65,173,131,5,2,31.00,28.00,8,10,13
8/3/18-16:58:37,123,66,146,81,5,3,31.00,28.00,7,9,14
8/3/18-16:59:38,122,66,206,151,7,1,31.00,28.00,7,9,13
8/3/18-17:0:39,123,73,155,86,4,2,31.00,28.00,6,8,10
8/3/18-17:1:40,122,66,170,77,5,1,31.00,28.00,6,8,10
8/3/18-17:2:41,124,68,181,91,4,1,31.00,28.00,7,10,12
8/3/18-17:3:42,122,66,122,69,4,1,31.00,28.00,7,10,12
8/3/18-17:4:43,119,64,136,78,4,2,31.00,28.00,5,8,10
8/3/18-17:5:44,123,69,194,140,4,0,30.00,28.00,5,8,10
8/3/18-17:6:45,121,65,134,77,6,3,30.00,29.00,6,8,9
8/3/18-17:7:46,122,64,119,64,5,3,30.00,29.00,6,8,9
8/3/18-17:8:47,122,68,110,65,6,2,30.00,29.00,6,10,10
8/3/18-17:9:48,123,66,146,82,6,3,30.00,29.00,6,10,10
8/3/18-17:10:49,123,66,139,88,5,2,30.00,29.00,6,10,14
8/3/18-17:11:50,120,67,112,67,4,2,30.00,29.00,6,10,14
8/3/18-17:12:51,122,66,124,63,4,3,30.00,29.00,7,10,11
8/3/18-17:13:52,123,66,142,82,4,2,30.00,29.00,7,10,11
8/3/18-17:14:53,121,66,136,84,3,1,30.00,29.00,7,10,10
8/3/18-17:15:54,121,68,111,65,2,0,30.00,29.00,7,10,10
8/3/18-17:16:55,120,67,107,60,4,2,30.00,29.00,7,10,11
8/3/18-17:17:56,121,65,112,66,5,3,30.00,29.00,8,11,12
8/3/18-17:18:57,121,67,133,73,5,4,30.00,29.00,7,9,12
8/3/18-17:19:58,120,66,115,65,5,1,30.00,29.00,7,10,12
8/3/18-17:20:59,118,63,106,54,7,2,30.00,29.00,9,10,13
8/3/18-17:22:0,122,67,168,89,3,1,30.00,29.00,9,10,13
8/3/18-17:23:1,121,66,144,82,6,1,30.00,29.00,6,8,9
8/3/18-17:24:2,121,67,163,86,4,0,30.00,29.00,6,8,8
8/3/18-17:25:3,118,63,128,73,6,2,30.00,29.00,8,10,10
8/3/18-17:26:4,121,67,173,127,5,2,30.00,29.00,8,10,10
8/3/18-17:27:5,119,66,156,74,6,3,30.00,29.00,7,11,11
8/3/18-17:28:6,119,66,109,65,4,1,30.00,29.00,8,12,12
8/3/18-17:29:7,118,64,129,63,5,3,30.00,29.00,8,11,11
8/3/18-17:30:8,119,66,127,74,6,3,30.00,29.00,8,11,11
8/3/18-17:31:9,121,67,196,157,4,1,30.00,29.00,7,13,13
8/3/18-17:32:10,118,66,159,85,6,2,30.00,29.00,7,13,13
8/3/18-17:33:11,119,66,127,91,4,3,30.00,29.00,6,9,9
8/3/18-17:34:12,122,71,159,111,4,2,30.00,29.00,6,9,9
8/3/18-17:35:13,120,66,162,74,5,3,30.00,29.00,7,9,9
8/3/18-17:36:14,121,66,157,107,5,3,30.00,29.00,6,8,8
8/3/18-17:37:15,119,64,126,53,6,3,30.00,29.00,7,9,11
8/3/18-17:38:16,120,67,148,85,7,2,30.00,29.00,7,9,11
8/3/18-17:39:17,121,68,164,136,4,0,30.00,29.00,8,13,13
8/3/18-17:40:18,119,69,147,83,5,3,30.00,29.00,8,13,13
8/3/18-17:41:19,120,66,153,64,6,3,31.00,28.00,7,11,11
8/3/18-17:42:20,120,66,158,79,5,3,30.00,29.00,7,11,11
8/3/18-17:43:21,122,68,193,111,5,2,30.00,29.00,9,10,12
8/3/18-17:44:22,119,67,152,110,4,1,30.00,29.00,8,10,11
8/3/18-17:45:23,119,64,154,124,4,2,30.00,29.00,8,10,12
8/3/18-17:46:24,122,67,149,78,4,1,30.00,29.00,8,10,12
8/3/18-17:47:25,120,66,173,79,6,3,30.00,29.00,7,9,10
8/3/18-17:48:26,119,65,154,88,5,3,31.00,28.00,7,9,12
8/3/18-17:49:27,118,65,156,75,7,3,30.00,29.00,7,10,11
8/3/18-17:50:28,122,65,184,112,4,2,30.00,29.00,7,10,11
