22_2_18.txt
22_2_18.txt
22/2/18-8:45:14,139,113,414,58,191,3,32.00,25.00,17,19
22/2/18-8:46:15,139,119,356,65,179,2,32.00,25.00,17,19
22_2_18.txt
22_2_18.txt
22/2/18-8:47:37,570,119,310,65,157,2,32.00,25.00,2,2,2
22_2_18.txt
22_2_18.txt
22_2_18.txt
22/2/18-8:52:0,558,102,236,44,89,2,33.00,22.00,10,10,10
22/2/18-8:53:1,138,107,223,48,41,3,34.00,22.00,10,15,18
22/2/18-8:54:2,137,101,224,47,41,1,33.00,22.00,10,15,18
22/2/18-8:55:3,135,101,248,55,41,1,34.00,22.00,8,14,15
22/2/18-8:56:4,137,103,228,48,40,3,34.00,22.00,8,14,15
22/2/18-8:57:5,137,101,220,49,36,3,34.00,22.00,8,14,18
22/2/18-8:58:6,136,100,232,59,50,2,34.00,22.00,8,14,18
22/2/18-8:59:7,138,101,256,70,49,1,34.00,22.00,10,13,17
22/2/18-9:0:8,137,100,234,51,58,1,34.00,22.00,10,13,17
22/2/18-9:1:9,137,96,210,47,54,3,34.00,22.00,9,17,20
22/2/18-9:2:10,137,100,219,52,48,3,34.00,22.00,9,16,20
22/2/18-9:3:11,137,99,237,52,53,1,34.00,22.00,6,9,9
22/2/18-9:4:12,139,102,233,52,60,4,34.00,22.00,6,9,9
22/2/18-9:5:13,137,101,222,50,48,0,34.00,22.00,8,11,12
22/2/18-9:6:14,138,96,207,47,34,3,34.00,22.00,8,11,12
22/2/18-9:7:15,137,100,232,58,41,3,34.00,22.00,9,11,16
22/2/18-9:8:16,137,101,218,48,39,3,34.00,22.00,9,11,16
22/2/18-9:9:17,138,100,214,48,32,3,34.00,22.00,9,13,17
22/2/18-9:10:18,136,95,212,48,35,3,34.00,22.00,9,13,17
22/2/18-9:11:19,137,99,219,48,34,3,33.00,22.00,8,12,12
22/2/18-9:12:20,137,99,223,51,32,1,34.00,22.00,8,12,12
22/2/18-9:13:21,138,99,225,54,26,2,34.00,22.00,7,11,13
22/2/18-9:14:22,136,93,199,44,21,4,34.00,22.00,7,11,13
22/2/18-9:15:23,137,98,222,52,24,3,34.00,22.00,8,12,12
22/2/18-9:16:24,139,105,232,54,30,1,34.00,22.00,8,12,12
22/2/18-9:17:25,137,98,231,58,39,1,34.00,22.00,7,11,15
22/2/18-9:18:26,139,100,225,50,42,1,34.00,22.00,7,11,15
22/2/18-9:19:27,137,97,219,51,32,3,34.00,22.00,7,10,11
22/2/18-9:20:28,137,98,223,57,24,2,34.00,22.00,7,11,12
22/2/18-9:21:29,138,94,208,43,19,3,34.00,22.00,5,9,10
22/2/18-9:22:30,137,99,222,55,18,1,34.00,22.00,6,10,11
22/2/18-9:23:31,138,99,210,49,16,3,34.00,22.00,7,10,15
22/2/18-9:24:32,137,93,198,42,18,3,34.00,22.00,7,10,15
22/2/18-9:25:33,137,97,249,89,28,3,34.00,22.00,7,11,11
22/2/18-9:26:34,138,98,227,54,28,3,34.00,22.00,7,10,10
22/2/18-9:27:35,137,99,240,56,35,3,33.00,23.00,8,10,12
22/2/18-9:28:36,136,94,204,42,32,4,33.00,23.00,8,10,12
22/2/18-9:29:37,136,97,220,52,33,2,33.00,23.00,7,10,13
22/2/18-9:30:38,137,99,219,50,27,3,33.00,23.00,7,10,11
22/2/18-9:31:39,137,94,205,44,25,4,33.00,23.00,7,10,11
22/2/18-9:32:40,136,99,248,63,30,1,33.00,23.00,7,10,11
22/2/18-9:33:41,138,99,223,54,30,3,33.00,23.00,6,10,11
22/2/18-9:34:42,136,98,219,59,22,1,33.00,23.00,6,10,11
22/2/18-9:35:43,136,97,232,59,20,2,33.00,23.00,7,9,9
22/2/18-9:36:44,136,98,235,62,17,1,33.00,23.00,7,9,9
22/2/18-9:37:45,136,98,226,59,19,2,33.00,23.00,7,10,12
22/2/18-9:38:46,137,95,224,48,17,3,33.00,23.00,7,10,12
22/2/18-9:39:47,137,99,232,51,25,0,33.00,23.00,5,11,14
22/2/18-9:40:48,138,98,222,56,22,3,33.00,23.00,5,11,14
22/2/18-9:41:49,137,98,214,53,14,3,33.00,23.00,4,6,9
22/2/18-9:42:50,138,98,222,61,18,2,33.00,23.00,5,7,8
22/2/18-9:43:51,137,102,216,55,22,3,33.00,23.00,5,9,10
22/2/18-9:44:52,138,95,199,40,15,2,33.00,23.00,5,9,10
22/2/18-9:45:53,137,98,210,51,16,4,33.00,23.00,5,7,8
22/2/18-9:46:54,136,99,211,57,13,1,33.00,23.00,4,6,7
22/2/18-9:47:55,135,97,242,74,18,1,33.00,24.00,2,5,5
22/2/18-9:48:56,136,98,209,48,15,1,33.00,23.00,2,5,5
22/2/18-9:49:57,136,98,212,49,16,3,33.00,23.00,5,7,8
22/2/18-9:50:58,135,99,204,50,12,2,33.00,23.00,5,7,8
22/2/18-9:51:59,137,95,197,42,9,3,33.00,23.00,3,5,5
22/2/18-9:53:0,135,99,221,58,12,1,33.00,23.00,3,5,5
22/2/18-9:54:1,134,97,212,51,13,1,33.00,23.00,2,3,6
22/2/18-9:55:2,137,98,225,60,14,2,33.00,23.00,2,3,6
22/2/18-9:56:3,135,97,220,55,14,3,33.00,23.00,3,5,7
22/2/18-9:57:4,137,98,240,71,13,3,33.00,23.00,3,5,7
22/2/18-9:58:5,134,98,211,47,14,2,33.00,24.00,4,5,5
22/2/18-9:59:6,136,95,230,74,13,2,33.00,23.00,4,5,5
22/2/18-10:0:7,135,99,252,80,17,3,33.00,24.00,4,8,14
22/2/18-10:1:8,135,98,217,51,14,1,33.00,24.00,4,8,14
22/2/18-10:2:9,135,97,208,49,13,3,33.00,24.00,4,5,5
22/2/18-10:3:10,135,94,199,44,12,4,33.00,23.00,3,4,4
22/2/18-10:4:11,135,96,213,56,11,3,32.00,23.00,2,4,5
22/2/18-10:5:12,135,99,208,50,9,0,34.00,24.00,3,5,6
22/2/18-10:6:13,136,100,240,88,13,3,33.00,23.00,3,7,7
22/2/18-10:7:14,134,94,223,47,11,3,33.00,24.00,3,7,7
22/2/18-10:8:15,133,97,216,53,12,2,31.00,23.00,4,5,5
22/2/18-10:9:16,135,99,262,74,16,2,33.00,23.00,4,5,5
22/2/18-10:10:17,133,97,229,59,18,2,33.00,23.00,4,6,12
22/2/18-10:11:18,135,94,199,41,12,4,33.00,24.00,4,6,12
22/2/18-10:12:19,135,99,213,48,13,3,33.00,24.00,2,5,8
22/2/18-10:13:20,134,97,212,52,15,3,33.00,24.00,2,5,8
22/2/18-10:14:21,133,94,207,48,10,3,33.00,24.00,3,4,4
22/2/18-10:15:22,135,97,227,61,11,3,0.00,24.00,3,4,4
22/2/18-10:16:23,135,98,229,67,10,1,33.00,24.00,4,5,6
22/2/18-10:17:24,134,97,207,53,11,3,33.00,23.00,3,4,5
22/2/18-10:18:25,135,95,215,67,11,3,33.00,23.00,3,4,7
22/2/18-10:19:26,134,98,227,53,12,1,33.00,24.00,3,4,7
22/2/18-10:20:27,134,99,227,69,9,1,33.00,24.00,3,3,3
22/2/18-10:21:28,133,96,212,56,10,2,33.00,24.00,3,3,3
22/2/18-10:22:29,133,93,215,45,10,2,33.00,24.00,3,5,6
22/2/18-10:23:30,132,97,230,67,9,1,33.00,24.00,3,5,6
22/2/18-10:24:31,135,97,207,47,11,2,33.00,23.00,2,5,5
22/2/18-10:25:32,135,96,214,50,10,2,33.00,24.00,2,5,5
22/2/18-10:26:33,134,92,199,38,8,3,33.00,24.00,3,5,5
22/2/18-10:27:34,135,96,202,47,9,3,33.00,24.00,3,5,5
22/2/18-10:28:35,135,96,224,56,10,3,33.00,24.00,2,3,4
22/2/18-10:29:36,133,96,207,51,11,2,33.00,24.00,2,4,6
22/2/18-10:30:37,134,94,201,42,10,2,33.00,24.00,2,3,3
22/2/18-10:31:38,133,97,225,55,11,2,33.00,24.00,2,3,3
22/2/18-10:32:38,134,97,208,48,9,2,33.00,24.00,2,3,3
22/2/18-10:33:39,134,99,221,86,9,2,33.00,24.00,2,3,3
22/2/18-10:34:40,134,94,198,49,8,3,32.00,25.00,2,4,5
22/2/18-10:35:41,134,99,199,46,8,3,32.00,25.00,2,4,5
22/2/18-10:36:42,134,96,209,50,9,3,33.00,24.00,4,6,6
22/2/18-10:37:43,133,96,223,55,11,2,33.00,24.00,4,6,6
22/2/18-10:38:44,132,93,203,43,10,3,33.00,24.00,2,3,4
22/2/18-10:39:45,134,97,217,57,8,3,33.00,24.00,2,3,4
22/2/18-10:40:46,133,96,212,51,11,3,33.00,24.00,3,5,6
22/2/18-10:41:47,131,96,200,51,11,1,33.00,24.00,3,5,6
22/2/18-10:42:48,134,97,208,55,9,1,33.00,24.00,3,4,5
22/2/18-10:43:49,133,96,241,63,10,2,33.00,24.00,3,4,5
22/2/18-10:44:50,132,96,207,51,9,1,33.00,24.00,3,4,4
22/2/18-10:45:51,130,92,194,47,11,3,32.00,25.00,3,4,4
22/2/18-10:46:52,134,96,246,65,10,2,33.00,24.00,3,4,4
22/2/18-10:47:53,131,95,255,88,9,1,33.00,24.00,3,4,4
22/2/18-10:48:54,131,96,225,66,10,2,32.00,25.00,2,3,4
22/2/18-10:49:55,130,92,220,76,11,2,32.00,25.00,2,3,4
22/2/18-10:50:56,132,96,222,63,11,3,31.00,25.00,3,4,7
22/2/18-10:51:57,133,98,201,48,9,3,32.00,25.00,3,4,7
22/2/18-10:52:58,132,96,215,54,10,1,32.00,25.00,3,3,6
22/2/18-10:53:59,133,94,217,51,9,3,32.00,25.00,3,3,6
22/2/18-10:55:0,132,97,209,55,9,4,32.00,25.00,3,4,4
22/2/18-10:56:1,133,96,198,50,10,2,33.00,24.00,3,4,4
22/2/18-10:57:2,133,97,209,68,9,1,32.00,25.00,3,5,6
22/2/18-10:58:3,134,93,201,48,9,2,32.00,25.00,3,5,6
22/2/18-10:59:4,133,97,205,51,12,3,32.00,25.00,2,4,4
22/2/18-11:0:5,131,97,208,55,11,2,32.00,25.00,2,5,5
22/2/18-11:1:6,132,98,201,52,9,2,32.00,25.00,3,4,4
22/2/18-11:2:7,131,94,192,43,9,2,32.00,25.00,3,4,4
22/2/18-11:3:8,133,97,196,46,9,3,32.00,25.00,2,4,5
22/2/18-11:4:9,132,96,220,61,11,2,32.00,25.00,2,3,4
22/2/18-11:5:10,133,98,231,86,10,3,32.00,25.00,3,4,4
22/2/18-11:6:11,131,94,202,46,9,3,32.00,25.00,3,4,4
22/2/18-11:7:12,131,98,231,62,9,0,32.00,25.00,2,4,5
22/2/18-11:8:13,133,97,244,81,10,2,32.00,25.00,2,4,6
22/2/18-11:9:14,132,97,205,50,9,3,32.00,25.00,3,6,6
22/2/18-11:10:15,130,93,195,43,8,3,32.00,25.00,3,6,6
22/2/18-11:11:16,131,96,194,50,10,4,32.00,25.00,3,4,6
22/2/18-11:12:17,131,99,196,49,8,3,32.00,25.00,3,4,6
22/2/18-11:13:18,130,96,195,51,8,2,32.00,25.00,3,6,7
22/2/18-11:14:19,131,92,198,48,9,4,32.00,25.00,3,5,7
22/2/18-11:15:20,133,97,207,52,8,2,32.00,25.00,3,4,5
22/2/18-11:16:21,132,95,224,60,8,0,32.00,26.00,2,3,4
22/2/18-11:17:22,131,96,194,50,10,5,32.00,25.00,2,4,4
22/2/18-11:18:23,132,92,204,50,7,3,32.00,25.00,2,4,4
22/2/18-11:19:24,130,96,194,46,8,1,32.00,25.00,3,4,5
22/2/18-11:20:25,132,97,200,49,6,1,32.00,25.00,3,5,5
22/2/18-11:21:26,131,96,207,53,9,3,32.00,25.00,4,5,5
22/2/18-11:22:27,131,92,186,41,9,3,32.00,25.00,4,5,5
22/2/18-11:23:28,130,96,204,55,9,3,32.00,26.00,4,7,7
22/2/18-11:24:29,132,97,200,52,9,3,32.00,25.00,3,6,7
22/2/18-11:25:30,130,97,208,50,11,3,32.00,26.00,3,5,5
22/2/18-11:26:31,131,95,194,49,9,5,32.00,25.00,3,5,5
22/2/18-11:27:32,131,97,196,51,8,2,32.00,25.00,2,4,4
22/2/18-11:28:33,130,95,206,50,9,2,32.00,26.00,2,4,4
22/2/18-11:29:34,130,95,193,55,8,1,32.00,25.00,3,5,5
22/2/18-11:30:35,132,96,254,88,10,3,32.00,25.00,3,5,5
22/2/18-11:31:36,132,96,202,65,10,3,32.00,25.00,4,7,8
22/2/18-11:32:37,132,96,193,48,7,2,32.00,25.00,4,6,7
22/2/18-11:33:38,130,94,183,47,7,1,32.00,25.00,3,5,5
22/2/18-11:34:39,130,96,196,54,8,1,32.00,26.00,3,5,5
22/2/18-11:35:40,132,96,200,47,8,2,32.00,25.00,4,4,4
22/2/18-11:36:41,130,96,200,52,10,4,32.00,26.00,4,4,4
22/2/18-11:37:42,130,92,190,45,8,3,32.00,25.00,4,5,6
22/2/18-11:38:43,133,97,196,55,6,0,32.00,25.00,4,5,6
22/2/18-11:39:44,129,95,195,47,10,3,32.00,26.00,3,4,5
22/2/18-11:40:45,131,95,201,51,9,3,32.00,26.00,3,4,5
22/2/18-11:41:46,129,91,182,41,8,2,32.00,26.00,2,4,4
22/2/18-11:42:47,131,95,227,81,10,3,32.00,26.00,2,4,4
22/2/18-11:43:48,129,97,212,50,8,1,32.00,26.00,1,4,4
22/2/18-11:44:49,129,96,217,65,10,2,32.00,26.00,2,4,4
22/2/18-11:45:50,129,92,194,45,8,4,32.00,26.00,3,4,4
22/2/18-11:46:51,129,96,205,55,8,3,32.00,26.00,3,4,4
22/2/18-11:47:52,130,96,196,49,7,1,32.00,26.00,3,4,4
22/2/18-11:48:53,130,100,196,54,11,3,32.00,26.00,3,5,5
22/2/18-11:49:54,127,91,175,38,8,5,32.00,26.00,1,3,3
22/2/18-11:50:55,131,96,199,49,7,2,32.00,26.00,1,3,3
22/2/18-11:51:56,130,95,189,48,6,0,32.00,26.00,3,5,5
22/2/18-11:52:57,129,95,187,49,8,4,32.00,26.00,3,5,5
22/2/18-11:53:58,128,92,185,58,9,2,32.00,26.00,2,5,5
22/2/18-11:54:59,129,96,210,66,9,4,32.00,26.00,2,5,5
22/2/18-11:56:0,130,95,195,49,7,2,33.00,26.00,3,4,6
22/2/18-11:57:1,129,97,202,49,8,2,32.00,26.00,3,4,7
22/2/18-11:58:2,129,93,175,41,6,2,32.00,26.00,2,4,5
22/2/18-11:59:3,129,96,191,54,9,3,32.00,26.00,2,4,5
22/2/18-12:0:4,129,97,218,56,8,0,33.00,26.00,4,4,6
22/2/18-12:1:5,129,96,190,48,9,3,32.00,26.00,4,4,6
22/2/18-12:2:6,126,91,206,54,11,4,32.00,26.00,3,4,4
22/2/18-12:3:7,128,96,209,63,9,2,32.00,26.00,3,4,4
22/2/18-12:4:8,130,96,198,55,8,2,33.00,26.00,3,3,3
22/2/18-12:5:9,128,96,208,65,7,3,32.00,26.00,3,4,4
22/2/18-12:6:10,127,91,203,62,6,1,32.00,26.00,4,5,5
22/2/18-12:7:11,129,95,208,47,9,2,31.00,26.00,4,5,5
22/2/18-12:8:12,128,96,243,69,7,1,33.00,26.00,3,4,4
22/2/18-12:9:13,128,95,190,49,9,4,31.00,27.00,2,4,4
22/2/18-12:10:14,126,90,178,40,7,5,32.00,26.00,3,4,5
22/2/18-12:11:15,129,96,224,91,8,3,31.00,26.00,2,3,4
22/2/18-12:12:16,130,96,186,49,7,2,33.00,26.00,3,3,5
22/2/18-12:13:17,128,97,185,50,7,1,32.00,26.00,2,3,3
22/2/18-12:14:18,127,92,200,56,6,3,32.00,26.00,3,4,4
22/2/18-12:15:19,129,97,208,60,7,3,32.00,26.00,3,4,4
22/2/18-12:16:20,128,96,193,50,8,1,33.00,26.00,1,2,3
22/2/18-12:17:21,128,96,208,57,8,1,32.00,26.00,3,3,4
22/2/18-12:18:22,127,91,192,49,9,4,32.00,26.00,2,4,4
22/2/18-12:19:23,129,98,212,53,8,3,30.00,27.00,2,4,4
22/2/18-12:20:24,129,97,209,67,7,1,33.00,26.00,2,4,5
22/2/18-12:21:25,126,96,205,52,9,2,31.00,27.00,3,4,5
22/2/18-12:22:26,124,92,178,42,8,2,31.00,27.00,3,4,4
22/2/18-12:23:27,128,97,197,50,7,3,31.00,26.00,3,4,4
22/2/18-12:24:28,128,96,188,51,8,3,32.00,26.00,2,3,3
22/2/18-12:25:29,129,96,230,60,10,3,31.00,27.00,2,3,3
22/2/18-12:26:30,127,93,206,61,7,3,31.00,27.00,2,3,4
22/2/18-12:27:31,128,97,185,47,7,0,31.00,27.00,2,3,4
22/2/18-12:28:32,128,96,237,62,10,2,31.00,27.00,3,3,3
22/2/18-12:29:33,125,95,193,51,9,4,31.00,27.00,3,4,4
22/2/18-12:30:34,125,92,211,46,7,2,31.00,27.00,2,4,5
22/2/18-12:31:35,127,97,213,48,7,3,32.00,26.00,2,4,5
22/2/18-12:32:36,129,95,198,49,8,4,32.00,26.00,3,3,3
22/2/18-12:33:37,128,94,204,67,8,3,32.00,26.00,3,4,4
22/2/18-12:34:38,126,92,216,76,8,2,32.00,26.00,2,4,4
22/2/18-12:35:39,127,95,185,49,7,1,32.00,26.00,2,4,4
22/2/18-12:36:40,128,96,192,52,8,3,32.00,26.00,2,4,4
22/2/18-12:37:41,127,97,211,48,7,1,31.00,27.00,2,3,3
22/2/18-12:38:42,127,94,198,50,5,1,32.00,26.00,3,3,5
22/2/18-12:39:43,126,96,235,56,8,4,31.00,27.00,3,3,5
22/2/18-12:40:44,125,94,186,53,8,3,31.00,27.00,3,4,5
22/2/18-12:41:45,127,97,197,68,7,2,31.00,27.00,3,4,5
22/2/18-12:42:46,126,96,196,49,8,2,32.00,26.00,1,3,3
22/2/18-12:43:47,128,96,186,52,8,4,31.00,27.00,2,4,4
22/2/18-12:44:48,127,95,185,53,7,0,31.00,27.00,2,3,5
22/2/18-12:45:49,127,96,227,67,7,1,31.00,27.00,3,4,5
22/2/18-12:46:50,126,95,189,52,7,3,32.00,26.00,2,3,5
22/2/18-12:47:51,125,91,181,40,7,3,31.00,28.00,2,3,5
22/2/18-12:48:52,126,97,205,51,6,2,31.00,27.00,2,3,3
22/2/18-12:49:53,126,95,211,51,9,1,32.00,26.00,2,3,3
22/2/18-12:50:54,126,96,180,48,8,3,31.00,27.00,4,6,6
22/2/18-12:51:55,126,89,201,56,7,3,31.00,28.00,4,6,6
22/2/18-12:52:56,127,96,204,52,8,3,31.00,28.00,2,4,6
22/2/18-12:53:57,126,96,233,59,9,3,31.00,27.00,2,4,6
22/2/18-12:54:58,126,97,199,50,8,2,31.00,27.00,4,5,6
22/2/18-12:55:59,125,93,222,48,8,2,31.00,27.00,4,5,6
22/2/18-12:57:0,125,96,217,49,7,1,31.00,27.00,2,4,4
22/2/18-12:58:1,127,98,192,51,6,1,31.00,27.00,2,4,4
22/2/18-12:59:2,126,97,192,52,8,2,31.00,27.00,3,4,4
22/2/18-13:0:3,124,92,198,43,7,2,31.00,28.00,3,5,5
22/2/18-13:1:4,125,97,188,48,8,1,31.00,28.00,4,7,7
22/2/18-13:2:5,126,97,192,50,8,1,31.00,28.00,4,6,6
22/2/18-13:3:6,123,96,192,53,8,3,31.00,28.00,3,5,5
22/2/18-13:4:7,123,91,215,57,8,2,31.00,27.00,3,5,5
22/2/18-13:5:8,124,96,202,53,7,3,31.00,28.00,4,5,5
22/2/18-13:6:9,126,96,211,59,6,3,31.00,28.00,4,5,6
22/2/18-13:7:10,125,96,202,57,8,2,31.00,28.00,4,5,7
22/2/18-13:8:11,125,91,181,45,7,3,31.00,28.00,4,5,7
22/2/18-13:9:12,127,97,209,71,4,1,31.00,27.00,3,4,4
22/2/18-13:10:13,125,97,204,51,6,3,31.00,27.00,3,4,6
22/2/18-13:11:14,125,95,183,48,4,0,31.00,27.00,5,6,10
22/2/18-13:12:15,123,90,206,56,7,2,32.00,26.00,5,6,10
22/2/18-13:13:16,126,94,217,67,8,3,31.00,27.00,6,9,13
22/2/18-13:14:17,124,95,200,55,9,2,31.00,28.00,6,9,13
22/2/18-13:15:18,124,96,194,54,6,2,31.00,28.00,5,7,7
22/2/18-13:16:19,124,92,194,48,6,3,31.00,28.00,5,7,7
22/2/18-13:17:20,124,95,182,48,6,3,31.00,28.00,4,6,6
22/2/18-13:18:21,126,95,182,52,6,3,31.00,28.00,4,6,6
22/2/18-13:19:22,124,95,183,55,8,2,31.00,27.00,5,6,8
22/2/18-13:20:23,124,90,217,55,6,3,31.00,28.00,5,6,8
22/2/18-13:21:24,125,95,230,49,6,1,31.00,27.00,4,7,9
22/2/18-13:22:25,125,94,177,48,6,3,31.00,27.00,4,7,9
22/2/18-13:23:26,124,94,258,81,8,3,31.00,27.00,6,9,13
22/2/18-13:24:27,125,91,172,42,6,2,31.00,28.00,6,9,13
22/2/18-13:25:28,125,95,182,53,6,1,30.00,27.00,6,8,10
22/2/18-13:26:29,126,95,215,53,5,1,31.00,28.00,6,8,10
22/2/18-13:27:30,125,94,182,48,7,3,31.00,27.00,5,7,7
22/2/18-13:28:31,124,91,189,44,7,4,31.00,27.00,5,7,7
22/2/18-13:29:32,125,95,219,57,8,3,30.00,27.00,3,5,5
22/2/18-13:30:33,126,95,179,48,6,2,32.00,28.00,3,5,5
22/2/18-13:31:34,125,95,184,49,7,3,31.00,28.00,2,4,4
22/2/18-13:32:35,124,92,168,44,6,1,31.00,28.00,2,4,4
22/2/18-13:33:36,126,95,195,54,7,3,31.00,27.00,3,6,7
22/2/18-13:34:37,124,94,204,58,7,3,31.00,28.00,3,6,7
22/2/18-13:35:38,123,94,194,60,6,1,31.00,27.00,4,5,5
22/2/18-13:36:39,125,92,192,59,7,3,31.00,27.00,4,5,5
22/2/18-13:37:40,126,94,203,67,6,3,31.00,27.00,2,4,7
22/2/18-13:38:41,124,95,201,56,7,2,31.00,27.00,2,4,7
22/2/18-13:39:42,126,95,192,59,6,3,31.00,27.00,2,4,7
22/2/18-13:40:43,125,94,200,76,8,3,31.00,28.00,2,4,7
22/2/18-13:41:44,125,90,188,42,7,3,31.00,28.00,3,4,5
22/2/18-13:42:45,126,94,192,49,8,3,31.00,28.00,3,4,5
22/2/18-13:43:46,126,96,195,55,7,2,31.00,28.00,3,4,7
22/2/18-13:44:47,124,94,208,55,9,3,31.00,28.00,3,4,7
22/2/18-13:45:48,125,91,171,38,6,3,31.00,27.00,3,4,5
22/2/18-13:46:49,124,91,227,102,6,1,31.00,28.00,3,4,5
22/2/18-13:47:50,124,97,205,54,7,2,31.00,27.00,5,6,6
22/2/18-13:48:51,124,95,207,54,7,3,31.00,28.00,5,6,6
22/2/18-13:49:52,124,91,189,56,7,2,31.00,28.00,1,3,3
22/2/18-13:50:53,124,96,193,54,6,1,31.00,28.00,1,3,3
22/2/18-13:51:54,123,94,188,55,7,2,31.00,28.00,3,4,4
22/2/18-13:52:55,123,95,201,54,6,1,31.00,28.00,3,4,4
22/2/18-13:53:56,122,90,186,45,7,3,31.00,28.00,2,4,6
22/2/18-13:54:57,124,95,181,56,6,1,31.00,28.00,2,4,6
22/2/18-13:55:58,125,95,187,51,7,2,31.00,27.00,3,4,7
22/2/18-13:56:59,123,94,186,53,8,3,31.00,28.00,3,5,7
22/2/18-13:58:0,123,90,185,46,6,4,31.00,28.00,3,4,5
22/2/18-13:59:1,124,94,184,50,7,3,31.00,28.00,3,4,5
22/2/18-14:0:2,123,95,196,61,6,1,31.00,28.00,2,4,4
22/2/18-14:1:3,121,91,170,41,7,2,31.00,28.00,2,4,4
22/2/18-14:2:4,122,96,222,61,7,1,31.00,28.00,1,1,1
22/2/18-14:3:5,126,95,203,55,5,1,31.00,28.00,1,1,1
22/2/18-14:4:6,123,95,192,54,7,2,31.00,28.00,2,3,3
22/2/18-14:5:7,123,91,194,42,7,4,31.00,28.00,2,3,3
22/2/18-14:6:8,126,96,193,50,7,3,30.00,28.00,2,4,5
22/2/18-14:7:9,124,96,206,56,6,1,32.00,28.00,2,4,5
22/2/18-14:8:10,123,97,200,62,6,2,31.00,28.00,2,3,4
22/2/18-14:9:11,122,91,193,49,8,5,31.00,28.00,2,3,4
22/2/18-14:10:12,124,97,218,57,7,0,31.00,28.00,1,2,2
22/2/18-14:11:13,123,96,208,68,6,1,31.00,28.00,1,2,2
22/2/18-14:12:14,124,96,183,54,8,3,31.00,28.00,3,5,5
22/2/18-14:13:15,123,92,194,51,7,2,31.00,28.00,3,5,5
22/2/18-14:14:16,124,96,212,51,7,2,31.00,28.00,4,6,6
22/2/18-14:15:17,124,101,202,53,7,3,31.00,28.00,4,6,6
22/2/18-14:16:18,124,96,216,64,5,1,31.00,28.00,3,5,6
22/2/18-14:17:19,125,96,207,75,6,3,31.00,28.00,3,5,6
22/2/18-14:18:20,123,93,170,41,6,2,31.00,28.00,3,3,3
22/2/18-14:19:21,124,96,198,50,7,2,31.00,28.00,3,3,3
22/2/18-14:20:22,123,95,170,48,7,3,31.00,28.00,2,4,6
22/2/18-14:21:23,125,96,187,56,7,3,31.00,28.00,2,4,6
22/2/18-14:22:24,123,96,188,44,6,2,31.00,28.00,2,5,6
22/2/18-14:23:25,123,96,183,49,6,1,31.00,28.00,2,5,6
22/2/18-14:24:26,123,96,216,74,7,1,31.00,28.00,2,4,4
22/2/18-14:25:27,123,96,188,65,7,2,31.00,28.00,2,4,4
22/2/18-14:26:28,123,91,163,40,7,3,31.00,28.00,2,4,5
22/2/18-14:27:29,125,97,181,48,6,2,31.00,28.00,2,4,5
22/2/18-14:28:30,124,95,204,60,7,2,31.00,28.00,2,3,3
22/2/18-14:29:31,124,96,189,48,7,3,31.00,28.00,2,4,4
22/2/18-14:30:32,123,93,190,47,5,2,31.00,28.00,2,3,3
22/2/18-14:31:33,125,96,216,63,8,2,30.00,29.00,2,3,3
22/2/18-14:32:34,123,95,183,49,7,3,31.00,28.00,2,2,6
22/2/18-14:33:35,123,95,194,58,8,1,31.00,28.00,2,2,6
22/2/18-14:34:36,121,92,236,75,7,3,31.00,28.00,2,3,3
22/2/18-14:35:37,123,100,181,48,7,2,31.00,28.00,2,3,3
22/2/18-14:36:38,123,96,204,52,7,3,31.00,28.00,2,3,3
22/2/18-14:37:39,122,96,206,62,7,3,30.00,29.00,2,3,3
22/2/18-14:38:40,121,91,187,44,8,2,31.00,28.00,2,3,4
22/2/18-14:39:41,123,96,218,76,8,3,31.00,28.00,2,3,4
22/2/18-14:40:42,123,96,183,48,7,3,31.00,28.00,2,3,3
22/2/18-14:41:43,122,98,213,63,7,2,31.00,28.00,2,3,3
22/2/18-14:42:44,120,91,186,61,8,4,30.00,29.00,2,2,4
22/2/18-14:43:45,124,98,191,51,6,2,29.00,29.00,2,2,4
22/2/18-14:44:46,124,96,195,58,8,3,31.00,29.00,1,3,3
22/2/18-14:45:47,123,97,225,59,6,1,31.00,28.00,1,3,3
22/2/18-14:46:48,120,91,178,42,7,3,30.00,29.00,2,4,4
22/2/18-14:47:49,123,96,204,62,8,3,30.00,29.00,2,4,4
22/2/18-14:48:50,122,97,188,57,7,2,30.00,29.00,3,4,6
22/2/18-14:49:51,122,96,207,52,7,3,30.00,29.00,2,4,5
22/2/18-14:50:52,123,96,201,61,7,3,30.00,29.00,2,3,4
22/2/18-14:51:53,122,94,172,43,8,3,31.00,28.00,2,3,4
22/2/18-14:52:54,122,100,186,49,7,1,31.00,28.00,2,3,3
22/2/18-14:53:55,122,96,192,56,8,2,30.00,29.00,2,4,4
22/2/18-14:54:56,121,97,177,53,8,3,30.00,29.00,2,4,4
22/2/18-14:55:56,120,93,237,70,7,4,30.00,29.00,2,4,4
22/2/18-14:56:57,123,99,206,61,6,2,30.00,29.00,1,3,4
22/2/18-14:57:59,121,95,175,49,7,1,30.00,29.00,1,2,3
22/2/18-14:58:59,123,99,207,66,6,0,31.00,28.00,0,1,2
22/2/18-15:0:0,123,92,164,36,6,3,30.00,29.00,1,1,2
22/2/18-15:1:1,122,98,183,53,6,3,30.00,29.00,2,3,5
22/2/18-15:2:2,121,97,188,86,7,3,30.00,29.00,2,3,5
22/2/18-15:3:3,121,98,193,54,7,1,30.00,29.00,2,3,3
22/2/18-15:4:4,121,94,199,56,6,2,30.00,29.00,2,3,3
22/2/18-15:5:5,122,97,211,61,7,4,30.00,29.00,1,2,2
22/2/18-15:6:6,122,97,190,49,8,3,30.00,29.00,1,2,2
22/2/18-15:7:7,123,97,185,52,7,3,30.00,29.00,1,2,2
22/2/18-15:8:8,122,92,183,38,7,3,30.00,29.00,1,2,2
22/2/18-15:9:9,121,96,196,51,7,3,29.00,29.00,2,3,3
22/2/18-15:10:10,122,97,190,51,6,3,31.00,29.00,1,2,2
22/2/18-15:11:11,122,97,191,54,7,0,30.00,29.00,0,2,2
22/2/18-15:12:12,119,93,207,76,8,3,30.00,29.00,0,2,2
22/2/18-15:13:13,122,97,225,100,6,2,30.00,29.00,1,2,2
22/2/18-15:14:14,122,98,230,65,7,2,30.00,29.00,1,2,2
22/2/18-15:15:15,121,97,192,52,7,2,30.00,29.00,1,2,2
22/2/18-15:16:16,121,96,202,82,8,4,30.00,29.00,1,2,2
22/2/18-15:17:17,122,93,196,42,6,2,30.00,29.00,0,0,0
22/2/18-15:18:18,120,98,208,56,8,1,30.00,29.00,0,0,0
22/2/18-15:19:19,121,100,180,46,7,3,30.00,29.00,2,3,4
22/2/18-15:20:20,120,96,218,54,7,2,30.00,29.00,2,3,4
22/2/18-15:21:21,120,92,157,39,5,2,30.00,29.00,1,3,4
22/2/18-15:22:22,121,98,202,61,7,2,30.00,29.00,1,3,4
22/2/18-15:23:23,122,98,175,53,7,2,30.00,29.00,1,2,2
22/2/18-15:24:24,120,96,190,57,7,2,30.00,29.00,1,2,2
22/2/18-15:25:25,118,93,176,44,8,2,30.00,29.00,1,1,2
22/2/18-15:26:26,122,98,198,53,6,2,30.00,29.00,1,1,2
22/2/18-15:27:27,122,98,216,58,5,1,30.00,29.00,2,4,7
22/2/18-15:28:28,121,103,177,52,6,2,30.00,29.00,2,4,6
22/2/18-15:29:29,119,93,175,43,7,5,30.00,29.00,2,2,3
22/2/18-15:30:30,121,99,182,54,6,1,28.00,29.00,2,2,3
22/2/18-15:31:31,119,98,275,101,10,3,30.00,29.00,0,1,2
22/2/18-15:32:32,122,100,193,49,7,3,30.00,29.00,0,1,2
22/2/18-15:33:33,118,94,193,48,8,4,30.00,29.00,2,4,5
22/2/18-15:34:34,122,99,193,52,6,1,30.00,29.00,2,4,5
22/2/18-15:35:35,120,98,215,60,7,2,30.00,29.00,2,2,2
22/2/18-15:36:36,120,97,175,55,7,3,30.00,29.00,2,2,2
22/2/18-15:37:37,119,98,207,56,7,3,30.00,29.00,3,6,6
22/2/18-15:38:38,120,94,185,43,7,2,30.00,29.00,3,6,6
22/2/18-15:39:39,121,99,194,63,7,1,30.00,29.00,2,3,3
22/2/18-15:40:40,120,98,243,68,7,1,30.00,30.00,3,3,4
22/2/18-15:41:41,121,98,176,65,6,1,30.00,29.00,2,3,3
22/2/18-15:42:42,120,93,176,44,7,3,30.00,29.00,2,3,3
22/2/18-15:43:43,121,98,208,52,6,1,30.00,30.00,1,2,2
22/2/18-15:44:44,122,98,189,49,5,1,30.00,29.00,1,2,2
22/2/18-15:45:45,120,97,196,51,7,3,30.00,30.00,1,1,1
22/2/18-15:46:46,119,95,172,44,6,3,30.00,29.00,1,1,1
22/2/18-15:47:47,120,98,213,61,7,1,30.00,29.00,1,2,2
22/2/18-15:48:48,120,97,207,63,7,4,30.00,29.00,1,2,2
22/2/18-15:49:49,120,98,180,50,6,1,30.00,29.00,3,4,4
22/2/18-15:50:50,118,93,193,44,7,4,30.00,30.00,3,4,4
22/2/18-15:51:51,118,99,220,60,8,2,28.00,29.00,2,3,3
22/2/18-15:52:52,118,99,207,53,9,2,29.00,31.00,2,3,3
22/2/18-15:53:53,118,97,202,65,8,3,30.00,29.00,2,3,4
22/2/18-15:54:54,118,92,196,58,7,3,30.00,29.00,2,3,4
22/2/18-15:55:55,120,100,185,53,7,3,30.00,30.00,2,3,4
22/2/18-15:56:56,119,98,198,57,6,1,30.00,30.00,2,3,4
22/2/18-15:57:57,118,98,188,57,7,3,30.00,30.00,1,2,2
22/2/18-15:58:58,119,98,202,56,6,1,30.00,30.00,1,2,2
22/2/18-15:59:59,118,94,195,46,7,4,30.00,29.00,2,3,4
22/2/18-16:1:0,120,98,214,55,8,2,30.00,29.00,2,3,4
22/2/18-16:2:1,119,98,187,53,7,3,30.00,29.00,2,2,2
22/2/18-16:3:2,119,98,185,54,6,1,30.00,29.00,2,2,2
22/2/18-16:4:3,118,93,209,44,8,4,30.00,29.00,2,2,2
22/2/18-16:5:4,118,99,192,51,8,2,30.00,29.00,2,2,2
22/2/18-16:6:5,119,98,207,62,7,3,30.00,29.00,2,2,2
22/2/18-16:7:6,119,97,187,56,6,3,30.00,29.00,1,3,3
22/2/18-16:8:7,119,93,166,37,6,2,30.00,29.00,2,2,3
22/2/18-16:9:8,121,98,185,63,6,3,30.00,29.00,2,2,3
22/2/18-16:10:9,122,99,204,95,6,1,30.00,29.00,2,3,3
22/2/18-16:11:10,119,98,190,49,7,1,30.00,29.00,2,3,3
22/2/18-16:12:11,119,93,184,53,6,1,30.00,29.00,2,2,2
22/2/18-16:13:12,119,98,231,61,6,3,29.00,29.00,2,2,2
22/2/18-16:14:13,120,101,188,49,6,2,31.00,29.00,2,2,4
22/2/18-16:15:14,121,99,208,51,6,2,30.00,29.00,2,3,3
22/2/18-16:16:15,118,93,176,43,5,2,30.00,29.00,1,2,2
22/2/18-16:17:16,121,100,202,48,5,2,30.00,29.00,1,2,2
22/2/18-16:18:17,118,99,253,91,7,1,30.00,29.00,1,1,1
22/2/18-16:19:18,121,99,214,62,7,2,30.00,29.00,1,2,2
22/2/18-16:20:19,119,98,190,62,8,4,30.00,30.00,1,2,2
22/2/18-16:21:20,119,95,193,48,6,2,30.00,29.00,1,2,2
22/2/18-16:22:21,120,99,195,60,8,2,30.00,30.00,2,4,4
22/2/18-16:23:22,119,100,196,53,6,1,30.00,30.00,2,4,4
22/2/18-16:24:23,121,99,224,66,6,2,30.00,29.00,2,3,4
22/2/18-16:25:24,117,94,176,45,8,4,30.00,29.00,2,3,3
22/2/18-16:26:25,121,99,177,53,10,3,30.00,29.00,2,3,3
22/2/18-16:27:26,120,103,202,66,7,3,30.00,29.00,2,3,3
22/2/18-16:28:27,118,99,238,91,8,1,30.00,29.00,1,4,4
22/2/18-16:29:28,116,93,222,72,7,4,30.00,29.00,1,4,4
22/2/18-16:30:29,121,100,226,111,6,2,30.00,29.00,2,3,3
22/2/18-16:31:30,121,100,215,58,7,3,30.00,29.00,2,3,3
22/2/18-16:32:31,120,99,177,54,6,2,30.00,29.00,1,2,3
22/2/18-16:33:32,119,99,172,44,6,3,30.00,29.00,0,1,2
22/2/18-16:34:33,123,99,199,54,5,1,30.00,29.00,2,3,3
22/2/18-16:35:34,120,96,196,60,7,3,30.00,29.00,2,3,3
22/2/18-16:36:35,121,99,218,73,6,1,30.00,29.00,1,1,1
22/2/18-16:37:36,120,97,180,59,8,4,30.00,29.00,1,1,1
22/2/18-16:38:37,119,95,202,66,7,3,30.00,29.00,2,4,4
22/2/18-16:39:38,121,98,201,58,6,1,30.00,29.00,2,4,4
22/2/18-16:40:39,121,97,211,56,7,3,30.00,29.00,2,3,3
22/2/18-16:41:40,119,97,193,55,9,3,30.00,29.00,2,3,3
22/2/18-16:42:41,120,94,193,45,6,2,30.00,29.00,2,3,3
22/2/18-16:43:42,120,99,250,73,7,1,30.00,29.00,2,3,3
22/2/18-16:44:43,121,98,199,65,7,1,30.00,29.00,2,2,2
22/2/18-16:45:44,121,98,192,55,6,0,31.00,28.00,2,2,4
22/2/18-16:46:45,121,94,178,62,7,3,31.00,28.00,3,5,5
22/2/18-16:47:46,122,96,215,91,7,4,31.00,28.00,3,5,5
22/2/18-16:48:47,122,97,209,80,8,3,31.00,28.00,3,3,3
22/2/18-16:49:48,121,99,237,85,6,1,30.00,29.00,3,4,4
22/2/18-16:50:49,120,93,198,50,6,2,30.00,29.00,1,1,2
22/2/18-16:51:50,124,97,222,110,8,3,30.00,29.00,1,1,2
22/2/18-16:52:51,120,98,209,57,7,1,31.00,28.00,3,4,4
22/2/18-16:53:52,120,98,259,79,9,2,30.00,29.00,3,4,4
22/2/18-16:54:53,120,94,188,47,9,4,30.00,29.00,1,2,2
22/2/18-16:55:54,121,99,216,62,7,0,28.00,29.00,1,2,2
22/2/18-16:56:55,120,96,209,57,7,4,30.00,29.00,2,3,4
22/2/18-16:57:56,121,97,184,57,8,2,30.00,29.00,2,3,4
22/2/18-16:58:57,120,93,178,48,6,2,31.00,28.00,2,4,4
22/2/18-16:59:58,120,97,252,90,8,1,30.00,28.00,2,4,4
22/2/18-17:0:59,122,97,201,55,8,3,32.00,28.00,1,2,2
22/2/18-17:2:0,122,98,192,53,6,3,30.00,29.00,1,2,2
22/2/18-17:3:1,119,93,182,46,7,4,30.00,29.00,2,3,3
22/2/18-17:4:2,121,98,229,63,6,1,31.00,28.00,2,3,3
22/2/18-17:5:3,121,96,201,53,8,3,31.00,28.00,2,2,3
22/2/18-17:6:4,121,96,223,65,7,3,31.00,28.00,2,2,3
22/2/18-17:7:5,121,97,225,67,7,1,31.00,28.00,2,3,4
22/2/18-17:8:6,120,93,188,49,7,3,31.00,28.00,2,3,4
22/2/18-17:9:7,123,97,201,64,7,2,31.00,28.00,2,4,4
22/2/18-17:10:8,122,97,194,55,9,2,30.00,29.00,2,3,3
22/2/18-17:11:9,122,99,221,70,8,1,31.00,28.00,2,3,3
22/2/18-17:12:10,123,95,182,51,7,3,30.00,29.00,2,3,3
22/2/18-17:13:11,121,97,199,51,9,3,31.00,28.00,3,4,6
22/2/18-17:14:12,122,97,209,56,6,3,29.00,28.00,3,4,5
22/2/18-17:15:13,122,97,185,58,5,1,31.00,28.00,3,3,3
22/2/18-17:16:14,120,93,184,51,7,2,31.00,28.00,3,3,3
22/2/18-17:17:15,123,98,187,54,7,3,31.00,28.00,2,4,4
22/2/18-17:18:16,121,97,228,66,9,2,31.00,28.00,2,4,4
22/2/18-17:19:17,123,99,217,60,6,1,31.00,28.00,3,4,6
22/2/18-17:20:18,123,93,201,52,5,2,31.00,28.00,3,4,6
22/2/18-17:21:19,124,98,185,51,6,0,31.00,28.00,3,5,5
22/2/18-17:22:20,121,97,200,57,7,2,31.00,28.00,3,5,6
22/2/18-17:23:21,121,97,181,55,6,1,31.00,28.00,4,7,8
22/2/18-17:24:22,121,92,183,51,7,4,31.00,28.00,4,7,8
22/2/18-17:25:23,121,98,230,66,8,1,31.00,28.00,3,4,4
22/2/18-17:26:24,123,97,202,57,7,3,31.00,28.00,4,5,5
22/2/18-17:27:25,124,97,180,52,7,2,31.00,28.00,3,4,4
22/2/18-17:28:26,120,93,199,41,8,3,31.00,28.00,3,4,4
22/2/18-17:29:27,123,98,194,57,6,3,29.00,28.00,3,4,6
22/2/18-17:30:28,123,99,225,57,7,2,31.00,28.00,3,4,6
22/2/18-17:31:29,122,97,175,51,8,2,31.00,28.00,3,4,6
22/2/18-17:32:30,121,94,197,64,6,2,31.00,28.00,3,4,6
22/2/18-17:33:31,123,97,189,55,8,3,30.00,28.00,3,5,8
22/2/18-17:34:32,122,97,208,58,8,3,32.00,28.00,3,5,8
22/2/18-17:35:33,122,96,191,57,9,3,31.00,28.00,4,9,9
22/2/18-17:36:34,123,97,200,55,8,3,31.00,28.00,4,9,9
22/2/18-17:37:35,125,98,242,111,8,2,31.00,28.00,3,5,5
22/2/18-17:38:36,124,97,194,77,5,2,31.00,28.00,3,5,5
22/2/18-17:39:37,122,94,197,52,7,3,31.00,28.00,2,4,6
22/2/18-17:40:38,122,97,205,60,6,3,31.00,28.00,2,4,6
22/2/18-17:41:39,121,92,232,87,8,3,31.00,28.00,22,46,68
22/2/18-17:42:40,122,97,210,61,9,2,29.00,28.00,23,46,71
22/2/18-17:43:41,123,92,205,75,7,3,31.00,28.00,4,5,6
22/2/18-17:44:42,122,94,229,71,8,1,31.00,28.00,4,5,6
22/2/18-17:45:43,123,99,192,55,9,2,31.00,28.00,4,10,10
22/2/18-17:46:44,123,97,201,61,8,3,31.00,28.00,4,10,10
22/2/18-17:47:45,125,98,231,61,9,2,31.00,28.00,4,6,6
22/2/18-17:48:46,123,99,190,54,7,1,31.00,28.00,4,6,6
22/2/18-17:49:47,121,96,192,58,9,3,31.00,28.00,3,4,4
22/2/18-17:50:48,122,93,213,52,9,4,31.00,28.00,3,4,4
22/2/18-17:51:49,123,98,246,60,9,1,31.00,28.00,5,9,13
22/2/18-17:52:50,125,98,235,76,11,1,31.00,28.00,6,11,15
22/2/18-17:53:51,122,99,255,92,12,2,31.00,28.00,4,7,11
22/2/18-17:54:52,120,92,246,67,9,4,31.00,28.00,4,7,11
22/2/18-17:55:53,122,96,227,63,9,2,31.00,28.00,3,5,7
22/2/18-17:56:54,123,99,226,71,8,1,31.00,28.00,3,5,6
22/2/18-17:57:55,122,99,216,62,8,1,31.00,28.00,3,5,6
22/2/18-17:58:56,123,93,200,48,7,3,31.00,28.00,3,5,6
22/2/18-17:59:57,125,99,223,55,8,3,31.00,28.00,2,3,4
22/2/18-18:0:58,123,98,197,62,9,3,31.00,28.00,2,3,5
22/2/18-18:1:59,124,100,233,70,8,2,31.00,28.00,3,4,6
22/2/18-18:3:0,122,94,205,56,10,5,31.00,28.00,3,4,6
22/2/18-18:4:1,123,98,196,52,8,3,31.00,28.00,1,3,4
22/2/18-18:5:2,124,98,174,51,7,3,31.00,28.00,1,2,4
22/2/18-18:6:3,122,97,202,58,7,3,31.00,28.00,2,5,5
22/2/18-18:7:4,122,94,191,52,7,4,31.00,28.00,2,5,5
22/2/18-18:8:5,124,100,207,53,7,2,31.00,28.00,3,5,6
22/2/18-18:9:6,123,99,299,96,10,3,31.00,28.00,3,5,6
22/2/18-18:10:7,124,101,205,54,6,1,31.00,28.00,2,5,8
22/2/18-18:11:8,121,93,179,42,7,2,31.00,28.00,3,6,9
22/2/18-18:12:9,125,99,239,82,8,2,30.00,28.00,1,2,4
22/2/18-18:13:10,123,100,223,58,9,1,30.00,29.00,1,2,4
22/2/18-18:14:11,123,100,207,61,8,1,31.00,28.00,3,5,7
22/2/18-18:15:12,122,94,189,50,8,4,31.00,28.00,3,5,7
22/2/18-18:16:13,124,99,251,78,12,1,30.00,28.00,2,3,3
22/2/18-18:17:14,124,100,230,63,10,1,32.00,28.00,2,3,3
22/2/18-18:18:15,123,100,197,51,8,1,31.00,28.00,2,4,4
22/2/18-18:19:16,123,95,193,48,7,2,31.00,28.00,2,4,4
22/2/18-18:20:17,126,98,217,53,8,2,31.00,28.00,3,4,4
22/2/18-18:21:18,124,99,217,66,7,2,31.00,28.00,3,4,4
22/2/18-18:22:19,123,98,197,55,8,2,31.00,28.00,2,3,6
22/2/18-18:23:20,124,98,248,76,8,1,31.00,28.00,2,3,6
22/2/18-18:24:21,125,99,201,70,8,2,31.00,28.00,3,11,17
22/2/18-18:25:22,122,99,212,70,10,3,31.00,28.00,3,10,14
22/2/18-18:26:23,122,95,240,62,10,3,31.00,28.00,2,4,4
22/2/18-18:27:24,125,98,202,53,7,1,31.00,28.00,2,4,4
22/2/18-18:28:25,125,100,207,55,7,2,31.00,28.00,2,3,3
22/2/18-18:29:26,122,99,229,78,8,1,31.00,27.00,1,2,2
22/2/18-18:30:27,123,94,265,113,8,4,31.00,28.00,2,4,4
22/2/18-18:31:28,125,101,280,108,9,3,31.00,28.00,2,4,4
22/2/18-18:32:29,123,99,206,55,9,3,31.00,28.00,3,4,4
22/2/18-18:33:30,126,100,231,71,8,2,31.00,28.00,3,4,4
22/2/18-18:34:31,122,95,291,102,9,3,31.00,28.00,1,3,4
22/2/18-18:35:32,125,100,201,54,8,1,31.00,28.00,2,4,5
22/2/18-18:36:33,122,100,216,66,10,2,31.00,28.00,2,3,3
22/2/18-18:37:34,123,100,188,56,9,3,31.00,28.00,2,3,3
22/2/18-18:38:35,121,95,261,99,10,4,31.00,28.00,3,4,4
22/2/18-18:39:36,124,100,301,87,12,1,31.00,28.00,3,4,4
22/2/18-18:40:37,123,99,221,57,11,2,31.00,28.00,3,5,7
22/2/18-18:41:38,122,100,217,65,11,3,31.00,28.00,3,5,7
22/2/18-18:42:39,121,95,233,62,13,5,31.00,28.00,4,5,5
22/2/18-18:43:40,124,101,219,69,12,2,29.00,28.00,4,5,5
22/2/18-18:44:41,124,102,253,76,13,1,30.00,29.00,4,6,6
22/2/18-18:45:42,124,101,215,63,15,2,31.00,28.00,5,6,6
22/2/18-18:46:43,121,97,227,53,13,2,31.00,28.00,5,6,6
22/2/18-18:47:44,123,101,262,79,15,1,31.00,28.00,5,7,8
22/2/18-18:48:45,123,102,222,56,12,3,31.00,28.00,2,4,4
22/2/18-18:49:46,123,102,203,58,10,1,31.00,28.00,1,2,2
22/2/18-18:50:47,122,97,230,61,9,2,31.00,28.00,2,3,3
22/2/18-18:51:48,124,100,220,60,10,2,31.00,28.00,2,3,3
22/2/18-18:52:49,123,101,270,84,11,2,31.00,28.00,3,4,4
22/2/18-18:53:50,124,101,210,62,9,2,31.00,28.00,1,2,2
22/2/18-18:54:51,123,102,286,105,10,2,31.00,28.00,1,2,2
22/2/18-18:55:52,123,97,234,57,10,2,31.00,28.00,3,3,3
22/2/18-18:56:53,124,102,219,62,9,1,31.00,28.00,3,3,3
22/2/18-18:57:54,124,101,206,62,10,2,31.00,28.00,3,3,3
22/2/18-18:58:55,123,100,219,59,10,1,31.00,28.00,3,3,3
22/2/18-18:59:56,125,96,194,48,10,3,31.00,28.00,3,5,5
22/2/18-19:0:57,124,105,239,62,11,1,31.00,28.00,3,5,5
22/2/18-19:1:58,122,102,299,93,12,1,31.00,28.00,4,5,5
22/2/18-19:2:59,123,102,240,62,12,2,31.00,28.00,4,5,5
22/2/18-19:4:0,122,96,217,54,9,2,31.00,27.00,3,4,4
22/2/18-19:5:1,124,102,279,87,15,3,31.00,28.00,3,4,4
22/2/18-19:6:2,123,100,233,63,17,2,31.00,28.00,3,5,6
22/2/18-19:7:3,125,102,221,62,12,0,31.00,28.00,3,5,6
22/2/18-19:8:4,122,96,240,66,15,4,31.00,27.00,3,4,4
22/2/18-19:9:5,123,101,273,87,18,1,31.00,28.00,3,4,4
22/2/18-19:10:6,122,100,222,65,15,3,31.00,28.00,3,5,7
22/2/18-19:11:7,124,97,216,61,12,0,31.00,28.00,3,4,7
22/2/18-19:12:8,122,97,192,52,11,2,31.00,28.00,4,5,7
22/2/18-19:13:9,124,102,268,83,15,3,31.00,28.00,4,5,7
22/2/18-19:14:10,125,103,236,79,14,3,31.00,28.00,2,4,8
22/2/18-19:15:11,123,101,278,91,18,2,31.00,28.00,2,3,7
22/2/18-19:16:12,121,96,189,51,13,3,31.00,27.00,4,5,5
22/2/18-19:17:13,124,100,242,74,13,0,31.00,28.00,4,5,5
22/2/18-19:18:14,121,100,286,91,14,3,31.00,28.00,5,7,8
22/2/18-19:19:15,122,101,222,68,13,1,31.00,27.00,5,7,8
22/2/18-19:20:16,121,98,224,53,15,2,31.00,28.00,5,7,8
22/2/18-19:21:17,124,103,249,66,17,2,31.00,27.00,5,7,8
22/2/18-19:22:18,125,101,266,91,15,3,31.00,28.00,4,5,7
22/2/18-19:23:19,123,101,218,68,13,1,31.00,28.00,4,6,7
22/2/18-19:24:20,123,98,211,56,12,2,31.00,27.00,5,7,7
22/2/18-19:25:21,123,102,271,94,18,2,30.00,28.00,5,7,7
22/2/18-19:26:22,124,101,209,57,18,3,32.00,27.00,5,7,8
22/2/18-19:27:23,123,101,252,74,18,1,31.00,28.00,5,7,9
22/2/18-19:28:24,124,99,197,49,21,3,31.00,27.00,4,5,6
22/2/18-19:29:25,123,96,204,52,19,3,30.00,27.00,5,6,7
22/2/18-19:30:26,125,102,203,59,19,0,30.00,27.00,6,7,7
22/2/18-19:31:27,123,99,210,64,17,3,30.00,27.00,6,7,7
22/2/18-19:32:28,123,101,214,63,15,2,32.00,26.00,4,6,7
22/2/18-19:33:29,126,102,224,62,18,2,31.00,27.00,4,6,7
22/2/18-19:34:30,123,106,270,97,21,2,31.00,27.00,5,8,10
22/2/18-19:35:31,124,102,203,61,21,1,32.00,26.00,5,8,10
22/2/18-19:36:32,125,101,216,56,18,3,31.00,27.00,6,8,8
22/2/18-19:37:33,125,101,216,56,19,3,31.00,27.00,6,8,8
22/2/18-19:38:34,125,101,228,57,18,2,31.00,28.00,6,8,10
22/2/18-19:39:35,124,97,204,46,11,3,31.00,27.00,6,8,10
22/2/18-19:40:36,125,102,225,63,11,1,31.00,28.00,4,8,8
22/2/18-19:41:37,125,105,236,62,15,3,31.00,28.00,4,8,8
22/2/18-19:42:38,124,102,239,83,18,2,31.00,27.00,5,8,9
22/2/18-19:43:39,125,102,211,56,24,1,31.00,27.00,5,8,9
22/2/18-19:44:40,124,106,208,58,25,1,31.00,27.00,5,7,9
22/2/18-19:45:41,125,102,211,64,25,3,31.00,27.00,5,7,9
22/2/18-19:46:42,122,97,196,56,22,2,31.00,27.00,5,8,9
22/2/18-19:47:43,124,100,223,83,25,3,31.00,27.00,5,8,9
22/2/18-19:48:44,126,101,214,59,29,4,32.00,26.00,5,7,8
22/2/18-19:49:45,123,97,197,53,27,4,32.00,26.00,5,7,8
22/2/18-19:50:46,125,101,211,60,31,2,32.00,26.00,5,8,8
22/2/18-19:51:47,124,102,218,62,29,1,32.00,26.00,5,9,9
22/2/18-19:52:48,125,103,216,62,27,2,32.00,26.00,7,10,10
22/2/18-19:53:49,124,100,255,74,33,1,31.00,27.00,7,10,10
22/2/18-19:54:50,125,101,212,57,36,3,31.00,27.00,6,10,14
22/2/18-19:55:51,123,97,203,55,37,2,31.00,27.00,6,10,14
22/2/18-19:56:52,127,101,211,58,36,3,30.00,27.00,6,9,10
22/2/18-19:57:53,123,101,203,59,34,2,31.00,27.00,6,9,10
22/2/18-19:58:54,124,97,203,61,32,4,31.00,27.00,7,9,9
22/2/18-19:59:55,125,102,223,69,35,3,32.00,26.00,6,8,8
22/2/18-20:0:56,126,102,246,69,39,3,31.00,27.00,8,11,13
22/2/18-20:1:57,123,95,207,51,36,2,31.00,27.00,8,11,13
22/2/18-20:2:58,125,101,271,91,45,3,32.00,26.00,8,11,12
22/2/18-20:3:59,124,101,216,58,45,2,31.00,27.00,8,11,12
22/2/18-20:5:0,125,102,216,65,32,1,31.00,27.00,8,12,15
22/2/18-20:6:1,123,97,216,55,24,2,32.00,26.00,8,12,15
22/2/18-20:7:2,125,100,251,83,26,3,32.00,26.00,7,12,14
22/2/18-20:8:3,126,105,230,75,23,2,32.00,26.00,6,11,14
22/2/18-20:9:4,126,101,214,57,20,3,32.00,26.00,5,7,7
22/2/18-20:10:5,123,98,235,53,15,2,32.00,26.00,5,7,7
22/2/18-20:11:6,125,101,227,75,17,2,31.00,27.00,5,8,8
22/2/18-20:12:7,126,102,223,65,14,1,31.00,27.00,5,8,8
22/2/18-20:13:8,125,101,206,61,15,4,31.00,27.00,4,8,8
22/2/18-20:14:9,127,98,204,58,10,4,32.00,26.00,5,9,9
22/2/18-20:15:10,124,100,227,71,11,2,31.00,27.00,5,8,11
22/2/18-20:16:11,127,102,214,67,11,3,31.00,27.00,5,8,10
22/2/18-20:17:12,127,102,239,85,12,1,31.00,27.00,4,9,12
22/2/18-20:18:13,127,102,223,73,14,3,31.00,27.00,4,9,13
22/2/18-20:19:14,126,102,198,59,12,3,31.00,27.00,5,7,7
22/2/18-20:20:15,124,100,237,79,14,3,32.00,26.00,5,7,7
22/2/18-20:21:16,126,96,209,45,10,3,31.00,27.00,4,6,10
22/2/18-20:22:17,127,101,215,56,11,1,31.00,27.00,4,6,10
22/2/18-20:23:18,127,101,224,64,13,3,31.00,27.00,5,6,8
22/2/18-20:24:19,124,100,198,57,15,2,31.00,27.00,5,6,8
22/2/18-20:25:20,125,96,198,49,13,3,31.00,27.00,4,5,7
22/2/18-20:26:21,126,102,239,92,14,3,32.00,26.00,5,6,8
22/2/18-20:27:22,128,102,205,57,16,3,32.00,26.00,5,9,10
22/2/18-20:28:23,126,102,201,60,16,3,32.00,26.00,5,9,10
22/2/18-20:29:24,126,98,246,77,14,3,31.00,27.00,5,8,13
22/2/18-20:30:25,126,102,251,73,15,1,32.00,26.00,5,8,13
22/2/18-20:31:26,127,101,207,62,15,3,31.00,27.00,5,7,7
22/2/18-20:32:27,127,102,211,70,11,3,32.00,26.00,5,7,7
22/2/18-20:33:28,126,97,197,53,13,2,32.00,26.00,4,6,11
22/2/18-20:34:29,127,102,243,61,16,1,32.00,26.00,4,6,11
22/2/18-20:35:30,129,102,205,54,13,2,32.00,26.00,5,7,7
22/2/18-20:36:30,127,101,235,107,14,3,31.00,27.00,5,7,7
22/2/18-20:37:31,126,99,176,44,11,4,31.00,27.00,5,7,7
22/2/18-20:38:32,127,101,252,89,15,3,32.00,26.00,5,7,7
22/2/18-20:39:33,125,101,266,107,14,3,31.00,27.00,5,6,8
22/2/18-20:40:34,126,102,208,55,18,2,31.00,27.00,5,6,8
22/2/18-20:41:35,126,98,220,63,14,4,31.00,27.00,4,7,7
22/2/18-20:42:36,127,102,225,56,13,1,32.00,26.00,4,7,7
22/2/18-20:43:37,126,101,234,73,17,4,31.00,27.00,4,4,4
22/2/18-20:44:38,128,102,214,63,14,2,32.00,26.00,3,4,4
22/2/18-20:45:39,126,97,192,45,12,2,32.00,26.00,3,5,5
22/2/18-20:46:40,128,101,253,111,12,2,32.00,26.00,3,5,5
22/2/18-20:47:41,127,102,192,52,8,3,31.00,27.00,4,5,5
22/2/18-20:48:42,127,101,212,67,7,1,32.00,26.00,4,5,5
22/2/18-20:49:43,127,97,175,43,6,2,32.00,26.00,4,6,9
22/2/18-20:50:44,128,99,198,65,8,2,32.00,26.00,4,6,9
22/2/18-20:51:45,127,98,207,62,8,2,32.00,26.00,4,6,6
22/2/18-20:52:46,128,100,197,68,6,2,31.00,27.00,4,7,7
22/2/18-20:53:47,127,96,183,54,7,3,31.00,27.00,4,7,7
22/2/18-20:54:48,128,101,226,71,8,1,32.00,26.00,4,7,7
22/2/18-20:55:49,129,101,198,58,9,3,32.00,26.00,6,11,14
22/2/18-20:56:50,127,101,219,65,8,3,32.00,26.00,6,12,15
22/2/18-20:57:51,125,96,204,46,9,3,32.00,26.00,7,10,12
22/2/18-20:58:52,127,101,233,75,8,1,32.00,26.00,7,10,12
22/2/18-20:59:53,127,103,214,70,8,2,32.00,26.00,8,12,14
22/2/18-21:0:54,126,97,176,46,7,3,32.00,26.00,8,13,14
22/2/18-21:1:55,129,102,216,54,8,2,31.00,26.00,9,13,14
22/2/18-21:2:56,128,101,203,58,9,3,32.00,26.00,9,14,14
22/2/18-21:3:57,127,101,203,55,10,2,32.00,26.00,8,13,15
22/2/18-21:4:58,126,99,196,57,8,2,32.00,26.00,8,13,15
22/2/18-21:5:59,129,101,195,58,10,3,32.00,26.00,8,10,11
22/2/18-21:7:0,128,101,222,88,8,2,32.00,26.00,8,11,12
22/2/18-21:8:1,127,102,218,63,9,1,31.00,27.00,7,10,11
22/2/18-21:9:2,126,96,204,57,9,3,32.00,26.00,7,10,11
22/2/18-21:10:3,126,100,215,57,11,2,32.00,26.00,6,11,12
22/2/18-21:11:4,127,101,193,54,8,2,32.00,26.00,6,11,12
22/2/18-21:12:5,125,96,193,54,9,4,32.00,26.00,7,10,12
22/2/18-21:13:6,129,102,194,82,8,3,32.00,26.00,7,10,12
22/2/18-21:14:7,126,100,201,53,9,1,32.00,26.00,9,14,14
22/2/18-21:15:8,128,102,209,62,10,3,32.00,26.00,9,14,14
22/2/18-21:16:9,125,97,198,73,11,2,32.00,26.00,8,11,11
22/2/18-21:17:10,126,101,208,63,12,2,32.00,26.00,8,11,11
22/2/18-21:18:11,127,101,207,62,13,3,32.00,26.00,9,14,17
22/2/18-21:19:12,126,96,206,48,11,3,32.00,26.00,9,15,18
22/2/18-21:20:13,128,102,210,60,12,0,32.00,26.00,10,16,16
22/2/18-21:21:14,128,100,211,63,11,3,32.00,26.00,10,16,16
22/2/18-21:22:15,128,102,193,54,8,1,32.00,26.00,7,9,12
22/2/18-21:23:16,127,103,242,70,10,0,32.00,26.00,7,9,12
22/2/18-21:24:17,127,101,227,83,8,1,31.00,27.00,6,11,13
22/2/18-21:25:18,127,102,207,60,8,2,32.00,26.00,6,11,12
22/2/18-21:26:19,126,97,174,44,8,1,32.00,26.00,4,7,8
22/2/18-21:27:20,127,100,187,54,9,3,31.00,26.00,4,7,8
22/2/18-21:28:21,128,100,206,55,8,2,32.00,26.00,4,6,6
22/2/18-21:29:22,127,102,210,56,8,1,32.00,26.00,6,7,7
22/2/18-21:30:23,126,95,178,44,9,4,32.00,26.00,6,8,9
22/2/18-21:31:24,126,99,193,55,9,2,30.00,26.00,6,8,9
22/2/18-21:32:25,126,101,192,52,8,2,32.00,26.00,4,6,8
22/2/18-21:33:26,128,99,199,65,7,1,32.00,26.00,5,6,6
22/2/18-21:34:27,125,94,219,65,8,3,32.00,26.00,5,8,14
22/2/18-21:35:28,128,100,191,58,9,2,32.00,26.00,5,8,14
22/2/18-21:36:29,128,100,203,59,8,2,32.00,26.00,4,6,6
22/2/18-21:37:30,127,99,240,66,9,4,32.00,26.00,5,6,6
22/2/18-21:38:31,126,94,186,48,8,4,32.00,26.00,4,7,8
22/2/18-21:39:32,128,100,197,50,9,1,32.00,26.00,5,8,9
22/2/18-21:40:33,127,100,205,60,10,2,32.00,26.00,6,11,14
22/2/18-21:41:34,127,100,187,51,8,2,32.00,26.00,6,11,13
22/2/18-21:42:35,126,95,185,48,8,2,32.00,26.00,5,9,11
22/2/18-21:43:36,129,101,189,53,7,3,32.00,26.00,5,9,11
22/2/18-21:44:37,127,101,227,78,8,2,32.00,26.00,8,12,14
22/2/18-21:45:38,126,97,183,48,8,2,32.00,26.00,8,12,14
22/2/18-21:46:39,128,100,206,58,11,3,32.00,26.00,8,12,14
22/2/18-21:47:40,128,100,244,97,11,3,32.00,26.00,9,13,15
22/2/18-21:48:41,128,101,207,53,8,1,32.00,26.00,8,11,14
22/2/18-21:49:42,125,96,188,48,9,3,32.00,26.00,8,11,14
22/2/18-21:50:43,128,99,214,73,8,3,32.00,26.00,7,11,11
22/2/18-21:51:44,128,101,200,59,10,1,32.00,26.00,7,11,11
22/2/18-21:52:45,128,99,190,55,9,3,32.00,26.00,5,8,8
22/2/18-21:53:46,127,95,204,52,7,2,32.00,26.00,5,8,8
22/2/18-21:54:47,130,101,214,58,8,3,32.00,26.00,5,6,8
22/2/18-21:55:48,129,100,253,96,9,2,32.00,26.00,5,6,8
22/2/18-21:56:49,127,96,232,61,9,3,32.00,26.00,7,10,11
22/2/18-21:57:50,127,100,216,64,11,1,30.00,26.00,7,10,11
22/2/18-21:58:51,128,101,208,59,11,1,32.00,26.00,7,11,12
22/2/18-21:59:52,127,93,194,62,8,1,32.00,26.00,7,11,12
22/2/18-22:0:53,128,100,193,55,8,1,32.00,26.00,6,9,9
22/2/18-22:1:54,128,103,195,55,9,3,32.00,26.00,6,9,11
22/2/18-22:2:55,127,97,184,56,6,2,32.00,26.00,6,8,10
22/2/18-22:3:56,128,100,196,60,8,1,32.00,26.00,6,8,10
22/2/18-22:4:57,128,102,213,58,8,0,32.00,26.00,6,9,11
22/2/18-22:5:58,128,100,248,83,11,3,32.00,26.00,6,10,12
22/2/18-22:6:59,127,97,198,50,8,3,32.00,26.00,7,11,11
22/2/18-22:8:0,128,102,208,58,10,2,31.00,26.00,7,11,11
22/2/18-22:9:1,128,99,239,100,13,2,32.00,26.00,7,10,11
22/2/18-22:10:2,128,100,204,65,9,1,32.00,26.00,8,11,12
22/2/18-22:11:3,126,96,185,51,10,2,32.00,25.00,6,9,10
22/2/18-22:12:4,129,102,218,74,10,2,31.00,26.00,6,9,10
22/2/18-22:13:5,127,99,214,58,11,3,33.00,26.00,5,8,8
22/2/18-22:14:6,127,99,209,61,11,1,32.00,26.00,6,8,9
22/2/18-22:15:7,127,95,178,49,10,2,32.00,26.00,7,9,12
22/2/18-22:16:8,128,97,215,63,10,2,31.00,26.00,7,9,12
22/2/18-22:17:9,128,98,194,56,8,1,32.00,26.00,5,7,10
22/2/18-22:18:10,127,101,198,55,10,1,32.00,26.00,5,8,10
22/2/18-22:19:11,127,95,222,70,9,3,32.00,26.00,5,9,11
22/2/18-22:20:12,130,98,230,80,10,2,31.00,25.00,5,9,11
22/2/18-22:21:13,128,98,201,63,10,3,32.00,26.00,4,7,7
22/2/18-22:22:14,129,98,218,68,13,4,32.00,26.00,3,6,6
22/2/18-22:23:15,128,95,202,57,10,3,32.00,26.00,6,9,10
22/2/18-22:24:16,128,100,275,135,10,1,32.00,25.00,6,9,10
22/2/18-22:25:17,129,100,256,87,11,1,32.00,26.00,6,9,11
22/2/18-22:26:18,128,100,192,58,12,2,32.00,25.00,6,10,12
22/2/18-22:27:19,127,94,197,49,12,4,32.00,25.00,5,7,8
22/2/18-22:28:20,129,99,205,62,13,3,64.00,25.00,5,7,8
22/2/18-22:29:21,128,101,213,65,10,1,32.00,25.00,5,10,11
22/2/18-22:30:22,128,101,239,82,12,1,32.00,25.00,4,9,10
22/2/18-22:31:23,126,99,201,61,10,3,32.00,26.00,5,12,18
22/2/18-22:32:24,128,100,193,54,8,3,32.00,25.00,5,12,16
22/2/18-22:33:25,129,99,198,58,9,3,32.00,25.00,6,10,16
22/2/18-22:34:26,129,95,205,59,10,3,32.00,26.00,6,10,16
22/2/18-22:35:27,130,99,214,63,11,3,32.00,26.00,5,9,13
22/2/18-22:36:28,130,100,201,68,8,1,32.00,25.00,5,9,13
22/2/18-22:37:29,128,100,210,65,11,3,32.00,25.00,4,9,11
22/2/18-22:38:30,126,94,243,88,15,5,32.00,25.00,4,9,11
22/2/18-22:39:31,129,100,246,80,18,3,32.00,25.00,4,6,8
22/2/18-22:40:32,128,94,243,132,14,3,32.00,25.00,4,6,8
22/2/18-22:41:33,130,99,226,65,19,3,31.00,25.00,5,7,8
22/2/18-22:42:34,129,100,208,60,11,2,32.00,25.00,6,8,9
22/2/18-22:43:35,129,101,223,69,13,1,32.00,25.00,5,7,9
22/2/18-22:44:36,129,96,208,56,13,2,32.00,25.00,5,7,9
22/2/18-22:45:37,128,99,262,133,19,2,31.00,25.00,4,6,7
22/2/18-22:46:38,128,99,214,65,20,3,32.00,25.00,4,6,7
22/2/18-22:47:39,128,95,207,56,16,4,32.00,25.00,6,11,17
22/2/18-22:48:40,128,100,221,60,21,1,32.00,25.00,6,11,17
22/2/18-22:49:41,128,101,235,86,24,2,33.00,25.00,4,8,8
22/2/18-22:50:42,130,100,203,57,27,3,32.00,25.00,5,8,10
22/2/18-22:51:43,129,96,209,70,22,3,32.00,25.00,4,6,13
22/2/18-22:52:44,129,100,222,65,20,1,31.00,25.00,4,6,13
22/2/18-22:53:45,129,100,220,68,20,1,32.00,25.00,6,12,16
22/2/18-22:54:46,130,100,214,55,16,3,32.00,25.00,5,10,14
22/2/18-22:55:47,128,96,191,46,9,2,32.00,25.00,4,7,9
22/2/18-22:56:48,131,100,215,82,8,1,32.00,25.00,4,7,9
22/2/18-22:57:49,130,100,214,63,10,3,32.00,25.00,3,5,7
22/2/18-22:58:50,129,101,224,62,8,3,32.00,25.00,3,6,8
22/2/18-22:59:51,128,96,188,49,8,2,32.00,25.00,4,6,6
22/2/18-23:0:52,128,98,220,58,7,1,32.00,25.00,4,6,6
22/2/18-23:1:53,131,99,194,51,7,3,32.00,25.00,3,5,5
22/2/18-23:2:54,129,98,203,64,7,2,32.00,25.00,4,5,6
22/2/18-23:3:55,129,92,209,56,8,3,32.00,25.00,3,4,4
22/2/18-23:4:56,129,98,193,63,11,3,32.00,26.00,3,4,4
22/2/18-23:5:57,128,99,250,72,11,2,32.00,25.00,4,5,5
22/2/18-23:6:58,130,98,204,58,9,3,32.00,25.00,3,4,4
22/2/18-23:7:59,129,94,191,46,9,3,32.00,26.00,4,8,9
22/2/18-23:9:0,131,100,184,51,6,2,32.00,26.00,4,8,9
22/2/18-23:10:1,129,99,199,62,6,3,32.00,25.00,4,5,7
22/2/18-23:11:2,132,99,178,56,6,2,32.00,25.00,4,5,7
22/2/18-23:12:3,129,94,187,52,9,5,32.00,25.00,3,5,5
22/2/18-23:13:4,130,98,189,58,6,1,32.00,25.00,3,5,5
22/2/18-23:14:5,131,98,200,57,8,3,32.00,25.00,4,6,6
22/2/18-23:15:6,129,99,198,77,7,2,32.00,25.00,5,6,6
22/2/18-23:16:7,131,95,187,59,7,3,32.00,25.00,4,6,8
22/2/18-23:17:8,131,99,203,69,7,1,32.00,25.00,4,6,8
22/2/18-23:18:9,130,99,226,64,7,1,32.00,25.00,2,4,4
22/2/18-23:19:10,129,98,186,71,6,2,32.00,25.00,3,4,4
22/2/18-23:20:11,129,94,171,42,7,2,32.00,25.00,3,4,5
22/2/18-23:21:12,130,99,215,66,6,0,32.00,25.00,3,4,5
22/2/18-23:22:13,130,98,198,59,7,1,32.00,25.00,3,4,4
22/2/18-23:23:14,131,99,232,65,6,1,32.00,25.00,3,4,4
22/2/18-23:24:15,129,95,188,46,7,5,32.00,25.00,3,5,5
22/2/18-23:25:16,131,97,200,62,8,3,32.00,25.00,3,5,5
22/2/18-23:26:17,130,98,205,65,6,2,32.00,26.00,2,4,5
22/2/18-23:27:18,128,99,209,55,10,2,32.00,25.00,2,4,5
22/2/18-23:28:19,130,93,164,40,7,3,32.00,25.00,5,6,6
22/2/18-23:29:20,131,98,231,75,7,2,32.00,26.00,5,6,6
22/2/18-23:30:21,129,98,185,52,8,2,32.00,25.00,2,5,8
22/2/18-23:31:22,130,98,203,57,8,3,32.00,25.00,2,5,8
22/2/18-23:32:23,131,94,163,41,8,4,32.00,25.00,2,5,5
22/2/18-23:33:24,130,99,175,54,6,1,32.00,25.00,2,5,5
22/2/18-23:34:25,131,99,224,61,6,1,32.00,25.00,3,5,7
22/2/18-23:35:26,129,98,188,58,9,4,32.00,25.00,3,5,7
22/2/18-23:36:27,130,94,183,46,6,3,32.00,25.00,4,6,7
22/2/18-23:37:28,130,98,177,55,7,2,32.00,25.00,4,6,7
22/2/18-23:38:29,129,97,184,54,8,4,32.00,25.00,4,8,8
22/2/18-23:39:30,129,98,193,55,8,3,32.00,25.00,4,8,8
22/2/18-23:40:31,130,95,186,49,8,2,32.00,26.00,3,5,5
22/2/18-23:41:32,130,98,201,57,8,1,32.00,25.00,3,5,5
22/2/18-23:42:33,131,100,220,62,6,2,32.00,25.00,4,7,7
22/2/18-23:43:34,130,98,203,64,6,0,32.00,25.00,4,7,7
22/2/18-23:44:35,131,98,183,52,6,2,32.00,25.00,4,6,9
22/2/18-23:45:36,130,98,192,56,6,3,32.00,25.00,4,6,9
22/2/18-23:46:37,130,99,197,56,6,2,32.00,25.00,4,6,8
22/2/18-23:47:38,129,94,197,59,8,2,32.00,25.00,4,6,8
22/2/18-23:48:39,129,97,233,74,8,1,32.00,25.00,5,7,7
22/2/18-23:49:40,131,97,201,53,8,3,32.00,25.00,5,7,7
22/2/18-23:50:41,130,100,205,58,6,0,32.00,25.00,3,5,6
22/2/18-23:51:42,130,95,166,45,7,3,32.00,25.00,3,5,6
22/2/18-23:52:43,130,99,181,49,7,2,32.00,25.00,3,6,8
22/2/18-23:53:44,130,98,197,58,9,2,32.00,25.00,3,6,8
22/2/18-23:54:45,130,98,190,60,10,1,32.00,25.00,4,5,7
22/2/18-23:55:46,129,93,183,57,7,5,32.00,25.00,4,5,7
22/2/18-23:56:47,131,97,178,53,6,3,31.00,25.00,5,6,8
22/2/18-23:57:48,130,97,189,54,8,2,33.00,25.00,5,6,8
22/2/18-23:58:49,129,97,200,62,9,3,32.00,25.00,3,4,4
22/2/18-23:59:50,129,93,181,42,6,3,32.00,25.00,3,4,4
