Hora,O3,NO2,CO,Humedad,Temperatura,P25,P10
24/2/18-0:0:18,148,72,165,52,8,1,37.00,17.00,2,4,4
24/2/18-0:1:19,145,71,166,56,6,1,37.00,17.00,1,2,2
24/2/18-0:2:20,147,69,151,44,8,4,38.00,17.00,2,3,3
24/2/18-0:3:21,147,72,174,53,8,2,37.00,17.00,0,1,1
24/2/18-0:4:22,148,71,170,58,8,4,38.00,17.00,0,1,1
24/2/18-0:5:23,147,73,185,65,8,3,37.00,17.00,1,2,2
24/2/18-0:6:24,147,75,166,51,8,3,37.00,17.00,1,2,2
24/2/18-0:7:25,148,73,171,53,8,3,37.00,17.00,2,3,3
24/2/18-0:8:26,146,73,170,54,6,3,37.00,17.00,2,3,3
24/2/18-0:9:27,146,72,176,63,10,2,38.00,17.00,2,2,2
24/2/18-0:10:28,146,65,164,52,5,2,38.00,17.00,2,2,2
24/2/18-0:11:29,147,71,170,56,6,1,37.00,17.00,1,2,2
24/2/18-0:12:30,147,72,167,52,6,3,37.00,17.00,1,2,2
24/2/18-0:13:31,147,72,191,62,9,1,37.00,17.00,1,2,3
24/2/18-0:14:32,146,69,158,49,6,2,37.00,17.00,1,2,3
24/2/18-0:15:33,148,74,170,50,5,1,37.00,17.00,0,0,0
24/2/18-0:16:33,146,71,172,54,9,1,37.00,17.00,0,0,0
24/2/18-0:17:34,147,72,168,56,9,3,38.00,17.00,0,0,0
24/2/18-0:18:35,147,68,174,51,7,3,37.00,17.00,0,0,0
24/2/18-0:19:36,147,72,163,51,6,2,37.00,17.00,1,1,1
24/2/18-0:20:37,149,73,192,76,7,2,38.00,17.00,1,1,1
24/2/18-0:21:38,146,73,164,59,8,3,37.00,17.00,0,1,1
24/2/18-0:22:39,148,72,175,60,9,1,37.00,17.00,0,1,1
24/2/18-0:23:40,147,71,167,55,9,2,37.00,17.00,1,2,4
24/2/18-0:24:41,145,70,165,54,7,1,37.00,17.00,1,2,4
24/2/18-0:25:42,148,69,157,46,9,1,37.00,17.00,1,1,1
24/2/18-0:26:43,148,72,194,93,7,3,37.00,17.00,1,1,1
24/2/18-0:27:44,147,72,164,50,7,3,38.00,17.00,0,1,1
24/2/18-0:28:45,146,71,166,53,8,1,37.00,17.00,0,1,1
24/2/18-0:29:46,148,70,151,48,5,2,37.00,17.00,0,1,1
24/2/18-0:30:47,146,71,165,64,5,1,36.00,17.00,0,1,1
24/2/18-0:31:48,148,71,162,55,7,1,38.00,16.00,1,2,2
24/2/18-0:32:49,148,71,169,57,8,1,37.00,17.00,1,2,2
24/2/18-0:33:50,146,68,164,47,7,2,37.00,17.00,0,0,0
24/2/18-0:34:51,146,72,167,56,7,3,37.00,17.00,0,0,0
24/2/18-0:35:52,147,71,167,52,6,3,37.00,17.00,1,1,2
24/2/18-0:36:53,149,70,163,52,7,2,37.00,17.00,1,1,2
24/2/18-0:37:54,147,67,149,41,4,1,37.00,17.00,1,1,1
24/2/18-0:38:55,147,71,167,55,6,2,37.00,17.00,1,1,1
24/2/18-0:39:56,147,71,174,60,6,2,37.00,17.00,1,1,1
24/2/18-0:40:57,147,70,174,60,5,1,37.00,17.00,1,1,1
24/2/18-0:41:58,147,69,158,43,7,4,37.00,17.00,0,1,2
24/2/18-0:42:59,147,71,162,58,5,0,37.00,17.00,0,1,2
24/2/18-0:44:0,149,71,168,54,7,2,37.00,17.00,1,1,1
24/2/18-0:45:1,146,71,167,55,5,2,37.00,17.00,1,1,1
24/2/18-0:46:2,148,71,164,58,7,3,37.00,17.00,1,1,3
24/2/18-0:47:3,149,72,172,55,6,3,37.00,17.00,1,1,3
24/2/18-0:48:4,148,71,168,51,7,0,37.00,17.00,1,1,1
24/2/18-0:49:5,145,67,152,44,6,3,37.00,17.00,1,1,1
24/2/18-0:50:6,148,69,158,51,6,3,37.00,17.00,0,0,0
24/2/18-0:51:7,148,73,174,64,7,4,39.00,17.00,0,0,0
24/2/18-0:52:8,149,71,176,58,7,3,37.00,17.00,1,1,1
24/2/18-0:53:9,148,68,151,44,7,3,37.00,17.00,1,1,1
24/2/18-0:54:10,147,70,157,53,7,3,37.00,17.00,0,0,0
24/2/18-0:55:11,148,72,172,58,6,3,37.00,17.00,1,1,1
24/2/18-0:56:12,147,71,164,53,8,1,37.00,17.00,1,1,1
24/2/18-0:57:13,147,68,150,43,6,2,37.00,17.00,1,1,1
24/2/18-0:58:14,150,71,169,51,6,2,37.00,17.00,0,1,1
24/2/18-0:59:15,149,73,158,50,6,2,37.00,17.00,0,1,1
24/2/18-1:0:16,147,70,162,58,6,3,37.00,17.00,0,1,2
24/2/18-1:1:17,149,68,149,44,6,4,38.00,16.00,0,1,2
24/2/18-1:2:18,150,71,158,49,6,3,37.00,17.00,0,1,1
24/2/18-1:3:19,148,71,167,59,5,2,37.00,17.00,0,1,1
24/2/18-1:4:20,147,72,164,62,5,1,37.00,17.00,1,1,1
24/2/18-1:5:21,149,68,144,47,4,2,37.00,17.00,1,1,1
24/2/18-1:6:22,146,69,166,62,5,1,38.00,16.00,1,1,1
24/2/18-1:7:23,147,70,160,52,5,0,38.00,16.00,1,1,1
24/2/18-1:8:24,147,71,160,53,7,0,38.00,16.00,0,1,1
24/2/18-1:9:25,149,71,163,52,6,3,37.00,17.00,0,1,1
24/2/18-1:10:26,149,71,157,59,5,3,37.00,17.00,1,1,1
24/2/18-1:11:27,148,70,150,51,6,4,38.00,16.00,1,1,1
24/2/18-1:12:28,147,67,141,44,4,2,38.00,16.00,0,0,0
24/2/18-1:13:29,148,71,147,53,3,1,37.00,17.00,0,0,0
24/2/18-1:14:30,148,70,159,66,5,1,38.00,17.00,1,1,1
24/2/18-1:15:31,149,70,152,52,6,4,38.00,16.00,1,1,1
24/2/18-1:16:32,148,67,153,56,6,3,38.00,16.00,1,1,1
24/2/18-1:17:33,149,70,148,49,6,1,36.00,16.00,1,1,1
24/2/18-1:18:34,150,72,156,56,4,1,37.00,17.00,0,0,0
24/2/18-1:19:35,147,71,163,63,5,2,38.00,16.00,0,0,0
24/2/18-1:20:36,148,68,154,66,5,4,38.00,16.00,2,3,3
24/2/18-1:21:37,151,71,172,85,4,1,37.00,17.00,2,3,3
24/2/18-1:22:38,148,70,155,55,5,1,37.00,17.00,0,0,0
24/2/18-1:23:39,149,70,156,57,7,4,37.00,17.00,1,1,1
24/2/18-1:24:40,147,68,141,44,5,3,37.00,17.00,1,1,1
24/2/18-1:25:41,149,71,160,48,4,0,37.00,17.00,1,1,1
24/2/18-1:26:42,148,71,149,49,5,3,37.00,17.00,0,1,1
24/2/18-1:27:43,148,69,154,57,5,1,38.00,16.00,0,1,1
24/2/18-1:28:44,148,66,142,41,6,4,37.00,17.00,1,1,1
24/2/18-1:29:45,148,70,168,71,6,2,38.00,16.00,1,1,1
24/2/18-1:30:46,147,72,176,73,6,4,38.00,16.00,0,0,0
24/2/18-1:31:47,148,70,159,54,7,1,37.00,17.00,0,0,0
24/2/18-1:32:48,148,70,169,52,6,3,37.00,17.00,1,2,3
24/2/18-1:33:49,148,71,152,49,6,3,38.00,16.00,1,2,3
24/2/18-1:34:50,149,75,187,66,6,3,38.00,16.00,1,3,3
24/2/18-1:35:51,146,66,145,45,5,3,38.00,16.00,1,3,3
24/2/18-1:36:52,149,72,162,59,6,2,38.00,16.00,0,0,0
24/2/18-1:37:53,147,71,157,52,6,1,38.00,16.00,0,0,0
24/2/18-1:38:54,147,71,178,68,6,3,37.00,17.00,0,1,1
24/2/18-1:39:55,149,68,146,55,5,2,37.00,17.00,1,2,2
24/2/18-1:40:56,149,73,159,52,4,2,36.00,17.00,1,2,2
24/2/18-1:41:57,149,71,167,62,5,3,38.00,16.00,1,2,2
24/2/18-1:42:58,148,71,158,53,4,0,37.00,17.00,1,1,2
24/2/18-1:43:59,148,69,152,45,4,1,37.00,17.00,1,1,2
24/2/18-1:45:0,149,70,159,50,4,1,38.00,16.00,1,2,2
24/2/18-1:46:1,148,70,157,52,5,3,37.00,17.00,1,2,3
24/2/18-1:47:2,147,71,158,51,5,2,37.00,17.00,1,2,3
24/2/18-1:48:3,148,69,144,44,6,3,37.00,17.00,1,2,3
24/2/18-1:49:4,148,71,177,61,6,3,37.00,17.00,1,2,2
24/2/18-1:50:5,149,72,155,54,7,3,38.00,16.00,1,1,1
24/2/18-1:51:6,149,69,153,50,6,4,38.00,16.00,1,1,1
24/2/18-1:52:7,148,67,148,45,5,2,38.00,16.00,1,1,1
24/2/18-1:53:8,150,69,157,53,5,1,37.00,17.00,2,2,2
24/2/18-1:54:9,150,70,149,51,4,3,37.00,17.00,2,2,2
24/2/18-1:55:10,149,72,156,52,6,3,38.00,16.00,1,2,2
24/2/18-1:56:11,148,69,149,44,7,4,37.00,17.00,1,2,2
24/2/18-1:57:12,150,70,178,55,7,2,38.00,16.00,1,3,3
24/2/18-1:58:13,146,70,170,55,5,1,37.00,17.00,1,3,3
24/2/18-1:59:14,149,71,159,64,6,3,37.00,17.00,1,2,2
24/2/18-2:0:15,148,69,155,51,7,1,38.00,16.00,1,2,2
24/2/18-2:1:16,149,71,175,59,7,4,37.00,17.00,2,2,2
24/2/18-2:2:17,148,71,155,52,4,0,37.00,17.00,2,2,2
24/2/18-2:3:18,148,67,175,77,7,2,37.00,17.00,1,1,1
24/2/18-2:4:19,149,70,186,74,7,2,36.00,17.00,1,1,1
24/2/18-2:5:20,148,69,161,55,7,1,38.00,17.00,1,2,3
24/2/18-2:6:21,147,71,181,60,5,2,37.00,17.00,1,2,3
24/2/18-2:7:22,147,69,143,42,6,4,37.00,17.00,1,3,3
24/2/18-2:8:23,147,70,156,51,7,3,0.00,0.00,1,3,3
24/2/18-2:9:24,148,70,162,51,5,1,37.00,17.00,0,1,1
24/2/18-2:10:25,148,72,155,52,5,3,37.00,17.00,1,3,3
24/2/18-2:11:26,149,68,156,44,6,3,38.00,16.00,1,1,3
24/2/18-2:12:27,150,70,165,50,5,2,37.00,17.00,1,1,3
24/2/18-2:13:28,148,70,199,66,5,2,37.00,17.00,1,2,2
24/2/18-2:14:29,149,70,170,73,7,0,37.00,17.00,1,2,2
24/2/18-2:15:29,150,66,171,64,7,4,37.00,17.00,1,1,1
24/2/18-2:16:30,148,70,154,53,4,0,37.00,17.00,1,1,1
24/2/18-2:17:31,150,71,164,61,5,2,37.00,17.00,1,2,2
24/2/18-2:18:32,148,71,162,60,7,4,37.00,17.00,1,2,2
24/2/18-2:19:33,148,69,163,47,7,4,37.00,17.00,2,3,3
24/2/18-2:20:34,149,70,152,48,6,0,38.00,16.00,2,3,3
24/2/18-2:21:35,148,71,166,53,5,3,37.00,17.00,0,0,2
24/2/18-2:22:36,149,67,149,49,7,3,37.00,17.00,0,0,2
24/2/18-2:23:37,148,71,159,54,6,2,37.00,17.00,2,3,4
24/2/18-2:24:38,151,71,176,66,8,2,37.00,17.00,2,3,4
24/2/18-2:25:39,146,69,179,52,7,1,37.00,17.00,2,3,3
24/2/18-2:26:40,149,69,150,41,7,3,37.00,17.00,2,3,3
24/2/18-2:27:41,147,70,158,52,5,3,36.00,17.00,2,2,2
24/2/18-2:28:42,148,69,157,56,7,1,37.00,17.00,2,2,2
24/2/18-2:29:43,149,72,162,56,7,3,37.00,17.00,2,2,2
24/2/18-2:30:44,149,68,175,54,5,3,37.00,17.00,2,2,2
24/2/18-2:31:45,148,69,162,54,7,4,37.00,17.00,2,2,2
24/2/18-2:32:46,147,71,174,68,5,1,37.00,17.00,2,2,2
24/2/18-2:33:47,147,72,186,58,5,3,37.00,17.00,1,1,1
24/2/18-2:34:48,146,66,158,50,5,2,37.00,17.00,1,1,1
24/2/18-2:35:49,148,72,178,54,7,3,37.00,17.00,1,2,4
24/2/18-2:36:50,147,69,170,56,8,3,37.00,17.00,2,3,3
24/2/18-2:37:51,147,70,173,59,6,1,37.00,17.00,1,3,3
24/2/18-2:38:52,148,69,156,52,7,4,37.00,17.00,1,3,3
24/2/18-2:39:53,149,71,156,56,6,2,37.00,17.00,2,2,2
24/2/18-2:40:54,150,70,155,52,6,2,37.00,17.00,2,2,2
24/2/18-2:41:55,149,71,166,67,6,3,37.00,17.00,2,3,6
24/2/18-2:42:56,149,70,164,53,7,4,37.00,17.00,2,3,6
24/2/18-2:43:57,149,71,173,64,6,2,37.00,17.00,2,4,6
24/2/18-2:44:58,149,70,160,57,6,4,37.00,17.00,3,4,6
24/2/18-2:45:59,148,68,148,48,4,2,37.00,17.00,2,3,3
24/2/18-2:47:0,147,69,183,70,7,2,37.00,17.00,2,3,3
24/2/18-2:48:1,150,70,169,55,8,1,38.00,17.00,1,2,2
24/2/18-2:49:2,149,69,160,51,7,2,37.00,17.00,1,2,2
24/2/18-2:50:3,146,68,157,49,4,3,37.00,17.00,2,2,2
24/2/18-2:51:4,147,70,163,54,6,1,38.00,16.00,2,2,2
24/2/18-2:52:5,148,71,157,54,6,2,37.00,17.00,1,2,2
24/2/18-2:53:6,149,71,160,64,6,3,37.00,17.00,1,2,2
24/2/18-2:54:7,147,67,158,51,6,2,37.00,17.00,1,2,2
24/2/18-2:55:8,149,71,155,48,7,4,37.00,17.00,1,2,2
24/2/18-2:56:9,148,70,158,55,7,2,37.00,17.00,2,3,3
24/2/18-2:57:10,146,68,164,52,5,1,37.00,17.00,2,3,3
24/2/18-2:58:11,149,69,166,45,6,4,37.00,17.00,2,3,3
24/2/18-2:59:12,149,71,162,52,5,3,37.00,17.00,2,3,3
24/2/18-3:0:13,147,69,157,55,5,1,37.00,17.00,2,2,2
24/2/18-3:1:14,147,70,187,78,6,1,37.00,17.00,2,2,2
24/2/18-3:2:15,149,70,175,54,4,0,37.00,17.00,3,3,3
24/2/18-3:3:16,147,71,159,54,5,3,37.00,17.00,3,3,3
24/2/18-3:4:17,146,71,172,52,5,1,37.00,17.00,2,4,4
24/2/18-3:5:18,147,69,147,44,4,0,37.00,17.00,2,4,4
24/2/18-3:6:19,149,70,164,52,7,1,37.00,17.00,2,4,4
24/2/18-3:7:20,148,70,171,58,6,1,37.00,17.00,2,4,4
24/2/18-3:8:21,149,71,158,51,6,3,37.00,17.00,1,2,3
24/2/18-3:9:22,148,67,166,55,7,2,37.00,17.00,1,2,3
24/2/18-3:10:23,149,72,161,62,5,2,36.00,17.00,2,3,3
24/2/18-3:11:24,149,71,167,57,7,3,37.00,17.00,2,3,3
24/2/18-3:12:25,148,70,163,54,6,2,37.00,17.00,3,3,3
24/2/18-3:13:26,147,67,151,46,8,2,37.00,17.00,3,3,3
24/2/18-3:14:27,149,70,156,51,9,1,38.00,16.00,2,4,4
24/2/18-3:15:28,148,71,157,53,7,3,37.00,17.00,2,4,4
24/2/18-3:16:29,147,70,165,59,5,1,37.00,17.00,3,3,3
24/2/18-3:17:30,149,73,153,47,6,2,37.00,17.00,3,3,3
24/2/18-3:18:31,150,70,152,53,7,2,37.00,17.00,2,3,3
24/2/18-3:19:32,147,70,175,63,5,2,37.00,17.00,2,4,4
24/2/18-3:20:33,146,71,156,55,5,3,37.00,17.00,1,2,3
24/2/18-3:21:34,148,68,150,42,6,3,37.00,17.00,1,2,3
24/2/18-3:22:35,147,69,156,53,6,1,37.00,17.00,3,4,4
24/2/18-3:23:36,146,70,162,60,5,2,37.00,17.00,3,3,4
24/2/18-3:24:37,148,68,166,59,5,3,37.00,17.00,2,3,3
24/2/18-3:25:38,149,70,165,60,4,0,37.00,17.00,2,3,3
24/2/18-3:26:39,148,68,160,55,7,1,37.00,17.00,3,4,4
24/2/18-3:27:40,148,70,159,59,5,0,37.00,17.00,3,4,4
24/2/18-3:28:41,148,67,148,46,5,2,37.00,17.00,2,2,2
24/2/18-3:29:42,148,69,164,56,7,1,37.00,16.00,2,2,2
24/2/18-3:30:43,148,70,162,62,6,1,37.00,17.00,2,3,5
24/2/18-3:31:44,149,69,172,65,8,3,37.00,17.00,3,4,5
24/2/18-3:32:45,150,65,148,44,5,3,37.00,17.00,2,2,3
24/2/18-3:33:46,148,68,156,51,6,3,37.00,17.00,2,2,3
24/2/18-3:34:47,148,69,154,52,6,1,37.00,17.00,2,2,2
24/2/18-3:35:48,149,71,150,50,5,3,37.00,17.00,2,2,2
24/2/18-3:36:49,148,67,149,47,5,2,37.00,17.00,2,4,6
24/2/18-3:37:50,149,71,158,53,5,1,37.00,17.00,2,4,6
24/2/18-3:38:51,146,68,161,58,5,3,37.00,17.00,2,4,4
24/2/18-3:39:52,150,69,160,56,6,2,37.00,17.00,3,4,4
24/2/18-3:40:53,149,66,157,47,7,4,38.00,16.00,3,4,6
24/2/18-3:41:54,149,69,163,54,8,1,38.00,16.00,3,4,6
24/2/18-3:42:55,147,69,164,54,6,2,38.00,16.00,3,4,4
24/2/18-3:43:56,149,70,160,63,7,3,38.00,16.00,3,4,4
24/2/18-3:44:57,150,69,151,53,8,2,38.00,16.00,2,3,3
24/2/18-3:45:58,149,69,161,53,8,1,38.00,16.00,2,3,3
24/2/18-3:46:59,149,71,171,66,7,3,38.00,16.00,2,3,3
24/2/18-3:48:0,148,67,149,47,5,2,38.00,16.00,2,3,3
24/2/18-3:49:1,149,71,174,54,5,2,38.00,16.00,2,3,3
24/2/18-3:50:2,149,76,152,50,5,3,39.00,17.00,2,3,3
24/2/18-3:51:3,149,71,158,54,7,2,38.00,16.00,2,4,4
24/2/18-3:52:4,149,67,150,46,7,3,38.00,16.00,2,4,4
24/2/18-3:53:5,148,69,161,62,5,1,38.00,15.00,2,3,3
24/2/18-3:54:6,150,70,160,54,8,1,38.00,16.00,2,3,3
24/2/18-3:55:7,148,69,154,54,5,1,38.00,16.00,3,4,4
24/2/18-3:56:8,150,66,148,44,7,1,38.00,16.00,3,4,4
24/2/18-3:57:9,149,71,168,57,7,3,38.00,16.00,2,2,2
24/2/18-3:58:10,149,69,165,68,8,1,38.00,16.00,2,2,2
24/2/18-3:59:11,148,69,160,62,5,1,38.00,16.00,2,3,3
24/2/18-4:0:12,149,69,149,44,4,1,38.00,16.00,2,3,3
24/2/18-4:1:13,147,69,159,56,5,2,38.00,16.00,2,4,4
24/2/18-4:2:14,148,71,159,56,5,3,38.00,16.00,3,4,4
24/2/18-4:3:15,149,70,160,56,7,3,39.00,16.00,3,4,5
24/2/18-4:4:16,148,63,156,44,7,4,38.00,16.00,3,4,5
24/2/18-4:5:17,150,71,172,58,6,1,38.00,16.00,3,5,6
24/2/18-4:6:18,148,68,189,75,6,1,38.00,16.00,3,4,6
24/2/18-4:7:19,146,69,168,58,7,4,38.00,16.00,1,2,2
24/2/18-4:8:20,149,70,167,54,9,0,38.00,16.00,1,2,2
24/2/18-4:9:21,149,70,164,54,5,2,38.00,16.00,2,2,2
24/2/18-4:10:22,150,71,182,65,6,2,38.00,16.00,2,2,2
24/2/18-4:11:23,148,66,154,47,8,2,38.00,16.00,3,4,5
24/2/18-4:12:24,150,69,168,54,7,2,38.00,16.00,3,4,5
24/2/18-4:13:24,151,69,168,62,9,1,39.00,16.00,3,3,3
24/2/18-4:14:25,149,70,166,55,8,2,38.00,16.00,3,3,3
24/2/18-4:15:26,150,66,155,49,8,3,38.00,16.00,3,3,3
24/2/18-4:16:27,151,70,165,55,9,3,38.00,16.00,3,3,3
24/2/18-4:17:28,151,70,166,56,6,1,38.00,16.00,2,5,5
24/2/18-4:18:29,149,70,165,60,8,4,39.00,16.00,2,5,5
24/2/18-4:19:30,148,68,164,45,8,3,39.00,16.00,1,2,2
24/2/18-4:20:31,148,71,168,56,7,1,38.00,16.00,1,2,2
24/2/18-4:21:32,150,75,164,55,7,2,38.00,16.00,3,4,4
24/2/18-4:22:33,150,70,165,57,8,0,38.00,16.00,3,4,4
24/2/18-4:23:34,150,67,151,47,6,0,39.00,16.00,2,4,4
24/2/18-4:24:35,150,70,173,57,7,3,38.00,16.00,2,4,4
24/2/18-4:25:36,150,70,164,57,7,3,38.00,16.00,3,4,5
24/2/18-4:26:37,147,69,165,63,7,1,38.00,16.00,3,4,5
24/2/18-4:27:38,149,68,155,47,6,3,38.00,16.00,3,5,5
24/2/18-4:28:39,150,69,161,56,9,2,38.00,16.00,3,5,5
24/2/18-4:29:40,149,71,172,59,10,3,38.00,16.00,2,4,4
24/2/18-4:30:41,148,69,158,55,7,3,38.00,16.00,2,4,4
24/2/18-4:31:42,148,70,161,59,6,1,38.00,16.00,2,3,3
24/2/18-4:32:43,151,72,156,51,6,1,38.00,16.00,2,3,3
24/2/18-4:33:44,149,71,165,65,11,5,38.00,16.00,2,3,3
24/2/18-4:34:45,150,66,155,55,7,4,38.00,16.00,1,2,2
24/2/18-4:35:46,148,70,159,57,5,1,38.00,16.00,3,5,5
24/2/18-4:36:47,148,70,164,55,7,3,38.00,16.00,3,5,5
24/2/18-4:37:48,149,70,159,56,5,1,38.00,16.00,1,3,3
24/2/18-4:38:49,149,67,150,47,6,4,38.00,16.00,1,3,3
24/2/18-4:39:50,149,68,159,55,7,2,38.00,16.00,1,3,3
24/2/18-4:40:51,151,70,160,56,5,2,38.00,16.00,3,4,4
24/2/18-4:41:52,150,70,161,56,7,4,38.00,16.00,3,5,5
24/2/18-4:42:53,150,70,152,49,7,2,38.00,16.00,3,5,5
24/2/18-4:43:54,148,69,163,60,6,2,38.00,16.00,3,3,3
24/2/18-4:44:55,149,70,162,54,6,3,38.00,16.00,3,3,3
24/2/18-4:45:56,148,70,161,65,6,0,38.00,16.00,2,4,4
24/2/18-4:46:57,150,65,161,48,7,3,38.00,16.00,2,4,4
24/2/18-4:47:58,149,70,163,53,9,3,38.00,16.00,1,2,2
24/2/18-4:48:59,150,71,163,56,8,2,38.00,16.00,1,1,1
24/2/18-4:50:0,150,69,159,56,9,3,38.00,16.00,2,4,7
24/2/18-4:51:1,148,70,179,55,7,2,38.00,16.00,2,4,7
24/2/18-4:52:2,150,71,163,54,7,2,38.00,16.00,1,3,3
24/2/18-4:53:3,149,71,165,55,7,1,38.00,16.00,1,3,3
24/2/18-4:54:4,150,66,160,52,8,3,38.00,16.00,3,5,5
24/2/18-4:55:5,150,68,160,55,8,2,38.00,16.00,3,5,5
24/2/18-4:56:6,149,70,170,57,7,2,38.00,16.00,3,4,6
24/2/18-4:57:7,148,69,166,57,6,1,38.00,16.00,3,5,6
24/2/18-4:58:8,149,66,155,49,7,3,38.00,16.00,3,4,4
24/2/18-4:59:9,150,68,160,56,9,1,38.00,16.00,3,4,4
24/2/18-5:0:10,150,68,169,59,9,2,38.00,16.00,3,3,3
24/2/18-5:1:11,148,69,163,60,8,1,38.00,16.00,3,3,3
24/2/18-5:2:12,148,67,153,46,8,2,38.00,16.00,3,4,4
24/2/18-5:3:13,150,71,158,53,9,5,38.00,16.00,3,4,4
24/2/18-5:4:14,151,70,162,53,8,2,38.00,16.00,3,6,6
24/2/18-5:5:15,150,70,163,57,10,4,38.00,16.00,3,6,6
24/2/18-5:6:16,151,66,154,47,10,2,38.00,16.00,3,5,7
24/2/18-5:7:17,151,71,163,53,9,1,38.00,16.00,3,5,7
24/2/18-5:8:18,150,70,175,59,8,2,38.00,16.00,3,5,5
24/2/18-5:9:19,151,69,162,56,11,3,38.00,16.00,3,5,5
24/2/18-5:10:20,150,68,164,54,10,1,38.00,15.00,2,3,3
24/2/18-5:11:21,150,70,167,56,11,3,38.00,16.00,2,3,3
24/2/18-5:12:22,148,69,168,55,10,3,38.00,16.00,3,6,6
24/2/18-5:13:23,150,66,161,53,11,5,38.00,16.00,3,6,6
24/2/18-5:14:24,151,71,179,59,10,3,38.00,15.00,3,5,5
24/2/18-5:15:25,150,68,165,57,10,2,40.00,15.00,3,5,5
24/2/18-5:16:26,149,68,169,57,9,1,38.00,16.00,4,6,6
24/2/18-5:17:27,148,65,161,45,9,2,38.00,16.00,4,6,6
24/2/18-5:18:28,151,69,161,53,9,1,38.00,15.00,2,4,4
24/2/18-5:19:29,151,71,168,53,6,1,39.00,16.00,2,4,4
24/2/18-5:20:30,150,69,164,54,9,2,38.00,15.00,3,4,4
24/2/18-5:21:31,149,66,150,47,9,2,38.00,16.00,3,4,4
24/2/18-5:22:32,149,70,161,54,7,2,38.00,15.00,3,3,3
24/2/18-5:23:33,151,69,160,52,9,2,38.00,16.00,3,4,4
24/2/18-5:24:34,149,70,166,60,8,1,38.00,16.00,3,4,4
24/2/18-5:25:35,150,67,154,47,7,3,39.00,15.00,3,4,4
24/2/18-5:26:36,150,69,178,72,8,1,38.00,16.00,3,7,7
24/2/18-5:27:37,150,70,164,53,11,3,39.00,16.00,3,6,6
24/2/18-5:28:38,150,69,167,62,11,1,38.00,16.00,2,4,4
24/2/18-5:29:39,152,70,164,53,9,3,38.00,15.00,2,4,4
24/2/18-5:30:40,150,69,171,55,11,1,38.00,16.00,4,6,6
24/2/18-5:31:41,151,70,161,53,9,3,38.00,15.00,4,5,5
24/2/18-5:32:42,150,66,153,47,8,1,38.00,16.00,3,4,5
24/2/18-5:33:43,151,69,163,54,11,1,38.00,16.00,3,4,5
24/2/18-5:34:44,151,70,165,54,10,2,39.00,16.00,3,5,6
24/2/18-5:35:45,151,69,177,61,11,2,38.00,15.00,3,5,5
24/2/18-5:36:46,151,67,161,48,10,3,38.00,16.00,3,5,6
24/2/18-5:37:47,151,70,166,54,11,3,38.00,16.00,3,5,6
24/2/18-5:38:48,151,69,168,57,11,3,38.00,15.00,4,6,6
24/2/18-5:39:49,151,68,166,59,11,2,38.00,15.00,3,4,4
24/2/18-5:40:50,150,66,154,49,11,3,38.00,15.00,4,5,5
24/2/18-5:41:51,150,70,165,56,10,2,38.00,15.00,4,5,5
24/2/18-5:42:52,150,70,166,57,12,1,38.00,15.00,3,4,4
24/2/18-5:43:53,150,69,165,57,10,3,38.00,15.00,3,4,4
24/2/18-5:44:54,150,66,162,49,10,2,38.00,15.00,4,6,6
24/2/18-5:45:55,150,69,175,57,12,3,38.00,16.00,4,6,6
24/2/18-5:46:56,150,70,168,59,13,4,38.00,16.00,5,6,7
24/2/18-5:47:57,150,67,162,54,11,1,38.00,16.00,5,6,7
24/2/18-5:48:58,151,68,168,56,12,1,38.00,16.00,4,6,6
24/2/18-5:49:59,151,71,171,59,10,1,38.00,15.00,4,6,6
24/2/18-5:51:0,151,70,171,58,12,2,38.00,15.00,4,6,6
24/2/18-5:52:1,150,67,163,53,10,0,38.00,15.00,4,6,6
24/2/18-5:53:2,152,69,173,65,15,1,37.00,15.00,5,6,6
24/2/18-5:54:3,151,68,166,54,14,3,38.00,15.00,5,6,6
24/2/18-5:55:4,151,69,168,58,14,3,38.00,15.00,5,6,6
24/2/18-5:56:5,151,67,159,48,12,2,39.00,15.00,5,6,6
24/2/18-5:57:6,150,69,168,61,12,1,38.00,15.00,5,7,8
24/2/18-5:58:7,151,68,166,59,11,0,39.00,15.00,5,7,8
24/2/18-5:59:8,149,68,179,58,12,2,38.00,15.00,5,6,8
24/2/18-6:0:9,152,67,160,46,11,2,38.00,15.00,5,6,8
24/2/18-6:1:10,151,68,171,59,14,1,38.00,15.00,5,7,7
24/2/18-6:2:11,151,69,167,57,15,3,39.00,15.00,5,7,7
24/2/18-6:3:12,152,68,164,56,15,3,38.00,16.00,5,7,7
24/2/18-6:4:13,153,73,175,59,14,3,39.00,15.00,5,7,7
24/2/18-6:5:14,150,70,171,58,14,1,38.00,15.00,4,6,8
24/2/18-6:6:15,151,69,168,59,17,2,38.00,15.00,4,7,9
24/2/18-6:7:15,152,66,155,49,13,5,38.00,15.00,5,6,6
24/2/18-6:8:16,150,70,175,62,12,1,38.00,15.00,5,6,6
24/2/18-6:9:17,151,71,169,56,12,3,38.00,16.00,5,7,8
24/2/18-6:10:18,151,69,170,59,15,1,39.00,16.00,5,8,8
24/2/18-6:11:19,151,68,161,49,12,3,39.00,15.00,5,6,6
24/2/18-6:12:20,151,69,169,55,16,3,38.00,15.00,5,6,6
24/2/18-6:13:21,153,69,177,63,18,2,39.00,15.00,6,6,6
24/2/18-6:14:22,151,70,169,62,14,0,38.00,15.00,5,6,6
24/2/18-6:15:23,150,67,160,49,12,3,39.00,15.00,6,9,10
24/2/18-6:16:24,150,70,171,56,13,2,38.00,15.00,6,9,10
24/2/18-6:17:25,151,72,177,58,15,4,39.00,16.00,5,9,9
24/2/18-6:18:26,148,68,170,61,15,1,38.00,15.00,5,9,9
24/2/18-6:19:27,151,69,167,54,11,2,39.00,15.00,6,11,12
24/2/18-6:20:28,151,72,171,56,11,3,39.00,16.00,6,11,12
24/2/18-6:21:29,151,69,183,63,9,1,39.00,16.00,9,13,15
24/2/18-6:22:30,150,71,179,70,10,2,39.00,16.00,9,13,15
24/2/18-6:23:31,151,70,174,65,10,3,39.00,16.00,8,10,12
24/2/18-6:24:32,152,70,178,60,11,2,38.00,16.00,7,10,12
24/2/18-6:25:33,149,69,162,54,8,2,39.00,16.00,9,16,18
24/2/18-6:26:34,151,69,152,48,9,3,38.00,16.00,9,16,18
24/2/18-6:27:35,152,71,171,56,8,1,39.00,16.00,10,16,17
24/2/18-6:28:36,151,70,182,68,6,2,39.00,16.00,10,16,17
24/2/18-6:29:37,150,71,167,58,7,2,39.00,16.00,10,15,15
24/2/18-6:30:38,150,71,177,64,7,3,38.00,16.00,10,15,15
24/2/18-6:31:39,150,71,175,61,7,3,38.00,16.00,11,17,18
24/2/18-6:32:40,151,70,184,58,9,2,39.00,16.00,11,18,19
24/2/18-6:33:41,150,71,171,55,9,3,38.00,16.00,11,17,17
24/2/18-6:34:42,152,71,175,67,9,1,39.00,16.00,11,17,17
24/2/18-6:35:43,148,68,170,53,7,2,39.00,16.00,10,17,17
24/2/18-6:36:44,151,72,168,53,8,2,39.00,16.00,10,17,17
24/2/18-6:37:45,150,70,171,55,11,1,39.00,16.00,10,16,17
24/2/18-6:38:46,150,70,172,60,10,1,39.00,16.00,11,17,17
24/2/18-6:39:47,151,70,182,53,10,3,38.00,16.00,12,22,22
24/2/18-6:40:48,151,71,174,57,11,0,39.00,16.00,11,21,21
24/2/18-6:41:49,149,71,176,58,11,3,38.00,16.00,12,18,21
24/2/18-6:42:50,152,72,190,65,9,1,40.00,16.00,12,18,21
24/2/18-6:43:51,151,71,176,66,11,3,39.00,16.00,11,18,18
24/2/18-6:44:52,150,71,170,55,8,3,39.00,16.00,11,18,18
24/2/18-6:45:53,151,67,169,52,9,4,39.00,16.00,11,17,17
24/2/18-6:46:54,151,70,186,72,10,2,38.00,16.00,12,18,18
24/2/18-6:47:55,149,71,170,57,12,2,39.00,16.00,13,19,21
24/2/18-6:48:56,151,70,178,61,11,1,39.00,16.00,13,19,21
24/2/18-6:49:57,149,67,169,48,10,2,39.00,16.00,12,18,19
24/2/18-6:50:58,151,71,174,54,11,3,38.00,16.00,12,18,19
24/2/18-6:51:59,150,71,181,64,10,2,38.00,16.00,13,20,20
24/2/18-6:53:0,149,71,173,58,10,1,39.00,16.00,12,21,22
24/2/18-6:54:1,150,72,176,59,12,2,38.00,16.00,13,23,23
24/2/18-6:55:2,149,70,169,56,11,2,38.00,16.00,13,22,22
24/2/18-6:56:3,150,70,174,60,11,1,38.00,16.00,13,26,26
24/2/18-6:57:4,150,71,181,62,10,3,39.00,16.00,12,25,25
24/2/18-6:58:5,150,67,163,46,10,2,39.00,16.00,13,21,24
24/2/18-6:59:6,150,72,172,55,12,3,39.00,16.00,14,22,25
24/2/18-7:0:7,151,68,169,51,12,2,38.00,16.00,13,21,23
24/2/18-7:1:8,152,70,172,57,13,2,39.00,16.00,13,21,23
24/2/18-7:2:9,148,70,178,60,12,2,39.00,16.00,14,22,24
24/2/18-7:3:10,150,70,165,50,12,3,39.00,16.00,14,22,24
24/2/18-7:4:11,149,71,170,56,12,3,38.00,16.00,15,25,25
24/2/18-7:5:12,150,68,174,55,11,3,39.00,16.00,14,24,24
24/2/18-7:6:13,150,70,172,52,11,2,38.00,16.00,13,18,20
24/2/18-7:7:14,148,69,175,57,15,1,39.00,16.00,13,19,19
24/2/18-7:8:15,150,72,172,55,14,2,38.00,16.00,14,24,26
24/2/18-7:9:16,151,73,175,58,13,4,39.00,16.00,15,22,23
24/2/18-7:10:17,148,68,165,49,13,3,38.00,16.00,12,21,25
24/2/18-7:11:18,150,70,175,59,14,2,38.00,16.00,11,20,24
24/2/18-7:12:19,148,71,181,60,10,2,39.00,16.00,12,18,20
24/2/18-7:13:20,149,68,164,44,11,3,38.00,16.00,12,18,20
24/2/18-7:14:21,149,71,175,61,10,1,39.00,16.00,12,18,20
24/2/18-7:15:22,149,69,176,57,13,2,39.00,16.00,13,20,22
24/2/18-7:16:23,148,67,170,48,12,2,39.00,16.00,14,19,20
24/2/18-7:17:24,148,71,176,56,12,2,39.00,16.00,14,19,20
24/2/18-7:18:25,150,68,165,47,10,1,38.00,16.00,13,20,20
24/2/18-7:19:26,150,71,172,57,12,3,38.00,16.00,13,20,20
24/2/18-7:20:27,150,70,168,53,11,1,39.00,16.00,10,18,19
24/2/18-7:21:28,149,72,180,57,10,3,38.00,16.00,10,18,19
24/2/18-7:22:29,151,69,165,47,13,3,38.00,16.00,12,18,22
24/2/18-7:23:30,150,72,182,55,13,3,38.00,16.00,12,18,22
24/2/18-7:24:31,150,71,176,57,14,3,38.00,16.00,12,17,17
24/2/18-7:25:32,148,70,185,58,12,2,38.00,16.00,12,17,17
24/2/18-7:26:33,150,70,164,45,13,3,39.00,16.00,13,18,18
24/2/18-7:27:34,151,71,174,55,11,0,38.00,16.00,13,18,18
24/2/18-7:28:35,150,68,164,45,12,2,38.00,16.00,11,18,20
24/2/18-7:29:36,151,72,182,59,12,2,39.00,16.00,11,18,20
24/2/18-7:30:37,150,69,165,46,11,4,39.00,16.00,11,16,16
24/2/18-7:31:38,151,71,177,54,12,0,39.00,16.00,11,16,16
24/2/18-7:32:39,149,70,182,54,13,2,39.00,16.00,10,19,22
24/2/18-7:33:40,149,71,171,56,13,3,38.00,16.00,10,19,22
24/2/18-7:34:41,150,71,176,58,13,3,39.00,16.00,10,20,22
24/2/18-7:35:42,149,71,181,59,12,0,39.00,16.00,10,19,20
24/2/18-7:36:43,150,72,175,57,12,1,39.00,16.00,11,17,18
24/2/18-7:37:44,151,71,178,58,14,1,38.00,16.00,11,17,17
24/2/18-7:38:45,149,69,165,43,12,3,38.00,16.00,12,17,17
24/2/18-7:39:46,151,74,186,57,13,1,39.00,16.00,12,17,17
24/2/18-7:40:47,150,74,176,57,15,3,38.00,16.00,12,17,19
24/2/18-7:41:48,149,72,180,56,14,3,38.00,16.00,12,17,19
24/2/18-7:42:49,149,72,177,54,13,3,40.00,16.00,12,19,21
24/2/18-7:43:50,150,69,168,44,10,3,39.00,16.00,12,19,21
24/2/18-7:44:51,149,70,182,58,13,1,38.00,16.00,11,19,19
24/2/18-7:45:52,149,71,185,64,9,0,38.00,16.00,11,19,19
24/2/18-7:46:53,151,69,167,50,10,2,38.00,16.00,13,21,25
24/2/18-7:47:54,150,73,184,61,10,2,39.00,16.00,13,21,25
24/2/18-7:48:55,149,70,172,56,12,1,39.00,16.00,12,18,22
24/2/18-7:49:56,151,68,170,56,9,2,38.00,16.00,12,17,20
24/2/18-7:50:57,149,72,187,62,11,4,38.00,16.00,11,17,24
24/2/18-7:51:58,150,70,180,56,10,1,38.00,16.00,10,16,23
24/2/18-7:52:59,152,68,179,61,10,3,39.00,16.00,10,16,18
24/2/18-7:54:0,150,71,171,50,10,1,37.00,16.00,10,16,18
24/2/18-7:55:1,150,71,180,54,11,2,38.00,16.00,10,15,18
24/2/18-7:56:2,149,70,176,59,12,1,39.00,16.00,11,16,19
24/2/18-7:57:3,150,69,167,49,12,0,39.00,16.00,12,19,22
24/2/18-7:58:4,151,72,177,52,14,3,38.00,16.00,12,19,22
24/2/18-7:59:5,150,72,171,53,14,3,38.00,16.00,12,17,19
24/2/18-8:0:5,150,71,184,57,14,2,38.00,16.00,11,17,19
24/2/18-8:1:6,148,71,183,61,12,2,38.00,16.00,11,22,22
24/2/18-8:2:7,150,70,159,55,10,2,38.00,16.00,11,21,21
24/2/18-8:3:8,149,69,168,45,11,4,38.00,16.00,11,16,17
24/2/18-8:4:9,149,70,176,53,12,4,38.00,16.00,11,16,17
24/2/18-8:5:10,150,73,167,53,11,3,39.00,16.00,12,20,22
24/2/18-8:6:11,149,68,171,48,8,2,37.00,17.00,12,20,22
24/2/18-8:7:12,149,71,181,51,9,4,38.00,16.00,11,16,16
24/2/18-8:8:13,151,73,185,52,8,1,38.00,16.00,13,18,18
24/2/18-8:9:14,151,69,183,44,10,4,38.00,16.00,14,20,20
24/2/18-8:10:15,148,71,181,53,11,1,38.00,16.00,14,20,20
24/2/18-8:11:16,149,71,178,56,10,1,38.00,16.00,12,18,19
24/2/18-8:12:17,149,67,167,56,10,2,38.00,16.00,12,18,19
24/2/18-8:13:18,151,71,182,56,13,2,38.00,16.00,12,19,20
24/2/18-8:14:19,149,71,171,50,11,3,39.00,17.00,13,20,21
24/2/18-8:15:20,149,70,177,52,11,3,38.00,16.00,10,15,15
24/2/18-8:16:21,149,69,162,47,10,4,38.00,16.00,10,15,15
24/2/18-8:17:22,148,70,173,57,8,2,38.00,16.00,11,17,18
24/2/18-8:18:23,149,75,202,70,8,2,37.00,17.00,11,17,18
24/2/18-8:19:24,149,70,181,46,10,3,37.00,17.00,11,18,21
24/2/18-8:20:25,149,71,192,53,9,1,38.00,16.00,11,18,21
24/2/18-8:21:26,149,72,172,55,9,1,38.00,16.00,11,18,19
24/2/18-8:22:27,149,69,163,44,8,2,38.00,16.00,11,18,19
24/2/18-8:23:28,148,72,171,50,9,3,37.00,17.00,11,16,16
24/2/18-8:24:29,149,72,193,58,8,0,37.00,17.00,11,16,16
24/2/18-8:25:30,149,72,179,54,10,3,38.00,16.00,11,17,18
24/2/18-8:26:31,150,71,199,70,12,3,37.00,17.00,11,16,16
24/2/18-8:27:32,148,72,176,49,11,3,38.00,16.00,12,16,16
24/2/18-8:28:33,148,69,167,51,9,2,37.00,17.00,12,16,16
24/2/18-8:29:34,151,73,189,59,11,2,37.00,17.00,11,17,18
24/2/18-8:30:35,148,72,175,52,12,2,37.00,17.00,11,16,17
24/2/18-8:31:36,146,70,175,54,11,2,38.00,16.00,11,17,19
24/2/18-8:32:37,151,72,176,54,13,0,38.00,16.00,11,17,19
24/2/18-8:33:38,148,70,185,57,13,2,37.00,17.00,12,18,19
24/2/18-8:34:39,147,70,170,53,11,3,37.00,17.00,12,18,19
24/2/18-8:35:40,149,73,184,61,12,0,37.00,17.00,12,19,22
24/2/18-8:36:41,149,70,176,54,14,3,38.00,17.00,11,18,21
24/2/18-8:37:42,148,71,173,57,12,1,38.00,16.00,12,17,21
24/2/18-8:38:43,148,70,186,60,12,1,38.00,16.00,12,17,21
24/2/18-8:39:44,151,71,186,58,12,0,38.00,16.00,11,14,15
24/2/18-8:40:45,148,71,182,60,12,2,38.00,16.00,11,15,16
24/2/18-8:41:46,149,73,170,52,13,4,38.00,16.00,11,21,22
24/2/18-8:42:47,148,70,170,54,14,1,37.00,17.00,11,21,22
24/2/18-8:43:48,150,73,172,52,13,3,38.00,16.00,11,20,20
24/2/18-8:44:49,148,71,180,54,12,3,38.00,17.00,11,20,20
24/2/18-8:45:50,148,68,158,47,12,2,38.00,16.00,14,24,24
24/2/18-8:46:51,148,68,171,46,10,3,37.00,16.00,14,24,24
24/2/18-8:47:52,149,68,164,48,10,3,37.00,17.00,12,21,22
24/2/18-8:48:53,147,70,174,54,10,1,38.00,16.00,12,22,24
24/2/18-8:49:54,149,69,162,45,11,4,37.00,17.00,13,21,22
24/2/18-8:50:55,148,70,179,55,11,2,37.00,17.00,13,21,22
24/2/18-8:51:56,151,70,169,51,11,1,37.00,17.00,10,17,20
24/2/18-8:52:57,148,67,188,85,11,4,37.00,17.00,10,17,20
24/2/18-8:53:58,149,71,193,65,12,2,37.00,17.00,13,17,17
24/2/18-8:54:59,148,71,172,50,13,2,38.00,17.00,12,16,16
24/2/18-8:56:0,150,71,210,71,14,1,37.00,17.00,13,20,20
24/2/18-8:57:1,149,68,174,49,12,4,37.00,17.00,13,20,20
24/2/18-8:58:2,148,70,162,45,11,4,37.00,17.00,13,22,23
24/2/18-8:59:3,148,68,161,44,12,2,37.00,17.00,13,22,22
24/2/18-9:0:4,149,72,192,56,10,2,37.00,17.00,12,17,19
24/2/18-9:1:5,148,73,175,51,10,2,37.00,17.00,11,16,18
24/2/18-9:2:6,148,68,177,44,11,3,37.00,17.00,13,20,21
24/2/18-9:3:7,149,71,182,51,13,2,37.00,17.00,13,20,21
24/2/18-9:4:8,148,68,220,81,11,4,37.00,17.00,12,18,22
24/2/18-9:5:9,148,71,174,51,12,1,37.00,17.00,12,18,22
24/2/18-9:6:10,149,68,157,42,11,4,37.00,17.00,15,20,21
24/2/18-9:7:11,147,69,167,45,10,0,36.00,17.00,15,20,21
24/2/18-9:8:12,147,72,191,67,10,2,37.00,17.00,16,22,22
24/2/18-9:9:13,148,71,183,48,10,3,37.00,17.00,16,22,22
24/2/18-9:10:14,150,75,189,60,10,1,37.00,17.00,14,20,20
24/2/18-9:11:15,148,69,158,43,8,1,37.00,17.00,14,20,20
24/2/18-9:12:16,150,71,172,51,11,1,36.00,17.00,12,18,21
24/2/18-9:13:17,147,73,182,60,9,3,37.00,17.00,12,18,21
24/2/18-9:14:18,148,72,178,56,9,1,37.00,17.00,13,18,19
24/2/18-9:15:19,148,68,162,44,10,4,37.00,17.00,13,18,19
24/2/18-9:16:20,149,72,179,55,10,2,37.00,17.00,12,18,20
24/2/18-9:17:21,150,74,170,50,8,1,38.00,17.00,13,18,20
24/2/18-9:18:22,149,70,170,53,10,2,37.00,17.00,13,22,24
24/2/18-9:19:23,148,72,191,62,11,3,37.00,17.00,13,22,23
24/2/18-9:20:24,149,75,179,64,10,2,37.00,17.00,14,22,22
24/2/18-9:21:25,148,71,183,58,9,1,37.00,17.00,14,23,23
24/2/18-9:22:26,148,71,176,53,11,1,37.00,17.00,14,21,21
24/2/18-9:23:27,149,71,171,44,10,2,37.00,17.00,14,21,21
24/2/18-9:24:28,148,71,186,59,11,2,37.00,17.00,14,21,21
24/2/18-9:25:29,149,72,198,58,10,2,37.00,17.00,14,22,22
24/2/18-9:26:30,146,68,176,47,9,2,37.00,17.00,14,20,21
24/2/18-9:27:31,147,71,171,50,9,2,37.00,17.00,14,20,21
24/2/18-9:28:32,148,72,171,50,7,0,37.00,17.00,16,22,24
24/2/18-9:29:33,148,72,181,56,9,4,37.00,17.00,16,22,24
24/2/18-9:30:34,149,74,185,59,9,3,37.00,17.00,15,21,21
24/2/18-9:31:35,147,69,178,49,8,2,37.00,17.00,15,21,21
24/2/18-9:32:36,145,68,170,48,10,2,37.00,17.00,15,23,26
24/2/18-9:33:37,148,71,183,55,9,2,37.00,17.00,15,23,26
24/2/18-9:34:38,148,71,167,53,8,1,38.00,17.00,13,20,20
24/2/18-9:35:39,148,70,170,51,9,2,37.00,17.00,14,21,21
24/2/18-9:36:40,147,67,183,57,8,3,37.00,17.00,14,21,22
24/2/18-9:37:41,149,68,165,51,9,2,37.00,17.00,15,22,23
24/2/18-9:38:42,149,71,188,56,10,0,37.00,17.00,11,17,18
24/2/18-9:39:43,146,71,197,74,10,1,37.00,17.00,11,17,18
24/2/18-9:40:44,147,69,171,53,8,0,37.00,17.00,9,12,13
24/2/18-9:41:45,147,70,179,56,8,1,37.00,17.00,9,12,13
24/2/18-9:42:46,147,73,176,58,8,3,38.00,17.00,8,11,11
24/2/18-9:43:47,148,71,170,52,7,2,37.00,17.00,7,10,10
24/2/18-9:44:48,148,69,197,61,6,2,37.00,17.00,5,7,9
24/2/18-9:45:49,148,72,178,54,7,3,37.00,17.00,6,8,10
24/2/18-9:46:50,148,70,162,52,5,0,37.00,17.00,6,8,9
24/2/18-9:47:51,148,70,158,51,4,1,37.00,17.00,5,8,8
24/2/18-9:48:52,146,68,166,49,7,2,37.00,17.00,6,8,9
24/2/18-9:49:53,148,72,188,57,6,3,37.00,17.00,6,8,9
24/2/18-9:50:54,149,70,169,53,8,2,37.00,17.00,4,8,9
24/2/18-9:51:55,148,73,181,64,7,3,37.00,17.00,4,8,9
24/2/18-9:52:56,147,69,169,49,5,0,37.00,17.00,7,9,9
24/2/18-9:53:57,149,70,172,51,7,4,37.00,17.00,7,9,9
24/2/18-9:54:58,148,71,182,56,7,3,37.00,17.00,9,12,12
24/2/18-9:55:59,147,70,163,52,6,2,37.00,17.00,9,12,12
24/2/18-9:56:59,149,73,179,63,7,3,37.00,17.00,8,10,13
24/2/18-9:58:0,149,70,165,54,8,2,37.00,17.00,8,10,13
24/2/18-9:59:1,148,72,176,55,7,3,37.00,17.00,9,13,13
24/2/18-10:0:2,148,68,166,54,6,3,37.00,17.00,9,13,13
24/2/18-10:1:3,150,71,166,55,9,1,36.00,17.00,11,15,15
24/2/18-10:2:4,148,69,150,47,7,1,37.00,17.00,11,16,16
24/2/18-10:3:5,148,70,185,64,8,1,37.00,17.00,6,8,8
24/2/18-10:4:6,147,71,212,85,6,1,38.00,18.00,6,8,8
24/2/18-10:5:7,147,70,175,58,6,3,37.00,18.00,6,8,9
24/2/18-10:6:8,148,68,166,47,6,4,37.00,17.00,6,8,9
24/2/18-10:7:9,149,71,166,53,4,1,37.00,17.00,5,7,7
24/2/18-10:8:10,146,70,180,55,5,1,37.00,17.00,5,7,7
24/2/18-10:9:11,146,71,171,54,5,2,37.00,17.00,4,5,5
24/2/18-10:10:12,148,71,143,40,4,2,37.00,17.00,4,5,5
24/2/18-10:11:13,147,71,159,52,3,2,37.00,17.00,3,4,4
24/2/18-10:12:14,148,72,148,47,5,3,37.00,17.00,3,3,3
24/2/18-10:13:15,146,70,162,55,7,2,37.00,17.00,5,8,11
24/2/18-10:14:16,146,68,163,49,7,2,37.00,17.00,5,8,11
24/2/18-10:15:17,148,73,160,51,5,4,37.00,17.00,5,8,8
24/2/18-10:16:18,148,71,179,51,5,2,37.00,17.00,5,7,7
24/2/18-10:17:19,147,69,190,64,8,1,37.00,18.00,4,4,4
24/2/18-10:18:20,147,74,193,54,6,2,37.00,18.00,4,4,4
24/2/18-10:19:21,148,72,171,56,6,2,37.00,17.00,3,4,4
24/2/18-10:20:22,146,71,191,66,4,2,37.00,18.00,5,6,6
24/2/18-10:21:23,147,68,158,46,7,4,37.00,18.00,4,7,8
24/2/18-10:22:24,148,71,156,49,5,1,37.00,17.00,4,7,8
24/2/18-10:23:25,149,72,145,45,4,2,38.00,18.00,4,4,4
24/2/18-10:24:26,148,71,153,53,5,0,37.00,17.00,3,4,4
24/2/18-10:25:27,148,68,157,49,5,3,37.00,18.00,4,5,5
24/2/18-10:26:28,148,74,159,55,6,2,35.00,18.00,4,5,5
24/2/18-10:27:29,149,71,151,48,6,0,37.00,18.00,4,5,5
24/2/18-10:28:30,147,73,158,49,6,3,37.00,18.00,4,5,5
24/2/18-10:29:31,147,69,151,43,7,4,37.00,18.00,4,5,5
24/2/18-10:30:32,148,68,159,53,5,1,37.00,18.00,4,5,5
24/2/18-10:31:33,147,70,183,69,6,3,37.00,18.00,3,5,5
24/2/18-10:32:34,146,68,153,56,5,3,37.00,18.00,3,6,6
24/2/18-10:33:35,146,66,140,43,6,3,37.00,18.00,5,6,6
24/2/18-10:34:36,148,70,169,73,6,1,37.00,18.00,5,6,6
24/2/18-10:35:37,147,73,176,66,6,3,37.00,18.00,4,7,7
24/2/18-10:36:38,147,71,151,50,6,2,37.00,18.00,4,7,7
24/2/18-10:37:39,147,70,163,50,6,4,37.00,18.00,5,7,7
24/2/18-10:38:40,148,72,148,47,5,3,37.00,18.00,5,7,7
24/2/18-10:39:41,149,73,179,69,4,2,37.00,18.00,2,3,4
24/2/18-10:40:42,147,70,151,47,6,3,37.00,18.00,2,3,4
24/2/18-10:41:43,149,70,149,48,5,3,37.00,18.00,5,7,8
24/2/18-10:42:44,148,72,154,54,4,2,37.00,18.00,5,7,8
24/2/18-10:43:45,147,71,148,50,5,0,37.00,18.00,4,6,6
24/2/18-10:44:46,147,68,153,57,6,3,37.00,18.00,4,6,6
24/2/18-10:45:47,146,72,161,51,4,2,36.00,18.00,4,6,6
24/2/18-10:46:48,148,70,146,53,5,2,37.00,18.00,4,6,6
24/2/18-10:47:49,147,70,155,57,5,3,37.00,18.00,4,5,7
24/2/18-10:48:50,146,68,160,42,4,3,37.00,18.00,4,5,7
24/2/18-10:49:51,147,70,162,49,5,1,37.00,18.00,3,5,5
24/2/18-10:50:52,148,70,150,51,6,3,37.00,18.00,4,5,5
24/2/18-10:51:53,146,71,162,62,6,4,37.00,18.00,5,6,6
24/2/18-10:52:54,146,68,153,51,6,4,37.00,18.00,5,6,6
24/2/18-10:53:55,148,70,156,51,5,0,37.00,18.00,4,6,6
24/2/18-10:54:56,146,71,162,60,6,3,37.00,18.00,4,6,6
24/2/18-10:55:57,146,71,158,56,6,3,37.00,18.00,5,7,9
24/2/18-10:56:58,146,66,164,54,7,3,37.00,18.00,5,7,9
24/2/18-10:57:59,147,71,161,51,6,3,37.00,18.00,4,6,6
24/2/18-10:59:0,145,72,204,70,5,2,37.00,18.00,4,7,7
24/2/18-11:0:1,147,70,157,56,7,3,37.00,18.00,5,6,6
24/2/18-11:1:2,148,71,170,53,4,2,37.00,18.00,5,6,6
24/2/18-11:2:3,146,72,160,51,6,3,37.00,18.00,5,6,7
24/2/18-11:3:4,146,70,163,63,5,1,37.00,18.00,4,6,6
24/2/18-11:4:5,148,68,169,76,5,3,37.00,18.00,5,6,7
24/2/18-11:5:6,147,70,152,50,4,2,36.00,18.00,5,6,7
24/2/18-11:6:7,147,71,185,70,4,3,37.00,18.00,4,6,6
24/2/18-11:7:8,147,72,170,58,6,3,37.00,18.00,4,6,6
24/2/18-11:8:9,146,68,135,41,4,3,37.00,18.00,6,7,7
24/2/18-11:9:10,149,71,150,60,5,3,37.00,18.00,6,7,7
24/2/18-11:10:11,146,70,143,51,4,1,37.00,18.00,8,10,10
24/2/18-11:11:12,147,71,191,69,4,3,37.00,18.00,8,11,11
24/2/18-11:12:13,147,67,148,44,5,3,37.00,18.00,7,11,14
24/2/18-11:13:14,147,71,169,54,3,1,37.00,18.00,8,12,15
24/2/18-11:14:15,146,69,159,55,7,2,37.00,18.00,8,11,11
24/2/18-11:15:16,147,70,149,42,4,2,37.00,18.00,8,11,11
24/2/18-11:16:17,146,70,154,55,6,1,37.00,18.00,15,20,21
24/2/18-11:17:18,146,70,169,83,4,1,37.00,18.00,15,20,21
24/2/18-11:18:19,144,67,145,43,6,3,37.00,18.00,6,7,10
24/2/18-11:19:20,147,71,179,83,5,1,36.00,19.00,6,7,10
24/2/18-11:20:21,145,70,162,59,4,0,37.00,18.00,6,8,8
24/2/18-11:21:22,144,70,156,54,7,2,37.00,18.00,6,8,8
24/2/18-11:22:23,147,68,143,45,5,1,37.00,18.00,6,7,7
24/2/18-11:23:24,146,71,173,51,6,2,37.00,18.00,6,7,7
24/2/18-11:24:25,147,77,156,62,4,1,37.00,18.00,4,6,6
24/2/18-11:25:26,147,66,137,47,7,3,37.00,18.00,5,7,7
24/2/18-11:26:27,147,71,169,58,6,3,37.00,18.00,5,6,6
24/2/18-11:27:28,147,69,166,63,5,3,38.00,18.00,5,6,6
24/2/18-11:28:29,144,66,149,47,5,2,37.00,18.00,6,7,7
24/2/18-11:29:30,145,69,155,51,5,1,36.00,18.00,6,7,7
24/2/18-11:30:31,145,70,141,49,5,1,37.00,19.00,4,5,5
24/2/18-11:31:32,147,69,170,65,5,1,37.00,18.00,4,5,5
24/2/18-11:32:33,145,66,163,52,4,2,36.00,19.00,5,6,6
24/2/18-11:33:34,147,72,166,64,6,2,35.00,18.00,5,6,6
24/2/18-11:34:35,145,70,167,56,5,2,37.00,18.00,5,6,6
24/2/18-11:35:36,144,70,164,49,3,1,37.00,18.00,4,6,6
24/2/18-11:36:37,146,69,157,39,3,2,37.00,18.00,5,7,7
24/2/18-11:37:38,146,70,170,57,6,1,37.00,18.00,5,7,7
24/2/18-11:38:39,146,71,170,62,4,2,37.00,18.00,6,8,8
24/2/18-11:39:40,145,69,179,61,7,1,37.00,18.00,6,8,8
24/2/18-11:40:41,147,67,134,39,6,3,37.00,18.00,5,6,6
24/2/18-11:41:42,147,72,154,49,6,3,37.00,18.00,5,6,6
24/2/18-11:42:43,144,71,171,54,5,0,37.00,18.00,6,7,7
24/2/18-11:43:44,144,71,150,51,5,2,36.00,19.00,6,7,7
24/2/18-11:44:45,146,69,176,61,4,3,37.00,18.00,7,8,9
24/2/18-11:45:46,147,69,152,53,5,2,37.00,18.00,7,8,9
24/2/18-11:46:47,145,68,151,54,4,3,36.00,19.00,6,8,10
24/2/18-11:47:48,144,68,154,45,6,3,37.00,18.00,6,8,10
24/2/18-11:48:49,146,69,163,53,5,1,36.00,19.00,6,8,9
24/2/18-11:49:50,146,73,149,49,4,2,37.00,18.00,6,8,9
24/2/18-11:50:51,145,69,176,69,5,3,37.00,18.00,7,10,13
24/2/18-11:51:52,147,66,141,42,5,5,37.00,18.00,7,10,13
24/2/18-11:52:53,146,70,171,52,4,2,36.00,18.00,5,6,6
24/2/18-11:53:54,145,70,156,52,2,1,37.00,18.00,5,6,6
24/2/18-11:54:55,145,65,158,51,5,3,37.00,18.00,6,12,12
24/2/18-11:55:56,145,70,175,52,6,3,35.00,18.00,6,12,12
24/2/18-11:56:57,144,70,174,68,4,2,37.00,18.00,6,8,8
24/2/18-11:57:58,146,68,203,74,5,3,37.00,18.00,6,7,7
24/2/18-11:58:59,144,69,158,49,4,2,37.00,18.00,5,6,7
24/2/18-11:59:59,145,72,156,52,3,1,37.00,18.00,6,7,8
24/2/18-12:1:0,145,70,154,61,5,1,37.00,18.00,5,7,7
24/2/18-12:2:1,145,70,166,57,5,1,37.00,18.00,5,7,7
24/2/18-12:3:2,146,68,144,44,5,3,37.00,18.00,4,6,6
24/2/18-12:4:3,146,69,179,55,6,2,36.00,19.00,4,6,6
24/2/18-12:5:4,146,70,155,53,6,0,37.00,18.00,5,7,8
24/2/18-12:6:5,147,70,162,68,4,3,37.00,18.00,5,7,8
24/2/18-12:7:6,146,70,159,54,6,1,37.00,18.00,7,10,10
24/2/18-12:8:7,144,69,156,49,5,1,37.00,18.00,7,10,10
24/2/18-12:9:8,145,71,193,70,5,2,37.00,18.00,5,8,9
24/2/18-12:10:9,143,69,149,43,4,3,37.00,18.00,5,8,9
24/2/18-12:11:10,146,70,165,64,7,4,37.00,18.00,5,7,7
24/2/18-12:12:11,145,70,155,56,4,3,37.00,18.00,5,7,7
24/2/18-12:13:12,144,71,161,54,5,3,37.00,18.00,3,5,5
24/2/18-12:14:13,146,67,165,56,6,4,37.00,18.00,3,5,5
24/2/18-12:15:14,146,71,171,72,4,2,36.00,18.00,6,8,9
24/2/18-12:16:15,145,70,177,59,5,3,37.00,18.00,6,8,9
24/2/18-12:17:16,145,70,157,50,5,3,37.00,18.00,5,6,6
24/2/18-12:18:17,144,67,163,51,7,2,37.00,18.00,6,7,7
24/2/18-12:19:18,146,71,152,50,5,3,37.00,18.00,6,9,9
24/2/18-12:20:19,146,69,175,68,4,2,37.00,18.00,6,9,9
24/2/18-12:21:20,145,70,157,53,4,1,37.00,18.00,5,6,6
24/2/18-12:22:21,144,67,147,44,7,2,37.00,18.00,5,6,6
24/2/18-12:23:22,146,70,168,61,5,3,37.00,18.00,5,7,8
24/2/18-12:24:23,145,69,169,53,6,3,37.00,18.00,6,7,8
24/2/18-12:25:24,144,72,163,54,5,1,37.00,18.00,5,7,8
24/2/18-12:26:25,144,67,161,47,7,1,37.00,18.00,5,7,8
24/2/18-12:27:26,145,71,158,53,4,1,37.00,18.00,6,7,7
24/2/18-12:28:27,146,69,161,54,7,3,37.00,18.00,6,7,7
24/2/18-12:29:28,146,70,163,58,6,3,37.00,18.00,6,7,7
24/2/18-12:30:29,146,71,158,56,4,2,37.00,18.00,6,7,7
24/2/18-12:31:30,145,71,165,62,5,1,37.00,18.00,5,6,6
24/2/18-12:32:31,144,70,174,63,5,1,37.00,18.00,5,7,7
24/2/18-12:33:32,145,68,149,44,4,3,37.00,18.00,6,6,6
24/2/18-12:34:33,145,69,174,53,6,1,36.00,18.00,6,6,6
24/2/18-12:35:34,145,72,157,50,4,1,36.00,19.00,6,7,9
24/2/18-12:36:35,145,69,157,50,6,3,37.00,18.00,6,8,9
24/2/18-12:37:36,145,68,181,79,4,2,37.00,18.00,6,8,11
24/2/18-12:38:37,144,69,170,56,5,1,37.00,18.00,6,8,11
24/2/18-12:39:38,145,71,162,57,5,3,37.00,18.00,5,6,6
24/2/18-12:40:39,144,71,171,60,5,1,37.00,18.00,6,7,7
24/2/18-12:41:40,146,67,153,46,6,5,37.00,18.00,5,7,8
24/2/18-12:42:41,147,71,171,64,6,3,37.00,18.00,5,7,8
24/2/18-12:43:42,146,71,175,59,4,1,37.00,18.00,4,7,7
24/2/18-12:44:43,145,71,165,59,6,4,37.00,18.00,4,6,6
24/2/18-12:45:44,144,70,161,49,5,2,37.00,18.00,14,16,19
24/2/18-12:46:45,146,71,152,48,4,2,37.00,18.00,15,17,20
24/2/18-12:47:46,145,70,166,63,6,2,36.00,19.00,8,9,9
24/2/18-12:48:47,144,70,156,52,7,1,36.00,19.00,8,9,9
24/2/18-12:49:48,147,71,153,50,6,3,36.00,19.00,6,8,8
24/2/18-12:50:49,146,72,167,54,6,3,37.00,18.00,6,8,8
24/2/18-12:51:50,145,70,167,50,7,2,36.00,19.00,10,12,12
24/2/18-12:52:51,145,67,156,43,6,1,36.00,19.00,10,12,12
24/2/18-12:53:52,145,70,172,62,7,1,36.00,18.00,7,9,10
24/2/18-12:54:53,144,72,155,53,4,1,37.00,19.00,7,9,10
24/2/18-12:55:54,144,73,156,53,4,2,36.00,19.00,8,10,10
24/2/18-12:56:55,143,68,146,47,6,2,36.00,19.00,8,10,10
24/2/18-12:57:56,145,72,150,53,3,2,34.00,19.00,5,6,6
24/2/18-12:58:57,145,72,168,62,5,3,36.00,20.00,5,6,6
24/2/18-12:59:58,145,71,150,54,6,3,36.00,19.00,7,9,9
24/2/18-13:0:59,142,68,150,61,6,2,36.00,20.00,7,9,9
24/2/18-13:2:0,144,71,144,52,7,2,36.00,20.00,7,10,10
24/2/18-13:3:1,144,70,148,51,5,3,36.00,20.00,6,9,9
24/2/18-13:4:2,144,71,164,57,6,4,36.00,20.00,5,7,9
24/2/18-13:5:3,145,69,156,50,5,4,36.00,20.00,5,7,9
24/2/18-13:6:4,146,72,182,66,6,2,36.00,20.00,7,10,10
24/2/18-13:7:5,143,71,154,52,4,1,36.00,20.00,7,10,10
24/2/18-13:8:6,144,71,143,50,5,2,36.00,20.00,7,10,11
24/2/18-13:9:7,144,68,206,78,6,3,36.00,20.00,7,10,11
24/2/18-13:10:8,144,73,162,64,6,3,36.00,20.00,7,9,9
24/2/18-13:11:9,145,71,171,57,6,2,36.00,20.00,8,10,10
24/2/18-13:12:10,143,70,145,52,5,1,36.00,20.00,13,19,22
24/2/18-13:13:11,142,71,149,53,5,1,36.00,20.00,13,19,22
24/2/18-13:14:12,143,72,162,56,3,2,36.00,20.00,10,13,13
24/2/18-13:15:13,141,68,157,57,4,1,36.00,20.00,10,13,13
24/2/18-13:16:14,143,72,173,59,6,3,36.00,20.00,10,14,14
24/2/18-13:17:15,144,71,144,49,5,4,36.00,20.00,10,14,14
24/2/18-13:18:16,143,72,145,50,4,2,36.00,20.00,9,12,12
24/2/18-13:19:17,142,68,148,48,5,3,36.00,20.00,9,12,12
24/2/18-13:20:18,143,72,177,75,6,3,36.00,20.00,9,12,12
24/2/18-13:21:19,143,69,164,60,6,1,36.00,20.00,9,12,12
24/2/18-13:22:20,143,71,153,56,7,3,36.00,20.00,7,9,9
24/2/18-13:23:21,141,71,144,50,6,1,36.00,20.00,7,9,9
24/2/18-13:24:22,143,74,170,63,5,2,36.00,20.00,7,10,10
24/2/18-13:25:23,141,68,153,43,5,1,35.00,21.00,7,10,10
24/2/18-13:26:24,143,73,156,69,5,3,35.00,21.00,9,12,13
24/2/18-13:27:25,142,71,153,52,7,1,35.00,21.00,9,12,13
24/2/18-13:28:26,141,69,144,45,5,3,35.00,21.00,11,14,18
24/2/18-13:29:27,143,72,144,49,4,3,35.00,20.00,11,14,18
24/2/18-13:30:28,143,70,184,92,3,1,36.00,20.00,12,16,18
24/2/18-13:31:29,142,71,160,58,3,0,36.00,20.00,12,16,16
24/2/18-13:32:30,142,70,148,50,8,2,35.00,20.00,14,18,20
24/2/18-13:33:31,143,71,150,50,5,3,36.00,20.00,14,18,20
24/2/18-13:34:32,142,70,168,62,6,3,36.00,20.00,13,18,20
24/2/18-13:35:33,140,67,138,41,6,2,36.00,20.00,13,18,20
24/2/18-13:36:34,143,71,144,62,5,1,35.00,20.00,14,19,20
24/2/18-13:37:35,141,70,181,73,4,3,36.00,19.00,14,19,19
24/2/18-13:38:36,143,71,145,49,4,2,36.00,20.00,13,17,18
24/2/18-13:39:37,143,67,138,41,3,1,36.00,20.00,13,17,18
24/2/18-13:40:38,142,71,157,57,4,1,36.00,20.00,14,19,21
24/2/18-13:41:39,143,71,167,64,4,3,36.00,20.00,15,20,22
24/2/18-13:42:40,141,66,170,66,6,4,36.00,20.00,14,19,21
24/2/18-13:43:41,142,71,177,74,4,3,36.00,20.00,14,19,21
24/2/18-13:44:42,144,72,149,49,5,2,35.00,20.00,12,17,17
24/2/18-13:45:43,142,71,159,58,4,2,36.00,20.00,13,18,18
24/2/18-13:46:44,141,69,189,73,4,2,36.00,20.00,14,20,20
24/2/18-13:47:45,141,70,142,51,6,2,36.00,20.00,14,20,20
24/2/18-13:48:46,142,72,150,56,4,1,36.00,20.00,14,18,18
24/2/18-13:49:47,143,69,171,48,5,3,36.00,20.00,14,18,18
24/2/18-13:50:48,143,71,150,53,8,3,36.00,20.00,14,20,21
24/2/18-13:51:49,143,72,188,66,4,0,36.00,20.00,14,19,20
24/2/18-13:52:50,142,67,168,50,6,4,35.00,21.00,15,22,24
24/2/18-13:53:51,142,70,169,54,6,1,36.00,20.00,15,22,24
24/2/18-13:54:52,141,71,154,51,5,2,36.00,20.00,16,22,25
24/2/18-13:55:53,142,71,145,50,3,0,35.00,21.00,16,22,25
24/2/18-13:56:54,142,71,165,58,6,4,36.00,20.00,18,22,25
24/2/18-13:57:55,141,70,146,48,5,3,36.00,20.00,18,22,25
24/2/18-13:58:56,141,67,145,48,4,3,35.00,21.00,14,23,23
24/2/18-13:59:57,142,70,143,50,2,1,36.00,20.00,15,24,24
24/2/18-14:0:58,142,70,139,51,5,2,36.00,20.00,15,23,23
24/2/18-14:1:59,140,70,168,61,4,1,36.00,20.00,15,23,23
24/2/18-14:3:0,141,68,171,60,5,1,36.00,20.00,18,26,26
24/2/18-14:4:1,142,71,173,63,4,3,36.00,20.00,18,26,26
24/2/18-14:5:2,141,67,140,44,5,3,36.00,20.00,19,28,31
24/2/18-14:6:3,141,70,190,71,5,3,35.00,21.00,19,28,31
24/2/18-14:7:4,141,68,151,49,5,4,36.00,20.00,16,22,23
24/2/18-14:8:5,141,71,159,55,5,2,36.00,20.00,16,22,23
24/2/18-14:9:6,143,71,168,63,6,4,35.00,21.00,16,20,22
24/2/18-14:10:7,140,71,144,50,4,1,35.00,21.00,16,20,22
24/2/18-14:11:8,140,70,147,53,4,1,35.00,21.00,15,20,22
24/2/18-14:12:9,140,72,141,53,4,1,35.00,21.00,14,19,22
24/2/18-14:13:9,142,74,154,58,4,3,35.00,21.00,17,22,22
24/2/18-14:14:10,140,72,190,61,5,3,35.00,21.00,17,23,23
24/2/18-14:15:11,139,68,151,54,6,2,35.00,21.00,16,21,22
24/2/18-14:16:12,138,68,168,65,5,4,36.00,20.00,16,21,22
24/2/18-14:17:13,141,73,157,67,3,2,36.00,20.00,16,21,22
24/2/18-14:18:14,140,71,170,61,4,1,35.00,21.00,16,21,22
24/2/18-14:19:15,142,71,188,83,5,3,36.00,20.00,17,21,26
24/2/18-14:20:16,140,69,155,45,5,4,36.00,20.00,17,21,26
24/2/18-14:21:17,140,66,151,52,6,4,36.00,20.00,16,23,23
24/2/18-14:22:18,139,70,137,50,5,1,35.00,21.00,16,23,23
24/2/18-14:23:19,141,69,140,46,4,3,36.00,20.00,18,25,29
24/2/18-14:24:20,141,70,152,57,4,2,36.00,20.00,18,25,29
24/2/18-14:25:21,141,70,166,59,5,3,36.00,20.00,15,19,20
24/2/18-14:26:22,140,66,153,46,5,4,36.00,20.00,15,19,20
24/2/18-14:27:23,142,70,178,62,6,3,35.00,20.00,14,18,18
24/2/18-14:28:24,142,72,175,57,6,3,36.00,20.00,14,19,19
24/2/18-14:29:25,142,73,147,54,4,2,35.00,21.00,14,19,22
24/2/18-14:30:26,142,71,145,51,5,3,35.00,21.00,14,19,22
24/2/18-14:31:27,141,73,165,63,5,2,36.00,20.00,13,20,20
24/2/18-14:32:28,141,72,152,54,5,3,36.00,20.00,12,19,19
24/2/18-14:33:29,139,69,149,48,4,4,35.00,20.00,11,14,15
24/2/18-14:34:30,142,72,162,64,7,2,35.00,20.00,11,14,15
24/2/18-14:35:31,140,71,154,52,5,3,36.00,20.00,12,15,15
24/2/18-14:36:32,142,66,137,44,5,3,36.00,20.00,12,15,15
24/2/18-14:37:33,141,71,178,61,5,3,35.00,20.00,9,12,14
24/2/18-14:38:34,140,69,149,54,5,2,37.00,20.00,9,12,14
24/2/18-14:39:35,142,70,148,51,5,3,36.00,20.00,9,12,12
24/2/18-14:40:36,140,67,139,47,4,2,36.00,20.00,9,12,12
24/2/18-14:41:37,142,69,164,64,4,2,0.00,0.00,11,13,13
24/2/18-14:42:38,141,70,170,65,6,3,36.00,20.00,11,13,13
24/2/18-14:43:39,141,73,159,61,4,2,35.00,20.00,11,16,16
24/2/18-14:44:40,141,66,136,49,6,4,36.00,20.00,11,16,16
24/2/18-14:45:41,143,71,158,56,7,3,36.00,20.00,11,16,16
24/2/18-14:46:42,142,68,163,58,5,3,36.00,20.00,11,15,15
24/2/18-14:47:43,140,68,161,55,7,1,36.00,20.00,9,13,14
24/2/18-14:48:44,141,66,142,43,4,2,36.00,20.00,9,13,14
24/2/18-14:49:45,142,68,159,57,4,2,36.00,20.00,11,13,14
24/2/18-14:50:46,140,68,170,55,6,3,36.00,20.00,10,13,14
24/2/18-14:51:47,142,67,140,45,4,3,36.00,20.00,10,16,18
24/2/18-14:52:48,140,68,148,47,5,3,36.00,20.00,10,16,18
24/2/18-14:53:49,142,67,167,68,6,3,36.00,20.00,12,15,15
24/2/18-14:54:50,140,68,164,69,6,1,36.00,20.00,12,15,15
24/2/18-14:55:51,141,70,186,69,4,1,36.00,20.00,13,17,18
24/2/18-14:56:52,140,71,174,62,4,2,36.00,20.00,13,17,18
24/2/18-14:57:53,142,66,163,81,5,3,36.00,20.00,12,16,16
24/2/18-14:58:54,140,69,159,57,4,1,36.00,20.00,12,16,16
24/2/18-14:59:55,142,71,150,54,4,2,36.00,20.00,11,13,13
24/2/18-15:0:56,140,69,166,56,7,3,36.00,20.00,11,13,13
24/2/18-15:1:57,142,70,166,54,4,2,36.00,20.00,9,11,11
24/2/18-15:2:58,141,71,147,52,5,2,36.00,19.00,10,12,12
24/2/18-15:3:59,140,70,169,59,4,1,36.00,20.00,12,15,15
24/2/18-15:5:0,140,66,155,68,6,2,36.00,20.00,12,15,15
24/2/18-15:6:1,143,68,174,62,5,3,35.00,20.00,11,15,15
24/2/18-15:7:2,143,69,146,53,6,3,36.00,20.00,11,15,15
24/2/18-15:8:3,140,68,169,59,4,2,36.00,20.00,14,17,17
24/2/18-15:9:4,139,67,155,46,4,2,36.00,20.00,14,17,17
24/2/18-15:10:5,141,69,167,60,4,1,36.00,20.00,11,15,15
24/2/18-15:11:6,142,70,160,61,5,3,36.00,20.00,11,15,16
24/2/18-15:12:7,142,70,160,60,3,2,36.00,20.00,12,14,14
24/2/18-15:13:8,141,68,158,49,4,3,36.00,20.00,12,14,14
24/2/18-15:14:9,143,69,145,52,5,3,36.00,20.00,9,11,11
24/2/18-15:15:10,141,70,158,54,5,3,36.00,20.00,10,12,12
24/2/18-15:16:11,142,69,137,43,4,2,35.00,20.00,9,11,13
24/2/18-15:17:12,142,69,144,49,6,2,36.00,20.00,9,11,13
24/2/18-15:18:13,140,69,167,50,5,2,36.00,20.00,9,13,13
24/2/18-15:19:14,141,68,160,61,6,2,36.00,20.00,9,13,13
24/2/18-15:20:15,142,73,147,44,4,3,36.00,20.00,8,11,11
24/2/18-15:21:16,140,70,162,60,4,1,36.00,20.00,8,11,11
24/2/18-15:22:17,141,70,169,56,5,2,36.00,20.00,9,12,12
24/2/18-15:23:18,142,68,150,50,6,3,36.00,20.00,9,12,12
24/2/18-15:24:19,144,69,153,55,7,0,36.00,20.00,10,13,13
24/2/18-15:25:20,142,69,153,66,5,2,36.00,20.00,10,13,13
24/2/18-15:26:21,142,69,154,62,4,1,36.00,20.00,8,10,10
24/2/18-15:27:22,141,65,154,47,6,2,36.00,20.00,8,10,10
24/2/18-15:28:23,142,65,166,65,4,3,35.00,20.00,7,9,10
24/2/18-15:29:24,143,68,152,52,5,0,36.00,20.00,7,9,10
24/2/18-15:30:25,142,75,181,75,4,1,36.00,20.00,9,12,12
24/2/18-15:31:26,140,67,145,44,4,3,36.00,19.00,9,12,12
24/2/18-15:32:27,143,69,158,53,6,2,36.00,20.00,8,11,13
24/2/18-15:33:28,141,71,158,54,5,1,36.00,20.00,7,11,14
24/2/18-15:34:29,142,68,183,90,7,2,36.00,20.00,6,9,9
24/2/18-15:35:30,140,67,146,45,4,2,36.00,20.00,6,9,9
24/2/18-15:36:31,142,69,169,62,4,3,36.00,20.00,8,10,11
24/2/18-15:37:32,142,69,156,54,4,3,36.00,20.00,8,9,11
24/2/18-15:38:33,141,69,167,69,7,1,36.00,20.00,7,9,9
24/2/18-15:39:34,141,66,134,43,4,2,36.00,20.00,6,8,9
24/2/18-15:40:35,141,68,158,58,4,1,36.00,20.00,8,9,9
24/2/18-15:41:36,143,68,169,67,6,3,36.00,20.00,8,9,9
24/2/18-15:42:37,142,68,149,55,5,1,36.00,20.00,7,10,10
24/2/18-15:43:38,144,71,152,56,3,1,36.00,20.00,6,9,9
24/2/18-15:44:39,142,69,146,56,5,3,36.00,20.00,9,12,13
24/2/18-15:45:40,142,68,155,56,5,3,36.00,19.00,9,12,13
24/2/18-15:46:41,141,67,149,45,5,2,36.00,20.00,7,8,10
24/2/18-15:47:42,142,69,160,58,4,3,35.00,19.00,7,8,10
24/2/18-15:48:43,142,70,162,66,4,1,37.00,20.00,7,11,11
24/2/18-15:49:44,143,69,145,55,7,3,36.00,20.00,8,12,12
24/2/18-15:50:45,141,66,144,46,4,2,36.00,20.00,6,7,8
24/2/18-15:51:46,142,69,161,57,4,1,36.00,20.00,6,7,8
24/2/18-15:52:47,142,71,153,51,6,3,36.00,19.00,6,7,7
24/2/18-15:53:48,142,70,158,59,4,3,36.00,20.00,6,7,7
24/2/18-15:54:49,143,68,144,43,5,3,36.00,20.00,6,8,8
24/2/18-15:55:50,143,69,157,55,7,2,36.00,19.00,5,7,7
24/2/18-15:56:51,142,68,163,64,8,1,36.00,20.00,5,8,8
24/2/18-15:57:52,142,70,152,54,4,3,36.00,20.00,6,9,9
24/2/18-15:58:53,142,67,136,42,5,3,36.00,20.00,6,7,8
24/2/18-15:59:54,142,72,193,69,4,3,36.00,20.00,6,7,8
24/2/18-16:0:55,142,70,165,56,4,2,36.00,19.00,6,8,8
24/2/18-16:1:56,140,68,145,53,7,2,36.00,20.00,6,8,8
24/2/18-16:2:57,143,68,167,71,6,3,36.00,20.00,6,8,13
24/2/18-16:3:58,141,69,178,59,7,2,36.00,20.00,6,8,13
24/2/18-16:4:59,141,69,150,50,5,3,36.00,20.00,6,9,9
24/2/18-16:6:0,142,69,154,48,5,3,36.00,19.00,6,9,9
24/2/18-16:7:1,143,68,148,51,5,4,36.00,20.00,6,7,7
24/2/18-16:8:2,144,70,169,64,5,2,36.00,20.00,5,7,7
24/2/18-16:9:3,142,68,154,47,6,3,36.00,20.00,6,9,9
24/2/18-16:10:4,143,69,158,56,7,3,36.00,20.00,6,9,9
24/2/18-16:11:5,143,70,158,61,4,3,36.00,19.00,7,9,9
24/2/18-16:12:6,142,69,149,52,5,1,36.00,19.00,7,10,10
24/2/18-16:13:7,142,65,145,50,5,3,36.00,19.00,5,7,7
24/2/18-16:14:8,142,69,172,59,4,2,35.00,20.00,5,7,7
24/2/18-16:15:9,143,71,153,55,5,3,36.00,20.00,6,10,10
24/2/18-16:16:10,143,69,152,54,4,2,36.00,20.00,6,9,9
24/2/18-16:17:11,142,67,153,46,5,0,36.00,20.00,7,10,10
24/2/18-16:18:12,143,69,161,74,4,1,36.00,19.00,7,10,10
24/2/18-16:19:13,142,70,150,55,4,1,36.00,20.00,6,7,7
24/2/18-16:20:14,143,69,168,68,5,3,36.00,19.00,6,7,7
24/2/18-16:21:15,143,66,142,44,5,1,36.00,19.00,7,9,9
24/2/18-16:22:16,142,69,162,62,4,3,36.00,20.00,7,9,9
24/2/18-16:23:17,143,68,148,53,6,1,36.00,20.00,8,11,13
24/2/18-16:24:18,143,69,167,64,3,1,36.00,20.00,8,10,12
24/2/18-16:25:19,142,66,157,51,6,3,36.00,20.00,8,11,11
24/2/18-16:26:20,143,68,173,61,5,2,36.00,20.00,8,11,11
24/2/18-16:27:21,142,68,166,59,5,1,36.00,20.00,8,10,10
24/2/18-16:28:22,143,68,153,60,4,0,36.00,20.00,8,10,10
24/2/18-16:29:23,142,69,151,55,4,1,36.00,20.00,8,12,12
24/2/18-16:30:24,142,68,155,51,6,4,36.00,20.00,8,12,12
24/2/18-16:31:25,142,69,165,61,4,2,36.00,19.00,7,10,10
24/2/18-16:32:26,142,64,157,51,6,4,35.00,20.00,7,10,10
24/2/18-16:33:27,142,68,155,54,6,3,36.00,20.00,8,11,12
24/2/18-16:34:27,142,69,183,78,4,1,37.00,19.00,8,11,12
24/2/18-16:35:28,143,68,184,63,6,3,36.00,20.00,7,10,10
24/2/18-16:36:29,143,68,174,64,5,3,36.00,20.00,7,10,10
24/2/18-16:37:30,143,71,184,68,6,3,37.00,20.00,9,12,13
24/2/18-16:38:31,144,69,149,60,5,3,36.00,20.00,8,11,14
24/2/18-16:39:32,144,66,144,45,5,2,36.00,20.00,10,12,13
24/2/18-16:40:33,143,68,151,58,6,1,36.00,20.00,10,12,13
24/2/18-16:41:34,141,70,151,57,4,1,36.00,20.00,8,11,11
24/2/18-16:42:35,143,66,184,56,6,5,36.00,20.00,7,10,10
24/2/18-16:43:36,142,68,168,64,4,2,36.00,19.00,10,11,11
24/2/18-16:44:37,143,70,157,52,3,0,36.00,20.00,10,11,11
24/2/18-16:45:38,141,66,155,48,4,3,36.00,20.00,11,15,15
24/2/18-16:46:39,142,70,149,54,5,3,36.00,20.00,11,15,15
24/2/18-16:47:40,142,69,175,72,4,3,36.00,20.00,9,12,14
24/2/18-16:48:41,141,66,163,59,5,2,36.00,20.00,9,12,14
24/2/18-16:49:42,142,67,153,55,4,1,35.00,20.00,10,13,13
24/2/18-16:50:43,142,68,183,58,4,0,36.00,20.00,10,13,13
24/2/18-16:51:44,143,68,174,71,6,4,36.00,20.00,9,11,13
24/2/18-16:52:45,143,65,169,59,6,5,36.00,20.00,9,11,13
24/2/18-16:53:46,142,71,142,54,5,2,36.00,20.00,9,18,18
24/2/18-16:54:47,143,68,143,54,6,3,36.00,20.00,9,17,17
24/2/18-16:55:48,142,66,145,47,4,2,36.00,20.00,9,11,12
24/2/18-16:56:49,142,68,176,61,7,1,35.00,20.00,9,11,12
24/2/18-16:57:50,141,68,160,59,5,1,36.00,20.00,8,11,11
24/2/18-16:58:51,142,68,166,61,5,2,36.00,20.00,8,11,11
24/2/18-16:59:52,142,66,151,46,5,1,36.00,20.00,8,11,11
24/2/18-17:0:53,144,67,164,58,5,3,35.00,20.00,8,11,11
24/2/18-17:1:54,143,69,145,50,4,3,36.00,20.00,8,10,10
24/2/18-17:2:55,142,68,141,52,4,2,36.00,20.00,8,10,10
24/2/18-17:3:56,143,70,181,77,6,3,36.00,20.00,9,12,14
24/2/18-17:4:57,142,68,143,52,4,1,36.00,20.00,9,12,14
24/2/18-17:5:58,141,68,151,53,6,1,36.00,20.00,9,11,15
24/2/18-17:6:59,143,66,164,48,4,2,36.00,20.00,9,11,15
24/2/18-17:8:0,143,69,200,95,6,2,35.00,20.00,9,12,13
24/2/18-17:9:1,144,68,161,52,6,3,37.00,20.00,9,12,13
24/2/18-17:10:2,143,68,166,61,6,5,36.00,20.00,7,11,13
24/2/18-17:11:3,143,66,168,50,6,4,35.00,20.00,7,11,13
24/2/18-17:12:4,143,69,167,51,4,0,34.00,20.00,8,10,10
24/2/18-17:13:5,143,70,176,59,5,2,36.00,20.00,8,10,10
24/2/18-17:14:6,143,68,195,103,5,2,36.00,20.00,9,11,11
24/2/18-17:15:7,142,67,152,44,4,3,36.00,20.00,9,11,11
24/2/18-17:16:8,142,69,163,63,6,1,36.00,20.00,9,11,11
24/2/18-17:17:9,142,69,171,78,4,2,36.00,20.00,9,10,12
24/2/18-17:18:10,143,69,149,49,6,3,36.00,20.00,7,10,10
24/2/18-17:19:11,141,68,175,87,7,1,36.00,20.00,7,10,10
24/2/18-17:20:12,142,68,166,59,6,2,36.00,20.00,9,12,12
24/2/18-17:21:13,141,69,174,54,4,2,36.00,20.00,8,11,11
24/2/18-17:22:14,141,66,162,56,7,2,36.00,20.00,7,10,10
24/2/18-17:23:15,141,68,163,52,6,1,35.00,20.00,8,11,11
24/2/18-17:24:16,143,71,150,53,4,1,36.00,20.00,8,14,16
24/2/18-17:25:17,142,68,154,73,4,1,36.00,20.00,8,14,16
24/2/18-17:26:18,144,70,148,58,5,3,36.00,20.00,9,14,16
24/2/18-17:27:19,142,69,175,55,7,3,36.00,20.00,8,10,10
24/2/18-17:28:20,142,68,179,64,6,4,36.00,20.00,9,11,13
24/2/18-17:29:21,142,71,166,61,5,3,36.00,20.00,11,13,13
24/2/18-17:30:22,142,71,154,50,4,1,36.00,20.00,10,13,13
24/2/18-17:31:23,143,69,158,62,5,2,36.00,20.00,10,13,16
24/2/18-17:32:24,143,65,144,43,6,4,36.00,20.00,9,12,15
24/2/18-17:33:25,142,68,177,56,4,1,36.00,20.00,9,11,12
24/2/18-17:34:26,141,68,174,68,6,3,36.00,20.00,9,11,11
24/2/18-17:35:27,141,68,151,55,7,2,35.00,21.00,9,11,11
24/2/18-17:36:28,142,66,149,46,5,1,35.00,21.00,9,11,11
24/2/18-17:37:29,141,70,186,75,4,0,35.00,21.00,8,11,11
24/2/18-17:38:30,143,69,172,71,4,2,35.00,21.00,9,11,11
24/2/18-17:39:31,140,67,174,63,4,2,35.00,21.00,9,12,12
24/2/18-17:40:32,141,69,191,66,5,0,35.00,21.00,9,12,12
24/2/18-17:41:33,141,68,166,63,8,2,36.00,20.00,10,14,14
24/2/18-17:42:34,141,68,164,61,5,2,36.00,20.00,10,14,14
24/2/18-17:43:35,143,65,140,45,4,2,36.00,20.00,10,12,13
24/2/18-17:44:36,141,68,149,59,7,2,35.00,20.00,9,11,12
24/2/18-17:45:37,141,69,204,80,5,3,36.00,20.00,7,10,14
24/2/18-17:46:38,140,68,143,53,6,2,35.00,21.00,8,11,13
24/2/18-17:47:39,141,68,173,60,5,2,35.00,21.00,10,14,16
24/2/18-17:48:40,142,71,146,53,5,2,35.00,21.00,10,14,16
24/2/18-17:49:41,138,67,160,64,4,2,35.00,21.00,9,11,11
24/2/18-17:50:42,141,67,151,59,4,3,35.00,21.00,9,11,11
24/2/18-17:51:43,142,69,150,52,5,3,35.00,21.00,10,12,12
24/2/18-17:52:44,141,70,171,66,6,3,34.00,22.00,10,12,12
24/2/18-17:53:45,138,65,155,47,6,4,35.00,22.00,9,11,12
24/2/18-17:54:46,140,69,172,55,4,3,35.00,21.00,9,11,12
24/2/18-17:55:47,138,68,161,55,6,3,35.00,22.00,10,13,13
24/2/18-17:56:48,138,67,149,46,6,2,35.00,22.00,10,13,13
24/2/18-17:57:49,138,68,149,54,6,2,34.00,22.00,9,11,13
24/2/18-17:58:50,140,68,163,64,4,2,35.00,22.00,9,11,13
24/2/18-17:59:51,138,69,156,59,6,3,35.00,22.00,10,14,14
24/2/18-18:0:52,136,66,170,57,5,2,35.00,22.00,10,14,14
24/2/18-18:1:53,137,68,150,53,6,2,35.00,22.00,8,12,12
24/2/18-18:2:54,138,68,148,53,7,2,35.00,22.00,8,12,12
24/2/18-18:3:55,138,69,143,51,4,3,35.00,22.00,10,12,14
24/2/18-18:4:56,138,67,161,48,4,4,35.00,21.00,9,11,13
24/2/18-18:5:57,139,69,169,62,5,2,35.00,21.00,10,12,15
24/2/18-18:6:58,138,67,152,53,4,3,35.00,22.00,10,12,15
24/2/18-18:7:59,138,66,155,49,5,3,35.00,22.00,10,11,11
24/2/18-18:9:0,139,69,176,65,6,3,35.00,21.00,10,11,11
24/2/18-18:10:1,139,69,180,76,4,2,35.00,22.00,7,10,10
24/2/18-18:11:2,138,66,167,55,6,4,35.00,22.00,7,10,10
24/2/18-18:12:3,139,71,152,54,4,1,35.00,22.00,8,12,12
24/2/18-18:13:4,137,71,147,57,4,1,35.00,22.00,9,12,12
24/2/18-18:14:5,138,71,161,56,6,3,35.00,22.00,9,13,14
24/2/18-18:15:6,138,67,150,52,6,3,35.00,22.00,9,13,14
24/2/18-18:16:7,139,68,142,52,7,1,35.00,22.00,8,11,11
24/2/18-18:17:8,138,69,156,56,3,0,35.00,22.00,8,11,11
24/2/18-18:18:9,136,65,177,74,6,1,35.00,22.00,8,12,15
24/2/18-18:19:10,138,68,160,66,6,2,35.00,22.00,8,12,15
24/2/18-18:20:11,139,69,148,53,4,3,35.00,22.00,11,13,15
24/2/18-18:21:12,139,69,159,63,4,0,35.00,22.00,9,11,14
24/2/18-18:22:13,137,66,157,61,4,2,35.00,22.00,9,11,14
24/2/18-18:23:14,139,70,201,77,5,3,34.00,22.00,9,11,14
24/2/18-18:24:15,138,69,161,56,5,0,35.00,22.00,7,9,9
24/2/18-18:25:16,138,69,152,53,4,0,35.00,22.00,7,9,9
24/2/18-18:26:17,138,66,154,47,6,3,34.00,22.00,8,10,13
24/2/18-18:27:18,138,68,145,50,4,1,34.00,22.00,8,10,13
24/2/18-18:28:19,138,68,146,55,6,3,34.00,22.00,9,11,11
24/2/18-18:29:20,139,68,168,60,6,3,35.00,22.00,9,11,11
24/2/18-18:30:21,141,65,147,48,4,3,35.00,21.00,9,12,13
24/2/18-18:31:22,138,68,171,69,6,2,34.00,22.00,9,12,13
24/2/18-18:32:23,138,67,158,60,5,3,35.00,22.00,9,15,15
24/2/18-18:33:24,139,67,141,45,5,3,35.00,22.00,9,15,15
24/2/18-18:34:25,138,67,164,55,4,1,35.00,21.00,10,14,14
24/2/18-18:35:26,139,68,175,63,4,3,34.00,21.00,10,14,14
24/2/18-18:36:27,138,69,156,61,4,2,34.00,21.00,9,12,12
24/2/18-18:37:28,138,65,159,55,7,3,34.00,21.00,9,12,12
24/2/18-18:38:29,141,67,182,68,4,3,35.00,21.00,8,9,11
24/2/18-18:39:30,139,67,151,56,6,3,34.00,21.00,8,9,10
24/2/18-18:40:31,139,69,162,58,4,1,34.00,21.00,8,11,12
24/2/18-18:41:32,139,65,142,44,4,2,36.00,20.00,8,11,12
24/2/18-18:42:33,138,67,162,53,4,1,36.00,20.00,9,12,13
24/2/18-18:43:34,138,68,171,56,5,2,35.00,21.00,9,11,13
24/2/18-18:44:35,138,70,167,58,4,3,35.00,22.00,8,10,11
24/2/18-18:45:36,140,67,152,58,6,1,34.00,21.00,9,11,12
24/2/18-18:46:37,138,68,165,61,5,3,35.00,22.00,8,12,12
24/2/18-18:47:38,138,66,172,67,6,3,34.00,21.00,8,11,11
24/2/18-18:48:39,138,65,148,46,5,3,34.00,21.00,9,13,13
24/2/18-18:49:40,140,68,167,73,6,1,35.00,21.00,9,13,13
24/2/18-18:50:41,140,73,155,54,3,1,35.00,21.00,8,10,10
24/2/18-18:51:42,140,67,162,57,6,3,35.00,20.00,8,10,10
24/2/18-18:52:43,140,64,154,58,7,4,35.00,21.00,9,10,11
24/2/18-18:53:44,140,68,169,57,3,0,33.00,21.00,9,10,11
24/2/18-18:54:45,141,67,145,51,5,3,34.00,21.00,9,11,11
24/2/18-18:55:46,141,66,149,52,5,2,35.00,20.00,9,12,12
24/2/18-18:56:47,139,66,134,47,4,2,34.00,21.00,8,10,12
24/2/18-18:57:48,140,68,175,74,5,0,34.00,21.00,8,10,12
24/2/18-18:58:49,142,68,158,59,4,2,35.00,20.00,7,10,10
24/2/18-18:59:50,138,69,163,60,4,2,34.00,21.00,7,11,11
24/2/18-19:0:50,140,66,150,53,5,3,34.00,21.00,8,11,11
24/2/18-19:1:51,139,69,169,63,5,3,34.00,21.00,9,12,12
24/2/18-19:2:52,140,67,160,63,6,1,35.00,21.00,10,12,14
24/2/18-19:3:53,139,69,152,68,4,2,35.00,21.00,9,12,14
24/2/18-19:4:54,140,64,165,50,6,3,35.00,21.00,9,11,11
24/2/18-19:5:55,140,68,169,64,5,0,34.00,21.00,9,11,11
24/2/18-19:6:56,139,67,173,89,6,2,35.00,21.00,9,12,12
24/2/18-19:7:57,139,68,161,65,7,4,36.00,20.00,9,12,12
24/2/18-19:8:58,139,72,156,54,5,4,35.00,21.00,9,12,12
24/2/18-19:9:59,140,69,155,58,4,2,35.00,21.00,9,12,12
24/2/18-19:11:0,141,68,171,61,6,3,35.00,21.00,8,10,11
24/2/18-19:12:1,140,66,160,74,6,2,35.00,21.00,8,10,11
24/2/18-19:13:2,140,67,180,63,7,2,34.00,21.00,10,12,14
24/2/18-19:14:3,140,68,168,59,5,3,34.00,21.00,10,12,14
24/2/18-19:15:4,141,65,156,55,6,4,35.00,21.00,10,15,15
24/2/18-19:16:5,140,68,177,70,6,2,34.00,21.00,10,15,15
24/2/18-19:17:6,140,68,153,55,7,3,34.00,21.00,11,13,14
24/2/18-19:18:7,140,66,151,50,4,3,35.00,21.00,11,13,14
24/2/18-19:19:8,140,68,190,64,7,3,34.00,21.00,11,14,15
24/2/18-19:20:9,140,70,180,60,5,3,35.00,20.00,12,14,15
24/2/18-19:21:10,140,70,158,58,4,1,34.00,21.00,12,17,17
24/2/18-19:22:11,138,69,176,59,4,1,35.00,20.00,12,17,17
24/2/18-19:23:12,140,68,173,62,6,0,35.00,21.00,12,16,16
24/2/18-19:24:13,140,68,155,57,5,0,35.00,20.00,12,16,16
24/2/18-19:25:14,138,66,155,57,6,2,35.00,20.00,12,16,16
24/2/18-19:26:15,139,68,171,59,7,1,34.00,21.00,12,16,16
24/2/18-19:27:16,141,71,183,67,5,2,37.00,20.00,11,15,17
24/2/18-19:28:17,140,68,155,53,6,1,35.00,21.00,12,15,17
24/2/18-19:29:18,141,66,149,49,5,2,36.00,20.00,11,15,17
24/2/18-19:30:19,142,68,168,68,4,0,34.00,20.00,11,15,17
24/2/18-19:31:20,140,68,163,64,5,1,35.00,21.00,15,19,19
24/2/18-19:32:21,140,65,142,48,5,4,35.00,20.00,14,18,18
24/2/18-19:33:22,141,71,182,58,5,2,35.00,20.00,13,17,18
24/2/18-19:34:23,140,67,161,57,6,3,36.00,20.00,13,17,18
24/2/18-19:35:24,140,67,148,44,4,3,34.00,21.00,13,18,19
24/2/18-19:36:25,140,68,170,58,6,3,36.00,20.00,12,17,18
24/2/18-19:37:26,138,66,149,50,7,2,35.00,20.00,12,18,19
24/2/18-19:38:27,139,68,152,59,6,2,36.00,20.00,12,18,18
24/2/18-19:39:28,139,67,160,58,7,2,35.00,21.00,11,15,15
24/2/18-19:40:29,140,69,162,56,5,2,35.00,20.00,11,14,14
24/2/18-19:41:30,139,64,144,44,5,2,35.00,21.00,11,13,14
24/2/18-19:42:31,141,68,160,58,6,3,35.00,20.00,11,13,14
24/2/18-19:43:32,140,68,170,70,4,1,36.00,20.00,10,13,14
24/2/18-19:44:33,139,66,142,46,4,0,36.00,20.00,10,13,14
24/2/18-19:45:34,141,68,167,57,4,0,36.00,20.00,9,13,13
24/2/18-19:46:35,142,70,173,65,6,3,35.00,20.00,9,13,13
24/2/18-19:47:36,140,65,155,50,3,1,36.00,20.00,11,14,15
24/2/18-19:48:37,141,68,159,60,4,3,36.00,20.00,11,16,17
24/2/18-19:49:38,142,69,167,58,6,3,36.00,20.00,9,12,12
24/2/18-19:50:39,139,65,175,57,5,4,36.00,20.00,9,12,12
24/2/18-19:51:40,141,68,157,55,5,3,36.00,20.00,9,13,13
24/2/18-19:52:41,140,67,160,52,5,3,36.00,20.00,10,14,14
24/2/18-19:53:42,140,68,152,55,4,1,36.00,20.00,9,11,11
24/2/18-19:54:43,141,65,168,62,5,3,35.00,20.00,9,11,11
24/2/18-19:55:44,140,69,168,62,5,2,36.00,20.00,13,17,19
24/2/18-19:56:45,140,68,167,68,5,1,35.00,20.00,12,17,20
24/2/18-19:57:46,140,70,172,64,6,3,36.00,20.00,12,17,18
24/2/18-19:58:47,141,67,161,55,5,3,36.00,20.00,12,17,18
24/2/18-19:59:48,143,69,165,62,6,2,34.00,20.00,12,16,20
24/2/18-20:0:49,140,68,161,59,5,1,36.00,20.00,12,16,20
24/2/18-20:1:50,141,68,159,59,5,1,35.00,20.00,11,14,17
24/2/18-20:2:51,140,68,160,59,6,3,36.00,20.00,11,14,16
24/2/18-20:3:52,141,67,157,58,7,2,35.00,20.00,13,17,17
24/2/18-20:4:53,142,69,166,59,6,3,35.00,20.00,13,17,17
24/2/18-20:5:54,141,68,154,56,6,2,35.00,20.00,13,17,18
24/2/18-20:6:55,141,64,153,49,6,4,36.00,20.00,13,17,18
24/2/18-20:7:56,141,68,199,85,7,3,36.00,20.00,13,17,18
24/2/18-20:8:57,140,69,180,66,6,1,36.00,20.00,13,17,18
24/2/18-20:9:58,140,64,155,48,8,2,36.00,20.00,13,16,18
24/2/18-20:10:59,141,68,164,60,6,3,36.00,20.00,13,17,19
24/2/18-20:12:0,140,69,180,70,7,2,36.00,20.00,15,21,23
24/2/18-20:13:1,141,66,159,52,6,3,36.00,20.00,15,21,23
24/2/18-20:14:2,142,70,166,64,7,3,36.00,20.00,13,18,20
24/2/18-20:15:3,139,67,159,59,7,1,36.00,20.00,13,17,19
24/2/18-20:16:4,141,65,154,59,7,3,36.00,20.00,13,19,20
24/2/18-20:17:5,140,69,178,68,6,1,36.00,20.00,13,19,20
24/2/18-20:18:6,142,68,172,63,7,3,36.00,20.00,14,20,20
24/2/18-20:19:7,140,67,159,52,6,2,36.00,20.00,13,18,18
24/2/18-20:20:8,141,68,186,76,4,2,36.00,20.00,13,19,22
24/2/18-20:21:9,142,69,157,60,6,1,35.00,20.00,14,19,22
24/2/18-20:22:10,143,69,164,60,5,2,35.00,20.00,14,17,19
24/2/18-20:23:11,141,68,169,59,5,0,36.00,20.00,14,17,19
24/2/18-20:24:12,142,69,167,62,6,2,36.00,19.00,14,18,22
24/2/18-20:25:13,139,64,152,53,9,3,36.00,20.00,14,18,22
24/2/18-20:26:14,142,68,169,64,8,1,35.00,20.00,13,18,19
24/2/18-20:27:15,143,69,183,73,6,2,36.00,20.00,13,18,19
24/2/18-20:28:16,142,65,157,52,6,3,36.00,20.00,14,19,21
24/2/18-20:29:17,143,70,167,68,8,3,35.00,20.00,14,19,21
24/2/18-20:30:18,141,67,169,59,10,2,35.00,20.00,17,21,22
24/2/18-20:31:19,140,68,169,63,8,1,35.00,20.00,16,20,22
24/2/18-20:32:20,141,66,154,49,8,3,35.00,20.00,13,20,21
24/2/18-20:33:21,139,67,186,72,10,3,35.00,19.00,13,20,21
24/2/18-20:34:22,141,67,166,60,9,3,36.00,20.00,15,25,26
24/2/18-20:35:23,141,69,178,60,6,0,36.00,20.00,15,24,25
24/2/18-20:36:24,141,68,173,61,10,1,35.00,19.00,13,19,19
24/2/18-20:37:25,142,68,171,64,11,1,35.00,20.00,14,19,21
24/2/18-20:38:26,141,67,177,67,8,2,35.00,20.00,15,21,21
24/2/18-20:39:27,143,68,172,77,7,3,36.00,20.00,15,21,21
24/2/18-20:40:28,141,69,171,67,8,1,36.00,20.00,18,23,23
24/2/18-20:41:29,142,71,168,58,8,3,35.00,19.00,17,23,23
24/2/18-20:42:30,143,65,167,56,7,3,36.00,20.00,16,22,22
24/2/18-20:43:31,142,70,174,64,10,4,35.00,19.00,16,22,22
24/2/18-20:44:32,141,67,156,56,6,3,35.00,19.00,15,24,25
24/2/18-20:45:33,142,67,172,60,9,1,35.00,19.00,15,24,25
24/2/18-20:46:34,144,69,174,71,8,1,35.00,19.00,17,24,24
24/2/18-20:47:35,143,68,169,64,10,3,35.00,19.00,17,24,24
24/2/18-20:48:36,142,69,171,65,9,2,35.00,19.00,15,22,24
24/2/18-20:49:37,140,65,160,60,11,3,36.00,19.00,15,22,24
24/2/18-20:50:38,142,68,177,67,10,1,35.00,19.00,16,20,20
24/2/18-20:51:39,143,69,169,60,9,2,35.00,19.00,16,21,21
24/2/18-20:52:40,143,68,168,65,11,2,35.00,19.00,16,20,23
24/2/18-20:53:41,144,69,174,74,11,3,35.00,19.00,16,20,23
24/2/18-20:54:42,143,68,168,66,11,2,36.00,19.00,16,26,27
24/2/18-20:55:43,143,65,161,57,11,4,36.00,19.00,16,25,27
24/2/18-20:56:44,142,68,169,63,10,1,36.00,19.00,17,22,25
24/2/18-20:57:45,142,69,170,62,11,3,36.00,19.00,17,22,25
24/2/18-20:58:46,141,65,167,57,9,2,37.00,18.00,16,21,22
24/2/18-20:59:47,143,67,174,63,13,1,36.00,19.00,16,21,22
24/2/18-21:0:48,143,67,170,65,13,4,37.00,18.00,18,24,26
24/2/18-21:1:49,141,66,160,54,12,3,36.00,19.00,18,24,25
24/2/18-21:2:50,144,68,171,64,10,2,36.00,18.00,17,21,24
24/2/18-21:3:51,142,68,170,64,11,3,37.00,18.00,17,21,25
24/2/18-21:4:52,143,67,165,53,10,2,36.00,19.00,16,23,25
24/2/18-21:5:53,143,69,177,77,11,1,36.00,18.00,16,23,25
24/2/18-21:6:54,144,68,165,63,11,0,37.00,19.00,16,22,22
24/2/18-21:7:55,144,65,159,54,11,3,36.00,18.00,16,22,22
24/2/18-21:8:56,141,65,160,56,12,3,36.00,18.00,18,26,27
24/2/18-21:9:57,145,68,169,64,13,2,37.00,18.00,17,25,26
24/2/18-21:10:58,143,67,174,64,13,3,36.00,19.00,19,25,27
24/2/18-21:11:59,144,68,177,68,15,2,38.00,18.00,19,25,27
24/2/18-21:13:0,144,69,174,64,14,2,36.00,19.00,17,27,27
24/2/18-21:14:1,142,69,172,64,14,2,37.00,18.00,18,28,28
24/2/18-21:15:2,143,67,164,56,15,3,36.00,18.00,18,25,25
24/2/18-21:16:3,144,70,175,71,16,3,36.00,18.00,18,25,25
24/2/18-21:17:4,145,69,169,63,17,3,36.00,20.00,19,25,25
24/2/18-21:18:5,142,66,167,58,15,3,37.00,18.00,19,24,24
24/2/18-21:19:6,142,66,177,64,15,2,35.00,18.00,21,28,32
24/2/18-21:20:7,144,70,173,66,16,2,37.00,18.00,20,27,31
24/2/18-21:21:8,145,68,173,63,18,0,37.00,18.00,19,28,28
24/2/18-21:22:9,143,66,170,64,16,1,37.00,18.00,18,28,28
24/2/18-21:23:9,143,64,165,56,17,4,37.00,18.00,21,28,28
24/2/18-21:24:10,144,67,173,77,20,3,35.00,18.00,21,28,28
24/2/18-21:25:11,143,65,165,56,19,4,36.00,18.00,20,29,35
24/2/18-21:26:12,145,70,178,70,22,2,36.00,18.00,20,29,35
24/2/18-21:27:13,143,70,177,72,24,0,36.00,18.00,17,24,27
24/2/18-21:28:14,144,69,179,69,27,3,36.00,18.00,17,24,27
24/2/18-21:29:15,145,70,179,70,30,2,37.00,18.00,22,27,32
24/2/18-21:30:16,145,69,181,66,31,2,37.00,18.00,20,26,32
24/2/18-21:31:17,143,66,169,56,29,3,37.00,18.00,20,30,34
24/2/18-21:32:18,142,66,165,59,30,3,37.00,18.00,20,30,34
24/2/18-21:33:19,144,68,175,65,34,2,36.00,18.00,22,32,34
24/2/18-21:34:20,144,69,188,80,36,2,37.00,18.00,22,32,34
24/2/18-21:35:21,145,68,178,73,38,2,0.00,0.00,23,33,35
24/2/18-21:36:22,144,68,185,73,41,2,37.00,18.00,23,33,35
24/2/18-21:37:23,144,69,181,73,41,2,37.00,18.00,23,35,42
24/2/18-21:38:24,146,70,181,67,42,0,38.00,18.00,23,36,44
24/2/18-21:39:25,144,68,184,78,43,1,37.00,18.00,24,35,44
24/2/18-21:40:26,146,70,178,69,41,0,36.00,18.00,24,35,44
24/2/18-21:41:27,144,69,172,56,38,3,36.00,18.00,23,32,38
24/2/18-21:42:28,146,69,180,69,43,2,37.00,18.00,24,33,39
24/2/18-21:43:29,145,70,169,59,39,2,37.00,18.00,24,36,40
24/2/18-21:44:30,146,70,179,68,45,3,36.00,18.00,23,36,40
24/2/18-21:45:31,145,71,178,68,44,1,37.00,18.00,24,33,37
24/2/18-21:46:32,145,70,177,70,44,2,37.00,18.00,24,33,37
24/2/18-21:47:33,145,66,167,54,40,3,37.00,18.00,24,33,39
24/2/18-21:48:34,141,66,163,61,42,2,37.00,18.00,24,33,39
24/2/18-21:49:35,144,69,178,69,49,2,35.00,18.00,22,31,34
24/2/18-21:50:36,145,69,173,70,46,4,37.00,18.00,22,31,33
24/2/18-21:51:37,144,69,176,69,48,1,37.00,18.00,23,35,44
24/2/18-21:52:38,145,70,177,68,48,1,37.00,18.00,22,35,44
24/2/18-21:53:39,145,66,167,59,44,3,37.00,18.00,23,34,39
24/2/18-21:54:40,145,68,181,67,50,1,36.00,17.00,23,33,38
24/2/18-21:55:41,142,68,174,71,49,2,37.00,18.00,24,36,42
24/2/18-21:56:42,145,67,168,62,47,4,37.00,18.00,24,36,41
24/2/18-21:57:43,144,66,166,56,45,2,37.00,18.00,24,35,43
24/2/18-21:58:44,144,70,179,71,51,0,37.00,18.00,24,35,43
24/2/18-21:59:45,144,67,170,57,46,2,36.00,17.00,27,38,45
24/2/18-22:0:46,144,69,177,67,52,1,36.00,17.00,26,37,44
24/2/18-22:1:47,146,67,169,58,48,3,36.00,18.00,27,41,51
24/2/18-22:2:48,144,71,168,58,48,2,37.00,18.00,27,41,51
24/2/18-22:3:49,143,66,169,64,50,4,37.00,17.00,27,41,51
24/2/18-22:4:50,144,71,181,69,56,2,36.00,18.00,28,41,52
24/2/18-22:5:51,144,70,184,73,56,1,37.00,17.00,27,41,49
24/2/18-22:6:52,144,70,184,71,58,1,37.00,17.00,28,41,49
24/2/18-22:7:53,144,68,175,70,60,1,37.00,17.00,29,44,54
24/2/18-22:8:54,144,70,186,79,59,1,37.00,18.00,29,44,54
24/2/18-22:9:55,144,66,175,66,54,2,37.00,18.00,29,45,54
24/2/18-22:10:56,144,67,172,63,55,4,37.00,17.00,29,45,54
24/2/18-22:11:57,145,70,175,63,54,2,37.00,17.00,30,44,52
24/2/18-22:12:58,144,68,175,66,54,2,37.00,17.00,30,44,52
24/2/18-22:13:59,145,70,182,75,61,1,37.00,17.00,32,46,57
24/2/18-22:15:0,145,71,183,71,63,5,37.00,18.00,32,46,57
24/2/18-22:16:1,144,65,173,65,54,2,37.00,18.00,32,47,58
24/2/18-22:17:2,144,68,171,63,56,0,36.00,17.00,33,47,57
24/2/18-22:18:3,145,69,174,62,56,3,37.00,17.00,31,45,54
24/2/18-22:19:4,144,68,173,62,56,2,37.00,17.00,30,45,55
24/2/18-22:20:5,145,69,174,65,57,3,37.00,17.00,33,46,55
24/2/18-22:21:6,144,70,184,72,64,1,37.00,17.00,33,47,57
24/2/18-22:22:7,146,68,172,62,58,3,36.00,17.00,31,48,60
24/2/18-22:23:8,144,69,173,69,56,3,37.00,17.00,32,49,61
24/2/18-22:24:9,145,69,180,72,63,1,37.00,17.00,32,48,57
24/2/18-22:25:10,145,70,179,77,66,3,37.00,17.00,32,48,57
24/2/18-22:26:11,144,71,181,74,64,1,37.00,17.00,32,47,60
24/2/18-22:27:12,146,70,185,77,65,4,37.00,17.00,32,48,61
24/2/18-22:28:13,145,70,183,69,66,1,37.00,17.00,31,47,58
24/2/18-22:29:14,147,73,186,72,65,2,37.00,17.00,31,47,58
24/2/18-22:30:15,146,69,173,59,59,3,37.00,17.00,33,47,58
24/2/18-22:31:16,146,71,185,73,65,0,37.00,17.00,33,47,58
24/2/18-22:32:17,145,69,184,74,65,2,37.00,17.00,32,48,60
24/2/18-22:33:18,145,71,184,68,65,3,37.00,17.00,32,48,60
24/2/18-22:34:19,146,71,185,71,65,2,37.00,17.00,32,48,57
24/2/18-22:35:20,146,71,180,68,66,3,37.00,17.00,31,47,57
24/2/18-22:36:21,144,71,181,70,64,1,37.00,17.00,33,49,61
24/2/18-22:37:22,146,71,184,69,62,1,37.00,17.00,33,49,61
24/2/18-22:38:23,146,70,182,68,64,4,37.00,17.00,32,49,58
24/2/18-22:39:24,145,70,173,60,58,3,37.00,17.00,32,49,58
24/2/18-22:40:25,145,72,185,70,63,3,37.00,17.00,33,48,58
24/2/18-22:41:26,147,73,185,71,65,1,37.00,17.00,33,48,58
24/2/18-22:42:27,146,71,186,70,67,3,37.00,17.00,31,45,54
24/2/18-22:43:28,146,71,185,66,65,2,37.00,17.00,31,46,54
24/2/18-22:44:29,146,70,175,68,57,1,37.00,17.00,33,49,60
24/2/18-22:45:30,146,68,173,60,59,3,37.00,17.00,33,49,61
24/2/18-22:46:31,146,71,187,72,66,1,37.00,17.00,34,49,61
24/2/18-22:47:32,146,72,181,65,67,3,37.00,17.00,34,49,61
24/2/18-22:48:33,146,72,181,68,67,1,37.00,17.00,34,50,62
24/2/18-22:49:34,147,73,182,66,68,3,38.00,17.00,34,50,62
24/2/18-22:50:35,147,70,184,68,70,0,38.00,16.00,32,49,61
24/2/18-22:51:36,145,73,181,73,70,3,37.00,17.00,32,49,61
24/2/18-22:52:37,148,70,183,71,70,1,37.00,17.00,33,49,62
24/2/18-22:53:38,149,71,190,70,70,2,37.00,17.00,33,49,62
24/2/18-22:54:39,147,71,186,71,72,4,37.00,17.00,33,50,60
24/2/18-22:55:40,144,69,188,75,74,1,37.00,17.00,33,49,58
24/2/18-22:56:41,146,74,185,70,73,2,37.00,17.00,32,48,61
24/2/18-22:57:42,144,70,185,72,73,1,37.00,17.00,32,48,61
24/2/18-22:58:43,146,70,175,65,64,3,37.00,17.00,36,51,65
24/2/18-22:59:44,146,73,187,70,72,0,37.00,17.00,34,50,64
24/2/18-23:0:45,146,70,174,57,67,4,37.00,17.00,34,52,67
24/2/18-23:1:46,145,72,184,73,72,1,37.00,17.00,34,52,67
24/2/18-23:2:47,146,70,186,68,72,1,38.00,16.00,37,56,69
24/2/18-23:3:48,147,73,189,67,71,3,37.00,17.00,38,57,69
24/2/18-23:4:49,146,73,175,60,62,3,37.00,17.00,36,59,69
24/2/18-23:5:50,147,72,186,68,70,2,37.00,17.00,37,59,70
24/2/18-23:6:51,145,70,177,60,64,2,37.00,17.00,35,53,67
24/2/18-23:7:52,145,72,186,72,73,3,37.00,17.00,35,53,66
24/2/18-23:8:53,147,70,182,66,72,2,37.00,17.00,34,52,65
24/2/18-23:9:54,146,71,173,59,62,0,37.00,17.00,34,51,64
24/2/18-23:10:55,147,72,187,69,72,3,37.00,17.00,34,52,66
24/2/18-23:11:56,145,69,175,61,63,2,37.00,17.00,34,53,66
24/2/18-23:12:57,146,69,174,56,63,3,37.00,17.00,34,51,62
24/2/18-23:13:58,148,72,184,71,69,3,37.00,17.00,34,51,62
24/2/18-23:14:59,149,72,186,68,69,2,37.00,17.00,34,51,62
24/2/18-23:16:0,146,73,184,69,69,1,37.00,17.00,34,50,62
24/2/18-23:17:1,147,72,180,63,63,2,37.00,17.00,33,51,64
24/2/18-23:18:2,145,72,185,77,71,1,37.00,17.00,33,52,65
24/2/18-23:19:3,147,71,181,66,69,3,37.00,17.00,34,48,58
24/2/18-23:20:4,147,72,191,67,70,4,37.00,17.00,34,48,58
24/2/18-23:21:5,146,70,183,72,70,1,37.00,17.00,33,49,60
24/2/18-23:22:6,147,72,186,73,67,3,37.00,17.00,33,49,61
24/2/18-23:23:7,146,71,185,71,65,2,37.00,17.00,33,48,60
24/2/18-23:24:8,145,70,170,59,57,2,37.00,17.00,33,48,60
24/2/18-23:25:9,147,73,185,68,63,3,37.00,17.00,34,48,58
24/2/18-23:26:10,146,70,171,55,51,2,37.00,17.00,33,46,57
24/2/18-23:27:11,146,71,180,65,50,3,37.00,17.00,32,47,57
24/2/18-23:28:12,147,72,176,63,47,1,37.00,17.00,32,47,57
24/2/18-23:29:13,147,73,168,57,39,2,38.00,17.00,31,47,56
24/2/18-23:30:13,148,73,179,61,40,1,37.00,17.00,31,47,56
24/2/18-23:31:14,146,70,172,60,38,4,37.00,17.00,30,45,56
24/2/18-23:32:15,145,70,172,56,36,3,37.00,17.00,30,45,56
24/2/18-23:33:16,147,73,179,69,43,3,36.00,17.00,30,45,54
24/2/18-23:34:17,147,73,179,62,40,1,37.00,17.00,30,45,55
24/2/18-23:35:18,145,69,166,54,37,3,37.00,17.00,29,45,55
24/2/18-23:36:19,146,71,178,65,43,0,38.00,16.00,29,45,55
24/2/18-23:37:20,147,72,186,68,47,4,37.00,17.00,31,48,58
24/2/18-23:38:21,147,71,180,65,48,2,37.00,17.00,31,47,57
24/2/18-23:39:22,145,70,175,57,45,0,38.00,17.00,30,44,55
24/2/18-23:40:23,146,70,170,56,46,2,37.00,17.00,30,45,56
24/2/18-23:41:24,148,71,181,68,55,0,37.00,17.00,32,47,57
24/2/18-23:42:25,147,70,170,56,51,3,37.00,17.00,32,47,57
24/2/18-23:43:26,146,68,167,58,54,1,37.00,17.00,30,45,53
24/2/18-23:44:27,147,70,179,58,54,2,37.00,17.00,30,45,53
24/2/18-23:45:28,147,71,187,67,65,0,37.00,17.00,30,45,55
24/2/18-23:46:29,147,72,184,68,64,2,37.00,17.00,30,45,55
24/2/18-23:47:30,147,72,179,67,67,3,37.00,17.00,30,46,56
24/2/18-23:48:31,148,71,182,64,66,2,37.00,17.00,31,46,55
24/2/18-23:49:32,147,69,174,60,59,3,37.00,17.00,30,45,54
24/2/18-23:50:33,146,71,181,69,69,2,37.00,17.00,30,45,54
24/2/18-23:51:34,148,69,172,55,61,3,37.00,18.00,30,46,56
24/2/18-23:52:35,147,72,184,68,67,1,37.00,17.00,31,47,57
24/2/18-23:53:36,146,71,169,57,61,2,37.00,17.00,31,44,54
24/2/18-23:54:37,146,69,171,59,62,1,37.00,17.00,31,45,54
24/2/18-23:55:38,146,69,170,54,62,2,37.00,17.00,30,46,56
24/2/18-23:56:39,147,70,178,66,70,2,37.00,17.00,30,46,56
24/2/18-23:57:40,147,71,179,65,71,3,37.00,17.00,29,45,54
24/2/18-23:58:41,147,72,184,69,70,0,37.00,17.00,29,45,54
24/2/18-23:59:42,147,72,182,63,71,3,37.00,17.00,30,43,50
