Hora,O3,NO2,CO,Humedad,Temperatura,P25,P10
25/2/18-0:0:43,146,72,189,78,68,0,38.00,17.00,30,43,50
25/2/18-0:1:44,147,72,189,69,68,3,39.00,17.00,31,43,52
25/2/18-0:2:45,146,73,190,67,69,2,37.00,17.00,31,43,52
25/2/18-0:3:46,145,68,171,54,64,2,38.00,17.00,31,46,58
25/2/18-0:4:47,146,70,170,58,63,3,37.00,17.00,31,46,58
25/2/18-0:5:48,145,72,189,73,70,3,37.00,17.00,30,45,57
25/2/18-0:6:49,145,73,180,70,71,1,37.00,17.00,29,45,56
25/2/18-0:7:50,146,73,179,71,65,2,38.00,17.00,30,44,55
25/2/18-0:8:51,147,74,184,67,71,3,37.00,17.00,31,43,53
25/2/18-0:9:52,147,75,185,72,69,1,37.00,17.00,30,44,55
25/2/18-0:10:53,147,74,186,67,70,0,37.00,17.00,30,43,53
25/2/18-0:11:54,147,71,172,56,64,4,37.00,17.00,31,47,60
25/2/18-0:12:55,146,70,175,60,64,4,37.00,17.00,31,47,60
25/2/18-0:13:56,148,75,185,67,72,2,37.00,17.00,31,47,57
25/2/18-0:14:57,145,70,173,61,64,2,37.00,17.00,31,47,57
25/2/18-0:15:58,148,70,174,61,65,2,37.00,17.00,33,50,62
25/2/18-0:16:59,147,69,174,58,64,3,37.00,17.00,33,50,62
25/2/18-0:18:0,147,73,189,66,72,3,37.00,17.00,34,52,65
25/2/18-0:19:1,148,71,175,55,65,4,37.00,17.00,34,52,65
25/2/18-0:20:2,146,70,177,66,62,2,37.00,17.00,33,49,62
25/2/18-0:21:3,145,71,175,67,64,2,37.00,17.00,33,48,61
25/2/18-0:22:4,146,72,184,67,73,3,37.00,17.00,32,48,59
25/2/18-0:23:5,146,73,183,73,69,2,37.00,17.00,32,48,59
25/2/18-0:24:6,147,74,186,68,69,2,37.00,17.00,32,49,61
25/2/18-0:25:7,147,73,189,69,67,2,37.00,17.00,32,49,61
25/2/18-0:26:8,145,72,183,68,69,2,37.00,18.00,33,48,60
25/2/18-0:27:9,147,73,181,67,68,1,37.00,17.00,32,49,62
25/2/18-0:28:10,145,72,181,68,67,2,37.00,17.00,31,49,61
25/2/18-0:29:11,147,73,182,67,68,3,37.00,17.00,31,49,61
25/2/18-0:30:12,147,75,186,67,66,0,37.00,17.00,32,48,60
25/2/18-0:31:13,148,74,186,73,68,2,37.00,17.00,32,48,60
25/2/18-0:32:14,146,73,180,64,68,1,37.00,17.00,30,46,58
25/2/18-0:33:15,148,72,184,70,70,2,37.00,17.00,31,48,60
25/2/18-0:34:16,147,68,172,60,63,4,37.00,17.00,32,50,62
25/2/18-0:35:17,147,68,178,71,63,3,37.00,17.00,31,49,61
25/2/18-0:36:18,145,71,172,58,63,3,37.00,17.00,32,48,60
25/2/18-0:37:19,147,72,181,72,71,1,37.00,17.00,32,48,60
25/2/18-0:38:20,147,72,181,71,73,1,37.00,17.00,30,46,55
25/2/18-0:39:21,145,72,182,71,72,1,37.00,17.00,30,46,55
25/2/18-0:40:22,148,73,180,67,71,3,37.00,17.00,31,45,53
25/2/18-0:41:23,147,72,178,70,70,1,37.00,17.00,31,45,53
25/2/18-0:42:24,146,69,172,57,62,3,37.00,17.00,28,44,53
25/2/18-0:43:25,146,73,182,67,69,2,37.00,17.00,28,44,53
25/2/18-0:44:26,147,72,181,70,71,1,37.00,17.00,30,44,53
25/2/18-0:45:27,148,72,180,67,71,2,37.00,17.00,30,44,53
25/2/18-0:46:28,147,71,172,59,62,1,37.00,17.00,28,42,49
25/2/18-0:47:29,145,72,177,68,71,2,37.00,17.00,27,41,48
25/2/18-0:48:30,146,69,167,58,63,2,38.00,17.00,28,43,51
25/2/18-0:49:31,147,74,170,63,63,3,37.00,17.00,28,44,52
25/2/18-0:50:32,147,70,170,61,62,5,37.00,17.00,28,43,52
25/2/18-0:51:33,148,72,185,68,70,1,38.00,16.00,28,43,52
25/2/18-0:52:34,147,73,183,65,68,3,37.00,17.00,28,40,51
25/2/18-0:53:35,146,72,181,68,68,2,37.00,17.00,28,40,51
25/2/18-0:54:36,147,70,169,54,61,3,37.00,17.00,27,40,49
25/2/18-0:55:37,146,70,168,58,62,2,37.00,17.00,27,39,48
25/2/18-0:56:38,147,75,185,70,66,1,37.00,17.00,26,38,45
25/2/18-0:57:39,146,70,172,54,60,2,37.00,17.00,26,38,45
25/2/18-0:58:40,148,72,180,64,62,4,37.00,17.00,26,38,45
25/2/18-0:59:41,147,76,175,65,60,2,37.00,17.00,26,38,45
25/2/18-1:0:42,146,72,178,60,57,2,37.00,17.00,27,38,45
25/2/18-1:1:43,149,72,176,61,55,2,37.00,17.00,27,38,45
25/2/18-1:2:44,149,72,176,63,55,3,37.00,17.00,26,39,47
25/2/18-1:3:45,147,70,164,54,45,3,38.00,16.00,26,39,47
25/2/18-1:4:46,147,74,176,61,45,3,37.00,16.00,26,39,45
25/2/18-1:5:47,147,70,172,64,38,3,37.00,16.00,26,39,45
25/2/18-1:6:48,147,70,173,60,35,1,37.00,17.00,24,35,43
25/2/18-1:7:49,146,70,176,72,33,1,38.00,16.00,24,35,40
25/2/18-1:8:50,148,70,173,62,33,3,38.00,16.00,23,34,38
25/2/18-1:9:51,146,69,166,52,30,3,37.00,17.00,23,34,38
25/2/18-1:10:52,149,72,177,60,34,2,37.00,17.00,25,35,42
25/2/18-1:11:53,147,69,167,53,33,2,38.00,16.00,25,34,41
25/2/18-1:12:54,147,71,164,52,33,3,38.00,16.00,24,36,44
25/2/18-1:13:55,148,73,174,66,39,3,38.00,16.00,25,38,45
25/2/18-1:14:56,145,70,173,64,40,1,37.00,17.00,25,38,45
25/2/18-1:15:57,148,69,162,54,34,3,37.00,17.00,24,38,44
25/2/18-1:16:58,146,71,174,61,34,2,37.00,17.00,23,33,44
25/2/18-1:17:59,148,72,171,59,34,2,38.00,16.00,24,34,43
25/2/18-1:19:0,150,72,171,62,35,2,38.00,16.00,26,36,43
25/2/18-1:20:1,150,71,175,63,39,0,38.00,16.00,26,36,43
25/2/18-1:21:2,149,69,165,53,37,3,38.00,16.00,25,36,44
25/2/18-1:22:3,148,72,174,63,42,2,38.00,16.00,25,36,44
25/2/18-1:23:4,147,71,175,63,40,1,38.00,16.00,25,34,38
25/2/18-1:24:5,148,76,174,62,40,2,38.00,16.00,25,34,38
25/2/18-1:25:6,149,72,177,63,43,3,38.00,16.00,24,34,37
25/2/18-1:26:7,146,70,163,49,35,3,38.00,16.00,23,33,36
25/2/18-1:27:8,148,73,169,60,36,0,38.00,16.00,22,34,38
25/2/18-1:28:9,147,71,171,59,37,3,39.00,16.00,23,35,40
25/2/18-1:29:10,146,71,172,62,34,1,38.00,16.00,23,37,43
25/2/18-1:30:11,150,71,162,50,27,2,38.00,16.00,23,37,43
25/2/18-1:31:11,148,71,162,55,27,2,38.00,16.00,22,33,35
25/2/18-1:32:12,147,70,162,53,27,2,38.00,16.00,23,34,37
25/2/18-1:33:13,148,72,169,60,31,3,38.00,16.00,23,36,44
25/2/18-1:34:14,147,70,173,58,33,2,38.00,16.00,24,36,43
25/2/18-1:35:15,149,73,174,59,35,2,38.00,16.00,22,33,37
25/2/18-1:36:16,149,73,170,59,35,3,38.00,16.00,22,33,37
25/2/18-1:37:17,148,68,163,54,31,2,38.00,16.00,22,34,37
25/2/18-1:38:18,148,71,172,58,33,0,37.00,16.00,22,34,37
25/2/18-1:39:19,150,70,163,52,31,2,38.00,16.00,23,33,36
25/2/18-1:40:20,148,71,173,66,31,1,36.00,16.00,23,33,36
25/2/18-1:41:21,149,72,171,62,33,2,38.00,16.00,22,33,39
25/2/18-1:42:22,149,71,171,61,35,3,38.00,16.00,22,32,38
25/2/18-1:43:23,147,70,173,73,34,1,38.00,16.00,21,29,35
25/2/18-1:44:24,149,72,170,62,35,2,38.00,16.00,21,29,35
25/2/18-1:45:25,147,69,175,66,37,1,38.00,16.00,21,32,35
25/2/18-1:46:26,148,70,173,67,38,1,38.00,16.00,21,32,35
25/2/18-1:47:27,149,69,161,48,36,3,38.00,16.00,21,32,34
25/2/18-1:48:28,150,71,171,63,42,4,38.00,16.00,21,32,34
25/2/18-1:49:29,148,71,169,62,42,2,38.00,16.00,22,35,39
25/2/18-1:50:30,150,70,164,53,37,2,38.00,16.00,21,34,38
25/2/18-1:51:31,148,69,161,52,39,4,38.00,16.00,21,34,39
25/2/18-1:52:32,150,70,172,59,44,1,38.00,16.00,21,34,39
25/2/18-1:53:33,150,70,167,58,45,4,38.00,16.00,22,31,32
25/2/18-1:54:34,150,69,159,51,42,4,38.00,16.00,22,31,32
25/2/18-1:55:35,149,71,169,62,48,1,38.00,16.00,22,32,37
25/2/18-1:56:36,149,68,164,53,44,3,38.00,16.00,22,32,37
25/2/18-1:57:37,148,75,168,61,50,4,38.00,16.00,23,36,41
25/2/18-1:58:38,151,70,170,64,49,1,38.00,16.00,23,36,41
25/2/18-1:59:39,148,71,167,57,48,2,38.00,16.00,22,32,38
25/2/18-2:0:40,147,70,172,61,50,1,38.00,16.00,22,32,38
25/2/18-2:1:41,148,68,160,50,46,2,38.00,16.00,23,35,41
25/2/18-2:2:42,151,71,171,62,52,1,38.00,16.00,23,35,41
25/2/18-2:3:43,149,73,156,50,47,4,38.00,16.00,20,32,36
25/2/18-2:4:44,150,72,178,61,53,2,38.00,16.00,21,32,37
25/2/18-2:5:45,149,70,172,61,54,1,38.00,16.00,22,33,38
25/2/18-2:6:46,148,68,158,51,49,2,38.00,15.00,22,33,38
25/2/18-2:7:47,151,71,174,65,53,1,37.00,16.00,22,32,41
25/2/18-2:8:48,150,70,172,68,54,3,38.00,16.00,22,32,43
25/2/18-2:9:49,150,70,174,61,54,3,38.00,16.00,22,33,35
25/2/18-2:10:50,149,72,172,59,55,4,38.00,16.00,22,32,34
25/2/18-2:11:51,148,69,160,51,49,2,38.00,16.00,22,32,35
25/2/18-2:12:52,148,70,171,61,55,1,38.00,16.00,22,32,35
25/2/18-2:13:53,149,68,167,56,48,3,38.00,16.00,21,31,36
25/2/18-2:14:54,149,70,162,52,49,3,38.00,16.00,21,31,36
25/2/18-2:15:55,148,68,164,59,48,2,38.00,16.00,23,32,35
25/2/18-2:16:56,149,73,170,59,55,2,38.00,16.00,23,32,35
25/2/18-2:17:57,149,72,177,72,55,3,38.00,16.00,22,32,34
25/2/18-2:18:58,151,71,172,56,57,1,38.00,16.00,22,32,34
25/2/18-2:19:59,149,72,170,59,55,3,38.00,16.00,23,34,39
25/2/18-2:21:0,150,70,176,59,56,2,38.00,16.00,23,34,39
25/2/18-2:22:1,149,72,174,64,56,3,38.00,16.00,23,38,43
25/2/18-2:23:2,149,71,171,60,54,3,38.00,15.00,22,37,42
25/2/18-2:24:3,148,71,171,61,54,2,38.00,16.00,22,34,39
25/2/18-2:25:4,149,72,171,65,54,3,39.00,16.00,22,34,39
25/2/18-2:26:5,150,69,158,52,48,0,38.00,16.00,22,33,38
25/2/18-2:27:6,149,70,169,59,54,2,38.00,16.00,22,33,38
25/2/18-2:28:7,149,69,160,53,49,3,38.00,16.00,22,33,35
25/2/18-2:29:8,149,70,170,58,54,3,38.00,16.00,22,33,35
25/2/18-2:30:9,149,71,176,67,55,3,38.00,16.00,23,33,37
25/2/18-2:31:10,150,69,166,52,49,3,38.00,16.00,23,33,37
25/2/18-2:32:11,150,72,170,59,56,3,37.00,16.00,22,32,36
25/2/18-2:33:12,149,70,163,51,50,3,38.00,16.00,22,32,35
25/2/18-2:34:13,149,68,160,51,50,1,37.00,16.00,23,35,39
25/2/18-2:35:14,151,69,167,58,49,2,38.00,15.00,23,35,39
25/2/18-2:36:15,150,72,170,62,57,3,37.00,16.00,23,35,39
25/2/18-2:37:16,148,71,168,64,56,2,37.00,16.00,23,35,39
25/2/18-2:38:17,148,68,163,53,49,2,38.00,16.00,23,33,39
25/2/18-2:39:18,150,71,160,59,51,3,38.00,15.00,23,33,39
25/2/18-2:40:19,151,69,169,71,49,4,37.00,16.00,23,34,39
25/2/18-2:41:20,151,72,171,64,58,2,38.00,16.00,23,34,39
25/2/18-2:42:21,151,70,164,59,53,2,38.00,16.00,22,32,33
25/2/18-2:43:22,149,73,174,65,57,2,38.00,15.00,22,32,33
25/2/18-2:44:23,150,72,172,61,58,2,38.00,15.00,22,33,37
25/2/18-2:45:24,149,72,172,67,57,1,38.00,16.00,22,32,36
25/2/18-2:46:25,150,68,162,56,53,3,38.00,16.00,23,36,42
25/2/18-2:47:26,150,75,172,62,57,3,38.00,15.00,23,35,41
25/2/18-2:48:27,151,74,176,64,56,1,38.00,16.00,23,33,39
25/2/18-2:49:28,150,71,172,68,59,3,38.00,16.00,23,33,39
25/2/18-2:50:29,149,69,166,58,50,0,38.00,16.00,23,33,36
25/2/18-2:51:30,151,73,173,63,59,3,38.00,15.00,23,33,36
25/2/18-2:52:31,149,70,167,63,51,2,38.00,15.00,23,36,43
25/2/18-2:53:32,150,71,170,62,58,1,38.00,16.00,23,36,41
25/2/18-2:54:33,149,72,171,64,58,3,38.00,16.00,23,35,42
25/2/18-2:55:34,150,72,176,68,57,3,39.00,16.00,23,36,43
25/2/18-2:56:35,150,71,174,66,58,0,38.00,16.00,23,38,46
25/2/18-2:57:36,149,72,171,66,58,0,38.00,16.00,23,38,46
25/2/18-2:58:37,150,71,172,63,60,2,39.00,15.00,25,35,41
25/2/18-2:59:38,150,73,170,62,60,3,38.00,16.00,25,35,41
25/2/18-3:0:39,151,71,172,61,59,4,38.00,16.00,22,33,36
25/2/18-3:1:40,150,71,162,53,53,2,38.00,16.00,22,33,36
25/2/18-3:2:41,149,71,172,63,58,1,38.00,15.00,24,35,38
25/2/18-3:3:42,151,71,174,63,59,4,38.00,16.00,24,35,38
25/2/18-3:4:43,152,71,174,65,58,2,38.00,16.00,23,32,36
25/2/18-3:5:44,149,70,169,56,51,2,38.00,16.00,23,32,36
25/2/18-3:6:45,151,73,174,61,57,3,38.00,15.00,24,35,38
25/2/18-3:7:46,152,72,180,68,57,4,38.00,16.00,24,35,38
25/2/18-3:8:47,148,71,174,69,55,3,38.00,16.00,23,33,38
25/2/18-3:9:48,150,72,172,61,55,3,38.00,15.00,23,33,38
25/2/18-3:10:49,150,68,169,56,49,3,38.00,15.00,23,34,38
25/2/18-3:11:50,150,72,174,62,56,3,38.00,16.00,23,34,38
25/2/18-3:12:51,150,69,169,57,51,1,38.00,16.00,23,35,41
25/2/18-3:13:52,150,72,172,61,56,3,38.00,15.00,22,34,41
25/2/18-3:14:53,150,71,170,62,52,1,39.00,16.00,23,32,37
25/2/18-3:15:54,151,72,170,61,54,1,38.00,16.00,23,32,37
25/2/18-3:16:55,150,69,167,55,49,2,38.00,16.00,22,32,34
25/2/18-3:17:56,150,72,175,67,52,0,38.00,16.00,22,32,34
25/2/18-3:18:57,150,66,165,55,44,3,38.00,16.00,23,33,36
25/2/18-3:19:58,151,71,183,75,49,1,38.00,16.00,23,33,36
25/2/18-3:20:59,148,69,173,61,50,1,38.00,16.00,22,33,38
25/2/18-3:22:0,150,72,169,62,50,2,39.00,16.00,22,33,38
25/2/18-3:23:1,151,72,172,62,54,3,38.00,15.00,22,33,36
25/2/18-3:24:2,149,72,171,67,53,1,38.00,16.00,22,34,37
25/2/18-3:25:3,151,69,162,55,47,2,38.00,16.00,22,32,33
25/2/18-3:26:3,151,70,164,54,48,0,38.00,16.00,22,32,33
25/2/18-3:27:4,151,72,169,62,52,2,38.00,16.00,22,36,43
25/2/18-3:28:5,151,72,170,66,51,3,38.00,16.00,23,36,42
25/2/18-3:29:6,151,72,178,68,48,3,38.00,16.00,22,33,38
25/2/18-3:30:7,149,70,182,76,45,1,38.00,16.00,23,33,39
25/2/18-3:31:8,150,74,169,62,40,2,38.00,16.00,22,32,38
25/2/18-3:32:9,151,72,170,59,36,1,38.00,16.00,22,32,38
25/2/18-3:33:10,152,73,174,60,34,2,38.00,16.00,21,30,35
25/2/18-3:34:11,151,70,166,55,31,4,38.00,16.00,21,30,35
25/2/18-3:35:12,148,72,172,59,29,3,38.00,16.00,22,33,38
25/2/18-3:36:13,151,70,156,50,26,4,38.00,15.00,22,33,37
25/2/18-3:37:14,150,71,166,61,26,1,38.00,16.00,21,33,37
25/2/18-3:38:15,150,71,171,60,25,1,38.00,16.00,21,33,37
25/2/18-3:39:16,150,71,170,63,24,2,39.00,15.00,21,31,34
25/2/18-3:40:17,152,71,168,62,23,0,38.00,16.00,21,32,36
25/2/18-3:41:18,151,71,167,59,23,2,38.00,15.00,22,32,36
25/2/18-3:42:19,150,72,165,59,23,3,38.00,16.00,22,32,35
25/2/18-3:43:20,152,71,164,59,21,1,38.00,16.00,22,31,35
25/2/18-3:44:21,150,71,165,61,19,2,38.00,16.00,22,31,34
25/2/18-3:45:22,150,72,175,64,19,3,38.00,16.00,21,32,33
25/2/18-3:46:23,150,68,158,49,16,2,38.00,16.00,22,31,32
25/2/18-3:47:24,149,71,165,61,18,1,38.00,16.00,20,32,35
25/2/18-3:48:25,150,73,165,56,18,3,38.00,16.00,20,32,35
25/2/18-3:49:26,149,72,165,60,19,2,38.00,16.00,20,29,31
25/2/18-3:50:27,150,69,166,55,17,3,38.00,16.00,20,29,31
25/2/18-3:51:28,150,72,176,58,16,2,38.00,15.00,22,33,37
25/2/18-3:52:29,150,70,158,51,17,3,38.00,16.00,22,33,37
25/2/18-3:53:30,149,71,162,57,15,3,38.00,16.00,22,33,38
25/2/18-3:54:31,150,69,162,55,13,2,38.00,16.00,22,33,38
25/2/18-3:55:32,151,69,159,48,12,3,38.00,16.00,21,32,36
25/2/18-3:56:33,150,71,159,47,12,3,37.00,16.00,21,32,34
25/2/18-3:57:34,151,72,167,60,12,0,38.00,16.00,21,30,32
25/2/18-3:58:35,152,71,172,65,13,0,39.00,16.00,21,30,32
25/2/18-3:59:36,149,69,157,46,13,3,38.00,16.00,20,29,32
25/2/18-4:0:37,150,71,166,62,12,1,38.00,16.00,20,29,32
25/2/18-4:1:38,148,71,175,65,13,2,39.00,16.00,20,32,36
25/2/18-4:2:39,151,69,157,50,13,3,38.00,16.00,20,32,36
25/2/18-4:3:40,151,72,164,55,15,3,38.00,16.00,19,28,30
25/2/18-4:4:41,150,73,166,57,14,3,38.00,16.00,18,28,30
25/2/18-4:5:42,152,71,163,57,15,2,38.00,15.00,20,28,33
25/2/18-4:6:43,151,72,166,56,14,1,38.00,15.00,20,29,34
25/2/18-4:7:44,151,71,164,59,12,2,38.00,16.00,21,32,35
25/2/18-4:8:45,149,69,154,50,10,2,38.00,16.00,21,32,34
25/2/18-4:9:46,151,69,153,51,13,4,38.00,15.00,19,28,29
25/2/18-4:10:47,150,71,162,56,13,3,38.00,16.00,19,28,29
25/2/18-4:11:48,151,71,166,59,14,1,38.00,15.00,19,29,31
25/2/18-4:12:49,152,72,168,57,15,3,38.00,16.00,19,29,32
25/2/18-4:13:50,150,69,153,48,13,2,38.00,16.00,20,30,31
25/2/18-4:14:51,150,70,167,59,15,2,38.00,16.00,20,30,31
25/2/18-4:15:52,151,71,169,62,12,1,38.00,15.00,20,31,33
25/2/18-4:16:53,150,71,174,63,15,2,38.00,16.00,20,31,33
25/2/18-4:17:54,151,72,171,60,13,2,38.00,16.00,19,29,31
25/2/18-4:18:55,151,68,155,51,13,2,38.00,16.00,19,29,31
25/2/18-4:19:56,150,69,174,61,14,4,38.00,16.00,22,35,38
25/2/18-4:20:57,149,71,166,55,15,3,37.00,16.00,22,35,38
25/2/18-4:21:58,151,71,174,65,15,2,38.00,16.00,21,29,29
25/2/18-4:22:59,151,71,166,61,14,1,38.00,16.00,21,29,29
25/2/18-4:24:0,150,71,165,63,15,1,38.00,15.00,20,33,36
25/2/18-4:25:1,151,68,160,54,14,2,38.00,15.00,20,33,36
25/2/18-4:26:2,151,73,165,57,14,3,39.00,14.00,20,30,31
25/2/18-4:27:3,150,71,168,61,14,0,39.00,15.00,20,30,31
25/2/18-4:28:4,149,67,156,48,13,3,39.00,15.00,21,33,39
25/2/18-4:29:5,152,71,165,59,14,3,38.00,15.00,21,33,39
25/2/18-4:30:6,151,70,170,61,15,2,38.00,15.00,22,30,31
25/2/18-4:31:7,152,70,155,48,13,3,38.00,15.00,22,30,31
25/2/18-4:32:8,150,71,166,57,15,2,38.00,16.00,22,32,34
25/2/18-4:33:9,151,71,171,85,13,0,38.00,15.00,22,32,34
25/2/18-4:34:10,150,67,163,60,15,3,38.00,15.00,22,32,37
25/2/18-4:35:11,151,71,183,71,13,2,38.00,16.00,22,32,37
25/2/18-4:36:12,152,71,163,56,14,4,38.00,16.00,21,30,32
25/2/18-4:37:13,150,71,163,52,12,2,38.00,16.00,21,30,32
25/2/18-4:38:14,151,70,159,49,12,3,38.00,15.00,20,30,31
25/2/18-4:39:15,150,71,165,59,13,3,38.00,15.00,20,30,31
25/2/18-4:40:16,152,71,162,57,14,2,38.00,16.00,20,29,32
25/2/18-4:41:17,150,71,174,63,12,2,38.00,15.00,20,29,31
25/2/18-4:42:18,151,69,155,47,10,2,38.00,16.00,22,32,35
25/2/18-4:43:19,152,70,164,54,14,1,38.00,15.00,22,32,35
25/2/18-4:44:20,151,68,155,48,12,2,38.00,15.00,21,32,34
25/2/18-4:45:21,151,71,158,56,10,0,38.00,15.00,21,32,34
25/2/18-4:46:22,151,69,163,60,11,2,38.00,15.00,21,30,31
25/2/18-4:47:23,150,69,173,48,10,3,38.00,15.00,21,30,31
25/2/18-4:48:24,151,70,165,57,12,3,38.00,15.00,20,29,32
25/2/18-4:49:25,152,71,169,58,11,2,38.00,15.00,20,29,32
25/2/18-4:50:26,151,72,177,71,10,2,38.00,15.00,21,28,31
25/2/18-4:51:27,152,69,163,58,12,1,38.00,15.00,21,28,31
25/2/18-4:52:28,152,70,166,57,11,3,38.00,15.00,22,31,37
25/2/18-4:53:29,149,68,150,51,10,2,38.00,15.00,22,30,36
25/2/18-4:54:30,151,72,165,62,11,3,38.00,15.00,21,31,35
25/2/18-4:55:31,153,70,163,55,11,0,38.00,15.00,21,31,35
25/2/18-4:56:32,151,70,159,56,12,2,38.00,15.00,21,32,33
25/2/18-4:57:33,151,65,153,48,9,3,38.00,15.00,21,31,32
25/2/18-4:58:34,150,70,161,57,11,3,38.00,15.00,21,30,31
25/2/18-4:59:35,151,69,161,61,10,1,38.00,15.00,21,30,31
25/2/18-5:0:36,151,71,169,62,9,2,38.00,15.00,20,32,36
25/2/18-5:1:37,153,69,153,47,8,2,38.00,15.00,20,32,36
25/2/18-5:2:38,151,71,174,60,11,3,38.00,15.00,22,31,33
25/2/18-5:3:39,151,69,151,46,11,3,38.00,15.00,22,31,33
25/2/18-5:4:40,151,76,164,58,11,3,37.00,15.00,21,32,35
25/2/18-5:5:41,150,70,160,57,10,3,38.00,15.00,21,32,34
25/2/18-5:6:42,151,68,152,49,8,0,38.00,15.00,20,31,32
25/2/18-5:7:43,152,70,163,56,12,1,38.00,15.00,20,31,32
25/2/18-5:8:44,153,72,168,59,11,4,38.00,15.00,20,31,34
25/2/18-5:9:45,151,70,163,56,11,3,38.00,15.00,20,31,34
25/2/18-5:10:46,150,68,171,57,10,4,38.00,15.00,20,30,34
25/2/18-5:11:47,150,70,155,50,10,2,38.00,15.00,20,30,34
25/2/18-5:12:48,151,70,167,63,12,1,38.00,15.00,21,29,31
25/2/18-5:13:49,150,70,160,58,12,4,38.00,15.00,21,29,31
25/2/18-5:14:50,151,68,153,48,12,3,38.00,15.00,22,33,36
25/2/18-5:15:51,151,68,154,51,10,4,38.00,14.00,22,33,36
25/2/18-5:16:51,152,68,152,48,9,3,38.00,15.00,20,32,35
25/2/18-5:17:52,149,68,152,53,10,2,38.00,15.00,21,32,35
25/2/18-5:18:53,152,69,159,55,13,1,38.00,15.00,21,31,32
25/2/18-5:19:54,152,71,164,58,10,2,39.00,15.00,21,30,31
25/2/18-5:20:55,151,69,160,57,9,2,39.00,15.00,19,31,32
25/2/18-5:21:56,150,70,161,63,10,1,38.00,15.00,19,31,32
25/2/18-5:22:57,151,70,162,58,10,3,38.00,15.00,21,32,34
25/2/18-5:23:58,152,72,164,55,9,3,38.00,15.00,21,32,34
25/2/18-5:24:59,151,69,159,57,10,1,38.00,15.00,20,27,28
25/2/18-5:26:0,149,69,157,53,9,2,38.00,15.00,20,28,28
25/2/18-5:27:1,152,69,158,54,10,2,38.00,15.00,20,29,31
25/2/18-5:28:2,150,70,165,63,10,3,38.00,15.00,20,30,32
25/2/18-5:29:3,152,70,163,54,10,3,39.00,14.00,20,32,34
25/2/18-5:30:4,151,68,166,59,11,5,38.00,15.00,20,32,33
25/2/18-5:31:5,152,70,165,61,13,1,38.00,15.00,20,27,30
25/2/18-5:32:6,150,68,176,75,11,1,38.00,15.00,20,27,30
25/2/18-5:33:7,152,70,167,77,13,1,38.00,15.00,20,32,35
25/2/18-5:34:8,152,70,159,55,10,3,38.00,15.00,19,31,34
25/2/18-5:35:9,153,73,157,54,10,3,39.00,14.00,19,30,30
25/2/18-5:36:10,153,68,151,48,9,4,38.00,15.00,20,30,30
25/2/18-5:37:11,151,68,152,54,8,3,38.00,15.00,20,30,34
25/2/18-5:38:12,151,68,166,58,10,1,38.00,15.00,20,30,34
25/2/18-5:39:13,152,70,160,56,10,2,38.00,15.00,19,31,32
25/2/18-5:40:14,155,70,159,55,11,0,39.00,15.00,19,31,32
25/2/18-5:41:15,153,73,165,57,12,3,38.00,15.00,20,26,26
25/2/18-5:42:16,152,68,169,60,14,1,38.00,15.00,20,26,26
25/2/18-5:43:17,153,71,170,60,13,3,38.00,15.00,20,26,26
25/2/18-5:44:18,153,69,168,63,13,4,38.00,15.00,20,25,26
25/2/18-5:45:19,154,67,150,49,13,4,38.00,16.00,18,31,33
25/2/18-5:46:20,153,69,168,60,14,1,38.00,15.00,19,31,33
25/2/18-5:47:21,152,71,164,60,14,3,38.00,15.00,20,29,32
25/2/18-5:48:22,153,74,161,57,15,3,38.00,15.00,20,29,32
25/2/18-5:49:23,152,70,167,61,14,3,39.00,15.00,20,30,32
25/2/18-5:50:24,150,68,158,60,14,0,38.00,15.00,20,30,32
25/2/18-5:51:25,152,70,160,56,14,2,39.00,15.00,20,27,28
25/2/18-5:52:26,153,67,156,51,14,3,38.00,16.00,20,27,28
25/2/18-5:53:27,152,70,165,61,13,3,38.00,15.00,19,27,27
25/2/18-5:54:28,153,70,163,57,14,2,40.00,15.00,19,27,27
25/2/18-5:55:29,152,67,154,53,14,2,39.00,14.00,20,30,31
25/2/18-5:56:30,151,70,168,63,13,2,38.00,15.00,20,30,31
25/2/18-5:57:31,150,67,152,51,12,2,38.00,15.00,20,29,31
25/2/18-5:58:32,150,68,163,59,14,1,38.00,15.00,20,29,31
25/2/18-5:59:33,151,68,156,50,13,3,38.00,15.00,18,30,34
25/2/18-6:0:34,152,69,165,61,15,2,38.00,15.00,18,30,34
25/2/18-6:1:35,154,70,161,56,15,0,38.00,15.00,21,28,32
25/2/18-6:2:36,152,70,155,50,14,3,38.00,15.00,21,28,32
25/2/18-6:3:37,153,70,168,57,16,3,37.00,15.00,19,27,28
25/2/18-6:4:38,152,69,162,57,16,0,39.00,14.00,19,27,28
25/2/18-6:5:39,151,70,166,56,17,2,38.00,15.00,20,30,34
25/2/18-6:6:40,152,67,152,46,15,3,38.00,16.00,20,30,34
25/2/18-6:7:41,152,69,162,56,16,1,38.00,15.00,18,25,26
25/2/18-6:8:42,153,70,169,59,19,3,41.00,14.00,18,25,26
25/2/18-6:9:43,153,70,162,58,21,3,38.00,15.00,20,33,36
25/2/18-6:10:44,153,73,165,60,21,3,39.00,15.00,20,33,36
25/2/18-6:11:45,151,67,156,57,19,2,38.00,15.00,21,32,36
25/2/18-6:12:46,152,68,155,48,19,3,38.00,15.00,21,32,36
25/2/18-6:13:47,152,71,169,59,23,3,38.00,15.00,20,32,35
25/2/18-6:14:48,150,67,155,50,20,3,39.00,14.00,20,32,35
25/2/18-6:15:49,152,69,163,61,22,2,38.00,15.00,19,26,29
25/2/18-6:16:50,152,69,168,60,24,4,38.00,15.00,19,26,29
25/2/18-6:17:51,155,68,156,51,22,0,38.00,15.00,22,31,32
25/2/18-6:18:52,153,69,167,63,27,1,38.00,15.00,22,31,32
25/2/18-6:19:53,152,70,164,64,26,3,38.00,15.00,19,30,30
25/2/18-6:20:54,152,69,164,60,27,1,38.00,15.00,20,31,32
25/2/18-6:21:55,152,70,175,72,28,3,38.00,15.00,20,28,28
25/2/18-6:22:56,154,71,170,58,29,1,38.00,15.00,20,28,28
25/2/18-6:23:57,153,69,167,58,31,2,38.00,15.00,19,29,30
25/2/18-6:24:58,152,67,160,48,27,3,39.00,14.00,19,29,30
25/2/18-6:25:59,153,69,177,63,34,1,38.00,15.00,19,28,28
25/2/18-6:27:0,153,68,159,60,30,4,38.00,15.00,19,28,28
25/2/18-6:28:1,152,68,167,59,34,1,38.00,15.00,20,30,30
25/2/18-6:29:2,152,70,171,63,36,3,39.00,14.00,20,30,30
25/2/18-6:30:3,152,67,160,52,35,2,39.00,14.00,19,28,30
25/2/18-6:31:4,152,71,168,64,37,1,38.00,15.00,19,28,30
25/2/18-6:32:5,152,69,168,59,37,2,39.00,14.00,20,30,31
25/2/18-6:33:6,151,70,175,65,39,1,38.00,15.00,20,30,31
25/2/18-6:34:7,152,70,168,61,38,2,38.00,15.00,20,28,28
25/2/18-6:35:8,153,71,170,62,40,4,40.00,14.00,20,28,28
25/2/18-6:36:9,153,69,156,51,34,2,38.00,15.00,20,30,35
25/2/18-6:37:10,152,71,170,60,41,3,38.00,15.00,20,30,35
25/2/18-6:38:11,152,70,170,62,40,2,38.00,15.00,20,29,31
25/2/18-6:39:12,153,69,170,60,41,3,0.00,15.00,20,29,31
25/2/18-6:40:13,153,70,168,66,41,2,39.00,14.00,20,30,34
25/2/18-6:41:14,152,68,165,61,37,2,39.00,14.00,20,30,34
25/2/18-6:42:15,153,71,168,60,40,1,38.00,15.00,20,30,35
25/2/18-6:43:16,152,69,157,51,37,3,39.00,14.00,20,30,35
25/2/18-6:44:17,152,70,168,63,44,4,38.00,15.00,19,30,34
25/2/18-6:45:18,152,69,165,59,44,2,39.00,14.00,19,30,34
25/2/18-6:46:19,154,67,158,51,39,4,39.00,14.00,21,31,32
25/2/18-6:47:20,151,71,170,61,44,3,39.00,14.00,21,31,32
25/2/18-6:48:21,153,71,172,62,44,1,39.00,14.00,20,32,35
25/2/18-6:49:22,150,66,161,54,40,2,38.00,16.00,21,32,35
25/2/18-6:50:23,154,71,169,58,45,0,39.00,14.00,20,30,31
25/2/18-6:51:24,152,68,164,54,40,2,39.00,14.00,20,30,31
25/2/18-6:52:25,153,69,170,59,46,3,38.00,15.00,20,32,33
25/2/18-6:53:26,155,70,170,67,47,1,39.00,14.00,20,32,33
25/2/18-6:54:27,150,69,167,60,45,2,39.00,14.00,19,30,33
25/2/18-6:55:28,153,67,158,54,40,3,40.00,14.00,19,30,33
25/2/18-6:56:29,153,68,160,55,41,4,39.00,14.00,19,30,33
25/2/18-6:57:30,153,68,157,53,43,4,39.00,14.00,19,30,33
25/2/18-6:58:31,152,69,166,58,47,3,39.00,14.00,21,33,40
25/2/18-6:59:32,153,70,173,63,47,4,39.00,14.00,21,33,41
25/2/18-7:0:33,153,69,169,60,46,1,40.00,14.00,20,27,30
25/2/18-7:1:34,152,66,160,49,43,2,40.00,14.00,20,28,30
25/2/18-7:2:35,152,69,176,65,47,2,39.00,14.00,19,28,28
25/2/18-7:3:36,152,67,159,56,43,1,40.00,14.00,20,29,29
25/2/18-7:4:37,151,69,172,60,47,3,39.00,14.00,20,30,30
25/2/18-7:5:37,154,70,171,61,46,0,40.00,14.00,20,30,30
25/2/18-7:6:38,152,69,172,65,47,2,40.00,14.00,18,28,30
25/2/18-7:7:39,153,67,168,57,42,3,39.00,14.00,18,28,30
25/2/18-7:8:40,152,71,165,56,47,2,39.00,14.00,20,30,30
25/2/18-7:9:41,154,69,159,51,42,3,38.00,15.00,20,30,31
25/2/18-7:10:42,153,70,168,58,42,0,38.00,15.00,20,28,29
25/2/18-7:11:43,153,69,155,50,39,4,38.00,15.00,20,29,30
25/2/18-7:12:44,152,71,169,58,42,3,38.00,15.00,19,28,29
25/2/18-7:13:45,153,70,164,60,41,3,39.00,14.00,20,28,29
25/2/18-7:14:46,152,68,170,61,40,1,38.00,15.00,21,28,30
25/2/18-7:15:47,153,69,170,60,40,4,105.00,15.00,20,27,29
25/2/18-7:16:48,152,65,156,52,33,3,38.00,15.00,18,32,33
25/2/18-7:17:49,153,71,170,58,38,1,39.00,14.00,18,31,32
25/2/18-7:18:50,153,69,164,60,41,2,38.00,15.00,18,23,26
25/2/18-7:19:51,152,69,159,49,34,2,39.00,14.00,18,23,26
25/2/18-7:20:52,153,68,156,49,31,3,38.00,15.00,18,28,28
25/2/18-7:21:53,152,75,168,63,29,3,38.00,15.00,18,28,28
25/2/18-7:22:54,153,70,163,58,25,1,39.00,14.00,17,23,24
25/2/18-7:23:55,152,69,160,61,24,2,39.00,14.00,17,23,24
25/2/18-7:24:56,153,71,169,65,25,3,38.00,15.00,19,28,30
25/2/18-7:25:57,150,69,154,51,20,3,39.00,14.00,18,27,29
25/2/18-7:26:58,152,69,168,61,23,1,38.00,15.00,18,24,25
25/2/18-7:27:59,151,69,163,56,22,3,38.00,15.00,18,24,24
25/2/18-7:29:0,155,68,157,50,17,3,39.00,14.00,17,25,25
25/2/18-7:30:1,152,70,167,59,20,2,38.00,15.00,17,25,25
25/2/18-7:31:2,153,68,154,51,20,4,39.00,14.00,19,30,33
25/2/18-7:32:3,153,66,153,50,20,2,38.00,15.00,19,30,33
25/2/18-7:33:4,153,69,170,59,22,1,38.00,15.00,17,24,25
25/2/18-7:34:5,153,66,158,54,22,3,38.00,15.00,18,24,26
25/2/18-7:35:6,152,67,164,55,20,2,38.00,15.00,18,25,27
25/2/18-7:36:7,153,69,166,63,21,1,39.00,14.00,17,26,27
25/2/18-7:37:8,153,69,168,61,19,2,39.00,14.00,16,20,23
25/2/18-7:38:9,152,67,163,48,17,3,39.00,14.00,17,21,23
25/2/18-7:39:10,153,70,169,54,19,4,38.00,15.00,15,21,21
25/2/18-7:40:11,152,68,164,59,16,2,38.00,15.00,15,21,21
25/2/18-7:41:12,153,70,169,59,19,5,39.00,14.00,16,25,27
25/2/18-7:42:13,153,69,171,64,16,3,38.00,15.00,16,24,26
25/2/18-7:43:14,155,66,160,53,17,3,39.00,14.00,19,26,27
25/2/18-7:44:15,152,69,169,62,17,1,38.00,15.00,19,26,27
25/2/18-7:45:16,153,70,170,65,18,4,38.00,15.00,20,30,31
25/2/18-7:46:17,152,69,161,53,17,5,38.00,15.00,19,30,31
25/2/18-7:47:18,150,68,166,59,18,1,38.00,15.00,22,35,40
25/2/18-7:48:19,154,70,167,57,21,3,38.00,15.00,22,34,39
25/2/18-7:49:20,154,68,165,55,21,1,38.00,15.00,21,34,37
25/2/18-7:50:21,151,66,154,51,19,2,39.00,14.00,20,33,37
25/2/18-7:51:22,151,70,163,65,18,2,38.00,15.00,22,36,46
25/2/18-7:52:23,151,69,167,56,19,2,38.00,15.00,23,37,46
25/2/18-7:53:24,150,65,155,53,16,1,41.00,14.00,25,40,50
25/2/18-7:54:25,154,70,166,60,19,0,38.00,15.00,25,39,50
25/2/18-7:55:26,152,66,153,50,18,2,38.00,15.00,23,37,45
25/2/18-7:56:27,151,70,168,70,19,3,38.00,15.00,24,38,47
25/2/18-7:57:28,152,68,167,62,20,1,39.00,15.00,24,39,47
25/2/18-7:58:29,153,69,173,63,20,2,38.00,15.00,24,39,47
25/2/18-7:59:30,153,68,160,49,21,3,39.00,14.00,24,38,45
25/2/18-8:0:31,150,67,155,53,18,2,38.00,15.00,24,38,45
25/2/18-8:1:32,153,70,175,62,22,4,38.00,15.00,24,36,43
25/2/18-8:2:33,153,67,159,51,21,0,38.00,15.00,23,36,42
25/2/18-8:3:34,152,71,168,58,25,3,38.00,15.00,22,33,37
25/2/18-8:4:35,152,69,158,50,24,4,38.00,15.00,23,33,37
25/2/18-8:5:36,153,67,157,52,23,1,38.00,15.00,25,37,45
25/2/18-8:6:37,152,71,162,56,27,3,38.00,15.00,25,37,45
25/2/18-8:7:38,151,67,162,52,26,3,38.00,15.00,23,35,41
25/2/18-8:8:39,150,67,163,54,27,2,38.00,15.00,23,35,41
25/2/18-8:9:40,152,68,177,65,28,3,38.00,15.00,24,39,51
25/2/18-8:10:41,152,71,181,57,31,3,38.00,15.00,24,39,51
25/2/18-8:11:42,152,69,188,76,29,4,38.00,16.00,22,35,39
25/2/18-8:12:43,152,71,173,62,30,4,38.00,16.00,22,34,39
25/2/18-8:13:44,153,68,170,55,27,3,38.00,15.00,21,29,32
25/2/18-8:14:45,152,69,176,60,28,1,38.00,16.00,21,29,32
25/2/18-8:15:46,150,68,168,63,27,1,38.00,15.00,21,33,36
25/2/18-8:16:47,151,69,169,63,25,1,38.00,16.00,21,33,37
25/2/18-8:17:48,153,69,171,63,29,1,38.00,15.00,22,32,36
25/2/18-8:18:49,150,68,163,54,25,3,38.00,16.00,22,32,36
25/2/18-8:19:50,151,69,172,63,31,1,38.00,16.00,22,30,34
25/2/18-8:20:51,150,67,161,51,26,2,38.00,16.00,22,30,34
25/2/18-8:21:52,151,68,158,48,26,4,38.00,15.00,19,29,30
25/2/18-8:22:53,151,69,160,51,26,3,38.00,15.00,19,29,30
25/2/18-8:23:54,153,70,182,75,29,3,38.00,15.00,20,32,35
25/2/18-8:24:55,150,71,171,58,28,2,38.00,16.00,20,32,34
25/2/18-8:25:56,153,68,163,55,26,4,38.00,16.00,20,28,29
25/2/18-8:26:57,151,71,172,66,27,2,38.00,16.00,20,28,29
25/2/18-8:27:58,150,71,190,68,27,3,38.00,16.00,20,30,32
25/2/18-8:28:59,149,68,178,66,25,3,38.00,16.00,20,30,32
25/2/18-8:30:0,152,69,170,50,26,3,38.00,16.00,19,27,27
25/2/18-8:31:1,150,71,197,87,29,3,38.00,16.00,19,27,27
25/2/18-8:32:2,152,68,181,59,27,2,38.00,16.00,19,26,28
25/2/18-8:33:3,150,71,181,59,28,2,38.00,16.00,19,27,31
25/2/18-8:34:4,150,66,196,65,27,2,38.00,16.00,18,26,28
25/2/18-8:35:5,152,71,185,56,28,2,37.00,16.00,19,27,29
25/2/18-8:36:6,151,73,190,57,31,3,38.00,16.00,19,27,27
25/2/18-8:37:7,151,69,188,58,28,4,39.00,16.00,19,27,27
25/2/18-8:38:8,150,71,188,57,32,3,38.00,16.00,18,24,27
25/2/18-8:39:9,150,72,189,68,31,3,38.00,16.00,18,24,26
25/2/18-8:40:10,150,70,193,65,31,3,38.00,16.00,18,26,28
25/2/18-8:41:11,149,70,192,70,28,1,38.00,16.00,18,26,28
25/2/18-8:42:12,149,70,207,75,26,1,39.00,16.00,15,24,26
25/2/18-8:43:13,151,68,192,75,23,4,38.00,16.00,15,24,26
25/2/18-8:44:14,149,71,183,63,20,2,38.00,16.00,18,25,28
25/2/18-8:45:15,150,70,170,65,16,7,38.00,16.00,17,25,28
25/2/18-8:46:16,149,71,198,71,16,3,38.00,16.00,16,21,22
25/2/18-8:47:17,151,72,202,76,18,2,39.00,16.00,17,22,23
25/2/18-8:48:18,151,70,192,79,15,3,37.00,17.00,17,23,23
25/2/18-8:49:19,151,72,196,78,17,4,37.00,17.00,17,23,23
25/2/18-8:50:20,150,74,180,61,14,0,39.00,17.00,20,29,31
25/2/18-8:51:21,151,72,181,70,15,3,37.00,17.00,20,29,32
25/2/18-8:52:22,150,70,176,68,11,1,38.00,17.00,20,30,31
25/2/18-8:53:22,151,72,195,70,8,1,37.00,17.00,20,30,31
25/2/18-8:54:23,150,71,179,65,11,3,37.00,17.00,20,29,30
25/2/18-8:55:24,150,69,169,64,10,3,37.00,17.00,20,30,32
25/2/18-8:56:25,148,71,185,68,8,1,37.00,17.00,19,28,28
25/2/18-8:57:26,149,70,157,54,9,1,37.00,17.00,19,28,30
25/2/18-8:58:27,149,68,148,53,7,2,37.00,17.00,20,29,29
25/2/18-8:59:28,150,70,171,63,6,1,36.00,17.00,20,29,29
25/2/18-9:0:29,150,71,173,70,4,0,37.00,18.00,20,29,29
25/2/18-9:1:30,149,67,158,46,5,2,37.00,17.00,20,29,29
25/2/18-9:2:31,149,72,174,62,9,3,36.00,18.00,19,28,31
25/2/18-9:3:32,149,70,168,60,6,1,37.00,17.00,19,28,31
25/2/18-9:4:33,150,68,152,54,7,3,38.00,17.00,21,30,33
25/2/18-9:5:34,151,70,165,58,9,1,37.00,17.00,19,29,31
25/2/18-9:6:35,149,69,166,66,8,3,0.00,0.00,19,24,25
25/2/18-9:7:36,149,71,169,61,6,1,37.00,18.00,19,24,25
25/2/18-9:8:37,149,73,168,60,8,3,37.00,18.00,20,26,30
25/2/18-9:9:38,149,69,161,54,7,3,37.00,17.00,20,26,29
25/2/18-9:10:39,150,70,161,62,7,3,37.00,17.00,21,32,34
25/2/18-9:11:40,150,69,151,55,7,1,37.00,18.00,22,32,35
25/2/18-9:12:41,148,72,168,64,7,2,37.00,18.00,22,34,41
25/2/18-9:13:42,151,71,163,71,7,0,37.00,17.00,22,34,41
25/2/18-9:14:43,150,72,172,83,5,1,37.00,18.00,22,32,35
25/2/18-9:15:44,150,69,160,56,5,3,37.00,18.00,21,32,36
25/2/18-9:16:45,147,69,151,50,6,3,37.00,18.00,23,36,45
25/2/18-9:17:46,148,71,156,57,8,3,37.00,18.00,22,35,44
25/2/18-9:18:47,149,71,185,74,7,3,37.00,18.00,23,35,39
25/2/18-9:19:48,148,71,179,75,7,3,37.00,18.00,23,35,40
25/2/18-9:20:49,148,70,160,64,8,4,37.00,17.00,22,33,40
25/2/18-9:21:50,148,71,158,55,5,0,37.00,18.00,22,34,40
25/2/18-9:22:51,149,71,164,60,7,4,37.00,18.00,22,31,36
25/2/18-9:23:52,147,71,177,77,6,1,37.00,18.00,22,31,36
25/2/18-9:24:53,149,70,179,63,7,3,37.00,18.00,22,32,34
25/2/18-9:25:54,148,68,145,47,7,4,37.00,18.00,22,32,34
25/2/18-9:26:55,147,69,174,69,8,2,36.00,18.00,23,32,34
25/2/18-9:27:56,147,69,176,64,7,1,37.00,18.00,21,31,33
25/2/18-9:28:57,147,71,193,75,5,0,37.00,18.00,23,35,39
25/2/18-9:29:58,148,73,159,54,7,3,37.00,18.00,22,34,37
25/2/18-9:30:59,148,71,154,56,7,2,37.00,18.00,23,32,38
25/2/18-9:32:0,149,73,177,71,9,2,37.00,18.00,23,32,38
25/2/18-9:33:1,149,72,166,56,5,2,37.00,18.00,23,35,40
25/2/18-9:34:2,148,71,162,63,8,2,37.00,18.00,23,35,40
25/2/18-9:35:3,147,69,150,48,9,5,37.00,18.00,23,36,44
25/2/18-9:36:4,148,71,186,71,6,2,36.00,18.00,23,37,46
25/2/18-9:37:5,148,73,173,65,9,3,37.00,18.00,24,37,43
25/2/18-9:38:6,147,68,151,48,8,4,37.00,18.00,24,37,43
25/2/18-9:39:7,147,70,171,59,9,1,36.00,19.00,24,37,43
25/2/18-9:40:8,146,69,186,78,9,2,36.00,19.00,24,36,41
25/2/18-9:41:9,147,71,166,59,9,0,36.00,19.00,25,39,47
25/2/18-9:42:10,146,73,158,56,6,1,0.00,0.00,25,36,40
25/2/18-9:43:11,148,74,209,92,8,1,36.00,19.00,25,36,40
25/2/18-9:44:12,146,68,161,49,8,3,36.00,19.00,24,37,43
25/2/18-9:45:13,146,73,167,60,9,3,36.00,19.00,24,37,43
25/2/18-9:46:14,147,68,166,53,8,4,36.00,19.00,24,36,43
25/2/18-9:47:15,146,71,171,77,10,1,36.00,19.00,24,36,44
25/2/18-9:48:16,147,69,175,78,7,3,36.00,19.00,26,41,50
25/2/18-9:49:17,148,68,164,59,6,3,36.00,19.00,27,41,50
25/2/18-9:50:18,146,69,150,49,6,2,36.00,19.00,26,41,49
25/2/18-9:51:19,146,68,153,51,8,4,36.00,19.00,25,41,49
25/2/18-9:52:20,146,68,151,48,6,4,37.00,18.00,25,38,47
25/2/18-9:53:21,145,71,168,68,5,1,36.00,18.00,25,38,46
25/2/18-9:54:22,147,68,180,71,7,3,37.00,18.00,26,37,45
25/2/18-9:55:23,146,72,192,75,6,1,37.00,18.00,26,37,45
25/2/18-9:56:24,147,71,156,53,7,2,37.00,18.00,23,37,45
25/2/18-9:57:25,145,69,172,76,6,3,37.00,18.00,23,37,45
25/2/18-9:58:26,147,71,162,62,6,3,36.00,19.00,26,40,47
25/2/18-9:59:27,145,71,155,55,8,1,36.00,19.00,26,40,47
25/2/18-10:0:28,146,70,156,57,7,1,36.00,19.00,23,38,43
25/2/18-10:1:29,145,70,148,50,4,0,36.00,19.00,23,36,42
25/2/18-10:2:30,145,72,175,65,5,2,36.00,19.00,24,36,45
25/2/18-10:3:31,144,71,158,57,5,1,37.00,18.00,24,36,45
25/2/18-10:4:32,146,71,181,70,4,0,37.00,18.00,23,33,36
25/2/18-10:5:33,145,70,159,50,6,3,36.00,19.00,23,32,36
25/2/18-10:6:34,144,71,156,61,5,1,36.00,19.00,22,36,44
25/2/18-10:7:35,145,69,154,65,6,1,36.00,19.00,22,36,42
25/2/18-10:8:36,146,70,171,60,7,1,37.00,19.00,25,35,42
25/2/18-10:9:37,144,68,146,50,7,3,36.00,19.00,25,35,42
25/2/18-10:10:38,145,71,156,63,7,3,35.00,19.00,23,35,41
25/2/18-10:11:39,145,72,169,59,5,0,36.00,20.00,23,36,44
25/2/18-10:12:40,145,71,194,79,6,3,36.00,19.00,24,38,44
25/2/18-10:13:41,146,71,174,60,5,2,35.00,19.00,24,39,45
25/2/18-10:14:42,145,71,167,54,5,0,36.00,19.00,24,35,42
25/2/18-10:15:43,146,70,155,52,5,1,36.00,19.00,24,35,42
25/2/18-10:16:44,145,72,162,51,7,3,36.00,19.00,22,32,39
25/2/18-10:17:45,142,70,196,91,5,1,36.00,19.00,22,32,39
25/2/18-10:18:46,144,71,162,54,6,2,36.00,20.00,23,32,37
25/2/18-10:19:47,144,73,169,53,6,2,36.00,20.00,23,32,37
25/2/18-10:20:48,146,70,157,60,6,2,36.00,19.00,25,38,46
25/2/18-10:21:49,144,70,181,85,5,1,36.00,19.00,25,37,46
25/2/18-10:22:50,145,70,149,52,6,3,36.00,19.00,22,37,45
25/2/18-10:23:51,145,77,154,62,5,3,36.00,19.00,23,38,45
25/2/18-10:24:52,145,71,162,57,6,3,36.00,20.00,23,38,45
25/2/18-10:25:53,145,72,168,56,4,0,36.00,19.00,23,38,45
25/2/18-10:26:54,144,70,170,67,5,1,36.00,19.00,23,38,46
25/2/18-10:27:55,144,71,166,57,6,3,36.00,20.00,23,38,46
25/2/18-10:28:56,145,70,158,51,6,3,36.00,20.00,25,36,45
25/2/18-10:29:57,144,71,163,75,6,0,36.00,19.00,25,36,45
25/2/18-10:30:58,143,68,155,62,5,2,36.00,19.00,23,35,44
25/2/18-10:31:59,145,72,166,54,5,3,36.00,20.00,22,34,43
25/2/18-10:33:0,145,69,162,65,4,2,36.00,20.00,22,34,38
25/2/18-10:34:1,145,71,178,83,7,3,36.00,20.00,22,34,38
25/2/18-10:35:2,145,73,168,79,6,3,36.00,20.00,22,34,42
25/2/18-10:36:3,143,71,235,128,5,2,36.00,20.00,23,35,43
25/2/18-10:37:4,144,72,151,54,4,1,36.00,20.00,24,36,42
25/2/18-10:38:5,142,71,174,68,4,3,36.00,20.00,24,36,42
25/2/18-10:39:6,145,72,162,87,6,3,36.00,20.00,22,33,37
25/2/18-10:40:7,142,68,149,56,7,2,36.00,20.00,22,34,40
25/2/18-10:41:8,143,70,165,64,4,1,36.00,20.00,23,34,39
25/2/18-10:42:9,144,71,152,56,5,1,36.00,20.00,23,34,39
25/2/18-10:43:10,143,70,173,78,9,1,37.00,20.00,22,32,35
25/2/18-10:44:11,143,69,152,58,7,5,36.00,20.00,22,32,35
25/2/18-10:45:12,143,71,186,76,5,1,36.00,20.00,20,30,32
25/2/18-10:46:13,144,71,164,61,4,2,36.00,20.00,20,30,32
25/2/18-10:47:14,144,71,149,51,4,2,36.00,20.00,15,22,22
25/2/18-10:48:15,142,70,159,66,5,2,36.00,20.00,15,22,22
25/2/18-10:49:16,142,68,136,57,5,3,36.00,20.00,22,34,37
25/2/18-10:50:17,143,73,160,56,6,3,35.00,20.00,22,33,36
25/2/18-10:51:18,143,70,150,62,6,3,36.00,20.00,21,33,35
25/2/18-10:52:19,143,70,142,52,7,2,36.00,20.00,21,33,35
25/2/18-10:53:20,143,68,149,51,6,3,36.00,20.00,19,25,27
25/2/18-10:54:21,141,71,165,67,4,1,36.00,20.00,19,25,27
25/2/18-10:55:22,144,70,153,55,5,4,36.00,20.00,17,25,26
25/2/18-10:56:23,144,70,194,124,6,3,36.00,20.00,16,24,26
25/2/18-10:57:23,143,70,133,44,7,3,36.00,20.00,15,18,21
25/2/18-10:58:24,143,72,192,75,3,0,36.00,20.00,15,18,21
25/2/18-10:59:25,141,72,185,66,5,2,36.00,20.00,19,26,29
25/2/18-11:0:26,143,70,156,54,4,3,36.00,20.00,18,25,29
25/2/18-11:1:27,142,69,143,48,4,3,36.00,20.00,19,27,28
25/2/18-11:2:28,141,71,202,113,5,1,35.00,20.00,19,27,28
25/2/18-11:3:29,143,67,145,53,6,4,36.00,20.00,20,28,30
25/2/18-11:4:30,144,70,168,114,5,3,36.00,20.00,20,28,30
25/2/18-11:5:31,142,70,150,57,7,2,36.00,20.00,18,29,30
25/2/18-11:6:32,142,72,166,65,4,1,36.00,20.00,19,28,29
25/2/18-11:7:33,143,70,169,59,5,3,35.00,21.00,22,32,34
25/2/18-11:8:34,143,72,141,53,5,3,35.00,21.00,22,32,35
25/2/18-11:9:35,142,70,156,63,4,2,33.00,21.00,21,31,36
25/2/18-11:10:36,142,72,153,69,2,0,35.00,21.00,21,31,36
25/2/18-11:11:37,144,70,144,54,5,5,36.00,21.00,19,27,28
25/2/18-11:12:38,141,68,143,53,4,3,36.00,20.00,19,27,28
25/2/18-11:13:39,143,73,158,66,4,2,35.00,20.00,19,27,29
25/2/18-11:14:40,141,71,134,53,4,1,36.00,20.00,19,27,28
25/2/18-11:15:41,143,67,142,44,4,2,36.00,20.00,21,30,30
25/2/18-11:16:42,143,72,143,57,3,0,34.00,20.00,21,30,30
25/2/18-11:17:43,143,68,141,52,4,2,34.00,21.00,19,29,30
25/2/18-11:18:44,141,71,169,75,4,1,34.00,21.00,19,29,30
25/2/18-11:19:45,143,70,166,59,6,3,35.00,22.00,19,26,28
25/2/18-11:20:46,141,71,147,58,5,2,36.00,20.00,19,26,28
25/2/18-11:21:47,141,70,159,62,5,1,63.00,20.00,19,28,29
25/2/18-11:22:48,141,70,164,81,4,1,36.00,20.00,19,28,29
25/2/18-11:23:49,140,66,142,48,5,2,36.00,20.00,19,28,28
25/2/18-11:24:50,142,71,136,51,5,2,36.00,20.00,19,28,28
25/2/18-11:25:51,141,71,157,61,4,2,35.00,21.00,21,30,31
25/2/18-11:26:52,143,71,159,77,4,3,35.00,21.00,21,30,31
25/2/18-11:27:53,140,72,203,105,5,2,35.00,21.00,22,33,37
25/2/18-11:28:54,143,70,155,52,4,3,35.00,21.00,22,33,37
25/2/18-11:29:55,140,69,141,45,4,3,35.00,21.00,21,30,32
25/2/18-11:30:56,140,70,182,63,5,3,35.00,21.00,21,30,32
25/2/18-11:31:57,143,70,148,58,4,1,35.00,21.00,19,29,29
25/2/18-11:32:58,139,66,128,47,4,2,35.00,21.00,19,29,29
25/2/18-11:33:59,142,72,160,56,2,0,34.00,21.00,20,27,28
25/2/18-11:35:0,140,70,156,65,5,3,35.00,21.00,20,26,29
25/2/18-11:36:1,140,72,159,61,4,1,35.00,21.00,24,36,41
25/2/18-11:37:2,140,72,169,65,2,1,35.00,21.00,24,37,42
25/2/18-11:38:3,140,70,144,54,4,0,35.00,21.00,25,36,44
25/2/18-11:39:4,143,71,147,52,4,3,35.00,20.00,25,36,44
25/2/18-11:40:5,141,68,141,57,5,4,35.00,21.00,26,37,45
25/2/18-11:41:6,141,69,141,44,5,4,34.00,21.00,26,38,46
25/2/18-11:42:7,141,71,155,66,4,2,34.00,21.00,26,39,47
25/2/18-11:43:8,140,70,139,47,5,3,35.00,21.00,25,37,45
25/2/18-11:44:9,140,70,146,67,7,2,33.00,21.00,23,35,41
25/2/18-11:45:10,139,71,151,60,2,0,33.00,21.00,23,35,41
25/2/18-11:46:11,141,71,166,61,5,3,35.00,21.00,28,44,51
25/2/18-11:47:12,139,69,139,53,6,2,35.00,22.00,28,44,51
25/2/18-11:48:13,141,72,161,64,2,2,35.00,21.00,48,74,81
25/2/18-11:49:14,140,69,159,69,4,2,35.00,22.00,48,72,80
25/2/18-11:50:15,138,70,133,47,4,2,35.00,22.00,28,44,53
25/2/18-11:51:16,141,72,180,76,5,2,35.00,22.00,28,43,51
25/2/18-11:52:17,140,73,142,55,5,2,34.00,22.00,27,42,50
25/2/18-11:53:18,139,70,157,60,4,1,35.00,22.00,27,43,52
25/2/18-11:54:19,139,70,156,54,4,3,35.00,22.00,28,42,54
25/2/18-11:55:20,139,69,157,57,2,2,35.00,22.00,28,43,53
25/2/18-11:56:21,140,72,144,57,4,2,33.00,21.00,29,45,53
25/2/18-11:57:22,140,71,147,60,3,2,35.00,22.00,29,45,55
25/2/18-11:58:23,138,71,178,63,4,1,35.00,22.00,27,38,47
25/2/18-11:59:24,141,73,168,91,4,2,35.00,22.00,27,38,47
25/2/18-12:0:25,139,71,141,53,5,3,35.00,22.00,24,36,42
25/2/18-12:1:26,140,71,148,59,5,1,35.00,22.00,24,36,42
25/2/18-12:2:27,138,71,150,58,7,1,35.00,21.00,24,35,43
25/2/18-12:3:28,138,69,132,48,5,2,35.00,22.00,24,35,43
25/2/18-12:4:29,139,71,128,52,4,3,35.00,21.00,24,36,43
25/2/18-12:5:30,139,71,136,53,5,3,34.00,21.00,24,36,43
25/2/18-12:6:31,138,72,153,57,4,3,35.00,22.00,27,41,49
25/2/18-12:7:32,140,77,147,58,5,2,35.00,22.00,27,41,49
25/2/18-12:8:33,139,69,140,58,5,2,35.00,22.00,31,44,55
25/2/18-12:9:34,138,69,156,64,3,2,33.00,22.00,31,44,56
25/2/18-12:10:35,138,69,175,63,5,3,34.00,22.00,45,57,68
25/2/18-12:11:36,136,71,151,67,4,1,34.00,22.00,45,57,68
25/2/18-12:12:37,138,68,146,57,4,4,35.00,22.00,147,193,203
25/2/18-12:13:38,138,71,178,63,6,3,35.00,22.00,157,205,215
25/2/18-12:14:39,139,68,161,64,4,2,35.00,22.00,39,53,64
25/2/18-12:15:40,138,68,151,56,5,2,35.00,22.00,37,52,63
25/2/18-12:16:41,139,71,165,57,3,0,35.00,22.00,24,35,40
25/2/18-12:17:42,138,69,131,43,7,2,35.00,22.00,24,35,40
25/2/18-12:18:43,138,68,158,50,4,3,34.00,22.00,22,32,35
25/2/18-12:19:44,137,71,144,67,5,2,35.00,22.00,22,32,35
25/2/18-12:20:45,139,70,182,68,5,3,35.00,22.00,24,35,39
25/2/18-12:21:46,140,72,159,65,3,1,35.00,22.00,24,35,39
25/2/18-12:22:47,139,69,149,64,2,0,34.00,22.00,25,35,40
25/2/18-12:23:48,138,71,151,70,4,2,34.00,22.00,25,35,40
25/2/18-12:24:49,137,68,153,58,4,2,35.00,22.00,24,35,40
25/2/18-12:25:50,137,71,141,50,3,1,33.00,22.00,24,36,42
25/2/18-12:26:51,136,69,180,68,5,1,33.00,22.00,28,40,47
25/2/18-12:27:52,138,68,150,57,4,2,34.00,22.00,28,40,47
25/2/18-12:28:53,138,70,174,73,4,2,35.00,22.00,24,37,43
25/2/18-12:29:54,136,68,156,59,6,2,34.00,22.00,24,37,44
25/2/18-12:30:55,138,71,188,69,5,3,34.00,22.00,24,37,44
25/2/18-12:31:56,136,72,156,55,5,2,34.00,22.00,24,37,44
25/2/18-12:32:57,136,68,148,52,6,2,34.00,22.00,23,33,36
25/2/18-12:33:58,138,69,138,56,5,3,34.00,22.00,22,33,36
25/2/18-12:34:59,138,71,149,75,3,0,34.00,22.00,20,28,29
25/2/18-12:36:0,138,72,148,56,6,2,34.00,23.00,20,28,29
25/2/18-12:37:1,139,71,160,57,4,3,35.00,22.00,20,27,30
25/2/18-12:38:2,139,71,149,70,5,3,35.00,22.00,20,27,30
25/2/18-12:39:3,136,70,145,60,4,1,35.00,22.00,23,33,36
25/2/18-12:40:4,138,70,138,55,5,3,35.00,22.00,23,33,36
25/2/18-12:41:5,135,69,245,100,4,0,34.00,22.00,22,32,34
25/2/18-12:42:6,138,70,164,65,5,4,34.00,22.00,22,32,34
25/2/18-12:43:7,136,71,157,57,4,1,35.00,22.00,23,32,34
25/2/18-12:44:8,137,71,159,58,4,1,35.00,22.00,23,32,34
25/2/18-12:45:9,134,67,149,58,4,2,35.00,22.00,37,53,66
25/2/18-12:46:10,137,72,164,81,3,2,34.00,22.00,37,53,66
25/2/18-12:47:11,135,68,156,59,3,2,35.00,22.00,27,41,49
25/2/18-12:48:12,137,71,175,69,5,3,34.00,22.00,27,42,50
25/2/18-12:49:13,138,72,176,94,6,3,35.00,22.00,26,39,46
25/2/18-12:50:14,138,70,173,93,6,2,34.00,23.00,26,39,46
25/2/18-12:51:15,138,72,186,64,4,2,34.00,23.00,29,44,54
25/2/18-12:52:16,136,70,164,54,4,3,33.00,23.00,30,45,56
25/2/18-12:53:17,134,69,157,52,4,2,33.00,23.00,23,36,44
25/2/18-12:54:18,138,68,172,93,6,3,34.00,23.00,22,36,44
25/2/18-12:55:19,137,71,166,59,6,1,34.00,22.00,22,35,42
25/2/18-12:56:20,137,71,180,83,5,3,35.00,22.00,22,35,44
25/2/18-12:57:21,136,70,163,60,5,2,35.00,22.00,25,36,43
25/2/18-12:58:22,135,70,185,68,4,1,35.00,22.00,25,36,44
25/2/18-12:59:23,137,72,176,60,4,3,34.00,22.00,32,46,57
25/2/18-13:0:24,136,70,160,61,5,4,34.00,23.00,31,45,56
25/2/18-13:1:25,137,70,151,55,4,3,34.00,23.00,17,23,27
25/2/18-13:2:26,139,73,164,62,5,2,35.00,22.00,17,23,27
25/2/18-13:3:27,137,73,195,81,3,0,35.00,22.00,23,36,43
25/2/18-13:4:28,136,71,156,58,4,2,35.00,23.00,23,36,43
25/2/18-13:5:29,137,70,147,58,7,4,33.00,23.00,15,18,18
25/2/18-13:6:30,135,69,168,69,7,3,33.00,23.00,15,18,18
25/2/18-13:7:31,135,67,171,52,5,4,34.00,22.00,17,27,29
25/2/18-13:8:32,137,70,143,51,2,2,34.00,23.00,16,26,29
25/2/18-13:9:33,136,71,163,62,4,1,33.00,23.00,24,39,48
25/2/18-13:10:34,137,71,158,50,2,1,34.00,23.00,24,39,48
25/2/18-13:11:35,134,70,147,54,6,2,33.00,23.00,21,29,30
25/2/18-13:12:36,136,68,134,49,4,2,34.00,23.00,21,29,30
25/2/18-13:13:37,137,72,155,69,4,0,33.00,23.00,20,29,31
25/2/18-13:14:38,134,71,138,65,3,0,33.00,23.00,20,29,31
25/2/18-13:15:39,137,69,158,52,5,3,35.00,22.00,18,24,25
25/2/18-13:16:40,138,70,138,51,4,0,33.00,23.00,18,24,25
25/2/18-13:17:41,137,73,153,80,2,1,34.00,23.00,19,25,25
25/2/18-13:18:42,137,69,194,103,6,4,34.00,23.00,19,25,25
25/2/18-13:19:43,135,73,182,68,5,2,33.00,23.00,16,26,26
25/2/18-13:20:44,136,70,129,44,5,2,35.00,23.00,17,27,27
25/2/18-13:21:45,137,71,172,85,4,4,33.00,23.00,13,20,21
25/2/18-13:22:46,136,70,169,93,5,4,33.00,23.00,14,20,21
25/2/18-13:23:47,134,71,150,57,4,1,33.00,23.00,12,16,17
25/2/18-13:24:48,136,70,153,63,4,2,34.00,23.00,12,16,17
25/2/18-13:25:49,137,70,153,54,5,4,33.00,23.00,15,22,22
25/2/18-13:26:50,134,71,149,53,5,2,33.00,23.00,15,22,22
25/2/18-13:27:51,136,71,141,49,4,1,33.00,23.00,14,22,25
25/2/18-13:28:52,134,70,147,57,4,1,33.00,23.00,14,20,25
25/2/18-13:29:53,135,68,133,50,7,3,33.00,23.00,23,38,44
25/2/18-13:30:54,137,70,162,63,5,1,62.00,23.00,23,38,44
25/2/18-13:31:55,135,71,177,71,5,4,34.00,23.00,16,28,32
25/2/18-13:32:56,136,71,176,63,6,1,33.00,23.00,17,29,33
25/2/18-13:33:56,137,72,165,59,5,3,34.00,23.00,17,21,21
25/2/18-13:34:57,137,68,139,52,5,3,33.00,23.00,17,21,21
25/2/18-13:35:58,137,72,163,57,2,1,33.00,23.00,16,22,23
25/2/18-13:36:59,136,71,149,63,7,1,33.00,23.00,16,20,22
25/2/18-13:38:0,134,70,155,66,5,3,33.00,23.00,14,20,21
25/2/18-13:39:1,136,68,158,59,4,3,34.00,23.00,14,20,21
25/2/18-13:40:2,137,70,156,61,5,1,33.00,23.00,17,23,24
25/2/18-13:41:3,136,73,165,65,4,2,34.00,23.00,18,24,25
25/2/18-13:42:4,135,70,166,56,5,4,33.00,23.00,15,24,24
25/2/18-13:43:5,135,73,140,56,4,1,33.00,23.00,14,24,26
25/2/18-13:44:6,136,68,168,46,6,3,34.00,23.00,16,23,27
25/2/18-13:45:7,136,71,150,59,5,4,33.00,23.00,16,23,27
25/2/18-13:46:8,136,73,162,65,5,3,125.00,23.00,12,16,16
25/2/18-13:47:9,134,72,184,82,4,1,33.00,23.00,11,15,15
25/2/18-13:48:10,136,70,139,46,5,3,33.00,23.00,15,19,20
25/2/18-13:49:11,135,72,164,58,2,0,34.00,23.00,15,19,20
25/2/18-13:50:12,135,70,144,55,4,2,34.00,23.00,15,20,20
25/2/18-13:51:13,136,73,161,55,5,3,34.00,23.00,15,20,20
25/2/18-13:52:14,134,72,167,53,4,1,34.00,23.00,10,12,12
25/2/18-13:53:15,135,71,155,55,5,3,33.00,23.00,11,13,13
25/2/18-13:54:16,135,68,136,48,6,5,33.00,24.00,16,21,23
25/2/18-13:55:17,135,70,142,48,3,2,33.00,23.00,16,21,23
25/2/18-13:56:18,134,71,181,75,4,1,33.00,23.00,20,33,36
25/2/18-13:57:19,137,73,146,58,6,1,33.00,23.00,20,32,33
25/2/18-13:58:20,133,68,152,57,5,2,33.00,23.00,16,23,23
25/2/18-13:59:21,135,72,173,69,5,3,33.00,23.00,16,23,23
25/2/18-14:0:22,134,70,155,48,4,2,33.00,23.00,14,18,18
25/2/18-14:1:23,134,71,211,85,4,1,33.00,23.00,14,18,18
25/2/18-14:2:24,134,72,157,60,4,0,33.00,24.00,19,26,27
25/2/18-14:3:25,136,70,163,61,5,2,33.00,23.00,20,27,28
25/2/18-14:4:26,134,68,131,43,5,3,33.00,23.00,18,27,28
25/2/18-14:5:27,134,71,153,56,4,1,33.00,23.00,17,26,27
25/2/18-14:6:28,134,72,182,71,4,3,34.00,23.00,12,15,19
25/2/18-14:7:29,133,71,174,70,7,2,33.00,23.00,11,14,17
25/2/18-14:8:30,135,72,165,58,5,3,33.00,23.00,15,17,17
25/2/18-14:9:31,134,71,177,86,6,2,33.00,23.00,15,18,18
25/2/18-14:10:32,135,70,159,62,4,3,33.00,23.00,18,22,26
25/2/18-14:11:33,135,68,159,61,4,3,33.00,23.00,18,22,26
25/2/18-14:12:34,134,70,136,50,4,2,33.00,23.00,15,22,23
25/2/18-14:13:35,135,70,140,44,2,1,33.00,23.00,16,23,24
25/2/18-14:14:36,135,71,155,67,4,1,33.00,23.00,16,23,24
25/2/18-14:15:37,135,70,149,57,4,2,33.00,23.00,17,24,25
25/2/18-14:16:38,135,73,168,74,5,3,34.00,24.00,15,20,20
25/2/18-14:17:39,133,74,143,59,5,3,33.00,23.00,15,20,20
25/2/18-14:18:40,135,73,138,54,2,2,33.00,23.00,16,20,20
25/2/18-14:19:41,134,72,150,73,4,1,33.00,23.00,15,20,20
25/2/18-14:20:42,134,72,154,60,5,3,33.00,23.00,16,25,28
25/2/18-14:21:43,134,71,145,57,3,1,34.00,23.00,16,27,30
25/2/18-14:22:44,133,72,189,90,5,1,33.00,23.00,13,17,18
25/2/18-14:23:45,133,69,143,49,4,2,33.00,23.00,12,16,17
25/2/18-14:24:46,134,72,170,60,4,1,33.00,23.00,10,15,16
25/2/18-14:25:47,134,74,194,85,4,1,33.00,23.00,10,14,16
25/2/18-14:26:48,132,71,153,61,5,1,33.00,23.00,12,16,16
25/2/18-14:27:49,135,70,151,47,4,3,33.00,24.00,12,16,16
25/2/18-14:28:50,135,73,168,65,2,1,33.00,24.00,14,17,17
25/2/18-14:29:51,134,72,153,67,6,2,33.00,24.00,13,16,16
25/2/18-14:30:52,134,71,150,60,4,2,33.00,24.00,13,17,17
25/2/18-14:31:53,135,74,163,64,4,2,33.00,24.00,13,17,17
25/2/18-14:32:54,133,71,141,52,6,2,33.00,24.00,14,18,19
25/2/18-14:33:55,132,71,158,65,5,1,33.00,23.00,14,18,19
25/2/18-14:34:56,135,77,146,60,5,4,33.00,24.00,12,16,19
25/2/18-14:35:57,134,75,157,56,4,3,33.00,24.00,12,16,19
25/2/18-14:36:58,132,72,143,59,4,2,33.00,23.00,9,14,15
25/2/18-14:37:59,134,72,146,55,4,3,33.00,24.00,9,14,15
25/2/18-14:39:0,133,71,171,78,5,3,33.00,23.00,10,14,18
25/2/18-14:40:1,133,71,155,55,6,2,33.00,23.00,10,14,16
25/2/18-14:41:2,132,69,151,79,4,1,33.00,23.00,12,15,17
25/2/18-14:42:3,132,70,157,57,5,1,33.00,23.00,12,15,17
25/2/18-14:43:4,133,72,138,54,4,1,33.00,24.00,11,14,14
25/2/18-14:44:5,133,72,173,54,5,3,34.00,24.00,11,14,14
25/2/18-14:45:6,132,71,146,46,5,3,33.00,24.00,18,24,24
25/2/18-14:46:7,133,72,151,63,5,2,33.00,24.00,18,24,24
25/2/18-14:47:8,135,71,147,60,4,3,35.00,24.00,13,16,17
25/2/18-14:48:9,132,72,155,60,4,1,33.00,24.00,13,16,17
25/2/18-14:49:10,132,70,147,60,4,3,33.00,24.00,9,13,13
25/2/18-14:50:11,132,77,147,59,5,1,32.00,24.00,9,13,13
25/2/18-14:51:12,133,72,178,89,4,1,33.00,24.00,9,12,12
25/2/18-14:52:13,132,71,159,57,6,2,33.00,23.00,10,12,12
25/2/18-14:53:14,133,69,142,59,3,1,33.00,24.00,11,13,14
25/2/18-14:54:15,134,73,143,53,3,0,33.00,24.00,11,13,14
25/2/18-14:55:16,130,68,144,51,5,4,33.00,24.00,14,22,26
25/2/18-14:56:17,133,70,126,43,6,5,33.00,24.00,13,22,24
25/2/18-14:57:18,132,72,164,68,4,1,33.00,24.00,9,14,15
25/2/18-14:58:19,132,72,159,68,6,2,33.00,24.00,9,14,15
25/2/18-14:59:20,133,73,166,71,3,0,33.00,24.00,14,18,19
25/2/18-15:0:21,131,68,146,57,5,4,33.00,24.00,14,18,19
25/2/18-15:1:22,133,73,154,55,4,3,33.00,24.00,12,16,17
25/2/18-15:2:23,133,72,180,71,4,2,33.00,24.00,13,16,17
25/2/18-15:3:24,133,73,145,59,4,0,33.00,24.00,14,17,17
25/2/18-15:4:25,131,69,134,48,4,2,33.00,24.00,14,17,17
25/2/18-15:5:26,131,70,149,59,7,2,33.00,24.00,10,12,12
25/2/18-15:6:27,133,72,161,72,5,3,33.00,24.00,10,12,12
25/2/18-15:7:28,133,70,140,52,4,2,33.00,24.00,9,12,13
25/2/18-15:8:29,133,72,169,70,4,1,33.00,24.00,9,12,13
25/2/18-15:9:30,131,71,177,79,4,1,33.00,24.00,8,12,12
25/2/18-15:10:31,132,71,168,64,4,3,32.00,25.00,8,11,11
25/2/18-15:11:32,133,67,152,75,5,3,33.00,24.00,10,14,15
25/2/18-15:12:33,132,70,160,60,5,2,33.00,24.00,10,14,15
25/2/18-15:13:34,131,71,182,60,4,2,33.00,24.00,10,12,13
25/2/18-15:14:35,132,71,187,79,5,1,33.00,24.00,10,12,13
25/2/18-15:15:36,135,71,173,66,2,2,33.00,24.00,10,12,12
25/2/18-15:16:37,134,70,143,54,4,2,33.00,24.00,10,12,12
25/2/18-15:17:38,132,73,167,62,4,1,33.00,24.00,8,12,12
25/2/18-15:18:39,130,70,177,84,4,1,33.00,24.00,8,12,12
25/2/18-15:19:40,132,71,145,56,5,4,32.00,25.00,10,15,16
25/2/18-15:20:41,133,70,170,56,4,2,32.00,25.00,10,15,16
25/2/18-15:21:42,132,72,142,58,5,2,32.00,25.00,10,12,15
25/2/18-15:22:43,130,70,149,53,6,2,33.00,24.00,10,12,15
25/2/18-15:23:44,134,71,148,54,5,3,33.00,24.00,8,11,11
25/2/18-15:24:45,134,73,178,103,4,2,34.00,24.00,8,11,11
25/2/18-15:25:46,133,71,150,58,4,2,33.00,24.00,7,10,11
25/2/18-15:26:47,130,68,134,41,6,2,33.00,24.00,7,10,11
25/2/18-15:27:48,132,71,160,59,6,1,33.00,24.00,7,10,10
25/2/18-15:28:49,132,69,168,97,4,0,32.00,26.00,7,10,10
25/2/18-15:29:50,131,72,219,117,5,1,33.00,24.00,6,9,9
25/2/18-15:30:51,131,68,162,66,4,3,33.00,24.00,6,9,9
25/2/18-15:31:52,133,73,161,64,5,1,33.00,24.00,7,8,8
25/2/18-15:32:53,131,71,150,56,5,1,32.00,25.00,7,8,8
25/2/18-15:33:54,130,71,163,76,7,1,32.00,25.00,6,7,7
25/2/18-15:34:55,129,68,156,63,4,2,32.00,25.00,6,7,7
25/2/18-15:35:56,131,71,182,74,5,2,32.00,25.00,6,8,8
25/2/18-15:36:57,133,72,188,83,4,2,32.00,25.00,6,8,8
25/2/18-15:37:58,130,70,152,57,6,3,32.00,25.00,7,9,9
25/2/18-15:38:59,132,68,161,62,5,3,32.00,25.00,7,9,9
25/2/18-15:40:0,132,71,152,53,5,3,32.00,25.00,6,7,7
25/2/18-15:41:1,132,71,151,55,5,3,32.00,25.00,5,7,7
25/2/18-15:42:2,132,72,153,58,4,2,32.00,25.00,5,7,7
25/2/18-15:43:3,131,69,142,46,4,2,32.00,25.00,5,7,7
25/2/18-15:44:4,132,70,134,51,5,3,32.00,25.00,6,8,8
25/2/18-15:45:5,131,72,179,64,6,2,32.00,25.00,6,8,8
25/2/18-15:46:6,130,73,157,63,4,1,32.00,25.00,6,8,8
25/2/18-15:47:7,132,69,155,58,5,3,32.00,25.00,6,8,8
25/2/18-15:48:8,134,72,169,63,5,3,32.00,25.00,7,10,10
25/2/18-15:49:9,129,72,169,61,4,1,33.00,24.00,7,9,9
25/2/18-15:50:10,132,74,151,57,4,2,32.00,25.00,6,8,8
25/2/18-15:51:11,131,72,161,66,5,0,32.00,25.00,6,8,8
25/2/18-15:52:12,130,72,156,67,4,2,32.00,25.00,5,7,7
25/2/18-15:53:13,131,71,157,67,5,3,32.00,25.00,5,8,8
25/2/18-15:54:14,131,70,148,49,4,3,32.00,25.00,6,9,9
25/2/18-15:55:15,132,72,130,52,3,1,32.00,25.00,6,9,9
25/2/18-15:56:16,133,74,190,106,3,1,32.00,25.00,7,10,11
25/2/18-15:57:17,131,70,171,67,4,2,32.00,25.00,7,10,11
25/2/18-15:58:18,130,71,157,55,5,2,32.00,25.00,5,7,7
25/2/18-15:59:19,131,73,176,96,4,3,32.00,25.00,5,7,7
25/2/18-16:0:20,131,71,149,57,5,3,32.00,25.00,6,8,9
25/2/18-16:1:21,130,69,156,63,7,2,32.00,25.00,6,8,9
25/2/18-16:2:22,132,72,156,68,4,3,32.00,25.00,5,6,6
25/2/18-16:3:23,131,71,171,64,6,3,32.00,25.00,5,7,7
25/2/18-16:4:24,129,71,148,57,5,2,32.00,25.00,7,10,11
25/2/18-16:5:25,130,69,156,55,7,2,32.00,25.00,7,10,11
25/2/18-16:6:26,132,68,153,54,5,1,32.00,25.00,6,7,7
25/2/18-16:7:27,133,73,149,55,3,2,32.00,25.00,5,7,7
25/2/18-16:8:28,131,72,192,124,4,3,32.00,25.00,5,6,6
25/2/18-16:9:29,131,67,143,48,5,3,32.00,25.00,5,6,6
25/2/18-16:10:30,131,71,172,76,4,3,32.00,25.00,4,5,5
25/2/18-16:11:31,130,70,150,59,6,2,32.00,25.00,4,5,5
25/2/18-16:12:32,130,71,182,68,6,1,32.00,25.00,5,6,7
25/2/18-16:13:33,130,71,155,61,4,2,32.00,25.00,5,6,7
25/2/18-16:14:34,132,72,190,68,4,2,32.00,25.00,5,7,9
25/2/18-16:15:35,130,70,148,56,5,3,32.00,25.00,5,7,10
25/2/18-16:16:36,131,71,174,66,3,3,32.00,25.00,5,7,7
25/2/18-16:17:37,132,72,144,52,5,4,32.00,25.00,5,7,7
25/2/18-16:18:38,130,72,166,70,6,2,32.00,25.00,4,6,7
25/2/18-16:19:39,130,73,167,58,4,1,32.00,25.00,4,5,7
25/2/18-16:20:40,130,69,155,59,5,1,32.00,25.00,4,4,4
25/2/18-16:21:41,132,73,172,76,3,2,32.00,25.00,4,4,4
25/2/18-16:22:42,132,72,175,75,3,3,33.00,25.00,4,5,5
25/2/18-16:23:43,130,74,156,58,5,3,32.00,25.00,4,5,5
25/2/18-16:24:44,129,68,157,58,5,2,32.00,25.00,5,7,7
25/2/18-16:25:45,132,73,170,56,4,2,32.00,25.00,5,7,7
25/2/18-16:26:46,130,70,164,75,6,2,33.00,25.00,4,6,6
25/2/18-16:27:47,130,71,152,53,4,2,32.00,25.00,4,6,6
25/2/18-16:28:48,130,69,167,49,6,3,32.00,25.00,4,6,6
25/2/18-16:29:49,130,72,170,79,5,4,32.00,25.00,4,6,6
25/2/18-16:30:50,131,72,156,75,5,2,33.00,25.00,4,5,5
25/2/18-16:31:51,131,71,153,59,5,3,32.00,25.00,4,5,5
25/2/18-16:32:52,128,67,153,68,5,3,32.00,25.00,4,5,6
25/2/18-16:33:53,130,72,186,76,4,1,31.00,25.00,4,5,6
25/2/18-16:34:54,131,71,155,69,5,1,32.00,26.00,4,5,5
25/2/18-16:35:55,130,71,172,61,4,0,32.00,25.00,4,5,5
25/2/18-16:36:56,129,69,132,49,4,3,32.00,25.00,5,6,6
25/2/18-16:37:57,130,72,175,78,4,1,31.00,25.00,5,6,6
25/2/18-16:38:58,131,72,180,74,4,0,32.00,25.00,4,5,5
25/2/18-16:39:59,130,72,157,54,5,3,32.00,25.00,4,6,6
25/2/18-16:41:0,128,69,175,63,6,1,32.00,25.00,3,4,4
25/2/18-16:42:1,130,73,161,64,4,0,31.00,26.00,4,5,5
25/2/18-16:43:2,132,72,143,55,5,3,32.00,25.00,3,4,4
25/2/18-16:44:3,129,70,162,62,5,3,32.00,25.00,2,3,3
25/2/18-16:45:4,129,68,171,67,4,3,32.00,25.00,3,3,4
25/2/18-16:46:5,130,70,153,58,4,1,32.00,25.00,3,3,4
25/2/18-16:47:6,131,71,155,54,5,3,32.00,25.00,3,4,5
25/2/18-16:48:7,130,71,156,95,5,2,32.00,25.00,4,4,6
25/2/18-16:49:8,128,68,129,49,6,3,32.00,25.00,3,4,4
25/2/18-16:50:9,131,71,159,61,4,1,33.00,23.00,3,4,4
25/2/18-16:51:10,131,72,154,82,5,3,32.00,25.00,4,5,5
25/2/18-16:52:11,129,71,152,71,5,2,32.00,25.00,4,5,5
25/2/18-16:53:12,129,67,142,58,4,3,32.00,25.00,4,5,5
25/2/18-16:54:13,131,72,167,57,3,3,32.00,25.00,4,5,5
25/2/18-16:55:14,130,69,158,58,5,3,32.00,25.00,2,3,3
25/2/18-16:56:15,129,72,157,63,4,3,32.00,25.00,2,2,2
25/2/18-16:57:16,128,68,147,49,6,5,32.00,25.00,3,4,4
25/2/18-16:58:17,130,71,150,56,5,1,32.00,25.00,3,4,4
25/2/18-16:59:17,130,71,156,58,4,2,32.00,25.00,2,3,5
25/2/18-17:0:18,128,72,215,155,4,1,32.00,25.00,3,3,5
25/2/18-17:1:19,130,69,128,42,6,3,32.00,26.00,2,3,3
25/2/18-17:2:20,129,72,175,68,5,1,32.00,26.00,2,3,3
25/2/18-17:3:21,130,72,225,104,5,3,32.00,26.00,2,4,4
25/2/18-17:4:22,129,70,153,64,6,3,32.00,26.00,3,5,5
25/2/18-17:5:23,128,68,192,81,7,3,32.00,25.00,3,4,4
25/2/18-17:6:24,129,70,163,62,4,3,32.00,25.00,3,4,4
25/2/18-17:7:25,130,71,148,60,4,1,32.00,26.00,2,3,3
25/2/18-17:8:26,130,71,185,63,4,2,32.00,25.00,2,3,3
25/2/18-17:9:27,129,68,179,86,5,2,32.00,25.00,3,5,5
25/2/18-17:10:28,130,73,173,68,4,3,32.00,25.00,3,5,5
25/2/18-17:11:29,130,71,161,58,4,3,32.00,25.00,3,4,4
25/2/18-17:12:30,130,71,167,55,5,3,32.00,25.00,3,4,4
25/2/18-17:13:31,128,69,158,53,6,4,32.00,26.00,3,4,4
25/2/18-17:14:32,130,70,152,56,7,2,32.00,26.00,3,4,4
25/2/18-17:15:33,130,70,150,58,5,1,32.00,25.00,3,6,6
25/2/18-17:16:34,130,71,167,71,5,3,32.00,25.00,3,6,6
25/2/18-17:17:35,129,68,141,46,4,3,32.00,25.00,3,4,4
25/2/18-17:18:36,130,70,180,59,6,1,32.00,25.00,3,4,4
25/2/18-17:19:37,129,71,183,91,6,1,32.00,25.00,3,3,3
25/2/18-17:20:38,128,70,154,65,5,2,32.00,25.00,3,4,4
25/2/18-17:21:39,130,68,137,49,5,3,32.00,25.00,3,4,4
25/2/18-17:22:40,130,71,166,58,3,2,32.00,25.00,3,4,4
25/2/18-17:23:41,129,72,176,65,4,1,32.00,25.00,3,5,5
25/2/18-17:24:42,129,73,146,57,4,1,32.00,25.00,3,5,5
25/2/18-17:25:43,128,68,155,50,6,4,32.00,26.00,3,4,4
25/2/18-17:26:44,130,73,147,57,4,4,32.00,26.00,2,3,3
25/2/18-17:27:45,131,71,189,85,5,3,32.00,25.00,3,5,5
25/2/18-17:28:46,129,71,152,55,5,3,32.00,26.00,3,5,5
25/2/18-17:29:47,129,69,145,49,5,3,32.00,26.00,4,6,6
25/2/18-17:30:48,130,71,170,88,5,3,32.00,26.00,4,6,6
25/2/18-17:31:49,129,71,189,84,6,3,32.00,26.00,4,5,5
25/2/18-17:32:50,129,73,167,71,4,0,32.00,25.00,4,5,5
25/2/18-17:33:51,130,68,168,76,7,3,32.00,26.00,4,6,6
25/2/18-17:34:52,129,71,133,52,5,3,32.00,26.00,4,6,6
25/2/18-17:35:53,130,73,152,54,5,3,32.00,26.00,3,4,4
25/2/18-17:36:54,128,71,162,68,6,4,32.00,26.00,3,4,4
25/2/18-17:37:55,129,69,142,48,4,3,32.00,26.00,4,5,5
25/2/18-17:38:56,129,72,192,66,4,3,32.00,26.00,3,4,4
25/2/18-17:39:57,129,72,174,56,4,2,32.00,26.00,4,6,6
25/2/18-17:40:58,127,71,187,75,4,0,32.00,26.00,4,6,6
25/2/18-17:41:59,127,70,150,45,4,2,32.00,26.00,4,5,7
25/2/18-17:43:0,129,72,167,88,5,2,32.00,26.00,4,5,7
25/2/18-17:44:1,127,71,154,57,4,3,32.00,26.00,4,4,4
25/2/18-17:45:2,128,70,156,69,6,3,32.00,26.00,3,3,3
25/2/18-17:46:3,126,68,156,59,5,4,32.00,26.00,3,4,4
25/2/18-17:47:4,128,73,161,80,4,1,32.00,26.00,3,4,4
25/2/18-17:48:5,126,72,152,62,4,3,32.00,26.00,4,5,5
25/2/18-17:49:6,129,71,153,68,5,2,32.00,26.00,4,5,5
25/2/18-17:50:7,127,65,154,58,3,1,32.00,26.00,4,5,5
25/2/18-17:51:8,128,70,143,55,5,3,32.00,26.00,4,5,5
25/2/18-17:52:9,126,71,163,64,5,2,32.00,26.00,4,5,5
25/2/18-17:53:10,127,72,144,54,4,2,32.00,26.00,4,5,5
25/2/18-17:54:11,125,69,158,63,6,2,32.00,26.00,3,4,5
25/2/18-17:55:12,127,70,186,74,5,3,32.00,26.00,3,4,5
25/2/18-17:56:13,127,72,181,73,6,2,32.00,26.00,4,4,4
25/2/18-17:57:14,125,71,172,92,8,4,32.00,26.00,4,4,4
25/2/18-17:58:15,124,68,137,47,5,4,32.00,26.00,2,3,3
25/2/18-17:59:16,125,71,139,55,4,1,32.00,26.00,2,3,3
25/2/18-18:0:17,126,72,170,59,5,3,32.00,26.00,2,3,3
25/2/18-18:1:18,126,73,192,101,6,1,31.00,27.00,2,3,3
25/2/18-18:2:19,126,69,145,49,6,3,32.00,26.00,1,2,2
25/2/18-18:3:20,126,72,184,83,6,3,31.00,27.00,1,2,2
25/2/18-18:4:21,127,72,151,63,4,0,31.00,27.00,2,3,3
25/2/18-18:5:22,125,71,142,57,6,3,32.00,26.00,2,3,3
25/2/18-18:6:23,125,69,153,48,5,2,32.00,26.00,3,4,4
25/2/18-18:7:24,127,72,145,53,3,0,32.00,26.00,3,4,4
25/2/18-18:8:25,127,71,172,60,3,2,32.00,26.00,4,4,4
25/2/18-18:9:26,127,72,155,58,5,3,32.00,26.00,3,4,4
25/2/18-18:10:27,126,70,179,93,4,2,32.00,26.00,3,4,4
25/2/18-18:11:28,126,73,197,77,4,3,32.00,26.00,3,4,4
25/2/18-18:12:29,126,71,176,64,7,3,32.00,26.00,2,3,3
25/2/18-18:13:30,125,72,151,61,4,1,32.00,26.00,2,3,3
25/2/18-18:14:31,125,69,179,84,5,2,32.00,26.00,4,6,7
25/2/18-18:15:32,125,72,178,57,5,3,32.00,26.00,4,6,7
25/2/18-18:16:33,127,72,196,80,6,3,32.00,26.00,3,4,5
25/2/18-18:17:34,125,72,224,77,7,4,32.00,26.00,3,4,7
25/2/18-18:18:35,127,69,169,63,6,3,32.00,26.00,4,6,7
25/2/18-18:19:36,127,72,155,59,5,2,32.00,26.00,4,6,7
25/2/18-18:20:37,125,72,170,58,4,1,32.00,26.00,4,7,7
25/2/18-18:21:38,125,70,144,52,5,3,32.00,26.00,4,7,7
25/2/18-18:22:39,127,71,149,45,3,1,32.00,26.00,4,6,8
25/2/18-18:23:40,128,73,185,68,4,2,32.00,26.00,4,6,8
25/2/18-18:24:41,127,68,176,64,4,2,32.00,26.00,3,4,4
25/2/18-18:25:42,127,71,156,62,5,1,32.00,26.00,3,4,4
25/2/18-18:26:43,126,68,173,72,6,4,32.00,26.00,3,4,4
25/2/18-18:27:44,127,70,160,72,5,3,32.00,26.00,3,4,4
25/2/18-18:28:45,127,71,175,62,4,1,32.00,26.00,3,4,4
25/2/18-18:29:46,126,70,143,54,5,3,32.00,26.00,3,4,4
25/2/18-18:30:47,126,69,142,48,3,2,32.00,26.00,3,3,5
25/2/18-18:31:48,125,72,179,73,5,1,32.00,26.00,3,3,5
25/2/18-18:32:49,127,73,166,58,4,1,32.00,26.00,3,3,3
25/2/18-18:33:50,127,71,155,57,6,2,32.00,26.00,3,3,3
25/2/18-18:34:51,127,70,161,52,6,4,32.00,26.00,3,5,5
25/2/18-18:35:52,128,70,167,61,5,3,32.00,26.00,3,5,5
25/2/18-18:36:53,127,71,177,62,3,1,32.00,26.00,3,3,3
25/2/18-18:37:54,126,72,153,55,4,1,32.00,26.00,3,3,3
25/2/18-18:38:55,127,72,201,75,4,3,32.00,26.00,4,7,8
25/2/18-18:39:56,127,72,147,56,6,4,32.00,26.00,4,7,8
25/2/18-18:40:57,126,69,170,65,6,2,32.00,26.00,3,4,4
25/2/18-18:41:58,125,69,155,47,5,2,32.00,26.00,3,4,4
25/2/18-18:42:59,126,70,181,66,5,2,32.00,26.00,4,6,6
25/2/18-18:44:0,128,73,186,82,4,2,32.00,26.00,4,6,6
25/2/18-18:45:1,126,73,163,70,4,1,32.00,26.00,3,4,4
25/2/18-18:46:2,126,69,178,87,4,3,32.00,26.00,3,4,4
25/2/18-18:47:3,130,73,161,62,4,2,31.00,26.00,3,4,4
25/2/18-18:48:4,128,75,160,58,4,1,32.00,26.00,3,4,4
25/2/18-18:49:5,127,72,156,58,5,2,32.00,26.00,3,5,5
25/2/18-18:50:6,127,69,160,56,4,3,32.00,26.00,3,5,5
25/2/18-18:51:7,127,72,154,62,7,2,31.00,26.00,5,6,7
25/2/18-18:52:8,127,71,190,68,7,3,32.00,26.00,5,6,7
25/2/18-18:53:9,128,71,171,60,6,3,32.00,26.00,4,6,6
25/2/18-18:54:10,127,71,146,54,5,3,32.00,26.00,4,6,6
25/2/18-18:55:11,128,72,170,68,6,3,31.00,26.00,3,3,3
25/2/18-18:56:12,129,72,162,56,5,3,34.00,26.00,3,3,3
25/2/18-18:57:13,128,73,172,72,4,2,32.00,26.00,3,4,4
25/2/18-18:58:14,127,71,163,61,4,2,32.00,26.00,3,4,4
25/2/18-18:59:15,129,72,154,55,5,3,32.00,26.00,3,4,6
25/2/18-19:0:16,129,72,162,59,4,2,33.00,26.00,3,4,6
25/2/18-19:1:17,125,68,151,54,6,4,32.00,26.00,4,6,6
25/2/18-19:2:18,126,73,160,77,5,1,32.00,26.00,4,6,6
25/2/18-19:3:19,128,71,155,58,5,3,32.00,26.00,3,5,6
25/2/18-19:4:20,127,72,152,61,6,1,32.00,26.00,3,5,6
25/2/18-19:5:21,127,71,158,64,6,2,32.00,26.00,4,5,5
25/2/18-19:6:22,128,71,189,80,4,1,32.00,26.00,4,5,5
25/2/18-19:7:23,128,71,153,56,4,1,32.00,26.00,3,6,6
25/2/18-19:8:24,129,73,167,59,4,1,32.00,26.00,4,5,5
25/2/18-19:9:25,126,71,173,60,4,1,32.00,26.00,3,3,3
25/2/18-19:10:26,127,67,146,53,4,3,32.00,26.00,3,3,3
25/2/18-19:11:27,129,71,171,58,5,2,32.00,26.00,2,4,6
25/2/18-19:12:28,128,70,162,69,4,2,32.00,26.00,2,4,4
25/2/18-19:13:29,127,71,154,67,4,1,32.00,26.00,3,4,4
25/2/18-19:14:30,127,66,151,52,5,2,32.00,26.00,3,4,4
25/2/18-19:15:31,129,71,173,61,3,1,32.00,25.00,3,4,4
25/2/18-19:16:32,128,70,152,59,6,4,32.00,25.00,3,4,4
25/2/18-19:17:33,127,72,150,58,5,2,32.00,25.00,3,4,4
25/2/18-19:18:34,126,68,166,75,5,4,32.00,25.00,3,4,4
25/2/18-19:19:35,128,71,172,62,5,1,32.00,25.00,4,5,6
25/2/18-19:20:36,128,72,151,56,5,3,32.00,25.00,4,5,6
25/2/18-19:21:37,128,70,167,61,6,3,32.00,25.00,4,5,5
25/2/18-19:22:38,128,68,148,48,7,2,32.00,25.00,4,5,5
25/2/18-19:23:39,128,70,163,56,5,2,32.00,25.00,3,4,4
25/2/18-19:24:40,129,72,144,51,4,3,32.00,25.00,3,4,4
25/2/18-19:25:41,126,70,154,58,7,2,32.00,25.00,3,4,5
25/2/18-19:26:42,129,69,150,56,5,3,32.00,25.00,3,4,5
25/2/18-19:27:43,130,71,157,65,4,2,32.00,25.00,4,6,6
25/2/18-19:28:44,130,71,151,56,4,1,32.00,25.00,4,6,6
25/2/18-19:29:45,128,72,182,82,5,3,32.00,25.00,4,5,5
25/2/18-19:30:46,130,71,145,53,5,3,32.00,25.00,4,5,5
25/2/18-19:31:47,130,70,151,67,4,2,32.00,25.00,4,4,4
25/2/18-19:32:48,129,70,160,62,5,3,32.00,25.00,3,4,4
25/2/18-19:33:49,129,70,154,56,4,3,33.00,24.00,4,6,6
25/2/18-19:34:50,129,73,158,58,6,1,32.00,25.00,4,6,6
25/2/18-19:35:51,132,71,140,55,5,2,33.00,24.00,3,5,5
25/2/18-19:36:52,129,70,145,56,7,4,33.00,24.00,4,5,5
25/2/18-19:37:53,129,69,164,61,6,4,33.00,24.00,3,4,5
25/2/18-19:38:54,131,72,156,56,5,3,33.00,24.00,3,4,5
25/2/18-19:39:55,131,72,155,59,6,2,33.00,24.00,4,5,5
25/2/18-19:40:56,131,71,146,58,6,3,33.00,24.00,4,5,5
25/2/18-19:41:57,130,69,157,50,4,2,33.00,24.00,5,6,8
25/2/18-19:42:58,130,70,159,59,6,3,33.00,24.00,5,6,8
25/2/18-19:43:59,131,72,165,66,4,1,34.00,24.00,5,7,7
25/2/18-19:45:0,131,71,154,58,5,3,33.00,23.00,5,7,7
25/2/18-19:46:1,129,67,165,49,6,3,33.00,24.00,4,5,5
25/2/18-19:47:2,130,71,155,62,4,1,33.00,24.00,4,5,5
25/2/18-19:48:3,131,71,151,55,6,3,34.00,23.00,5,6,6
25/2/18-19:49:4,131,73,155,55,4,0,33.00,24.00,5,5,5
25/2/18-19:50:5,129,70,146,49,5,3,33.00,24.00,5,8,8
25/2/18-19:51:6,132,72,152,57,4,1,33.00,24.00,5,8,8
25/2/18-19:52:7,131,70,148,55,5,3,35.00,23.00,5,6,6
25/2/18-19:53:8,131,70,160,65,6,1,33.00,24.00,5,6,6
25/2/18-19:54:9,130,68,150,49,6,4,33.00,24.00,4,6,7
25/2/18-19:55:10,131,72,164,76,4,1,32.00,24.00,4,6,7
25/2/18-19:56:11,132,71,176,67,6,0,33.00,23.00,5,6,6
25/2/18-19:57:12,131,70,151,55,4,2,33.00,24.00,4,5,5
25/2/18-19:58:13,129,68,137,46,6,2,33.00,24.00,4,7,7
25/2/18-19:59:14,131,71,158,64,5,1,32.00,24.00,4,7,7
25/2/18-20:0:15,132,73,162,66,5,3,33.00,23.00,4,5,5
25/2/18-20:1:16,131,71,152,59,5,1,33.00,24.00,4,5,6
25/2/18-20:2:17,131,69,148,51,4,4,33.00,23.00,4,6,6
25/2/18-20:3:18,132,71,164,69,4,1,33.00,23.00,4,6,6
25/2/18-20:4:19,131,71,165,65,4,1,33.00,24.00,2,4,4
25/2/18-20:5:20,130,70,159,66,7,1,33.00,24.00,2,4,4
25/2/18-20:6:21,131,69,137,47,4,1,33.00,24.00,4,6,6
25/2/18-20:7:22,131,70,176,79,6,2,33.00,23.00,4,6,6
25/2/18-20:8:23,133,71,163,58,7,4,33.00,23.00,4,5,5
25/2/18-20:9:24,132,70,157,57,6,3,33.00,24.00,4,5,5
25/2/18-20:10:25,132,67,149,62,6,5,33.00,23.00,4,6,6
25/2/18-20:11:26,133,70,172,69,6,3,33.00,23.00,4,6,6
25/2/18-20:12:27,132,71,191,84,5,0,33.00,24.00,4,6,6
25/2/18-20:13:28,132,71,171,61,4,3,33.00,23.00,3,5,5
25/2/18-20:14:29,132,69,150,51,6,3,33.00,23.00,5,6,6
25/2/18-20:15:30,133,70,169,60,4,1,33.00,23.00,5,6,6
25/2/18-20:16:31,133,70,158,61,6,3,33.00,23.00,5,6,8
25/2/18-20:17:32,132,70,170,65,6,1,33.00,23.00,5,6,8
25/2/18-20:18:33,130,66,158,53,6,2,33.00,23.00,4,6,6
25/2/18-20:19:34,133,71,170,58,5,3,33.00,23.00,4,6,6
25/2/18-20:20:35,131,70,175,69,5,1,33.00,23.00,5,6,6
25/2/18-20:21:36,132,71,159,58,5,4,33.00,23.00,5,6,6
25/2/18-20:22:37,133,68,175,56,5,3,33.00,23.00,4,7,7
25/2/18-20:23:38,135,69,166,56,5,3,33.00,23.00,4,7,7
25/2/18-20:24:39,131,69,158,59,6,3,33.00,23.00,5,7,8
25/2/18-20:25:40,134,71,165,62,6,3,33.00,23.00,4,5,6
25/2/18-20:26:41,134,70,162,61,4,2,33.00,23.00,5,7,9
25/2/18-20:27:42,133,75,155,60,5,1,33.00,23.00,5,7,9
25/2/18-20:28:43,133,72,159,60,5,3,33.00,23.00,5,6,6
25/2/18-20:29:44,131,67,153,51,5,3,33.00,23.00,5,6,6
25/2/18-20:30:45,133,71,166,63,4,1,33.00,23.00,5,7,8
25/2/18-20:31:46,133,71,155,59,5,1,33.00,23.00,5,7,8
25/2/18-20:32:47,134,73,161,63,5,2,33.00,23.00,5,7,7
25/2/18-20:33:48,135,71,150,50,3,2,33.00,23.00,5,7,7
25/2/18-20:34:49,134,71,164,61,5,1,33.00,23.00,6,10,13
25/2/18-20:35:50,134,73,164,59,4,0,34.00,23.00,5,10,13
25/2/18-20:36:51,133,69,163,56,4,2,33.00,23.00,6,8,8
25/2/18-20:37:52,134,71,192,103,8,2,33.00,23.00,6,8,8
25/2/18-20:38:53,133,73,175,66,5,2,33.00,23.00,6,8,10
25/2/18-20:39:54,133,70,167,53,5,3,33.00,23.00,6,8,10
25/2/18-20:40:55,134,71,168,73,7,2,33.00,23.00,5,8,12
25/2/18-20:41:56,133,71,179,63,6,1,33.00,23.00,5,8,12
25/2/18-20:42:57,133,71,174,72,5,3,33.00,23.00,6,8,9
25/2/18-20:43:58,132,68,158,55,9,2,34.00,22.00,6,8,9
25/2/18-20:44:59,135,72,171,64,5,2,34.00,22.00,6,9,9
25/2/18-20:46:0,136,71,169,62,7,3,34.00,22.00,5,8,8
25/2/18-20:47:1,135,73,166,64,5,2,33.00,23.00,6,9,10
25/2/18-20:48:2,134,71,163,54,4,0,34.00,22.00,6,9,10
25/2/18-20:49:3,134,70,171,57,5,1,34.00,22.00,7,9,9
25/2/18-20:50:4,134,72,177,64,6,1,34.00,22.00,7,10,10
25/2/18-20:51:5,133,72,169,68,7,2,34.00,22.00,7,9,9
25/2/18-20:52:6,135,69,163,49,6,4,35.00,22.00,7,9,9
25/2/18-20:53:7,135,72,171,61,6,3,34.00,22.00,6,9,9
25/2/18-20:54:8,135,72,168,61,7,4,34.00,22.00,5,7,7
25/2/18-20:55:9,134,72,169,70,7,3,35.00,22.00,6,8,8
25/2/18-20:56:10,136,70,167,51,7,4,34.00,23.00,5,7,7
25/2/18-20:57:10,134,71,173,73,6,3,34.00,22.00,7,11,12
25/2/18-20:58:11,135,72,162,58,6,0,35.00,22.00,7,10,12
25/2/18-20:59:12,134,70,169,58,7,2,35.00,22.00,7,10,10
25/2/18-21:0:13,134,71,178,73,6,1,35.00,22.00,7,10,10
25/2/18-21:1:14,134,72,180,61,7,3,35.00,22.00,7,9,11
25/2/18-21:2:15,135,74,173,62,6,1,34.00,22.00,7,9,11
25/2/18-21:3:16,135,69,177,59,8,3,34.00,22.00,7,10,10
25/2/18-21:4:17,137,73,180,68,4,1,34.00,22.00,7,10,10
25/2/18-21:5:18,134,72,181,67,5,2,35.00,22.00,7,10,14
25/2/18-21:6:19,135,71,185,80,5,1,35.00,22.00,8,10,14
25/2/18-21:7:20,136,69,161,53,6,3,35.00,22.00,7,11,11
25/2/18-21:8:21,135,72,176,61,6,0,34.00,22.00,7,11,11
25/2/18-21:9:22,135,71,166,58,9,2,36.00,22.00,8,13,13
25/2/18-21:10:23,135,71,166,62,6,1,35.00,22.00,9,13,13
25/2/18-21:11:24,134,69,152,50,5,2,35.00,22.00,8,11,15
25/2/18-21:12:25,136,73,165,60,6,2,33.00,22.00,8,11,15
25/2/18-21:13:26,136,72,163,56,5,0,35.00,22.00,8,11,13
25/2/18-21:14:27,134,71,178,75,6,1,34.00,22.00,7,11,12
25/2/18-21:15:28,136,68,172,55,7,3,35.00,22.00,10,13,13
25/2/18-21:16:29,136,72,178,64,9,3,34.00,22.00,10,13,13
25/2/18-21:17:30,137,72,187,71,7,3,35.00,22.00,9,13,13
25/2/18-21:18:31,137,71,166,61,9,2,35.00,22.00,9,12,13
25/2/18-21:19:32,137,68,160,55,7,2,35.00,22.00,12,15,16
25/2/18-21:20:33,135,72,181,70,8,1,35.00,22.00,12,15,16
25/2/18-21:21:34,134,71,186,68,9,1,35.00,22.00,9,12,13
25/2/18-21:22:35,135,70,170,59,7,2,34.00,22.00,9,12,13
25/2/18-21:23:36,137,73,176,61,7,3,34.00,22.00,9,14,15
25/2/18-21:24:37,136,73,171,68,8,0,34.00,22.00,10,14,14
25/2/18-21:25:38,134,70,192,79,10,2,34.00,22.00,9,13,13
25/2/18-21:26:39,134,70,166,55,7,2,34.00,22.00,9,13,13
25/2/18-21:27:40,137,72,186,70,9,3,34.00,22.00,9,13,13
25/2/18-21:28:41,136,72,183,68,7,2,34.00,22.00,9,13,13
25/2/18-21:29:42,135,72,175,64,7,3,34.00,22.00,10,12,12
25/2/18-21:30:43,137,72,164,59,6,3,34.00,22.00,10,12,12
25/2/18-21:31:44,135,71,182,64,6,2,35.00,22.00,11,14,18
25/2/18-21:32:45,136,71,187,71,7,3,34.00,22.00,11,14,17
25/2/18-21:33:46,134,69,174,63,7,2,34.00,22.00,10,14,14
25/2/18-21:34:47,136,71,182,70,7,2,35.00,22.00,10,14,14
25/2/18-21:35:48,137,71,188,70,7,3,34.00,22.00,10,14,18
25/2/18-21:36:49,136,73,178,81,7,3,35.00,22.00,10,14,18
25/2/18-21:37:50,136,69,182,70,8,2,35.00,22.00,9,15,16
25/2/18-21:38:51,136,70,168,59,8,3,34.00,22.00,9,15,16
25/2/18-21:39:52,137,70,169,59,6,3,35.00,22.00,9,15,16
25/2/18-21:40:53,136,73,184,93,7,3,34.00,22.00,10,14,17
25/2/18-21:41:54,137,73,171,57,6,2,35.00,22.00,8,10,11
25/2/18-21:42:55,137,70,168,60,8,3,34.00,22.00,10,15,15
25/2/18-21:43:56,136,72,191,68,6,2,35.00,22.00,9,14,14
25/2/18-21:44:57,134,69,168,56,6,2,34.00,22.00,9,15,16
25/2/18-21:45:58,139,71,177,75,7,3,34.00,21.00,9,15,16
25/2/18-21:46:59,137,73,170,57,7,3,35.00,22.00,8,11,11
25/2/18-21:48:0,137,72,170,63,6,3,35.00,22.00,8,11,11
25/2/18-21:49:1,136,68,191,88,7,5,35.00,22.00,6,9,9
25/2/18-21:50:2,136,72,191,66,6,3,34.00,22.00,6,9,9
25/2/18-21:51:3,136,71,173,59,7,1,35.00,21.00,7,9,11
25/2/18-21:52:4,135,69,159,51,8,2,35.00,22.00,7,9,11
25/2/18-21:53:5,136,72,170,61,8,1,35.00,22.00,8,12,12
25/2/18-21:54:6,136,71,175,71,7,1,35.00,22.00,8,12,12
25/2/18-21:55:7,137,70,180,64,6,1,35.00,22.00,10,13,13
25/2/18-21:56:8,139,72,168,57,6,2,34.00,22.00,10,13,13
25/2/18-21:57:9,137,73,177,62,7,3,35.00,22.00,8,11,11
25/2/18-21:58:10,138,73,164,57,6,3,35.00,22.00,8,11,11
25/2/18-21:59:11,136,70,174,79,6,2,35.00,22.00,9,12,14
25/2/18-22:0:12,136,71,171,67,7,2,34.00,22.00,9,12,14
25/2/18-22:1:13,137,72,174,63,7,3,34.00,22.00,7,11,12
25/2/18-22:2:14,136,69,164,52,5,3,35.00,21.00,7,11,12
25/2/18-22:3:15,137,71,176,74,5,0,34.00,22.00,7,10,10
25/2/18-22:4:16,137,71,170,58,5,3,34.00,22.00,7,10,10
25/2/18-22:5:17,137,72,174,60,4,0,34.00,22.00,8,12,12
25/2/18-22:6:18,136,68,172,59,7,3,34.00,22.00,8,12,12
25/2/18-22:7:19,138,71,173,64,8,2,35.00,21.00,9,13,15
25/2/18-22:8:20,136,71,190,68,7,4,35.00,22.00,9,13,15
25/2/18-22:9:21,137,68,166,49,7,4,35.00,22.00,9,13,13
25/2/18-22:10:22,138,72,172,64,8,3,33.00,22.00,8,12,12
25/2/18-22:11:23,136,71,177,67,8,1,35.00,22.00,9,14,18
25/2/18-22:12:24,136,68,170,61,7,2,34.00,22.00,9,14,18
25/2/18-22:13:25,138,72,172,61,8,3,33.00,22.00,13,17,18
25/2/18-22:14:26,137,72,172,62,7,0,35.00,21.00,13,17,18
25/2/18-22:15:27,137,72,173,66,11,1,35.00,21.00,10,14,14
25/2/18-22:16:28,136,68,165,50,7,4,34.00,21.00,10,14,14
25/2/18-22:17:29,139,71,186,75,6,2,35.00,22.00,13,17,19
25/2/18-22:18:30,138,73,181,65,5,1,34.00,21.00,12,16,18
25/2/18-22:19:31,138,68,168,53,8,1,34.00,21.00,14,18,21
25/2/18-22:20:32,136,70,179,63,9,2,35.00,22.00,14,18,21
25/2/18-22:21:33,137,72,183,73,6,2,34.00,21.00,14,20,23
25/2/18-22:22:34,139,72,181,65,7,1,34.00,22.00,14,20,23
25/2/18-22:23:35,139,73,190,95,8,3,35.00,21.00,12,17,18
25/2/18-22:24:36,136,71,179,73,7,1,35.00,21.00,13,18,18
25/2/18-22:25:37,138,71,195,75,7,2,35.00,21.00,16,24,29
25/2/18-22:26:38,137,70,164,55,8,3,35.00,21.00,16,24,29
25/2/18-22:27:39,136,69,181,61,8,2,34.00,22.00,18,25,25
25/2/18-22:28:40,137,70,165,53,8,3,34.00,21.00,18,25,25
25/2/18-22:29:41,139,72,184,68,8,2,35.00,21.00,15,23,24
25/2/18-22:30:42,138,72,195,91,8,2,35.00,22.00,15,23,24
25/2/18-22:31:43,138,72,172,59,8,2,35.00,21.00,17,23,26
25/2/18-22:32:44,139,71,175,62,10,4,35.00,21.00,17,23,26
25/2/18-22:33:45,137,72,191,87,8,2,35.00,21.00,17,24,24
25/2/18-22:34:46,136,69,186,75,8,1,32.00,21.00,17,24,24
25/2/18-22:35:47,138,68,167,54,8,3,35.00,21.00,14,21,23
25/2/18-22:36:48,137,68,177,63,8,3,35.00,21.00,15,22,23
25/2/18-22:37:49,138,71,182,73,8,0,34.00,21.00,15,22,22
25/2/18-22:38:50,138,73,176,64,8,3,35.00,22.00,15,22,22
25/2/18-22:39:51,139,73,177,62,8,3,35.00,21.00,14,20,24
25/2/18-22:40:52,138,72,183,65,8,3,35.00,21.00,13,19,23
25/2/18-22:41:53,138,69,183,54,7,1,35.00,21.00,13,20,24
25/2/18-22:42:54,139,73,173,63,6,1,34.00,21.00,13,20,24
25/2/18-22:43:55,138,71,176,63,8,3,35.00,21.00,13,20,21
25/2/18-22:44:56,138,71,175,58,8,3,35.00,21.00,13,22,23
25/2/18-22:45:57,138,71,179,67,7,2,35.00,21.00,13,19,20
25/2/18-22:46:58,137,67,177,61,8,4,35.00,21.00,13,19,20
25/2/18-22:47:59,139,69,171,63,10,2,35.00,21.00,14,20,22
25/2/18-22:49:0,138,71,186,62,8,3,35.00,21.00,14,20,22
25/2/18-22:50:1,139,71,195,76,7,2,35.00,21.00,14,19,25
25/2/18-22:51:2,139,69,168,56,7,3,35.00,21.00,14,19,25
25/2/18-22:52:3,137,69,182,72,10,2,35.00,21.00,11,16,17
25/2/18-22:53:4,137,70,177,63,9,1,35.00,21.00,12,17,18
25/2/18-22:54:5,137,72,177,68,7,1,34.00,21.00,12,20,20
25/2/18-22:55:6,138,70,178,62,8,2,35.00,21.00,12,21,23
25/2/18-22:56:7,138,69,160,51,6,2,35.00,21.00,10,15,18
25/2/18-22:57:8,139,72,190,62,7,3,34.00,21.00,10,15,18
25/2/18-22:58:9,140,71,184,78,5,0,35.00,21.00,9,13,13
25/2/18-22:59:10,138,70,184,67,6,3,35.00,21.00,9,14,14
25/2/18-23:0:11,138,72,178,65,6,1,35.00,21.00,11,17,17
25/2/18-23:1:12,139,71,205,79,9,1,35.00,21.00,11,17,17
25/2/18-23:2:13,138,68,168,55,8,2,35.00,21.00,11,15,15
25/2/18-23:3:14,138,70,175,60,6,1,34.00,21.00,11,15,15
25/2/18-23:4:15,138,71,175,61,7,3,35.00,21.00,12,17,20
25/2/18-23:5:16,139,68,158,49,7,3,35.00,21.00,11,16,19
25/2/18-23:6:17,139,71,179,64,7,3,35.00,21.00,11,16,18
25/2/18-23:7:18,140,71,190,73,7,2,35.00,21.00,11,16,18
25/2/18-23:8:19,139,72,191,72,6,1,36.00,20.00,13,19,20
25/2/18-23:9:20,138,68,182,51,7,0,35.00,21.00,13,19,20
25/2/18-23:10:21,140,71,170,60,7,3,34.00,21.00,11,15,17
25/2/18-23:11:22,138,69,170,63,7,3,34.00,21.00,11,15,16
25/2/18-23:12:23,138,70,182,63,6,2,36.00,20.00,11,15,17
25/2/18-23:13:24,138,69,172,56,5,3,35.00,21.00,11,15,17
25/2/18-23:14:25,140,71,176,70,7,0,34.00,21.00,10,15,19
25/2/18-23:15:26,140,72,195,79,7,3,35.00,21.00,10,15,19
25/2/18-23:16:27,138,70,186,66,4,1,35.00,21.00,13,17,18
25/2/18-23:17:28,141,72,180,68,6,1,35.00,21.00,13,17,18
25/2/18-23:18:29,139,70,170,57,5,1,35.00,21.00,11,13,15
25/2/18-23:19:30,138,71,171,63,5,0,34.00,21.00,11,14,15
25/2/18-23:20:31,138,69,167,52,7,4,36.00,20.00,11,16,19
25/2/18-23:21:32,138,70,185,66,7,2,35.00,21.00,11,16,19
25/2/18-23:22:33,139,71,186,75,6,0,35.00,21.00,9,12,13
25/2/18-23:23:34,137,68,163,52,8,2,36.00,20.00,8,11,12
25/2/18-23:24:35,140,73,188,72,4,1,34.00,21.00,11,14,15
25/2/18-23:25:36,139,72,184,66,6,3,35.00,21.00,10,14,15
25/2/18-23:26:37,138,69,184,74,4,2,35.00,21.00,9,16,16
25/2/18-23:27:38,141,72,174,59,6,1,36.00,20.00,10,17,17
25/2/18-23:28:39,140,71,169,57,7,3,35.00,21.00,10,13,16
25/2/18-23:29:40,140,70,189,81,8,3,36.00,20.00,11,13,15
25/2/18-23:30:41,139,69,161,60,6,3,36.00,20.00,10,13,16
25/2/18-23:31:42,140,71,173,63,7,2,34.00,21.00,10,13,16
25/2/18-23:32:43,140,71,186,75,6,0,35.00,21.00,11,17,19
25/2/18-23:33:44,138,71,179,67,7,2,36.00,20.00,11,16,18
25/2/18-23:34:45,139,68,176,56,7,4,36.00,20.00,12,16,19
25/2/18-23:35:46,139,73,170,60,6,2,36.00,20.00,12,16,19
25/2/18-23:36:47,138,70,187,76,9,1,35.00,21.00,12,14,14
25/2/18-23:37:48,137,68,169,55,9,2,35.00,21.00,12,14,14
25/2/18-23:38:49,139,70,174,66,9,2,36.00,20.00,12,21,23
25/2/18-23:39:49,138,71,205,75,6,0,35.00,21.00,12,20,22
25/2/18-23:40:50,139,69,190,67,6,2,35.00,21.00,10,14,16
25/2/18-23:41:51,139,68,164,57,7,3,36.00,20.00,10,14,16
25/2/18-23:42:52,139,69,174,56,6,3,34.00,21.00,11,16,16
25/2/18-23:43:53,140,71,178,68,7,2,34.00,21.00,11,16,16
25/2/18-23:44:54,138,71,203,93,7,2,35.00,21.00,10,14,15
25/2/18-23:45:55,138,68,173,63,6,4,35.00,21.00,10,14,15
25/2/18-23:46:56,142,71,213,90,8,0,34.00,21.00,12,16,17
25/2/18-23:47:57,141,71,185,67,8,3,36.00,21.00,11,15,16
25/2/18-23:48:58,138,70,176,72,8,1,35.00,21.00,11,16,16
25/2/18-23:49:59,139,71,177,53,7,2,36.00,20.00,11,16,16
25/2/18-23:51:0,138,71,197,72,9,3,33.00,21.00,12,16,18
25/2/18-23:52:1,140,73,179,61,8,3,36.00,20.00,12,16,18
25/2/18-23:53:2,140,68,174,55,8,3,35.00,21.00,12,17,17
25/2/18-23:54:3,141,71,188,72,7,3,34.00,20.00,12,17,17
25/2/18-23:55:4,141,73,177,60,5,0,35.00,21.00,11,15,15
25/2/18-23:56:5,137,70,166,54,6,2,35.00,21.00,11,14,14
25/2/18-23:57:6,140,71,178,59,8,1,34.00,20.00,9,13,14
25/2/18-23:58:7,140,70,176,67,6,1,35.00,21.00,9,13,14
25/2/18-23:59:8,139,68,161,48,5,2,35.00,21.00,9,14,14
