Hora,O3,NO2,CO,Humedad,Temperatura,P25,P10
26/2/18-0:0:9,142,72,181,67,6,1,36.00,20.00,9,14,14
26/2/18-0:1:10,140,70,176,60,6,3,36.00,20.00,12,15,18
26/2/18-0:2:11,140,70,186,64,7,1,35.00,21.00,12,16,18
26/2/18-0:3:12,139,72,183,60,8,3,36.00,20.00,12,16,17
26/2/18-0:4:13,142,72,186,67,8,3,36.00,20.00,12,16,17
26/2/18-0:5:14,140,71,181,65,6,1,35.00,21.00,10,14,14
26/2/18-0:6:15,141,68,178,69,7,3,36.00,20.00,10,14,14
26/2/18-0:7:16,140,72,178,63,5,0,35.00,20.00,11,16,18
26/2/18-0:8:17,140,70,190,63,9,2,36.00,20.00,11,16,19
26/2/18-0:9:18,141,69,163,57,7,2,35.00,21.00,10,14,14
26/2/18-0:10:19,140,70,185,64,9,3,36.00,20.00,10,14,14
26/2/18-0:11:20,139,70,177,64,6,3,36.00,20.00,11,19,19
26/2/18-0:12:21,140,67,158,49,7,3,35.00,20.00,11,18,18
26/2/18-0:13:22,139,70,179,63,8,1,36.00,20.00,10,15,18
26/2/18-0:14:23,140,71,185,75,5,0,36.00,20.00,11,15,18
26/2/18-0:15:24,141,71,181,62,8,4,36.00,20.00,10,14,15
26/2/18-0:16:25,141,70,164,54,6,1,36.00,20.00,10,14,15
26/2/18-0:17:26,139,70,185,65,8,1,36.00,20.00,9,14,15
26/2/18-0:18:27,140,72,181,61,7,3,0.00,0.00,10,14,15
26/2/18-0:19:28,138,69,182,53,7,2,35.00,20.00,11,15,18
26/2/18-0:20:29,141,76,182,64,7,3,36.00,20.00,11,15,18
26/2/18-0:21:30,138,70,180,62,8,1,36.00,20.00,10,13,15
26/2/18-0:22:31,140,70,173,54,7,3,36.00,20.00,10,13,15
26/2/18-0:23:32,140,71,181,77,8,1,36.00,20.00,12,15,15
26/2/18-0:24:33,141,71,183,61,9,1,36.00,20.00,12,15,15
26/2/18-0:25:34,139,70,178,63,10,2,36.00,20.00,10,14,16
26/2/18-0:26:35,140,68,167,52,10,2,36.00,20.00,10,14,16
26/2/18-0:27:36,138,69,186,71,8,1,36.00,20.00,11,15,15
26/2/18-0:28:37,141,72,182,68,9,3,36.00,20.00,10,14,14
26/2/18-0:29:38,139,70,172,65,11,3,36.00,20.00,8,12,14
26/2/18-0:30:39,143,68,160,48,7,3,36.00,20.00,8,12,14
26/2/18-0:31:40,142,72,198,66,8,3,35.00,20.00,10,13,13
26/2/18-0:32:41,140,70,189,65,9,3,36.00,20.00,10,12,12
26/2/18-0:33:42,141,71,195,64,9,1,36.00,20.00,8,13,13
26/2/18-0:34:43,141,70,179,67,9,3,36.00,20.00,8,13,13
26/2/18-0:35:44,140,72,177,59,7,1,36.00,20.00,11,14,15
26/2/18-0:36:45,140,71,179,64,7,2,35.00,20.00,11,14,15
26/2/18-0:37:46,141,71,175,66,9,1,36.00,20.00,8,10,10
26/2/18-0:38:47,141,73,176,59,9,3,36.00,20.00,8,10,10
26/2/18-0:39:48,140,70,178,62,9,3,36.00,20.00,8,12,12
26/2/18-0:40:49,139,68,170,50,8,4,36.00,20.00,9,13,13
26/2/18-0:41:50,141,70,205,80,8,3,36.00,20.00,7,10,10
26/2/18-0:42:51,142,70,181,58,8,2,36.00,20.00,7,10,10
26/2/18-0:43:52,141,71,185,69,8,3,36.00,20.00,7,9,13
26/2/18-0:44:53,141,68,169,53,8,3,36.00,20.00,7,9,13
26/2/18-0:45:54,143,74,179,58,7,3,35.00,20.00,9,11,15
26/2/18-0:46:55,143,72,178,64,6,1,37.00,20.00,9,11,15
26/2/18-0:47:56,143,72,182,62,7,2,36.00,20.00,8,11,12
26/2/18-0:48:57,142,70,165,48,5,2,36.00,20.00,8,11,12
26/2/18-0:49:58,141,72,183,82,6,2,34.00,20.00,9,12,14
26/2/18-0:50:59,143,71,169,66,9,2,36.00,20.00,9,12,14
26/2/18-0:52:0,142,70,171,60,7,3,36.00,20.00,9,11,11
26/2/18-0:53:1,141,66,158,51,8,5,36.00,20.00,9,11,11
26/2/18-0:54:2,142,72,176,64,7,2,36.00,20.00,7,11,12
26/2/18-0:55:3,143,71,175,64,8,3,36.00,20.00,7,10,11
26/2/18-0:56:4,143,75,186,69,6,1,36.00,20.00,9,12,12
26/2/18-0:57:5,142,68,171,58,6,2,36.00,20.00,9,12,12
26/2/18-0:58:6,141,70,169,58,7,1,36.00,20.00,8,12,15
26/2/18-0:59:7,141,70,200,66,9,3,36.00,20.00,8,13,16
26/2/18-1:0:8,143,72,176,60,9,3,36.00,20.00,8,11,11
26/2/18-1:1:9,140,69,167,50,8,2,36.00,20.00,8,11,11
26/2/18-1:2:10,143,71,193,73,10,3,36.00,20.00,9,12,12
26/2/18-1:3:11,141,71,178,70,9,2,36.00,20.00,9,12,12
26/2/18-1:4:12,142,73,197,76,9,2,36.00,20.00,9,14,14
26/2/18-1:5:13,142,68,166,51,9,3,36.00,20.00,8,13,13
26/2/18-1:6:14,141,70,163,48,8,3,36.00,20.00,9,13,16
26/2/18-1:7:15,141,69,171,57,9,2,36.00,20.00,9,14,16
26/2/18-1:8:16,138,68,159,53,8,2,36.00,20.00,8,16,22
26/2/18-1:9:17,142,70,181,57,6,0,36.00,20.00,9,18,25
26/2/18-1:10:18,144,68,168,48,8,4,36.00,19.00,10,15,15
26/2/18-1:11:19,143,72,173,59,9,3,36.00,20.00,10,15,15
26/2/18-1:12:20,142,71,185,63,10,3,36.00,20.00,10,15,15
26/2/18-1:13:21,141,68,185,61,7,2,36.00,19.00,10,15,15
26/2/18-1:14:22,142,71,192,77,8,2,36.00,20.00,11,14,14
26/2/18-1:15:23,143,71,169,56,8,1,36.00,20.00,11,14,15
26/2/18-1:16:24,144,73,196,81,7,1,36.00,20.00,10,13,13
26/2/18-1:17:25,143,68,164,51,9,4,36.00,20.00,10,13,13
26/2/18-1:18:26,144,72,183,60,6,1,36.00,20.00,9,13,13
26/2/18-1:19:27,142,70,176,57,7,3,36.00,19.00,9,14,14
26/2/18-1:20:28,145,69,165,60,7,1,35.00,20.00,12,15,17
26/2/18-1:21:29,144,70,173,57,8,3,36.00,20.00,12,15,17
26/2/18-1:22:30,143,71,192,82,8,2,36.00,19.00,12,18,18
26/2/18-1:23:31,142,72,187,69,8,1,36.00,19.00,12,18,18
26/2/18-1:24:32,143,71,182,64,8,2,36.00,19.00,11,16,18
26/2/18-1:25:33,143,75,196,68,7,2,36.00,19.00,11,16,19
26/2/18-1:26:34,143,69,175,56,7,3,36.00,19.00,10,14,17
26/2/18-1:27:35,143,72,192,73,8,2,36.00,20.00,10,14,17
26/2/18-1:28:36,143,72,174,60,9,4,36.00,20.00,12,17,18
26/2/18-1:29:37,142,72,194,61,10,2,36.00,19.00,12,17,18
26/2/18-1:30:38,143,72,174,55,9,3,36.00,19.00,12,16,20
26/2/18-1:31:39,143,70,170,60,8,0,36.00,20.00,12,17,20
26/2/18-1:32:40,144,67,191,63,8,4,36.00,19.00,12,18,18
26/2/18-1:33:41,144,71,192,61,7,2,36.00,19.00,11,17,17
26/2/18-1:34:42,144,70,190,69,10,3,36.00,19.00,12,14,16
26/2/18-1:35:43,143,74,185,62,9,3,36.00,19.00,12,14,16
26/2/18-1:36:44,142,71,166,57,9,3,36.00,19.00,13,17,20
26/2/18-1:37:45,143,68,186,59,8,3,36.00,20.00,13,17,20
26/2/18-1:38:46,142,71,171,60,8,1,36.00,20.00,14,19,21
26/2/18-1:39:47,144,70,180,68,9,4,36.00,20.00,14,19,21
26/2/18-1:40:48,143,70,166,49,8,3,36.00,20.00,13,17,20
26/2/18-1:41:49,145,71,170,56,8,3,36.00,20.00,13,17,20
26/2/18-1:42:50,144,71,174,60,8,3,36.00,20.00,12,18,18
26/2/18-1:43:51,142,69,193,65,10,1,36.00,20.00,12,19,19
26/2/18-1:44:52,144,69,165,51,7,3,36.00,20.00,12,19,21
26/2/18-1:45:53,142,71,199,60,9,3,36.00,19.00,13,20,22
26/2/18-1:46:54,144,71,173,61,8,2,36.00,20.00,12,17,17
26/2/18-1:47:55,144,68,195,67,8,3,36.00,20.00,12,17,17
26/2/18-1:48:56,145,70,168,56,8,1,36.00,19.00,12,16,17
26/2/18-1:49:57,145,72,171,57,6,0,36.00,19.00,12,16,18
26/2/18-1:50:58,145,69,182,63,8,3,36.00,19.00,15,20,22
26/2/18-1:51:59,144,72,176,56,8,3,36.00,19.00,15,20,22
26/2/18-1:53:0,145,70,190,71,10,1,36.00,19.00,13,16,17
26/2/18-1:54:1,144,71,189,74,8,3,36.00,19.00,13,16,17
26/2/18-1:55:2,147,71,188,62,8,2,36.00,19.00,11,20,21
26/2/18-1:56:3,147,70,174,56,10,2,35.00,19.00,12,19,21
26/2/18-1:57:4,144,72,184,65,9,2,36.00,19.00,12,17,17
26/2/18-1:58:5,145,72,179,55,9,2,36.00,19.00,12,17,17
26/2/18-1:59:6,145,75,180,67,9,3,36.00,19.00,13,17,17
26/2/18-2:0:7,144,70,200,84,8,1,37.00,18.00,13,17,17
26/2/18-2:1:7,145,70,181,58,8,3,36.00,19.00,11,14,14
26/2/18-2:2:8,145,73,195,79,10,4,37.00,18.00,11,14,14
26/2/18-2:3:9,145,73,214,96,9,3,37.00,18.00,13,16,16
26/2/18-2:4:10,146,69,172,50,8,3,36.00,19.00,13,16,16
26/2/18-2:5:11,144,71,193,70,10,1,36.00,19.00,13,19,20
26/2/18-2:6:12,146,70,178,67,8,0,37.00,18.00,14,20,21
26/2/18-2:7:13,142,69,204,67,9,3,36.00,19.00,14,18,19
26/2/18-2:8:14,146,71,178,61,10,1,36.00,19.00,14,18,19
26/2/18-2:9:15,144,71,184,67,8,1,39.00,18.00,15,19,20
26/2/18-2:10:16,146,72,198,77,10,3,37.00,18.00,15,19,21
26/2/18-2:11:17,144,71,176,58,12,2,37.00,18.00,12,16,16
26/2/18-2:12:18,144,71,174,60,11,3,38.00,18.00,12,16,16
26/2/18-2:13:19,145,71,185,66,7,0,37.00,18.00,14,17,17
26/2/18-2:14:20,144,71,158,48,9,3,37.00,18.00,14,17,17
26/2/18-2:15:21,146,72,177,61,9,3,37.00,18.00,12,14,16
26/2/18-2:16:22,145,70,180,57,9,1,37.00,18.00,12,14,16
26/2/18-2:17:23,145,69,166,53,7,2,37.00,18.00,12,17,18
26/2/18-2:18:24,145,74,170,55,9,3,37.00,18.00,12,17,18
26/2/18-2:19:25,144,69,196,69,9,2,37.00,18.00,12,17,17
26/2/18-2:20:26,146,71,175,58,8,3,37.00,18.00,12,17,17
26/2/18-2:21:27,146,73,168,56,9,2,37.00,18.00,14,18,21
26/2/18-2:22:28,146,68,191,76,10,3,37.00,18.00,14,18,21
26/2/18-2:23:29,144,68,161,46,8,2,37.00,18.00,13,18,19
26/2/18-2:24:30,145,70,165,55,9,1,37.00,18.00,13,18,19
26/2/18-2:25:31,146,72,173,56,8,2,37.00,18.00,13,19,20
26/2/18-2:26:32,148,71,174,64,8,3,37.00,18.00,13,19,20
26/2/18-2:27:33,147,72,179,60,8,0,37.00,18.00,11,15,16
26/2/18-2:28:34,146,71,167,57,8,1,37.00,18.00,12,15,17
26/2/18-2:29:35,147,69,160,52,9,4,37.00,18.00,12,16,17
26/2/18-2:30:36,144,73,199,74,8,1,37.00,18.00,12,16,17
26/2/18-2:31:37,147,73,180,60,9,3,37.00,18.00,12,17,18
26/2/18-2:32:38,144,70,174,58,10,1,38.00,18.00,12,17,18
26/2/18-2:33:39,147,73,174,67,10,3,37.00,18.00,12,16,17
26/2/18-2:34:40,145,72,172,60,8,2,38.00,18.00,12,16,17
26/2/18-2:35:41,146,68,155,48,7,3,37.00,18.00,14,18,19
26/2/18-2:36:42,146,72,168,56,10,3,37.00,18.00,14,18,19
26/2/18-2:37:43,145,70,187,67,8,0,38.00,18.00,14,20,20
26/2/18-2:38:44,146,70,178,55,9,1,38.00,18.00,14,20,20
26/2/18-2:39:45,148,68,161,46,9,4,37.00,18.00,14,20,24
26/2/18-2:40:46,147,68,185,62,8,2,37.00,18.00,13,19,23
26/2/18-2:41:47,146,72,174,66,10,3,37.00,18.00,11,16,16
26/2/18-2:42:48,147,64,163,44,9,4,37.00,18.00,11,16,16
26/2/18-2:43:49,147,71,171,59,9,2,37.00,18.00,13,19,19
26/2/18-2:44:50,148,69,164,49,9,5,37.00,18.00,14,20,20
26/2/18-2:45:51,148,71,173,56,10,0,37.00,18.00,14,18,19
26/2/18-2:46:52,148,71,167,56,8,1,38.00,18.00,15,19,20
26/2/18-2:47:53,145,73,169,56,9,3,38.00,18.00,13,16,18
26/2/18-2:48:54,144,70,169,60,9,1,38.00,18.00,13,16,18
26/2/18-2:49:55,147,70,166,56,8,3,39.00,17.00,13,18,18
26/2/18-2:50:56,147,71,185,71,8,1,38.00,18.00,13,19,19
26/2/18-2:51:57,148,69,193,57,9,3,38.00,17.00,14,20,22
26/2/18-2:52:58,148,69,191,64,10,1,37.00,18.00,14,20,22
26/2/18-2:53:59,146,71,199,76,9,1,38.00,18.00,14,19,20
26/2/18-2:55:0,145,73,213,78,11,2,37.00,18.00,14,19,20
26/2/18-2:56:1,144,67,206,71,12,2,37.00,18.00,13,17,18
26/2/18-2:57:2,145,70,215,80,12,1,37.00,18.00,13,17,18
26/2/18-2:58:3,149,67,179,49,14,5,38.00,18.00,12,18,18
26/2/18-2:59:4,150,70,188,66,15,1,37.00,18.00,12,18,18
26/2/18-3:0:5,146,71,207,70,15,3,37.00,17.00,14,19,19
26/2/18-3:1:6,145,71,204,79,16,2,37.00,18.00,14,19,19
26/2/18-3:2:7,150,70,200,66,18,3,37.00,18.00,14,18,19
26/2/18-3:3:8,146,69,184,60,16,3,37.00,18.00,14,18,19
26/2/18-3:4:9,150,71,181,60,18,1,38.00,18.00,12,16,20
26/2/18-3:5:10,150,71,169,51,13,2,37.00,18.00,12,16,20
26/2/18-3:6:11,147,73,213,68,17,3,38.00,18.00,13,18,20
26/2/18-3:7:12,150,71,176,58,17,3,38.00,18.00,13,18,20
26/2/18-3:8:13,148,71,170,51,14,2,37.00,18.00,13,18,20
26/2/18-3:9:14,148,71,194,67,16,1,37.00,18.00,13,18,20
26/2/18-3:10:15,149,71,205,70,16,0,38.00,18.00,12,17,19
26/2/18-3:11:16,146,71,204,70,18,1,37.00,18.00,13,17,20
26/2/18-3:12:17,146,69,182,62,19,2,38.00,18.00,11,18,20
26/2/18-3:13:18,145,72,213,83,19,2,36.00,18.00,11,18,20
26/2/18-3:14:19,148,72,184,64,22,3,38.00,18.00,13,16,18
26/2/18-3:15:20,151,69,168,50,17,3,38.00,18.00,13,16,18
26/2/18-3:16:21,145,71,182,62,21,2,36.00,18.00,12,15,18
26/2/18-3:17:22,147,72,190,63,21,3,37.00,18.00,11,14,17
26/2/18-3:18:23,148,68,183,61,19,3,38.00,18.00,10,19,20
26/2/18-3:19:24,146,71,198,74,25,3,38.00,17.00,10,19,20
26/2/18-3:20:25,148,70,184,59,23,1,38.00,18.00,13,20,20
26/2/18-3:21:26,146,73,185,61,23,3,37.00,18.00,12,19,20
26/2/18-3:22:27,150,70,176,62,24,0,37.00,18.00,12,20,24
26/2/18-3:23:28,149,71,187,68,23,1,38.00,18.00,12,21,25
26/2/18-3:24:29,146,69,195,69,20,0,37.00,18.00,12,16,16
26/2/18-3:25:30,150,73,199,66,24,3,37.00,17.00,12,16,16
26/2/18-3:26:31,149,72,194,75,23,3,37.00,18.00,10,15,17
26/2/18-3:27:32,148,70,180,61,22,3,37.00,18.00,10,15,17
26/2/18-3:28:33,146,71,198,71,23,2,37.00,19.00,13,17,17
26/2/18-3:29:34,151,71,192,67,24,0,38.00,18.00,13,17,17
26/2/18-3:30:35,150,68,182,69,22,4,37.00,18.00,13,18,19
26/2/18-3:31:36,150,71,178,63,24,1,37.00,18.00,13,18,19
26/2/18-3:32:37,147,72,179,65,21,0,37.00,18.00,12,18,19
26/2/18-3:33:38,147,72,203,77,23,3,37.00,18.00,13,19,21
26/2/18-3:34:39,147,69,181,51,20,3,38.00,18.00,12,15,21
26/2/18-3:35:40,149,70,193,64,23,2,37.00,18.00,12,15,21
26/2/18-3:36:41,150,70,198,77,23,3,37.00,18.00,12,16,18
26/2/18-3:37:42,145,72,180,59,23,4,38.00,18.00,12,16,17
26/2/18-3:38:43,147,71,176,60,21,2,38.00,18.00,11,16,19
26/2/18-3:39:44,149,71,183,68,20,3,37.00,18.00,11,16,18
26/2/18-3:40:45,150,73,189,62,20,3,37.00,17.00,11,20,20
26/2/18-3:41:46,147,70,177,59,22,1,37.00,18.00,11,20,22
26/2/18-3:42:47,146,73,176,59,20,2,38.00,17.00,12,15,17
26/2/18-3:43:48,149,71,179,65,22,1,38.00,18.00,12,16,16
26/2/18-3:44:49,147,70,190,68,24,1,38.00,18.00,8,12,12
26/2/18-3:45:50,146,70,199,74,22,2,38.00,17.00,10,13,13
26/2/18-3:46:51,144,68,169,49,19,2,38.00,17.00,10,13,13
26/2/18-3:47:52,151,71,173,60,21,2,38.00,18.00,10,13,13
26/2/18-3:48:53,149,69,177,66,17,3,38.00,18.00,11,15,15
26/2/18-3:49:54,150,68,201,68,21,1,38.00,18.00,11,15,15
26/2/18-3:50:55,150,71,189,67,20,1,38.00,18.00,11,14,16
26/2/18-3:51:56,145,70,187,80,19,1,37.00,17.00,11,14,16
26/2/18-3:52:57,146,70,170,54,16,1,38.00,18.00,10,13,13
26/2/18-3:53:58,148,71,180,61,20,3,37.00,17.00,10,13,13
26/2/18-3:54:59,148,75,174,58,18,4,37.00,17.00,7,11,11
26/2/18-3:56:0,148,68,198,68,17,3,37.00,17.00,7,11,11
26/2/18-3:57:1,147,70,189,63,15,1,37.00,17.00,9,12,14
26/2/18-3:58:2,146,71,184,57,16,2,38.00,17.00,8,12,14
26/2/18-3:59:3,145,68,164,49,14,3,38.00,17.00,9,12,13
26/2/18-4:0:4,150,71,180,60,14,0,37.00,17.00,9,12,13
26/2/18-4:1:5,146,69,196,72,14,2,38.00,17.00,9,12,14
26/2/18-4:2:6,149,71,189,65,17,1,38.00,17.00,9,14,17
26/2/18-4:3:7,147,68,168,51,15,4,38.00,17.00,9,11,12
26/2/18-4:4:7,147,70,179,60,16,1,36.00,17.00,9,11,12
26/2/18-4:5:8,151,70,200,73,16,4,38.00,17.00,11,14,15
26/2/18-4:6:9,146,69,199,67,12,3,37.00,17.00,10,14,14
26/2/18-4:7:10,151,70,203,74,15,3,37.00,17.00,7,11,14
26/2/18-4:8:11,149,72,177,65,15,3,38.00,17.00,7,11,14
26/2/18-4:9:12,148,72,179,57,13,2,37.00,17.00,8,12,13
26/2/18-4:10:13,147,69,164,48,13,4,37.00,17.00,8,12,13
26/2/18-4:11:14,152,71,189,65,15,5,37.00,17.00,10,13,14
26/2/18-4:12:15,149,72,181,63,13,3,39.00,16.00,9,12,14
26/2/18-4:13:16,144,67,185,60,12,2,38.00,17.00,10,16,18
26/2/18-4:14:17,149,70,190,66,15,1,38.00,17.00,10,16,18
26/2/18-4:15:18,151,71,178,62,13,0,38.00,17.00,11,15,15
26/2/18-4:16:19,150,69,162,52,14,4,38.00,17.00,11,15,15
26/2/18-4:17:20,150,71,185,72,16,1,38.00,17.00,11,13,13
26/2/18-4:18:21,149,71,173,57,15,2,38.00,17.00,10,12,12
26/2/18-4:19:22,149,71,165,46,13,3,38.00,17.00,13,16,19
26/2/18-4:20:23,149,72,187,64,14,3,38.00,17.00,13,16,19
26/2/18-4:21:24,146,70,186,72,13,2,38.00,17.00,11,15,15
26/2/18-4:22:25,150,69,175,56,18,2,38.00,17.00,11,15,15
26/2/18-4:23:26,146,68,175,49,13,3,38.00,17.00,11,15,18
26/2/18-4:24:27,151,73,179,56,14,3,38.00,17.00,11,15,18
26/2/18-4:25:28,150,70,185,74,14,1,38.00,17.00,12,16,17
26/2/18-4:26:29,151,70,195,67,13,1,38.00,17.00,12,16,17
26/2/18-4:27:30,151,69,171,55,15,2,38.00,17.00,13,19,20
26/2/18-4:28:31,148,71,181,56,15,3,38.00,17.00,13,19,20
26/2/18-4:29:32,148,68,166,56,18,4,38.00,17.00,12,16,17
26/2/18-4:30:33,150,72,184,55,16,4,38.00,17.00,12,16,17
26/2/18-4:31:34,151,73,180,59,17,3,39.00,17.00,13,23,26
26/2/18-4:32:35,147,67,163,50,15,2,38.00,17.00,13,23,26
26/2/18-4:33:36,151,71,177,54,16,3,37.00,17.00,12,16,17
26/2/18-4:34:37,149,70,177,60,15,2,38.00,17.00,12,16,17
26/2/18-4:35:38,151,69,169,59,14,1,38.00,17.00,11,15,17
26/2/18-4:36:39,152,69,197,73,12,1,38.00,17.00,11,15,17
26/2/18-4:37:40,146,68,159,50,12,3,38.00,17.00,10,17,18
26/2/18-4:38:41,152,75,177,59,15,3,38.00,17.00,10,17,18
26/2/18-4:39:42,147,66,160,47,14,2,39.00,16.00,11,14,15
26/2/18-4:40:43,149,71,181,61,15,3,38.00,17.00,11,14,15
26/2/18-4:41:44,150,71,176,62,15,3,38.00,17.00,10,15,15
26/2/18-4:42:45,147,66,165,47,12,3,38.00,17.00,10,15,15
26/2/18-4:43:46,147,69,169,54,12,1,38.00,17.00,10,14,14
26/2/18-4:44:47,150,69,167,59,13,3,38.00,17.00,10,14,14
26/2/18-4:45:48,152,68,172,52,12,4,38.00,17.00,12,20,24
26/2/18-4:46:49,154,74,172,55,13,2,38.00,17.00,12,20,24
26/2/18-4:47:50,150,69,182,66,14,1,38.00,17.00,9,11,13
26/2/18-4:48:51,149,66,178,52,12,3,38.00,17.00,9,11,13
26/2/18-4:49:52,153,78,171,54,14,4,37.00,17.00,11,16,17
26/2/18-4:50:53,147,70,158,51,12,4,37.00,17.00,11,15,16
26/2/18-4:51:54,149,68,160,45,11,4,37.00,17.00,10,13,16
26/2/18-4:52:55,149,75,167,54,11,2,38.00,17.00,10,13,16
26/2/18-4:53:56,151,72,171,59,13,3,38.00,17.00,12,16,17
26/2/18-4:54:57,149,68,162,48,11,3,37.00,17.00,12,16,17
26/2/18-4:55:58,155,69,182,65,13,1,38.00,16.00,12,17,17
26/2/18-4:56:59,149,69,185,58,13,2,38.00,17.00,12,17,17
26/2/18-4:58:0,152,70,194,66,13,3,37.00,17.00,11,15,15
26/2/18-4:59:1,152,67,176,52,12,2,38.00,17.00,11,15,15
26/2/18-5:0:2,149,69,190,71,15,1,38.00,17.00,10,15,15
26/2/18-5:1:3,152,69,186,61,15,1,37.00,17.00,10,15,16
26/2/18-5:2:4,149,67,188,68,15,2,38.00,16.00,9,13,13
26/2/18-5:3:5,148,70,182,63,14,2,37.00,17.00,9,13,13
26/2/18-5:4:6,151,68,183,64,14,1,38.00,17.00,10,15,19
26/2/18-5:5:7,150,70,172,61,13,0,37.00,17.00,10,15,18
26/2/18-5:6:8,152,68,183,63,13,3,37.00,17.00,11,12,14
26/2/18-5:7:9,153,71,200,67,15,3,36.00,17.00,11,12,14
26/2/18-5:8:10,154,70,187,67,15,5,38.00,17.00,10,14,15
26/2/18-5:9:11,148,69,178,60,13,2,37.00,17.00,10,15,16
26/2/18-5:10:12,152,66,168,44,12,4,38.00,17.00,9,12,14
26/2/18-5:11:13,149,71,179,56,13,3,37.00,17.00,9,12,14
26/2/18-5:12:14,153,71,174,54,11,3,38.00,17.00,11,14,14
26/2/18-5:13:15,149,70,187,76,11,0,38.00,17.00,10,13,13
26/2/18-5:14:16,149,67,160,45,10,4,38.00,17.00,10,12,12
26/2/18-5:15:17,147,68,174,57,11,1,39.00,16.00,10,12,12
26/2/18-5:16:18,152,70,170,57,11,1,38.00,17.00,9,11,11
26/2/18-5:17:19,150,68,158,45,8,1,39.00,16.00,9,11,11
26/2/18-5:18:20,151,71,174,56,10,2,39.00,16.00,9,11,15
26/2/18-5:19:21,153,69,178,61,13,1,39.00,16.00,8,11,15
26/2/18-5:20:22,151,73,177,65,11,2,38.00,17.00,8,12,12
26/2/18-5:21:23,149,68,171,55,12,0,38.00,17.00,8,12,12
26/2/18-5:22:24,149,69,173,70,13,2,39.00,16.00,6,10,10
26/2/18-5:23:25,153,69,184,73,10,1,39.00,16.00,6,9,9
26/2/18-5:24:26,150,68,166,53,12,1,39.00,16.00,8,12,12
26/2/18-5:25:27,152,70,177,60,11,4,40.00,16.00,8,12,12
26/2/18-5:26:28,149,70,176,60,11,2,40.00,16.00,8,10,10
26/2/18-5:27:29,149,71,179,56,12,2,39.00,17.00,8,10,10
26/2/18-5:28:30,148,69,162,50,12,2,40.00,16.00,8,13,13
26/2/18-5:29:31,149,71,176,56,12,2,39.00,16.00,8,13,13
26/2/18-5:30:32,152,70,169,54,11,2,40.00,16.00,7,10,11
26/2/18-5:31:33,153,72,177,60,12,3,40.00,16.00,7,10,11
26/2/18-5:32:34,149,68,160,47,11,2,40.00,16.00,7,10,12
26/2/18-5:33:35,148,70,176,56,11,3,40.00,16.00,7,10,12
26/2/18-5:34:36,149,71,179,61,10,0,39.00,17.00,8,11,13
26/2/18-5:35:37,148,70,170,56,11,3,40.00,16.00,8,11,13
26/2/18-5:36:38,152,69,166,50,13,1,40.00,16.00,8,12,12
26/2/18-5:37:39,148,70,175,57,10,2,40.00,16.00,7,11,11
26/2/18-5:38:40,147,71,174,59,11,1,39.00,17.00,8,11,14
26/2/18-5:39:41,150,69,175,55,10,3,41.00,16.00,8,11,14
26/2/18-5:40:42,146,69,160,54,9,3,41.00,16.00,7,10,10
26/2/18-5:41:43,148,71,177,65,11,3,41.00,16.00,7,11,11
26/2/18-5:42:44,152,69,160,46,8,2,41.00,16.00,7,9,10
26/2/18-5:43:45,150,75,169,54,11,3,41.00,16.00,7,9,10
26/2/18-5:44:46,152,70,163,55,9,1,41.00,16.00,8,10,10
26/2/18-5:45:47,149,72,172,60,11,3,41.00,16.00,8,10,10
26/2/18-5:46:48,150,71,154,44,9,3,40.00,16.00,6,10,12
26/2/18-5:47:49,151,70,167,58,8,1,40.00,16.00,6,10,12
26/2/18-5:48:50,151,71,166,61,8,1,40.00,16.00,6,9,9
26/2/18-5:49:51,149,70,161,55,9,4,40.00,16.00,6,9,9
26/2/18-5:50:52,152,69,183,64,6,1,40.00,16.00,7,8,10
26/2/18-5:51:53,153,71,165,55,8,1,40.00,16.00,7,8,10
26/2/18-5:52:54,153,72,176,55,10,1,40.00,16.00,6,9,9
26/2/18-5:53:55,152,69,177,57,8,0,39.00,16.00,6,9,9
26/2/18-5:54:56,151,72,195,64,9,2,40.00,16.00,8,11,13
26/2/18-5:55:57,152,70,188,67,12,1,40.00,16.00,8,11,13
26/2/18-5:56:57,154,70,202,73,11,1,40.00,16.00,7,10,11
26/2/18-5:57:58,154,70,169,50,7,2,39.00,16.00,7,10,11
26/2/18-5:58:59,155,71,199,74,10,0,38.00,16.00,7,10,10
26/2/18-6:0:0,147,70,177,54,9,3,39.00,16.00,7,10,10
26/2/18-6:1:1,150,70,170,58,11,1,40.00,16.00,9,10,10
26/2/18-6:2:2,148,67,173,53,10,2,40.00,16.00,9,10,10
26/2/18-6:3:3,155,70,173,55,11,1,39.00,16.00,8,10,12
26/2/18-6:4:4,155,72,166,53,8,0,39.00,17.00,8,10,11
26/2/18-6:5:5,150,71,165,54,8,0,40.00,16.00,7,9,9
26/2/18-6:6:6,150,71,164,58,9,5,40.00,16.00,7,9,9
26/2/18-6:7:7,153,71,173,52,9,2,39.00,16.00,7,10,10
26/2/18-6:8:8,148,71,164,53,9,2,40.00,16.00,7,10,10
26/2/18-6:9:9,150,69,169,57,11,2,40.00,16.00,7,9,9
26/2/18-6:10:10,151,67,162,49,10,2,40.00,16.00,7,9,9
26/2/18-6:11:11,153,73,169,54,11,3,40.00,16.00,9,12,13
26/2/18-6:12:12,150,70,173,56,8,1,40.00,16.00,9,11,12
26/2/18-6:13:13,152,71,169,58,10,3,40.00,16.00,6,9,11
26/2/18-6:14:14,148,69,165,49,10,2,40.00,16.00,6,9,11
26/2/18-6:15:15,151,73,175,61,11,4,40.00,16.00,9,11,13
26/2/18-6:16:16,153,72,172,54,11,2,40.00,16.00,8,10,12
26/2/18-6:17:17,152,68,169,57,10,2,40.00,16.00,8,11,12
26/2/18-6:18:18,152,71,179,62,11,2,40.00,16.00,7,10,11
26/2/18-6:19:19,151,73,170,57,13,2,41.00,16.00,8,9,9
26/2/18-6:20:20,152,69,168,59,13,1,41.00,16.00,7,9,10
26/2/18-6:21:21,149,70,169,51,11,4,40.00,16.00,8,11,12
26/2/18-6:22:22,148,70,166,56,12,1,39.00,16.00,8,11,12
26/2/18-6:23:23,148,70,159,48,10,3,40.00,16.00,8,11,11
26/2/18-6:24:24,151,70,170,60,13,3,40.00,16.00,8,11,11
26/2/18-6:25:25,150,70,188,61,14,3,42.00,16.00,8,10,10
26/2/18-6:26:26,151,70,207,91,12,3,40.00,16.00,7,9,9
26/2/18-6:27:27,152,69,177,51,13,4,40.00,16.00,7,11,11
26/2/18-6:28:28,150,69,173,53,13,3,40.00,16.00,7,11,11
26/2/18-6:29:29,153,70,175,58,12,3,40.00,16.00,6,8,10
26/2/18-6:30:30,154,69,176,57,11,3,40.00,16.00,7,9,11
26/2/18-6:31:31,149,69,163,54,9,3,40.00,16.00,8,11,11
26/2/18-6:32:32,149,71,181,57,11,2,39.00,16.00,8,11,11
26/2/18-6:33:33,155,70,167,57,12,1,40.00,16.00,9,11,11
26/2/18-6:34:34,150,73,166,55,12,3,40.00,16.00,9,11,11
26/2/18-6:35:35,155,67,160,45,9,3,40.00,16.00,8,10,10
26/2/18-6:36:36,149,71,169,56,9,2,40.00,16.00,7,9,9
26/2/18-6:37:37,155,72,169,60,11,1,41.00,16.00,9,12,12
26/2/18-6:38:38,154,70,172,60,11,2,40.00,16.00,9,12,12
26/2/18-6:39:39,151,73,168,53,8,2,41.00,16.00,9,12,13
26/2/18-6:40:40,153,71,207,83,10,1,41.00,16.00,9,12,13
26/2/18-6:41:41,151,71,185,62,10,1,41.00,16.00,8,12,12
26/2/18-6:42:42,153,68,184,74,10,1,41.00,16.00,8,12,12
26/2/18-6:43:43,155,71,182,69,11,0,40.00,16.00,9,14,14
26/2/18-6:44:44,155,70,183,65,11,1,40.00,16.00,9,14,14
26/2/18-6:45:45,152,75,168,55,10,2,39.00,16.00,9,12,12
26/2/18-6:46:46,152,77,163,48,10,3,40.00,16.00,8,11,11
26/2/18-6:47:47,149,69,174,65,11,1,39.00,16.00,10,15,16
26/2/18-6:48:48,153,72,171,56,12,2,40.00,16.00,9,14,15
26/2/18-6:49:49,155,67,158,55,13,4,40.00,16.00,7,14,18
26/2/18-6:50:50,156,71,170,60,14,0,39.00,16.00,7,14,18
26/2/18-6:51:51,149,69,170,56,15,3,40.00,16.00,8,11,14
26/2/18-6:52:52,151,70,167,58,13,0,40.00,16.00,8,11,14
26/2/18-6:53:53,155,69,161,49,14,3,40.00,16.00,11,14,14
26/2/18-6:54:54,153,70,170,62,16,2,40.00,16.00,11,14,14
26/2/18-6:55:55,151,70,167,59,19,1,40.00,16.00,11,16,16
26/2/18-6:56:56,152,69,166,56,16,1,40.00,16.00,11,16,16
26/2/18-6:57:57,154,69,159,48,13,3,40.00,16.00,10,13,13
26/2/18-6:58:58,149,70,175,59,15,2,40.00,16.00,10,13,13
26/2/18-6:59:59,151,68,168,58,15,3,40.00,16.00,10,13,13
26/2/18-7:1:0,155,70,170,60,14,3,40.00,16.00,10,13,13
26/2/18-7:2:1,155,70,170,57,14,2,40.00,16.00,8,12,12
26/2/18-7:3:2,155,69,171,60,13,1,39.00,16.00,8,12,12
26/2/18-7:4:3,156,70,172,58,12,1,40.00,16.00,9,12,12
26/2/18-7:5:4,153,67,160,47,10,2,40.00,16.00,9,12,12
26/2/18-7:6:5,154,72,173,67,9,2,39.00,16.00,10,14,15
26/2/18-7:7:6,154,69,185,86,8,1,41.00,16.00,10,14,15
26/2/18-7:8:7,154,66,166,65,9,3,39.00,16.00,9,12,13
26/2/18-7:9:8,151,69,173,62,9,1,39.00,16.00,9,12,13
26/2/18-7:10:9,153,68,171,59,8,2,39.00,16.00,11,14,15
26/2/18-7:11:10,152,67,159,48,8,3,39.00,16.00,11,14,15
26/2/18-7:12:11,150,71,173,60,8,2,39.00,16.00,10,15,15
26/2/18-7:13:12,150,70,178,60,12,2,39.00,16.00,10,15,15
26/2/18-7:14:13,151,70,169,61,11,2,39.00,16.00,11,14,15
26/2/18-7:15:14,155,69,155,48,8,0,39.00,16.00,11,14,15
26/2/18-7:16:15,152,68,171,60,11,2,39.00,16.00,8,10,12
26/2/18-7:17:16,154,71,165,60,10,0,39.00,16.00,8,10,12
26/2/18-7:18:17,152,70,163,58,10,1,39.00,16.00,10,12,14
26/2/18-7:19:18,156,64,158,49,9,3,39.00,16.00,10,12,14
26/2/18-7:20:19,152,70,165,57,8,2,39.00,16.00,9,12,13
26/2/18-7:21:20,156,72,177,79,10,3,39.00,16.00,9,12,13
26/2/18-7:22:21,152,69,166,62,9,3,39.00,16.00,9,14,14
26/2/18-7:23:22,156,67,160,49,9,3,39.00,16.00,9,14,14
26/2/18-7:24:23,155,70,176,64,10,3,39.00,16.00,11,15,16
26/2/18-7:25:24,156,72,173,64,8,3,39.00,16.00,11,16,16
26/2/18-7:26:25,150,67,160,60,8,2,39.00,16.00,9,15,18
26/2/18-7:27:26,151,69,166,59,10,3,39.00,16.00,9,15,18
26/2/18-7:28:27,154,69,169,63,8,1,39.00,16.00,8,13,14
26/2/18-7:29:28,155,70,168,63,8,1,39.00,16.00,8,13,14
26/2/18-7:30:29,151,66,156,45,8,3,39.00,16.00,9,13,13
26/2/18-7:31:30,152,70,166,57,7,2,38.00,16.00,9,13,13
26/2/18-7:32:31,157,69,164,63,10,1,39.00,16.00,10,12,13
26/2/18-7:33:32,151,68,160,58,8,0,38.00,16.00,9,12,13
26/2/18-7:34:33,155,69,168,62,10,1,38.00,16.00,9,12,12
26/2/18-7:35:34,157,70,167,57,7,2,39.00,16.00,9,12,12
26/2/18-7:36:35,153,68,161,63,8,2,38.00,16.00,10,14,14
26/2/18-7:37:36,154,69,170,67,8,2,38.00,16.00,10,14,14
26/2/18-7:38:37,153,68,164,59,8,0,39.00,16.00,10,13,13
26/2/18-7:39:38,151,65,155,49,7,3,39.00,16.00,11,13,13
26/2/18-7:40:39,149,69,167,58,8,2,39.00,16.00,10,13,15
26/2/18-7:41:40,151,69,166,62,9,2,38.00,16.00,10,13,15
26/2/18-7:42:41,155,71,159,56,8,2,38.00,16.00,10,15,16
26/2/18-7:43:42,155,69,159,52,7,2,38.00,16.00,10,15,16
26/2/18-7:44:43,155,68,166,56,7,2,38.00,16.00,10,13,16
26/2/18-7:45:44,154,69,163,57,6,0,38.00,16.00,10,14,16
26/2/18-7:46:44,156,73,170,68,9,3,39.00,16.00,10,14,15
26/2/18-7:47:45,151,67,176,57,8,3,38.00,16.00,10,14,15
26/2/18-7:48:46,151,72,171,61,8,1,38.00,16.00,10,13,13
26/2/18-7:49:47,155,70,173,62,8,0,39.00,16.00,10,13,13
26/2/18-7:50:48,156,69,162,57,8,3,39.00,16.00,11,15,15
26/2/18-7:51:49,155,71,173,63,9,3,38.00,16.00,11,15,15
26/2/18-7:52:50,152,69,177,70,9,1,38.00,16.00,10,14,16
26/2/18-7:53:51,149,68,177,74,11,1,38.00,16.00,10,14,16
26/2/18-7:54:52,153,70,172,65,9,1,39.00,16.00,11,15,16
26/2/18-7:55:53,151,70,178,72,9,2,39.00,16.00,11,15,16
26/2/18-7:56:54,150,70,179,60,10,3,39.00,16.00,12,15,15
26/2/18-7:57:55,150,69,166,56,10,3,39.00,16.00,12,15,15
26/2/18-7:58:56,151,69,191,66,9,3,39.00,16.00,12,18,20
26/2/18-7:59:57,150,64,165,64,10,4,39.00,16.00,12,18,20
26/2/18-8:0:58,156,67,160,55,10,3,39.00,16.00,13,18,22
26/2/18-8:1:59,151,68,177,62,11,1,37.00,17.00,13,18,22
26/2/18-8:3:0,152,72,173,62,11,2,38.00,17.00,13,18,21
26/2/18-8:4:1,156,70,183,72,12,4,39.00,16.00,13,19,22
26/2/18-8:5:2,152,68,169,65,10,2,38.00,16.00,13,18,19
26/2/18-8:6:3,151,70,171,62,12,4,38.00,16.00,13,18,19
26/2/18-8:7:4,150,70,173,63,10,1,39.00,16.00,13,17,17
26/2/18-8:8:5,150,70,179,65,11,1,39.00,16.00,13,17,17
26/2/18-8:9:6,150,67,177,54,12,2,39.00,16.00,15,18,21
26/2/18-8:10:7,155,69,189,74,14,1,38.00,17.00,15,18,21
26/2/18-8:11:8,155,71,197,81,13,3,38.00,17.00,15,21,23
26/2/18-8:12:9,155,69,182,61,11,2,39.00,16.00,15,21,21
26/2/18-8:13:10,152,68,180,59,13,3,39.00,16.00,16,21,22
26/2/18-8:14:11,152,76,178,62,17,3,37.00,17.00,16,21,22
26/2/18-8:15:12,151,70,176,65,16,3,38.00,16.00,13,20,21
26/2/18-8:16:13,150,68,182,61,15,2,38.00,17.00,13,20,21
26/2/18-8:17:14,153,70,199,77,17,1,39.00,16.00,12,18,21
26/2/18-8:18:15,151,71,178,58,17,3,39.00,16.00,12,18,21
26/2/18-8:19:16,150,69,188,79,18,1,37.00,17.00,12,18,19
26/2/18-8:20:17,151,70,180,64,21,3,38.00,17.00,13,17,18
26/2/18-8:21:18,151,70,175,65,18,2,38.00,17.00,14,19,22
26/2/18-8:22:19,151,71,188,79,19,1,38.00,17.00,14,18,21
26/2/18-8:23:20,151,68,187,69,14,2,38.00,17.00,15,20,20
26/2/18-8:24:21,155,70,191,102,17,1,38.00,17.00,15,20,20
26/2/18-8:25:22,151,69,183,67,18,3,37.00,17.00,15,19,25
26/2/18-8:26:23,149,68,180,65,14,2,38.00,17.00,15,19,25
26/2/18-8:27:24,153,72,175,62,13,3,38.00,17.00,16,23,26
26/2/18-8:28:25,150,71,171,66,13,2,38.00,17.00,15,21,25
26/2/18-8:29:26,154,71,187,76,16,1,38.00,17.00,16,23,25
26/2/18-8:30:27,148,74,192,85,14,3,38.00,17.00,17,25,28
26/2/18-8:31:28,149,67,169,57,15,2,37.00,17.00,17,22,22
26/2/18-8:32:29,152,70,181,70,15,1,38.00,17.00,17,22,22
26/2/18-8:33:30,153,69,182,75,18,3,38.00,17.00,16,24,26
26/2/18-8:34:31,149,69,200,94,16,1,38.00,18.00,17,25,27
26/2/18-8:35:32,152,71,175,66,18,1,37.00,18.00,16,20,23
26/2/18-8:36:33,153,71,174,67,19,3,37.00,18.00,15,20,23
26/2/18-8:37:34,146,66,177,67,20,2,37.00,18.00,14,19,21
26/2/18-8:38:35,149,70,177,74,25,1,37.00,18.00,14,19,21
26/2/18-8:39:36,154,71,168,58,23,2,37.00,18.00,19,25,30
26/2/18-8:40:37,152,73,175,64,27,3,37.00,18.00,19,25,30
26/2/18-8:41:38,152,67,163,59,21,3,37.00,18.00,17,25,27
26/2/18-8:42:39,151,71,180,72,22,2,37.00,17.00,17,25,27
26/2/18-8:43:40,154,68,168,61,23,3,37.00,18.00,17,27,29
26/2/18-8:44:41,153,71,177,68,27,2,37.00,17.00,17,27,29
26/2/18-8:45:42,149,69,172,63,25,3,38.00,18.00,18,26,26
26/2/18-8:46:43,153,71,169,64,18,0,37.00,18.00,18,26,26
26/2/18-8:47:44,148,69,167,59,14,3,37.00,18.00,15,21,24
26/2/18-8:48:45,153,71,196,112,13,2,37.00,18.00,15,21,24
26/2/18-8:49:46,149,72,162,67,12,3,37.00,18.00,16,23,24
26/2/18-8:50:47,151,68,157,57,9,5,37.00,18.00,16,23,24
26/2/18-8:51:48,154,72,166,64,9,2,37.00,18.00,15,22,25
26/2/18-8:52:49,147,72,169,70,9,2,37.00,18.00,15,22,25
26/2/18-8:53:50,148,70,173,67,7,0,37.00,18.00,15,24,28
26/2/18-8:54:51,148,70,164,63,10,2,37.00,18.00,14,23,26
26/2/18-8:55:52,150,69,160,61,8,1,37.00,18.00,15,23,28
26/2/18-8:56:53,153,71,178,72,10,3,37.00,18.00,15,23,28
26/2/18-8:57:54,152,70,164,60,9,1,37.00,18.00,17,24,24
26/2/18-8:58:55,151,69,164,58,8,1,37.00,18.00,17,24,24
26/2/18-8:59:56,152,72,169,62,7,3,37.00,18.00,15,24,30
26/2/18-9:0:57,149,69,159,58,7,3,37.00,18.00,15,24,30
26/2/18-9:1:58,152,77,160,55,12,3,37.00,18.00,14,22,23
26/2/18-9:2:59,149,70,167,56,5,2,37.00,18.00,14,22,23
26/2/18-9:4:0,153,69,155,49,6,4,36.00,19.00,16,24,28
26/2/18-9:5:1,152,71,161,61,6,2,37.00,18.00,16,24,28
26/2/18-9:6:2,152,71,155,64,5,1,37.00,18.00,16,24,27
26/2/18-9:7:3,153,71,162,58,6,2,37.00,18.00,16,24,27
26/2/18-9:8:4,148,70,164,63,7,1,37.00,18.00,16,24,28
26/2/18-9:9:5,152,70,154,46,6,3,37.00,18.00,16,24,29
26/2/18-9:10:6,148,69,164,59,7,1,37.00,18.00,15,22,23
26/2/18-9:11:7,149,71,183,104,7,3,37.00,18.00,14,22,23
26/2/18-9:12:8,152,69,167,58,7,3,37.00,18.00,15,23,24
26/2/18-9:13:9,150,71,183,86,6,0,37.00,18.00,15,23,24
26/2/18-9:14:10,150,68,158,49,7,2,37.00,18.00,13,23,26
26/2/18-9:15:11,153,72,178,74,9,2,36.00,19.00,13,23,26
26/2/18-9:16:12,149,71,164,77,6,2,36.00,19.00,18,25,28
26/2/18-9:17:13,151,69,164,60,6,3,36.00,19.00,18,24,28
26/2/18-9:18:14,147,74,157,56,6,3,36.00,19.00,17,25,27
26/2/18-9:19:15,151,71,161,58,6,1,36.00,19.00,17,26,29
26/2/18-9:20:16,151,74,174,83,9,3,36.00,19.00,14,26,28
26/2/18-9:21:17,148,71,162,61,7,3,36.00,19.00,14,26,28
26/2/18-9:22:18,151,71,179,67,5,3,36.00,19.00,14,22,23
26/2/18-9:23:19,152,71,175,66,6,1,36.00,20.00,14,22,23
26/2/18-9:24:20,148,69,150,52,7,4,36.00,19.00,15,20,22
26/2/18-9:25:21,150,71,156,56,5,3,36.00,18.00,15,20,22
26/2/18-9:26:22,152,77,150,54,7,3,36.00,19.00,14,19,22
26/2/18-9:27:23,151,69,171,79,5,3,36.00,19.00,14,19,21
26/2/18-9:28:24,148,69,162,51,7,4,36.00,19.00,14,19,20
26/2/18-9:29:25,150,68,149,52,7,2,36.00,19.00,14,19,20
26/2/18-9:30:26,146,69,164,60,7,1,36.00,20.00,12,25,26
26/2/18-9:31:27,151,71,162,69,7,3,36.00,20.00,12,25,26
26/2/18-9:32:28,151,71,166,64,5,2,36.00,20.00,16,23,23
26/2/18-9:33:29,145,67,151,49,6,4,36.00,19.00,15,22,22
26/2/18-9:34:30,152,72,150,58,6,2,35.00,20.00,11,22,22
26/2/18-9:35:31,150,69,149,53,6,3,36.00,20.00,12,22,23
26/2/18-9:36:32,147,70,156,56,5,3,36.00,19.00,13,18,21
26/2/18-9:37:33,147,69,160,52,6,3,36.00,20.00,13,18,22
26/2/18-9:38:33,153,72,167,70,7,1,36.00,20.00,12,17,18
26/2/18-9:39:34,149,70,156,57,7,2,36.00,20.00,12,17,18
26/2/18-9:40:35,150,71,176,74,6,3,36.00,20.00,12,17,19
26/2/18-9:41:36,150,69,163,63,6,1,36.00,20.00,12,17,19
26/2/18-9:42:37,145,68,149,53,6,2,36.00,20.00,10,15,15
26/2/18-9:43:38,148,69,157,50,5,2,35.00,20.00,10,15,15
26/2/18-9:44:39,151,70,185,83,7,3,36.00,20.00,14,19,19
26/2/18-9:45:40,150,72,151,56,5,2,36.00,20.00,14,19,19
26/2/18-9:46:41,147,69,156,62,5,3,36.00,20.00,13,17,18
26/2/18-9:47:42,147,69,175,59,8,3,36.00,20.00,13,17,18
26/2/18-9:48:43,151,72,156,58,6,3,36.00,20.00,13,15,16
26/2/18-9:49:44,145,70,152,53,5,1,36.00,20.00,13,16,18
26/2/18-9:50:45,147,67,141,48,5,1,36.00,20.00,11,14,14
26/2/18-9:51:46,150,71,151,55,5,2,36.00,20.00,11,14,14
26/2/18-9:52:47,146,72,149,60,5,1,36.00,20.00,9,13,13
26/2/18-9:53:48,146,70,154,57,4,0,36.00,20.00,9,13,13
26/2/18-9:54:49,151,71,155,57,5,2,36.00,20.00,10,14,16
26/2/18-9:55:50,149,71,159,64,5,3,36.00,20.00,10,14,16
26/2/18-9:56:51,146,73,177,78,7,3,36.00,20.00,12,17,17
26/2/18-9:57:52,144,66,154,53,6,3,36.00,20.00,12,17,17
26/2/18-9:58:53,149,73,164,62,6,2,35.00,21.00,12,16,18
26/2/18-9:59:54,145,70,163,58,5,2,36.00,20.00,12,16,18
26/2/18-10:0:55,150,71,162,64,7,3,36.00,20.00,11,19,21
26/2/18-10:1:56,149,71,190,69,8,1,35.00,21.00,11,19,21
26/2/18-10:2:57,145,70,176,58,8,2,35.00,21.00,10,13,13
26/2/18-10:3:58,149,75,169,57,8,1,35.00,21.00,10,13,13
26/2/18-10:4:59,150,71,155,51,5,1,36.00,20.00,12,18,21
26/2/18-10:6:0,148,69,162,63,7,1,36.00,20.00,12,18,21
26/2/18-10:7:1,150,71,170,68,6,3,35.00,21.00,12,17,17
26/2/18-10:8:2,149,68,179,60,7,1,35.00,21.00,12,17,17
26/2/18-10:9:3,146,70,160,57,7,2,35.00,21.00,12,18,18
26/2/18-10:10:4,145,71,180,105,5,1,37.00,20.00,11,12,13
26/2/18-10:11:5,149,69,144,48,6,5,36.00,20.00,10,15,15
26/2/18-10:12:6,145,72,174,68,9,4,35.00,21.00,11,16,16
26/2/18-10:13:7,149,71,171,66,5,1,35.00,21.00,11,16,16
26/2/18-10:14:8,143,67,155,50,4,2,35.00,21.00,10,15,15
26/2/18-10:15:9,148,71,169,62,6,1,35.00,21.00,10,15,15
26/2/18-10:16:10,147,70,190,89,8,1,35.00,21.00,10,13,13
26/2/18-10:17:11,147,72,172,83,7,3,35.00,21.00,10,13,14
26/2/18-10:18:12,148,68,147,49,7,2,35.00,21.00,12,16,16
26/2/18-10:19:13,148,70,150,60,7,2,34.00,21.00,12,16,16
26/2/18-10:20:14,146,71,157,60,7,3,36.00,22.00,10,13,14
26/2/18-10:21:15,148,70,166,73,6,3,35.00,22.00,10,14,14
26/2/18-10:22:16,143,70,165,58,6,2,35.00,21.00,11,16,18
26/2/18-10:23:17,148,70,195,95,7,2,33.00,21.00,11,16,18
26/2/18-10:24:18,144,70,224,97,18,3,35.00,22.00,11,14,16
26/2/18-10:25:19,144,71,203,81,16,1,35.00,21.00,12,15,17
26/2/18-10:26:20,146,71,182,65,10,4,35.00,22.00,10,14,15
26/2/18-10:27:21,144,69,167,61,9,2,35.00,22.00,10,14,15
26/2/18-10:28:22,147,71,153,59,5,2,35.00,22.00,11,13,13
26/2/18-10:29:23,144,68,160,69,6,3,35.00,22.00,11,13,13
26/2/18-10:30:24,145,70,175,57,5,2,35.00,22.00,9,12,12
26/2/18-10:31:25,148,71,160,66,7,4,35.00,21.00,9,12,12
26/2/18-10:32:26,145,71,149,56,3,2,35.00,21.00,10,14,16
26/2/18-10:33:27,147,69,199,68,5,2,35.00,22.00,10,14,16
26/2/18-10:34:28,146,70,187,91,6,4,35.00,22.00,7,10,12
26/2/18-10:35:29,148,71,154,57,6,2,35.00,21.00,8,10,11
26/2/18-10:36:30,145,71,164,63,7,3,35.00,22.00,11,14,14
26/2/18-10:37:31,145,69,159,65,5,3,35.00,21.00,11,14,14
26/2/18-10:38:32,148,71,169,62,6,0,35.00,22.00,10,13,13
26/2/18-10:39:33,143,71,156,56,3,0,35.00,22.00,10,13,13
26/2/18-10:40:34,144,71,141,49,4,2,35.00,22.00,8,10,10
26/2/18-10:41:35,148,70,144,53,4,3,35.00,22.00,8,10,10
26/2/18-10:42:36,146,72,162,65,6,2,35.00,22.00,9,12,13
26/2/18-10:43:37,143,72,159,63,5,3,35.00,21.00,10,13,13
26/2/18-10:44:38,143,69,174,49,5,3,35.00,21.00,12,16,17
26/2/18-10:45:39,146,71,150,58,6,1,35.00,22.00,12,16,17
26/2/18-10:46:40,144,67,177,69,6,3,35.00,22.00,12,16,17
26/2/18-10:47:41,145,71,169,58,4,2,35.00,22.00,12,16,17
26/2/18-10:48:42,144,72,163,68,6,2,35.00,21.00,13,16,17
26/2/18-10:49:43,145,72,163,61,5,3,35.00,22.00,12,16,17
26/2/18-10:50:44,145,69,174,73,5,1,35.00,22.00,11,15,19
26/2/18-10:51:45,148,68,159,53,7,4,35.00,22.00,11,15,19
26/2/18-10:52:46,145,70,174,85,7,4,35.00,22.00,11,17,18
26/2/18-10:53:47,142,71,184,80,5,1,35.00,22.00,11,17,18
26/2/18-10:54:48,142,72,149,55,4,1,35.00,22.00,12,15,15
26/2/18-10:55:49,147,70,144,48,5,3,35.00,22.00,12,15,15
26/2/18-10:56:50,148,72,161,60,6,3,35.00,22.00,11,15,17
26/2/18-10:57:51,147,72,179,68,6,4,35.00,22.00,12,16,18
26/2/18-10:58:52,146,71,176,76,7,1,35.00,22.00,14,19,22
26/2/18-10:59:53,143,71,159,63,7,1,35.00,22.00,14,19,22
26/2/18-11:0:54,146,73,213,67,5,0,35.00,22.00,11,14,16
26/2/18-11:1:55,143,71,170,73,7,4,35.00,22.00,11,15,16
26/2/18-11:2:56,142,76,157,55,4,2,35.00,22.00,10,15,17
26/2/18-11:3:57,147,70,162,72,5,2,35.00,22.00,10,15,17
26/2/18-11:4:58,141,70,184,127,5,2,35.00,22.00,11,15,17
26/2/18-11:5:59,147,69,148,53,4,1,35.00,22.00,11,15,17
26/2/18-11:7:0,143,72,151,58,5,2,35.00,22.00,11,15,18
26/2/18-11:8:1,142,71,154,68,5,2,35.00,22.00,12,15,19
26/2/18-11:9:2,147,70,172,60,5,3,35.00,22.00,12,19,19
26/2/18-11:10:3,143,72,151,63,6,2,35.00,22.00,12,19,19
26/2/18-11:11:4,145,72,161,79,5,4,35.00,22.00,12,21,23
26/2/18-11:12:5,147,69,146,50,7,3,35.00,22.00,12,21,23
26/2/18-11:13:6,146,70,154,60,4,1,35.00,22.00,12,17,18
26/2/18-11:14:7,146,78,192,81,5,2,35.00,22.00,11,16,17
26/2/18-11:15:8,145,70,140,44,2,2,35.00,22.00,9,14,15
26/2/18-11:16:9,144,70,153,62,6,3,35.00,22.00,9,14,15
26/2/18-11:17:10,144,72,146,62,5,2,35.00,22.00,8,11,12
26/2/18-11:18:11,141,71,186,104,4,4,34.00,23.00,8,11,12
26/2/18-11:19:12,146,72,148,56,4,2,35.00,22.00,7,9,9
26/2/18-11:20:13,142,71,163,101,7,2,35.00,22.00,7,9,9
26/2/18-11:21:14,144,72,151,58,6,2,35.00,22.00,9,11,11
26/2/18-11:22:15,139,68,146,56,5,2,35.00,22.00,9,11,11
26/2/18-11:23:16,146,70,176,69,6,1,35.00,22.00,8,11,12
26/2/18-11:24:17,145,72,162,59,4,3,35.00,22.00,8,11,12
26/2/18-11:25:18,146,71,151,58,3,0,35.00,22.00,6,9,9
26/2/18-11:26:19,142,63,140,48,4,2,34.00,23.00,6,9,9
26/2/18-11:27:20,142,70,152,66,7,2,34.00,22.00,6,8,8
26/2/18-11:28:21,140,71,193,82,5,2,35.00,23.00,6,8,8
26/2/18-11:29:22,147,71,143,56,4,3,34.00,23.00,7,9,10
26/2/18-11:30:23,141,67,179,59,6,4,34.00,23.00,7,9,10
26/2/18-11:31:24,142,71,176,84,4,1,33.00,23.00,6,8,14
26/2/18-11:32:25,147,72,154,56,4,1,34.00,23.00,6,8,14
26/2/18-11:33:26,143,70,169,67,6,3,34.00,23.00,5,8,8
26/2/18-11:34:27,141,67,169,90,4,1,35.00,22.00,5,8,8
26/2/18-11:35:28,147,71,157,59,4,1,0.00,0.00,7,10,14
26/2/18-11:36:29,143,69,163,62,6,3,34.00,23.00,7,10,14
26/2/18-11:37:30,141,69,150,59,5,3,34.00,23.00,9,13,14
26/2/18-11:38:31,145,68,143,48,7,3,34.00,23.00,9,13,14
26/2/18-11:39:32,143,71,173,68,4,2,34.00,23.00,10,13,13
26/2/18-11:40:33,144,72,162,63,5,0,34.00,23.00,10,13,13
26/2/18-11:41:34,144,72,178,77,6,3,34.00,23.00,8,10,11
26/2/18-11:42:35,141,68,168,70,5,3,34.00,23.00,7,9,10
26/2/18-11:43:36,143,73,144,56,6,3,34.00,23.00,7,11,11
26/2/18-11:44:37,145,73,192,89,5,2,34.00,23.00,7,11,11
26/2/18-11:45:38,144,70,185,67,6,0,34.00,23.00,10,13,15
26/2/18-11:46:39,139,68,134,47,7,2,34.00,23.00,10,13,15
26/2/18-11:47:40,146,70,165,64,4,2,34.00,23.00,8,11,11
26/2/18-11:48:41,143,70,170,63,4,1,34.00,23.00,11,13,13
26/2/18-11:49:41,143,72,150,58,6,3,34.00,23.00,9,14,14
26/2/18-11:50:42,141,67,155,64,5,3,34.00,23.00,9,14,14
26/2/18-11:51:43,146,73,205,75,4,1,34.00,23.00,9,14,15
26/2/18-11:52:44,146,70,162,53,4,2,34.00,23.00,10,14,15
26/2/18-11:53:45,142,72,168,55,4,2,34.00,23.00,10,14,17
26/2/18-11:54:46,147,69,153,47,5,2,34.00,23.00,10,14,17
26/2/18-11:55:47,140,74,160,62,5,2,34.00,23.00,9,12,14
26/2/18-11:56:48,146,72,151,56,2,1,34.00,23.00,9,12,14
26/2/18-11:57:49,145,70,152,68,3,2,34.00,23.00,9,14,14
26/2/18-11:58:50,145,74,147,56,5,3,34.00,23.00,9,14,14
26/2/18-11:59:51,144,72,180,86,4,3,34.00,23.00,10,15,18
26/2/18-12:0:52,139,75,158,59,3,0,34.00,23.00,10,14,15
26/2/18-12:1:53,144,68,169,68,6,3,34.00,23.00,9,12,12
26/2/18-12:2:54,144,70,144,54,4,3,34.00,23.00,9,12,12
26/2/18-12:3:55,143,71,154,56,5,3,34.00,23.00,9,12,13
26/2/18-12:4:56,140,70,159,57,5,3,34.00,23.00,9,12,13
26/2/18-12:5:57,144,70,160,60,5,3,34.00,23.00,8,11,11
26/2/18-12:6:58,144,70,159,70,5,1,34.00,23.00,8,11,11
26/2/18-12:7:59,144,71,183,62,5,1,34.00,23.00,9,12,13
26/2/18-12:9:0,145,70,173,77,5,3,34.00,23.00,9,12,13
26/2/18-12:10:1,144,72,177,66,5,1,34.00,23.00,6,9,10
26/2/18-12:11:2,142,70,160,58,7,1,34.00,23.00,6,8,8
26/2/18-12:12:3,140,69,148,49,5,3,34.00,23.00,8,11,12
26/2/18-12:13:4,141,70,164,63,6,2,34.00,23.00,7,10,11
26/2/18-12:14:5,140,71,141,54,4,1,34.00,23.00,8,10,11
26/2/18-12:15:6,142,71,157,58,2,0,34.00,23.00,7,11,12
26/2/18-12:16:7,139,67,139,43,5,4,34.00,23.00,9,11,11
26/2/18-12:17:8,142,72,167,71,6,2,34.00,23.00,9,11,11
26/2/18-12:18:9,143,71,151,74,5,2,35.00,23.00,10,11,13
26/2/18-12:19:10,139,71,182,94,3,0,34.00,24.00,9,11,12
26/2/18-12:20:11,141,67,163,62,5,3,34.00,23.00,9,11,13
26/2/18-12:21:12,142,71,153,55,4,1,33.00,23.00,9,11,13
26/2/18-12:22:13,143,72,177,75,4,2,34.00,23.00,8,10,10
26/2/18-12:23:14,143,71,156,66,4,1,34.00,23.00,8,10,10
26/2/18-12:24:15,139,63,181,52,5,3,34.00,23.00,9,11,11
26/2/18-12:25:16,142,71,160,58,5,0,34.00,23.00,9,11,11
26/2/18-12:26:17,142,69,159,75,5,2,34.00,23.00,9,14,14
26/2/18-12:27:18,140,68,162,55,2,1,34.00,23.00,9,14,14
26/2/18-12:28:19,139,69,186,72,6,3,34.00,23.00,9,14,15
26/2/18-12:29:20,142,71,172,66,6,1,34.00,23.00,9,14,15
26/2/18-12:30:21,138,70,162,59,6,2,34.00,23.00,9,12,15
26/2/18-12:31:22,139,68,138,47,5,3,34.00,23.00,9,12,15
26/2/18-12:32:23,139,71,163,61,5,3,34.00,24.00,8,12,14
26/2/18-12:33:24,138,70,177,75,6,3,34.00,23.00,8,12,14
26/2/18-12:34:25,137,68,163,74,6,1,34.00,23.00,11,14,14
26/2/18-12:35:26,142,68,151,58,4,3,34.00,24.00,11,14,14
26/2/18-12:36:27,141,70,166,71,5,1,34.00,23.00,12,20,23
26/2/18-12:37:28,137,69,157,47,5,4,34.00,23.00,13,20,23
26/2/18-12:38:29,143,72,158,66,2,2,34.00,23.00,10,15,15
26/2/18-12:39:30,141,73,145,58,4,3,34.00,23.00,10,15,15
26/2/18-12:40:31,140,68,149,53,4,1,34.00,23.00,13,20,21
26/2/18-12:41:32,138,71,197,78,4,0,32.00,24.00,13,20,21
26/2/18-12:42:33,143,71,147,62,5,3,34.00,23.00,11,14,14
26/2/18-12:43:34,142,73,179,55,4,3,34.00,23.00,11,13,13
26/2/18-12:44:35,141,69,153,69,4,2,34.00,24.00,9,13,13
26/2/18-12:45:36,140,71,161,108,5,3,34.00,23.00,9,13,13
26/2/18-12:46:37,141,72,153,60,4,2,34.00,24.00,8,11,11
26/2/18-12:47:38,137,70,164,85,6,1,34.00,24.00,8,10,10
26/2/18-12:48:39,141,68,147,58,5,3,34.00,24.00,10,12,12
26/2/18-12:49:40,142,73,174,86,3,0,34.00,24.00,10,12,12
26/2/18-12:50:41,140,71,136,55,6,1,34.00,24.00,9,15,15
26/2/18-12:51:42,136,68,156,51,5,3,34.00,24.00,9,15,15
26/2/18-12:52:43,142,71,156,64,4,1,34.00,24.00,10,12,13
26/2/18-12:53:44,141,71,146,57,3,2,34.00,24.00,10,13,15
26/2/18-12:54:45,142,71,159,85,4,1,34.00,23.00,8,10,10
26/2/18-12:55:46,141,69,136,47,5,3,34.00,24.00,8,10,10
26/2/18-12:56:47,143,71,212,89,6,3,34.00,24.00,8,11,16
26/2/18-12:57:48,138,73,160,68,5,1,34.00,24.00,9,11,15
26/2/18-12:58:49,141,71,149,58,4,2,34.00,24.00,8,10,11
26/2/18-12:59:50,139,68,143,55,4,2,34.00,24.00,8,10,11
26/2/18-13:0:51,142,70,180,89,4,2,34.00,24.00,8,12,12
26/2/18-13:1:52,142,72,158,61,6,3,33.00,23.00,8,12,12
26/2/18-13:2:53,137,69,131,45,4,2,34.00,24.00,10,16,16
26/2/18-13:3:54,138,69,149,66,7,3,34.00,24.00,10,16,16
26/2/18-13:4:55,141,70,155,74,5,3,34.00,24.00,8,11,12
26/2/18-13:5:56,143,71,154,63,5,2,34.00,24.00,8,11,12
26/2/18-13:6:57,142,68,130,44,4,3,34.00,24.00,8,10,10
26/2/18-13:7:58,137,68,129,48,6,3,33.00,25.00,8,10,10
26/2/18-13:8:59,136,69,179,94,7,2,33.00,25.00,9,15,15
26/2/18-13:10:0,138,68,167,74,6,3,33.00,25.00,9,15,15
26/2/18-13:11:1,139,72,181,60,4,3,33.00,25.00,10,13,14
26/2/18-13:12:2,139,71,181,67,6,1,33.00,25.00,10,13,14
26/2/18-13:13:3,138,70,161,65,5,0,33.00,25.00,10,11,11
26/2/18-13:14:4,136,69,150,66,4,3,34.00,24.00,10,11,11
26/2/18-13:15:5,136,72,169,82,5,3,33.00,25.00,9,12,12
26/2/18-13:16:6,139,71,140,58,6,1,34.00,24.00,10,13,13
26/2/18-13:17:7,136,68,143,48,4,3,34.00,24.00,9,11,11
26/2/18-13:18:8,137,70,176,72,4,1,34.00,24.00,9,11,11
26/2/18-13:19:9,136,69,148,63,4,2,34.00,24.00,8,11,11
26/2/18-13:20:10,140,70,178,91,3,4,34.00,24.00,8,11,11
26/2/18-13:21:11,143,70,160,87,5,2,33.00,25.00,7,9,13
26/2/18-13:22:12,139,70,146,56,5,2,34.00,24.00,7,9,13
26/2/18-13:23:13,142,70,176,63,5,3,33.00,25.00,7,10,10
26/2/18-13:24:14,139,69,154,61,6,4,33.00,25.00,7,10,10
26/2/18-13:25:15,140,74,153,56,4,3,33.00,25.00,4,8,10
26/2/18-13:26:16,139,69,201,77,5,3,33.00,25.00,5,9,11
26/2/18-13:27:17,137,70,162,59,5,2,33.00,25.00,7,9,9
26/2/18-13:28:18,139,69,165,63,5,1,33.00,25.00,7,9,9
26/2/18-13:29:19,134,70,165,60,5,1,32.00,25.00,8,13,13
26/2/18-13:30:20,141,71,175,97,5,2,33.00,25.00,8,13,13
26/2/18-13:31:21,135,69,157,49,4,3,33.00,25.00,8,9,10
26/2/18-13:32:22,140,70,192,145,6,3,33.00,25.00,8,9,10
26/2/18-13:33:23,140,71,190,84,4,2,33.00,25.00,8,10,10
26/2/18-13:34:24,135,71,141,55,4,1,32.00,25.00,8,10,10
26/2/18-13:35:25,137,69,137,47,6,4,33.00,25.00,6,8,10
26/2/18-13:36:26,134,71,159,63,5,2,32.00,25.00,6,8,10
26/2/18-13:37:27,139,72,165,68,4,1,33.00,25.00,6,8,10
26/2/18-13:38:28,134,68,207,90,4,3,33.00,25.00,7,9,11
26/2/18-13:39:29,134,71,155,66,6,1,32.00,25.00,7,8,10
26/2/18-13:40:30,138,70,137,60,6,1,33.00,25.00,7,8,10
26/2/18-13:41:31,138,71,165,70,6,1,33.00,25.00,7,9,9
26/2/18-13:42:32,136,69,155,51,4,2,33.00,25.00,7,9,9
26/2/18-13:43:33,136,70,182,77,5,3,32.00,26.00,7,9,9
26/2/18-13:44:34,134,70,160,65,5,4,33.00,25.00,6,8,8
26/2/18-13:45:35,136,71,177,80,5,3,33.00,25.00,7,8,10
26/2/18-13:46:36,133,68,167,65,5,2,33.00,25.00,7,8,10
26/2/18-13:47:37,135,69,162,62,4,3,31.00,25.00,8,9,9
26/2/18-13:48:38,134,69,170,63,5,3,32.00,25.00,8,9,9
26/2/18-13:49:39,133,69,150,65,5,2,32.00,25.00,6,8,9
26/2/18-13:50:40,137,67,167,59,6,4,33.00,25.00,6,8,9
26/2/18-13:51:41,135,69,174,90,4,3,32.00,25.00,6,7,7
26/2/18-13:52:42,136,72,179,110,5,3,33.00,25.00,6,7,7
26/2/18-13:53:43,137,70,147,59,4,1,32.00,25.00,8,10,10
26/2/18-13:54:44,137,69,149,51,5,3,32.00,25.00,8,10,10
26/2/18-13:55:45,138,71,156,60,4,1,32.00,25.00,8,9,11
26/2/18-13:56:46,134,70,174,71,5,0,32.00,25.00,8,9,11
26/2/18-13:57:47,134,72,151,55,4,3,33.00,25.00,7,8,8
26/2/18-13:58:48,135,71,145,66,4,1,32.00,25.00,7,8,8
26/2/18-13:59:49,139,69,173,81,4,2,33.00,25.00,7,10,10
26/2/18-14:0:50,135,71,149,64,5,1,33.00,25.00,7,10,10
26/2/18-14:1:51,135,69,143,47,3,1,33.00,25.00,8,9,9
26/2/18-14:2:52,133,70,165,70,5,1,33.00,25.00,8,9,9
26/2/18-14:3:53,134,71,145,56,4,1,32.00,25.00,7,7,7
26/2/18-14:4:54,133,70,178,60,5,3,33.00,25.00,7,7,7
26/2/18-14:5:55,132,68,162,57,4,1,33.00,26.00,6,7,9
26/2/18-14:6:56,134,71,145,55,4,0,32.00,25.00,6,7,9
26/2/18-14:7:57,138,70,158,57,5,3,32.00,25.00,7,8,9
26/2/18-14:8:58,136,71,161,61,4,3,32.00,26.00,7,8,8
26/2/18-14:9:59,136,69,152,62,5,2,32.00,25.00,8,9,9
26/2/18-14:11:0,133,70,169,71,6,1,32.00,25.00,8,9,9
26/2/18-14:12:1,133,71,169,61,4,2,32.00,26.00,8,11,12
26/2/18-14:13:2,133,68,168,68,5,3,32.00,26.00,8,11,13
26/2/18-14:14:3,134,69,221,127,6,4,32.00,25.00,7,10,10
26/2/18-14:15:4,133,70,174,65,4,3,32.00,25.00,7,10,10
26/2/18-14:16:5,137,69,160,68,5,3,32.00,26.00,7,10,10
26/2/18-14:17:6,132,70,179,78,5,3,33.00,25.00,7,10,10
26/2/18-14:18:7,133,66,148,52,6,3,32.00,26.00,6,8,10
26/2/18-14:19:8,132,69,154,60,5,3,32.00,25.00,6,8,10
26/2/18-14:20:9,134,70,149,66,6,1,32.00,26.00,6,9,9
26/2/18-14:21:10,131,69,171,69,5,3,32.00,26.00,6,9,9
26/2/18-14:22:11,131,67,133,46,5,3,32.00,26.00,5,7,7
26/2/18-14:23:12,136,70,169,69,6,3,32.00,26.00,5,7,7
26/2/18-14:24:13,135,68,156,53,4,3,32.00,26.00,7,11,11
26/2/18-14:25:14,135,71,166,71,4,2,32.00,26.00,7,11,11
26/2/18-14:26:15,131,71,169,63,4,1,32.00,26.00,8,10,10
26/2/18-14:27:16,130,68,144,61,6,2,33.00,26.00,8,10,11
26/2/18-14:28:17,134,67,176,67,5,3,33.00,26.00,7,8,8
26/2/18-14:29:18,136,69,154,58,4,3,32.00,26.00,7,8,8
26/2/18-14:30:19,135,70,186,92,4,1,32.00,26.00,5,8,9
26/2/18-14:31:20,130,69,165,86,5,3,32.00,26.00,5,8,9
26/2/18-14:32:21,130,68,131,47,5,2,32.00,26.00,6,9,10
26/2/18-14:33:22,136,71,155,65,5,3,32.00,26.00,6,9,10
26/2/18-14:34:23,132,70,175,65,4,1,32.00,26.00,5,6,6
26/2/18-14:35:24,129,70,152,59,5,1,32.00,26.00,6,7,7
26/2/18-14:36:25,130,67,146,53,6,4,32.00,26.00,6,8,9
26/2/18-14:37:26,135,70,160,68,6,3,32.00,26.00,6,8,9
26/2/18-14:38:27,130,71,163,62,4,1,32.00,26.00,4,6,7
26/2/18-14:39:28,130,69,150,54,6,2,32.00,26.00,4,6,7
26/2/18-14:40:28,134,67,136,56,2,3,32.00,26.00,5,8,9
26/2/18-14:41:29,132,69,157,58,5,1,32.00,26.00,5,8,9
26/2/18-14:42:30,135,69,164,61,5,3,32.00,26.00,4,5,5
26/2/18-14:43:31,135,71,140,57,4,3,32.00,26.00,4,5,5
26/2/18-14:44:32,134,66,144,64,5,3,32.00,26.00,4,5,5
26/2/18-14:45:33,132,72,194,82,5,3,32.00,26.00,5,6,6
26/2/18-14:46:34,135,75,176,82,2,0,32.00,26.00,5,6,6
26/2/18-14:47:35,135,70,171,65,5,2,32.00,26.00,4,6,6
26/2/18-14:48:36,130,67,141,51,5,3,32.00,26.00,6,7,8
26/2/18-14:49:37,130,71,167,75,5,2,32.00,26.00,6,7,8
26/2/18-14:50:38,130,71,153,62,6,1,32.00,26.00,6,7,9
26/2/18-14:51:39,130,69,165,70,5,3,32.00,26.00,6,8,10
26/2/18-14:52:40,131,68,165,56,4,3,32.00,26.00,6,7,7
26/2/18-14:53:41,131,72,166,60,3,1,32.00,26.00,6,7,7
26/2/18-14:54:42,131,70,154,71,5,3,32.00,26.00,5,7,8
26/2/18-14:55:43,133,74,176,72,4,2,32.00,26.00,5,7,8
26/2/18-14:56:44,128,68,166,70,6,3,32.00,26.00,5,5,5
26/2/18-14:57:45,132,73,165,102,4,3,32.00,26.00,5,5,5
26/2/18-14:58:46,130,70,171,60,5,2,32.00,26.00,7,9,9
26/2/18-14:59:47,132,70,157,57,6,1,32.00,26.00,7,9,9
26/2/18-15:0:48,131,69,137,48,4,2,32.00,26.00,4,7,8
26/2/18-15:1:49,130,69,175,66,5,3,32.00,26.00,4,7,8
26/2/18-15:2:50,131,70,148,61,4,1,32.00,26.00,4,5,5
26/2/18-15:3:51,129,69,159,62,4,1,32.00,26.00,4,5,5
26/2/18-15:4:52,131,66,145,63,6,3,32.00,26.00,4,6,8
26/2/18-15:5:53,131,69,163,62,5,1,0.00,1.00,4,6,8
26/2/18-15:6:54,130,71,195,104,4,2,32.00,26.00,5,6,6
26/2/18-15:7:55,130,70,163,121,5,2,32.00,26.00,5,5,5
26/2/18-15:8:56,128,66,161,73,5,3,32.00,26.00,4,5,6
26/2/18-15:9:57,128,70,163,75,5,1,32.00,26.00,4,5,6
26/2/18-15:10:58,131,70,142,56,4,1,32.00,26.00,4,6,6
26/2/18-15:11:59,132,71,170,64,3,1,32.00,26.00,3,5,5
26/2/18-15:13:0,131,68,179,53,3,2,32.00,26.00,3,4,4
26/2/18-15:14:1,130,70,146,54,3,2,32.00,26.00,3,4,4
26/2/18-15:15:2,130,71,171,65,3,1,31.00,27.00,2,5,5
26/2/18-15:16:3,129,69,189,93,4,2,31.00,27.00,3,6,6
26/2/18-15:17:4,130,67,137,46,5,3,32.00,26.00,3,5,5
26/2/18-15:18:5,129,69,147,59,6,3,31.00,27.00,3,5,5
26/2/18-15:19:6,129,69,164,69,5,1,32.00,26.00,4,5,6
26/2/18-15:20:7,131,70,178,64,4,2,32.00,26.00,4,5,6
26/2/18-15:21:8,127,65,146,66,5,4,31.00,27.00,3,4,4
26/2/18-15:22:9,130,68,164,60,5,3,30.00,27.00,3,4,4
26/2/18-15:23:10,132,68,144,62,5,3,31.00,27.00,3,4,4
26/2/18-15:24:11,129,69,177,68,5,3,32.00,26.00,3,4,4
26/2/18-15:25:12,127,67,146,47,4,4,32.00,26.00,5,6,6
26/2/18-15:26:13,129,70,157,56,4,2,30.00,27.00,5,6,6
26/2/18-15:27:14,131,70,159,66,4,2,31.00,28.00,4,6,6
26/2/18-15:28:15,128,70,154,62,4,1,31.00,27.00,4,6,6
26/2/18-15:29:16,126,65,128,50,5,3,31.00,27.00,2,2,2
26/2/18-15:30:17,129,69,160,76,2,2,31.00,27.00,2,2,2
26/2/18-15:31:18,128,69,146,61,4,1,33.00,26.00,3,5,5
26/2/18-15:32:19,128,68,155,58,6,4,31.00,27.00,3,5,5
26/2/18-15:33:20,126,64,168,56,6,4,31.00,27.00,3,5,5
26/2/18-15:34:21,130,68,154,61,6,3,32.00,26.00,4,6,6
26/2/18-15:35:22,128,68,181,67,6,2,32.00,27.00,3,5,6
26/2/18-15:36:23,128,68,165,59,7,0,31.00,27.00,5,7,7
26/2/18-15:37:24,124,65,167,65,3,4,31.00,27.00,6,8,8
26/2/18-15:38:25,128,68,175,80,6,3,31.00,27.00,5,6,8
26/2/18-15:39:26,128,69,166,68,4,2,33.00,26.00,5,6,8
26/2/18-15:40:27,129,70,177,103,5,0,31.00,28.00,4,5,5
26/2/18-15:41:28,130,66,177,69,5,2,31.00,27.00,4,5,5
26/2/18-15:42:29,129,70,156,106,4,1,31.00,27.00,5,6,6
26/2/18-15:43:30,131,70,162,60,5,3,31.00,27.00,5,6,6
26/2/18-15:44:31,130,69,195,83,4,2,31.00,27.00,4,6,6
26/2/18-15:45:32,128,67,183,77,5,3,31.00,27.00,4,6,6
26/2/18-15:46:33,127,70,166,69,3,0,31.00,27.00,3,4,5
26/2/18-15:47:34,128,69,171,56,4,1,31.00,27.00,3,4,5
26/2/18-15:48:35,131,70,174,61,3,1,31.00,28.00,2,4,5
26/2/18-15:49:36,131,68,149,60,3,0,32.00,26.00,2,4,5
26/2/18-15:50:37,129,68,150,57,6,2,32.00,26.00,4,5,5
26/2/18-15:51:38,130,70,148,66,4,3,31.00,27.00,4,5,5
26/2/18-15:52:39,131,69,159,79,4,1,32.00,26.00,4,5,5
26/2/18-15:53:40,128,69,166,63,4,1,31.00,27.00,4,5,5
26/2/18-15:54:41,129,66,153,52,5,3,31.00,27.00,3,4,4
26/2/18-15:55:42,131,68,180,117,5,2,32.00,26.00,3,4,4
26/2/18-15:56:43,130,69,170,71,4,0,31.00,27.00,2,3,3
26/2/18-15:57:44,127,68,144,54,4,2,31.00,27.00,2,3,3
26/2/18-15:58:45,128,67,149,46,5,3,32.00,26.00,3,5,5
26/2/18-15:59:46,129,68,140,62,5,3,31.00,27.00,3,5,5
26/2/18-16:0:47,131,69,155,66,2,0,31.00,27.00,4,5,6
26/2/18-16:1:48,131,73,133,53,2,1,32.00,26.00,4,5,6
26/2/18-16:2:49,128,64,161,54,5,3,31.00,28.00,3,4,6
26/2/18-16:3:50,129,69,184,68,5,2,31.00,27.00,3,4,6
26/2/18-16:4:51,129,68,149,57,5,2,31.00,27.00,4,5,5
26/2/18-16:5:52,128,69,164,63,5,1,31.00,27.00,4,4,4
26/2/18-16:6:53,130,67,148,46,4,2,31.00,27.00,4,5,5
26/2/18-16:7:54,128,68,151,60,5,3,31.00,27.00,4,5,5
26/2/18-16:8:55,130,68,140,54,5,3,31.00,27.00,1,3,4
26/2/18-16:9:56,127,68,155,60,4,2,31.00,27.00,1,2,3
26/2/18-16:10:57,125,68,177,65,4,2,31.00,27.00,3,4,5
26/2/18-16:11:58,131,68,202,96,6,3,31.00,28.00,3,4,5
26/2/18-16:12:59,129,70,188,104,5,1,31.00,27.00,3,6,6
26/2/18-16:14:0,125,71,175,63,6,1,31.00,28.00,4,6,6
26/2/18-16:15:1,125,67,169,67,4,1,32.00,26.00,3,3,3
26/2/18-16:16:2,130,70,150,62,4,3,31.00,27.00,4,4,4
26/2/18-16:17:3,131,69,190,70,5,2,31.00,28.00,3,4,4
26/2/18-16:18:4,125,68,195,81,5,4,31.00,27.00,3,4,4
26/2/18-16:19:5,127,65,145,53,6,4,31.00,27.00,2,4,4
26/2/18-16:20:6,130,69,152,58,4,1,31.00,27.00,2,4,4
26/2/18-16:21:7,128,68,176,72,6,2,31.00,27.00,3,4,4
26/2/18-16:22:8,129,68,167,66,4,1,31.00,27.00,3,4,4
26/2/18-16:23:9,128,66,149,50,3,3,31.00,28.00,3,5,5
26/2/18-16:24:10,128,68,163,64,4,2,31.00,28.00,3,5,5
26/2/18-16:25:11,126,68,175,58,5,3,31.00,28.00,3,4,4
26/2/18-16:26:12,127,69,150,60,5,2,31.00,28.00,3,4,4
26/2/18-16:27:13,125,66,139,54,4,2,31.00,28.00,3,4,4
26/2/18-16:28:14,127,73,153,67,5,3,30.00,28.00,3,4,4
26/2/18-16:29:15,126,67,150,55,6,3,31.00,28.00,4,5,7
26/2/18-16:30:16,127,68,172,75,5,2,31.00,28.00,3,4,5
26/2/18-16:31:17,125,64,164,60,6,4,32.00,26.00,4,5,5
26/2/18-16:32:18,127,70,185,59,4,2,30.00,28.00,4,5,5
26/2/18-16:33:19,129,69,195,68,6,0,32.00,28.00,3,4,4
26/2/18-16:34:20,127,70,182,68,4,2,31.00,28.00,3,5,5
26/2/18-16:35:21,126,67,167,72,7,2,31.00,28.00,2,3,3
26/2/18-16:36:22,126,69,166,65,4,2,31.00,28.00,2,3,3
26/2/18-16:37:23,128,69,193,76,5,2,31.00,28.00,3,3,3
26/2/18-16:38:24,127,68,162,68,5,3,31.00,28.00,3,4,4
26/2/18-16:39:25,127,68,143,52,3,3,31.00,28.00,3,4,4
26/2/18-16:40:26,124,69,169,71,5,2,31.00,28.00,3,4,4
26/2/18-16:41:27,125,73,153,66,4,0,31.00,27.00,3,4,4
26/2/18-16:42:28,125,69,138,54,4,1,31.00,27.00,3,4,4
26/2/18-16:43:29,127,67,160,72,5,3,31.00,28.00,4,5,5
26/2/18-16:44:30,125,68,163,54,4,2,31.00,27.00,4,5,5
26/2/18-16:45:31,129,69,145,56,4,1,31.00,28.00,3,4,4
26/2/18-16:46:32,126,73,165,58,4,1,31.00,28.00,3,4,4
26/2/18-16:47:33,125,69,167,77,3,1,31.00,28.00,3,4,4
26/2/18-16:48:34,126,64,147,50,6,3,31.00,28.00,3,4,4
26/2/18-16:49:35,126,68,147,58,5,3,31.00,28.00,2,2,2
26/2/18-16:50:36,126,67,156,75,5,2,31.00,28.00,2,2,2
26/2/18-16:51:37,127,68,172,82,5,4,31.00,28.00,2,4,4
26/2/18-16:52:38,127,66,148,49,5,3,31.00,27.00,2,4,4
26/2/18-16:53:39,124,73,201,91,3,2,31.00,28.00,3,3,6
26/2/18-16:54:40,126,69,180,90,4,2,31.00,28.00,2,3,6
26/2/18-16:55:41,127,68,146,60,5,2,31.00,28.00,3,4,4
26/2/18-16:56:42,124,66,150,58,4,3,31.00,28.00,3,4,4
26/2/18-16:57:43,129,71,175,57,4,2,31.00,28.00,3,5,5
26/2/18-16:58:44,128,68,159,62,5,3,31.00,28.00,3,5,5
26/2/18-16:59:45,127,69,179,68,5,3,31.00,28.00,3,5,5
26/2/18-17:0:46,125,67,172,51,4,3,31.00,28.00,3,5,5
26/2/18-17:1:47,128,71,168,72,3,1,31.00,28.00,3,4,4
26/2/18-17:2:48,127,70,159,65,4,0,31.00,28.00,3,4,4
26/2/18-17:3:49,123,69,161,61,5,2,31.00,28.00,2,3,3
26/2/18-17:4:50,125,66,139,51,5,2,31.00,28.00,2,3,3
26/2/18-17:5:51,126,68,174,69,5,3,31.00,28.00,4,4,5
26/2/18-17:6:52,127,70,139,57,4,2,31.00,28.00,4,5,6
26/2/18-17:7:53,126,68,206,136,5,3,31.00,28.00,3,4,4
26/2/18-17:8:54,122,66,164,73,5,3,31.00,28.00,3,4,4
26/2/18-17:9:55,126,68,150,60,6,1,31.00,28.00,3,4,5
26/2/18-17:10:56,123,68,159,82,6,2,31.00,28.00,3,4,5
26/2/18-17:11:57,125,68,163,67,5,3,31.00,28.00,3,4,5
26/2/18-17:12:58,122,67,141,55,4,3,31.00,28.00,3,4,5
26/2/18-17:13:59,125,69,169,83,5,2,30.00,28.00,3,3,3
26/2/18-17:15:0,125,69,200,89,4,3,31.00,28.00,3,3,3
26/2/18-17:16:1,125,69,162,58,4,2,31.00,28.00,3,5,5
26/2/18-17:17:2,121,65,148,50,6,3,31.00,28.00,3,5,5
26/2/18-17:18:3,127,67,187,80,5,2,30.00,27.00,2,4,4
26/2/18-17:19:4,124,69,169,62,4,1,32.00,28.00,2,4,4
26/2/18-17:20:5,125,67,154,63,5,3,31.00,28.00,2,3,3
26/2/18-17:21:6,122,66,171,85,5,3,31.00,28.00,2,3,3
26/2/18-17:22:7,123,68,152,61,5,1,31.00,28.00,3,3,5
26/2/18-17:23:8,123,68,166,81,7,1,31.00,28.00,3,3,5
26/2/18-17:24:9,126,68,175,65,4,0,31.00,28.00,3,4,4
26/2/18-17:25:10,124,66,158,64,5,3,31.00,28.00,3,4,4
26/2/18-17:26:11,126,69,162,58,3,0,31.00,28.00,3,4,4
26/2/18-17:27:12,125,71,157,68,3,0,31.00,28.00,3,4,4
26/2/18-17:28:13,123,68,181,70,5,3,31.00,28.00,2,2,2
26/2/18-17:29:14,123,68,170,60,4,3,31.00,28.00,2,2,2
26/2/18-17:30:15,126,65,162,45,6,3,31.00,28.00,4,5,6
26/2/18-17:31:16,125,70,177,98,4,3,31.00,28.00,4,5,6
26/2/18-17:32:17,123,69,177,89,4,1,31.00,28.00,3,4,4
26/2/18-17:33:18,123,70,151,61,4,0,31.00,28.00,3,4,4
26/2/18-17:34:19,123,65,181,68,4,3,31.00,28.00,3,5,5
26/2/18-17:35:20,124,68,159,61,4,1,31.00,28.00,3,5,5
26/2/18-17:36:21,126,69,206,120,4,2,31.00,28.00,2,3,3
26/2/18-17:37:22,124,68,167,80,4,1,31.00,28.00,2,3,3
26/2/18-17:38:23,122,66,137,47,5,2,31.00,28.00,2,3,3
26/2/18-17:39:24,125,68,147,57,4,3,31.00,28.00,3,4,4
26/2/18-17:40:25,121,67,182,74,6,2,31.00,28.00,3,4,4
26/2/18-17:41:26,121,67,169,74,5,4,31.00,28.00,3,4,4
26/2/18-17:42:27,125,66,150,48,5,2,30.00,29.00,2,3,3
26/2/18-17:43:28,121,66,204,82,5,3,30.00,29.00,2,3,3
26/2/18-17:44:29,124,67,168,70,6,2,30.00,29.00,4,5,5
26/2/18-17:45:30,124,68,144,57,5,2,30.00,29.00,4,5,5
26/2/18-17:46:31,123,65,171,75,5,2,30.00,29.00,3,5,5
26/2/18-17:47:32,123,67,142,56,4,1,30.00,29.00,3,5,5
26/2/18-17:48:33,123,70,189,68,4,2,31.00,28.00,2,3,3
26/2/18-17:49:34,123,73,160,61,4,2,30.00,29.00,2,3,3
26/2/18-17:50:35,122,65,180,59,4,2,30.00,29.00,3,3,3
26/2/18-17:51:36,124,69,173,63,4,2,28.00,29.00,3,3,3
26/2/18-17:52:37,123,68,160,63,5,3,30.00,29.00,4,5,7
26/2/18-17:53:38,123,70,197,67,4,1,30.00,29.00,4,5,7
26/2/18-17:54:39,122,63,159,64,4,3,30.00,29.00,3,5,6
26/2/18-17:55:40,120,69,207,96,4,2,29.00,29.00,3,5,6
26/2/18-17:56:41,121,68,176,61,5,3,32.00,28.00,2,3,3
26/2/18-17:57:42,122,70,186,86,4,3,30.00,29.00,3,3,3
26/2/18-17:58:43,119,67,158,49,3,2,30.00,29.00,3,5,5
26/2/18-17:59:44,123,69,161,66,4,2,30.00,29.00,3,5,5
26/2/18-18:0:45,123,69,168,62,4,1,30.00,29.00,3,5,5
26/2/18-18:1:46,119,65,175,72,6,2,30.00,29.00,3,5,5
26/2/18-18:2:47,122,68,159,119,6,1,30.00,29.00,4,5,5
26/2/18-18:3:48,119,67,164,71,4,2,30.00,29.00,4,5,5
26/2/18-18:4:49,123,68,159,64,5,2,30.00,29.00,4,5,7
26/2/18-18:5:50,124,71,179,72,4,1,30.00,29.00,4,5,7
26/2/18-18:6:51,122,68,182,73,5,3,30.00,29.00,2,4,4
26/2/18-18:7:52,123,67,170,57,5,3,30.00,29.00,2,4,4
26/2/18-18:8:53,122,68,178,105,6,2,30.00,29.00,4,5,5
26/2/18-18:9:54,123,69,192,79,4,1,30.00,29.00,4,5,5
26/2/18-18:10:55,122,70,171,69,5,1,30.00,29.00,4,6,8
26/2/18-18:11:56,123,66,151,50,5,3,30.00,29.00,4,6,8
26/2/18-18:12:57,122,71,180,77,5,0,30.00,29.00,4,6,6
26/2/18-18:13:58,119,68,196,74,5,2,30.00,29.00,4,6,6
26/2/18-18:14:59,119,71,174,71,5,1,30.00,29.00,3,4,5
26/2/18-18:16:0,118,66,171,53,6,3,30.00,29.00,3,4,5
26/2/18-18:17:1,123,70,161,64,4,1,30.00,29.00,4,5,5
26/2/18-18:18:2,122,69,163,78,4,2,30.00,29.00,4,5,5
26/2/18-18:19:3,120,69,181,71,6,2,30.00,29.00,3,5,5
26/2/18-18:20:4,118,69,169,59,4,3,30.00,29.00,3,5,5
26/2/18-18:21:5,124,71,175,68,5,3,29.00,29.00,2,3,3
26/2/18-18:22:6,123,71,178,59,7,0,30.00,29.00,2,3,3
26/2/18-18:23:7,124,72,163,64,3,1,30.00,29.00,2,3,3
26/2/18-18:24:8,121,69,179,66,4,1,31.00,28.00,3,4,4
26/2/18-18:25:9,124,68,160,57,5,3,30.00,29.00,3,5,5
26/2/18-18:26:10,123,68,143,56,5,2,30.00,29.00,3,5,5
26/2/18-18:27:11,121,69,180,69,4,1,31.00,28.00,2,4,4
26/2/18-18:28:12,118,68,154,63,5,1,30.00,29.00,2,4,4
26/2/18-18:29:13,120,69,201,114,5,2,30.00,29.00,1,2,2
26/2/18-18:30:14,124,69,159,60,4,2,30.00,29.00,1,2,2
26/2/18-18:31:15,121,69,178,66,4,1,30.00,29.00,3,4,6
26/2/18-18:32:16,120,69,160,61,4,1,30.00,29.00,3,4,6
26/2/18-18:33:17,119,65,162,51,5,4,30.00,29.00,2,4,4
26/2/18-18:34:18,123,67,157,83,5,3,30.00,29.00,2,4,4
26/2/18-18:35:19,123,70,181,69,3,0,30.00,29.00,3,4,4
26/2/18-18:36:20,119,64,176,53,6,4,30.00,29.00,3,4,4
26/2/18-18:37:21,120,67,166,61,6,3,30.00,29.00,2,3,3
26/2/18-18:38:22,122,67,186,119,4,1,30.00,29.00,2,3,3
26/2/18-18:39:23,120,69,201,81,4,1,30.00,29.00,2,2,2
26/2/18-18:40:24,120,66,150,47,5,4,30.00,29.00,2,2,2
26/2/18-18:41:25,120,67,154,63,5,3,30.00,29.00,4,6,6
26/2/18-18:42:26,123,68,160,61,7,4,30.00,29.00,4,6,6
26/2/18-18:43:27,123,69,180,66,4,1,30.00,29.00,2,3,4
26/2/18-18:44:28,122,66,175,66,4,1,30.00,29.00,2,3,4
26/2/18-18:45:29,122,68,188,74,6,2,29.00,29.00,3,4,4
26/2/18-18:46:30,123,68,165,81,5,3,31.00,29.00,3,4,4
26/2/18-18:47:31,120,68,174,75,7,3,30.00,29.00,3,4,4
26/2/18-18:48:32,118,64,140,51,5,3,30.00,29.00,3,4,4
26/2/18-18:49:33,123,68,175,62,5,3,30.00,29.00,3,4,4
26/2/18-18:50:34,124,68,163,64,5,3,30.00,29.00,3,4,4
26/2/18-18:51:35,123,67,158,59,7,2,31.00,28.00,3,4,4
26/2/18-18:52:36,123,68,148,59,5,3,31.00,28.00,3,4,4
26/2/18-18:53:37,121,65,150,47,6,4,31.00,28.00,3,4,4
26/2/18-18:54:38,121,70,244,86,3,0,31.00,28.00,3,4,4
26/2/18-18:55:39,122,68,175,72,5,3,31.00,28.00,3,3,3
26/2/18-18:56:40,121,69,162,61,4,1,31.00,28.00,3,3,3
26/2/18-18:57:41,122,64,147,50,6,4,31.00,28.00,3,4,4
26/2/18-18:58:42,123,68,174,61,5,3,31.00,27.00,3,4,4
26/2/18-18:59:43,120,68,160,63,6,2,31.00,28.00,4,4,5
26/2/18-19:0:44,124,69,179,67,4,1,31.00,28.00,4,4,5
26/2/18-19:1:45,121,64,153,57,4,4,31.00,28.00,1,4,4
26/2/18-19:2:46,125,70,178,67,5,2,30.00,29.00,2,5,5
26/2/18-19:3:47,122,68,159,67,6,2,31.00,28.00,3,4,4
26/2/18-19:4:48,124,69,165,69,4,3,31.00,28.00,2,3,3
26/2/18-19:5:49,121,66,188,59,4,2,31.00,28.00,3,3,5
26/2/18-19:6:50,123,67,159,65,5,1,31.00,28.00,3,3,5
26/2/18-19:7:51,124,72,193,103,6,1,31.00,27.00,4,5,5
26/2/18-19:8:52,125,69,177,64,4,3,31.00,28.00,3,5,5
26/2/18-19:9:53,123,65,142,46,5,3,31.00,28.00,3,4,4
26/2/18-19:10:54,123,67,191,66,4,1,30.00,28.00,3,4,4
26/2/18-19:11:55,126,67,153,58,5,3,31.00,28.00,2,3,3
26/2/18-19:12:56,125,73,183,86,4,1,31.00,27.00,3,3,3
26/2/18-19:13:57,122,65,151,58,4,2,31.00,27.00,4,5,6
26/2/18-19:14:58,122,67,172,62,5,3,31.00,27.00,4,5,6
26/2/18-19:15:59,126,67,171,68,5,2,32.00,27.00,4,5,6
26/2/18-19:17:0,122,68,148,63,7,1,31.00,27.00,4,5,6
26/2/18-19:18:1,121,65,194,94,5,3,31.00,27.00,3,4,4
26/2/18-19:19:2,124,68,177,67,4,1,31.00,27.00,3,4,4
26/2/18-19:20:3,122,68,166,66,6,1,31.00,27.00,4,6,7
26/2/18-19:21:4,124,69,171,67,6,2,32.00,26.00,4,6,8
26/2/18-19:22:5,123,67,156,63,6,2,32.00,26.00,6,7,8
26/2/18-19:23:6,126,68,155,63,5,2,31.00,27.00,6,7,8
26/2/18-19:24:7,124,69,158,60,4,1,32.00,26.00,4,5,5
26/2/18-19:25:8,122,68,165,58,5,2,31.00,27.00,4,5,5
26/2/18-19:26:9,124,67,155,85,5,3,31.00,27.00,4,6,6
26/2/18-19:27:10,124,68,177,56,5,2,31.00,27.00,4,6,6
26/2/18-19:28:11,127,68,164,73,6,3,31.00,27.00,5,6,6
26/2/18-19:29:12,127,67,170,63,5,3,31.00,27.00,5,6,6
26/2/18-19:30:13,126,68,175,72,4,1,31.00,27.00,4,6,7
26/2/18-19:31:14,122,66,154,48,5,3,32.00,26.00,4,6,7
26/2/18-19:32:15,124,66,210,89,6,3,31.00,27.00,4,5,5
26/2/18-19:33:16,126,68,183,63,7,4,32.00,26.00,4,5,7
26/2/18-19:34:17,124,67,182,82,8,2,31.00,27.00,4,5,5
26/2/18-19:35:18,122,66,170,60,6,3,31.00,27.00,4,5,5
26/2/18-19:36:19,124,67,164,65,8,2,32.00,26.00,3,4,5
26/2/18-19:37:20,123,68,165,61,6,2,31.00,27.00,3,4,4
26/2/18-19:38:21,123,67,172,81,6,3,32.00,26.00,2,3,4
26/2/18-19:39:22,125,67,173,52,5,3,31.00,27.00,2,3,4
26/2/18-19:40:23,124,69,172,75,5,2,32.00,26.00,3,4,4
26/2/18-19:41:23,126,68,221,104,5,1,31.00,27.00,3,4,4
26/2/18-19:42:24,127,70,187,68,4,1,31.00,27.00,4,5,5
26/2/18-19:43:25,126,64,162,49,6,4,31.00,27.00,4,5,5
26/2/18-19:44:26,126,69,186,68,6,3,31.00,27.00,3,4,5
26/2/18-19:45:27,126,68,180,63,6,1,32.00,26.00,3,4,5
26/2/18-19:46:28,123,68,165,59,6,3,32.00,26.00,4,6,7
26/2/18-19:47:29,122,65,164,52,7,2,32.00,26.00,4,6,7
26/2/18-19:48:30,125,69,159,64,5,3,32.00,26.00,5,8,8
26/2/18-19:49:31,125,69,176,64,5,2,32.00,26.00,4,7,7
26/2/18-19:50:32,125,68,190,68,6,3,31.00,27.00,5,7,7
26/2/18-19:51:33,124,65,165,77,7,3,32.00,26.00,5,7,7
26/2/18-19:52:34,128,66,174,67,7,4,32.00,26.00,4,5,6
26/2/18-19:53:35,128,68,169,78,6,3,32.00,26.00,4,5,6
26/2/18-19:54:36,125,69,174,70,5,1,32.00,26.00,5,6,7
26/2/18-19:55:37,123,65,171,66,7,2,32.00,26.00,5,6,7
26/2/18-19:56:38,124,68,224,75,8,2,32.00,26.00,5,8,8
26/2/18-19:57:39,128,67,178,65,6,3,32.00,26.00,5,8,8
26/2/18-19:58:40,123,71,163,63,6,1,32.00,26.00,4,6,6
26/2/18-19:59:41,125,64,190,59,7,4,32.00,26.00,4,6,6
26/2/18-20:0:42,126,70,172,62,4,1,32.00,26.00,5,7,8
26/2/18-20:1:43,125,68,175,69,4,0,32.00,26.00,5,7,8
26/2/18-20:2:44,126,70,182,78,4,0,32.00,26.00,6,7,7
26/2/18-20:3:45,128,65,153,56,7,3,32.00,26.00,5,8,8
26/2/18-20:4:46,125,67,190,83,7,3,32.00,26.00,5,8,9
26/2/18-20:5:47,124,68,197,87,6,2,32.00,26.00,5,7,7
26/2/18-20:6:48,125,68,167,66,7,3,32.00,26.00,4,6,8
26/2/18-20:7:49,125,65,192,61,8,4,32.00,26.00,6,7,10
26/2/18-20:8:50,127,70,176,64,7,3,32.00,26.00,5,7,8
26/2/18-20:9:51,126,70,186,77,7,3,32.00,26.00,5,6,7
26/2/18-20:10:52,128,70,198,98,6,2,32.00,26.00,6,8,9
26/2/18-20:11:53,126,65,227,112,8,2,32.00,26.00,6,8,9
26/2/18-20:12:54,129,69,182,71,6,2,32.00,26.00,4,6,6
26/2/18-20:13:55,128,69,283,151,8,2,32.00,26.00,5,6,6
26/2/18-20:14:56,128,68,177,66,9,2,32.00,26.00,5,7,7
26/2/18-20:15:57,128,68,164,52,7,3,32.00,26.00,5,7,7
26/2/18-20:16:58,129,68,179,71,8,3,32.00,26.00,5,7,8
26/2/18-20:17:59,128,70,179,74,7,3,32.00,26.00,6,7,8
26/2/18-20:19:0,126,72,195,80,8,2,32.00,26.00,4,6,6
26/2/18-20:20:1,128,65,228,135,9,4,32.00,26.00,5,7,7
26/2/18-20:21:2,129,70,204,76,8,2,32.00,26.00,5,8,9
26/2/18-20:22:3,125,69,184,75,9,0,32.00,26.00,5,7,9
26/2/18-20:23:4,128,67,197,86,9,3,32.00,26.00,8,10,12
26/2/18-20:24:5,126,64,180,60,9,4,32.00,26.00,8,10,12
26/2/18-20:25:6,129,69,181,73,10,3,32.00,26.00,6,8,9
26/2/18-20:26:7,128,69,178,66,10,2,32.00,26.00,5,8,9
26/2/18-20:27:8,126,69,192,75,10,1,32.00,26.00,5,7,7
26/2/18-20:28:9,127,66,178,57,11,4,32.00,26.00,5,7,7
26/2/18-20:29:10,127,68,200,78,13,3,32.00,26.00,7,10,13
26/2/18-20:30:11,127,69,192,73,11,3,32.00,26.00,6,9,11
26/2/18-20:31:12,125,69,198,87,12,2,32.00,26.00,7,9,10
26/2/18-20:32:13,128,67,179,62,11,2,32.00,26.00,6,8,9
26/2/18-20:33:14,127,68,189,68,13,2,32.00,26.00,6,10,10
26/2/18-20:34:15,129,68,196,73,12,3,32.00,26.00,6,10,10
26/2/18-20:35:16,126,68,184,67,10,2,32.00,26.00,9,11,13
26/2/18-20:36:17,126,65,192,70,12,4,32.00,26.00,9,11,13
26/2/18-20:37:18,129,69,211,108,14,4,32.00,26.00,9,12,14
26/2/18-20:38:19,127,70,183,67,12,2,32.00,26.00,9,11,13
26/2/18-20:39:20,128,68,181,77,14,2,32.00,26.00,10,15,16
26/2/18-20:40:21,127,66,183,66,10,3,32.00,26.00,10,15,16
26/2/18-20:41:22,126,69,235,109,12,1,32.00,26.00,10,12,13
26/2/18-20:42:23,127,69,181,72,12,2,32.00,26.00,9,11,11
26/2/18-20:43:24,129,65,201,81,11,3,32.00,26.00,10,14,16
26/2/18-20:44:25,129,68,184,78,11,3,32.00,26.00,9,13,15
26/2/18-20:45:26,127,69,206,96,10,2,32.00,26.00,10,13,14
26/2/18-20:46:27,125,68,185,77,11,4,32.00,26.00,10,13,14
26/2/18-20:47:28,128,66,191,72,9,3,32.00,26.00,9,13,13
26/2/18-20:48:29,125,67,204,85,12,3,32.00,26.00,9,13,13
26/2/18-20:49:30,129,68,175,67,9,1,32.00,26.00,9,11,12
26/2/18-20:50:31,126,63,174,67,8,3,32.00,26.00,9,11,12
26/2/18-20:51:32,129,68,187,69,8,1,32.00,26.00,9,12,14
26/2/18-20:52:33,131,69,199,91,9,3,32.00,26.00,9,12,14
26/2/18-20:53:34,128,70,193,112,7,3,32.00,26.00,9,12,12
26/2/18-20:54:35,126,66,165,57,10,5,32.00,25.00,9,12,12
26/2/18-20:55:36,128,68,198,93,12,3,32.00,26.00,9,13,13
26/2/18-20:56:37,128,68,190,77,11,3,32.00,26.00,9,13,13
26/2/18-20:57:38,126,68,198,123,9,3,32.00,26.00,10,14,15
26/2/18-20:58:39,127,66,189,76,7,3,32.00,25.00,10,14,15
26/2/18-20:59:40,130,70,190,64,7,1,32.00,25.00,10,15,16
26/2/18-21:0:41,128,69,171,76,9,1,32.00,26.00,10,15,17
26/2/18-21:1:42,127,68,170,72,8,3,32.00,25.00,8,10,10
26/2/18-21:2:43,128,67,206,90,8,3,32.00,26.00,9,11,11
26/2/18-21:3:44,131,68,170,65,8,4,32.00,26.00,9,12,15
26/2/18-21:4:45,129,68,171,78,8,2,32.00,26.00,10,13,16
26/2/18-21:5:46,130,67,180,74,8,3,32.00,26.00,9,15,15
26/2/18-21:6:47,127,70,237,104,6,2,32.00,25.00,9,15,15
26/2/18-21:7:48,129,70,186,69,6,2,32.00,26.00,8,12,12
26/2/18-21:8:49,128,68,186,72,9,3,32.00,25.00,7,11,11
26/2/18-21:9:50,127,68,186,80,8,1,32.00,26.00,10,14,14
26/2/18-21:10:51,129,69,180,81,8,1,32.00,26.00,10,14,14
26/2/18-21:11:52,127,68,173,61,5,2,32.00,26.00,9,13,15
26/2/18-21:12:53,128,69,167,70,6,1,32.00,26.00,9,13,15
26/2/18-21:13:54,127,69,185,85,7,2,32.00,25.00,9,12,13
26/2/18-21:14:55,127,67,168,62,7,2,32.00,25.00,10,13,14
26/2/18-21:15:56,131,69,189,67,10,3,32.00,25.00,9,10,11
26/2/18-21:16:57,128,68,176,64,9,3,32.00,26.00,10,11,12
26/2/18-21:17:58,128,68,177,77,9,2,32.00,26.00,10,15,15
26/2/18-21:18:59,126,65,181,59,7,3,32.00,25.00,10,15,15
26/2/18-21:20:0,128,67,194,66,7,2,32.00,25.00,10,13,14
26/2/18-21:21:1,126,68,185,83,8,2,32.00,25.00,10,13,14
26/2/18-21:22:2,128,65,158,53,8,2,32.00,26.00,9,12,12
26/2/18-21:23:3,128,67,170,63,8,3,32.00,25.00,9,12,12
26/2/18-21:24:4,128,70,182,75,6,3,32.00,25.00,9,12,12
26/2/18-21:25:5,129,68,213,78,7,3,32.00,25.00,9,12,12
26/2/18-21:26:6,131,67,170,56,6,1,32.00,26.00,10,14,17
26/2/18-21:27:7,132,69,172,68,8,3,32.00,25.00,10,14,17
26/2/18-21:28:8,128,68,210,120,6,0,32.00,25.00,9,15,16
26/2/18-21:29:9,127,66,161,56,7,3,32.00,25.00,9,15,16
26/2/18-21:30:10,128,68,168,65,9,1,32.00,25.00,10,14,15
26/2/18-21:31:11,131,72,188,93,6,2,32.00,25.00,10,14,15
26/2/18-21:32:12,128,67,173,68,8,4,32.00,25.00,11,18,19
26/2/18-21:33:13,129,69,192,71,7,3,32.00,25.00,10,17,18
26/2/18-21:34:14,128,66,160,58,7,4,32.00,25.00,12,16,16
26/2/18-21:35:15,129,68,186,81,8,4,32.00,25.00,12,16,16
26/2/18-21:36:16,131,68,179,66,6,2,32.00,25.00,12,17,17
26/2/18-21:37:17,128,69,199,67,7,1,32.00,25.00,12,17,17
26/2/18-21:38:18,132,69,175,66,8,1,32.00,25.00,12,15,15
26/2/18-21:39:19,129,71,208,69,7,1,32.00,25.00,12,15,15
26/2/18-21:40:20,131,67,177,54,6,3,32.00,25.00,12,16,16
26/2/18-21:41:21,129,69,216,100,8,3,32.00,25.00,12,16,16
26/2/18-21:42:22,132,68,179,71,9,3,32.00,25.00,11,16,16
26/2/18-21:43:23,132,64,171,59,7,3,32.00,25.00,12,16,16
26/2/18-21:44:24,132,66,177,66,8,3,32.00,25.00,10,16,17
26/2/18-21:45:25,129,68,171,66,6,2,32.00,25.00,9,15,18
26/2/18-21:46:26,127,65,157,54,5,1,32.00,25.00,11,15,17
26/2/18-21:47:27,129,67,192,77,7,3,32.00,25.00,11,15,17
26/2/18-21:48:28,127,65,176,80,7,3,32.00,25.00,9,14,14
26/2/18-21:49:29,132,70,189,69,7,2,31.00,25.00,9,14,14
26/2/18-21:50:30,131,68,192,73,6,2,32.00,25.00,12,15,18
26/2/18-21:51:31,128,67,183,74,8,1,32.00,25.00,12,17,20
26/2/18-21:52:32,128,65,176,58,6,2,32.00,25.00,10,14,16
26/2/18-21:53:33,128,68,194,98,9,2,32.00,25.00,10,14,16
26/2/18-21:54:34,132,68,186,69,8,3,32.00,25.00,8,11,11
26/2/18-21:55:35,130,71,184,83,8,3,32.00,25.00,8,11,11
26/2/18-21:56:36,132,65,168,57,6,3,32.00,25.00,9,11,12
26/2/18-21:57:37,128,67,170,63,8,3,32.00,25.00,9,11,12
26/2/18-21:58:38,129,67,202,80,7,2,32.00,25.00,10,14,16
26/2/18-21:59:39,129,67,168,64,7,2,32.00,25.00,10,14,16
26/2/18-22:0:40,131,66,170,51,6,3,32.00,25.00,8,11,12
26/2/18-22:1:41,133,67,190,88,6,3,32.00,25.00,8,11,12
26/2/18-22:2:42,131,68,189,62,7,3,32.00,25.00,8,13,13
26/2/18-22:3:43,131,67,176,68,8,3,32.00,25.00,8,13,13
26/2/18-22:4:44,130,64,175,58,7,4,32.00,25.00,9,13,15
26/2/18-22:5:45,130,68,248,101,8,1,32.00,25.00,9,13,15
26/2/18-22:6:46,129,70,192,75,7,0,32.00,25.00,6,9,9
26/2/18-22:7:47,130,66,177,64,11,2,32.00,25.00,7,10,10
26/2/18-22:8:48,133,67,165,58,8,2,32.00,25.00,9,13,13
26/2/18-22:9:49,132,69,194,69,7,2,32.00,25.00,9,13,13
26/2/18-22:10:50,131,68,168,63,9,3,32.00,25.00,11,20,22
26/2/18-22:11:51,129,66,161,51,7,3,32.00,25.00,11,20,22
26/2/18-22:12:52,131,66,167,62,10,4,32.00,25.00,9,13,14
26/2/18-22:13:53,128,68,194,77,11,2,32.00,25.00,10,13,13
26/2/18-22:14:54,131,67,185,70,9,3,33.00,24.00,9,17,17
26/2/18-22:15:55,128,67,171,67,9,1,32.00,25.00,9,17,17
26/2/18-22:16:56,131,65,193,79,8,1,32.00,25.00,9,12,12
26/2/18-22:17:57,130,68,174,66,10,3,32.00,25.00,9,12,12
26/2/18-22:18:58,128,67,170,67,12,2,33.00,24.00,11,16,16
26/2/18-22:19:59,131,68,211,98,11,2,32.00,25.00,11,16,16
26/2/18-22:21:0,128,65,173,58,12,3,33.00,24.00,10,14,17
26/2/18-22:22:1,131,69,174,66,12,3,32.00,25.00,10,14,17
26/2/18-22:23:2,130,66,172,66,11,3,32.00,25.00,12,15,18
26/2/18-22:24:3,129,66,180,60,8,2,33.00,24.00,12,15,18
26/2/18-22:25:4,131,68,202,77,11,0,32.00,25.00,12,17,20
26/2/18-22:26:5,132,68,175,65,11,3,33.00,24.00,12,16,20
26/2/18-22:27:6,131,66,171,57,8,2,32.00,25.00,12,16,18
26/2/18-22:28:7,129,66,182,65,10,1,32.00,25.00,12,16,18
26/2/18-22:29:8,131,69,189,68,8,2,32.00,25.00,10,14,15
26/2/18-22:30:9,132,67,203,87,7,2,32.00,25.00,10,14,15
26/2/18-22:31:10,134,69,176,66,7,0,32.00,25.00,12,16,16
26/2/18-22:32:11,133,69,200,100,8,1,32.00,25.00,12,16,16
26/2/18-22:33:12,133,69,200,71,8,3,32.00,25.00,13,18,22
26/2/18-22:34:13,129,67,173,61,7,2,33.00,24.00,13,18,22
26/2/18-22:35:14,130,66,185,81,8,2,33.00,24.00,12,14,15
26/2/18-22:36:15,132,68,186,76,10,0,34.00,25.00,12,14,15
26/2/18-22:37:16,131,67,178,65,9,3,32.00,25.00,12,15,16
26/2/18-22:38:17,131,69,160,62,5,2,33.00,24.00,12,15,16
26/2/18-22:39:18,133,69,180,100,7,3,32.00,25.00,10,15,18
26/2/18-22:40:19,128,65,177,62,6,2,33.00,24.00,10,15,17
26/2/18-22:41:20,132,69,167,61,6,1,32.00,25.00,9,12,15
26/2/18-22:42:21,131,66,171,68,9,3,34.00,25.00,9,12,15
26/2/18-22:43:22,133,67,191,85,7,3,32.00,25.00,8,14,17
26/2/18-22:44:23,129,66,158,53,7,1,33.00,24.00,8,14,17
26/2/18-22:45:24,131,67,157,61,6,3,33.00,24.00,10,14,15
26/2/18-22:46:25,131,69,183,71,7,3,32.00,25.00,10,14,15
26/2/18-22:47:26,133,69,170,73,8,2,33.00,24.00,9,13,14
26/2/18-22:48:27,129,66,171,56,6,3,33.00,24.00,9,13,14
26/2/18-22:49:28,134,69,196,64,8,3,33.00,24.00,10,13,16
26/2/18-22:50:29,129,67,187,78,8,1,33.00,24.00,10,14,15
26/2/18-22:51:30,130,70,169,65,7,1,33.00,24.00,10,13,14
26/2/18-22:52:31,131,68,175,68,6,1,33.00,24.00,10,13,14
26/2/18-22:53:32,131,69,195,86,6,1,33.00,24.00,10,13,14
26/2/18-22:54:33,133,65,164,64,7,4,33.00,24.00,10,13,14
26/2/18-22:55:34,134,67,173,67,7,3,33.00,24.00,7,12,12
26/2/18-22:56:35,134,69,190,66,7,1,33.00,24.00,7,12,12
26/2/18-22:57:36,129,67,170,68,5,2,33.00,24.00,8,11,11
26/2/18-22:58:37,131,66,162,55,6,2,33.00,24.00,8,11,11
26/2/18-22:59:38,131,67,182,58,6,2,33.00,24.00,8,11,13
26/2/18-23:0:39,131,68,183,98,7,3,33.00,24.00,8,11,13
26/2/18-23:1:40,132,69,194,103,6,1,33.00,24.00,9,12,13
26/2/18-23:2:41,130,68,159,52,6,3,33.00,24.00,9,12,13
26/2/18-23:3:42,134,68,195,76,6,2,33.00,24.00,9,13,13
26/2/18-23:4:43,130,67,175,66,7,3,33.00,24.00,9,13,13
26/2/18-23:5:44,130,65,164,54,7,4,32.00,25.00,7,9,9
26/2/18-23:6:45,131,68,188,76,6,1,33.00,24.00,7,9,9
26/2/18-23:7:46,133,68,171,70,7,0,32.00,25.00,8,10,10
26/2/18-23:8:47,130,66,204,130,8,1,33.00,24.00,8,10,10
26/2/18-23:9:48,133,71,176,62,6,0,32.00,25.00,7,10,10
26/2/18-23:10:49,132,68,177,71,6,1,32.00,25.00,7,10,10
26/2/18-23:11:50,135,68,174,63,7,3,32.00,25.00,5,8,9
26/2/18-23:12:51,132,65,159,55,7,3,32.00,25.00,5,8,9
26/2/18-23:13:52,132,66,178,59,11,3,32.00,25.00,7,10,11
26/2/18-23:14:53,131,67,168,67,8,3,32.00,25.00,7,10,11
26/2/18-23:15:54,133,68,230,106,6,1,33.00,24.00,7,11,12
26/2/18-23:16:55,132,67,155,54,7,3,33.00,24.00,7,11,12
26/2/18-23:17:56,132,67,190,105,7,1,32.00,24.00,10,12,12
26/2/18-23:18:57,133,68,180,66,6,2,32.00,25.00,10,12,12
26/2/18-23:19:58,131,69,163,64,6,2,33.00,24.00,8,12,12
26/2/18-23:20:59,134,68,173,73,8,3,33.00,24.00,8,12,12
26/2/18-23:22:0,132,66,180,63,7,3,33.00,24.00,8,11,11
26/2/18-23:23:1,132,66,170,63,5,2,33.00,24.00,8,11,11
26/2/18-23:24:2,134,68,173,70,6,3,33.00,24.00,7,12,12
26/2/18-23:25:3,130,68,183,87,7,2,34.00,24.00,7,12,12
26/2/18-23:26:4,133,69,167,62,4,1,33.00,24.00,9,11,13
26/2/18-23:27:5,133,66,170,58,8,1,33.00,24.00,9,11,13
26/2/18-23:28:6,132,67,182,67,6,3,33.00,23.00,10,13,14
26/2/18-23:29:7,131,67,180,81,6,1,33.00,24.00,10,13,14
26/2/18-23:30:8,133,68,176,67,8,1,33.00,24.00,8,11,11
26/2/18-23:31:9,132,65,160,59,8,2,33.00,24.00,8,11,11
26/2/18-23:32:10,131,68,208,124,6,1,33.00,24.00,8,11,11
26/2/18-23:33:11,131,69,189,66,7,3,33.00,24.00,8,11,11
26/2/18-23:34:12,133,68,185,65,6,1,33.00,24.00,9,13,15
26/2/18-23:35:13,131,66,179,73,6,2,33.00,24.00,9,13,15
26/2/18-23:36:14,135,68,179,66,7,0,33.00,24.00,10,13,13
26/2/18-23:37:14,133,69,194,83,6,1,33.00,24.00,10,13,13
26/2/18-23:38:15,130,70,197,73,7,3,33.00,24.00,9,12,16
26/2/18-23:39:16,132,65,164,48,7,5,33.00,23.00,9,12,16
26/2/18-23:40:17,132,68,188,68,6,1,33.00,24.00,9,12,13
26/2/18-23:41:18,135,67,194,85,7,2,33.00,24.00,9,13,14
26/2/18-23:42:19,131,69,178,79,6,2,33.00,24.00,10,13,15
26/2/18-23:43:20,133,68,174,66,8,3,33.00,24.00,10,13,15
26/2/18-23:44:21,135,67,182,82,8,3,33.00,24.00,11,15,16
26/2/18-23:45:22,133,67,184,68,9,1,33.00,23.00,11,16,16
26/2/18-23:46:23,131,66,161,56,6,3,33.00,24.00,9,11,13
26/2/18-23:47:24,135,68,174,58,5,2,33.00,23.00,9,11,13
26/2/18-23:48:25,131,67,160,57,7,3,33.00,24.00,8,17,17
26/2/18-23:49:26,132,64,169,59,7,3,32.00,24.00,9,17,17
26/2/18-23:50:27,133,68,164,58,6,3,33.00,23.00,10,14,15
26/2/18-23:51:28,135,67,167,67,7,2,33.00,24.00,10,14,15
26/2/18-23:52:29,129,68,169,63,6,1,33.00,24.00,10,15,15
26/2/18-23:53:30,130,64,180,61,6,3,33.00,23.00,10,15,15
26/2/18-23:54:31,135,69,202,89,7,3,32.00,24.00,8,10,12
26/2/18-23:55:32,130,69,173,73,5,1,33.00,24.00,8,10,12
26/2/18-23:56:33,128,66,180,62,7,2,33.00,24.00,8,11,12
26/2/18-23:57:34,131,67,175,70,7,1,32.00,24.00,8,11,12
26/2/18-23:58:35,133,69,171,71,6,1,33.00,24.00,9,12,12
26/2/18-23:59:36,133,65,154,53,6,4,33.00,24.00,9,12,12
