Hora,O3,NO2,CO,Humedad,Temperatura,P25,P10
27/2/18-0:0:37,133,67,164,60,6,3,32.00,24.00,7,10,12
27/2/18-0:1:38,132,67,169,63,7,3,33.00,24.00,7,10,12
27/2/18-0:2:39,133,67,176,65,7,3,33.00,24.00,10,12,14
27/2/18-0:3:40,131,65,189,78,7,3,33.00,24.00,10,12,14
27/2/18-0:4:41,133,67,167,57,6,1,33.00,24.00,10,15,17
27/2/18-0:5:42,134,63,194,77,7,3,33.00,24.00,9,13,15
27/2/18-0:6:43,131,66,183,66,8,1,33.00,24.00,9,14,14
27/2/18-0:7:44,131,67,171,64,6,3,33.00,23.00,9,14,14
27/2/18-0:8:45,134,68,162,71,6,1,33.00,24.00,11,14,14
27/2/18-0:9:46,131,66,164,57,7,3,33.00,23.00,11,14,14
27/2/18-0:10:47,135,68,188,79,7,3,33.00,24.00,11,15,16
27/2/18-0:11:48,131,69,165,64,5,0,33.00,24.00,10,14,16
27/2/18-0:12:49,133,64,165,52,7,3,33.00,24.00,10,13,14
27/2/18-0:13:50,132,66,178,77,7,3,33.00,24.00,10,13,14
27/2/18-0:14:51,132,67,188,69,7,1,33.00,24.00,9,14,15
27/2/18-0:15:52,130,68,170,71,7,2,33.00,24.00,9,13,14
27/2/18-0:16:53,132,68,190,72,6,1,33.00,24.00,12,22,22
27/2/18-0:17:54,133,68,175,70,5,2,33.00,23.00,12,22,22
27/2/18-0:18:55,134,65,162,55,7,5,33.00,24.00,11,14,14
27/2/18-0:19:56,134,69,165,62,6,3,33.00,24.00,11,14,14
27/2/18-0:20:57,132,67,172,93,6,1,33.00,23.00,10,14,14
27/2/18-0:21:58,133,65,162,52,8,3,33.00,23.00,10,14,14
27/2/18-0:22:59,130,68,164,65,6,1,33.00,23.00,11,15,15
27/2/18-0:24:0,135,67,162,64,8,3,33.00,23.00,11,14,16
27/2/18-0:25:1,132,67,179,70,7,1,33.00,23.00,11,13,15
27/2/18-0:26:2,135,65,176,80,8,3,33.00,23.00,11,13,15
27/2/18-0:27:3,133,68,175,74,7,3,33.00,23.00,9,12,14
27/2/18-0:28:4,131,67,168,66,9,2,33.00,23.00,9,12,12
27/2/18-0:29:5,134,68,170,66,5,3,33.00,23.00,10,13,13
27/2/18-0:30:6,132,68,153,51,7,3,33.00,23.00,10,13,13
27/2/18-0:31:7,137,67,172,66,6,2,33.00,23.00,10,13,15
27/2/18-0:32:8,135,70,173,79,5,0,33.00,23.00,9,12,14
27/2/18-0:33:9,131,67,163,66,8,1,33.00,23.00,9,13,14
27/2/18-0:34:10,136,67,173,69,7,3,33.00,23.00,9,13,14
27/2/18-0:35:11,134,65,173,70,7,2,33.00,23.00,10,15,16
27/2/18-0:36:12,131,68,164,66,8,2,33.00,23.00,10,14,15
27/2/18-0:37:13,135,65,153,54,7,3,33.00,23.00,9,13,14
27/2/18-0:38:14,133,68,179,87,7,1,33.00,23.00,9,13,14
27/2/18-0:39:15,135,68,170,63,7,3,34.00,23.00,10,13,14
27/2/18-0:40:16,131,68,161,60,8,1,33.00,23.00,10,12,14
27/2/18-0:41:17,131,67,168,62,6,0,33.00,23.00,9,11,11
27/2/18-0:42:18,135,70,171,63,8,1,32.00,23.00,9,11,11
27/2/18-0:43:19,133,68,169,64,8,3,33.00,23.00,10,12,12
27/2/18-0:44:20,133,67,170,70,9,1,33.00,23.00,9,12,12
27/2/18-0:45:21,135,65,151,55,9,3,33.00,23.00,9,11,12
27/2/18-0:46:22,135,67,168,67,10,2,33.00,23.00,9,11,12
27/2/18-0:47:23,135,68,166,65,10,3,33.00,23.00,9,13,13
27/2/18-0:48:24,132,68,167,70,11,3,33.00,23.00,10,12,12
27/2/18-0:49:25,134,66,159,56,8,3,33.00,23.00,9,12,12
27/2/18-0:50:26,132,68,167,64,9,3,33.00,23.00,9,12,12
27/2/18-0:51:27,133,66,170,69,10,1,62.00,23.00,9,12,12
27/2/18-0:52:28,135,67,163,64,10,0,33.00,23.00,9,12,12
27/2/18-0:53:29,133,67,159,59,10,4,33.00,23.00,8,12,12
27/2/18-0:54:30,132,67,164,64,11,4,33.00,23.00,8,12,12
27/2/18-0:55:31,135,67,166,63,12,1,33.00,23.00,10,14,15
27/2/18-0:56:32,134,68,171,74,11,1,33.00,23.00,10,14,15
27/2/18-0:57:33,132,67,167,56,10,3,33.00,23.00,12,14,15
27/2/18-0:58:34,133,68,179,71,12,1,34.00,22.00,12,14,15
27/2/18-0:59:35,135,68,173,74,13,3,34.00,22.00,12,14,16
27/2/18-1:0:36,131,65,170,68,12,3,34.00,22.00,12,14,16
27/2/18-1:1:37,132,67,168,62,14,2,34.00,22.00,10,14,15
27/2/18-1:2:38,133,68,174,67,14,2,33.00,23.00,10,14,15
27/2/18-1:3:39,134,68,180,77,13,1,34.00,22.00,9,11,13
27/2/18-1:4:40,136,66,166,57,14,3,34.00,22.00,9,11,13
27/2/18-1:5:41,139,68,175,69,13,2,34.00,22.00,9,13,13
27/2/18-1:6:42,137,69,172,64,12,1,35.00,22.00,9,13,13
27/2/18-1:7:43,134,71,172,66,12,1,34.00,22.00,9,16,16
27/2/18-1:8:44,133,67,180,67,12,1,34.00,22.00,9,16,16
27/2/18-1:9:45,134,68,173,66,12,4,35.00,22.00,9,13,13
27/2/18-1:10:46,135,68,173,63,13,2,34.00,22.00,9,13,13
27/2/18-1:11:47,135,67,167,57,11,2,33.00,23.00,10,15,15
27/2/18-1:12:48,135,69,172,67,14,3,33.00,22.00,10,15,15
27/2/18-1:13:49,136,68,173,68,13,2,34.00,22.00,9,14,15
27/2/18-1:14:50,135,68,169,68,13,2,34.00,22.00,9,14,15
27/2/18-1:15:51,133,66,155,53,12,3,34.00,22.00,8,11,11
27/2/18-1:16:52,138,68,166,66,12,3,34.00,22.00,8,11,11
27/2/18-1:17:53,136,69,175,67,11,2,34.00,22.00,9,13,13
27/2/18-1:18:54,135,69,179,66,11,1,34.00,22.00,9,12,12
27/2/18-1:19:55,135,68,161,60,8,0,34.00,22.00,7,11,11
27/2/18-1:20:56,136,67,167,62,13,2,34.00,22.00,7,11,11
27/2/18-1:21:57,133,68,166,64,13,1,34.00,22.00,7,10,11
27/2/18-1:22:58,134,67,170,58,10,1,34.00,22.00,7,10,11
27/2/18-1:23:59,135,69,173,65,14,1,34.00,22.00,10,14,17
27/2/18-1:25:0,136,68,176,74,13,1,34.00,22.00,10,14,17
27/2/18-1:26:1,136,68,196,77,12,1,35.00,22.00,9,13,13
27/2/18-1:27:2,136,65,180,56,9,3,34.00,22.00,9,13,13
27/2/18-1:28:3,137,68,177,60,9,2,33.00,23.00,7,10,12
27/2/18-1:29:4,136,68,184,75,10,1,34.00,22.00,7,10,12
27/2/18-1:30:5,136,68,181,71,11,4,33.00,23.00,10,13,17
27/2/18-1:31:6,133,68,177,55,8,2,33.00,23.00,10,13,17
27/2/18-1:32:7,135,69,211,103,8,2,33.00,23.00,9,13,16
27/2/18-1:33:8,136,70,183,70,8,1,33.00,23.00,9,14,17
27/2/18-1:34:9,133,69,168,60,10,3,33.00,23.00,10,12,13
27/2/18-1:35:10,136,68,188,77,9,2,33.00,23.00,10,12,13
27/2/18-1:36:11,133,68,180,63,11,2,33.00,23.00,8,10,11
27/2/18-1:37:12,136,70,196,65,10,2,33.00,23.00,8,11,12
27/2/18-1:38:13,135,65,170,66,10,5,33.00,23.00,8,11,12
27/2/18-1:39:14,137,68,191,66,10,4,33.00,23.00,8,12,13
27/2/18-1:40:15,137,72,171,65,8,3,34.00,23.00,10,12,14
27/2/18-1:41:16,133,69,179,64,8,0,33.00,23.00,9,12,14
27/2/18-1:42:17,135,68,175,58,7,2,33.00,23.00,9,12,14
27/2/18-1:43:18,133,70,196,77,7,1,32.00,23.00,9,11,13
27/2/18-1:44:19,135,68,172,59,7,2,33.00,23.00,9,11,13
27/2/18-1:45:20,133,71,204,85,8,2,33.00,23.00,9,12,14
27/2/18-1:46:21,132,66,170,57,10,3,33.00,23.00,9,12,14
27/2/18-1:47:22,136,69,181,68,7,3,33.00,23.00,10,15,18
27/2/18-1:48:23,134,69,170,64,8,2,33.00,23.00,10,14,15
27/2/18-1:49:24,137,70,168,61,8,3,33.00,23.00,10,15,15
27/2/18-1:50:25,133,68,190,67,10,1,33.00,23.00,10,15,15
27/2/18-1:51:26,135,70,171,66,9,0,33.00,23.00,10,13,13
27/2/18-1:52:27,133,67,172,63,7,1,33.00,23.00,10,13,13
27/2/18-1:53:28,137,70,169,59,8,2,33.00,23.00,9,13,15
27/2/18-1:54:29,138,69,178,70,5,2,33.00,23.00,9,14,16
27/2/18-1:55:30,136,69,189,75,8,2,33.00,23.00,10,14,14
27/2/18-1:56:31,133,72,174,68,7,1,34.00,23.00,10,14,14
27/2/18-1:57:32,134,68,193,70,7,3,33.00,23.00,9,12,13
27/2/18-1:58:33,135,67,166,56,6,1,33.00,23.00,9,12,13
27/2/18-1:59:34,133,68,179,70,7,3,33.00,23.00,10,13,13
27/2/18-2:0:35,137,68,166,66,8,4,33.00,23.00,10,13,13
27/2/18-2:1:36,136,69,160,50,6,3,33.00,23.00,10,19,19
27/2/18-2:2:37,137,69,192,60,8,4,33.00,23.00,10,19,19
27/2/18-2:3:38,134,70,171,59,5,0,34.00,22.00,10,14,14
27/2/18-2:4:39,135,68,170,62,6,1,33.00,23.00,10,13,13
27/2/18-2:5:40,136,66,165,48,7,5,33.00,23.00,10,14,14
27/2/18-2:6:41,137,68,170,57,8,3,34.00,23.00,10,14,14
27/2/18-2:7:42,137,68,185,82,8,4,33.00,23.00,10,12,12
27/2/18-2:8:43,133,68,168,64,7,1,33.00,23.00,10,12,12
27/2/18-2:9:44,134,66,170,62,7,3,33.00,23.00,9,13,14
27/2/18-2:10:45,135,69,170,63,6,1,33.00,23.00,9,13,14
27/2/18-2:11:46,136,69,166,60,6,1,33.00,23.00,8,12,12
27/2/18-2:12:47,136,68,158,56,6,1,33.00,23.00,8,12,12
27/2/18-2:13:48,139,68,172,58,7,3,33.00,23.00,9,13,13
27/2/18-2:14:49,134,69,169,62,6,1,33.00,23.00,9,13,13
27/2/18-2:15:50,138,68,201,107,5,3,33.00,23.00,9,11,13
27/2/18-2:16:51,136,68,161,50,5,2,33.00,23.00,9,11,13
27/2/18-2:17:52,136,69,162,65,7,0,33.00,23.00,8,12,15
27/2/18-2:18:53,138,71,189,76,5,2,34.00,23.00,8,12,15
27/2/18-2:19:54,135,67,155,59,6,2,33.00,23.00,9,14,15
27/2/18-2:20:55,133,70,175,59,6,1,33.00,23.00,9,15,15
27/2/18-2:21:56,135,69,159,58,5,2,34.00,23.00,10,13,14
27/2/18-2:22:57,134,70,167,67,6,2,33.00,23.00,10,13,14
27/2/18-2:23:58,135,66,152,53,6,1,33.00,23.00,9,12,14
27/2/18-2:24:59,135,70,164,60,6,2,33.00,23.00,9,12,14
27/2/18-2:26:0,135,67,160,56,5,3,34.00,22.00,10,13,13
27/2/18-2:27:1,135,69,163,72,6,2,34.00,22.00,10,13,13
27/2/18-2:28:2,138,68,150,49,5,2,34.00,22.00,8,12,15
27/2/18-2:29:3,137,70,167,63,6,1,34.00,22.00,8,12,14
27/2/18-2:30:4,136,70,159,57,6,3,34.00,22.00,6,9,11
27/2/18-2:31:5,136,67,158,55,7,1,34.00,22.00,6,9,11
27/2/18-2:32:6,134,68,185,72,9,3,34.00,22.00,9,12,12
27/2/18-2:33:7,134,68,158,60,7,2,35.00,22.00,10,14,14
27/2/18-2:34:8,136,70,163,68,7,1,33.00,23.00,8,10,11
27/2/18-2:35:9,135,66,159,59,7,3,33.00,23.00,8,10,11
27/2/18-2:36:10,134,69,166,64,6,1,34.00,22.00,8,11,12
27/2/18-2:37:11,135,70,162,58,6,3,33.00,23.00,8,11,14
27/2/18-2:38:12,132,68,166,57,7,1,34.00,22.00,8,12,12
27/2/18-2:39:13,136,68,188,58,6,3,34.00,22.00,7,11,11
27/2/18-2:40:14,137,69,162,56,7,2,34.00,22.00,8,11,11
27/2/18-2:41:15,138,71,170,62,7,3,35.00,22.00,9,11,11
27/2/18-2:42:15,133,68,172,74,8,2,34.00,22.00,8,9,9
27/2/18-2:43:16,134,68,170,64,7,3,34.00,22.00,8,9,9
27/2/18-2:44:17,135,68,163,58,6,1,34.00,22.00,8,10,11
27/2/18-2:45:18,136,69,161,61,7,1,34.00,22.00,9,12,13
27/2/18-2:46:19,134,68,164,69,9,3,34.00,22.00,8,12,13
27/2/18-2:47:20,136,69,165,60,8,1,34.00,22.00,8,12,13
27/2/18-2:48:21,135,70,168,65,6,3,34.00,22.00,9,12,13
27/2/18-2:49:22,135,69,156,58,7,3,34.00,22.00,9,12,13
27/2/18-2:50:23,137,66,146,48,7,3,35.00,22.00,8,12,12
27/2/18-2:51:24,135,70,177,64,6,0,34.00,22.00,8,12,12
27/2/18-2:52:25,136,68,163,63,6,1,35.00,22.00,8,10,12
27/2/18-2:53:26,134,69,173,67,7,0,34.00,22.00,8,11,13
27/2/18-2:54:27,134,68,148,49,8,4,34.00,22.00,9,11,12
27/2/18-2:55:28,139,71,162,59,8,2,33.00,22.00,9,11,12
27/2/18-2:56:29,135,69,164,63,9,3,34.00,22.00,8,11,11
27/2/18-2:57:30,135,65,154,54,6,1,34.00,22.00,9,12,12
27/2/18-2:58:31,137,69,166,68,8,3,33.00,22.00,10,13,13
27/2/18-2:59:32,137,68,169,60,7,3,34.00,22.00,10,13,13
27/2/18-3:0:33,138,69,158,61,9,2,35.00,22.00,8,12,14
27/2/18-3:1:34,134,66,156,56,7,3,34.00,21.00,8,12,14
27/2/18-3:2:35,134,69,171,65,9,1,34.00,22.00,9,14,14
27/2/18-3:3:36,135,70,162,60,6,0,34.00,22.00,9,13,13
27/2/18-3:4:37,137,70,163,62,5,1,34.00,21.00,9,11,13
27/2/18-3:5:38,134,67,155,55,9,2,35.00,22.00,9,11,13
27/2/18-3:6:39,135,69,162,62,7,1,34.00,22.00,9,12,17
27/2/18-3:7:40,134,68,158,60,8,1,34.00,22.00,9,12,16
27/2/18-3:8:41,138,70,169,64,6,2,34.00,22.00,8,13,16
27/2/18-3:9:42,137,67,154,51,6,3,35.00,22.00,9,13,17
27/2/18-3:10:43,134,68,186,77,8,3,34.00,22.00,10,16,16
27/2/18-3:11:44,137,75,180,67,6,0,35.00,22.00,10,15,16
27/2/18-3:12:45,136,69,201,113,5,0,34.00,22.00,11,13,14
27/2/18-3:13:46,137,68,153,57,7,2,35.00,22.00,11,13,14
27/2/18-3:14:47,135,71,168,61,6,3,34.00,22.00,9,11,15
27/2/18-3:15:48,137,68,191,94,7,3,35.00,22.00,9,11,15
27/2/18-3:16:49,137,69,169,58,5,1,35.00,22.00,8,11,11
27/2/18-3:17:50,137,68,173,70,5,3,35.00,22.00,8,11,11
27/2/18-3:18:51,137,71,159,59,5,2,34.00,22.00,9,13,14
27/2/18-3:19:52,136,66,165,48,4,2,35.00,22.00,9,13,14
27/2/18-3:20:53,138,70,159,58,5,1,34.00,22.00,8,11,14
27/2/18-3:21:54,138,70,170,61,4,0,35.00,22.00,8,11,14
27/2/18-3:22:55,139,69,154,60,6,0,34.00,22.00,5,7,10
27/2/18-3:23:56,137,70,142,51,5,2,34.00,22.00,5,7,10
27/2/18-3:24:57,138,68,147,57,6,1,33.00,21.00,5,7,13
27/2/18-3:25:58,137,68,162,61,6,3,35.00,21.00,5,7,13
27/2/18-3:26:59,139,68,154,52,6,3,35.00,21.00,5,8,8
27/2/18-3:28:0,138,66,145,48,6,5,34.00,21.00,5,8,8
27/2/18-3:29:1,138,69,148,56,4,3,34.00,21.00,6,7,7
27/2/18-3:30:2,137,71,146,53,3,1,34.00,21.00,6,7,7
27/2/18-3:31:3,135,67,147,50,4,3,34.00,21.00,4,11,12
27/2/18-3:32:4,140,70,158,58,4,1,34.00,21.00,4,11,12
27/2/18-3:33:5,136,68,152,59,7,2,35.00,21.00,4,7,7
27/2/18-3:34:6,139,70,158,55,6,3,34.00,21.00,4,7,7
27/2/18-3:35:7,139,67,135,45,4,2,34.00,22.00,5,7,8
27/2/18-3:36:8,138,68,144,54,6,2,34.00,21.00,5,7,8
27/2/18-3:37:9,136,68,144,55,4,1,34.00,21.00,3,5,8
27/2/18-3:38:10,139,69,155,57,4,2,35.00,20.00,4,5,10
27/2/18-3:39:11,137,66,144,62,7,3,35.00,20.00,4,7,7
27/2/18-3:40:12,138,68,157,55,5,1,35.00,20.00,4,7,7
27/2/18-3:41:13,138,72,155,65,5,1,36.00,20.00,5,7,9
27/2/18-3:42:14,140,70,151,54,4,3,36.00,20.00,5,7,9
27/2/18-3:43:15,139,68,143,47,5,2,35.00,20.00,4,5,5
27/2/18-3:44:16,142,68,146,54,7,4,35.00,19.00,4,5,5
27/2/18-3:45:17,139,69,151,54,6,3,35.00,20.00,4,7,8
27/2/18-3:46:18,139,64,159,54,4,1,36.00,20.00,4,7,8
27/2/18-3:47:19,139,68,146,53,4,2,36.00,20.00,5,8,9
27/2/18-3:48:20,137,68,139,57,6,1,36.00,20.00,5,8,9
27/2/18-3:49:21,137,69,142,60,4,3,36.00,19.00,4,6,7
27/2/18-3:50:22,141,68,143,49,3,2,36.00,19.00,3,5,6
27/2/18-3:51:23,141,68,144,54,6,2,35.00,19.00,4,6,7
27/2/18-3:52:24,139,70,160,55,6,3,37.00,19.00,4,6,7
27/2/18-3:53:25,140,69,140,55,4,2,37.00,18.00,4,7,10
27/2/18-3:54:26,141,69,139,51,5,1,37.00,18.00,4,7,10
27/2/18-3:55:27,142,69,160,55,5,2,37.00,18.00,3,4,4
27/2/18-3:56:28,140,69,139,55,5,3,37.00,18.00,3,4,4
27/2/18-3:57:29,141,69,146,61,6,1,37.00,18.00,3,6,6
27/2/18-3:58:30,139,68,144,54,4,3,37.00,18.00,3,6,6
27/2/18-3:59:31,141,69,154,55,6,3,37.00,18.00,4,5,6
27/2/18-4:0:32,140,69,148,56,5,2,37.00,18.00,4,6,6
27/2/18-4:1:33,140,67,143,57,6,1,37.00,18.00,4,7,7
27/2/18-4:2:34,139,68,141,45,4,3,37.00,18.00,4,7,7
27/2/18-4:3:35,141,70,151,58,6,1,37.00,18.00,3,5,6
27/2/18-4:4:36,142,70,150,56,4,1,37.00,18.00,3,5,5
27/2/18-4:5:37,142,69,170,78,7,2,37.00,18.00,3,4,6
27/2/18-4:6:38,141,68,138,45,5,3,37.00,18.00,3,4,6
27/2/18-4:7:39,144,70,155,57,4,3,37.00,18.00,4,6,7
27/2/18-4:8:40,142,69,150,56,4,3,38.00,18.00,4,6,7
27/2/18-4:9:41,140,74,176,77,3,1,38.00,18.00,2,3,4
27/2/18-4:10:42,143,69,142,44,6,3,38.00,18.00,2,3,4
27/2/18-4:11:43,142,69,151,55,6,1,37.00,18.00,4,5,5
27/2/18-4:12:44,143,71,145,53,5,3,37.00,18.00,4,5,5
27/2/18-4:13:45,143,68,144,55,5,2,37.00,18.00,4,6,6
27/2/18-4:14:46,140,68,164,56,4,1,37.00,18.00,4,6,6
27/2/18-4:15:47,142,69,155,60,6,2,38.00,18.00,4,5,5
27/2/18-4:16:48,142,69,162,58,6,1,37.00,18.00,4,5,5
27/2/18-4:17:49,141,70,160,55,4,2,36.00,19.00,5,7,9
27/2/18-4:18:50,142,68,154,58,4,1,36.00,19.00,4,6,8
27/2/18-4:19:51,143,69,166,62,9,2,36.00,19.00,6,8,8
27/2/18-4:20:52,141,70,155,59,7,3,38.00,18.00,6,8,8
27/2/18-4:21:53,143,69,147,46,4,2,37.00,19.00,4,5,6
27/2/18-4:22:54,143,69,153,52,5,1,37.00,18.00,4,5,6
27/2/18-4:23:55,141,69,148,55,6,1,38.00,18.00,4,5,5
27/2/18-4:24:56,141,69,150,57,6,2,37.00,18.00,4,6,6
27/2/18-4:25:57,139,70,142,47,4,1,38.00,18.00,6,8,8
27/2/18-4:26:58,143,70,153,56,4,2,37.00,18.00,6,8,8
27/2/18-4:27:59,144,71,160,57,6,3,38.00,18.00,7,9,9
27/2/18-4:29:0,140,68,138,50,6,1,38.00,18.00,6,8,8
27/2/18-4:30:1,140,67,135,45,5,2,38.00,18.00,5,7,7
27/2/18-4:31:2,144,70,145,64,4,3,37.00,18.00,5,7,7
27/2/18-4:32:3,144,68,143,54,6,1,37.00,18.00,5,8,8
27/2/18-4:33:4,144,69,172,63,6,5,38.00,18.00,6,9,9
27/2/18-4:34:5,142,68,145,47,5,3,38.00,18.00,5,8,8
27/2/18-4:35:6,143,70,143,54,4,1,38.00,18.00,5,8,8
27/2/18-4:36:7,141,69,139,52,4,1,37.00,18.00,5,7,9
27/2/18-4:37:8,145,70,136,53,5,0,38.00,18.00,5,7,9
27/2/18-4:38:9,143,69,148,61,5,3,38.00,18.00,5,8,11
27/2/18-4:39:10,145,69,140,53,7,1,37.00,18.00,5,8,11
27/2/18-4:40:11,143,71,144,62,4,2,38.00,18.00,5,8,9
27/2/18-4:41:12,145,63,131,42,3,2,38.00,18.00,5,8,9
27/2/18-4:42:13,144,69,136,52,4,1,38.00,18.00,4,6,8
27/2/18-4:43:14,142,70,133,51,4,3,38.00,18.00,4,6,8
27/2/18-4:44:15,143,70,135,53,3,0,38.00,17.00,5,8,9
27/2/18-4:45:16,140,64,126,44,4,2,38.00,17.00,5,8,9
27/2/18-4:46:17,142,69,147,55,4,1,37.00,17.00,5,7,9
27/2/18-4:47:18,147,70,150,50,4,2,39.00,17.00,5,7,9
27/2/18-4:48:19,142,69,142,51,4,0,39.00,17.00,5,8,9
27/2/18-4:49:20,145,68,129,43,6,3,39.00,17.00,5,8,9
27/2/18-4:50:21,143,68,144,53,4,1,38.00,18.00,5,8,10
27/2/18-4:51:22,145,70,139,52,5,3,39.00,18.00,5,8,9
27/2/18-4:52:23,143,69,146,55,6,3,39.00,18.00,6,9,11
27/2/18-4:53:24,142,67,130,42,5,3,38.00,17.00,6,9,11
27/2/18-4:54:25,145,70,143,54,4,2,38.00,18.00,4,7,8
27/2/18-4:55:26,143,68,131,52,6,4,38.00,18.00,5,8,9
27/2/18-4:56:27,143,69,144,52,3,2,39.00,17.00,6,8,10
27/2/18-4:57:28,145,67,151,49,6,5,39.00,17.00,6,8,10
27/2/18-4:58:29,146,69,166,62,2,0,39.00,17.00,4,6,9
27/2/18-4:59:30,144,69,147,61,4,1,39.00,17.00,4,6,9
27/2/18-5:0:31,147,69,145,67,5,2,39.00,18.00,5,8,8
27/2/18-5:1:32,145,71,143,50,4,2,39.00,18.00,5,8,8
27/2/18-5:2:33,143,70,138,51,4,3,39.00,18.00,5,7,9
27/2/18-5:3:34,146,69,144,59,5,4,39.00,17.00,5,7,9
27/2/18-5:4:35,142,66,130,44,4,1,39.00,17.00,5,10,14
27/2/18-5:5:36,145,69,144,56,7,2,39.00,17.00,5,10,14
27/2/18-5:6:37,145,69,149,66,4,1,41.00,17.00,5,13,17
27/2/18-5:7:38,141,66,142,53,4,3,40.00,17.00,5,13,17
27/2/18-5:8:39,145,69,141,55,7,1,39.00,17.00,6,8,8
27/2/18-5:9:40,144,69,147,55,6,3,40.00,17.00,6,8,8
27/2/18-5:10:40,147,71,152,55,5,2,40.00,18.00,6,8,8
27/2/18-5:11:41,143,66,136,46,7,5,40.00,18.00,6,8,8
27/2/18-5:12:42,145,67,144,56,6,2,40.00,17.00,7,9,11
27/2/18-5:13:43,143,76,159,57,5,2,40.00,17.00,7,9,11
27/2/18-5:14:44,143,73,149,55,5,2,41.00,18.00,5,8,8
27/2/18-5:15:45,143,66,141,45,5,3,40.00,18.00,5,8,8
27/2/18-5:16:46,146,69,152,57,6,1,40.00,17.00,6,8,8
27/2/18-5:17:47,145,69,150,58,6,2,41.00,18.00,5,8,9
27/2/18-5:18:48,144,69,154,66,5,1,41.00,18.00,4,7,7
27/2/18-5:19:49,145,67,140,46,5,3,41.00,17.00,4,7,7
27/2/18-5:20:50,144,74,151,55,5,2,41.00,17.00,6,9,11
27/2/18-5:21:51,144,69,158,60,7,1,41.00,18.00,7,10,11
27/2/18-5:22:52,145,68,149,55,7,1,41.00,18.00,5,8,9
27/2/18-5:23:53,146,68,143,45,3,0,41.00,18.00,5,8,9
27/2/18-5:24:54,143,71,158,58,4,0,41.00,17.00,7,10,12
27/2/18-5:25:55,141,69,157,59,6,1,41.00,17.00,6,10,12
27/2/18-5:26:56,145,68,155,50,6,2,41.00,18.00,5,9,9
27/2/18-5:27:57,143,69,154,55,8,3,40.00,18.00,5,9,9
27/2/18-5:28:58,144,72,154,55,6,1,41.00,18.00,4,5,6
27/2/18-5:29:59,142,68,158,56,6,1,41.00,18.00,3,4,5
27/2/18-5:31:0,142,68,153,54,6,1,41.00,18.00,4,6,7
27/2/18-5:32:1,141,68,154,57,6,1,41.00,18.00,4,6,7
27/2/18-5:33:2,147,69,159,63,7,3,42.00,18.00,5,7,8
27/2/18-5:34:3,142,67,153,50,6,3,41.00,18.00,5,7,8
27/2/18-5:35:4,147,70,154,57,7,3,41.00,18.00,6,12,12
27/2/18-5:36:5,147,73,157,59,7,1,41.00,17.00,6,11,11
27/2/18-5:37:6,146,69,152,48,6,4,41.00,18.00,4,6,6
27/2/18-5:38:7,144,71,165,59,6,1,41.00,18.00,4,6,6
27/2/18-5:39:8,143,69,156,58,5,0,41.00,18.00,6,9,9
27/2/18-5:40:9,142,70,162,59,10,1,41.00,18.00,6,9,9
27/2/18-5:41:10,141,66,145,48,7,2,41.00,18.00,6,8,8
27/2/18-5:42:11,144,70,156,55,6,2,41.00,18.00,6,8,8
27/2/18-5:43:12,143,69,144,47,9,4,41.00,18.00,5,9,10
27/2/18-5:44:13,147,68,150,50,7,4,41.00,17.00,6,10,11
27/2/18-5:45:14,146,71,167,67,6,2,41.00,18.00,6,8,10
27/2/18-5:46:15,146,71,157,57,5,0,41.00,17.00,6,8,10
27/2/18-5:47:16,144,73,156,59,4,2,41.00,17.00,7,9,11
27/2/18-5:48:17,144,68,144,50,7,5,41.00,18.00,7,9,11
27/2/18-5:49:18,145,69,154,55,7,1,41.00,17.00,7,10,14
27/2/18-5:50:19,146,70,160,61,7,2,42.00,18.00,6,9,13
27/2/18-5:51:20,144,70,158,63,6,2,42.00,18.00,7,10,10
27/2/18-5:52:21,141,69,154,53,5,3,42.00,18.00,7,10,10
27/2/18-5:53:22,146,72,161,59,8,4,41.00,18.00,7,9,9
27/2/18-5:54:23,143,72,157,57,7,4,41.00,18.00,6,9,9
27/2/18-5:55:24,147,73,154,59,7,3,41.00,18.00,5,8,8
27/2/18-5:56:25,143,69,149,45,4,3,41.00,18.00,5,8,8
27/2/18-5:57:26,144,71,164,63,8,3,41.00,18.00,8,11,11
27/2/18-5:58:27,144,70,166,68,8,3,42.00,18.00,7,10,10
27/2/18-5:59:28,142,71,159,58,7,1,42.00,18.00,8,10,10
27/2/18-6:0:29,145,71,178,69,8,1,41.00,18.00,8,10,10
27/2/18-6:1:30,147,74,163,56,6,1,42.00,18.00,7,10,11
27/2/18-6:2:31,146,71,164,61,8,3,42.00,18.00,8,10,12
27/2/18-6:3:32,145,71,169,61,8,0,42.00,18.00,7,11,11
27/2/18-6:4:33,147,72,168,59,8,2,42.00,18.00,7,11,11
27/2/18-6:5:34,146,69,168,58,7,3,42.00,18.00,8,11,11
27/2/18-6:6:35,145,68,158,54,9,2,43.00,18.00,8,11,11
27/2/18-6:7:36,147,72,164,60,9,3,41.00,18.00,7,10,10
27/2/18-6:8:37,143,70,167,63,9,0,43.00,18.00,7,10,10
27/2/18-6:9:38,142,69,168,65,10,1,43.00,18.00,8,11,11
27/2/18-6:10:39,143,68,154,55,8,3,43.00,18.00,8,11,11
27/2/18-6:11:40,144,73,167,58,9,3,44.00,18.00,7,10,10
27/2/18-6:12:41,145,70,167,61,8,2,44.00,18.00,7,10,10
27/2/18-6:13:42,142,71,168,66,6,2,45.00,17.00,7,10,10
27/2/18-6:14:43,145,68,160,53,8,5,44.00,18.00,7,10,10
27/2/18-6:15:44,146,71,167,58,7,2,44.00,18.00,7,9,10
27/2/18-6:16:45,147,70,165,61,9,2,44.00,18.00,8,10,11
27/2/18-6:17:46,145,71,175,72,8,2,45.00,18.00,8,12,12
27/2/18-6:18:47,144,67,165,56,9,2,45.00,18.00,8,12,12
27/2/18-6:19:48,146,72,171,68,9,3,45.00,18.00,7,11,11
27/2/18-6:20:49,146,71,169,62,8,2,45.00,18.00,7,10,10
27/2/18-6:21:50,143,71,165,65,9,3,45.00,18.00,6,9,9
27/2/18-6:22:51,146,71,179,65,9,3,45.00,18.00,6,9,9
27/2/18-6:23:52,144,71,172,62,8,1,45.00,18.00,8,11,11
27/2/18-6:24:53,145,71,165,58,8,3,45.00,18.00,8,10,10
27/2/18-6:25:54,146,70,156,50,9,4,46.00,18.00,8,12,12
27/2/18-6:26:55,143,71,171,63,9,2,45.00,18.00,8,12,12
27/2/18-6:27:56,145,70,168,63,10,3,46.00,18.00,7,8,10
27/2/18-6:28:57,144,71,180,81,10,3,47.00,18.00,8,10,11
27/2/18-6:29:58,145,72,156,49,8,3,47.00,18.00,8,11,14
27/2/18-6:30:59,145,70,168,62,10,3,47.00,18.00,8,11,14
27/2/18-6:32:0,143,72,171,67,9,2,47.00,18.00,9,11,11
27/2/18-6:33:1,141,70,167,63,9,1,47.00,18.00,9,11,11
27/2/18-6:34:2,144,69,157,54,9,3,47.00,18.00,8,11,12
27/2/18-6:35:3,142,72,178,64,8,3,46.00,18.00,7,10,11
27/2/18-6:36:4,145,70,170,63,9,2,47.00,18.00,8,12,12
27/2/18-6:37:5,144,70,169,65,11,4,47.00,18.00,7,11,11
27/2/18-6:38:6,146,73,170,62,8,0,47.00,18.00,9,12,12
27/2/18-6:39:7,147,72,165,62,11,1,47.00,18.00,9,12,12
27/2/18-6:40:8,144,71,170,67,10,3,47.00,18.00,9,12,12
27/2/18-6:41:9,144,69,160,51,8,2,46.00,18.00,9,12,12
27/2/18-6:42:10,147,70,169,58,9,3,46.00,18.00,11,13,16
27/2/18-6:43:11,143,71,169,63,9,1,46.00,18.00,11,14,16
27/2/18-6:44:12,145,71,170,66,10,3,47.00,18.00,9,13,15
27/2/18-6:45:13,142,69,163,53,9,2,47.00,18.00,9,13,15
27/2/18-6:46:14,144,71,175,64,10,2,47.00,18.00,9,12,12
27/2/18-6:47:15,145,71,180,74,12,3,46.00,18.00,9,12,12
27/2/18-6:48:16,146,70,163,55,11,3,47.00,18.00,10,14,15
27/2/18-6:49:17,145,70,175,66,11,1,46.00,18.00,10,14,15
27/2/18-6:50:18,146,72,167,59,12,3,47.00,18.00,8,10,10
27/2/18-6:51:19,144,71,172,65,13,1,47.00,18.00,9,11,11
27/2/18-6:52:20,145,70,165,57,12,1,47.00,18.00,8,13,13
27/2/18-6:53:21,142,70,170,61,15,1,46.00,18.00,8,13,13
27/2/18-6:54:22,144,71,178,70,14,1,47.00,18.00,9,14,14
27/2/18-6:55:23,146,70,172,63,14,2,47.00,18.00,8,11,14
27/2/18-6:56:24,143,70,164,52,13,4,48.00,18.00,7,10,10
27/2/18-6:57:25,144,71,182,70,13,2,48.00,18.00,7,9,9
27/2/18-6:58:26,144,72,190,84,12,1,48.00,18.00,7,9,9
27/2/18-6:59:27,144,72,171,62,13,4,47.00,18.00,8,11,11
27/2/18-7:0:28,143,70,167,49,10,3,47.00,18.00,8,11,11
27/2/18-7:1:29,146,70,170,60,10,3,46.00,18.00,9,12,12
27/2/18-7:2:30,143,71,170,60,11,3,46.00,18.00,9,12,12
27/2/18-7:3:31,145,71,171,60,10,2,46.00,18.00,9,12,12
27/2/18-7:4:32,145,70,168,57,11,2,45.00,18.00,9,12,12
27/2/18-7:5:33,144,71,170,60,15,2,45.00,18.00,10,13,14
27/2/18-7:6:34,147,71,174,60,14,3,46.00,18.00,10,13,14
27/2/18-7:7:35,145,70,172,68,12,1,46.00,17.00,10,12,12
27/2/18-7:8:36,147,70,162,48,13,3,46.00,18.00,10,12,12
27/2/18-7:9:37,145,71,177,63,14,3,46.00,18.00,9,12,13
27/2/18-7:10:38,144,73,196,93,13,1,46.00,18.00,9,12,13
27/2/18-7:11:39,145,69,162,54,13,3,47.00,18.00,9,13,14
27/2/18-7:12:40,146,71,173,61,15,4,44.00,18.00,10,15,16
27/2/18-7:13:41,143,70,172,62,15,3,46.00,18.00,9,13,13
27/2/18-7:14:42,144,69,164,50,15,3,47.00,18.00,9,13,13
27/2/18-7:15:43,145,72,174,59,16,2,47.00,18.00,9,12,13
27/2/18-7:16:44,144,70,170,59,16,3,47.00,18.00,9,12,13
27/2/18-7:17:45,142,71,172,66,15,1,47.00,18.00,10,12,12
27/2/18-7:18:46,147,73,173,62,15,3,47.00,18.00,10,12,12
27/2/18-7:19:47,145,71,172,62,15,2,47.00,18.00,8,10,10
27/2/18-7:20:47,146,72,170,64,19,4,47.00,18.00,8,11,11
27/2/18-7:21:48,145,70,160,53,14,3,48.00,18.00,9,12,14
27/2/18-7:22:49,147,74,172,65,15,2,47.00,18.00,9,12,14
27/2/18-7:23:50,142,70,172,62,17,1,48.00,18.00,9,12,13
27/2/18-7:24:51,144,73,169,63,17,3,48.00,18.00,9,13,14
27/2/18-7:25:52,142,69,163,55,14,2,48.00,18.00,9,12,12
27/2/18-7:26:53,144,69,170,62,15,1,47.00,18.00,9,12,12
27/2/18-7:27:54,145,73,173,58,14,1,48.00,18.00,10,15,15
27/2/18-7:28:55,147,71,168,62,17,2,48.00,18.00,10,15,15
27/2/18-7:29:56,144,68,161,50,16,4,48.00,18.00,9,12,12
27/2/18-7:30:57,146,71,177,63,18,1,48.00,18.00,9,12,12
27/2/18-7:31:58,145,72,174,65,19,2,48.00,18.00,10,14,16
27/2/18-7:32:59,145,72,174,63,19,3,48.00,18.00,9,12,14
27/2/18-7:34:0,142,69,163,52,19,2,48.00,18.00,9,14,14
27/2/18-7:35:1,145,71,188,76,21,3,48.00,18.00,9,14,14
27/2/18-7:36:2,143,71,175,63,22,1,48.00,18.00,10,15,16
27/2/18-7:37:3,145,73,179,69,22,3,48.00,18.00,10,15,16
27/2/18-7:38:4,147,71,164,50,21,3,48.00,18.00,10,14,15
27/2/18-7:39:5,144,72,175,63,23,3,47.00,18.00,10,14,15
27/2/18-7:40:6,147,72,174,64,26,5,48.00,18.00,11,14,14
27/2/18-7:41:7,144,69,175,61,21,2,48.00,18.00,11,14,14
27/2/18-7:42:8,147,79,178,67,25,2,48.00,18.00,11,15,15
27/2/18-7:43:9,149,71,177,65,25,0,49.00,18.00,11,15,15
27/2/18-7:44:10,144,73,179,67,28,4,48.00,18.00,9,14,16
27/2/18-7:45:11,145,71,166,54,26,4,48.00,18.00,9,14,16
27/2/18-7:46:12,146,72,190,72,28,1,48.00,18.00,11,14,15
27/2/18-7:47:13,146,72,179,65,29,1,48.00,18.00,11,14,15
27/2/18-7:48:14,145,72,176,66,32,3,48.00,18.00,12,17,19
27/2/18-7:49:15,143,70,172,60,31,3,48.00,18.00,12,17,19
27/2/18-7:50:16,147,71,181,68,37,3,48.00,18.00,13,18,18
27/2/18-7:51:17,143,71,184,69,39,2,48.00,18.00,12,17,17
27/2/18-7:52:18,144,73,185,74,39,3,48.00,18.00,13,19,20
27/2/18-7:53:19,146,69,177,65,35,3,48.00,18.00,13,19,20
27/2/18-7:54:20,146,71,181,70,42,1,48.00,18.00,13,17,22
27/2/18-7:55:21,143,71,169,58,37,4,48.00,18.00,14,18,23
27/2/18-7:56:22,145,71,184,69,42,2,48.00,18.00,13,22,26
27/2/18-7:57:23,144,78,181,71,43,4,48.00,18.00,14,22,26
27/2/18-7:58:24,143,69,168,57,38,2,49.00,18.00,15,20,23
27/2/18-7:59:25,146,77,185,70,43,2,48.00,18.00,15,20,23
27/2/18-8:0:26,143,72,185,70,45,3,48.00,18.00,12,16,22
27/2/18-8:1:27,145,72,178,66,45,3,48.00,18.00,13,17,23
27/2/18-8:2:28,146,71,185,77,46,2,48.00,18.00,13,18,20
27/2/18-8:3:29,146,73,180,68,46,1,49.00,18.00,13,19,21
27/2/18-8:4:30,145,71,188,72,48,2,49.00,18.00,13,19,19
27/2/18-8:5:31,147,72,179,68,47,0,49.00,18.00,13,19,19
27/2/18-8:6:32,145,69,170,59,42,4,49.00,18.00,13,20,20
27/2/18-8:7:33,146,72,193,77,47,0,49.00,18.00,12,19,19
27/2/18-8:8:34,145,71,186,73,49,2,49.00,18.00,13,20,22
27/2/18-8:9:35,145,69,183,62,44,2,50.00,18.00,13,20,21
27/2/18-8:10:36,145,71,185,66,48,1,50.00,18.00,14,19,21
27/2/18-8:11:37,143,71,175,56,43,2,49.00,18.00,14,18,20
27/2/18-8:12:38,147,73,180,65,48,3,49.00,18.00,14,19,25
27/2/18-8:13:39,141,72,178,70,45,1,49.00,18.00,14,19,24
27/2/18-8:14:40,144,73,178,64,41,3,49.00,18.00,12,17,21
27/2/18-8:15:41,143,73,177,65,37,3,48.00,18.00,12,17,21
27/2/18-8:16:42,146,73,180,66,34,3,48.00,18.00,12,16,16
27/2/18-8:17:43,142,68,166,50,27,2,47.00,18.00,12,16,16
27/2/18-8:18:44,144,71,182,79,26,1,45.00,18.00,13,17,19
27/2/18-8:19:45,147,73,177,63,27,4,46.00,18.00,14,19,20
27/2/18-8:20:46,145,68,169,60,24,4,45.00,18.00,12,19,19
27/2/18-8:21:47,145,72,185,73,24,2,45.00,18.00,12,19,19
27/2/18-8:22:48,143,70,173,67,24,1,45.00,18.00,17,22,22
27/2/18-8:23:49,143,69,174,71,23,4,44.00,18.00,17,22,22
27/2/18-8:24:50,146,71,178,68,24,1,45.00,18.00,14,20,22
27/2/18-8:25:51,144,70,181,77,22,1,44.00,18.00,14,20,24
27/2/18-8:26:52,148,68,170,58,23,2,44.00,18.00,14,25,26
27/2/18-8:27:53,145,70,196,95,23,3,44.00,18.00,14,25,26
27/2/18-8:28:54,146,71,183,83,23,1,44.00,18.00,16,23,25
27/2/18-8:29:55,144,70,169,55,19,3,44.00,18.00,16,23,25
27/2/18-8:30:56,144,71,175,67,21,1,43.00,18.00,16,23,24
27/2/18-8:31:57,144,71,178,69,19,2,44.00,18.00,16,23,23
27/2/18-8:32:58,143,69,172,58,16,3,43.00,18.00,14,18,20
27/2/18-8:33:59,144,71,172,66,17,1,43.00,18.00,14,18,20
27/2/18-8:35:0,145,71,176,65,20,3,44.00,18.00,16,22,22
27/2/18-8:36:1,147,72,165,57,16,2,44.00,18.00,16,21,21
27/2/18-8:37:2,143,71,183,67,17,1,42.00,18.00,12,17,21
27/2/18-8:38:3,147,69,175,65,16,1,42.00,18.00,13,17,21
27/2/18-8:39:4,146,73,171,64,15,1,43.00,18.00,11,21,24
27/2/18-8:40:5,144,73,181,68,14,3,43.00,18.00,11,21,24
27/2/18-8:41:6,147,71,165,53,12,3,43.00,18.00,14,17,17
27/2/18-8:42:7,144,71,167,67,15,2,42.00,18.00,14,17,17
27/2/18-8:43:8,146,73,171,64,15,3,42.00,18.00,12,16,17
27/2/18-8:44:9,145,71,172,60,17,1,42.00,18.00,12,16,17
27/2/18-8:45:10,144,70,170,63,15,2,42.00,18.00,11,16,17
27/2/18-8:46:11,145,73,170,60,12,1,42.00,18.00,11,16,17
27/2/18-8:47:12,145,68,159,54,16,3,42.00,18.00,12,16,16
27/2/18-8:48:13,146,70,184,71,15,2,42.00,18.00,11,15,15
27/2/18-8:49:14,145,72,172,62,14,4,43.00,18.00,11,17,17
27/2/18-8:50:15,146,70,178,63,15,1,42.00,18.00,10,17,17
27/2/18-8:51:16,143,66,164,57,13,5,42.00,18.00,9,17,17
27/2/18-8:52:17,144,73,193,70,15,3,42.00,18.00,9,17,17
27/2/18-8:53:18,145,71,175,60,16,1,42.00,18.00,10,15,17
27/2/18-8:54:19,146,70,192,84,15,1,41.00,18.00,10,15,17
27/2/18-8:55:20,146,71,178,64,13,3,42.00,18.00,11,16,16
27/2/18-8:56:21,145,70,171,64,14,4,41.00,18.00,11,17,17
27/2/18-8:57:22,145,68,158,50,12,2,41.00,18.00,11,15,15
27/2/18-8:58:23,144,71,170,63,15,3,41.00,18.00,11,15,15
27/2/18-8:59:24,144,71,176,66,18,2,41.00,18.00,11,17,20
27/2/18-9:0:25,144,70,186,67,21,1,41.00,18.00,12,18,21
27/2/18-9:1:26,145,70,174,61,22,2,42.00,18.00,11,14,15
27/2/18-9:2:27,145,69,167,55,21,3,42.00,18.00,11,15,16
27/2/18-9:3:28,147,71,174,63,27,3,42.00,18.00,13,17,20
27/2/18-9:4:29,144,72,181,66,26,2,42.00,18.00,12,17,21
27/2/18-9:5:30,147,72,182,65,28,3,43.00,18.00,11,16,17
27/2/18-9:6:31,146,70,177,66,30,2,44.00,18.00,12,17,18
27/2/18-9:7:32,146,71,175,68,29,1,44.00,18.00,12,15,17
27/2/18-9:8:33,147,71,178,68,28,0,43.00,18.00,12,15,17
27/2/18-9:9:34,147,71,191,67,29,2,44.00,18.00,12,16,18
27/2/18-9:10:35,144,72,188,72,25,2,44.00,18.00,12,16,18
27/2/18-9:11:36,143,70,191,77,22,3,43.00,18.00,11,19,21
27/2/18-9:12:37,142,70,175,57,28,3,43.00,18.00,11,18,20
27/2/18-9:13:38,143,72,204,69,26,1,41.00,19.00,11,16,16
27/2/18-9:14:39,144,73,189,76,24,3,43.00,18.00,10,16,17
27/2/18-9:15:40,145,72,172,60,21,1,41.00,19.00,11,16,18
27/2/18-9:16:41,144,71,174,62,24,3,42.00,18.00,11,16,18
27/2/18-9:17:42,145,71,183,65,24,2,42.00,18.00,9,16,20
27/2/18-9:18:43,143,70,170,59,17,2,42.00,18.00,9,16,20
27/2/18-9:19:44,144,70,182,72,20,3,42.00,18.00,10,14,14
27/2/18-9:20:45,144,71,184,73,20,2,42.00,18.00,10,14,14
27/2/18-9:21:46,146,68,185,74,17,5,41.00,18.00,9,16,17
27/2/18-9:22:47,143,72,191,67,17,1,40.00,19.00,9,16,17
27/2/18-9:23:48,146,71,177,64,16,1,41.00,18.00,10,15,15
27/2/18-9:24:49,144,72,181,64,16,3,40.00,19.00,10,15,15
27/2/18-9:25:50,143,71,182,61,17,3,40.00,19.00,11,14,14
27/2/18-9:26:51,143,70,183,73,16,2,40.00,19.00,11,14,14
27/2/18-9:27:52,142,69,173,55,13,2,41.00,18.00,10,15,18
27/2/18-9:28:53,148,72,180,70,17,3,40.00,19.00,11,16,19
27/2/18-9:29:53,147,70,172,62,18,3,43.00,18.00,11,17,17
27/2/18-9:30:54,144,69,170,57,17,1,41.00,18.00,11,17,17
27/2/18-9:31:55,144,71,180,65,21,2,40.00,19.00,11,16,16
27/2/18-9:32:56,146,71,177,65,21,1,41.00,19.00,11,16,16
27/2/18-9:33:57,143,69,166,64,18,3,42.00,18.00,12,17,19
27/2/18-9:34:58,147,70,186,68,24,3,41.00,19.00,13,18,20
27/2/18-9:35:59,142,72,179,68,25,3,41.00,19.00,14,23,24
27/2/18-9:37:0,144,66,177,75,23,4,41.00,19.00,14,23,24
27/2/18-9:38:1,145,71,188,73,27,3,40.00,19.00,13,18,20
27/2/18-9:39:2,146,71,190,83,26,3,40.00,19.00,13,18,20
27/2/18-9:40:3,147,70,184,71,24,0,41.00,18.00,13,19,23
27/2/18-9:41:4,145,71,197,78,26,3,41.00,18.00,13,19,23
27/2/18-9:42:5,145,71,187,68,26,2,41.00,18.00,14,21,21
27/2/18-9:43:6,146,69,169,59,26,5,40.00,19.00,14,21,21
27/2/18-9:44:7,143,71,177,64,30,0,40.00,18.00,14,17,18
27/2/18-9:45:8,143,71,178,70,29,1,42.00,18.00,14,17,18
27/2/18-9:46:9,144,69,168,58,27,3,40.00,19.00,16,19,22
27/2/18-9:47:10,144,73,178,64,30,2,42.00,18.00,16,19,22
27/2/18-9:48:11,142,71,180,67,32,1,41.00,19.00,13,17,18
27/2/18-9:49:12,146,74,182,69,28,1,43.00,18.00,13,17,18
27/2/18-9:50:13,146,72,178,67,29,1,42.00,19.00,15,22,22
27/2/18-9:51:14,143,72,184,71,26,2,42.00,19.00,15,22,22
27/2/18-9:52:15,144,70,172,57,22,2,41.00,19.00,16,22,26
27/2/18-9:53:16,144,71,179,66,27,2,41.00,19.00,15,21,25
27/2/18-9:54:17,145,73,181,69,28,1,42.00,19.00,13,18,19
27/2/18-9:55:18,143,74,180,66,31,2,42.00,19.00,13,18,19
27/2/18-9:56:19,146,73,202,81,27,2,42.00,19.00,13,19,19
27/2/18-9:57:20,145,73,183,65,22,0,42.00,19.00,13,19,22
27/2/18-9:58:21,145,73,214,106,24,1,42.00,19.00,14,24,24
27/2/18-9:59:22,143,72,196,79,27,3,41.00,19.00,13,23,23
27/2/18-10:0:23,141,69,181,67,25,2,41.00,19.00,15,22,23
27/2/18-10:1:24,140,72,183,75,24,1,41.00,20.00,15,22,24
27/2/18-10:2:25,145,72,185,68,24,3,41.00,20.00,14,26,29
27/2/18-10:3:26,146,73,179,68,27,3,41.00,19.00,14,25,27
27/2/18-10:4:27,145,72,184,67,26,3,41.00,19.00,12,17,18
27/2/18-10:5:28,142,72,234,124,28,1,41.00,20.00,13,18,19
27/2/18-10:6:29,142,72,186,67,23,1,41.00,20.00,14,19,20
27/2/18-10:7:30,142,73,214,117,20,1,41.00,20.00,14,19,20
27/2/18-10:8:31,141,73,183,68,18,2,41.00,20.00,17,25,31
27/2/18-10:9:32,141,72,212,77,22,2,40.00,20.00,17,24,30
27/2/18-10:10:33,142,72,183,67,21,3,41.00,19.00,17,23,24
27/2/18-10:11:34,142,74,181,70,17,1,41.00,19.00,17,23,24
27/2/18-10:12:35,145,73,210,91,18,3,40.00,20.00,16,22,25
27/2/18-10:13:36,147,72,184,78,18,3,40.00,20.00,15,20,22
27/2/18-10:14:37,143,73,186,72,16,1,41.00,20.00,17,25,29
27/2/18-10:15:38,142,72,194,77,20,4,40.00,19.00,16,24,25
27/2/18-10:16:39,143,71,182,63,16,2,40.00,20.00,16,22,25
27/2/18-10:17:40,146,72,185,68,18,4,40.00,20.00,17,23,26
27/2/18-10:18:41,144,71,175,57,16,2,40.00,20.00,18,23,26
27/2/18-10:19:42,143,71,180,56,20,3,40.00,20.00,18,23,26
27/2/18-10:20:43,142,74,192,70,23,3,40.00,20.00,16,20,23
27/2/18-10:21:44,141,71,178,68,19,3,40.00,20.00,16,20,23
27/2/18-10:22:45,146,72,173,63,21,4,40.00,20.00,14,20,20
27/2/18-10:23:46,143,72,191,75,19,3,40.00,20.00,14,20,21
27/2/18-10:24:47,141,70,173,59,11,2,40.00,20.00,13,18,18
27/2/18-10:25:48,140,72,173,63,12,1,39.00,20.00,13,18,18
27/2/18-10:26:49,141,73,184,61,10,1,39.00,20.00,10,15,15
27/2/18-10:27:50,141,73,176,69,12,1,38.00,20.00,10,15,15
27/2/18-10:28:51,141,72,183,65,10,1,39.00,20.00,10,14,14
27/2/18-10:29:52,143,72,206,71,12,3,38.00,20.00,11,15,15
27/2/18-10:30:53,140,70,164,57,10,2,38.00,20.00,11,14,16
27/2/18-10:31:54,145,73,191,72,13,1,38.00,20.00,11,14,16
27/2/18-10:32:55,141,73,193,77,11,3,38.00,20.00,9,14,16
27/2/18-10:33:56,144,69,169,60,11,3,38.00,20.00,9,14,16
27/2/18-10:34:57,145,75,175,66,10,0,38.00,20.00,10,14,17
27/2/18-10:35:58,142,71,173,61,13,1,38.00,20.00,10,14,17
27/2/18-10:36:59,145,74,183,71,13,2,38.00,20.00,12,17,19
27/2/18-10:38:0,142,68,184,67,11,0,38.00,20.00,12,17,19
27/2/18-10:39:1,142,72,178,62,12,3,38.00,20.00,10,14,15
27/2/18-10:40:2,139,70,199,70,14,1,38.00,20.00,11,15,16
27/2/18-10:41:3,141,75,165,58,13,3,37.00,21.00,11,16,16
27/2/18-10:42:4,145,71,182,78,13,4,37.00,21.00,10,16,16
27/2/18-10:43:5,143,72,173,68,9,2,38.00,20.00,8,12,12
27/2/18-10:44:6,141,71,183,79,12,1,37.00,21.00,9,13,13
27/2/18-10:45:7,142,70,182,70,11,2,37.00,20.00,10,12,13
27/2/18-10:46:8,143,71,180,82,11,1,37.00,20.00,10,12,13
27/2/18-10:47:9,141,72,154,54,9,2,37.00,20.00,7,10,11
27/2/18-10:48:10,143,70,173,69,7,1,37.00,20.00,7,10,11
27/2/18-10:49:11,141,70,161,49,7,1,37.00,20.00,8,11,15
27/2/18-10:50:12,142,71,183,66,8,2,37.00,20.00,8,11,15
27/2/18-10:51:13,142,71,173,68,7,2,37.00,20.00,8,10,11
27/2/18-10:52:14,143,71,169,63,9,2,37.00,20.00,8,10,11
27/2/18-10:53:15,141,70,176,70,10,2,36.00,21.00,7,10,12
27/2/18-10:54:16,144,70,165,61,8,1,36.00,21.00,6,9,11
27/2/18-10:55:17,140,71,167,65,6,1,36.00,21.00,5,8,9
27/2/18-10:56:18,143,69,184,71,7,3,36.00,21.00,5,8,9
27/2/18-10:57:19,144,73,186,78,8,3,36.00,21.00,7,11,15
27/2/18-10:58:20,142,71,185,66,8,3,36.00,21.00,7,11,15
27/2/18-10:59:21,140,69,160,61,9,3,36.00,21.00,7,9,13
27/2/18-11:0:22,141,69,161,55,6,2,36.00,21.00,7,9,13
27/2/18-11:1:23,143,72,184,71,5,1,35.00,21.00,5,5,5
27/2/18-11:2:24,142,71,170,68,7,3,38.00,20.00,5,5,5
27/2/18-11:3:25,144,71,176,74,7,2,35.00,21.00,7,11,11
27/2/18-11:4:26,142,70,175,61,5,2,36.00,21.00,7,11,11
27/2/18-11:5:27,145,70,206,117,11,3,34.00,21.00,6,8,11
27/2/18-11:6:28,142,70,162,60,7,3,35.00,21.00,7,9,12
27/2/18-11:7:29,141,70,170,74,7,2,35.00,21.00,6,9,11
27/2/18-11:8:30,142,67,171,59,7,3,35.00,21.00,6,9,11
27/2/18-11:9:31,145,71,175,58,6,1,35.00,21.00,6,10,12
27/2/18-11:10:32,145,70,160,61,9,3,35.00,21.00,7,11,11
27/2/18-11:11:33,143,70,203,123,9,2,36.00,21.00,6,8,10
27/2/18-11:12:34,143,67,157,50,8,2,35.00,21.00,6,8,10
27/2/18-11:13:35,142,70,184,68,9,2,35.00,21.00,7,9,10
27/2/18-11:14:36,138,68,150,51,7,2,36.00,21.00,7,9,10
27/2/18-11:15:37,142,70,175,68,7,1,35.00,22.00,6,7,10
27/2/18-11:16:38,140,71,196,78,9,3,35.00,21.00,6,7,10
27/2/18-11:17:39,141,73,170,70,8,2,35.00,22.00,7,10,10
27/2/18-11:18:40,142,69,165,63,7,2,35.00,22.00,7,10,10
27/2/18-11:19:41,139,72,163,61,8,2,35.00,22.00,7,9,9
27/2/18-11:20:42,142,71,148,57,4,1,35.00,22.00,6,8,9
27/2/18-11:21:43,140,71,173,65,7,0,35.00,22.00,6,7,11
27/2/18-11:22:44,141,70,161,70,5,2,35.00,22.00,6,7,11
27/2/18-11:23:45,141,71,171,67,6,3,35.00,22.00,7,8,8
27/2/18-11:24:46,139,71,158,63,5,1,35.00,22.00,7,9,10
27/2/18-11:25:47,142,69,162,71,5,1,35.00,22.00,6,9,11
27/2/18-11:26:48,139,68,145,49,5,2,35.00,22.00,6,9,11
27/2/18-11:27:49,141,70,181,76,6,2,35.00,22.00,6,7,10
27/2/18-11:28:50,140,71,183,99,4,1,35.00,22.00,6,7,10
27/2/18-11:29:51,142,70,151,64,6,3,35.00,22.00,7,12,12
27/2/18-11:30:52,141,71,188,80,5,3,35.00,22.00,7,12,12
27/2/18-11:31:53,141,70,166,68,8,2,35.00,22.00,7,10,12
27/2/18-11:32:54,137,69,168,62,6,1,35.00,22.00,6,9,11
27/2/18-11:33:55,138,70,173,61,5,3,35.00,22.00,7,9,9
27/2/18-11:34:56,140,69,161,67,6,4,35.00,22.00,7,9,9
27/2/18-11:35:57,141,70,151,58,7,3,35.00,21.00,6,9,9
27/2/18-11:36:58,140,69,163,68,7,1,35.00,22.00,6,9,9
27/2/18-11:37:59,138,67,162,62,6,2,35.00,22.00,6,9,11
27/2/18-11:39:0,139,71,161,61,5,1,35.00,22.00,6,9,11
27/2/18-11:40:1,141,69,206,125,7,3,35.00,21.00,7,9,9
27/2/18-11:41:2,142,70,182,82,5,1,35.00,22.00,7,10,10
27/2/18-11:42:3,142,69,163,69,7,5,35.00,22.00,7,10,12
27/2/18-11:43:4,141,70,189,66,6,1,35.00,22.00,7,10,12
27/2/18-11:44:5,142,69,188,80,8,3,37.00,21.00,8,10,10
27/2/18-11:45:6,143,70,169,62,8,2,35.00,22.00,8,10,10
27/2/18-11:46:7,139,68,160,67,7,3,35.00,22.00,7,11,11
27/2/18-11:47:8,142,69,177,61,7,3,34.00,22.00,8,12,12
27/2/18-11:48:9,139,71,186,62,7,3,35.00,22.00,10,13,16
27/2/18-11:49:9,141,69,159,57,7,1,35.00,22.00,9,13,14
27/2/18-11:50:10,139,66,143,51,6,2,35.00,22.00,9,13,13
27/2/18-11:51:11,139,70,155,58,5,3,35.00,22.00,9,13,13
27/2/18-11:52:12,138,70,199,84,7,0,35.00,22.00,6,11,11
27/2/18-11:53:13,139,69,182,72,6,1,35.00,22.00,6,11,11
27/2/18-11:54:14,140,67,186,72,5,4,35.00,22.00,9,10,10
27/2/18-11:55:15,138,68,163,60,7,3,35.00,22.00,9,10,10
27/2/18-11:56:16,141,71,187,69,5,3,35.00,22.00,7,10,10
27/2/18-11:57:17,138,70,174,79,5,1,35.00,22.00,7,10,10
27/2/18-11:58:18,136,66,172,58,5,2,35.00,22.00,9,13,16
27/2/18-11:59:19,142,69,172,61,4,2,35.00,22.00,9,13,16
27/2/18-12:0:20,139,69,168,62,5,2,35.00,22.00,9,12,12
27/2/18-12:1:21,138,68,168,67,7,3,35.00,22.00,9,12,12
27/2/18-12:2:22,140,68,163,54,5,3,35.00,22.00,9,11,11
27/2/18-12:3:23,138,69,164,74,6,2,35.00,22.00,9,11,11
27/2/18-12:4:24,141,69,169,71,7,2,35.00,22.00,8,10,14
27/2/18-12:5:25,141,71,189,96,5,2,34.00,23.00,8,10,14
27/2/18-12:6:26,137,68,167,65,5,2,35.00,22.00,8,10,10
27/2/18-12:7:27,138,67,170,76,5,3,34.00,23.00,8,10,10
27/2/18-12:8:28,138,71,160,60,7,3,34.00,23.00,8,11,11
27/2/18-12:9:29,136,70,161,71,5,3,96.00,23.00,8,11,11
27/2/18-12:10:30,140,70,180,79,6,3,34.00,23.00,7,9,11
27/2/18-12:11:31,138,71,173,77,6,1,34.00,23.00,8,10,12
27/2/18-12:12:32,136,69,175,81,5,1,35.00,22.00,7,10,10
27/2/18-12:13:33,139,66,164,58,4,2,35.00,22.00,7,10,10
27/2/18-12:14:34,139,70,163,62,4,1,35.00,22.00,7,9,11
27/2/18-12:15:35,137,69,165,74,4,1,35.00,22.00,7,9,11
27/2/18-12:16:36,139,68,162,61,6,1,35.00,22.00,7,11,11
27/2/18-12:17:37,139,68,151,53,5,3,35.00,22.00,7,11,11
27/2/18-12:18:38,139,69,163,71,7,2,34.00,22.00,9,11,14
27/2/18-12:19:39,140,69,153,68,6,1,34.00,23.00,9,11,14
27/2/18-12:20:40,140,69,178,98,5,2,34.00,23.00,7,9,9
27/2/18-12:21:41,137,67,166,61,5,2,34.00,23.00,7,9,9
27/2/18-12:22:42,138,70,162,66,4,2,35.00,22.00,9,10,12
27/2/18-12:23:43,139,69,175,70,7,3,34.00,23.00,9,10,12
27/2/18-12:24:44,139,70,161,78,4,1,34.00,23.00,8,11,14
27/2/18-12:25:45,138,68,206,102,5,1,34.00,23.00,8,11,14
27/2/18-12:26:46,140,69,162,57,4,0,34.00,23.00,7,10,12
27/2/18-12:27:47,140,70,151,62,5,1,34.00,23.00,8,10,11
27/2/18-12:28:48,141,70,159,68,4,2,34.00,23.00,6,10,10
27/2/18-12:29:49,139,67,139,49,5,2,34.00,23.00,6,10,10
27/2/18-12:30:50,138,70,176,80,4,1,34.00,23.00,7,11,11
27/2/18-12:31:51,138,70,167,68,5,3,34.00,23.00,7,11,11
27/2/18-12:32:52,136,71,152,60,6,3,34.00,23.00,8,9,12
27/2/18-12:33:53,138,71,157,65,5,3,34.00,23.00,8,9,12
27/2/18-12:34:54,139,70,161,69,4,2,34.00,23.00,7,9,10
27/2/18-12:35:55,137,70,183,80,6,3,34.00,23.00,7,10,11
27/2/18-12:36:56,138,66,159,64,7,4,34.00,23.00,9,12,12
27/2/18-12:37:57,140,71,159,62,4,1,34.00,23.00,9,12,12
27/2/18-12:38:58,135,69,145,55,4,3,34.00,23.00,9,10,10
27/2/18-12:39:59,137,71,140,63,4,2,34.00,23.00,9,11,11
27/2/18-12:41:0,136,67,151,52,6,1,34.00,23.00,8,12,14
27/2/18-12:42:1,140,69,156,73,5,3,34.00,23.00,8,12,14
27/2/18-12:43:2,136,68,163,80,4,2,34.00,23.00,7,12,13
27/2/18-12:44:3,139,68,135,59,5,3,34.00,23.00,7,12,13
27/2/18-12:45:4,136,66,155,50,5,3,34.00,23.00,9,10,10
27/2/18-12:46:5,137,69,174,68,4,2,34.00,23.00,9,10,10
27/2/18-12:47:6,139,75,142,56,4,1,34.00,23.00,8,12,13
27/2/18-12:48:7,135,68,162,69,6,2,34.00,23.00,8,12,13
27/2/18-12:49:8,140,68,151,58,6,3,34.00,23.00,9,12,13
27/2/18-12:50:9,138,70,185,88,5,2,34.00,23.00,9,12,13
27/2/18-12:51:10,139,69,144,55,6,3,34.00,23.00,7,10,10
27/2/18-12:52:11,135,64,145,56,4,3,34.00,23.00,7,10,10
27/2/18-12:53:12,136,72,165,75,4,1,34.00,23.00,8,10,10
27/2/18-12:54:13,136,68,161,72,5,1,34.00,23.00,7,9,9
27/2/18-12:55:14,137,69,152,58,7,2,34.00,24.00,6,8,8
27/2/18-12:56:15,138,66,138,53,6,4,34.00,23.00,6,8,8
27/2/18-12:57:16,138,69,150,62,6,2,34.00,23.00,6,9,9
27/2/18-12:58:17,134,70,149,59,5,1,35.00,23.00,6,9,9
27/2/18-12:59:18,137,69,145,61,4,1,34.00,24.00,5,6,6
27/2/18-13:0:19,133,65,142,50,4,2,34.00,24.00,5,6,6
27/2/18-13:1:20,137,69,158,63,4,1,33.00,24.00,5,9,9
27/2/18-13:2:21,137,69,167,69,7,1,34.00,23.00,5,9,9
27/2/18-13:3:22,138,74,160,70,5,3,34.00,24.00,6,8,10
27/2/18-13:4:23,137,66,140,54,6,4,34.00,24.00,6,8,10
27/2/18-13:5:24,136,69,180,78,4,2,34.00,24.00,8,12,12
27/2/18-13:6:25,138,71,150,57,3,1,34.00,24.00,8,12,12
27/2/18-13:7:26,134,71,153,61,4,0,34.00,24.00,9,12,13
27/2/18-13:8:27,134,66,161,57,5,3,34.00,24.00,9,12,13
27/2/18-13:9:28,136,70,161,65,3,2,34.00,24.00,9,12,13
27/2/18-13:10:29,139,69,156,65,5,3,34.00,24.00,9,13,14
27/2/18-13:11:30,135,66,135,51,5,2,34.00,24.00,9,11,13
27/2/18-13:12:31,135,70,148,57,4,3,34.00,24.00,9,11,13
27/2/18-13:13:32,135,71,170,70,4,2,34.00,23.00,8,13,14
27/2/18-13:14:33,135,69,145,61,5,3,34.00,23.00,9,13,14
27/2/18-13:15:34,134,69,132,48,6,4,34.00,24.00,8,12,13
27/2/18-13:16:35,135,69,155,72,5,2,34.00,24.00,9,13,14
27/2/18-13:17:36,135,69,154,58,5,3,34.00,24.00,10,13,14
27/2/18-13:18:37,136,68,166,71,5,3,34.00,24.00,10,13,14
27/2/18-13:19:38,136,67,151,56,4,3,34.00,24.00,9,11,11
27/2/18-13:20:39,135,69,176,71,4,2,34.00,24.00,9,11,11
27/2/18-13:21:40,133,68,176,84,6,2,34.00,24.00,8,11,13
27/2/18-13:22:41,133,67,156,57,5,2,34.00,24.00,8,11,13
27/2/18-13:23:42,135,70,146,61,5,2,34.00,24.00,7,10,12
27/2/18-13:24:43,136,70,154,60,4,2,0.00,24.00,7,9,11
27/2/18-13:25:44,133,69,179,75,5,2,33.00,25.00,7,9,9
27/2/18-13:26:45,134,67,155,58,4,1,34.00,24.00,7,9,9
27/2/18-13:27:46,136,69,153,67,6,3,34.00,24.00,6,8,9
27/2/18-13:28:47,135,70,152,64,4,2,34.00,24.00,6,8,9
27/2/18-13:29:48,132,68,153,66,5,2,34.00,24.00,5,7,8
27/2/18-13:30:49,134,68,162,77,5,2,33.00,24.00,5,7,8
27/2/18-13:31:50,134,70,154,76,4,1,33.00,24.00,6,7,7
27/2/18-13:32:51,134,69,142,61,5,1,34.00,24.00,6,8,8
27/2/18-13:33:52,133,70,160,67,5,3,34.00,24.00,5,7,8
27/2/18-13:34:53,138,70,160,68,4,3,34.00,24.00,5,7,8
27/2/18-13:35:54,136,68,174,75,7,3,33.00,24.00,5,6,6
27/2/18-13:36:55,135,69,149,64,6,3,34.00,24.00,5,6,6
27/2/18-13:37:56,132,68,156,72,5,1,33.00,24.00,6,8,8
27/2/18-13:38:57,135,71,164,69,4,1,34.00,24.00,6,8,8
27/2/18-13:39:58,134,70,232,115,9,1,34.00,24.00,6,7,7
27/2/18-13:40:59,132,69,209,90,9,0,34.00,24.00,6,7,7
27/2/18-13:42:0,137,71,186,74,8,2,33.00,25.00,5,6,6
27/2/18-13:43:1,133,69,160,61,6,2,33.00,25.00,5,6,6
27/2/18-13:44:2,135,69,222,105,6,3,33.00,25.00,5,8,8
27/2/18-13:45:3,132,67,151,52,5,3,33.00,25.00,5,8,8
27/2/18-13:46:4,136,70,196,95,5,3,32.00,25.00,3,5,5
27/2/18-13:47:5,133,68,172,72,5,3,33.00,25.00,3,5,5
27/2/18-13:48:6,133,68,166,76,3,0,32.00,25.00,4,5,5
27/2/18-13:49:7,131,66,156,47,6,4,33.00,24.00,4,5,5
27/2/18-13:50:8,136,69,160,66,5,3,32.00,25.00,4,4,4
27/2/18-13:51:9,135,69,204,119,4,2,33.00,25.00,4,4,4
27/2/18-13:52:10,135,69,148,73,5,3,33.00,25.00,4,5,5
27/2/18-13:53:11,135,66,138,54,5,4,32.00,25.00,4,5,5
27/2/18-13:54:12,135,68,144,53,5,1,32.00,24.00,6,7,7
27/2/18-13:55:13,135,68,155,55,3,2,34.00,24.00,6,7,7
27/2/18-13:56:14,131,69,159,59,6,1,33.00,25.00,3,5,5
27/2/18-13:57:15,133,66,141,49,7,2,33.00,25.00,3,5,5
27/2/18-13:58:16,133,68,135,53,4,2,33.00,25.00,5,6,6
27/2/18-13:59:17,132,68,145,63,5,2,33.00,25.00,5,6,6
27/2/18-14:0:18,131,68,141,59,5,4,32.00,25.00,2,3,3
27/2/18-14:1:19,132,67,154,58,4,3,32.00,25.00,2,3,3
27/2/18-14:2:20,133,69,181,114,4,3,32.00,25.00,3,3,3
27/2/18-14:3:21,134,70,155,61,5,2,32.00,25.00,3,3,3
27/2/18-14:4:22,131,68,149,62,6,1,32.00,25.00,3,5,5
27/2/18-14:5:23,133,64,152,54,5,5,33.00,25.00,3,5,5
27/2/18-14:6:24,132,67,137,55,4,2,32.00,25.00,3,3,3
27/2/18-14:7:25,136,67,132,56,6,3,32.00,25.00,3,3,3
27/2/18-14:8:26,134,68,152,76,5,3,32.00,25.00,2,3,3
27/2/18-14:9:27,129,64,149,51,6,2,32.00,25.00,2,3,3
27/2/18-14:10:28,133,67,212,97,6,2,32.00,25.00,1,2,2
27/2/18-14:11:29,134,69,147,65,5,3,32.00,25.00,1,2,2
27/2/18-14:12:30,132,68,154,59,4,1,32.00,25.00,2,3,5
27/2/18-14:13:31,132,64,152,67,6,4,32.00,25.00,2,3,5
27/2/18-14:14:32,133,68,162,68,5,3,32.00,25.00,1,3,3
27/2/18-14:15:33,133,67,161,72,2,3,32.00,25.00,1,2,2
27/2/18-14:16:34,132,68,177,82,4,1,32.00,25.00,2,4,4
27/2/18-14:17:35,131,64,130,47,5,4,32.00,25.00,2,4,4
27/2/18-14:18:36,133,67,138,59,5,1,32.00,25.00,2,2,2
27/2/18-14:19:37,132,67,178,76,4,2,32.00,25.00,2,3,3
27/2/18-14:20:38,131,68,182,74,5,3,32.00,25.00,1,3,3
27/2/18-14:21:39,135,65,137,46,3,3,32.00,25.00,1,2,2
27/2/18-14:22:40,133,67,154,58,5,3,32.00,25.00,1,2,2
27/2/18-14:23:41,131,67,151,57,6,1,32.00,25.00,2,2,2
27/2/18-14:24:42,134,67,138,60,5,3,32.00,25.00,3,4,4
27/2/18-14:25:43,133,66,161,62,5,4,32.00,26.00,3,4,4
27/2/18-14:26:44,133,66,187,76,5,2,32.00,25.00,3,4,4
27/2/18-14:27:45,132,71,148,72,4,2,32.00,25.00,3,3,3
27/2/18-14:28:46,132,67,167,73,6,2,32.00,25.00,2,2,4
27/2/18-14:29:47,129,64,135,49,6,4,32.00,26.00,2,2,4
27/2/18-14:30:48,133,68,161,66,4,2,32.00,26.00,3,3,3
27/2/18-14:31:49,132,66,151,69,5,3,32.00,26.00,3,3,3
27/2/18-14:32:50,131,68,165,75,5,3,32.00,26.00,1,2,2
27/2/18-14:33:51,132,66,137,44,5,3,32.00,26.00,1,2,2
27/2/18-14:34:52,132,66,163,73,6,3,32.00,26.00,2,3,3
27/2/18-14:35:53,132,68,172,69,3,0,32.00,25.00,2,3,3
27/2/18-14:36:54,131,69,169,74,4,0,32.00,25.00,2,2,2
27/2/18-14:37:55,131,65,137,48,5,4,32.00,25.00,2,2,2
27/2/18-14:38:56,132,67,152,71,5,2,32.00,25.00,1,2,3
27/2/18-14:39:57,133,67,147,56,3,0,32.00,25.00,1,2,3
27/2/18-14:40:58,131,67,183,72,5,3,32.00,26.00,3,3,3
27/2/18-14:41:59,130,68,133,48,5,4,32.00,26.00,3,3,3
27/2/18-14:43:0,130,66,174,79,5,3,32.00,26.00,3,4,5
27/2/18-14:44:1,133,67,183,69,5,3,32.00,25.00,3,4,4
27/2/18-14:45:2,133,68,183,104,3,2,32.00,25.00,2,3,3
27/2/18-14:46:3,129,68,157,51,6,2,32.00,25.00,2,3,3
27/2/18-14:47:4,130,67,160,63,4,1,32.00,25.00,2,4,6
27/2/18-14:48:5,130,65,216,128,6,2,32.00,25.00,3,5,6
27/2/18-14:49:6,132,70,184,81,4,2,32.00,25.00,3,4,4
27/2/18-14:50:6,131,67,168,67,6,1,32.00,25.00,3,4,4
27/2/18-14:51:7,130,68,164,57,4,1,32.00,25.00,3,3,3
27/2/18-14:52:8,131,69,170,91,4,3,32.00,25.00,2,3,3
27/2/18-14:53:9,133,67,144,56,3,2,32.00,25.00,3,4,5
27/2/18-14:54:10,131,67,170,70,4,2,32.00,25.00,3,4,5
27/2/18-14:55:11,130,67,185,93,4,1,32.00,25.00,3,3,3
27/2/18-14:56:12,131,66,202,100,4,2,32.00,25.00,3,4,4
27/2/18-14:57:13,133,69,130,50,2,1,32.00,25.00,3,5,6
27/2/18-14:58:14,133,67,196,83,7,2,32.00,25.00,3,5,6
27/2/18-14:59:15,132,67,167,63,4,1,32.00,26.00,2,3,3
27/2/18-15:0:16,133,67,166,64,4,2,32.00,25.00,3,4,4
27/2/18-15:1:17,129,65,152,61,4,3,32.00,25.00,4,5,5
27/2/18-15:2:18,132,67,160,63,5,1,32.00,25.00,4,5,5
27/2/18-15:3:19,130,66,154,58,5,4,33.00,25.00,3,4,5
27/2/18-15:4:20,131,69,165,56,2,1,32.00,25.00,3,4,5
27/2/18-15:5:21,130,66,174,69,3,2,32.00,25.00,2,3,3
27/2/18-15:6:22,133,67,148,56,4,1,32.00,25.00,1,2,2
27/2/18-15:7:23,131,67,160,70,6,3,34.00,25.00,2,2,4
27/2/18-15:8:24,132,67,173,88,4,1,32.00,25.00,2,2,4
27/2/18-15:9:25,130,65,145,60,5,5,32.00,25.00,2,3,3
27/2/18-15:10:26,132,65,177,68,4,1,31.00,25.00,2,3,3
27/2/18-15:11:27,131,66,178,90,4,2,32.00,25.00,2,4,4
27/2/18-15:12:28,132,66,164,93,5,3,33.00,24.00,2,4,4
27/2/18-15:13:29,130,64,156,48,4,2,32.00,25.00,2,3,6
27/2/18-15:14:30,130,65,146,60,5,1,32.00,25.00,2,3,6
27/2/18-15:15:31,134,67,167,86,4,2,32.00,25.00,3,4,5
27/2/18-15:16:32,131,66,170,71,3,2,32.00,25.00,3,4,5
27/2/18-15:17:33,130,64,139,57,5,3,32.00,25.00,3,5,5
27/2/18-15:18:34,132,65,171,75,6,2,32.00,25.00,3,5,5
27/2/18-15:19:35,133,69,158,62,4,1,33.00,24.00,3,3,4
27/2/18-15:20:36,130,62,183,67,4,1,32.00,25.00,4,4,5
27/2/18-15:21:37,129,63,142,52,5,4,33.00,24.00,3,5,5
27/2/18-15:22:38,133,66,173,75,4,1,32.00,25.00,3,5,5
27/2/18-15:23:39,132,66,167,61,6,1,32.00,25.00,4,4,7
27/2/18-15:24:40,131,67,209,97,4,0,33.00,24.00,4,4,7
27/2/18-15:25:41,133,64,143,55,6,3,32.00,25.00,4,5,5
27/2/18-15:26:42,132,66,183,72,5,1,33.00,24.00,4,5,5
27/2/18-15:27:43,131,66,180,97,4,3,32.00,25.00,4,6,6
27/2/18-15:28:44,130,69,177,85,5,3,32.00,25.00,4,6,6
27/2/18-15:29:45,130,64,151,51,4,2,32.00,25.00,3,4,4
27/2/18-15:30:46,134,66,191,70,6,3,33.00,24.00,3,4,4
27/2/18-15:31:47,131,68,144,57,5,3,33.00,24.00,3,4,4
27/2/18-15:32:48,133,66,155,61,4,1,33.00,24.00,2,3,3
27/2/18-15:33:49,131,65,155,59,4,1,33.00,24.00,2,4,5
27/2/18-15:34:50,132,66,155,60,4,2,33.00,24.00,4,5,5
27/2/18-15:35:51,131,65,156,60,6,3,33.00,24.00,4,5,5
27/2/18-15:36:52,131,65,192,83,6,2,33.00,24.00,4,6,7
27/2/18-15:37:53,134,69,142,56,5,4,33.00,24.00,4,6,7
27/2/18-15:38:54,135,66,160,56,5,2,33.00,24.00,4,5,5
27/2/18-15:39:55,131,65,170,61,5,3,33.00,24.00,3,4,4
27/2/18-15:40:56,132,63,171,64,6,1,33.00,24.00,4,5,5
27/2/18-15:41:57,131,65,161,64,6,1,33.00,24.00,4,5,5
27/2/18-15:42:58,132,66,173,64,4,3,34.00,24.00,3,3,3
27/2/18-15:43:59,131,66,141,57,6,3,33.00,24.00,3,4,4
27/2/18-15:45:0,133,66,169,72,5,2,33.00,24.00,3,4,4
27/2/18-15:46:1,134,67,189,67,4,1,32.00,25.00,3,4,4
27/2/18-15:47:2,135,66,160,65,6,3,34.00,24.00,4,5,5
27/2/18-15:48:3,134,65,179,62,6,3,33.00,24.00,4,5,5
27/2/18-15:49:4,130,64,139,54,5,4,33.00,24.00,4,5,5
27/2/18-15:50:5,132,68,207,88,3,0,32.00,24.00,4,5,5
27/2/18-15:51:6,132,66,167,64,4,2,33.00,24.00,3,5,5
27/2/18-15:52:7,134,67,157,62,4,2,33.00,24.00,4,5,5
27/2/18-15:53:8,132,65,147,51,7,2,33.00,24.00,4,6,8
27/2/18-15:54:9,136,66,146,70,4,1,33.00,24.00,4,6,8
27/2/18-15:55:10,133,66,168,77,4,1,32.00,25.00,4,5,6
27/2/18-15:56:11,132,67,170,73,3,1,33.00,24.00,4,5,8
27/2/18-15:57:12,131,66,149,62,4,1,33.00,24.00,5,6,6
27/2/18-15:58:13,134,67,181,79,4,2,33.00,24.00,5,6,6
27/2/18-15:59:14,131,67,154,68,4,1,33.00,24.00,4,5,5
27/2/18-16:0:15,131,65,164,77,7,2,33.00,24.00,4,5,5
27/2/18-16:1:16,130,65,157,57,5,2,33.00,24.00,3,5,5
27/2/18-16:2:17,130,67,163,63,4,1,33.00,24.00,3,5,5
27/2/18-16:3:18,132,67,188,69,4,2,33.00,24.00,4,6,6
27/2/18-16:4:19,133,66,168,64,6,3,33.00,24.00,4,5,5
27/2/18-16:5:20,135,64,169,75,6,3,33.00,24.00,4,5,6
27/2/18-16:6:21,132,66,167,69,5,3,33.00,24.00,4,5,6
27/2/18-16:7:22,133,67,164,62,4,2,33.00,24.00,3,5,5
27/2/18-16:8:23,133,66,173,63,6,3,33.00,24.00,3,5,5
27/2/18-16:9:24,131,64,180,60,5,3,33.00,24.00,4,5,6
27/2/18-16:10:25,133,66,190,65,6,3,33.00,24.00,4,5,6
27/2/18-16:11:26,129,65,255,136,7,2,33.00,24.00,3,5,5
27/2/18-16:12:27,131,67,161,63,5,2,33.00,24.00,3,5,5
27/2/18-16:13:28,133,67,206,82,4,3,33.00,24.00,3,6,6
27/2/18-16:14:29,131,66,187,75,6,1,33.00,24.00,2,5,5
27/2/18-16:15:30,132,67,193,100,5,2,33.00,24.00,3,6,7
27/2/18-16:16:31,130,64,164,71,6,4,33.00,24.00,3,6,7
27/2/18-16:17:32,130,65,175,69,6,2,33.00,24.00,4,5,5
27/2/18-16:18:33,134,71,160,61,4,3,34.00,24.00,4,5,5
27/2/18-16:19:34,135,67,174,75,5,1,33.00,24.00,4,5,6
27/2/18-16:20:35,132,65,151,57,6,2,33.00,24.00,4,6,7
27/2/18-16:21:36,132,65,161,61,5,3,33.00,24.00,4,4,5
27/2/18-16:22:37,133,67,169,71,5,1,34.00,24.00,4,4,5
27/2/18-16:23:38,133,66,181,64,5,3,33.00,24.00,3,4,4
27/2/18-16:24:39,131,64,155,53,6,3,33.00,24.00,3,4,4
27/2/18-16:25:40,133,69,180,94,4,2,32.00,24.00,4,5,5
27/2/18-16:26:41,135,67,178,72,5,2,33.00,24.00,4,5,5
27/2/18-16:27:42,134,67,177,65,6,2,33.00,24.00,5,6,6
27/2/18-16:28:43,133,64,148,52,6,3,33.00,24.00,5,6,6
27/2/18-16:29:44,134,66,176,73,4,1,33.00,24.00,5,6,6
27/2/18-16:30:45,135,66,162,61,5,2,33.00,24.00,5,6,6
27/2/18-16:31:46,132,68,207,113,6,2,33.00,24.00,4,7,7
27/2/18-16:32:47,133,65,159,65,4,3,33.00,24.00,5,8,8
27/2/18-16:33:48,130,67,178,69,5,1,33.00,24.00,5,7,7
27/2/18-16:34:49,133,68,167,64,5,2,33.00,24.00,5,7,7
27/2/18-16:35:50,130,67,154,63,7,2,33.00,24.00,4,5,5
27/2/18-16:36:51,129,64,287,207,5,2,33.00,24.00,4,5,5
27/2/18-16:37:52,133,66,190,64,7,3,33.00,24.00,3,5,5
27/2/18-16:38:53,131,65,166,63,6,3,33.00,24.00,3,4,4
27/2/18-16:39:54,132,67,197,95,5,2,33.00,24.00,3,4,4
27/2/18-16:40:55,134,64,178,51,6,3,33.00,24.00,3,4,4
27/2/18-16:41:56,132,67,150,56,4,1,33.00,24.00,4,6,6
27/2/18-16:42:57,131,67,181,78,4,2,33.00,24.00,3,6,6
27/2/18-16:43:58,130,66,163,62,4,2,33.00,24.00,4,5,5
27/2/18-16:44:59,133,66,146,68,5,3,32.00,25.00,4,5,5
27/2/18-16:46:0,133,68,182,65,5,2,33.00,24.00,4,6,7
27/2/18-16:47:1,132,66,157,75,7,1,33.00,24.00,5,6,7
27/2/18-16:48:2,133,64,143,49,4,3,32.00,25.00,4,5,5
27/2/18-16:49:3,134,67,168,74,5,2,32.00,25.00,4,5,5
27/2/18-16:50:4,132,67,168,73,5,2,33.00,25.00,2,3,3
27/2/18-16:51:5,130,65,149,61,4,1,32.00,25.00,3,4,4
27/2/18-16:52:6,130,64,160,61,7,5,33.00,24.00,3,4,5
27/2/18-16:53:7,133,66,175,77,4,1,32.00,25.00,3,4,5
27/2/18-16:54:8,133,66,187,83,6,3,32.00,25.00,3,4,4
27/2/18-16:55:9,132,66,157,59,4,1,32.00,25.00,3,4,4
27/2/18-16:56:10,133,65,170,55,6,3,33.00,24.00,3,5,5
27/2/18-16:57:11,132,65,162,66,5,3,32.00,25.00,3,5,5
27/2/18-16:58:12,134,68,159,61,5,3,32.00,25.00,3,3,3
27/2/18-16:59:13,133,66,168,72,6,2,32.00,25.00,3,3,3
27/2/18-17:0:14,129,65,202,102,7,2,32.00,25.00,4,5,5
27/2/18-17:1:15,131,67,175,69,5,0,32.00,25.00,4,5,5
27/2/18-17:2:16,133,65,183,79,6,1,32.00,25.00,3,5,5
27/2/18-17:3:17,130,65,173,64,6,1,32.00,25.00,3,5,5
27/2/18-17:4:18,132,63,158,53,6,4,32.00,25.00,4,5,5
27/2/18-17:5:19,135,66,149,59,5,3,32.00,25.00,4,5,5
27/2/18-17:6:20,133,67,190,85,5,1,32.00,25.00,3,3,3
27/2/18-17:7:21,130,66,189,67,7,3,32.00,25.00,2,3,3
27/2/18-17:8:22,130,64,177,64,7,4,32.00,25.00,3,4,6
27/2/18-17:9:23,132,66,182,72,4,1,32.00,25.00,3,4,6
27/2/18-17:10:24,133,66,218,99,6,2,33.00,24.00,3,4,4
27/2/18-17:11:25,134,68,182,74,4,1,33.00,24.00,3,4,4
27/2/18-17:12:26,132,64,151,52,6,3,33.00,24.00,5,8,8
27/2/18-17:13:27,133,68,160,64,4,2,33.00,24.00,5,8,8
27/2/18-17:14:28,133,66,165,68,6,3,33.00,24.00,5,7,7
27/2/18-17:15:29,133,66,180,77,6,3,33.00,24.00,5,7,7
27/2/18-17:16:30,130,66,203,61,8,1,32.00,25.00,4,5,6
27/2/18-17:17:31,131,66,199,102,5,2,33.00,24.00,4,5,6
27/2/18-17:18:32,132,66,181,72,5,3,33.00,24.00,5,6,7
27/2/18-17:19:33,130,64,252,151,7,3,32.00,25.00,5,6,7
27/2/18-17:20:34,131,66,198,72,5,2,33.00,24.00,5,7,10
27/2/18-17:21:35,133,66,178,63,6,1,34.00,24.00,5,7,10
27/2/18-17:22:36,133,66,182,67,5,2,32.00,25.00,5,6,6
27/2/18-17:23:37,131,65,160,57,5,2,33.00,24.00,5,6,6
27/2/18-17:24:38,134,69,170,64,6,3,33.00,24.00,5,6,10
27/2/18-17:25:39,131,66,161,58,4,3,34.00,24.00,5,6,10
27/2/18-17:26:40,131,66,160,74,6,1,33.00,24.00,5,5,5
27/2/18-17:27:41,132,64,146,48,7,2,33.00,24.00,5,5,5
27/2/18-17:28:42,134,65,168,64,6,1,33.00,23.00,3,5,5
27/2/18-17:29:43,134,67,165,58,6,3,33.00,23.00,3,5,5
27/2/18-17:30:44,133,67,172,68,5,0,33.00,23.00,5,7,8
27/2/18-17:31:45,132,65,150,55,4,0,33.00,24.00,5,7,8
27/2/18-17:32:46,134,68,151,62,4,3,33.00,23.00,2,3,3
27/2/18-17:33:47,132,67,166,87,5,2,33.00,23.00,2,4,4
27/2/18-17:34:48,133,66,140,55,5,3,33.00,23.00,2,3,3
27/2/18-17:35:49,133,65,147,49,4,2,33.00,23.00,2,3,3
27/2/18-17:36:50,132,66,147,62,5,1,33.00,23.00,3,5,5
27/2/18-17:37:51,133,67,154,59,6,3,33.00,23.00,3,4,4
27/2/18-17:38:52,132,67,154,62,4,2,33.00,23.00,1,3,4
27/2/18-17:39:53,132,65,157,52,4,3,33.00,23.00,1,3,4
27/2/18-17:40:54,132,68,171,69,5,1,33.00,23.00,2,3,3
27/2/18-17:41:55,133,66,153,62,5,1,33.00,23.00,3,3,3
27/2/18-17:42:56,131,66,155,66,4,2,33.00,23.00,3,4,4
27/2/18-17:43:57,132,65,155,59,4,1,33.00,23.00,3,4,4
27/2/18-17:44:58,134,66,162,62,6,3,33.00,23.00,2,4,4
27/2/18-17:45:59,135,68,186,64,4,0,33.00,23.00,3,4,4
27/2/18-17:47:0,134,66,160,68,5,3,33.00,23.00,3,4,4
27/2/18-17:48:1,134,65,168,57,6,4,33.00,23.00,3,4,5
27/2/18-17:49:2,135,67,148,54,3,2,33.00,23.00,3,4,5
27/2/18-17:50:3,135,66,164,62,5,1,33.00,23.00,2,3,4
27/2/18-17:51:4,134,66,163,75,6,1,33.00,23.00,2,3,4
27/2/18-17:52:5,137,66,156,58,6,2,33.00,23.00,2,3,3
27/2/18-17:53:6,134,67,161,63,4,0,33.00,23.00,2,3,3
27/2/18-17:54:7,135,66,156,61,6,3,33.00,23.00,1,3,4
27/2/18-17:55:8,132,66,165,55,7,3,33.00,23.00,1,3,4
27/2/18-17:56:9,134,66,158,61,6,3,33.00,23.00,2,3,3
27/2/18-17:57:10,135,67,169,59,4,0,34.00,23.00,2,3,3
27/2/18-17:58:11,134,66,158,62,5,1,33.00,23.00,3,5,6
27/2/18-17:59:12,134,64,185,76,5,2,34.00,23.00,2,4,5
27/2/18-18:0:13,134,66,174,72,7,4,33.00,23.00,2,4,5
27/2/18-18:1:14,133,67,164,62,5,2,33.00,24.00,2,4,5
27/2/18-18:2:15,133,66,153,60,6,4,33.00,23.00,2,3,3
27/2/18-18:3:16,131,64,148,55,5,2,33.00,23.00,2,3,3
27/2/18-18:4:17,133,67,160,67,5,2,34.00,22.00,2,3,3
27/2/18-18:5:18,135,68,172,70,4,1,33.00,23.00,2,3,3
27/2/18-18:6:19,136,67,172,70,5,1,33.00,23.00,3,4,4
27/2/18-18:7:20,134,64,147,67,4,2,33.00,23.00,3,4,4
27/2/18-18:8:21,134,65,148,57,6,2,33.00,23.00,2,4,4
27/2/18-18:9:22,136,69,156,63,5,2,33.00,23.00,1,3,3
27/2/18-18:10:23,136,66,174,75,7,3,34.00,23.00,3,4,4
27/2/18-18:11:24,133,64,159,63,6,1,33.00,23.00,3,4,4
27/2/18-18:12:24,133,67,163,59,4,2,33.00,23.00,2,3,4
27/2/18-18:13:25,134,65,168,70,5,2,33.00,23.00,2,3,4
27/2/18-18:14:26,135,65,157,60,7,2,33.00,23.00,2,3,3
27/2/18-18:15:27,134,63,141,50,5,3,33.00,23.00,2,3,3
27/2/18-18:16:28,132,65,185,77,7,1,33.00,23.00,4,5,5
27/2/18-18:17:29,134,67,179,66,5,2,34.00,23.00,3,5,5
27/2/18-18:18:30,136,67,166,96,3,2,33.00,23.00,3,5,8
27/2/18-18:19:31,135,63,172,79,5,3,33.00,23.00,3,5,8
27/2/18-18:20:32,135,65,173,66,7,2,33.00,23.00,3,5,5
27/2/18-18:21:33,134,65,167,60,6,1,34.00,23.00,1,4,4
27/2/18-18:22:34,135,65,158,71,4,1,33.00,23.00,3,5,5
27/2/18-18:23:35,134,67,153,59,7,1,33.00,23.00,3,5,5
27/2/18-18:24:36,137,66,186,133,5,1,33.00,23.00,2,3,6
27/2/18-18:25:37,136,67,153,60,6,3,33.00,23.00,2,3,6
27/2/18-18:26:38,132,67,170,89,6,2,33.00,23.00,2,3,3
27/2/18-18:27:39,133,66,159,62,7,3,33.00,23.00,3,4,4
27/2/18-18:28:40,137,67,171,80,6,3,34.00,23.00,3,5,5
27/2/18-18:29:41,133,66,158,64,5,1,33.00,23.00,3,4,4
27/2/18-18:30:42,135,65,158,57,5,1,33.00,23.00,2,3,3
27/2/18-18:31:43,134,66,173,97,7,2,33.00,23.00,2,3,3
27/2/18-18:32:44,135,66,168,64,5,1,33.00,23.00,4,4,4
27/2/18-18:33:45,134,65,170,67,6,3,33.00,23.00,3,4,4
27/2/18-18:34:46,135,65,161,57,5,2,33.00,23.00,2,3,3
27/2/18-18:35:47,139,67,163,61,7,3,33.00,23.00,2,3,3
27/2/18-18:36:48,135,66,157,61,6,3,33.00,23.00,2,4,4
27/2/18-18:37:49,136,70,161,62,5,2,33.00,23.00,3,4,4
27/2/18-18:38:50,133,64,158,56,7,3,34.00,23.00,3,4,4
27/2/18-18:39:51,135,72,170,60,6,3,33.00,23.00,3,4,4
27/2/18-18:40:52,137,68,164,59,7,2,33.00,23.00,3,4,8
27/2/18-18:41:53,134,68,163,92,7,2,33.00,23.00,4,4,8
27/2/18-18:42:54,135,65,162,52,6,3,33.00,23.00,3,4,4
27/2/18-18:43:55,136,67,174,63,5,1,33.00,23.00,3,4,4
27/2/18-18:44:56,137,67,154,61,5,2,33.00,23.00,3,4,4
27/2/18-18:45:57,137,66,157,64,6,3,34.00,23.00,3,5,5
27/2/18-18:46:58,136,64,162,101,5,3,33.00,23.00,3,5,5
27/2/18-18:47:59,135,68,160,59,6,3,33.00,23.00,3,5,5
27/2/18-18:49:0,137,66,168,65,7,2,33.00,23.00,4,4,5
27/2/18-18:50:1,135,65,164,71,7,3,33.00,23.00,4,4,5
27/2/18-18:51:2,135,65,173,69,6,3,33.00,23.00,3,6,7
27/2/18-18:52:3,136,67,165,63,6,0,33.00,23.00,3,6,7
27/2/18-18:53:4,134,67,183,70,8,2,33.00,23.00,3,6,6
27/2/18-18:54:5,135,65,161,64,7,1,33.00,23.00,3,6,6
27/2/18-18:55:6,135,66,157,58,7,3,33.00,23.00,4,4,4
27/2/18-18:56:7,137,67,160,62,7,2,33.00,23.00,4,4,4
27/2/18-18:57:8,137,68,164,66,7,2,33.00,23.00,3,4,7
27/2/18-18:58:9,134,65,157,63,7,2,33.00,23.00,3,4,7
27/2/18-18:59:10,136,68,156,63,7,2,33.00,23.00,4,6,6
27/2/18-19:0:11,137,69,165,63,6,3,33.00,23.00,4,6,6
27/2/18-19:1:12,134,68,156,64,6,3,33.00,23.00,4,6,8
27/2/18-19:2:13,135,65,162,56,6,3,33.00,23.00,4,6,8
27/2/18-19:3:14,135,66,185,68,7,2,33.00,23.00,4,5,5
27/2/18-19:4:15,135,67,162,62,7,3,34.00,23.00,4,5,5
27/2/18-19:5:16,136,67,152,64,6,3,33.00,23.00,4,6,6
27/2/18-19:6:17,135,65,175,68,7,4,33.00,23.00,4,6,6
27/2/18-19:7:18,136,67,171,82,7,3,32.00,23.00,3,4,4
27/2/18-19:8:19,137,68,165,62,5,0,33.00,23.00,3,4,4
27/2/18-19:9:20,136,68,162,66,6,3,33.00,23.00,4,5,5
27/2/18-19:10:21,133,65,166,70,7,1,33.00,23.00,4,5,5
27/2/18-19:11:22,134,68,175,65,8,4,33.00,23.00,4,4,4
27/2/18-19:12:23,135,67,162,63,8,3,33.00,23.00,4,5,5
27/2/18-19:13:24,135,68,183,86,7,2,34.00,23.00,3,5,5
27/2/18-19:14:25,133,65,154,52,7,2,33.00,23.00,3,5,5
27/2/18-19:15:26,136,67,164,62,6,1,33.00,23.00,5,6,6
27/2/18-19:16:27,135,66,169,67,7,3,34.00,23.00,5,6,6
27/2/18-19:17:28,136,67,155,63,5,0,34.00,23.00,4,5,7
27/2/18-19:18:29,134,68,144,56,5,1,33.00,23.00,4,5,7
27/2/18-19:19:30,136,67,168,60,5,3,33.00,23.00,2,3,3
27/2/18-19:20:31,134,67,164,67,7,2,33.00,23.00,2,4,4
27/2/18-19:21:32,134,68,162,73,7,3,34.00,23.00,3,5,6
27/2/18-19:22:33,135,65,173,55,6,4,33.00,23.00,3,5,6
27/2/18-19:23:34,134,67,155,62,6,2,33.00,23.00,2,3,6
27/2/18-19:24:35,135,67,163,67,7,3,34.00,22.00,2,3,6
27/2/18-19:25:36,136,68,157,66,7,3,34.00,23.00,2,2,2
27/2/18-19:26:37,133,66,163,62,8,1,35.00,22.00,2,2,2
27/2/18-19:27:38,136,67,160,68,9,3,35.00,22.00,1,2,2
27/2/18-19:28:39,134,65,178,85,7,3,35.00,22.00,1,2,2
27/2/18-19:29:40,132,64,175,66,9,3,34.00,22.00,4,6,7
27/2/18-19:30:41,135,69,169,63,7,3,35.00,22.00,4,6,7
27/2/18-19:31:42,136,67,147,61,5,3,35.00,22.00,2,5,5
27/2/18-19:32:43,135,65,144,55,6,3,34.00,22.00,2,6,6
27/2/18-19:33:44,135,64,134,48,5,3,34.00,21.00,2,4,7
27/2/18-19:34:45,137,67,155,67,3,1,34.00,22.00,2,4,7
27/2/18-19:35:46,139,66,144,65,5,1,35.00,21.00,3,6,7
27/2/18-19:36:47,136,65,140,80,6,3,35.00,20.00,3,5,6
27/2/18-19:37:48,136,63,124,42,4,3,34.00,21.00,3,4,4
27/2/18-19:38:49,137,64,155,62,4,1,35.00,20.00,3,4,4
27/2/18-19:39:50,137,65,140,58,7,4,35.00,21.00,3,5,9
27/2/18-19:40:51,135,71,143,68,4,1,35.00,21.00,2,4,7
27/2/18-19:41:52,138,64,144,47,2,2,36.00,20.00,3,5,5
27/2/18-19:42:53,139,67,138,54,4,2,35.00,20.00,3,5,5
27/2/18-19:43:54,138,67,144,66,4,1,36.00,20.00,3,5,5
27/2/18-19:44:55,138,66,139,65,5,3,35.00,20.00,3,4,4
27/2/18-19:45:56,139,66,128,45,6,4,36.00,20.00,3,5,5
27/2/18-19:46:57,138,67,140,64,4,2,36.00,20.00,3,5,5
27/2/18-19:47:58,138,65,140,61,5,3,36.00,20.00,3,6,6
27/2/18-19:48:59,137,67,145,54,2,0,36.00,20.00,3,6,6
27/2/18-19:50:0,140,67,131,44,5,4,36.00,20.00,2,3,3
27/2/18-19:51:1,136,65,160,67,6,1,35.00,20.00,2,3,3
27/2/18-19:52:2,138,66,137,56,5,3,36.00,20.00,2,3,3
27/2/18-19:53:3,138,66,143,75,6,1,36.00,20.00,2,3,3
27/2/18-19:54:4,137,64,130,45,5,4,36.00,20.00,3,4,4
27/2/18-19:55:5,141,66,138,58,7,3,36.00,20.00,3,4,4
27/2/18-19:56:6,140,69,133,55,5,3,35.00,20.00,1,3,3
27/2/18-19:57:7,139,64,126,54,5,3,36.00,20.00,1,3,3
27/2/18-19:58:8,139,68,138,55,5,2,36.00,20.00,2,4,4
27/2/18-19:59:9,140,65,139,58,7,2,36.00,19.00,2,4,4
27/2/18-20:0:10,138,67,132,55,4,2,36.00,19.00,3,4,4
27/2/18-20:1:11,140,64,116,43,6,2,36.00,19.00,3,4,4
27/2/18-20:2:12,141,65,138,56,7,1,35.00,19.00,3,4,9
27/2/18-20:3:13,141,65,136,55,4,2,36.00,19.00,3,4,9
27/2/18-20:4:14,140,67,134,52,4,3,36.00,19.00,2,3,3
27/2/18-20:5:15,140,65,121,48,4,2,36.00,19.00,2,3,3
27/2/18-20:6:16,140,65,142,54,4,3,36.00,18.00,3,3,3
27/2/18-20:7:17,142,66,142,75,7,1,36.00,19.00,3,3,3
27/2/18-20:8:18,141,67,130,56,4,2,36.00,19.00,2,4,4
27/2/18-20:9:19,142,64,127,47,5,1,36.00,19.00,2,4,4
27/2/18-20:10:20,142,65,131,52,5,3,36.00,19.00,2,3,3
27/2/18-20:11:21,143,66,134,55,5,2,36.00,19.00,2,3,3
27/2/18-20:12:22,143,68,128,57,4,3,36.00,19.00,2,4,4
27/2/18-20:13:23,142,66,135,52,4,1,37.00,18.00,2,4,4
27/2/18-20:14:24,141,66,135,54,3,0,37.00,18.00,2,5,5
27/2/18-20:15:25,142,65,130,56,4,2,37.00,18.00,2,4,5
27/2/18-20:16:26,143,65,130,46,2,0,36.00,19.00,3,4,4
27/2/18-20:17:27,140,67,141,64,4,2,37.00,18.00,3,4,4
27/2/18-20:18:28,141,68,143,58,4,0,36.00,19.00,2,3,7
27/2/18-20:19:29,141,67,139,57,4,2,36.00,19.00,2,3,6
27/2/18-20:20:30,143,65,131,46,5,3,37.00,18.00,1,3,4
27/2/18-20:21:31,142,66,141,65,5,1,36.00,19.00,1,3,4
27/2/18-20:22:32,143,69,143,61,4,3,36.00,19.00,2,4,4
27/2/18-20:23:33,141,67,145,61,4,2,36.00,19.00,2,4,4
27/2/18-20:24:34,142,66,138,51,4,2,36.00,19.00,3,3,3
27/2/18-20:25:35,144,67,144,56,6,3,36.00,19.00,3,3,3
27/2/18-20:26:36,143,66,144,60,4,2,36.00,19.00,3,3,5
27/2/18-20:27:37,143,65,116,42,9,5,36.00,19.00,3,3,5
27/2/18-20:28:38,144,67,132,60,5,4,36.00,19.00,1,2,2
27/2/18-20:29:39,143,67,138,63,4,2,36.00,19.00,1,2,2
27/2/18-20:30:40,142,65,132,58,5,1,36.00,19.00,3,4,6
27/2/18-20:31:41,142,64,117,44,4,2,36.00,19.00,3,4,6
27/2/18-20:32:42,143,66,132,53,4,2,36.00,18.00,3,3,3
27/2/18-20:33:43,141,64,130,53,6,1,36.00,19.00,3,3,3
27/2/18-20:34:44,142,67,135,55,3,2,36.00,19.00,2,3,3
27/2/18-20:35:45,142,62,131,51,5,2,37.00,18.00,2,3,3
27/2/18-20:36:46,144,66,144,54,4,3,37.00,18.00,1,3,4
27/2/18-20:37:47,141,70,157,60,5,3,36.00,19.00,1,3,4
27/2/18-20:38:48,144,66,138,61,6,4,36.00,19.00,3,4,4
27/2/18-20:39:49,140,65,124,46,5,2,36.00,19.00,3,4,4
27/2/18-20:40:50,142,67,136,57,5,3,36.00,19.00,2,4,4
27/2/18-20:41:51,146,66,137,53,5,2,36.00,19.00,2,3,3
27/2/18-20:42:52,141,65,127,51,4,3,36.00,19.00,2,4,4
27/2/18-20:43:53,142,64,146,68,5,3,36.00,19.00,2,4,4
27/2/18-20:44:54,141,67,136,52,4,3,36.00,20.00,3,3,3
27/2/18-20:45:55,140,66,136,66,4,2,36.00,20.00,3,3,3
27/2/18-20:46:56,141,65,134,59,4,1,35.00,19.00,2,3,3
27/2/18-20:47:57,142,64,144,46,6,2,37.00,18.00,2,3,3
27/2/18-20:48:58,144,67,131,51,5,3,36.00,19.00,2,3,5
27/2/18-20:49:59,142,66,124,50,4,3,36.00,20.00,2,3,4
27/2/18-20:51:0,141,64,124,52,4,3,36.00,19.00,3,5,7
27/2/18-20:52:1,142,66,133,54,4,2,36.00,19.00,3,5,7
27/2/18-20:53:1,144,65,130,55,6,1,36.00,19.00,2,3,3
27/2/18-20:54:2,143,65,136,52,5,4,36.00,19.00,2,3,3
27/2/18-20:55:3,144,63,118,44,5,4,36.00,19.00,3,4,5
27/2/18-20:56:4,145,67,127,54,5,2,35.00,19.00,3,4,5
27/2/18-20:57:5,145,65,138,57,7,3,36.00,19.00,2,3,4
27/2/18-20:58:6,144,65,135,53,7,3,36.00,19.00,2,3,3
27/2/18-20:59:7,144,64,130,45,3,3,36.00,19.00,2,3,4
27/2/18-21:0:8,145,65,150,66,5,3,36.00,19.00,2,3,4
27/2/18-21:1:9,144,64,134,60,5,2,36.00,19.00,2,4,5
27/2/18-21:2:10,144,65,144,68,6,2,36.00,19.00,2,4,5
27/2/18-21:3:11,142,64,127,59,5,3,35.00,19.00,1,2,2
27/2/18-21:4:12,142,65,147,59,4,1,37.00,18.00,1,2,2
27/2/18-21:5:13,144,68,138,57,5,3,36.00,19.00,1,2,2
27/2/18-21:6:14,142,67,131,56,6,3,37.00,18.00,1,2,2
27/2/18-21:7:15,143,64,126,45,5,3,37.00,18.00,2,3,3
27/2/18-21:8:16,144,65,133,54,7,3,36.00,18.00,1,2,2
27/2/18-21:9:17,145,65,136,55,4,4,37.00,18.00,1,3,4
27/2/18-21:10:18,143,67,153,59,5,2,37.00,18.00,1,3,4
27/2/18-21:11:19,144,67,128,44,5,3,37.00,18.00,2,4,5
27/2/18-21:12:20,142,65,135,55,6,1,37.00,18.00,2,4,5
27/2/18-21:13:21,143,65,138,56,6,1,37.00,17.00,3,4,5
27/2/18-21:14:22,144,64,130,47,6,4,37.00,18.00,3,4,5
27/2/18-21:15:23,143,65,138,53,3,2,37.00,18.00,3,5,6
27/2/18-21:16:24,144,66,134,55,7,4,38.00,18.00,3,5,6
27/2/18-21:17:25,145,66,138,58,6,4,37.00,18.00,4,6,6
27/2/18-21:18:26,144,64,130,54,4,2,37.00,18.00,4,6,6
27/2/18-21:19:27,142,66,147,58,5,3,36.00,17.00,4,7,7
27/2/18-21:20:28,145,66,141,58,6,1,38.00,18.00,4,7,7
27/2/18-21:21:29,144,67,140,56,4,2,38.00,17.00,4,7,8
27/2/18-21:22:30,144,63,134,46,6,3,37.00,17.00,4,7,8
27/2/18-21:23:31,144,69,165,76,4,1,38.00,17.00,4,8,10
27/2/18-21:24:32,143,65,132,55,7,1,38.00,17.00,3,7,9
27/2/18-21:25:33,147,64,138,52,4,3,38.00,17.00,5,7,7
27/2/18-21:26:34,145,65,130,53,6,3,38.00,17.00,5,7,7
27/2/18-21:27:35,145,67,156,58,5,2,38.00,17.00,4,8,8
27/2/18-21:28:36,147,69,143,61,4,1,38.00,18.00,5,8,8
27/2/18-21:29:37,144,64,126,44,4,3,38.00,17.00,4,7,7
27/2/18-21:30:38,145,66,149,57,8,2,38.00,17.00,5,8,8
27/2/18-21:31:39,145,68,147,58,5,3,38.00,17.00,4,6,6
27/2/18-21:32:40,144,67,139,56,4,2,38.00,17.00,4,6,6
27/2/18-21:33:41,147,66,135,46,4,2,38.00,17.00,4,8,8
27/2/18-21:34:42,147,66,128,52,4,2,38.00,18.00,4,8,8
27/2/18-21:35:43,146,66,142,67,5,1,38.00,17.00,4,8,8
27/2/18-21:36:44,143,67,138,61,5,2,38.00,17.00,4,8,8
27/2/18-21:37:45,144,66,146,55,5,2,38.00,17.00,4,7,7
27/2/18-21:38:46,145,67,135,52,4,2,38.00,17.00,4,7,7
27/2/18-21:39:47,147,66,139,71,6,5,38.00,17.00,4,6,7
27/2/18-21:40:48,144,66,122,43,2,1,38.00,17.00,4,6,7
27/2/18-21:41:49,148,67,135,69,5,0,38.00,17.00,4,6,6
27/2/18-21:42:50,147,67,131,53,4,3,38.00,17.00,4,6,6
27/2/18-21:43:51,146,68,140,53,5,3,38.00,17.00,4,6,8
27/2/18-21:44:52,146,66,125,45,5,4,39.00,17.00,4,6,8
27/2/18-21:45:53,144,66,135,56,4,3,39.00,17.00,4,6,7
27/2/18-21:46:54,144,66,135,54,6,1,38.00,17.00,4,6,7
27/2/18-21:47:55,146,67,138,55,4,1,38.00,17.00,3,5,6
27/2/18-21:48:56,145,65,142,50,6,5,38.00,17.00,3,5,6
27/2/18-21:49:57,146,67,138,59,5,0,38.00,17.00,3,4,4
27/2/18-21:50:58,144,66,147,69,5,1,39.00,17.00,3,4,4
27/2/18-21:51:59,144,71,144,61,5,3,39.00,17.00,3,5,6
27/2/18-21:53:0,146,64,131,44,3,1,38.00,17.00,3,5,6
27/2/18-21:54:1,144,66,137,53,4,2,38.00,17.00,4,6,6
27/2/18-21:55:2,147,71,133,53,5,3,38.00,17.00,4,6,6
27/2/18-21:56:3,143,68,139,52,4,3,38.00,17.00,4,4,4
27/2/18-21:57:4,146,65,127,49,5,2,38.00,17.00,4,4,4
27/2/18-21:58:5,146,66,139,50,4,3,38.00,17.00,3,4,4
27/2/18-21:59:6,146,65,136,54,5,1,38.00,17.00,3,4,4
27/2/18-22:0:7,145,64,130,50,4,3,38.00,17.00,3,3,3
27/2/18-22:1:8,147,69,139,56,6,3,38.00,17.00,3,3,3
27/2/18-22:2:9,145,67,153,59,6,0,39.00,17.00,3,5,6
27/2/18-22:3:10,144,67,144,61,4,3,38.00,17.00,3,5,6
27/2/18-22:4:11,147,65,129,45,5,4,39.00,17.00,2,4,6
27/2/18-22:5:12,147,66,134,57,7,1,38.00,17.00,2,4,6
27/2/18-22:6:13,146,67,141,58,5,3,38.00,17.00,3,4,4
27/2/18-22:7:14,145,66,145,57,5,1,38.00,17.00,3,4,5
27/2/18-22:8:15,147,69,145,60,6,2,38.00,17.00,4,10,10
27/2/18-22:9:16,145,67,145,55,5,3,39.00,17.00,4,10,10
27/2/18-22:10:17,145,67,140,55,5,2,38.00,17.00,4,5,6
27/2/18-22:11:18,146,65,131,54,4,2,39.00,17.00,4,5,6
27/2/18-22:12:19,145,67,137,54,6,1,38.00,17.00,3,5,5
27/2/18-22:13:20,145,67,139,53,5,3,38.00,17.00,3,5,5
27/2/18-22:14:21,144,67,144,57,5,0,39.00,17.00,3,5,5
27/2/18-22:15:22,145,64,129,46,7,3,38.00,17.00,3,5,5
27/2/18-22:16:23,147,67,157,58,6,4,38.00,17.00,4,7,11
27/2/18-22:17:24,146,68,152,59,7,3,38.00,17.00,5,7,11
27/2/18-22:18:25,144,67,144,63,5,1,38.00,17.00,5,6,6
27/2/18-22:19:26,145,66,136,46,5,4,38.00,17.00,5,6,6
27/2/18-22:20:27,148,67,143,57,7,1,38.00,17.00,4,6,6
27/2/18-22:21:28,145,67,146,59,7,2,39.00,17.00,5,6,6
27/2/18-22:22:29,147,67,146,61,6,4,39.00,17.00,5,7,9
27/2/18-22:23:30,147,67,157,64,5,2,39.00,17.00,5,7,9
27/2/18-22:24:31,148,68,154,61,7,2,39.00,17.00,4,5,5
27/2/18-22:25:32,148,67,155,57,6,3,39.00,17.00,4,5,5
27/2/18-22:26:33,147,67,139,50,4,2,39.00,17.00,3,5,6
27/2/18-22:27:34,144,67,148,59,6,2,38.00,17.00,3,5,6
27/2/18-22:28:35,145,67,152,59,6,4,39.00,18.00,4,7,7
27/2/18-22:29:36,148,67,147,57,7,1,39.00,17.00,4,7,7
27/2/18-22:30:37,144,66,143,51,6,1,39.00,17.00,6,7,7
27/2/18-22:31:38,145,67,146,57,7,4,39.00,17.00,6,7,7
27/2/18-22:32:39,145,70,158,61,6,3,39.00,17.00,6,8,9
27/2/18-22:33:40,144,67,154,68,6,2,39.00,17.00,6,8,9
27/2/18-22:34:41,144,64,144,61,7,3,39.00,18.00,5,8,11
27/2/18-22:35:42,147,69,173,68,4,0,39.00,17.00,5,8,11
27/2/18-22:36:43,147,67,145,65,7,1,38.00,17.00,5,7,8
27/2/18-22:37:44,147,69,143,56,6,3,39.00,17.00,5,6,7
27/2/18-22:38:45,144,66,131,47,4,3,39.00,17.00,2,4,4
27/2/18-22:39:46,149,69,141,63,5,2,38.00,17.00,2,4,4
27/2/18-22:40:47,144,67,139,59,4,3,38.00,17.00,4,7,7
27/2/18-22:41:48,146,66,146,57,6,3,38.00,17.00,4,7,7
27/2/18-22:42:49,146,66,146,58,5,4,38.00,17.00,3,5,5
27/2/18-22:43:50,147,67,150,61,6,0,38.00,17.00,3,5,5
27/2/18-22:44:51,144,67,139,55,4,3,38.00,17.00,3,4,5
27/2/18-22:45:52,146,66,148,52,5,3,39.00,17.00,3,4,5
27/2/18-22:46:53,147,66,145,63,6,1,38.00,17.00,3,5,6
27/2/18-22:47:54,148,66,143,58,6,0,39.00,17.00,3,5,6
27/2/18-22:48:55,147,65,145,57,4,1,38.00,17.00,2,4,4
27/2/18-22:49:56,145,64,124,46,6,5,38.00,17.00,2,4,4
27/2/18-22:50:57,147,66,141,57,5,2,37.00,17.00,4,5,5
27/2/18-22:51:58,146,67,139,57,4,2,38.00,17.00,4,5,5
27/2/18-22:52:59,146,67,161,71,6,0,38.00,17.00,2,4,4
27/2/18-22:54:0,144,65,135,50,5,3,38.00,17.00,2,4,4
27/2/18-22:55:1,147,67,141,56,4,2,38.00,17.00,3,5,6
27/2/18-22:56:2,148,71,147,56,4,2,38.00,17.00,3,5,6
27/2/18-22:57:3,146,65,152,76,4,1,38.00,17.00,3,5,5
27/2/18-22:58:4,145,65,127,44,6,2,38.00,17.00,3,5,5
27/2/18-22:59:5,147,65,138,54,5,3,38.00,17.00,2,3,3
27/2/18-23:0:5,145,66,154,60,6,2,38.00,17.00,2,3,3
27/2/18-23:1:6,146,65,162,72,7,2,38.00,17.00,2,3,3
27/2/18-23:2:7,147,65,134,48,5,3,38.00,17.00,2,3,3
27/2/18-23:3:8,147,66,139,61,7,1,38.00,18.00,1,2,2
27/2/18-23:4:9,145,66,141,59,4,2,38.00,18.00,1,2,2
27/2/18-23:5:10,146,66,155,64,6,1,38.00,18.00,1,2,2
27/2/18-23:6:11,148,64,141,51,6,3,38.00,17.00,1,2,2
27/2/18-23:7:12,146,67,146,54,5,3,38.00,17.00,0,0,0
27/2/18-23:8:13,146,66,141,55,6,4,38.00,17.00,0,0,0
27/2/18-23:9:14,147,64,135,54,6,3,38.00,17.00,1,1,1
27/2/18-23:10:15,148,67,141,54,4,3,38.00,17.00,1,1,1
27/2/18-23:11:16,145,67,150,60,5,3,38.00,17.00,1,2,2
27/2/18-23:12:17,147,67,145,63,4,2,38.00,17.00,1,2,2
27/2/18-23:13:18,145,65,143,55,4,0,38.00,17.00,2,3,3
27/2/18-23:14:19,149,67,148,71,6,3,38.00,17.00,2,3,3
27/2/18-23:15:20,147,67,144,57,4,2,38.00,17.00,1,2,2
27/2/18-23:16:21,147,66,154,72,7,2,38.00,17.00,1,2,2
27/2/18-23:17:22,146,66,144,50,4,1,38.00,17.00,1,2,2
27/2/18-23:18:23,148,69,152,59,5,1,38.00,17.00,1,2,2
27/2/18-23:19:24,147,70,145,59,5,2,38.00,17.00,2,2,2
27/2/18-23:20:25,148,70,139,53,5,2,38.00,17.00,1,2,2
27/2/18-23:21:26,146,67,143,49,6,4,38.00,17.00,1,1,1
27/2/18-23:22:27,146,66,148,58,5,1,38.00,17.00,1,1,1
27/2/18-23:23:28,148,69,160,60,6,3,38.00,17.00,2,3,3
27/2/18-23:24:29,146,69,147,53,6,3,38.00,17.00,2,3,3
27/2/18-23:25:30,145,66,135,49,4,2,38.00,17.00,3,4,4
27/2/18-23:26:31,148,69,171,83,4,1,38.00,17.00,3,4,4
27/2/18-23:27:32,146,66,145,66,6,2,38.00,17.00,2,4,4
27/2/18-23:28:33,146,68,153,57,6,2,38.00,18.00,2,4,4
27/2/18-23:29:34,146,65,153,62,5,1,38.00,17.00,3,4,4
27/2/18-23:30:35,146,67,154,58,8,2,38.00,17.00,3,4,4
27/2/18-23:31:36,147,67,150,57,4,2,38.00,17.00,2,3,3
27/2/18-23:32:37,145,72,149,58,5,2,38.00,17.00,2,3,3
27/2/18-23:33:38,147,67,143,54,6,0,38.00,17.00,1,1,1
27/2/18-23:34:39,145,67,146,53,5,1,38.00,17.00,1,1,1
27/2/18-23:35:40,146,65,150,59,7,1,38.00,17.00,2,3,3
27/2/18-23:36:41,145,65,143,51,4,0,38.00,17.00,2,3,3
27/2/18-23:37:42,148,69,153,57,4,1,38.00,17.00,1,2,2
27/2/18-23:38:43,145,66,150,59,7,1,38.00,17.00,1,2,2
27/2/18-23:39:44,146,66,155,60,4,0,38.00,17.00,1,2,2
27/2/18-23:40:45,145,64,139,52,5,2,38.00,17.00,1,2,2
27/2/18-23:41:46,145,67,147,59,6,2,38.00,17.00,2,4,4
27/2/18-23:42:47,148,69,149,57,7,3,39.00,17.00,2,4,4
27/2/18-23:43:48,148,67,148,63,7,3,39.00,17.00,2,4,4
27/2/18-23:44:49,145,66,142,48,4,2,39.00,17.00,2,4,4
27/2/18-23:45:50,148,68,157,59,5,3,39.00,17.00,2,4,4
27/2/18-23:46:51,146,68,161,72,7,3,39.00,17.00,2,3,3
27/2/18-23:47:52,147,68,146,57,5,2,39.00,17.00,2,4,4
27/2/18-23:48:53,147,66,145,48,5,3,39.00,17.00,2,4,4
27/2/18-23:49:54,146,67,168,74,6,1,39.00,17.00,2,3,4
27/2/18-23:50:55,145,69,155,56,6,3,39.00,17.00,2,3,4
27/2/18-23:51:56,149,68,151,58,5,2,39.00,17.00,2,4,5
27/2/18-23:52:57,146,65,143,51,7,4,39.00,17.00,2,4,5
27/2/18-23:53:58,145,67,157,59,4,0,39.00,17.00,2,3,3
27/2/18-23:54:59,146,69,148,58,6,3,40.00,17.00,2,3,3
27/2/18-23:56:0,145,67,149,65,7,4,40.00,17.00,2,2,3
27/2/18-23:57:1,146,66,145,62,6,2,40.00,17.00,2,2,3
27/2/18-23:58:2,144,67,144,58,5,1,40.00,17.00,3,3,5
27/2/18-23:59:3,147,67,147,58,8,2,40.00,17.00,2,3,4
