Hora,O3,NO2,CO,Humedad,Temperatura,P25,P10
22/2/18-0:0:53,846,440,503,57.60,23.90,9.20,24.50
22/2/18-0:1:54,847,448,508,57.90,23.90,8.80,26.30
22/2/18-0:2:55,847,442,500,57.60,23.90,9.30,23.70
22/2/18-0:3:56,847,436,498,58.80,23.90,9.10,23.80
22/2/18-0:4:57,847,434,499,56.80,23.80,9.50,22.70
22/2/18-0:5:58,847,437,499,56.00,23.80,8.60,26.20
22/2/18-0:6:59,847,439,497,56.00,23.80,9.10,24.00
22/2/18-0:8:0,847,440,499,57.90,23.80,8.90,24.00
22/2/18-0:9:1,847,439,496,57.40,23.80,9.20,28.10
22/2/18-0:10:2,847,436,493,57.20,23.80,8.90,28.20
22/2/18-0:11:3,847,436,494,59.40,23.70,8.60,23.30
22/2/18-0:12:4,846,430,491,58.30,23.70,9.80,33.20
22/2/18-0:13:5,847,433,491,55.80,23.70,9.10,31.40
22/2/18-0:14:6,847,430,490,57.40,23.60,8.10,23.00
22/2/18-0:15:7,847,427,489,55.80,23.60,8.10,24.10
22/2/18-0:16:8,847,421,487,55.30,23.60,7.60,24.90
22/2/18-0:17:9,846,427,491,55.70,23.50,7.80,27.00
22/2/18-0:18:10,847,421,488,57.80,23.50,8.00,27.50
22/2/18-0:19:11,847,425,490,56.30,23.50,8.50,23.70
22/2/18-0:20:12,847,427,486,56.60,23.40,8.00,34.70
22/2/18-0:21:13,847,422,488,57.30,23.40,7.70,29.80
22/2/18-0:22:14,847,427,486,56.20,23.40,8.90,25.90
22/2/18-0:23:15,847,429,486,56.50,23.40,8.70,25.70
22/2/18-0:24:16,847,431,486,56.70,23.40,8.30,27.00
22/2/18-0:25:17,847,429,486,57.70,23.40,8.70,29.60
22/2/18-0:26:18,847,432,490,57.80,23.30,7.70,18.80
22/2/18-0:27:19,847,434,488,58.00,23.30,7.90,25.70
22/2/18-0:28:20,847,436,488,58.50,23.30,8.50,30.90
22/2/18-0:29:21,847,439,488,58.80,23.30,8.60,29.60
22/2/18-0:30:22,847,438,489,59.10,23.20,8.20,26.00
22/2/18-0:31:23,847,434,486,59.80,23.20,9.60,29.90
22/2/18-0:32:24,847,437,489,59.50,23.20,8.00,23.20
22/2/18-0:33:25,846,436,487,58.90,23.20,8.50,29.10
22/2/18-0:34:26,847,438,488,59.60,23.10,8.80,22.50
22/2/18-0:35:27,847,442,490,58.10,23.10,8.40,24.60
22/2/18-0:36:28,847,437,487,58.00,23.10,10.10,28.40
22/2/18-0:37:29,847,440,487,58.60,23.10,8.90,26.10
22/2/18-0:38:30,847,440,486,58.40,23.10,8.90,25.60
22/2/18-0:39:31,847,438,484,60.00,23.10,9.50,28.40
22/2/18-0:40:31,847,439,483,60.00,23.10,10.20,31.60
22/2/18-0:41:32,847,436,484,58.90,23.10,9.30,29.20
22/2/18-0:42:33,847,438,484,57.60,23.10,10.30,33.80
22/2/18-0:43:34,847,437,483,58.60,23.10,9.40,29.40
22/2/18-0:44:35,847,435,486,58.70,23.10,8.70,25.30
22/2/18-0:45:36,847,438,485,58.80,23.10,9.30,33.80
22/2/18-0:46:37,847,437,482,58.40,23.00,9.70,27.10
22/2/18-0:47:38,847,435,482,59.50,23.00,9.10,29.30
22/2/18-0:48:39,846,435,482,59.00,23.00,9.90,32.00
22/2/18-0:49:40,847,432,481,58.90,22.90,8.00,24.90
22/2/18-0:50:41,847,433,485,59.10,22.90,9.40,28.90
22/2/18-0:51:42,847,432,482,57.90,22.90,10.50,36.40
22/2/18-0:52:43,847,430,487,58.30,22.90,10.30,38.50
22/2/18-0:53:44,847,438,484,58.30,22.90,9.40,41.70
22/2/18-0:54:45,847,435,482,58.10,22.90,9.10,28.00
22/2/18-0:55:46,847,433,479,59.30,22.90,9.00,32.20
22/2/18-0:56:47,847,432,481,58.70,22.90,9.90,29.30
22/2/18-0:57:48,847,435,487,59.50,22.80,9.30,28.30
22/2/18-0:58:49,848,431,482,58.90,22.80,9.80,30.40
22/2/18-0:59:50,847,433,484,61.20,22.80,8.60,26.40
22/2/18-1:0:51,847,432,485,60.10,22.80,8.40,27.40
22/2/18-1:1:52,847,439,487,61.10,22.80,8.80,29.80
22/2/18-1:2:53,847,437,486,60.40,22.80,8.50,24.40
22/2/18-1:3:54,847,437,485,62.10,22.80,7.80,19.90
22/2/18-1:4:55,847,438,486,60.30,22.80,8.90,29.20
22/2/18-1:5:56,847,433,484,60.70,22.70,9.00,26.00
22/2/18-1:6:57,847,434,482,60.70,22.80,8.90,24.20
22/2/18-1:7:58,847,432,485,60.40,22.70,8.70,26.90
22/2/18-1:8:59,846,434,484,59.20,22.70,10.00,36.20
22/2/18-1:10:0,847,435,484,60.10,22.70,11.00,31.40
22/2/18-1:11:1,847,432,485,61.50,22.60,10.30,28.50
22/2/18-1:12:2,847,432,484,59.90,22.60,10.80,24.40
22/2/18-1:13:3,847,431,484,60.10,22.60,10.80,26.50
22/2/18-1:14:4,847,434,485,61.00,22.60,10.70,25.20
22/2/18-1:15:5,847,436,482,59.80,22.50,11.10,26.30
22/2/18-1:16:6,847,434,483,60.30,22.50,11.20,27.40
22/2/18-1:17:7,847,434,483,61.50,22.50,9.60,26.30
22/2/18-1:18:8,847,431,482,61.60,22.50,9.40,25.70
22/2/18-1:19:9,847,434,484,62.00,22.50,9.30,30.40
22/2/18-1:20:10,847,433,485,61.50,22.50,9.10,27.90
22/2/18-1:21:11,848,433,483,62.10,22.50,9.80,28.70
22/2/18-1:22:12,847,432,482,61.70,22.40,8.80,25.00
22/2/18-1:23:13,847,438,488,62.80,22.40,9.00,25.70
22/2/18-1:24:14,847,431,482,62.40,22.40,9.90,25.60
22/2/18-1:25:15,847,431,484,63.60,22.40,10.50,39.70
22/2/18-1:26:16,847,434,482,63.60,22.40,10.30,30.10
22/2/18-1:27:17,847,432,482,64.00,22.40,9.90,29.80
22/2/18-1:28:18,847,432,483,62.50,22.30,10.80,33.30
22/2/18-1:29:18,847,438,486,62.60,22.30,9.10,24.60
22/2/18-1:30:19,847,430,483,64.90,22.30,9.50,28.60
22/2/18-1:31:20,847,435,485,63.80,22.30,8.90,23.50
22/2/18-1:32:21,847,430,486,63.60,22.30,9.30,25.40
22/2/18-1:33:22,847,432,483,64.90,22.30,9.00,26.50
22/2/18-1:34:23,847,431,482,64.50,22.30,9.20,27.00
22/2/18-1:35:24,847,430,482,64.70,22.30,10.70,32.60
22/2/18-1:36:25,848,439,488,64.70,22.30,9.20,24.00
22/2/18-1:37:26,847,438,484,63.30,22.30,8.40,27.70
22/2/18-1:38:27,847,432,482,64.30,22.30,9.10,27.00
22/2/18-1:39:28,847,434,485,62.80,22.20,8.30,26.20
22/2/18-1:40:29,847,432,482,64.70,22.20,9.10,35.30
22/2/18-1:41:30,848,433,485,64.20,22.20,9.20,30.10
22/2/18-1:42:31,847,432,481,65.20,22.20,9.20,29.10
22/2/18-1:43:32,846,430,481,65.80,22.20,8.80,29.20
22/2/18-1:44:33,847,432,481,65.70,22.20,9.00,33.30
22/2/18-1:45:34,847,435,483,66.70,22.10,8.20,19.70
22/2/18-1:46:35,848,436,483,64.60,22.10,8.50,25.90
22/2/18-1:47:36,847,428,479,67.60,22.20,8.40,20.30
22/2/18-1:48:37,847,424,479,66.80,22.10,8.50,28.30
22/2/18-1:49:38,847,429,480,66.60,22.10,7.80,16.90
22/2/18-1:50:39,847,431,481,64.70,22.10,8.40,30.00
22/2/18-1:51:40,847,431,479,66.10,22.10,8.30,20.00
22/2/18-1:52:41,847,429,478,64.40,22.10,9.50,27.90
22/2/18-1:53:42,847,432,480,64.30,22.10,8.00,22.80
22/2/18-1:54:43,847,431,480,66.50,22.10,8.60,24.10
22/2/18-1:55:44,848,434,482,65.40,22.10,7.70,19.40
22/2/18-1:56:45,847,434,479,66.40,22.10,8.30,25.30
22/2/18-1:57:46,847,436,481,66.00,22.10,8.30,26.90
22/2/18-1:58:47,847,432,479,65.00,22.10,7.90,24.90
22/2/18-1:59:48,848,434,479,65.10,22.10,6.80,18.30
22/2/18-2:0:49,848,435,482,66.30,22.10,7.70,21.60
22/2/18-2:1:50,847,437,485,65.80,22.10,8.10,21.80
22/2/18-2:2:51,847,438,482,66.90,22.10,7.40,19.30
22/2/18-2:3:52,847,438,481,66.50,22.10,7.50,23.50
22/2/18-2:4:53,848,441,483,67.20,22.10,7.90,26.20
22/2/18-2:5:54,847,435,481,67.30,22.10,8.70,28.20
22/2/18-2:6:55,847,436,479,67.20,22.10,7.40,27.40
22/2/18-2:7:56,847,438,481,67.40,22.10,7.20,24.80
22/2/18-2:8:57,847,433,478,67.70,22.10,7.30,21.90
22/2/18-2:9:58,848,434,476,67.70,22.10,7.80,26.20
22/2/18-2:10:59,847,437,476,66.80,22.00,7.00,17.00
22/2/18-2:12:0,847,437,480,67.30,22.00,6.90,20.80
22/2/18-2:13:1,847,433,477,65.90,22.00,6.70,20.50
22/2/18-2:14:2,847,433,477,67.10,22.00,7.30,21.30
22/2/18-2:15:3,847,433,477,66.90,22.00,6.60,18.30
22/2/18-2:16:4,847,435,478,65.60,22.00,7.10,19.90
22/2/18-2:17:4,847,436,478,66.90,22.00,7.40,23.90
22/2/18-2:18:5,847,436,478,66.20,21.90,7.70,22.90
22/2/18-2:19:6,847,438,478,67.70,21.90,7.90,22.20
22/2/18-2:20:7,847,441,481,67.50,21.90,6.80,16.20
22/2/18-2:21:8,847,443,482,66.60,21.90,7.60,24.10
22/2/18-2:22:9,847,439,479,66.70,21.90,7.40,25.40
22/2/18-2:23:10,847,438,475,67.80,21.90,7.10,27.80
22/2/18-2:24:11,847,433,477,68.50,21.90,7.10,21.50
22/2/18-2:25:12,848,434,474,67.60,21.90,6.60,19.70
22/2/18-2:26:13,847,434,475,66.40,21.80,7.00,19.00
22/2/18-2:27:14,847,435,473,67.20,21.80,6.60,20.80
22/2/18-2:28:15,847,431,473,68.20,21.80,6.40,21.80
22/2/18-2:29:16,848,433,474,68.20,21.80,6.90,21.50
22/2/18-2:30:17,847,431,473,65.70,21.80,6.50,21.30
22/2/18-2:31:18,847,427,470,66.00,21.80,6.10,17.30
22/2/18-2:32:19,847,427,469,66.10,21.70,6.70,18.20
22/2/18-2:33:20,847,425,469,67.60,21.70,6.20,19.20
22/2/18-2:34:21,847,423,466,65.80,21.70,5.70,15.80
22/2/18-2:35:22,847,429,469,66.90,21.70,6.40,20.90
22/2/18-2:36:23,847,430,469,67.50,21.70,6.00,17.50
22/2/18-2:37:24,848,425,470,67.10,21.70,6.10,18.10
22/2/18-2:38:25,847,428,467,66.70,21.70,6.10,16.00
22/2/18-2:39:26,847,430,467,66.10,21.70,5.70,16.70
22/2/18-2:40:27,847,429,468,66.50,21.70,7.00,19.90
22/2/18-2:41:28,847,427,465,66.80,21.70,6.30,21.90
22/2/18-2:42:29,847,427,468,66.50,21.70,6.00,26.70
22/2/18-2:43:30,847,430,473,66.20,21.60,5.50,15.00
22/2/18-2:44:31,847,429,467,67.10,21.60,6.60,24.20
22/2/18-2:45:32,847,427,466,67.80,21.60,6.20,22.50
22/2/18-2:46:33,847,428,468,67.40,21.60,6.50,23.00
22/2/18-2:47:34,847,428,467,67.30,21.60,6.50,22.80
22/2/18-2:48:35,847,427,466,66.90,21.60,6.20,22.20
22/2/18-2:49:36,847,427,462,68.10,21.50,6.10,16.40
22/2/18-2:50:37,847,425,465,65.80,21.50,5.80,19.20
22/2/18-2:51:38,847,425,465,66.40,21.50,6.00,20.50
22/2/18-2:52:39,847,418,458,66.00,21.50,7.00,22.50
22/2/18-2:53:40,847,419,463,66.80,21.50,6.60,24.80
22/2/18-2:54:41,847,421,462,67.30,21.50,6.00,21.40
22/2/18-2:55:42,847,419,462,68.90,21.50,6.00,20.90
22/2/18-2:56:43,847,421,461,68.80,21.50,5.20,20.70
22/2/18-2:57:44,847,418,459,67.70,21.50,5.80,15.60
22/2/18-2:58:45,847,420,460,66.90,21.50,6.10,21.20
22/2/18-2:59:46,847,421,460,68.50,21.50,5.80,19.90
22/2/18-3:0:47,847,415,455,66.80,21.40,5.20,14.20
22/2/18-3:1:48,847,415,451,66.10,21.40,5.40,17.20
22/2/18-3:2:49,847,416,453,67.90,21.40,5.00,17.30
22/2/18-3:3:50,848,412,454,69.10,21.40,5.00,10.90
22/2/18-3:4:50,847,416,454,68.00,21.40,4.50,15.50
22/2/18-3:5:51,847,421,455,68.80,21.40,4.10,14.50
22/2/18-3:6:52,848,417,455,69.80,21.40,4.40,18.50
22/2/18-3:7:53,847,409,450,69.00,21.40,4.20,16.10
22/2/18-3:8:54,848,413,461,67.80,21.40,3.80,10.50
22/2/18-3:9:55,847,416,458,67.30,21.40,4.00,12.50
22/2/18-3:10:56,847,404,447,67.00,21.40,3.90,12.30
22/2/18-3:11:57,847,407,449,67.10,21.40,3.40,10.00
22/2/18-3:12:58,847,403,445,66.50,21.40,3.70,13.10
22/2/18-3:13:59,847,404,449,66.60,21.40,3.50,16.50
22/2/18-3:15:0,846,402,448,65.40,21.40,3.60,9.70
22/2/18-3:16:1,847,403,450,66.40,21.40,3.50,14.20
22/2/18-3:17:2,847,401,443,66.00,21.40,3.80,7.40
22/2/18-3:18:3,847,402,444,65.50,21.40,3.70,13.40
22/2/18-3:19:4,847,406,441,66.40,21.40,3.80,11.40
22/2/18-3:20:5,847,399,441,65.90,21.40,3.80,14.40
22/2/18-3:21:6,847,402,443,66.00,21.40,3.30,11.90
22/2/18-3:22:7,847,406,443,66.00,21.40,3.60,13.10
22/2/18-3:23:8,848,406,447,66.90,21.40,3.50,12.50
22/2/18-3:24:9,847,400,441,67.20,21.40,3.60,11.10
22/2/18-3:25:10,847,399,440,66.90,21.40,3.90,14.30
22/2/18-3:26:11,847,402,440,67.20,21.40,3.80,11.10
22/2/18-3:27:12,847,405,440,66.70,21.40,3.70,13.70
22/2/18-3:28:13,848,403,443,65.60,21.30,3.40,13.30
22/2/18-3:29:14,847,408,450,67.40,21.30,3.30,13.40
22/2/18-3:30:15,847,399,441,67.10,21.40,3.80,10.80
22/2/18-3:31:16,847,404,444,62.10,21.40,3.50,13.50
22/2/18-3:32:17,847,401,438,64.90,21.40,3.40,9.40
22/2/18-3:33:18,847,401,438,64.30,21.30,3.20,11.40
22/2/18-3:34:19,847,399,439,65.00,21.30,3.50,13.40
22/2/18-3:35:20,847,406,446,65.10,21.30,3.40,9.50
22/2/18-3:36:21,847,399,439,65.30,21.30,3.40,7.40
22/2/18-3:37:22,847,398,440,65.30,21.30,3.20,12.60
22/2/18-3:38:23,847,405,446,66.40,21.30,3.70,10.40
22/2/18-3:39:24,847,403,440,65.80,21.30,3.70,12.90
22/2/18-3:40:25,847,398,439,65.80,21.30,3.10,14.70
22/2/18-3:41:26,847,397,442,65.30,21.30,2.80,9.00
22/2/18-3:42:27,847,398,445,64.00,21.30,3.30,7.00
22/2/18-3:43:28,848,389,438,65.40,21.30,3.40,10.10
22/2/18-3:44:29,847,387,438,64.90,21.20,3.10,8.70
22/2/18-3:45:30,847,385,438,65.30,21.30,2.90,12.20
22/2/18-3:46:31,847,391,439,64.60,21.30,3.30,11.80
22/2/18-3:47:32,847,392,440,65.00,21.20,2.60,8.20
22/2/18-3:48:33,847,400,444,65.80,21.30,3.40,9.70
22/2/18-3:49:34,847,396,443,65.40,21.30,3.40,10.50
22/2/18-3:50:35,847,391,439,63.80,21.20,3.10,11.00
22/2/18-3:51:35,847,384,435,65.10,21.20,3.70,10.80
22/2/18-3:52:36,847,390,440,65.30,21.30,3.00,9.00
22/2/18-3:53:37,847,387,438,65.10,21.30,2.90,9.30
22/2/18-3:54:38,847,384,437,64.70,21.20,2.90,12.40
22/2/18-3:55:39,847,383,444,65.50,21.20,2.90,10.10
22/2/18-3:56:40,847,384,445,62.50,21.20,3.20,11.10
22/2/18-3:57:41,847,377,432,63.70,21.20,2.70,9.90
22/2/18-3:58:42,847,372,433,64.10,21.20,2.90,9.20
22/2/18-3:59:43,847,375,440,63.90,21.20,2.80,9.30
22/2/18-4:0:44,848,374,434,63.80,21.20,2.90,6.70
22/2/18-4:1:45,847,374,434,63.10,21.20,2.70,9.50
22/2/18-4:2:46,847,381,437,61.90,21.20,2.90,11.10
22/2/18-4:3:47,847,383,441,64.40,21.20,2.80,7.40
22/2/18-4:4:48,847,386,443,64.90,21.20,2.50,10.80
22/2/18-4:5:49,847,382,434,64.20,21.20,2.70,9.30
22/2/18-4:6:50,847,378,435,64.20,21.20,2.30,6.30
22/2/18-4:7:51,848,372,431,64.80,21.20,3.10,10.60
22/2/18-4:8:52,847,375,436,64.60,21.10,2.70,8.30
22/2/18-4:9:53,847,389,456,63.80,21.10,2.60,7.10
22/2/18-4:10:54,847,388,442,63.90,21.10,2.30,6.80
22/2/18-4:11:55,847,380,434,64.40,21.10,2.60,10.70
22/2/18-4:12:56,847,371,434,63.50,21.20,2.60,6.30
22/2/18-4:13:57,847,372,435,63.00,21.20,2.20,7.20
22/2/18-4:14:58,847,377,434,66.40,21.10,2.90,7.90
22/2/18-4:15:59,847,382,436,66.80,21.10,2.80,10.00
22/2/18-4:17:0,847,385,434,66.50,21.10,3.30,11.30
22/2/18-4:18:1,847,380,433,66.80,21.10,2.60,7.80
22/2/18-4:19:2,848,373,430,65.60,21.10,2.90,12.20
22/2/18-4:20:3,847,379,432,66.00,21.10,2.30,6.20
22/2/18-4:21:4,847,378,433,65.90,21.10,3.20,14.60
22/2/18-4:22:5,846,385,441,65.50,21.10,2.20,6.10
22/2/18-4:23:6,847,397,440,65.80,21.00,2.80,8.70
22/2/18-4:24:7,847,387,435,66.60,21.10,2.80,8.30
22/2/18-4:25:8,847,399,438,64.80,21.00,2.40,6.50
22/2/18-4:26:9,847,393,434,64.80,21.10,2.70,12.50
22/2/18-4:27:10,847,393,439,66.00,21.00,2.70,9.90
22/2/18-4:28:11,847,384,432,65.20,21.00,2.50,7.80
22/2/18-4:29:12,847,391,436,64.50,21.00,2.60,8.00
22/2/18-4:30:13,847,396,431,65.70,20.90,2.40,7.20
22/2/18-4:31:14,847,380,428,64.20,21.00,2.50,7.10
22/2/18-4:32:15,847,377,430,66.20,20.90,2.20,6.70
22/2/18-4:33:16,847,391,436,65.50,20.90,2.50,7.90
22/2/18-4:34:17,848,384,433,65.20,20.90,2.70,5.80
22/2/18-4:35:18,847,381,433,64.30,20.90,2.80,9.50
22/2/18-4:36:19,847,377,432,65.70,20.90,2.20,7.60
22/2/18-4:37:19,847,372,427,65.20,20.90,2.70,7.40
22/2/18-4:38:20,847,383,439,66.50,20.80,2.20,7.60
22/2/18-4:39:21,847,398,443,65.70,20.80,2.40,5.50
22/2/18-4:40:22,847,385,432,65.80,20.90,1.80,4.80
22/2/18-4:41:23,847,385,436,65.60,20.80,2.60,12.70
22/2/18-4:42:24,848,377,430,66.90,20.80,2.60,10.80
22/2/18-4:43:25,847,371,427,66.30,20.80,2.50,5.20
22/2/18-4:44:26,849,370,434,65.60,20.80,1.90,7.30
22/2/18-4:45:27,847,383,439,65.30,20.80,2.10,8.10
22/2/18-4:46:28,848,370,431,66.10,20.80,2.70,11.50
22/2/18-4:47:29,847,385,433,66.20,20.80,2.60,6.60
22/2/18-4:48:30,848,372,432,66.00,20.80,2.40,7.70
22/2/18-4:49:31,847,383,440,66.10,20.70,2.60,5.20
22/2/18-4:50:32,847,376,432,65.00,20.80,2.70,9.60
22/2/18-4:51:33,847,382,437,67.80,20.80,2.70,8.20
22/2/18-4:52:34,848,391,440,66.20,20.80,2.70,8.30
22/2/18-4:53:35,848,384,436,68.20,20.80,2.10,6.20
22/2/18-4:54:36,847,384,436,65.80,20.80,2.90,7.30
22/2/18-4:55:37,847,381,434,66.60,20.80,2.50,8.20
22/2/18-4:56:38,847,379,433,66.20,20.80,2.50,7.40
22/2/18-4:57:39,847,376,429,67.20,20.80,2.40,7.20
22/2/18-4:58:40,847,375,429,66.00,20.70,2.00,5.60
22/2/18-4:59:41,847,368,433,66.40,20.70,2.10,6.00
22/2/18-5:0:42,848,361,430,66.20,20.70,2.00,6.30
22/2/18-5:1:43,848,357,424,65.50,20.60,2.10,8.10
22/2/18-5:2:44,847,368,429,64.60,20.60,1.90,5.00
22/2/18-5:3:45,847,371,428,67.70,20.60,2.40,8.70
22/2/18-5:4:46,847,385,435,64.50,20.60,2.60,10.70
22/2/18-5:5:47,848,387,439,66.40,20.60,2.40,10.90
22/2/18-5:6:48,847,385,430,66.20,20.60,2.40,10.70
22/2/18-5:7:49,847,377,435,66.60,20.70,2.70,9.60
22/2/18-5:8:50,847,398,450,66.20,20.70,2.60,12.90
22/2/18-5:9:51,847,382,431,67.00,20.70,2.30,10.60
22/2/18-5:10:52,847,383,438,65.10,20.70,1.60,8.50
22/2/18-5:11:53,848,370,427,66.70,20.70,2.20,6.50
22/2/18-5:12:54,847,383,435,65.00,20.60,2.60,10.80
22/2/18-5:13:55,848,382,441,64.40,20.60,2.20,6.90
22/2/18-5:14:56,847,386,431,66.50,20.60,2.00,7.20
22/2/18-5:15:57,847,390,437,65.80,20.60,2.50,7.90
22/2/18-5:16:58,848,392,434,63.70,20.60,2.00,6.90
22/2/18-5:17:59,847,376,429,65.90,20.70,2.50,11.40
22/2/18-5:19:0,847,368,428,63.90,20.60,1.90,5.30
22/2/18-5:20:1,847,365,437,64.40,20.60,1.70,6.70
22/2/18-5:21:2,847,377,449,65.00,20.60,2.00,5.60
22/2/18-5:22:3,847,372,429,64.20,20.60,2.20,6.10
22/2/18-5:23:3,847,382,440,64.70,20.60,2.00,7.30
22/2/18-5:24:4,848,372,430,65.20,20.60,2.30,6.70
22/2/18-5:25:5,847,371,429,65.30,20.60,1.90,5.20
22/2/18-5:26:6,847,365,426,64.30,20.60,2.30,15.30
22/2/18-5:27:7,847,373,434,65.20,20.50,2.30,9.40
22/2/18-5:28:8,848,374,432,65.40,20.50,2.10,7.50
22/2/18-5:29:9,847,362,427,64.80,20.50,1.80,4.20
22/2/18-5:30:10,847,350,425,66.60,20.50,2.10,7.10
22/2/18-5:31:11,848,340,426,65.00,20.50,2.40,10.30
22/2/18-5:32:12,848,339,425,65.80,20.40,2.00,8.90
22/2/18-5:33:13,847,342,425,66.60,20.40,1.80,5.00
22/2/18-5:34:14,847,340,423,64.50,20.40,2.90,13.00
22/2/18-5:35:15,847,342,424,64.80,20.40,2.40,11.40
22/2/18-5:36:16,847,341,422,65.10,20.40,2.80,14.80
22/2/18-5:37:17,848,344,424,65.60,20.30,2.50,11.70
22/2/18-5:38:18,847,336,422,67.10,20.30,2.50,9.70
22/2/18-5:39:19,848,329,422,65.10,20.30,2.00,9.60
22/2/18-5:40:20,847,328,422,63.70,20.30,2.20,13.40
22/2/18-5:41:21,847,330,423,64.20,20.20,2.60,8.00
22/2/18-5:42:22,847,338,424,64.80,20.20,2.50,11.20
22/2/18-5:43:23,847,348,430,64.60,20.20,2.70,10.50
22/2/18-5:44:24,848,348,426,66.90,20.30,2.20,7.50
22/2/18-5:45:25,847,352,429,65.70,20.20,2.20,7.50
22/2/18-5:46:26,848,352,427,65.30,20.20,2.30,8.20
22/2/18-5:47:27,847,355,428,65.70,20.30,2.70,7.70
22/2/18-5:48:28,847,355,427,65.50,20.20,1.90,6.80
22/2/18-5:49:29,848,360,431,66.10,20.20,2.00,8.70
22/2/18-5:50:30,848,367,432,66.00,20.20,2.30,8.30
22/2/18-5:51:31,848,370,433,66.20,20.30,2.20,9.90
22/2/18-5:52:32,847,374,437,66.50,20.30,1.90,8.40
22/2/18-5:53:33,847,381,430,66.30,20.20,2.20,8.70
22/2/18-5:54:34,847,378,431,64.60,20.30,1.80,8.10
22/2/18-5:55:35,847,378,434,66.00,20.30,1.90,5.00
22/2/18-5:56:36,847,371,432,64.10,20.30,2.20,8.80
22/2/18-5:57:37,848,358,429,64.90,20.30,2.20,4.50
22/2/18-5:58:38,847,348,425,66.90,20.30,2.00,6.90
22/2/18-5:59:39,847,348,427,66.60,20.20,1.70,5.40
22/2/18-6:0:40,847,352,429,66.00,20.20,1.40,3.30
22/2/18-6:1:41,847,335,422,66.60,20.20,2.30,7.90
22/2/18-6:2:42,847,337,428,65.90,20.20,2.00,6.80
22/2/18-6:3:43,847,340,429,66.00,20.10,1.80,4.00
22/2/18-6:4:44,847,352,437,67.40,20.10,2.20,6.70
22/2/18-6:5:45,847,355,435,65.70,20.20,1.80,4.90
22/2/18-6:6:46,847,361,430,65.40,20.20,1.90,6.70
22/2/18-6:7:47,848,360,437,64.60,20.20,1.70,7.00
22/2/18-6:8:47,847,348,426,64.70,20.20,1.70,4.80
22/2/18-6:9:48,848,359,430,64.90,20.20,2.20,9.00
22/2/18-6:10:49,847,351,424,63.00,20.30,2.00,7.00
22/2/18-6:11:50,847,340,424,63.50,20.30,1.70,7.00
22/2/18-6:12:51,849,332,425,64.40,20.30,1.60,4.70
22/2/18-6:13:52,847,331,432,63.90,20.30,1.70,6.70
22/2/18-6:14:53,847,348,442,64.10,20.30,1.90,6.30
22/2/18-6:15:54,847,351,437,62.50,20.30,1.60,8.20
22/2/18-6:16:55,847,354,428,63.20,20.30,1.80,9.80
22/2/18-6:17:56,847,370,461,63.90,20.30,1.50,3.70
22/2/18-6:18:57,847,363,432,63.00,20.40,1.90,11.40
22/2/18-6:19:58,848,360,436,61.60,20.40,2.00,4.60
22/2/18-6:20:59,847,351,433,62.00,20.40,2.00,7.30
22/2/18-6:22:0,848,351,446,61.30,20.50,1.60,6.30
22/2/18-6:23:1,848,351,443,60.60,20.50,1.90,4.10
22/2/18-6:24:2,847,362,440,60.80,20.50,2.10,4.90
22/2/18-6:25:3,847,374,436,60.90,20.50,2.10,8.60
22/2/18-6:26:4,847,365,441,62.30,20.50,2.60,5.30
22/2/18-6:27:5,849,350,430,60.20,20.60,2.30,14.20
22/2/18-6:28:6,848,363,444,60.70,20.60,2.30,6.50
22/2/18-6:29:7,848,379,467,62.10,20.60,2.60,14.60
22/2/18-6:30:8,847,382,450,60.50,20.60,1.90,5.70
22/2/18-6:31:9,848,365,441,61.50,20.70,2.20,6.70
22/2/18-6:32:10,848,384,458,61.40,20.70,2.10,7.60
22/2/18-6:33:11,847,384,437,61.50,20.70,2.50,12.70
22/2/18-6:34:12,847,374,456,61.00,20.80,2.70,9.30
22/2/18-6:35:13,847,381,449,61.40,20.80,3.10,9.20
22/2/18-6:36:14,847,390,448,61.00,20.80,3.90,13.50
22/2/18-6:37:15,848,407,474,60.20,20.80,3.10,7.90
22/2/18-6:38:16,847,393,450,60.50,20.80,3.50,9.90
22/2/18-6:39:17,847,389,447,59.70,20.80,3.70,11.40
22/2/18-6:40:18,848,382,442,63.30,20.90,3.10,10.50
22/2/18-6:41:19,847,382,443,60.50,20.90,3.10,5.50
22/2/18-6:42:20,847,382,469,62.60,20.90,3.30,5.80
22/2/18-6:43:21,847,371,455,60.90,20.90,3.70,13.20
22/2/18-6:44:22,847,364,444,59.40,20.90,3.50,7.60
22/2/18-6:45:23,847,365,450,60.40,20.80,3.50,11.10
22/2/18-6:46:24,847,382,458,61.20,20.90,3.40,9.10
22/2/18-6:47:25,847,380,448,61.50,20.90,3.80,8.80
22/2/18-6:48:26,847,374,450,60.90,20.90,3.60,12.30
22/2/18-6:49:27,847,374,459,58.90,21.00,3.70,10.20
22/2/18-6:50:28,847,366,448,59.50,21.00,3.40,8.20
22/2/18-6:51:29,847,375,451,60.00,20.90,3.60,11.20
22/2/18-6:52:30,847,377,474,59.90,21.00,3.30,8.20
22/2/18-6:53:30,847,375,450,59.90,21.00,3.30,6.60
22/2/18-6:54:31,847,373,455,60.30,21.00,3.60,14.10
22/2/18-6:55:32,848,373,478,61.20,21.00,3.80,13.90
22/2/18-6:56:33,847,376,447,60.50,21.00,4.20,13.30
22/2/18-6:57:34,847,390,454,58.20,21.00,4.10,17.90
22/2/18-6:58:35,848,382,461,61.50,21.00,4.20,24.90
22/2/18-6:59:36,847,387,456,58.90,21.00,3.60,11.00
22/2/18-7:0:37,848,404,470,60.10,21.00,3.50,8.50
22/2/18-7:1:38,847,379,456,60.60,21.00,3.20,10.00
22/2/18-7:2:39,847,366,455,58.20,21.00,4.00,9.70
22/2/18-7:3:40,848,363,457,58.90,21.00,3.60,8.00
22/2/18-7:4:41,847,383,465,58.20,21.10,3.40,7.90
22/2/18-7:5:42,847,392,468,58.70,21.10,3.60,11.60
22/2/18-7:6:43,847,386,462,58.70,21.10,3.60,8.50
22/2/18-7:7:44,848,380,451,59.20,21.10,3.90,10.80
22/2/18-7:8:45,847,372,449,60.00,21.10,3.50,9.90
22/2/18-7:9:46,847,389,464,59.60,21.10,3.50,14.80
22/2/18-7:10:47,847,402,464,59.50,21.10,3.70,11.40
22/2/18-7:11:48,847,387,461,59.90,21.10,3.70,11.70
22/2/18-7:12:49,847,381,451,60.80,21.10,3.70,11.70
22/2/18-7:13:50,847,390,454,60.10,21.10,3.70,11.60
22/2/18-7:14:51,847,402,485,59.70,21.20,4.10,12.90
22/2/18-7:15:52,848,390,470,59.70,21.20,4.20,11.40
22/2/18-7:16:53,847,398,453,60.00,21.20,4.20,12.80
22/2/18-7:17:54,847,407,479,60.00,21.20,4.00,18.60
22/2/18-7:18:55,847,394,459,60.70,21.20,4.30,18.50
22/2/18-7:19:56,847,393,465,59.30,21.20,4.10,11.70
22/2/18-7:20:57,847,371,453,60.20,21.20,4.00,12.00
22/2/18-7:21:58,847,390,479,58.10,21.20,4.60,13.70
22/2/18-7:22:59,847,374,457,58.50,21.20,5.10,22.40
22/2/18-7:24:0,847,366,450,59.50,21.20,4.80,16.40
22/2/18-7:25:1,847,388,479,60.10,21.20,5.00,12.60
22/2/18-7:26:2,847,387,471,60.30,21.30,5.00,12.70
22/2/18-7:27:3,847,412,488,59.80,21.30,4.80,13.50
22/2/18-7:28:4,847,396,459,60.60,21.30,4.90,14.20
22/2/18-7:29:5,848,395,472,60.30,21.30,6.80,20.80
22/2/18-7:30:6,847,408,473,61.10,21.30,5.00,11.80
22/2/18-7:31:7,847,410,475,61.40,21.40,5.40,11.40
22/2/18-7:32:8,847,405,467,60.80,21.40,6.10,14.90
22/2/18-7:33:9,847,405,482,60.80,21.40,7.50,18.80
22/2/18-7:34:10,847,414,490,60.50,21.40,7.40,23.90
22/2/18-7:35:11,848,413,488,60.60,21.50,7.10,22.20
22/2/18-7:36:12,847,390,466,60.30,21.40,6.00,18.70
22/2/18-7:37:13,847,394,487,60.60,21.40,5.80,21.00
22/2/18-7:38:14,847,415,487,61.00,21.40,6.90,22.90
22/2/18-7:39:14,847,412,493,60.40,21.50,7.20,23.70
22/2/18-7:40:15,847,405,485,60.70,21.40,7.20,30.20
22/2/18-7:41:16,847,407,476,60.40,21.40,5.40,15.00
22/2/18-7:42:17,846,393,455,59.90,21.40,6.80,21.10
22/2/18-7:43:18,847,408,487,59.10,21.40,7.00,21.60
22/2/18-7:44:19,847,406,464,58.90,21.40,7.00,20.00
22/2/18-7:45:20,848,394,455,59.40,21.40,7.20,16.70
22/2/18-7:46:21,847,383,460,59.90,21.40,7.80,21.10
22/2/18-7:47:22,847,385,463,60.30,21.50,7.40,21.90
22/2/18-7:48:23,847,386,455,60.00,21.50,6.90,17.70
22/2/18-7:49:24,847,393,483,59.90,21.50,7.10,23.20
22/2/18-7:50:25,847,396,462,59.50,21.50,7.00,20.80
22/2/18-7:51:26,847,403,476,60.20,21.50,6.20,19.50
22/2/18-7:52:27,847,418,512,60.30,21.50,7.50,18.90
22/2/18-7:53:28,847,398,483,60.20,21.50,7.60,23.80
22/2/18-7:54:29,848,384,458,60.60,21.50,6.70,21.40
22/2/18-7:55:30,847,376,457,60.20,21.60,6.30,15.10
22/2/18-7:56:31,847,383,478,59.80,21.60,5.90,16.90
22/2/18-7:57:32,847,400,472,60.20,21.50,6.80,19.30
22/2/18-7:58:33,847,397,468,60.80,21.60,7.30,24.20
22/2/18-7:59:34,847,392,481,60.20,21.60,6.50,19.80
22/2/18-8:0:35,847,383,473,59.00,21.60,6.50,16.10
22/2/18-8:1:36,847,382,467,60.40,21.70,6.10,19.40
22/2/18-8:2:37,847,409,489,59.50,21.70,6.40,22.00
22/2/18-8:3:38,847,400,458,58.80,21.70,5.70,17.20
22/2/18-8:4:39,847,404,475,59.40,21.70,6.60,19.10
22/2/18-8:5:40,847,408,496,59.30,21.80,5.80,21.60
22/2/18-8:6:41,847,419,504,60.20,21.80,5.60,24.00
22/2/18-8:7:42,847,413,475,60.10,21.80,6.10,23.60
22/2/18-8:8:43,847,402,469,58.50,21.80,6.60,22.20
22/2/18-8:9:44,847,401,465,57.50,21.80,5.60,14.20
22/2/18-8:10:45,847,414,496,58.70,21.90,5.80,17.60
22/2/18-8:11:46,847,401,476,59.10,21.90,6.00,21.40
22/2/18-8:12:47,846,396,464,58.90,21.90,5.70,20.10
22/2/18-8:13:48,847,396,474,59.50,22.00,6.00,18.80
22/2/18-8:14:49,847,400,477,60.20,21.90,5.80,19.50
22/2/18-8:15:50,847,399,464,58.30,22.00,4.80,17.50
22/2/18-8:16:51,847,388,463,59.10,22.00,5.60,20.10
22/2/18-8:17:52,847,411,494,59.50,22.00,5.60,16.30
22/2/18-8:18:53,847,418,471,59.40,22.00,5.20,19.80
22/2/18-8:19:54,847,424,495,59.50,22.00,5.90,20.50
22/2/18-8:20:55,848,424,510,60.20,22.10,5.50,17.50
22/2/18-8:21:56,847,432,519,59.80,22.10,5.00,21.40
22/2/18-8:22:57,847,439,562,59.50,22.10,5.20,17.20
22/2/18-8:23:58,847,436,505,60.10,22.10,4.90,13.80
22/2/18-8:24:58,847,410,472,60.50,22.20,5.30,15.50
22/2/18-8:25:59,847,417,503,60.70,22.20,5.10,16.70
22/2/18-8:27:0,847,407,474,60.40,22.20,6.10,26.60
22/2/18-8:28:1,847,419,519,60.60,22.20,5.50,14.50
22/2/18-8:29:2,847,410,469,58.70,22.20,4.70,11.60
22/2/18-8:30:3,847,416,481,61.10,22.30,6.20,19.60
22/2/18-8:31:4,846,423,493,61.60,22.30,5.30,17.10
22/2/18-8:32:5,847,439,511,59.80,22.30,5.00,16.50
22/2/18-8:33:6,847,420,482,60.00,22.40,4.80,16.20
22/2/18-8:34:7,846,431,504,60.20,22.40,5.10,20.30
22/2/18-8:35:8,847,420,480,60.20,22.40,4.40,19.50
22/2/18-8:36:9,847,416,471,61.40,22.50,5.70,31.80
22/2/18-8:37:10,847,409,479,60.30,22.50,5.00,20.10
22/2/18-8:38:11,847,411,476,60.80,22.50,5.10,16.30
22/2/18-8:39:12,847,392,465,60.50,22.50,4.50,17.90
22/2/18-8:40:13,847,414,512,58.80,22.50,5.00,18.30
22/2/18-8:41:14,847,426,504,60.10,22.50,5.70,21.80
22/2/18-8:42:15,847,428,497,60.90,22.50,5.40,16.90
22/2/18-8:43:16,847,428,490,60.90,22.60,4.90,21.30
22/2/18-8:44:17,847,445,552,60.50,22.60,4.70,19.80
22/2/18-8:45:18,847,424,494,60.70,22.60,5.50,19.70
22/2/18-8:46:19,847,435,506,60.80,22.70,5.10,15.70
22/2/18-8:47:20,847,447,541,60.10,22.70,4.60,17.60
22/2/18-8:48:21,847,448,535,59.30,22.70,4.30,12.50
22218.txt
22218.txt
22218.txt
22/2/18-8:51:3,843,422,494,58.30,22.80,3.80,24.30
22/2/18-8:52:4,842,406,491,59.10,22.80,5.00,15.80
22/2/18-8:53:5,841,424,501,57.80,22.80,4.90,25.50
22/2/18-8:54:6,841,439,519,59.80,22.80,5.70,28.70
22/2/18-8:55:7,842,444,526,58.80,22.80,4.80,15.50
22/2/18-8:56:8,841,440,499,60.50,22.80,5.00,16.00
22/2/18-8:57:9,842,435,513,59.30,22.90,5.20,21.60
22/2/18-8:58:10,842,464,546,60.00,22.90,4.30,16.30
22/2/18-8:59:11,842,448,534,59.80,23.00,4.50,13.10
22/2/18-9:0:12,842,457,545,61.30,23.00,5.10,27.30
22/2/18-9:1:13,841,451,523,60.10,23.00,5.50,23.30
22/2/18-9:2:14,842,446,516,60.00,23.10,4.50,25.70
22/2/18-9:3:15,842,455,522,60.00,23.10,4.10,15.40
22/2/18-9:4:16,842,456,528,59.50,23.10,5.00,22.40
22/2/18-9:5:17,843,437,523,59.80,23.20,4.70,17.90
22/2/18-9:6:18,842,446,531,58.90,23.20,4.10,22.90
22/2/18-9:7:19,842,442,512,60.10,23.30,4.20,19.20
22/2/18-9:8:20,842,438,499,60.10,23.30,4.50,21.20
22/2/18-9:9:21,842,431,525,60.00,23.30,3.70,16.20
22/2/18-9:10:22,842,438,549,59.40,23.40,4.60,23.90
22/2/18-9:11:23,841,445,515,59.80,23.40,4.10,19.20
22/2/18-9:12:24,841,424,495,59.50,23.40,4.60,20.10
22/2/18-9:13:25,842,414,501,59.20,23.50,4.00,15.60
22/2/18-9:14:26,842,432,512,59.00,23.50,4.10,17.10
22/2/18-9:15:27,841,435,513,58.40,23.50,3.40,11.70
22/2/18-9:16:28,842,451,537,58.40,23.50,3.30,13.20
22/2/18-9:17:29,843,453,558,59.80,23.50,4.30,25.00
22/2/18-9:18:30,842,449,524,59.60,23.60,3.90,14.60
22/2/18-9:19:31,842,423,513,59.00,23.60,4.40,20.00
22/2/18-9:20:32,842,432,503,58.80,23.60,4.30,18.40
22/2/18-9:21:33,842,432,511,58.50,23.70,4.10,21.60
22/2/18-9:22:34,841,416,508,57.70,23.70,3.70,19.30
22/2/18-9:23:35,842,434,580,57.80,23.60,3.60,19.60
22/2/18-9:24:36,841,446,591,58.60,23.60,4.00,19.20
22/2/18-9:25:37,842,470,592,58.10,23.70,3.70,10.80
22/2/18-9:26:38,842,460,564,58.10,23.70,3.70,19.90
22/2/18-9:27:39,842,485,599,58.80,23.80,3.60,15.30
22/2/18-9:28:40,842,484,602,57.50,23.80,3.50,23.90
22/2/18-9:29:41,841,448,494,58.10,23.80,3.40,22.40
22/2/18-9:30:42,842,441,527,58.30,23.90,4.20,25.10
22/2/18-9:31:43,841,463,559,58.50,23.90,3.60,17.10
22/2/18-9:32:44,842,494,617,58.20,23.90,2.80,15.10
22/2/18-9:33:44,842,468,536,58.20,23.90,4.00,17.30
22/2/18-9:34:45,842,455,517,58.50,24.00,3.70,23.20
22/2/18-9:35:46,842,442,530,57.70,24.00,3.10,15.40
22/2/18-9:36:47,842,452,540,57.70,24.10,4.10,21.20
22/2/18-9:37:48,842,451,546,57.00,24.10,2.70,12.80
22/2/18-9:38:49,841,485,647,57.90,24.10,3.20,18.40
22/2/18-9:39:50,841,451,518,57.50,24.10,5.40,49.50
22/2/18-9:40:51,841,442,512,57.70,24.20,3.50,21.10
22/2/18-9:41:52,843,475,603,57.40,24.30,3.60,21.00
22/2/18-9:42:53,842,494,595,56.80,24.30,3.20,15.20
22/2/18-9:43:54,842,474,512,56.80,24.30,3.30,20.50
22/2/18-9:44:55,842,462,497,57.50,24.30,2.70,15.50
22/2/18-9:45:56,842,453,497,57.80,24.40,2.70,11.10
22/2/18-9:46:57,842,450,520,56.00,24.50,1.80,7.50
22/2/18-9:47:58,841,463,508,57.80,24.50,1.80,10.90
22/2/18-9:48:59,841,456,503,56.70,24.50,2.10,12.90
22/2/18-9:50:0,842,450,494,58.10,24.60,2.40,9.80
22/2/18-9:51:1,842,439,510,57.60,24.70,3.00,13.80
22/2/18-9:52:2,842,419,500,55.80,24.60,2.40,13.60
22/2/18-9:53:3,842,466,621,55.90,24.70,1.70,6.40
22/2/18-9:54:4,842,453,577,56.90,24.70,2.00,6.90
22/2/18-9:55:5,842,462,519,55.70,24.70,2.90,20.90
22/2/18-9:56:6,842,467,530,56.10,24.80,2.20,12.00
22/2/18-9:57:7,841,443,490,55.90,24.80,2.30,9.50
22/2/18-9:58:8,841,450,564,55.60,24.80,2.40,11.30
22/2/18-9:59:9,842,439,524,55.90,24.80,2.80,10.90
22/2/18-10:0:10,842,454,529,56.60,24.80,5.00,45.90
22/2/18-10:1:11,842,455,506,54.80,24.90,3.80,38.30
22/2/18-10:2:12,843,442,503,56.00,24.90,2.70,14.90
22/2/18-10:3:13,841,422,493,55.00,24.90,2.40,15.00
22/2/18-10:4:14,842,412,505,56.30,25.00,2.00,8.90
22/2/18-10:5:15,842,447,572,55.70,25.00,2.10,12.80
22/2/18-10:6:16,842,442,522,54.90,25.10,2.10,8.40
22/2/18-10:7:17,842,468,550,55.10,25.10,1.50,6.30
22/2/18-10:8:18,841,463,554,56.00,25.10,2.30,11.60
22/2/18-10:9:19,842,480,604,57.50,25.10,2.50,17.90
22/2/18-10:10:20,842,498,574,57.20,25.10,3.10,22.80
22/2/18-10:11:21,842,477,555,56.90,25.10,2.50,15.40
22/2/18-10:12:22,841,487,572,56.20,25.20,2.20,12.50
22/2/18-10:13:23,841,453,522,55.50,25.20,3.70,38.00
22/2/18-10:14:24,842,458,529,55.30,25.20,1.80,10.80
22/2/18-10:15:25,842,420,531,55.20,25.20,2.30,14.10
22/2/18-10:16:26,842,441,516,54.80,25.20,1.80,7.20
22/2/18-10:17:27,841,468,594,54.70,25.30,1.80,5.40
22/2/18-10:18:28,842,468,570,55.80,25.40,1.30,6.20
22/2/18-10:19:29,842,466,571,55.40,25.40,1.70,9.40
22/2/18-10:20:30,841,393,503,53.70,25.40,1.70,7.30
22/2/18-10:21:31,842,446,603,54.20,25.40,1.70,15.60
22/2/18-10:22:32,842,418,513,54.70,25.50,2.10,6.90
22/2/18-10:23:33,842,431,551,54.80,25.50,1.50,8.50
22/2/18-10:24:33,843,434,540,53.80,25.50,1.90,7.30
22/2/18-10:25:34,842,500,659,53.80,25.50,1.70,8.60
22/2/18-10:26:35,842,457,502,53.60,25.50,1.70,4.80
22/2/18-10:27:36,842,457,546,53.70,25.60,1.70,6.00
22/2/18-10:28:37,843,480,589,55.10,25.70,1.60,5.70
22/2/18-10:29:38,842,496,654,54.00,25.60,1.20,2.70
22/2/18-10:30:39,842,482,575,55.00,25.70,1.40,8.40
22/2/18-10:31:40,842,455,507,54.50,25.70,1.50,3.90
22/2/18-10:32:41,842,477,593,53.20,25.70,1.70,7.30
22/2/18-10:33:42,844,458,504,52.70,25.70,1.60,8.50
22/2/18-10:34:43,841,420,512,53.80,25.70,1.90,8.80
22/2/18-10:35:44,842,441,526,52.50,25.80,1.70,5.50
22/2/18-10:36:45,842,433,523,52.80,25.80,1.80,5.90
22/2/18-10:37:46,842,431,525,52.80,25.80,1.50,11.40
22/2/18-10:38:47,842,370,512,52.30,25.80,2.10,7.40
22/2/18-10:39:48,841,384,552,52.60,25.80,1.40,6.20
22/2/18-10:40:49,842,446,553,52.70,25.80,1.40,4.50
22/2/18-10:41:50,843,457,548,53.50,25.80,2.30,11.40
22/2/18-10:42:51,842,480,598,53.60,25.90,1.80,12.60
22/2/18-10:43:52,841,454,526,52.90,25.90,1.60,12.30
22/2/18-10:44:53,841,458,525,53.50,25.90,1.70,7.50
22/2/18-10:45:54,842,480,578,54.60,25.90,1.80,11.50
22/2/18-10:46:55,842,442,547,53.80,26.00,1.60,7.40
22/2/18-10:47:56,843,422,550,52.80,26.00,2.40,15.30
22/2/18-10:48:57,842,457,535,52.70,26.00,1.50,10.30
22/2/18-10:49:58,842,447,535,53.80,26.10,1.30,4.60
22/2/18-10:50:59,841,496,660,51.80,26.10,1.60,11.10
22/2/18-10:52:0,842,458,565,52.70,26.10,1.70,9.10
22/2/18-10:53:1,842,456,553,52.70,26.10,1.90,8.40
22/2/18-10:54:2,842,478,608,52.40,26.10,1.80,5.90
22/2/18-10:55:3,842,477,519,51.90,26.20,1.70,8.00
22/2/18-10:56:4,842,482,559,53.10,26.10,1.60,9.20
22/2/18-10:57:5,842,472,556,53.10,26.20,1.60,6.70
22/2/18-10:58:6,842,498,627,52.40,26.30,1.70,6.60
22/2/18-10:59:7,842,488,613,51.90,26.30,1.90,7.10
22/2/18-11:0:8,843,491,546,52.80,26.30,1.30,4.70
22/2/18-11:1:9,842,475,530,52.80,26.30,2.00,10.60
22/2/18-11:2:10,841,449,514,52.70,26.30,1.60,8.60
22/2/18-11:3:11,842,460,608,51.30,26.40,2.00,10.40
22/2/18-11:4:12,843,455,507,52.30,26.40,1.50,4.40
22/2/18-11:5:13,842,462,534,53.30,26.40,1.80,7.60
22/2/18-11:6:14,841,478,559,53.30,26.40,1.80,6.30
22/2/18-11:7:15,844,481,571,52.00,26.50,1.50,6.70
22/2/18-11:8:16,842,481,581,51.40,26.50,1.70,11.30
22/2/18-11:9:17,842,454,522,52.20,26.50,2.10,10.40
22/2/18-11:10:18,842,472,616,52.70,26.50,1.90,9.40
22/2/18-11:11:19,843,447,540,52.70,26.50,1.90,9.20
22/2/18-11:12:20,843,469,571,52.00,26.50,2.30,16.40
22/2/18-11:13:21,842,452,515,53.90,26.60,2.00,13.40
22/2/18-11:14:22,841,445,550,52.90,26.70,2.10,19.30
22/2/18-11:15:23,842,416,518,52.00,26.70,1.80,9.90
22/2/18-11:16:24,842,418,548,51.80,26.70,1.90,8.20
22/2/18-11:17:25,843,473,635,52.30,26.70,1.90,3.60
22/2/18-11:18:25,843,377,492,52.10,26.70,2.00,7.30
22/2/18-11:19:26,843,399,536,52.20,26.70,1.90,8.00
22/2/18-11:20:27,842,413,540,52.40,26.70,1.80,11.50
22/2/18-11:21:28,842,459,595,52.20,26.80,1.90,8.00
22/2/18-11:22:29,842,449,623,52.30,26.80,2.00,8.00
22/2/18-11:23:30,842,416,501,51.70,26.80,2.20,7.40
22/2/18-11:24:31,841,408,510,52.70,26.90,2.80,28.30
22/2/18-11:25:32,842,411,509,52.60,26.90,3.10,19.60
22/2/18-11:26:33,842,382,480,50.90,26.90,2.20,12.40
22/2/18-11:27:34,842,255,474,49.90,26.90,1.80,6.70
22/2/18-11:28:35,843,399,524,50.00,26.80,1.80,7.80
22/2/18-11:29:36,842,443,557,51.10,26.80,1.80,6.80
22/2/18-11:30:37,842,444,571,50.30,26.80,1.50,3.70
22/2/18-11:31:38,842,436,519,51.00,26.90,2.70,12.70
22/2/18-11:32:39,842,441,517,49.10,26.90,1.90,8.10
22/2/18-11:33:40,842,438,602,49.90,26.90,2.20,9.90
22/2/18-11:34:41,842,458,577,49.70,27.00,2.40,15.00
22/2/18-11:35:42,842,456,517,51.40,27.00,2.00,9.40
22/2/18-11:36:43,843,461,575,51.90,27.10,2.50,11.20
22/2/18-11:37:44,842,460,559,49.90,27.10,2.30,7.30
22/2/18-11:38:45,842,500,639,49.70,27.10,2.10,10.70
22/2/18-11:39:46,843,475,563,50.80,27.20,1.90,9.20
22/2/18-11:40:47,842,473,552,49.90,27.20,1.70,12.10
22/2/18-11:41:48,842,482,598,51.80,27.20,1.70,7.00
22/2/18-11:42:49,843,462,533,50.10,27.20,2.10,7.20
22/2/18-11:43:50,843,485,640,49.60,27.20,1.70,11.20
22/2/18-11:44:51,842,460,546,49.10,27.30,1.60,11.10
22/2/18-11:45:52,842,434,517,49.70,27.30,1.50,5.00
22/2/18-11:46:53,843,413,502,49.30,27.30,1.80,9.30
22/2/18-11:47:54,842,450,516,50.10,27.30,1.80,10.10
22/2/18-11:48:55,843,496,656,50.80,27.40,1.60,4.00
22/2/18-11:49:56,842,503,648,49.70,27.40,1.40,8.30
22/2/18-11:50:57,842,476,590,49.80,27.40,1.30,9.10
22/2/18-11:51:58,843,497,634,48.60,27.50,1.40,3.90
22/2/18-11:52:59,842,501,615,50.10,27.40,1.80,8.00
22/2/18-11:54:0,842,445,519,49.90,27.40,2.00,12.10
22/2/18-11:55:1,842,423,531,49.40,27.40,1.50,7.50
22/2/18-11:56:2,842,464,563,50.80,27.40,1.90,15.00
22/2/18-11:57:3,844,427,542,50.30,27.50,1.80,14.10
22/2/18-11:58:4,842,422,506,49.20,27.50,1.70,7.10
22/2/18-11:59:5,842,451,547,50.30,27.60,1.90,11.50
22/2/18-12:0:6,842,478,660,50.20,27.60,1.60,5.50
22/2/18-12:1:7,841,463,554,49.80,27.60,1.60,6.90
22/2/18-12:2:8,842,467,550,50.90,27.60,1.40,4.00
22/2/18-12:3:9,843,442,601,49.40,27.60,1.40,10.60
22/2/18-12:4:10,842,383,506,48.10,27.60,1.50,5.40
22/2/18-12:5:11,841,336,560,47.80,27.60,1.20,4.50
22/2/18-12:6:12,842,448,594,48.00,27.70,1.50,4.80
22/2/18-12:7:13,843,436,543,48.40,27.70,1.30,4.20
22/2/18-12:8:14,842,482,614,49.40,27.80,1.30,6.20
22/2/18-12:9:15,842,439,541,47.80,27.80,1.30,4.90
22/2/18-12:10:16,843,458,540,47.70,27.80,1.20,4.50
22/2/18-12:11:17,843,458,521,47.80,27.90,1.50,5.80
22/2/18-12:12:18,844,458,533,48.40,27.90,1.90,7.90
22/2/18-12:13:19,842,436,524,49.00,27.90,1.80,9.30
22/2/18-12:14:20,843,450,571,48.60,27.90,1.40,5.30
22/2/18-12:15:20,842,466,548,48.10,28.00,1.60,5.50
22/2/18-12:16:21,842,459,554,47.60,28.00,1.60,5.40
22/2/18-12:17:22,843,459,566,48.60,28.10,1.50,9.00
22/2/18-12:18:23,843,455,562,49.30,28.10,1.60,7.90
22/2/18-12:19:24,842,471,599,48.70,28.10,2.80,12.20
22/2/18-12:20:25,842,400,504,48.30,28.20,1.90,8.00
22/2/18-12:21:26,842,457,598,47.60,28.20,1.80,11.70
22/2/18-12:22:27,842,439,531,47.80,28.30,1.90,10.30
22/2/18-12:23:28,843,391,500,49.00,28.30,2.20,15.30
22/2/18-12:24:29,842,432,546,47.60,28.30,1.70,6.60
22/2/18-12:25:30,843,462,539,46.90,28.40,1.10,3.40
22/2/18-12:26:31,842,435,516,46.50,28.40,1.40,8.50
22/2/18-12:27:32,843,419,521,46.80,28.40,1.60,6.50
22/2/18-12:28:33,842,431,581,47.20,28.40,1.40,6.60
22/2/18-12:29:34,842,424,547,47.80,28.40,1.50,8.90
22/2/18-12:30:35,843,363,520,47.20,28.50,1.90,8.70
22/2/18-12:31:36,842,266,495,45.60,28.40,1.70,6.00
22/2/18-12:32:37,842,411,594,44.90,28.40,1.30,4.20
22/2/18-12:33:38,842,356,518,46.70,28.30,1.60,9.30
22/2/18-12:34:39,842,440,645,45.50,28.40,1.70,5.70
22/2/18-12:35:40,843,451,547,45.40,28.30,1.50,6.00
22/2/18-12:36:41,842,391,496,47.00,28.40,1.60,6.50
22/2/18-12:37:42,843,368,488,46.50,28.40,1.40,7.50
22/2/18-12:38:43,842,376,524,46.60,28.40,1.70,11.60
22/2/18-12:39:44,843,389,635,45.40,28.40,1.60,9.10
22/2/18-12:40:45,842,424,515,45.20,28.50,1.50,6.70
22/2/18-12:41:46,842,325,485,45.90,28.50,1.30,10.70
22/2/18-12:42:47,842,233,497,44.10,28.50,1.40,6.60
22/2/18-12:43:48,843,250,507,44.00,28.60,1.40,4.50
22/2/18-12:44:49,843,463,697,43.80,28.60,1.30,5.90
22/2/18-12:45:50,842,450,531,43.30,28.60,1.30,7.20
22/2/18-12:46:51,842,454,536,44.60,28.70,1.20,2.90
22/2/18-12:47:52,843,331,508,45.00,28.80,1.50,6.10
22/2/18-12:48:53,842,411,543,43.40,28.70,1.50,6.40
22/2/18-12:49:54,844,464,655,43.70,28.80,1.50,3.60
22/2/18-12:50:55,843,458,542,43.60,28.80,1.90,8.50
22/2/18-12:51:56,842,342,491,45.00,28.80,1.70,9.30
22/2/18-12:52:57,842,355,515,45.00,28.80,1.70,7.00
22/2/18-12:53:58,842,335,504,44.70,28.90,1.60,6.40
22/2/18-12:54:59,842,426,586,45.20,28.90,1.80,7.70
22/2/18-12:56:0,843,378,507,44.80,28.90,2.40,14.80
22/2/18-12:57:1,842,403,563,45.40,28.90,1.70,10.80
22/2/18-12:58:2,843,455,575,46.00,29.00,1.50,5.00
22/2/18-12:59:3,842,480,589,45.60,29.00,1.90,7.50
22/2/18-13:0:4,842,473,619,45.60,29.10,3.60,43.40
22/2/18-13:1:5,842,467,531,44.50,29.10,1.80,8.40
22/2/18-13:2:6,842,446,532,45.70,29.10,2.10,7.00
22/2/18-13:3:7,842,430,506,45.00,29.10,2.10,7.30
22/2/18-13:4:8,842,342,507,44.30,29.20,2.20,7.90
22/2/18-13:5:9,842,263,486,42.80,29.20,2.20,10.40
22/2/18-13:6:10,842,242,513,42.30,29.20,2.40,10.80
22/2/18-13:7:11,842,255,506,43.40,29.10,2.00,8.30
22/2/18-13:8:12,842,228,491,43.30,29.10,2.20,8.00
22/2/18-13:9:13,842,163,480,44.00,29.10,1.90,7.00
22/2/18-13:10:14,842,186,478,44.10,29.00,2.70,11.50
22/2/18-13:11:15,842,264,499,44.80,29.00,2.40,11.10
22/2/18-13:12:16,842,330,506,45.80,29.10,1.60,5.00
22/2/18-13:13:17,841,401,531,46.00,29.10,2.30,11.90
22/2/18-13:14:17,842,304,494,44.30,29.10,2.20,12.30
22/2/18-13:15:18,842,240,489,46.10,29.20,2.70,10.70
22/2/18-13:16:19,843,190,496,43.40,29.20,3.30,15.50
22/2/18-13:17:20,842,162,485,44.40,29.10,3.30,12.30
22/2/18-13:18:21,842,181,484,43.70,29.10,2.50,10.20
22/2/18-13:19:22,842,227,498,42.70,29.10,2.70,12.00
22/2/18-13:20:23,842,353,546,42.80,29.20,2.70,10.10
22/2/18-13:21:24,843,341,586,44.20,29.20,2.60,6.70
22/2/18-13:22:25,842,403,606,43.50,29.20,2.90,11.60
22/2/18-13:23:26,842,393,575,44.70,29.20,3.20,10.70
22/2/18-13:24:27,842,220,486,43.70,29.20,3.00,10.10
22/2/18-13:25:28,842,300,528,43.20,29.20,2.90,9.60
22/2/18-13:26:29,843,304,529,43.00,29.20,5.10,56.20
22/2/18-13:27:30,842,403,539,43.20,29.20,2.50,10.70
22/2/18-13:28:31,843,337,544,44.50,29.30,2.40,9.30
22/2/18-13:29:32,843,344,546,43.20,29.30,2.40,9.50
22/2/18-13:30:33,843,395,544,42.80,29.40,3.30,21.30
22/2/18-13:31:34,843,268,494,42.70,29.40,2.20,9.80
22/2/18-13:32:35,843,257,494,43.60,29.40,2.10,9.90
22/2/18-13:33:36,843,313,515,43.80,29.40,2.10,9.20
22/2/18-13:34:37,843,244,496,44.30,29.30,2.20,6.20
22/2/18-13:35:38,843,359,509,43.10,29.30,2.10,15.50
22/2/18-13:36:39,843,255,557,43.20,29.40,1.90,9.10
22/2/18-13:37:40,843,230,491,43.40,29.20,1.90,10.50
22/2/18-13:38:41,843,360,576,43.50,29.30,2.00,12.90
22/2/18-13:39:42,843,433,531,41.80,29.30,1.60,6.90
22/2/18-13:40:43,843,303,487,43.00,29.30,2.20,10.40
22/2/18-13:41:44,843,278,524,42.90,29.30,2.00,11.30
22/2/18-13:42:45,843,277,501,42.50,29.40,1.80,7.10
22/2/18-13:43:46,843,336,527,43.40,29.40,1.70,6.30
22/2/18-13:44:47,843,246,480,43.30,29.40,1.30,3.30
22/2/18-13:45:48,844,206,507,42.60,29.50,2.00,7.20
22/2/18-13:46:49,843,407,561,42.70,29.40,2.00,7.60
22/2/18-13:47:50,843,230,474,44.10,29.40,1.70,5.70
22/2/18-13:48:51,844,267,516,42.40,29.40,2.50,11.70
22/2/18-13:49:52,842,186,477,43.10,29.40,1.80,9.90
22/2/18-13:50:53,843,302,553,42.70,29.40,2.00,7.10
22/2/18-13:51:54,842,202,480,42.10,29.40,1.90,10.00
22/2/18-13:52:55,843,200,492,42.60,29.40,2.10,14.90
22/2/18-13:53:56,843,213,503,43.70,29.40,1.70,11.70
22/2/18-13:54:57,843,222,476,42.30,29.50,1.70,9.30
22/2/18-13:55:58,842,170,487,41.60,29.40,1.70,9.60
22/2/18-13:56:59,842,229,528,41.30,29.40,1.90,5.80
22/2/18-13:58:0,843,258,514,41.90,29.50,1.50,6.30
22/2/18-13:59:1,843,209,486,41.80,29.50,1.70,7.80
22/2/18-14:0:2,843,241,491,41.40,29.50,2.00,8.50
22/2/18-14:1:3,843,319,520,41.90,29.50,1.60,6.80
22/2/18-14:2:4,843,330,496,42.00,29.50,1.50,8.40
22/2/18-14:3:5,843,294,492,41.20,29.60,2.10,13.50
22/2/18-14:4:6,843,237,506,42.60,29.60,2.30,15.30
22/2/18-14:5:7,843,191,480,42.50,29.60,1.50,7.30
22/2/18-14:6:8,844,275,547,43.20,29.60,1.60,8.90
22/2/18-14:7:9,843,270,501,42.10,29.60,1.40,4.90
22/2/18-14:8:10,843,311,540,41.00,29.60,1.60,15.30
22/2/18-14:9:11,843,330,494,40.70,29.70,1.50,7.20
22/2/18-14:10:12,843,357,594,41.60,29.70,2.50,27.90
22/2/18-14:11:13,843,204,484,42.30,29.70,2.10,13.90
22/2/18-14:12:14,843,289,512,41.50,29.60,1.80,7.30
22/2/18-14:13:15,842,338,596,42.40,29.60,1.70,10.10
22/2/18-14:14:16,843,364,515,41.90,29.70,2.20,11.10
22/2/18-14:15:16,842,249,488,41.60,29.70,2.10,9.50
22/2/18-14:16:17,843,260,487,41.30,29.80,2.10,9.40
22/2/18-14:17:18,843,284,507,41.10,29.80,1.70,8.80
22/2/18-14:18:19,843,273,486,40.60,29.80,2.10,8.60
22/2/18-14:19:20,843,249,490,39.40,29.80,2.20,10.80
22/2/18-14:20:21,844,253,525,39.80,29.90,2.00,5.60
22/2/18-14:21:22,843,335,529,39.50,29.80,2.00,6.60
22/2/18-14:22:23,843,255,485,40.80,29.80,1.70,3.10
22/2/18-14:23:24,844,308,496,40.10,29.90,1.60,7.40
22/2/18-14:24:25,843,197,476,41.10,29.90,1.50,8.00
22/2/18-14:25:26,843,209,497,39.80,29.90,1.90,10.40
22/2/18-14:26:27,843,360,526,39.60,29.80,1.20,4.00
22/2/18-14:27:28,843,403,532,39.30,29.80,1.60,4.60
22/2/18-14:28:29,843,399,510,40.60,29.90,1.40,6.10
22/2/18-14:29:30,844,293,481,41.10,29.90,1.90,7.00
22/2/18-14:30:31,844,335,525,39.70,29.90,1.60,8.40
22/2/18-14:31:32,843,226,477,40.10,30.00,1.30,4.30
22/2/18-14:32:33,843,159,473,39.00,30.00,1.60,7.30
22/2/18-14:33:34,843,271,608,39.20,29.90,1.30,7.00
22/2/18-14:34:35,843,423,613,39.80,29.90,1.50,5.10
22/2/18-14:35:36,844,374,479,42.10,30.00,1.60,5.90
22/2/18-14:36:37,843,215,472,40.00,30.00,1.50,5.70
22/2/18-14:37:38,843,317,507,39.70,29.90,1.70,7.20
22/2/18-14:38:39,843,267,517,40.80,29.90,1.70,4.60
22/2/18-14:39:40,843,322,512,39.00,29.90,1.10,3.10
22/2/18-14:40:41,843,344,530,40.50,30.00,1.80,6.40
22/2/18-14:41:42,843,287,489,40.20,30.10,1.90,7.60
22/2/18-14:42:43,843,284,484,39.90,30.10,1.40,4.50
22/2/18-14:43:44,844,361,498,38.70,30.10,1.40,7.10
22/2/18-14:44:45,843,417,536,39.40,30.10,1.20,5.50
22/2/18-14:45:46,843,246,472,39.90,30.20,1.50,9.70
22/2/18-14:46:47,843,278,505,38.60,30.10,1.40,5.90
22/2/18-14:47:48,843,315,506,39.50,30.10,1.50,3.40
22/2/18-14:48:49,845,297,503,39.00,30.20,1.80,7.50
22/2/18-14:49:50,847,256,521,39.20,30.10,1.50,5.90
22/2/18-14:50:51,847,406,607,39.90,30.20,1.80,9.60
22/2/18-14:51:52,847,352,504,39.60,30.20,1.50,2.50
22/2/18-14:52:53,848,428,610,39.50,30.30,1.30,8.40
22/2/18-14:53:54,852,435,509,39.50,30.30,1.10,5.30
22/2/18-14:54:55,854,439,495,40.30,30.30,1.30,4.30
22/2/18-14:55:56,849,386,494,40.60,30.40,1.30,5.70
22/2/18-14:56:57,848,392,516,38.70,30.40,1.80,8.90
22/2/18-14:57:58,849,414,529,37.90,30.40,1.40,7.60
22/2/18-14:58:59,856,295,467,38.40,30.50,1.50,4.80
22/2/18-15:0:0,847,285,504,38.40,30.40,1.40,7.10
22/2/18-15:1:1,848,243,491,37.20,30.50,1.10,6.10
22/2/18-15:2:2,848,433,619,36.70,30.50,1.40,6.60
22/2/18-15:3:3,848,392,489,37.40,30.50,1.40,5.90
22/2/18-15:4:4,850,232,458,37.10,30.50,1.30,4.90
22/2/18-15:5:5,852,209,452,35.60,30.50,1.00,5.90
22/2/18-15:6:6,854,167,458,35.50,30.50,0.90,4.10
22/2/18-15:7:7,854,267,514,36.00,30.50,1.00,3.80
22/2/18-15:8:8,855,247,465,35.90,30.50,1.70,11.40
22/2/18-15:9:9,847,254,486,36.30,30.60,1.10,7.00
22/2/18-15:10:10,847,182,469,35.00,30.50,1.20,4.00
22/2/18-15:11:11,856,217,473,35.20,30.60,1.40,7.40
22/2/18-15:12:12,847,291,544,35.00,30.60,0.80,3.00
22/2/18-15:13:13,847,379,547,35.20,30.70,1.00,5.20
22/2/18-15:14:14,847,273,475,35.70,30.70,1.20,5.90
22/2/18-15:15:15,848,318,660,34.20,30.70,1.20,12.30
22/2/18-15:16:16,858,402,501,33.90,30.80,1.20,5.50
22/2/18-15:17:17,844,295,484,35.40,30.80,1.20,4.60
22/2/18-15:18:17,844,226,484,35.00,30.80,1.10,3.40
22/2/18-15:19:18,844,310,476,35.60,30.80,1.40,8.60
22/2/18-15:20:19,845,212,491,34.60,30.80,1.20,6.00
22/2/18-15:21:20,846,223,477,34.20,30.80,1.50,6.10
22/2/18-15:22:21,845,160,458,35.20,30.80,1.30,5.20
22/2/18-15:23:22,845,152,465,34.20,30.80,2.00,12.00
22/2/18-15:24:23,846,159,471,35.20,30.80,1.40,6.80
22/2/18-15:25:24,848,219,475,34.40,30.80,1.10,4.20
22/2/18-15:26:25,849,183,461,35.20,30.80,1.20,10.40
22/2/18-15:27:26,847,180,480,35.10,30.90,1.30,5.20
22/2/18-15:28:27,858,247,464,35.50,30.80,1.30,4.50
22/2/18-15:29:28,847,332,595,34.50,30.80,1.00,6.80
22/2/18-15:30:29,850,413,580,35.50,30.90,1.00,4.60
22/2/18-15:31:30,853,427,524,36.30,30.90,1.40,10.20
22/2/18-15:32:31,847,398,523,36.90,31.00,1.50,9.70
22/2/18-15:33:32,848,332,502,36.80,31.00,1.60,7.80
22/2/18-15:34:33,849,207,460,36.80,31.00,1.40,5.00
22/2/18-15:35:34,858,163,465,35.40,31.00,1.60,8.30
22/2/18-15:36:35,846,228,533,35.00,30.90,1.30,14.70
22/2/18-15:37:36,844,424,553,35.70,30.90,1.80,10.80
22/2/18-15:38:37,844,397,526,36.90,31.00,2.20,10.40
22/2/18-15:39:38,843,416,605,36.40,31.10,1.70,7.70
22/2/18-15:40:39,843,354,609,36.40,31.10,1.30,4.70
22/2/18-15:41:40,843,249,475,35.80,31.20,2.10,12.10
22/2/18-15:42:41,843,222,479,35.00,31.20,1.10,3.10
22/2/18-15:43:42,843,229,496,35.20,31.20,1.60,6.80
22/2/18-15:44:43,844,254,469,35.10,31.20,1.40,8.70
22/2/18-15:45:44,844,239,510,34.70,31.20,0.90,4.00
22/2/18-15:46:45,843,397,523,35.80,31.20,1.40,6.30
22/2/18-15:47:46,844,311,504,35.70,31.20,1.40,4.00
22/2/18-15:48:47,844,351,501,35.90,31.20,1.50,10.30
22/2/18-15:49:48,843,379,495,35.80,31.30,1.00,3.70
22/2/18-15:50:49,844,352,530,36.40,31.40,1.10,4.30
22/2/18-15:51:50,844,294,484,36.00,31.40,1.30,6.00
22/2/18-15:52:51,845,374,521,35.30,31.40,1.30,3.70
22/2/18-15:53:52,844,321,487,34.80,31.50,0.90,3.60
22/2/18-15:54:53,844,281,502,36.00,31.50,1.30,5.70
22/2/18-15:55:54,843,344,518,35.50,31.50,1.20,3.70
22/2/18-15:56:55,844,255,503,36.50,31.60,1.60,4.40
22/2/18-15:57:56,843,177,465,36.20,31.60,1.30,5.50
22/2/18-15:58:57,844,153,468,36.50,31.50,1.30,4.80
22/2/18-15:59:58,843,186,478,36.10,31.50,1.50,9.50
22/2/18-16:0:59,844,217,506,36.60,31.40,1.40,8.40
22/2/18-16:2:0,843,238,487,35.60,31.40,1.30,3.60
22/2/18-16:3:1,844,242,488,36.50,31.40,1.30,5.90
22/2/18-16:4:2,844,317,504,36.40,31.30,1.50,6.90
22/2/18-16:5:3,843,218,482,34.80,31.30,1.20,3.30
22/2/18-16:6:4,844,191,472,34.90,31.30,1.30,5.60
22/2/18-16:7:5,844,225,497,34.70,31.20,1.40,4.30
22/2/18-16:8:6,844,200,482,35.30,31.20,1.50,4.00
22/2/18-16:9:7,843,185,476,35.40,31.20,1.20,6.50
22/2/18-16:10:8,844,314,493,34.90,31.20,1.00,3.10
22/2/18-16:11:9,844,229,482,35.90,31.20,2.90,47.50
22/2/18-16:12:10,844,212,478,35.30,31.10,1.40,5.80
22/2/18-16:13:11,844,220,478,35.90,31.20,1.40,6.10
22/2/18-16:14:12,844,362,505,35.30,31.10,1.30,6.50
22/2/18-16:15:13,844,323,518,35.40,31.10,1.20,8.80
22/2/18-16:16:14,843,341,505,35.60,31.10,1.00,4.00
22/2/18-16:17:15,844,331,520,35.60,31.20,0.90,7.20
22/2/18-16:18:16,844,308,520,36.20,31.20,1.50,6.70
22/2/18-16:19:17,843,238,477,36.30,31.20,1.30,4.60
22/2/18-16:20:18,844,283,515,35.00,31.30,1.30,6.70
22/2/18-16:21:19,844,334,570,35.40,31.30,1.30,6.80
22/2/18-16:22:20,843,345,513,36.20,31.40,1.30,5.30
22/2/18-16:23:21,844,342,518,35.50,31.40,1.10,6.40
22/2/18-16:24:21,844,380,583,35.60,31.40,1.30,3.00
22/2/18-16:25:22,844,333,558,35.10,31.40,1.30,6.80
22/2/18-16:26:23,844,255,470,34.40,31.30,0.90,3.60
22/2/18-16:27:24,845,276,526,34.30,31.30,1.40,5.50
22/2/18-16:28:25,844,431,579,33.50,31.20,1.20,3.60
22/2/18-16:29:26,844,387,502,34.30,31.20,0.90,5.80
22/2/18-16:30:27,844,320,504,33.70,31.10,1.80,15.50
22/2/18-16:31:28,844,313,506,33.40,31.10,0.90,3.80
22/2/18-16:32:29,844,273,489,33.40,31.00,1.30,4.50
22/2/18-16:33:30,844,181,470,33.10,31.00,1.30,5.90
22/2/18-16:34:31,844,216,494,33.30,30.90,1.30,4.10
22/2/18-16:35:32,844,250,506,33.80,30.90,1.00,2.00
22/2/18-16:36:33,844,197,474,33.60,30.80,1.10,3.70
22/2/18-16:37:34,844,212,488,33.10,30.80,1.20,5.10
22/2/18-16:38:35,844,191,478,33.80,30.70,1.60,8.50
22/2/18-16:39:36,844,375,549,32.70,30.80,1.40,7.70
22/2/18-16:40:37,844,284,478,34.10,30.70,1.00,4.30
22/2/18-16:41:38,844,236,473,33.70,30.80,1.50,7.10
22/2/18-16:42:39,845,342,510,33.20,30.70,1.60,7.70
22/2/18-16:43:40,844,338,523,33.60,30.80,1.20,6.90
22/2/18-16:44:41,844,219,464,34.60,30.80,1.10,4.60
22/2/18-16:45:42,844,263,476,33.40,30.70,1.30,3.50
22/2/18-16:46:43,844,253,496,34.00,30.60,1.20,4.50
22/2/18-16:47:44,844,258,482,33.80,30.60,1.20,4.60
22/2/18-16:48:45,844,306,526,33.80,30.60,1.30,3.20
22/2/18-16:49:46,844,405,532,34.80,30.60,1.40,4.80
22/2/18-16:50:47,844,287,488,35.10,30.60,1.70,15.40
22/2/18-16:51:48,844,404,596,34.10,30.60,1.40,5.60
22/2/18-16:52:49,844,417,536,34.70,30.60,1.80,8.80
22/2/18-16:53:50,844,272,478,35.40,30.60,1.60,9.60
22/2/18-16:54:51,844,349,523,35.70,30.50,1.30,4.90
22/2/18-16:55:52,844,258,474,35.20,30.60,1.30,6.30
22/2/18-16:56:53,844,220,477,35.20,30.50,1.80,7.00
22/2/18-16:57:54,844,319,502,34.90,30.50,1.00,4.40
22/2/18-16:58:55,844,366,494,36.00,30.40,1.80,15.20
22/2/18-16:59:56,844,390,525,36.80,30.50,1.30,7.60
22/2/18-17:0:57,844,306,475,36.60,30.50,1.30,8.10
22/2/18-17:1:58,844,373,496,35.00,30.40,1.20,9.30
22/2/18-17:2:59,844,356,539,35.30,30.40,1.10,4.60
22/2/18-17:4:0,844,258,473,36.00,30.40,1.30,3.50
22/2/18-17:5:1,844,306,523,35.10,30.20,1.30,6.60
22/2/18-17:6:2,844,431,553,35.00,30.30,1.40,5.90
22/2/18-17:7:3,845,427,542,36.30,30.30,1.60,4.40
22/2/18-17:8:4,844,362,494,36.20,30.30,1.60,7.30
22/2/18-17:9:5,844,390,542,35.30,30.20,1.20,3.60
22/2/18-17:10:6,844,428,530,35.70,30.30,1.60,7.40
22/2/18-17:11:7,843,372,508,36.60,30.30,1.60,7.30
22/2/18-17:12:8,844,381,525,36.10,30.30,1.70,11.50
22/2/18-17:13:9,844,398,527,36.50,30.20,1.70,5.80
22/2/18-17:14:10,844,365,507,36.40,30.30,2.00,8.30
22/2/18-17:15:11,844,365,500,35.10,30.30,1.50,13.20
22/2/18-17:16:12,844,268,482,35.00,30.30,1.50,9.70
22/2/18-17:17:13,844,274,521,36.30,30.20,1.50,7.60
22/2/18-17:18:14,844,394,526,36.70,30.20,1.90,25.90
22/2/18-17:19:15,844,341,498,36.80,30.10,1.60,9.00
22/2/18-17:20:16,844,307,500,36.90,30.10,2.10,10.20
22/2/18-17:21:17,844,268,495,35.80,30.10,1.60,12.50
22/2/18-17:22:18,845,282,525,35.70,30.10,1.60,9.50
22/2/18-17:23:19,844,397,525,35.40,30.10,3.00,31.40
22/2/18-17:24:20,845,420,518,35.90,30.10,2.20,26.30
22/2/18-17:25:21,844,379,488,36.10,30.10,1.40,9.20
22/2/18-17:26:22,844,348,511,35.40,30.10,2.70,13.90
22/2/18-17:27:23,845,376,513,35.60,30.00,1.80,4.00
22/2/18-17:28:23,845,322,494,35.50,30.00,1.50,8.90
22/2/18-17:29:24,844,407,572,35.40,30.00,1.50,7.90
22/2/18-17:30:25,844,381,507,35.30,30.00,1.50,3.80
22/2/18-17:31:26,844,334,487,35.70,30.00,3.80,27.20
22/2/18-17:32:27,844,247,483,35.40,30.00,1.90,9.50
22/2/18-17:33:28,844,336,526,36.40,29.90,2.50,17.40
22/2/18-17:34:29,844,359,517,35.60,29.90,2.10,11.00
22/2/18-17:35:30,843,354,497,36.60,30.00,5.30,35.10
22/2/18-17:36:31,845,364,535,35.60,29.90,4.60,55.70
22/2/18-17:37:32,844,290,488,35.80,29.90,2.60,13.70
22/2/18-17:38:33,845,269,497,35.60,29.80,1.20,8.90
22/2/18-17:39:34,844,309,495,35.80,29.80,2.30,9.00
22/2/18-17:40:35,844,322,499,35.90,29.80,5.80,18.50
22/2/18-17:41:36,844,433,531,35.80,29.80,9.80,42.80
22/2/18-17:42:37,845,357,501,36.30,29.80,22.40,213.50
22/2/18-17:43:38,844,401,528,36.40,29.80,3.10,13.70
22/2/18-17:44:39,844,406,515,37.70,29.80,38.10,301.50
22/2/18-17:45:40,845,399,532,36.40,29.80,11.00,75.40
22/2/18-17:46:41,844,454,579,36.00,29.80,2.30,9.70
22/2/18-17:47:42,844,361,508,34.70,29.80,2.70,17.50
22/2/18-17:48:43,844,377,500,34.60,29.80,2.10,10.20
22/2/18-17:49:44,845,420,556,35.10,29.80,3.60,15.30
22/2/18-17:50:45,845,456,562,35.10,29.80,2.80,12.70
22/2/18-17:51:46,844,494,584,36.10,29.80,4.80,24.70
22/2/18-17:52:47,845,475,550,35.90,29.80,7.80,50.70
22/2/18-17:53:48,845,491,602,35.70,29.80,3.90,27.60
22/2/18-17:54:49,845,542,678,35.30,29.80,1.70,9.00
22/2/18-17:55:50,845,448,537,36.10,29.80,2.50,17.00
22/2/18-17:56:51,845,451,566,35.70,29.80,1.80,11.40
22/2/18-17:57:52,844,389,507,35.70,29.80,1.60,14.00
22/2/18-17:58:53,846,372,542,36.50,29.80,2.40,16.70
22/2/18-17:59:54,844,387,529,35.90,29.70,1.20,6.50
22/2/18-18:0:55,845,429,535,36.10,29.70,2.50,22.70
22/2/18-18:1:56,845,476,597,35.90,29.70,4.50,47.10
22/2/18-18:2:57,844,371,501,34.80,29.70,3.70,47.80
22/2/18-18:3:58,844,328,506,35.10,29.60,1.60,6.40
22/2/18-18:4:59,845,334,491,34.90,29.60,1.30,4.00
22/2/18-18:6:0,845,289,489,36.00,29.60,4.00,44.90
22/2/18-18:7:1,845,270,490,35.70,29.60,3.10,51.80
22/2/18-18:8:2,845,327,517,35.50,29.50,3.20,33.20
22/2/18-18:9:3,846,354,500,37.70,29.60,3.00,26.10
22/2/18-18:10:4,846,307,489,35.70,29.60,6.10,74.70
22/2/18-18:11:5,846,312,501,36.00,29.50,1.80,15.70
22/2/18-18:12:6,845,389,515,36.00,29.50,2.10,13.30
22/2/18-18:13:7,846,409,555,35.70,29.60,1.60,6.00
22/2/18-18:14:8,847,429,541,37.00,29.50,2.10,10.00
22/2/18-18:15:9,846,450,573,36.70,29.60,2.80,32.90
22/2/18-18:16:10,846,490,619,37.00,29.50,2.70,19.30
22/2/18-18:17:11,846,465,561,36.80,29.50,2.60,19.40
22/2/18-18:18:12,846,443,546,36.50,29.50,3.10,27.60
22/2/18-18:19:13,846,443,540,35.50,29.60,1.60,7.70
22/2/18-18:20:14,846,345,502,35.40,29.60,1.70,9.70
22/2/18-18:21:15,846,360,537,35.00,29.50,1.70,4.60
22/2/18-18:22:16,846,363,520,35.60,29.60,1.60,7.40
22/2/18-18:23:17,846,408,534,35.40,29.50,1.50,4.40
22/2/18-18:24:18,846,439,566,36.20,29.60,3.80,43.30
22/2/18-18:25:19,846,445,541,36.20,29.60,1.50,7.50
22/2/18-18:26:20,846,367,497,36.50,29.60,1.90,7.70
22/2/18-18:27:21,846,324,496,35.70,29.50,1.80,9.00
22/2/18-18:28:21,846,398,533,35.60,29.60,1.50,8.00
22/2/18-18:29:22,847,426,549,35.50,29.60,1.30,5.10
22/2/18-18:30:23,847,433,531,36.00,29.60,1.60,3.60
22/2/18-18:31:24,848,410,523,36.40,29.60,1.20,3.90
22/2/18-18:32:25,847,401,512,35.60,29.60,1.50,6.30
22/2/18-18:33:26,846,455,582,35.20,29.60,1.40,8.30
22/2/18-18:34:27,845,445,537,36.00,29.60,1.20,3.40
22/2/18-18:35:28,846,441,541,35.90,29.60,1.50,4.60
22/2/18-18:36:29,846,470,570,36.50,29.70,1.50,4.30
22/2/18-18:37:30,845,489,602,36.50,29.70,1.90,4.70
22/2/18-18:38:31,846,477,590,36.60,29.70,1.50,4.00
22/2/18-18:39:32,845,499,625,36.70,29.70,1.80,6.60
22/2/18-18:40:33,846,510,623,37.00,29.70,1.70,5.10
22/2/18-18:41:34,846,474,573,36.60,29.70,1.50,5.70
22/2/18-18:42:35,845,484,575,36.50,29.70,2.30,8.70
22/2/18-18:43:36,845,494,608,37.60,29.70,2.20,18.90
22/2/18-18:44:37,846,502,639,37.30,29.70,2.00,7.50
22/2/18-18:45:38,845,499,601,37.60,29.70,1.90,4.80
22/2/18-18:46:39,845,474,560,38.20,29.70,1.90,9.40
22/2/18-18:47:40,845,437,533,38.40,29.70,1.80,8.20
22/2/18-18:48:41,846,490,604,37.80,29.70,2.00,4.70
22/2/18-18:49:42,845,511,644,37.30,29.70,1.70,8.70
22/2/18-18:50:43,845,529,657,36.90,29.70,1.40,6.20
22/2/18-18:51:44,845,501,596,37.60,29.70,1.70,5.40
22/2/18-18:52:45,845,434,538,37.20,29.60,1.90,5.70
22/2/18-18:53:46,845,434,555,37.00,29.60,1.30,3.60
22/2/18-18:54:47,845,456,565,37.30,29.60,1.40,4.60
22/2/18-18:55:48,845,458,561,37.70,29.60,1.80,6.60
22/2/18-18:56:49,845,447,553,38.50,29.60,1.40,5.80
22/2/18-18:57:50,845,467,575,38.30,29.60,1.50,4.60
22/2/18-18:58:51,845,455,547,39.00,29.60,1.40,6.00
22/2/18-18:59:52,846,468,582,39.20,29.60,1.40,5.30
22/2/18-19:0:53,845,477,586,38.50,29.60,2.20,7.30
22/2/18-19:1:54,845,456,551,38.20,29.50,1.10,4.60
22/2/18-19:2:55,845,506,630,38.70,29.50,1.70,7.60
22/2/18-19:3:56,845,488,583,39.10,29.50,1.50,5.60
22/2/18-19:4:57,846,457,542,40.50,29.50,1.60,7.30
22/2/18-19:5:58,845,485,589,41.50,29.50,1.50,9.70
22/2/18-19:6:59,846,456,543,41.00,29.50,1.30,4.50
22/2/18-19:8:0,845,457,556,41.90,29.40,2.30,11.80
22/2/18-19:9:1,845,475,572,42.70,29.40,1.60,6.60
22/2/18-19:10:2,845,546,667,41.50,29.40,2.00,6.70
22/2/18-19:11:3,845,513,606,40.30,29.40,1.90,5.90
22/2/18-19:12:4,845,500,590,38.80,29.30,1.80,8.30
22/2/18-19:13:5,846,513,621,38.50,29.30,1.80,6.00
22/2/18-19:14:6,845,504,598,39.30,29.30,1.90,6.50
22/2/18-19:15:7,845,485,571,40.10,29.40,1.70,5.20
22/2/18-19:16:8,845,449,542,39.70,29.30,2.00,6.40
22/2/18-19:17:9,846,471,567,41.80,29.30,2.90,14.50
22/2/18-19:18:10,845,464,552,40.00,29.30,2.70,9.30
22/2/18-19:19:11,846,491,587,41.00,29.30,2.70,11.50
22/2/18-19:20:12,845,489,567,41.00,29.30,3.00,12.70
22/2/18-19:21:13,845,487,589,41.30,29.30,3.50,15.30
22/2/18-19:22:14,845,488,586,41.40,29.30,2.90,12.70
22/2/18-19:23:15,845,484,581,41.40,29.20,2.70,10.20
22/2/18-19:24:16,846,480,565,38.90,29.20,2.20,11.50
22/2/18-19:25:17,846,477,560,41.90,29.20,2.80,13.30
22/2/18-19:26:18,846,450,545,43.10,29.20,2.60,13.10
22/2/18-19:27:19,846,493,576,42.00,29.20,2.50,8.90
22/2/18-19:28:20,846,448,533,42.00,29.20,3.10,10.90
22/2/18-19:29:20,845,438,525,43.40,29.10,2.80,10.00
22/2/18-19:30:21,846,430,528,43.40,29.10,3.40,23.10
22/2/18-19:31:22,846,446,533,42.90,29.10,3.40,13.90
22/2/18-19:32:23,845,448,529,41.00,29.00,3.00,15.20
22/2/18-19:33:24,845,459,553,42.10,29.00,3.10,11.30
22/2/18-19:34:25,846,492,597,43.30,29.00,3.40,18.10
22/2/18-19:35:26,845,503,609,42.70,29.00,2.70,10.80
22/2/18-19:36:27,845,478,559,41.90,29.00,2.30,10.60
22/2/18-19:37:28,846,440,533,41.50,29.00,2.60,8.70
22/2/18-19:38:29,845,429,535,41.10,29.00,2.50,12.20
22/2/18-19:39:30,846,460,568,39.40,28.90,2.50,8.40
22/2/18-19:40:31,846,446,544,40.40,29.00,3.20,15.30
22/2/18-19:41:32,845,466,559,41.30,29.00,2.90,18.70
22/2/18-19:42:33,845,465,545,42.00,29.00,2.80,13.40
22/2/18-19:43:34,845,457,537,44.60,29.00,2.70,13.40
22/2/18-19:44:35,846,444,523,45.80,28.90,2.80,14.70
22/2/18-19:45:36,845,432,515,47.80,28.90,2.70,11.80
22/2/18-19:46:37,845,438,533,46.80,28.80,2.50,9.60
22/2/18-19:47:38,846,430,515,45.60,28.80,2.80,11.40
22/2/18-19:48:39,845,431,517,47.10,28.70,2.70,10.70
22/2/18-19:49:40,846,451,538,47.20,28.70,3.20,14.20
22/2/18-19:50:41,846,440,538,46.60,28.70,2.90,11.60
22/2/18-19:51:42,845,429,520,46.30,28.60,4.00,21.80
22/2/18-19:52:43,845,425,522,45.30,28.50,4.20,18.70
22/2/18-19:53:44,846,445,553,46.40,28.50,4.10,20.40
22/2/18-19:54:45,845,438,536,44.90,28.60,4.30,28.70
22/2/18-19:55:46,845,464,575,47.20,28.50,5.00,26.10
22/2/18-19:56:47,846,463,549,45.00,28.50,4.20,15.10
22/2/18-19:57:48,845,435,530,42.90,28.50,3.70,11.70
22/2/18-19:58:49,846,457,564,44.40,28.50,3.40,13.80
22/2/18-19:59:50,846,461,550,44.80,28.50,3.20,17.80
22/2/18-20:0:51,846,475,570,45.00,28.50,4.30,17.90
22/2/18-20:1:52,846,446,535,45.50,28.60,3.40,16.60
22/2/18-20:2:53,845,447,552,45.80,28.60,3.60,15.30
22/2/18-20:3:54,846,427,517,47.20,28.50,3.50,17.20
22/2/18-20:4:55,846,403,507,47.20,28.50,4.20,22.20
22/2/18-20:5:56,846,399,506,46.10,28.40,3.60,13.20
22/2/18-20:6:57,847,422,526,46.10,28.40,3.00,14.60
22/2/18-20:7:58,848,437,534,44.40,28.40,2.80,10.40
22/2/18-20:8:59,847,403,504,44.80,28.40,3.60,15.20
22/2/18-20:10:0,846,388,498,41.90,28.40,3.00,12.50
22/2/18-20:11:1,847,409,508,41.60,28.40,3.00,14.60
22/2/18-20:12:2,846,429,518,41.10,28.40,2.60,10.10
22/2/18-20:13:3,845,402,511,41.40,28.50,2.90,14.00
22/2/18-20:14:4,845,375,493,39.50,28.40,2.60,13.10
22/2/18-20:15:5,846,375,491,40.10,28.50,2.90,11.70
22/2/18-20:16:6,845,399,507,42.40,28.50,3.30,12.40
22/2/18-20:17:7,846,397,525,40.80,28.50,3.10,11.10
22/2/18-20:18:8,846,453,549,43.30,28.50,3.00,12.60
22/2/18-20:19:9,846,454,529,41.20,28.50,2.90,13.70
22/2/18-20:20:10,845,427,520,40.90,28.50,3.20,13.20
22/2/18-20:21:11,846,410,523,40.10,28.50,3.10,12.50
22/2/18-20:22:12,846,417,523,39.70,28.50,2.60,12.30
22/2/18-20:23:13,846,408,497,39.90,28.60,2.30,9.50
22/2/18-20:24:14,844,385,498,40.60,28.50,3.20,10.50
22/2/18-20:25:15,845,416,513,41.60,28.50,3.40,15.00
22/2/18-20:26:16,846,430,509,41.80,28.50,3.10,10.90
22/2/18-20:27:17,846,430,525,42.40,28.50,2.70,10.50
22/2/18-20:28:17,845,451,540,42.40,28.40,3.00,13.10
22/2/18-20:29:18,845,468,573,41.90,28.40,2.60,16.20
22/2/18-20:30:19,846,448,520,40.40,28.50,2.50,13.20
22/2/18-20:31:20,846,383,491,43.10,28.40,2.10,11.20
22/2/18-20:32:21,846,374,504,39.60,28.40,2.50,15.90
22/2/18-20:33:22,845,386,497,39.60,28.40,2.80,9.40
22/2/18-20:34:23,846,389,502,43.10,28.40,2.70,9.00
22/2/18-20:35:24,847,402,508,41.80,28.40,2.70,10.80
22/2/18-20:36:25,846,388,493,40.90,28.40,2.50,7.20
22/2/18-20:37:26,846,398,509,39.60,28.40,2.40,15.70
22/2/18-20:38:27,846,413,509,40.30,28.40,2.40,9.40
22/2/18-20:39:28,846,401,496,40.10,28.40,2.30,7.70
22/2/18-20:40:29,846,391,495,41.40,28.40,2.40,12.30
22/2/18-20:41:30,847,380,484,41.80,28.40,2.40,12.80
22/2/18-20:42:31,846,405,503,40.60,28.40,1.90,6.70
22/2/18-20:43:32,846,409,492,43.90,28.40,2.40,10.00
22/2/18-20:44:33,846,407,503,42.70,28.40,2.50,11.00
22/2/18-20:45:34,847,394,488,42.60,28.30,2.00,9.40
22/2/18-20:46:35,846,390,490,42.40,28.30,2.30,5.50
22/2/18-20:47:36,847,325,466,38.20,28.30,2.50,8.80
22/2/18-20:48:37,846,303,479,37.50,28.30,2.00,6.20
22/2/18-20:49:38,846,280,467,38.20,28.30,2.70,20.00
22/2/18-20:50:39,846,296,486,37.90,28.30,2.60,10.50
22/2/18-20:51:40,846,341,474,39.10,28.30,2.40,9.40
22/2/18-20:52:41,845,283,469,39.00,28.40,3.40,15.30
22/2/18-20:53:42,845,304,490,39.50,28.40,3.00,13.60
22/2/18-20:54:43,845,345,512,39.30,28.40,3.30,16.70
22/2/18-20:55:44,845,326,479,38.90,28.40,4.00,15.70
22/2/18-20:56:45,845,296,487,40.70,28.40,3.70,12.40
22/2/18-20:57:46,844,346,507,39.20,28.40,4.00,16.40
22/2/18-20:58:47,845,337,485,39.90,28.40,3.50,10.40
22/2/18-20:59:48,845,342,489,39.50,28.40,3.80,19.90
22/2/18-21:0:49,845,399,512,39.50,28.40,3.30,13.10
22/2/18-21:1:50,845,376,487,39.80,28.40,3.50,12.00
22/2/18-21:2:51,845,396,496,42.20,28.40,3.90,13.60
22/2/18-21:3:52,845,375,503,41.40,28.40,4.00,20.20
22/2/18-21:4:53,846,379,490,40.30,28.40,4.30,15.00
22/2/18-21:5:54,845,394,518,39.10,28.40,3.80,13.10
22/2/18-21:6:55,845,445,537,39.30,28.40,4.30,15.10
22/2/18-21:7:56,845,359,475,39.50,28.40,3.50,17.10
22/2/18-21:8:57,845,315,474,38.60,28.40,3.90,15.80
22/2/18-21:9:58,845,337,494,38.90,28.30,4.40,17.00
22/2/18-21:10:59,845,320,477,39.00,28.30,3.60,9.90
22/2/18-21:12:0,845,373,511,38.90,28.30,3.60,17.70
22/2/18-21:13:1,845,377,506,39.00,28.30,4.30,10.10
22/2/18-21:14:2,845,387,521,39.10,28.30,4.40,15.20
22/2/18-21:15:3,845,402,507,39.20,28.30,3.70,12.80
22/2/18-21:16:4,845,361,483,40.20,28.30,3.40,9.30
22/2/18-21:17:5,845,424,541,39.30,28.30,3.70,11.80
22/2/18-21:18:6,845,408,500,40.70,28.30,4.00,15.20
22/2/18-21:19:7,845,402,507,41.20,28.30,4.10,11.30
22/2/18-21:20:8,845,411,493,40.90,28.30,4.70,14.90
22/2/18-21:21:9,845,369,487,40.40,28.20,5.20,13.70
22/2/18-21:22:10,845,383,487,40.60,28.20,4.30,15.00
22/2/18-21:23:11,845,377,484,41.60,28.30,4.10,12.80
22/2/18-21:24:12,845,402,507,39.90,28.30,3.40,19.70
22/2/18-21:25:12,845,374,484,39.90,28.30,3.90,16.80
22/2/18-21:26:13,845,344,481,39.60,28.30,2.80,14.80
22/2/18-21:27:14,845,339,478,40.10,28.20,2.70,10.10
22/2/18-21:28:15,845,393,536,41.50,28.20,2.90,10.70
22/2/18-21:29:16,844,398,507,41.60,28.20,2.60,8.80
22/2/18-21:30:17,845,358,490,40.10,28.20,3.70,13.70
22/2/18-21:31:18,845,313,471,39.80,28.10,2.80,16.00
22/2/18-21:32:19,845,336,482,40.00,28.20,3.20,13.20
22/2/18-21:33:20,845,302,490,41.60,28.10,3.30,15.80
22/2/18-21:34:21,845,321,472,41.10,28.10,2.50,12.80
22/2/18-21:35:22,846,299,472,41.40,28.10,2.90,11.10
22/2/18-21:36:23,846,294,476,41.00,28.10,3.30,14.20
22/2/18-21:37:24,845,324,475,41.20,28.00,2.60,7.80
22/2/18-21:38:25,845,347,486,40.80,28.00,3.10,14.30
22/2/18-21:39:26,845,363,496,41.10,28.10,2.90,12.10
22/2/18-21:40:27,845,398,563,40.00,28.00,2.80,13.20
22/2/18-21:41:28,845,345,477,40.50,28.00,3.80,19.00
22/2/18-21:42:29,845,365,477,40.30,28.00,4.60,22.80
22/2/18-21:43:30,845,366,491,40.10,28.00,4.30,22.30
22/2/18-21:44:31,845,361,481,40.10,28.00,2.80,7.60
22/2/18-21:45:32,846,390,520,41.20,28.00,4.20,14.20
22/2/18-21:46:33,845,418,511,41.30,28.00,4.10,10.40
22/2/18-21:47:34,845,424,506,41.40,28.00,4.50,12.80
22/2/18-21:48:35,845,372,479,40.90,28.10,4.20,12.40
22/2/18-21:49:36,845,378,496,39.70,28.00,3.90,19.10
22/2/18-21:50:37,845,414,497,41.00,28.00,4.00,22.40
22/2/18-21:51:38,845,405,487,43.20,28.00,3.00,12.90
22/2/18-21:52:39,846,405,505,40.90,28.00,3.50,10.00
22/2/18-21:53:40,845,374,491,40.40,28.00,3.60,11.80
22/2/18-21:54:41,845,433,514,42.60,28.00,3.00,8.90
22/2/18-21:55:42,845,445,557,42.30,28.00,3.20,14.50
22/2/18-21:56:43,845,439,503,41.60,28.00,3.10,11.50
22/2/18-21:57:44,845,449,530,43.90,28.00,3.50,11.40
22/2/18-21:58:45,845,487,579,43.70,28.00,4.40,19.70
22/2/18-21:59:46,845,407,483,43.90,27.90,3.60,11.70
22/2/18-22:0:47,845,425,522,39.70,27.90,3.20,10.60
22/2/18-22:1:48,846,428,511,41.60,27.90,3.70,13.50
22/2/18-22:2:49,845,406,505,42.10,27.90,3.60,15.20
22/2/18-22:3:50,845,434,519,40.80,27.80,3.80,15.60
22/2/18-22:4:51,845,454,531,43.10,27.80,3.50,11.10
22/2/18-22:5:52,846,447,517,42.80,27.80,3.20,10.10
22/2/18-22:6:53,846,465,556,44.40,27.90,3.70,13.90
22/2/18-22:7:54,845,467,532,43.40,27.80,3.80,15.40
22/2/18-22:8:55,845,414,487,44.00,27.80,3.40,11.00
22/2/18-22:9:56,846,409,507,42.70,27.80,3.70,16.50
22/2/18-22:10:57,845,443,536,43.80,27.80,3.90,12.80
22/2/18-22:11:58,846,430,521,43.70,27.80,4.00,17.10
22/2/18-22:12:59,845,441,532,45.50,27.80,3.30,11.10
22/2/18-22:14:0,845,422,500,44.40,27.80,4.20,14.80
22/2/18-22:15:1,845,409,499,43.70,27.80,4.10,15.20
22/2/18-22:16:2,845,375,496,44.20,27.70,3.30,12.20
22/2/18-22:17:3,845,360,489,41.70,27.60,3.10,11.20
22/2/18-22:18:4,845,392,499,43.70,27.60,3.10,10.20
22/2/18-22:19:5,845,399,500,44.20,27.70,2.80,9.50
22/2/18-22:20:6,845,395,491,47.30,27.60,3.20,15.80
22/2/18-22:21:7,845,432,514,47.30,27.60,2.90,9.30
22/2/18-22:22:7,846,430,494,46.50,27.60,3.60,8.20
22/2/18-22:23:8,845,420,518,46.40,27.60,3.10,9.70
22/2/18-22:24:9,845,424,494,48.10,27.60,3.00,8.70
22/2/18-22:25:10,845,418,490,46.50,27.50,3.10,12.10
22/2/18-22:26:11,846,405,489,46.50,27.50,3.20,9.20
22/2/18-22:27:12,845,403,481,48.30,27.50,3.50,13.40
22/2/18-22:28:13,845,396,495,49.60,27.50,3.30,10.00
22/2/18-22:29:14,845,422,491,46.90,27.50,3.30,10.00
22/2/18-22:30:15,845,430,511,47.70,27.40,3.60,12.90
22/2/18-22:31:16,846,411,498,45.90,27.40,4.30,26.60
22/2/18-22:32:17,846,402,484,43.80,27.30,2.90,12.30
22/2/18-22:33:18,845,398,494,45.80,27.40,5.20,43.40
22/2/18-22:34:19,844,412,489,51.10,27.40,8.60,81.40
22/2/18-22:35:20,845,439,503,56.10,27.30,4.70,46.50
22/2/18-22:36:21,845,424,480,50.70,27.30,3.00,13.60
22/2/18-22:37:22,846,436,582,49.60,27.30,3.80,18.20
22/2/18-22:38:23,845,432,534,50.00,27.30,3.40,13.20
22/2/18-22:39:24,845,456,540,52.60,27.30,3.40,10.70
22/2/18-22:40:25,845,493,547,55.20,27.20,3.00,8.40
22/2/18-22:41:26,845,434,507,58.70,27.20,3.00,13.60
22/2/18-22:42:27,845,442,535,50.00,27.20,3.20,15.90
22/2/18-22:43:28,845,490,567,52.30,27.20,3.50,16.50
22/2/18-22:44:29,845,479,535,52.10,27.20,4.70,27.00
22/2/18-22:45:30,845,502,575,54.10,27.10,4.90,26.10
22/2/18-22:46:31,845,471,543,52.70,27.20,4.60,32.70
22/2/18-22:47:32,845,449,528,50.60,27.10,5.00,25.10
22/2/18-22:48:33,846,475,554,54.20,27.10,5.70,25.00
22/2/18-22:49:34,846,486,545,54.50,27.10,5.10,33.50
22/2/18-22:50:35,845,461,541,55.40,27.10,4.50,25.20
22/2/18-22:51:36,845,493,568,53.40,27.10,4.20,25.50
22/2/18-22:52:37,845,488,588,52.20,27.10,4.00,20.70
22/2/18-22:53:38,845,489,573,50.30,27.10,3.70,22.80
22/2/18-22:54:39,846,482,550,50.30,27.10,3.40,13.10
22/2/18-22:55:40,845,423,523,49.80,27.10,3.40,18.50
22/2/18-22:56:41,845,443,544,46.20,27.00,2.40,6.80
22/2/18-22:57:42,845,457,545,49.40,27.10,2.70,10.40
22/2/18-22:58:43,845,393,491,47.40,27.00,2.40,7.30
22/2/18-22:59:44,845,402,523,45.80,27.00,2.10,7.70
22/2/18-23:0:45,846,416,525,46.20,27.10,2.30,9.50
22/2/18-23:1:46,845,428,531,44.50,27.10,1.70,6.20
22/2/18-23:2:47,845,467,570,43.90,27.10,2.10,5.10
22/2/18-23:3:48,845,473,568,45.90,27.10,2.10,7.30
22/2/18-23:4:49,845,466,540,46.30,27.10,1.80,4.40
22/2/18-23:5:50,845,452,552,46.50,27.20,2.00,8.30
22/2/18-23:6:51,845,456,552,46.20,27.20,2.10,8.20
22/2/18-23:7:52,845,400,512,44.90,27.20,2.30,4.60
22/2/18-23:8:53,846,393,524,45.00,27.20,2.90,17.90
22/2/18-23:9:54,845,406,531,43.60,27.20,2.10,15.60
22/2/18-23:10:55,845,423,514,44.00,27.20,2.20,9.20
22/2/18-23:11:56,845,393,498,45.20,27.20,2.50,9.90
22/2/18-23:12:57,846,409,545,42.50,27.20,1.60,4.60
22/2/18-23:13:58,845,324,480,43.80,27.20,2.30,7.70
22/2/18-23:14:59,845,269,496,43.10,27.10,2.30,10.80
22/2/18-23:16:0,845,267,473,43.80,27.10,1.80,6.50
22/2/18-23:17:1,845,224,471,42.80,27.10,2.40,10.60
22/2/18-23:18:1,846,262,490,42.70,27.10,1.90,7.60
22/2/18-23:19:2,845,286,479,46.00,27.00,1.70,5.30
22/2/18-23:20:3,845,315,508,44.60,27.00,2.10,5.90
22/2/18-23:21:4,845,327,487,44.60,27.00,2.20,6.20
22/2/18-23:22:5,846,351,527,46.20,27.00,2.00,5.90
22/2/18-23:23:6,845,386,497,45.40,27.10,1.80,5.20
22/2/18-23:24:7,845,349,487,47.10,27.10,2.00,7.80
22/2/18-23:25:8,845,366,506,45.90,27.10,2.40,6.30
22/2/18-23:26:9,845,415,528,44.40,27.10,2.50,11.50
22/2/18-23:27:10,846,353,482,44.50,27.10,1.90,5.00
22/2/18-23:28:11,845,368,519,43.90,27.10,2.30,8.50
22/2/18-23:29:12,845,369,490,45.80,27.20,2.10,4.50
22/2/18-23:30:13,846,389,544,44.90,27.10,2.20,7.60
22/2/18-23:31:14,846,352,509,43.60,27.10,2.40,6.40
22/2/18-23:32:15,845,321,493,43.70,27.10,1.80,3.80
22/2/18-23:33:16,845,331,488,43.00,27.10,2.10,7.70
22/2/18-23:34:17,846,310,494,43.40,27.10,2.10,7.70
22/2/18-23:35:18,846,311,482,43.70,27.10,2.00,4.60
22/2/18-23:36:19,845,332,497,43.50,27.00,2.60,11.10
22/2/18-23:37:20,845,367,493,45.10,27.10,2.30,4.30
22/2/18-23:38:21,845,402,524,44.40,27.00,1.80,4.40
22/2/18-23:39:22,845,404,544,44.60,27.10,2.40,7.30
22/2/18-23:40:23,846,386,495,43.70,27.10,2.00,6.90
22/2/18-23:41:24,846,367,501,44.40,27.10,2.20,5.90
22/2/18-23:42:25,845,349,493,43.30,27.10,2.50,7.10
22/2/18-23:43:26,845,305,496,42.60,27.10,2.20,4.20
22/2/18-23:44:27,845,256,483,42.70,27.00,2.00,7.50
22/2/18-23:45:28,845,242,476,42.60,27.00,2.20,4.10
22/2/18-23:46:29,846,312,533,43.40,27.00,2.30,4.10
22/2/18-23:47:30,845,427,543,43.10,27.10,2.00,5.10
22/2/18-23:48:31,845,407,506,42.80,27.10,2.20,8.50
22/2/18-23:49:32,845,382,512,43.20,27.10,1.70,6.20
22/2/18-23:50:33,846,414,525,43.40,27.10,2.10,6.30
22/2/18-23:51:34,845,335,481,43.60,27.20,1.80,4.20
22/2/18-23:52:35,846,375,518,41.70,27.10,2.00,7.60
22/2/18-23:53:36,845,412,520,43.70,27.10,2.50,6.10
22/2/18-23:54:37,846,361,483,44.10,27.10,2.10,9.00
22/2/18-23:55:38,846,324,474,44.80,27.10,2.30,9.70
22/2/18-23:56:39,845,310,486,42.50,27.10,2.40,9.40
22/2/18-23:57:40,846,385,533,42.90,27.10,2.10,8.10
22/2/18-23:58:41,846,389,498,43.80,27.10,2.40,7.60
22/2/18-23:59:42,845,302,474,43.90,27.10,2.00,8.70
