Hora,O3,NO2,CO,Humedad,Temperatura,P25,P10
23/2/18-0:0:43,845,376,499,41.90,27.10,1.90,5.00
23/2/18-0:1:44,846,363,490,43.40,27.10,2.10,5.50
23/2/18-0:2:45,845,323,481,44.00,27.10,1.80,6.30
23/2/18-0:3:46,845,359,518,41.90,27.10,1.90,4.80
23/2/18-0:4:47,845,412,528,43.50,27.10,1.80,7.20
23/2/18-0:5:48,845,357,488,44.50,27.10,2.30,11.70
23/2/18-0:6:49,846,333,485,42.90,27.10,1.80,5.80
23/2/18-0:7:50,845,426,546,45.70,27.10,1.80,5.50
23/2/18-0:8:51,846,372,482,44.90,27.10,2.20,8.90
23/2/18-0:9:52,845,366,491,43.80,27.10,2.20,4.30
23/2/18-0:10:53,846,442,559,43.80,27.10,2.10,4.30
23/2/18-0:11:54,846,425,512,43.40,27.10,2.30,8.60
23/2/18-0:12:54,845,409,496,45.10,27.20,1.50,3.60
23/2/18-0:13:55,846,386,510,44.00,27.20,2.30,8.40
23/2/18-0:14:56,845,407,498,43.20,27.20,2.20,4.70
23/2/18-0:15:57,845,407,507,43.50,27.20,2.20,6.10
23/2/18-0:16:58,846,458,546,45.40,27.20,2.20,6.10
23/2/18-0:17:59,847,456,526,45.60,27.10,2.00,7.70
23/2/18-0:19:0,846,478,578,44.50,27.10,2.00,6.20
23/2/18-0:20:1,846,462,539,44.40,27.20,1.90,6.40
23/2/18-0:21:2,845,428,519,45.40,27.20,2.10,6.50
23/2/18-0:22:3,846,412,505,44.70,27.10,2.30,6.10
23/2/18-0:23:4,846,435,531,45.10,27.10,1.70,5.00
23/2/18-0:24:5,846,448,539,44.60,27.10,2.10,9.10
23/2/18-0:25:6,845,425,505,46.10,27.10,1.70,5.50
23/2/18-0:26:7,846,417,513,48.00,27.10,1.80,4.80
23/2/18-0:27:8,846,410,491,46.50,27.10,1.80,6.60
23/2/18-0:28:9,846,423,496,46.80,27.00,2.50,7.20
23/2/18-0:29:10,846,397,492,45.30,27.00,1.90,7.70
23/2/18-0:30:11,846,394,489,45.40,27.00,2.00,10.30
23/2/18-0:31:12,846,378,485,45.10,26.90,2.20,5.90
23/2/18-0:32:13,846,378,490,46.70,26.90,2.30,11.10
23/2/18-0:33:14,846,372,484,47.10,26.90,2.20,6.90
23/2/18-0:34:15,846,372,481,46.20,26.90,1.90,8.00
23/2/18-0:35:16,845,387,486,46.60,26.80,2.40,6.40
23/2/18-0:36:17,846,380,475,48.40,26.80,2.00,6.80
23/2/18-0:37:18,845,371,475,45.50,26.80,2.10,7.10
23/2/18-0:38:19,846,403,511,47.90,26.70,2.40,7.20
23/2/18-0:39:20,846,412,486,46.80,26.70,2.20,5.80
23/2/18-0:40:21,845,382,475,48.80,26.70,1.90,3.30
23/2/18-0:41:22,845,394,494,46.60,26.60,2.00,5.20
23/2/18-0:42:23,845,400,485,47.70,26.60,2.00,5.30
23/2/18-0:43:24,845,390,477,48.80,26.60,2.30,8.50
23/2/18-0:44:25,846,378,473,48.20,26.60,2.40,6.50
23/2/18-0:45:26,845,376,471,49.00,26.50,2.00,4.40
23/2/18-0:46:27,845,378,474,47.40,26.50,1.70,5.80
23/2/18-0:47:28,846,378,470,49.20,26.50,2.40,8.90
23/2/18-0:48:29,845,379,466,47.30,26.40,2.10,5.00
23/2/18-0:49:30,846,375,467,48.50,26.40,2.50,8.50
23/2/18-0:50:31,845,367,464,48.60,26.40,2.60,7.10
23/2/18-0:51:32,846,370,467,48.30,26.30,2.30,7.30
23/2/18-0:52:33,846,369,466,48.30,26.30,2.20,6.30
23/2/18-0:53:34,846,364,463,50.30,26.30,2.10,8.30
23/2/18-0:54:35,846,355,461,49.40,26.20,2.20,4.00
23/2/18-0:55:36,846,355,465,48.90,26.20,2.60,4.60
23/2/18-0:56:37,846,359,462,51.50,26.10,2.60,10.90
23/2/18-0:57:38,846,358,462,52.50,26.10,2.80,7.60
23/2/18-0:58:39,845,360,466,49.50,26.00,2.60,8.70
23/2/18-0:59:40,846,352,469,50.90,26.00,2.80,12.60
23/2/18-1:0:41,846,364,464,51.30,25.90,2.90,8.10
23/2/18-1:1:42,846,365,463,50.00,25.90,2.70,10.00
23/2/18-1:2:43,846,357,463,50.30,25.90,2.80,7.60
23/2/18-1:3:44,846,362,464,49.80,25.80,2.70,7.10
23/2/18-1:4:45,846,364,463,51.20,25.80,2.60,6.80
23/2/18-1:5:46,846,367,465,51.40,25.80,3.10,9.80
23/2/18-1:6:47,846,371,461,52.20,25.80,2.70,7.50
23/2/18-1:7:47,845,369,460,52.50,25.80,2.30,5.40
23/2/18-1:8:48,846,361,457,52.70,25.70,2.80,11.10
23/2/18-1:9:49,846,355,461,50.60,25.70,2.70,7.60
23/2/18-1:10:50,846,356,459,50.50,25.70,2.80,10.80
23/2/18-1:11:51,846,349,457,51.60,25.60,2.30,6.30
23/2/18-1:12:52,847,358,463,50.60,25.50,2.20,7.90
23/2/18-1:13:53,846,363,461,52.10,25.50,2.80,14.00
23/2/18-1:14:54,845,369,463,49.90,25.50,2.50,8.70
23/2/18-1:15:55,846,368,462,52.10,25.50,2.50,8.40
23/2/18-1:16:56,845,372,463,53.10,25.50,2.20,8.20
23/2/18-1:17:57,846,366,463,51.30,25.50,2.40,5.90
23/2/18-1:18:58,846,371,462,50.50,25.50,3.10,12.10
23/2/18-1:19:59,845,369,462,50.10,25.40,2.50,9.80
23/2/18-1:21:0,846,363,459,52.00,25.40,2.50,9.20
23/2/18-1:22:1,846,359,459,52.60,25.40,3.20,7.20
23/2/18-1:23:2,846,359,461,51.50,25.40,2.80,7.40
23/2/18-1:24:3,846,359,458,52.00,25.30,2.50,6.10
23/2/18-1:25:4,846,366,459,52.70,25.30,2.30,9.80
23/2/18-1:26:5,846,362,458,52.40,25.30,2.40,9.40
23/2/18-1:27:6,846,356,453,51.80,25.20,2.70,10.70
23/2/18-1:28:7,846,361,459,52.10,25.20,2.80,6.30
23/2/18-1:29:8,846,362,460,52.10,25.20,2.90,15.60
23/2/18-1:30:9,846,376,465,50.70,25.20,19.10,188.30
23/2/18-1:31:10,846,380,463,51.60,25.20,16.70,178.90
23/2/18-1:32:11,846,375,462,52.00,25.20,27.60,265.20
23/2/18-1:33:12,846,377,462,51.30,25.10,28.60,263.20
23/2/18-1:34:13,846,383,464,52.30,25.10,27.60,225.10
23/2/18-1:35:14,846,377,461,51.60,25.10,17.80,143.00
23/2/18-1:36:15,846,378,464,51.30,25.00,16.30,144.20
23/2/18-1:37:16,846,377,464,52.50,25.00,14.80,96.90
23/2/18-1:38:17,846,381,467,51.90,25.00,10.90,79.10
23/2/18-1:39:18,846,385,467,54.00,25.00,10.60,78.30
23/2/18-1:40:19,846,381,466,53.80,24.90,7.70,42.60
23/2/18-1:41:20,846,383,466,53.40,24.90,5.60,32.90
23/2/18-1:42:21,846,385,469,53.00,24.90,5.50,30.20
23/2/18-1:43:22,846,383,469,53.10,24.90,4.70,28.60
23/2/18-1:44:23,846,385,474,52.70,24.90,5.30,20.20
23/2/18-1:45:24,846,380,471,53.60,24.90,4.10,17.30
23/2/18-1:46:25,846,382,470,53.20,24.80,4.50,20.80
23/2/18-1:47:26,846,391,471,54.30,24.80,3.80,15.60
23/2/18-1:48:27,846,388,468,54.50,24.80,3.80,24.00
23/2/18-1:49:28,846,390,473,55.20,24.80,3.30,14.40
23/2/18-1:50:29,846,402,474,53.80,24.80,3.70,9.90
23/2/18-1:51:30,846,405,472,54.00,24.80,4.20,12.00
23/2/18-1:52:31,846,400,472,56.70,24.70,4.10,12.60
23/2/18-1:53:32,846,390,469,53.00,24.70,3.80,13.40
23/2/18-1:54:33,846,396,478,53.30,24.70,3.60,12.90
23/2/18-1:55:34,847,398,472,54.70,24.70,4.10,10.50
23/2/18-1:56:35,846,396,473,53.30,24.70,3.90,15.90
23/2/18-1:57:36,846,397,473,53.10,24.70,3.70,9.80
23/2/18-1:58:37,846,390,467,55.10,24.70,3.70,14.70
23/2/18-1:59:38,846,394,473,54.40,24.70,3.60,12.90
23/2/18-2:0:38,846,428,502,54.10,24.70,4.20,16.70
23/2/18-2:1:39,846,432,491,52.90,24.70,3.50,11.90
23/2/18-2:2:40,846,403,469,52.80,24.70,3.20,12.70
23/2/18-2:3:41,846,396,468,53.70,24.70,3.20,10.00
23/2/18-2:4:42,846,399,471,52.70,24.70,3.40,8.40
23/2/18-2:5:43,846,391,461,52.70,24.80,3.80,13.40
23/2/18-2:6:44,846,384,462,53.70,24.70,3.10,8.70
23/2/18-2:7:45,846,386,464,53.40,24.70,3.10,11.60
23/2/18-2:8:46,846,381,461,54.80,24.70,2.70,8.50
23/2/18-2:9:47,847,383,465,52.90,24.70,2.80,8.00
23/2/18-2:10:48,846,384,460,53.70,24.70,3.20,9.50
23/2/18-2:11:49,846,390,463,55.70,24.70,2.90,11.10
23/2/18-2:12:50,846,387,464,54.40,24.60,2.60,8.90
23/2/18-2:13:51,846,382,459,54.90,24.70,2.70,8.90
23/2/18-2:14:52,846,390,461,53.60,24.60,3.00,12.10
23/2/18-2:15:53,846,383,459,53.40,24.60,2.90,13.20
23/2/18-2:16:54,846,384,458,53.00,24.60,2.50,14.20
23/2/18-2:17:55,845,367,454,54.00,24.60,2.70,8.40
23/2/18-2:18:56,846,359,446,53.90,24.50,2.90,9.90
23/2/18-2:19:57,846,360,454,52.90,24.60,2.80,9.10
23/2/18-2:20:58,846,356,449,53.60,24.60,2.30,6.20
23/2/18-2:21:59,846,350,448,53.60,24.50,2.80,9.90
23/2/18-2:23:0,846,364,454,54.00,24.50,2.80,16.10
23/2/18-2:24:1,846,367,451,52.70,24.50,2.80,12.90
23/2/18-2:25:2,846,354,448,53.70,24.40,2.50,10.40
23/2/18-2:26:3,846,366,456,53.60,24.40,2.80,9.40
23/2/18-2:27:4,846,380,457,54.70,24.50,2.70,9.20
23/2/18-2:28:5,846,389,457,53.90,24.40,3.20,10.50
23/2/18-2:29:6,846,374,454,54.40,24.40,2.70,9.00
23/2/18-2:30:7,847,372,454,54.00,24.40,3.10,16.00
23/2/18-2:31:8,847,370,449,55.40,24.40,2.70,9.40
23/2/18-2:32:9,846,365,449,54.30,24.30,3.10,21.30
23/2/18-2:33:10,846,363,448,55.70,24.30,2.60,9.10
23/2/18-2:34:11,846,366,448,55.60,24.30,2.80,9.70
23/2/18-2:35:12,847,366,455,56.60,24.20,2.80,11.40
23/2/18-2:36:13,846,366,448,55.10,24.30,3.10,9.80
23/2/18-2:37:14,846,369,450,55.80,24.20,2.90,14.10
23/2/18-2:38:15,846,373,445,55.00,24.20,2.70,9.90
23/2/18-2:39:16,847,364,449,56.30,24.20,2.50,8.80
23/2/18-2:40:17,847,354,446,56.40,24.20,3.00,12.70
23/2/18-2:41:18,846,352,443,54.80,24.10,2.70,9.80
23/2/18-2:42:19,846,347,445,56.40,24.10,2.70,7.80
23/2/18-2:43:20,847,350,446,56.10,24.10,2.90,16.10
23/2/18-2:44:21,847,372,461,55.30,24.10,3.30,12.70
23/2/18-2:45:22,847,367,451,55.20,24.00,3.10,13.40
23/2/18-2:46:23,846,350,443,54.60,24.00,2.80,14.80
23/2/18-2:47:24,846,355,451,54.20,24.00,3.60,15.30
23/2/18-2:48:25,846,355,450,55.30,24.00,2.50,7.40
23/2/18-2:49:26,846,352,449,56.40,24.00,2.60,11.50
23/2/18-2:50:27,846,349,443,55.80,24.00,2.80,12.40
23/2/18-2:51:27,846,341,443,56.50,24.00,2.80,9.40
23/2/18-2:52:28,846,351,445,56.60,24.00,2.60,7.40
23/2/18-2:53:29,847,342,448,56.90,24.00,2.60,9.50
23/2/18-2:54:30,847,338,441,55.50,23.90,2.40,9.90
23/2/18-2:55:31,847,341,457,55.00,23.90,2.80,9.10
23/2/18-2:56:32,847,352,442,56.10,23.90,2.90,14.00
23/2/18-2:57:33,847,347,438,55.90,23.90,2.30,7.10
23/2/18-2:58:34,846,346,445,54.50,23.90,2.70,9.50
23/2/18-2:59:35,846,349,447,55.60,23.80,2.50,10.30
23/2/18-3:0:36,846,344,450,54.80,23.80,2.40,8.20
23/2/18-3:1:37,846,361,448,54.50,23.80,2.80,10.50
23/2/18-3:2:38,846,382,469,54.30,23.90,2.90,12.10
23/2/18-3:3:39,846,373,467,54.00,23.90,2.30,21.00
23/2/18-3:4:40,846,348,449,53.00,23.90,2.10,9.80
23/2/18-3:5:41,846,332,445,53.10,23.90,2.10,9.90
23/2/18-3:6:42,847,335,448,53.60,23.90,2.20,7.70
23/2/18-3:7:43,847,354,463,52.70,23.90,2.30,11.40
23/2/18-3:8:44,847,385,473,52.30,23.90,2.00,6.40
23/2/18-3:9:45,847,400,493,53.10,23.90,1.90,6.50
23/2/18-3:10:46,846,367,444,53.00,24.00,2.20,7.40
23/2/18-3:11:47,846,360,457,53.00,24.00,2.50,9.40
23/2/18-3:12:48,846,337,442,53.10,23.90,1.80,6.40
23/2/18-3:13:49,847,331,446,53.50,23.90,2.40,10.00
23/2/18-3:14:50,847,326,444,54.00,23.90,2.20,5.50
23/2/18-3:15:51,847,324,442,54.10,23.90,2.30,11.40
23/2/18-3:16:52,846,324,441,54.60,23.90,2.40,8.00
23/2/18-3:17:53,846,320,438,54.30,23.90,2.10,7.10
23/2/18-3:18:54,847,318,436,55.60,23.80,2.40,10.80
23/2/18-3:19:55,848,318,441,55.20,23.80,2.30,7.00
23/2/18-3:20:56,847,311,440,55.40,23.80,2.10,10.70
23/2/18-3:21:57,847,317,439,54.70,23.80,1.80,5.60
23/2/18-3:22:58,846,317,438,54.40,23.70,2.20,9.30
23/2/18-3:23:59,846,315,436,54.20,23.70,2.40,8.50
23/2/18-3:25:0,846,327,441,54.70,23.60,2.50,8.40
23/2/18-3:26:1,846,342,439,56.00,23.60,2.50,10.10
23/2/18-3:27:2,847,325,439,54.60,23.60,1.90,6.80
23/2/18-3:28:3,846,327,438,55.00,23.60,2.20,4.50
23/2/18-3:29:4,846,328,453,55.10,23.60,2.30,8.90
23/2/18-3:30:5,847,322,435,53.70,23.60,2.30,6.40
23/2/18-3:31:6,847,333,458,53.60,23.60,2.70,9.70
23/2/18-3:32:7,846,327,443,53.30,23.60,2.50,9.40
23/2/18-3:33:8,847,336,442,53.80,23.60,2.40,10.10
23/2/18-3:34:9,846,359,493,53.00,23.60,2.90,8.00
23/2/18-3:35:10,847,361,454,54.80,23.60,2.40,9.20
23/2/18-3:36:11,846,347,446,55.30,23.60,3.20,10.10
23/2/18-3:37:12,847,336,441,55.00,23.70,2.50,5.90
23/2/18-3:38:13,847,343,441,55.20,23.60,2.20,8.90
23/2/18-3:39:14,847,339,439,56.40,23.60,2.50,7.50
23/2/18-3:40:15,846,336,441,54.70,23.60,2.10,8.10
23/2/18-3:41:15,847,329,437,55.70,23.50,2.70,9.20
23/2/18-3:42:16,847,328,446,54.60,23.50,2.60,5.80
23/2/18-3:43:17,847,344,451,55.30,23.50,3.00,11.40
23/2/18-3:44:18,846,334,440,56.40,23.50,3.00,11.10
23/2/18-3:45:19,846,354,445,57.10,23.50,2.50,8.50
23/2/18-3:46:20,846,358,452,55.90,23.50,2.30,7.30
23/2/18-3:47:21,846,355,440,56.10,23.40,2.40,8.30
23/2/18-3:48:22,847,348,439,57.00,23.40,2.70,6.40
23/2/18-3:49:23,847,330,441,56.80,23.40,2.50,6.20
23/2/18-3:50:24,847,326,436,56.00,23.30,3.20,8.80
23/2/18-3:51:25,847,329,437,56.60,23.30,2.60,7.40
23/2/18-3:52:26,847,351,447,58.70,23.30,2.20,5.70
23/2/18-3:53:27,846,348,440,57.00,23.30,3.00,6.80
23/2/18-3:54:28,846,332,437,56.60,23.20,3.20,8.50
23/2/18-3:55:29,846,328,436,57.70,23.20,2.70,6.40
23/2/18-3:56:30,847,334,439,57.80,23.10,2.70,8.10
23/2/18-3:57:31,847,344,442,57.90,23.10,2.40,5.00
23/2/18-3:58:32,847,348,441,59.50,23.10,2.50,5.70
23/2/18-3:59:33,847,334,436,57.10,23.10,3.20,7.80
23/2/18-4:0:34,847,326,436,57.70,23.10,2.80,7.40
23/2/18-4:1:35,846,328,437,56.70,23.10,2.80,8.50
23/2/18-4:2:36,846,367,449,57.00,23.10,2.70,6.90
23/2/18-4:3:37,846,355,440,55.80,23.10,2.70,11.30
23/2/18-4:4:38,846,349,440,56.90,23.10,3.30,10.30
23/2/18-4:5:39,847,349,446,56.00,23.10,2.70,8.60
23/2/18-4:6:40,846,364,444,57.20,23.10,3.30,8.50
23/2/18-4:7:41,847,352,439,56.70,23.10,2.90,6.90
23/2/18-4:8:42,847,346,441,58.20,23.10,3.10,8.00
23/2/18-4:9:43,846,359,439,55.20,23.10,3.30,7.60
23/2/18-4:10:44,846,347,437,55.80,23.10,3.30,9.30
23/2/18-4:11:45,847,367,458,56.60,23.10,3.20,8.30
23/2/18-4:12:46,846,353,441,56.70,23.10,3.90,10.20
23/2/18-4:13:47,847,354,448,55.80,23.00,3.50,10.70
23/2/18-4:14:48,847,361,446,56.30,23.10,3.50,5.90
23/2/18-4:15:49,847,341,448,55.90,23.10,3.60,7.50
23/2/18-4:16:50,847,334,453,55.60,23.10,4.90,10.20
23/2/18-4:17:51,848,362,446,55.70,23.00,5.50,13.00
23/2/18-4:18:52,848,354,448,55.90,23.10,5.20,12.10
23/2/18-4:19:53,847,376,449,55.70,23.10,5.00,13.30
23/2/18-4:20:54,847,373,473,55.60,23.20,5.30,12.00
23/2/18-4:21:55,847,371,444,54.90,23.20,5.00,11.60
23/2/18-4:22:56,847,367,456,55.90,23.20,5.60,11.70
23/2/18-4:23:57,846,352,448,56.30,23.20,5.30,10.30
23/2/18-4:24:58,847,367,455,55.30,23.30,5.40,10.70
23/2/18-4:25:59,847,370,457,55.40,23.30,6.10,14.10
23/2/18-4:27:0,846,376,465,54.70,23.30,5.20,10.50
23/2/18-4:28:1,846,388,463,54.70,23.30,5.30,14.00
23/2/18-4:29:2,846,386,483,54.80,23.30,4.80,11.30
23/2/18-4:30:2,847,388,460,56.40,23.40,5.50,11.60
23/2/18-4:31:3,847,407,482,55.40,23.40,4.70,7.80
23/2/18-4:32:4,846,399,470,54.20,23.40,5.00,11.00
23/2/18-4:33:5,846,411,484,54.10,23.40,4.90,14.10
23/2/18-4:34:6,846,411,465,54.50,23.50,4.80,12.90
23/2/18-4:35:7,847,400,470,54.50,23.50,4.80,9.80
23/2/18-4:36:8,847,392,458,53.50,23.50,4.20,7.00
23/2/18-4:37:9,847,378,460,53.40,23.50,4.20,9.40
23/2/18-4:38:10,847,375,465,54.10,23.50,3.80,7.10
23/2/18-4:39:11,847,351,454,53.00,23.50,4.50,11.50
23/2/18-4:40:12,847,348,452,52.70,23.40,4.00,8.70
23/2/18-4:41:13,846,351,449,53.60,23.40,4.00,9.30
23/2/18-4:42:14,846,415,505,54.90,23.40,4.70,11.30
23/2/18-4:43:15,847,385,462,53.20,23.40,4.10,11.30
23/2/18-4:44:16,847,384,468,55.10,23.40,4.00,9.20
23/2/18-4:45:17,846,386,456,54.80,23.40,4.30,12.60
23/2/18-4:46:18,847,365,456,55.00,23.40,4.30,12.30
23/2/18-4:47:19,846,384,474,52.70,23.40,3.20,9.40
23/2/18-4:48:20,847,372,453,53.80,23.40,3.30,9.20
23/2/18-4:49:21,847,385,471,54.10,23.40,3.20,11.60
23/2/18-4:50:22,847,390,460,53.40,23.40,3.70,10.80
23/2/18-4:51:23,846,355,451,53.90,23.40,3.20,6.30
23/2/18-4:52:24,847,365,467,53.60,23.40,3.50,12.80
23/2/18-4:53:25,847,382,482,53.40,23.40,3.80,13.50
23/2/18-4:54:26,847,380,457,53.60,23.40,3.50,11.60
23/2/18-4:55:27,846,371,454,52.60,23.40,2.90,6.50
23/2/18-4:56:28,847,370,455,53.50,23.40,3.30,6.80
23/2/18-4:57:29,847,377,461,53.90,23.40,3.10,7.20
23/2/18-4:58:30,847,361,459,53.90,23.40,2.80,7.80
23/2/18-4:59:31,846,354,459,53.00,23.40,3.20,8.90
23/2/18-5:0:32,847,356,449,54.20,23.40,2.80,8.70
23/2/18-5:1:33,847,385,490,52.30,23.40,2.90,9.60
23/2/18-5:2:34,847,350,453,53.20,23.40,2.80,8.10
23/2/18-5:3:35,846,364,455,52.90,23.30,2.50,5.50
23/2/18-5:4:36,847,365,453,53.40,23.40,3.10,7.80
23/2/18-5:5:37,847,389,470,54.90,23.40,3.30,9.30
23/2/18-5:6:38,847,375,464,54.00,23.40,2.50,7.00
23/2/18-5:7:39,847,353,453,53.70,23.30,2.70,8.90
23/2/18-5:8:40,848,376,475,52.80,23.40,4.00,18.70
23/2/18-5:9:41,846,381,465,51.90,23.40,2.90,5.90
23/2/18-5:10:42,847,364,467,52.20,23.40,2.40,5.90
23/2/18-5:11:43,846,372,475,52.20,23.30,2.80,7.20
23/2/18-5:12:44,847,381,481,53.20,23.30,3.00,7.50
23/2/18-5:13:45,846,376,483,53.00,23.30,3.20,9.30
23/2/18-5:14:46,846,376,462,53.10,23.30,2.80,8.20
23/2/18-5:15:47,846,379,464,52.90,23.30,2.90,10.90
23/2/18-5:16:48,846,372,461,53.50,23.30,2.90,5.60
23/2/18-5:17:48,846,373,462,53.60,23.30,3.10,11.30
23/2/18-5:18:49,846,376,473,53.10,23.30,3.10,10.30
23/2/18-5:19:50,846,355,451,52.40,23.30,3.30,7.60
23/2/18-5:20:51,847,356,458,51.90,23.40,3.30,11.80
23/2/18-5:21:52,846,363,483,51.40,23.40,3.30,9.50
23/2/18-5:22:53,846,364,463,53.10,23.40,2.60,8.00
23/2/18-5:23:54,846,362,453,53.60,23.30,3.10,8.50
23/2/18-5:24:55,846,351,462,52.20,23.30,3.20,7.60
23/2/18-5:25:56,846,344,472,51.70,23.30,3.10,12.50
23/2/18-5:26:57,847,344,458,51.20,23.30,3.40,9.80
23/2/18-5:27:58,846,350,465,51.40,23.30,3.70,9.40
23/2/18-5:28:59,847,367,466,52.10,23.30,3.90,10.60
23/2/18-5:30:0,847,354,463,52.50,23.30,4.60,12.00
23/2/18-5:31:1,847,359,463,52.40,23.30,4.10,11.00
23/2/18-5:32:2,847,358,462,54.30,23.30,4.10,11.70
23/2/18-5:33:3,847,367,462,54.10,23.30,4.00,10.40
23/2/18-5:34:4,847,363,465,53.80,23.30,4.80,9.00
23/2/18-5:35:5,847,342,452,53.40,23.30,4.50,12.90
23/2/18-5:36:6,848,344,463,54.20,23.30,4.30,15.50
23/2/18-5:37:7,847,369,467,53.90,23.30,4.30,12.50
23/2/18-5:38:8,847,376,477,52.30,23.30,4.10,12.40
23/2/18-5:39:9,847,372,460,51.90,23.30,4.40,12.60
23/2/18-5:40:10,846,378,464,51.90,23.40,5.00,11.50
23/2/18-5:41:11,847,362,454,52.60,23.30,4.30,9.60
23/2/18-5:42:12,847,362,467,53.70,23.30,4.30,12.40
23/2/18-5:43:13,847,362,465,52.10,23.30,4.30,9.70
23/2/18-5:44:14,847,366,465,52.20,23.30,3.90,9.60
23/2/18-5:45:15,846,369,456,53.60,23.30,3.90,7.90
23/2/18-5:46:16,847,362,459,53.40,23.30,4.10,9.70
23/2/18-5:47:17,847,377,466,55.30,23.30,3.60,10.20
23/2/18-5:48:18,847,384,474,52.50,23.40,4.30,11.00
23/2/18-5:49:19,847,387,469,54.00,23.30,3.80,9.80
23/2/18-5:50:20,846,355,453,52.70,23.30,3.80,9.10
23/2/18-5:51:21,847,384,486,53.60,23.30,3.90,7.90
23/2/18-5:52:22,848,394,468,51.90,23.30,3.40,7.20
23/2/18-5:53:23,847,381,466,53.90,23.30,3.90,8.70
23/2/18-5:54:24,847,377,475,51.50,23.30,3.80,7.80
23/2/18-5:55:25,846,372,474,54.20,23.30,3.80,11.30
23/2/18-5:56:26,847,362,472,54.50,23.20,3.60,11.60
23/2/18-5:57:27,847,371,465,51.40,23.30,4.10,14.50
23/2/18-5:58:28,846,344,447,54.50,23.30,3.40,11.50
23/2/18-5:59:29,847,327,452,52.80,23.30,4.00,11.40
23/2/18-6:0:30,846,327,452,52.10,23.20,3.50,9.10
23/2/18-6:1:31,847,315,451,52.50,23.20,4.30,11.20
23/2/18-6:2:32,846,325,451,53.80,23.20,3.60,7.00
23/2/18-6:3:33,847,341,462,55.20,23.20,3.40,7.80
23/2/18-6:4:34,847,340,449,54.50,23.20,4.40,9.80
23/2/18-6:5:35,847,344,455,53.60,23.10,3.90,11.60
23/2/18-6:6:35,847,334,450,54.40,23.10,3.90,10.20
23/2/18-6:7:36,846,335,446,54.90,23.10,3.90,8.60
23/2/18-6:8:37,847,347,460,53.40,23.00,3.90,8.80
23/2/18-6:9:38,846,367,464,54.70,23.00,3.90,9.40
23/2/18-6:10:39,847,357,454,53.60,23.00,3.80,9.20
23/2/18-6:11:40,847,370,474,52.60,22.90,4.10,9.10
23/2/18-6:12:41,847,367,465,54.20,22.90,3.80,8.70
23/2/18-6:13:42,846,368,468,53.00,22.90,3.90,10.20
23/2/18-6:14:43,846,389,460,53.10,23.00,3.50,8.50
23/2/18-6:15:44,847,379,454,54.10,23.00,3.30,10.40
23/2/18-6:16:45,847,368,470,53.30,23.00,3.50,7.10
23/2/18-6:17:46,847,369,452,53.90,23.00,3.10,8.10
23/2/18-6:18:47,847,361,458,53.90,23.00,3.60,9.20
23/2/18-6:19:48,847,379,470,54.80,23.00,3.00,9.20
23/2/18-6:20:49,847,365,467,54.20,23.00,3.00,5.90
23/2/18-6:21:50,847,343,445,53.20,22.90,2.70,5.80
23/2/18-6:22:51,847,328,443,53.90,22.90,2.90,5.60
23/2/18-6:23:52,847,332,445,53.80,22.90,3.30,8.40
23/2/18-6:24:53,847,341,449,53.10,22.90,2.90,5.90
23/2/18-6:25:54,846,365,489,53.50,22.90,2.80,7.40
23/2/18-6:26:55,847,375,454,53.20,22.90,2.50,14.50
23/2/18-6:27:56,847,365,461,52.40,22.90,2.30,6.80
23/2/18-6:28:57,846,368,452,51.40,22.90,2.20,11.60
23/2/18-6:29:58,847,375,461,52.50,22.90,2.30,7.50
23/2/18-6:30:59,846,353,447,53.20,22.90,2.60,8.20
23/2/18-6:32:0,847,341,462,52.60,22.90,2.40,8.90
23/2/18-6:33:1,847,366,469,52.00,22.90,2.60,7.80
23/2/18-6:34:2,846,375,459,52.20,22.90,1.90,5.20
23/2/18-6:35:3,847,354,453,52.20,23.00,2.60,7.50
23/2/18-6:36:4,847,349,469,52.30,22.90,2.00,8.50
23/2/18-6:37:5,847,365,475,51.90,22.90,2.20,5.40
23/2/18-6:38:6,846,365,451,52.40,22.90,1.80,3.60
23/2/18-6:39:7,847,383,463,53.20,22.90,2.20,12.80
23/2/18-6:40:8,848,399,498,52.00,23.00,2.50,8.80
23/2/18-6:41:9,847,381,467,52.90,23.00,2.00,6.50
23/2/18-6:42:10,846,385,466,53.00,23.00,2.10,4.90
23/2/18-6:43:11,847,363,454,52.80,23.00,1.90,5.10
23/2/18-6:44:12,847,368,478,52.00,22.90,2.10,6.10
23/2/18-6:45:13,846,369,461,52.50,22.90,2.10,7.60
23/2/18-6:46:14,846,373,469,54.10,22.90,2.30,5.00
23/2/18-6:47:15,847,365,457,52.20,22.90,1.50,3.60
23/2/18-6:48:16,847,387,466,53.10,22.90,2.00,5.10
23/2/18-6:49:17,847,382,469,51.70,22.90,2.20,9.20
23/2/18-6:50:18,847,379,460,50.90,22.90,1.80,8.30
23/2/18-6:51:19,847,362,463,51.90,22.90,1.90,8.70
23/2/18-6:52:20,846,376,472,53.00,22.90,1.80,5.50
23/2/18-6:53:21,847,377,476,53.00,22.90,2.00,5.10
23/2/18-6:54:21,847,380,456,52.70,22.90,1.70,5.40
23/2/18-6:55:22,847,361,455,52.50,22.90,1.60,4.40
23/2/18-6:56:23,847,375,462,52.50,22.90,2.20,10.80
23/2/18-6:57:24,847,371,469,52.10,22.90,2.00,12.40
23/2/18-6:58:25,847,370,453,53.50,22.90,1.80,6.60
23/2/18-6:59:26,847,344,445,52.50,22.90,2.30,9.10
23/2/18-7:0:27,847,330,442,53.00,22.80,1.90,8.50
23/2/18-7:1:28,847,312,443,53.80,22.80,2.30,7.80
23/2/18-7:2:29,847,310,442,53.10,22.80,1.90,8.70
23/2/18-7:3:30,847,302,440,53.30,22.70,2.00,9.10
23/2/18-7:4:31,847,310,452,54.40,22.70,1.70,4.20
23/2/18-7:5:32,847,330,450,53.50,22.60,1.90,7.40
23/2/18-7:6:33,847,323,444,53.70,22.70,1.80,7.20
23/2/18-7:7:34,847,308,443,54.20,22.60,1.90,3.80
23/2/18-7:8:35,847,298,443,54.60,22.60,1.90,6.00
23/2/18-7:9:36,846,301,444,55.10,22.50,2.20,9.60
23/2/18-7:10:37,847,304,441,55.50,22.50,2.10,10.40
23/2/18-7:11:38,847,301,445,54.80,22.50,1.80,7.00
23/2/18-7:12:39,847,319,440,54.90,22.40,1.90,8.40
23/2/18-7:13:40,847,332,447,55.10,22.50,1.90,4.70
23/2/18-7:14:41,847,315,443,54.40,22.50,2.40,8.40
23/2/18-7:15:42,847,317,443,55.20,22.50,1.70,5.40
23/2/18-7:16:43,847,304,439,53.50,22.40,1.90,4.70
23/2/18-7:17:44,847,309,452,55.50,22.40,2.40,8.80
23/2/18-7:18:45,846,331,455,53.20,22.40,2.50,12.00
23/2/18-7:19:46,846,306,435,54.40,22.40,2.70,13.20
23/2/18-7:20:47,847,319,463,55.30,22.40,2.30,9.30
23/2/18-7:21:48,847,336,459,55.30,22.40,2.30,11.30
23/2/18-7:22:49,847,352,474,54.80,22.40,2.60,9.90
23/2/18-7:23:50,846,345,448,55.80,22.40,2.10,8.60
23/2/18-7:24:51,847,347,448,55.60,22.40,2.70,17.20
23/2/18-7:25:52,847,347,451,55.10,22.40,2.40,6.90
23/2/18-7:26:53,847,354,454,54.80,22.40,2.50,9.40
23/2/18-7:27:54,847,348,445,55.60,22.40,2.80,9.30
23/2/18-7:28:55,847,347,456,55.60,22.40,2.30,13.30
23/2/18-7:29:56,848,373,463,55.30,22.40,2.20,9.90
23/2/18-7:30:57,847,347,441,56.40,22.50,2.60,12.30
23/2/18-7:31:58,847,327,441,55.90,22.50,2.30,6.60
23/2/18-7:32:59,847,325,441,55.70,22.40,2.30,6.10
23/2/18-7:34:0,848,342,475,56.60,22.40,2.80,9.10
23/2/18-7:35:1,848,351,457,55.40,22.40,2.40,8.20
23/2/18-7:36:2,847,335,447,55.40,22.40,2.30,10.10
23/2/18-7:37:3,847,336,460,56.00,22.40,3.00,8.70
23/2/18-7:38:4,846,360,463,56.60,22.40,2.00,6.70
23/2/18-7:39:5,847,360,458,56.60,22.40,2.60,12.20
23/2/18-7:40:6,847,382,469,57.20,22.40,2.10,6.10
23/2/18-7:41:7,847,361,454,57.60,22.30,2.70,10.90
23/2/18-7:42:7,847,350,457,55.70,22.40,2.70,11.70
23/2/18-7:43:8,847,345,447,55.90,22.30,3.60,8.50
23/2/18-7:44:9,847,358,462,56.10,22.40,2.70,10.00
23/2/18-7:45:10,847,383,489,55.60,22.40,3.30,15.00
23/2/18-7:46:11,848,353,451,55.80,22.40,3.20,12.10
23/2/18-7:47:12,847,358,455,55.40,22.40,2.90,10.30
23/2/18-7:48:13,847,346,451,56.40,22.40,2.70,10.10
23/2/18-7:49:14,847,348,458,56.90,22.30,3.60,18.20
23/2/18-7:50:15,846,349,450,56.90,22.30,4.00,14.30
23/2/18-7:51:16,847,359,460,56.40,22.30,3.30,11.30
23/2/18-7:52:17,847,375,463,56.10,22.40,4.20,15.90
23/2/18-7:53:18,847,365,467,56.60,22.40,4.30,11.40
23/2/18-7:54:19,847,360,469,55.60,22.30,5.10,15.30
23/2/18-7:55:20,847,385,478,56.30,22.30,5.80,15.00
23/2/18-7:56:21,847,400,504,57.60,22.30,6.10,20.40
23/2/18-7:57:22,848,397,478,58.40,22.40,7.10,22.40
23/2/18-7:58:23,847,404,503,56.60,22.40,7.20,17.60
23/2/18-7:59:24,847,399,494,56.90,22.40,6.70,17.90
23/2/18-8:0:25,847,406,514,57.10,22.40,7.20,19.70
23/2/18-8:1:26,847,398,497,57.80,22.40,8.10,22.50
23/2/18-8:2:27,847,396,487,58.60,22.40,8.50,22.60
23/2/18-8:3:28,847,399,494,56.80,22.40,8.30,21.40
23/2/18-8:4:29,847,400,495,57.20,22.40,9.30,21.30
23/2/18-8:5:30,848,402,492,57.10,22.40,10.40,26.20
23/2/18-8:6:31,847,403,489,58.30,22.40,8.90,19.90
23/2/18-8:7:32,847,399,491,57.10,22.40,8.90,19.80
23/2/18-8:8:33,847,387,479,56.00,22.50,9.30,23.10
23/2/18-8:9:34,846,402,509,55.60,22.50,9.80,23.50
23/2/18-8:10:35,847,398,493,57.50,22.50,9.20,24.70
23/2/18-8:11:36,847,416,501,56.10,22.50,11.10,24.40
23/2/18-8:12:37,846,396,485,56.10,22.50,11.70,29.40
23/2/18-8:13:38,847,397,492,56.40,22.50,11.00,27.50
23/2/18-8:14:39,846,394,485,57.40,22.50,12.30,25.80
23/2/18-8:15:40,847,397,492,56.10,22.60,14.50,38.10
23/2/18-8:16:41,847,413,505,56.70,22.60,13.70,30.00
23/2/18-8:17:42,847,411,497,57.40,22.60,13.50,30.70
23/2/18-8:18:43,847,413,501,57.10,22.70,12.40,30.90
23/2/18-8:19:44,847,424,514,57.50,22.70,12.20,28.90
23/2/18-8:20:45,847,399,475,57.00,22.70,12.30,28.50
23/2/18-8:21:46,847,395,497,56.60,22.70,10.00,26.50
23/2/18-8:22:47,847,404,496,56.10,22.70,10.20,29.50
23/2/18-8:23:48,847,398,487,56.00,22.70,9.50,25.20
23/2/18-8:24:49,847,412,500,55.60,22.70,9.60,27.00
23/2/18-8:25:50,846,418,502,57.20,22.70,9.50,29.80
23/2/18-8:26:51,847,420,512,57.20,22.70,8.90,31.90
23/2/18-8:27:52,847,412,487,56.60,22.70,8.60,34.20
23/2/18-8:28:52,847,417,495,56.40,22.80,7.90,30.90
23/2/18-8:29:53,847,420,500,56.10,22.80,7.00,29.90
23/2/18-8:30:54,848,424,496,56.10,22.90,6.40,29.70
23/2/18-8:31:55,847,416,498,57.80,22.90,5.90,30.30
23/2/18-8:32:56,847,411,489,56.40,22.90,5.10,16.60
23/2/18-8:33:57,847,395,480,56.40,22.90,6.10,24.40
23/2/18-8:34:58,847,397,484,56.40,22.80,5.30,25.10
23/2/18-8:35:59,847,401,489,56.40,22.80,5.80,25.00
23/2/18-8:37:0,847,405,496,56.20,22.80,5.00,25.90
23/2/18-8:38:1,847,418,500,56.60,22.80,4.20,22.70
23/2/18-8:39:2,847,421,520,56.20,22.80,4.60,30.60
23/2/18-8:40:3,846,415,487,55.40,22.80,4.40,27.60
23/2/18-8:41:4,847,394,480,56.10,22.80,3.80,21.50
23/2/18-8:42:5,847,402,493,56.10,22.80,5.00,21.80
23/2/18-8:43:6,847,407,489,56.10,22.80,4.30,19.20
23/2/18-8:44:7,847,401,486,56.00,22.80,3.80,14.90
23/2/18-8:45:8,847,395,479,55.40,22.90,4.30,23.90
23/2/18-8:46:9,847,406,501,55.90,22.90,4.50,26.50
23/2/18-8:47:10,847,388,477,54.80,23.00,4.60,25.90
23/2/18-8:48:11,846,393,483,54.90,22.90,4.10,27.40
23/2/18-8:49:12,847,395,487,55.00,22.90,3.80,16.00
23/2/18-8:50:13,847,389,472,56.40,23.00,4.00,18.40
23/2/18-8:51:14,846,394,483,55.30,23.00,3.80,11.80
23/2/18-8:52:15,847,413,502,55.40,23.00,4.10,20.00
23/2/18-8:53:16,847,419,491,55.30,23.00,3.30,15.20
23/2/18-8:54:17,847,415,488,54.50,23.10,3.80,17.00
23/2/18-8:55:18,847,423,498,54.70,23.10,3.20,15.00
23/2/18-8:56:19,848,412,484,54.70,23.20,2.80,10.30
23/2/18-8:57:20,847,406,482,54.40,23.10,3.50,12.60
23/2/18-8:58:21,847,403,476,54.50,23.20,3.50,14.00
23/2/18-8:59:22,847,393,477,55.20,23.30,2.60,11.70
23/2/18-9:0:23,848,407,484,55.30,23.30,3.30,15.10
23/2/18-9:1:24,847,407,484,54.40,23.30,2.80,14.60
23/2/18-9:2:25,847,403,473,54.90,23.40,2.90,11.00
23/2/18-9:3:26,847,395,481,54.20,23.40,3.00,14.60
23/2/18-9:4:27,848,400,477,54.70,23.50,3.10,13.80
23/2/18-9:5:28,847,407,485,53.30,23.50,2.60,11.70
23/2/18-9:6:29,847,429,501,53.40,23.60,3.20,15.10
23/2/18-9:7:30,847,409,472,53.80,23.60,2.90,21.50
23/2/18-9:8:31,846,389,473,55.00,23.60,2.80,17.50
23/2/18-9:9:32,847,396,480,54.10,23.60,2.30,13.50
23/2/18-9:10:33,846,420,507,53.50,23.60,2.80,17.40
23/2/18-9:11:34,846,428,509,54.60,23.70,2.60,13.10
23/2/18-9:12:35,847,406,483,53.00,23.70,2.50,13.80
23/2/18-9:13:36,847,389,466,53.00,23.70,2.90,19.40
23/2/18-9:14:37,846,378,455,53.60,23.70,3.50,22.10
23/2/18-9:15:38,846,389,606,52.20,23.70,2.70,35.70
23/2/18-9:16:38,847,374,468,51.90,23.70,2.90,17.00
23/2/18-9:17:39,846,359,457,52.30,23.60,2.30,11.70
23/2/18-9:18:40,847,367,475,51.60,23.60,2.30,13.50
23/2/18-9:19:41,847,372,486,51.80,23.60,2.30,16.60
23/2/18-9:20:42,847,355,451,52.00,23.60,2.20,9.20
23/2/18-9:21:43,847,355,460,51.70,23.60,2.10,8.50
23/2/18-9:22:44,846,388,519,51.90,23.60,2.50,8.70
23/2/18-9:23:45,846,382,480,53.10,23.70,2.30,13.80
23/2/18-9:24:46,846,387,491,53.40,23.70,1.90,7.00
23/2/18-9:25:47,846,367,454,52.50,23.70,1.70,9.00
23/2/18-9:26:48,846,376,471,52.90,23.70,1.90,8.60
23/2/18-9:27:49,846,377,462,52.60,23.70,2.10,12.60
23/2/18-9:28:50,847,380,481,53.10,23.80,6.30,20.40
23/2/18-9:29:51,847,398,489,52.40,23.70,3.30,18.40
23/2/18-9:30:52,847,428,547,52.50,23.70,3.70,10.40
23/2/18-9:31:53,846,406,483,53.20,23.80,11.40,33.50
23/2/18-9:32:54,846,378,473,51.90,23.80,8.90,33.00
23/2/18-9:33:55,846,358,472,51.90,23.80,7.30,20.40
23/2/18-9:34:56,846,359,462,50.60,23.80,2.40,18.20
23/2/18-9:35:57,846,378,488,50.90,23.80,2.30,8.70
23/2/18-9:36:58,847,403,505,50.80,23.80,2.40,10.90
23/2/18-9:37:59,847,404,478,51.30,23.80,2.40,10.10
23/2/18-9:39:0,846,410,503,50.30,23.80,3.20,11.10
23/2/18-9:40:1,847,418,502,50.20,23.80,3.30,10.70
23/2/18-9:41:2,847,400,487,50.10,23.90,3.20,12.70
23/2/18-9:42:3,847,351,460,49.90,23.80,2.50,11.60
23/2/18-9:43:4,846,370,498,49.10,23.70,2.60,8.90
23/2/18-9:44:5,846,402,501,49.80,23.80,3.40,14.70
23/2/18-9:45:6,846,418,489,50.60,23.70,2.80,8.30
23/2/18-9:46:7,846,407,488,50.30,23.80,2.80,17.70
23/2/18-9:47:8,846,415,494,50.10,23.90,2.20,10.50
23/2/18-9:48:9,847,409,478,50.50,23.80,2.70,8.10
23/2/18-9:49:10,846,418,505,49.50,23.90,2.60,12.10
23/2/18-9:50:11,846,421,503,50.60,24.00,2.60,9.40
23/2/18-9:51:12,846,428,506,49.90,24.10,2.30,8.60
23/2/18-9:52:13,846,417,524,50.20,24.10,3.20,9.50
23/2/18-9:53:14,846,397,506,51.50,24.10,2.40,7.10
23/2/18-9:54:15,846,397,514,49.70,24.00,2.70,7.00
23/2/18-9:55:16,846,400,490,50.20,24.20,2.50,9.10
23/2/18-9:56:17,847,395,496,50.70,24.20,2.40,8.50
23/2/18-9:57:18,847,421,525,50.70,24.20,2.10,7.30
23/2/18-9:58:19,847,426,506,49.20,24.20,2.60,8.10
23/2/18-9:59:20,847,424,494,50.70,24.30,2.10,5.50
23/2/18-10:0:21,847,408,495,50.90,24.30,2.70,16.60
23/2/18-10:1:22,846,371,491,50.00,24.40,2.50,9.70
23/2/18-10:2:23,846,377,503,48.30,24.40,2.40,12.10
23/2/18-10:3:24,846,363,475,50.60,24.40,2.30,11.20
23/2/18-10:4:25,846,366,479,50.40,24.40,2.60,11.60
23/2/18-10:5:25,846,380,478,50.40,24.50,2.50,13.60
23/2/18-10:6:26,846,322,453,51.20,24.50,2.70,6.60
23/2/18-10:7:27,846,361,508,50.80,24.40,2.80,8.10
23/2/18-10:8:28,846,327,489,51.10,24.40,2.20,7.20
23/2/18-10:9:29,847,362,585,50.60,24.50,2.50,10.30
23/2/18-10:10:30,846,365,459,50.20,24.60,2.50,8.30
23/2/18-10:11:31,846,353,467,49.30,24.60,2.50,6.60
23/2/18-10:12:32,846,347,464,49.00,24.70,2.10,8.50
23/2/18-10:13:33,846,349,505,49.30,24.70,2.20,10.50
23/2/18-10:14:34,846,371,481,50.60,24.70,2.30,8.90
23/2/18-10:15:35,846,329,462,49.10,24.70,2.40,11.00
23/2/18-10:16:36,846,339,475,48.10,24.70,2.60,9.00
23/2/18-10:17:37,846,334,464,49.00,24.80,2.60,9.80
23/2/18-10:18:38,846,347,468,48.80,24.80,2.50,10.90
23/2/18-10:19:39,846,376,577,49.10,24.80,2.30,12.40
23/2/18-10:20:40,846,371,467,48.50,24.80,2.30,13.70
23/2/18-10:21:41,846,385,477,48.60,24.90,2.10,7.40
23/2/18-10:22:42,846,407,529,49.40,24.90,2.40,10.00
23/2/18-10:23:43,846,397,482,48.30,24.90,2.60,14.50
23/2/18-10:24:44,846,375,492,47.90,25.00,2.20,6.10
23/2/18-10:25:45,847,390,497,48.00,25.00,1.90,9.10
23/2/18-10:26:46,846,359,487,48.70,25.00,2.10,7.50
23/2/18-10:27:47,846,380,492,47.30,25.00,2.10,9.50
23/2/18-10:28:48,846,397,522,47.50,25.00,2.30,11.80
23/2/18-10:29:49,847,373,479,47.80,25.10,2.40,8.20
23/2/18-10:30:50,847,363,523,47.30,25.10,2.60,8.50
23/2/18-10:31:51,846,294,462,47.90,25.10,2.40,9.20
23/2/18-10:32:52,847,343,482,47.70,25.10,2.80,15.00
23/2/18-10:33:53,846,305,473,47.40,25.10,2.50,12.90
23/2/18-10:34:54,846,333,472,47.50,25.10,2.60,10.60
23/2/18-10:35:55,846,371,522,47.70,25.20,2.30,8.10
23/2/18-10:36:56,846,365,485,49.00,25.20,2.20,7.20
23/2/18-10:37:57,846,304,461,48.50,25.20,2.20,8.60
23/2/18-10:38:58,847,294,482,48.30,25.20,2.30,10.60
23/2/18-10:39:59,846,323,531,46.70,25.10,2.10,6.40
23/2/18-10:41:0,846,354,515,46.30,25.20,1.80,6.20
23/2/18-10:42:1,846,388,536,47.70,25.20,1.70,10.40
23/2/18-10:43:2,846,367,501,47.20,25.20,2.10,11.40
23/2/18-10:44:3,847,347,509,48.00,25.30,2.20,8.00
23/2/18-10:45:4,847,319,470,46.70,25.20,2.50,13.80
23/2/18-10:46:5,846,330,458,47.80,25.30,2.10,8.10
23/2/18-10:47:6,846,327,479,47.60,25.40,2.10,11.10
23/2/18-10:48:7,846,341,491,47.40,25.30,2.10,8.00
23/2/18-10:49:8,846,346,492,46.80,25.40,2.20,7.30
23/2/18-10:50:9,846,337,483,47.40,25.30,1.90,11.40
23/2/18-10:51:10,847,349,489,47.60,25.40,1.90,6.80
23/2/18-10:52:11,846,347,493,48.20,25.40,2.00,8.20
23/2/18-10:53:12,846,289,477,47.00,25.40,2.00,8.50
23/2/18-10:54:13,846,350,521,46.90,25.20,2.50,9.60
23/2/18-10:55:14,847,293,477,47.10,25.30,2.90,11.40
23/2/18-10:56:15,846,248,454,47.90,25.20,2.40,13.40
23/2/18-10:57:15,846,280,506,47.90,25.20,2.40,15.20
23/2/18-10:58:16,846,293,477,48.40,25.20,2.30,6.60
23/2/18-10:59:17,846,354,494,47.70,25.20,2.40,10.90
23/2/18-11:0:18,847,371,499,49.00,25.40,2.40,11.30
23/2/18-11:1:19,846,356,514,48.40,25.40,2.20,10.00
23/2/18-11:2:20,846,344,470,47.90,25.40,2.70,8.20
23/2/18-11:3:21,846,377,529,48.50,25.50,2.20,7.60
23/2/18-11:4:22,847,405,550,47.70,25.50,1.90,9.40
23/2/18-11:5:23,846,386,490,48.40,25.60,2.30,8.40
23/2/18-11:6:24,847,398,494,47.50,25.60,2.00,6.10
23/2/18-11:7:25,847,394,537,47.20,25.60,1.60,7.50
23/2/18-11:8:26,847,363,479,47.50,25.70,2.00,5.80
23/2/18-11:9:27,847,373,477,46.70,25.60,2.50,5.50
23/2/18-11:10:28,847,332,463,47.20,25.60,2.30,9.90
23/2/18-11:11:29,846,325,492,47.60,25.50,1.90,4.30
23/2/18-11:12:30,846,365,485,47.90,25.50,2.50,8.40
23/2/18-11:13:31,846,326,462,47.50,25.50,1.90,7.90
23/2/18-11:14:32,846,303,508,47.80,25.50,1.80,6.40
23/2/18-11:15:33,847,360,493,46.10,25.50,1.50,8.20
23/2/18-11:16:34,847,345,467,47.90,25.50,1.80,7.40
23/2/18-11:17:35,846,303,473,47.30,25.40,2.50,11.50
23/2/18-11:18:36,847,344,488,46.90,25.40,2.30,9.30
23/2/18-11:19:37,846,368,493,47.10,25.40,1.40,4.10
23/2/18-11:20:38,847,371,493,47.00,25.40,1.90,10.50
23/2/18-11:21:39,846,373,502,47.00,25.40,1.90,11.00
23/2/18-11:22:40,847,383,546,48.00,25.40,2.20,7.40
23/2/18-11:23:41,846,376,485,48.80,25.50,2.00,9.10
23/2/18-11:24:42,846,361,489,48.20,25.50,2.10,9.40
23/2/18-11:25:43,846,349,487,47.70,25.50,2.30,13.50
23/2/18-11:26:44,846,347,507,48.60,25.50,1.80,7.00
23/2/18-11:27:45,846,367,492,47.10,25.50,1.70,12.20
23/2/18-11:28:46,846,360,483,47.50,25.50,1.90,11.50
23/2/18-11:29:47,846,393,520,50.10,25.60,1.90,9.10
23/2/18-11:30:48,846,407,537,48.10,25.60,1.90,9.00
23/2/18-11:31:49,846,396,495,47.40,25.60,2.30,10.10
23/2/18-11:32:50,846,384,489,47.50,25.60,2.00,7.90
23/2/18-11:33:51,846,391,477,47.40,25.60,2.00,7.50
23/2/18-11:34:52,846,388,498,47.80,25.70,2.00,7.50
23/2/18-11:35:53,846,376,478,48.70,25.70,1.90,5.30
23/2/18-11:36:54,846,367,558,48.00,25.70,2.30,11.90
23/2/18-11:37:55,846,403,522,46.90,25.80,1.70,6.60
23/2/18-11:38:56,846,398,523,47.50,25.80,2.10,10.20
23/2/18-11:39:57,847,372,470,47.70,25.90,2.50,15.90
23/2/18-11:40:58,846,330,458,46.30,25.90,2.10,10.60
23/2/18-11:41:59,846,367,499,46.10,25.90,2.40,18.60
23/2/18-11:43:0,846,372,481,47.00,25.90,2.30,7.80
23/2/18-11:44:1,846,368,530,48.40,25.90,1.80,8.10
23/2/18-11:45:2,847,366,507,48.40,25.90,2.00,8.20
23/2/18-11:46:3,846,387,532,46.90,25.90,2.50,12.00
23/2/18-11:47:4,845,403,533,48.00,26.10,2.20,10.20
23/2/18-11:48:5,847,388,487,47.90,26.10,1.80,5.20
23/2/18-11:49:5,846,385,499,47.40,26.10,2.40,11.20
23/2/18-11:50:6,846,374,509,47.00,26.10,2.20,8.00
23/2/18-11:51:7,846,359,476,46.90,26.20,1.70,6.50
23/2/18-11:52:8,846,353,500,46.80,26.20,2.50,9.40
23/2/18-11:53:9,846,368,542,47.00,26.20,2.50,9.20
23/2/18-11:54:10,846,339,472,47.30,26.30,2.20,10.00
23/2/18-11:55:11,846,376,530,46.70,26.30,2.70,9.00
23/2/18-11:56:12,845,384,488,46.10,26.30,2.00,13.30
23/2/18-11:57:13,845,322,468,46.10,26.30,2.40,11.80
23/2/18-11:58:14,846,339,510,45.90,26.30,3.10,25.70
23/2/18-11:59:15,846,360,511,46.80,26.30,2.10,8.00
23/2/18-12:0:16,846,379,492,46.90,26.30,2.00,10.20
23/2/18-12:1:17,850,360,473,47.40,26.30,2.10,7.90
23/2/18-12:2:18,849,321,480,46.90,26.30,1.80,6.80
23/2/18-12:3:19,848,300,466,46.70,26.30,1.90,6.90
23/2/18-12:4:20,849,279,490,47.00,26.30,2.40,12.60
23/2/18-12:5:21,848,318,480,46.50,26.30,1.80,6.20
23/2/18-12:6:22,846,278,481,47.10,26.30,2.00,9.70
23/2/18-12:7:23,847,296,495,45.90,26.30,1.80,8.70
23/2/18-12:8:24,846,259,475,47.00,26.30,1.90,8.00
23/2/18-12:9:25,845,203,450,46.60,26.30,2.00,7.20
23/2/18-12:10:26,845,232,482,46.60,26.20,1.80,8.60
23/2/18-12:11:27,845,233,464,46.60,26.20,1.60,6.60
23/2/18-12:12:28,846,249,470,46.90,26.10,2.10,13.50
23/2/18-12:13:29,846,250,462,47.50,26.10,2.40,12.40
23/2/18-12:14:30,846,233,465,47.10,26.10,2.00,11.20
23/2/18-12:15:31,846,195,449,46.90,26.10,2.70,13.60
23/2/18-12:16:32,846,196,451,46.70,26.00,2.50,9.10
23/2/18-12:17:33,846,277,505,47.60,26.00,2.00,8.80
23/2/18-12:18:34,846,331,489,47.40,26.10,2.00,15.50
23/2/18-12:19:35,846,312,469,48.30,26.10,2.20,11.40
23/2/18-12:20:36,847,349,497,47.90,26.20,2.80,9.30
23/2/18-12:21:37,846,364,537,48.10,26.20,2.30,5.30
23/2/18-12:22:38,846,387,487,47.30,26.30,2.30,9.70
23/2/18-12:23:39,846,398,488,47.60,26.40,2.70,10.90
23/2/18-12:24:40,846,373,486,49.70,26.40,2.40,9.90
23/2/18-12:25:41,846,331,499,47.40,26.50,2.40,10.80
23/2/18-12:26:42,846,328,471,47.00,26.50,2.20,13.60
23/2/18-12:27:43,845,326,494,47.20,26.50,1.80,8.00
23/2/18-12:28:44,846,326,517,47.20,26.50,1.90,13.50
23/2/18-12:29:45,846,371,537,47.50,26.50,1.90,6.10
23/2/18-12:30:46,846,366,479,47.40,26.60,2.40,5.30
23/2/18-12:31:47,846,369,536,47.50,26.60,2.40,7.30
23/2/18-12:32:48,846,362,515,47.00,26.70,2.30,10.10
23/2/18-12:33:49,846,384,512,48.10,26.70,1.80,5.90
23/2/18-12:34:50,847,348,488,47.50,26.70,2.50,17.80
23/2/18-12:35:51,846,405,551,49.10,26.80,2.60,8.30
23/2/18-12:36:52,846,394,488,48.90,26.80,2.40,9.70
23/2/18-12:37:53,846,385,519,47.90,26.90,3.00,13.70
23/2/18-12:38:54,846,396,581,47.20,26.90,2.00,10.30
23/2/18-12:39:55,846,410,509,48.40,26.90,2.00,8.30
23/2/18-12:40:56,846,370,499,48.90,27.00,1.90,6.80
23/2/18-12:41:57,846,378,491,48.90,27.00,2.20,7.90
23/2/18-12:42:57,846,306,479,48.50,27.10,2.20,11.40
23/2/18-12:43:58,845,332,477,47.90,27.00,2.20,10.10
23/2/18-12:44:59,845,282,486,47.80,27.00,2.10,10.80
23/2/18-12:46:0,845,231,462,47.60,27.00,1.90,8.20
23/2/18-12:47:1,845,304,493,46.10,26.90,1.90,6.70
23/2/18-12:48:2,845,248,474,47.50,26.90,2.20,7.90
23/2/18-12:49:3,845,340,557,47.10,26.90,2.10,8.40
23/2/18-12:50:4,845,362,531,48.50,27.00,2.40,7.40
23/2/18-12:51:5,845,334,467,48.00,27.10,2.50,5.90
23/2/18-12:52:6,845,405,571,46.70,27.10,2.10,7.50
23/2/18-12:53:7,845,329,474,47.90,27.20,1.90,9.10
23/2/18-12:54:8,846,326,499,46.80,27.10,2.30,13.10
23/2/18-12:55:9,846,458,675,46.50,27.20,1.90,4.80
23/2/18-12:56:10,845,465,583,46.00,27.20,2.50,9.50
23/2/18-12:57:11,846,456,541,47.30,27.20,2.00,7.60
23/2/18-12:58:12,846,443,540,47.30,27.20,2.10,8.10
23/2/18-12:59:13,846,420,497,48.10,27.20,2.50,15.00
23/2/18-13:0:14,846,387,504,47.70,27.20,2.40,10.10
23/2/18-13:1:15,845,414,516,46.60,27.20,2.60,9.40
23/2/18-13:2:16,846,421,534,48.10,27.20,3.50,14.20
23/2/18-13:3:17,846,407,529,47.80,27.20,3.80,11.90
23/2/18-13:4:18,846,392,496,47.10,27.10,2.80,12.10
23/2/18-13:5:19,845,386,511,47.70,27.10,2.40,10.40
23/2/18-13:6:20,845,369,464,47.60,27.10,2.50,11.30
23/2/18-13:7:21,845,312,477,48.20,27.00,4.30,10.70
23/2/18-13:8:22,846,299,458,47.20,27.00,4.00,13.90
23/2/18-13:9:23,845,353,490,45.90,26.90,2.80,9.30
23/2/18-13:10:24,846,378,540,47.90,26.90,2.30,4.80
23/2/18-13:11:25,845,395,472,47.10,26.80,1.90,7.30
23/2/18-13:12:26,845,329,480,47.90,26.80,2.10,6.30
23/2/18-13:13:27,845,294,460,47.40,26.70,2.60,6.60
23/2/18-13:14:28,845,302,496,48.30,26.70,2.30,7.90
23/2/18-13:15:29,846,323,468,47.60,26.70,2.00,10.10
23/2/18-13:16:30,845,337,512,48.40,26.70,2.00,11.00
23/2/18-13:17:31,845,359,484,49.00,26.60,1.90,7.00
23/2/18-13:18:32,845,323,464,49.00,26.50,2.40,9.10
23/2/18-13:19:33,845,298,466,48.30,26.50,2.30,11.90
23/2/18-13:20:34,846,307,469,48.50,26.50,2.40,15.40
23/2/18-13:21:35,845,342,497,48.40,26.40,2.30,11.10
23/2/18-13:22:36,845,310,470,49.10,26.40,2.40,13.10
23/2/18-13:23:37,846,317,468,48.50,26.30,2.60,12.80
23/2/18-13:24:38,846,310,457,48.20,26.30,2.80,12.80
23/2/18-13:25:39,846,358,512,47.80,26.30,2.10,16.40
23/2/18-13:26:40,846,364,540,48.30,26.30,2.10,9.60
23/2/18-13:27:41,846,397,536,48.30,26.30,2.60,11.10
23/2/18-13:28:42,846,414,538,48.60,26.30,2.30,12.40
23/2/18-13:29:43,847,391,480,49.00,26.40,2.50,12.10
23/2/18-13:30:44,846,398,498,49.20,26.30,2.10,5.60
23/2/18-13:31:45,846,394,495,48.50,26.30,1.90,7.40
23/2/18-13:32:46,846,386,488,48.40,26.30,2.20,9.90
23/2/18-13:33:47,845,393,503,48.70,26.30,2.30,11.50
23/2/18-13:34:48,844,394,492,49.00,26.30,2.30,12.30
23/2/18-13:35:49,845,364,490,47.80,26.30,2.90,14.30
23/2/18-13:36:50,845,344,477,49.00,26.40,2.70,15.60
23/2/18-13:37:50,845,335,496,48.70,26.30,2.40,11.30
23/2/18-13:38:51,845,349,470,49.00,26.30,2.50,12.60
23/2/18-13:39:52,845,369,490,49.20,26.30,2.50,10.20
23/2/18-13:40:53,845,386,485,49.20,26.30,2.70,9.60
23/2/18-13:41:54,846,351,495,49.00,26.30,2.40,7.70
23/2/18-13:42:55,845,368,476,49.30,26.30,2.30,8.20
23/2/18-13:43:56,846,390,475,48.70,26.30,2.30,6.20
23/2/18-13:44:57,846,386,496,48.80,26.30,2.90,11.00
23/2/18-13:45:58,846,390,499,48.80,26.30,2.40,10.50
23/2/18-13:46:59,846,372,512,48.40,26.30,2.70,9.60
23/2/18-13:48:0,846,378,485,49.70,26.30,2.80,15.00
23/2/18-13:49:1,846,364,463,49.60,26.30,2.30,7.90
23/2/18-13:50:2,846,278,453,49.40,26.30,2.30,11.20
23/2/18-13:51:3,846,304,491,48.90,26.20,2.30,7.50
23/2/18-13:52:4,846,344,498,48.90,26.20,2.70,8.20
23/2/18-13:53:5,846,298,486,49.50,26.20,2.40,10.40
23/2/18-13:54:6,846,292,492,49.50,26.20,2.40,13.00
23/2/18-13:55:7,846,269,483,48.60,26.10,2.10,9.00
23/2/18-13:56:8,846,326,492,49.10,26.10,2.10,7.30
23/2/18-13:57:9,846,333,499,48.60,26.20,1.90,7.00
23/2/18-13:58:10,846,360,492,48.70,26.30,2.60,11.30
23/2/18-13:59:11,846,380,499,50.20,26.30,4.00,15.50
23/2/18-14:0:12,846,341,495,49.70,26.30,2.40,7.30
23/2/18-14:1:13,846,365,500,49.40,26.30,2.90,13.70
23/2/18-14:2:14,846,382,482,48.70,26.30,2.50,5.30
23/2/18-14:3:15,846,358,501,49.90,26.40,2.40,9.20
23/2/18-14:4:16,846,347,503,49.60,26.40,2.60,12.60
23/2/18-14:5:17,846,308,491,49.40,26.40,2.60,10.90
23/2/18-14:6:18,846,299,476,49.20,26.40,2.20,6.30
23/2/18-14:7:19,846,332,511,49.60,26.40,2.70,14.90
23/2/18-14:8:20,846,336,480,49.20,26.50,3.00,13.20
23/2/18-14:9:21,846,321,469,48.50,26.50,2.70,9.70
23/2/18-14:10:22,846,264,468,48.80,26.50,2.70,11.40
23/2/18-14:11:23,846,328,486,48.50,26.50,3.30,18.00
23/2/18-14:12:24,846,336,508,48.40,26.50,2.50,14.80
23/2/18-14:13:25,846,379,488,48.80,26.50,2.60,19.00
23/2/18-14:14:26,846,282,466,50.30,26.60,2.50,10.80
23/2/18-14:15:27,846,361,512,48.30,26.50,2.30,8.70
23/2/18-14:16:28,846,409,524,48.10,26.50,2.60,12.30
23/2/18-14:17:29,846,391,498,49.00,26.50,2.90,10.20
23/2/18-14:18:30,846,398,486,49.40,26.50,2.20,7.20
23/2/18-14:19:31,846,392,489,48.80,26.50,2.90,15.20
23/2/18-14:20:32,846,421,538,48.60,26.60,2.10,7.30
23/2/18-14:21:33,847,368,511,48.90,26.60,2.20,10.20
23/2/18-14:22:34,847,402,535,48.70,26.50,2.40,8.60
23/2/18-14:23:35,846,369,473,49.00,26.60,2.30,7.90
23/2/18-14:24:36,846,329,477,49.20,26.50,2.20,9.70
23/2/18-14:25:37,846,363,503,48.70,26.50,2.00,10.20
23/2/18-14:26:38,846,366,502,50.40,26.50,2.20,7.40
23/2/18-14:27:39,846,363,490,49.30,26.50,2.20,7.50
23/2/18-14:28:40,846,367,479,49.60,26.50,2.10,6.90
23/2/18-14:29:41,846,319,478,49.30,26.50,2.60,16.80
23/2/18-14:30:42,846,329,476,47.20,26.50,2.30,6.20
23/2/18-14:31:42,846,321,466,47.50,26.40,2.60,9.20
23/2/18-14:32:43,846,275,458,48.20,26.40,2.30,7.50
23/2/18-14:33:44,846,243,467,47.00,26.40,2.40,10.20
23/2/18-14:34:45,846,312,468,48.70,26.30,2.40,5.90
23/2/18-14:35:46,847,288,475,48.70,26.30,2.00,8.20
23/2/18-14:36:47,847,313,502,47.70,26.20,2.20,6.60
23/2/18-14:37:48,847,335,468,48.80,26.20,2.00,11.80
23/2/18-14:38:49,848,335,482,48.90,26.20,2.50,13.20
23/2/18-14:39:50,846,327,478,47.60,26.30,2.50,13.80
23/2/18-14:40:51,846,307,464,47.60,26.30,2.30,7.10
23/2/18-14:41:52,846,297,488,46.80,26.30,2.10,6.70
23/2/18-14:42:53,846,335,483,46.70,26.20,2.40,9.30
23/2/18-14:43:54,846,292,471,47.00,26.20,2.50,12.20
23/2/18-14:44:55,846,333,462,47.00,26.20,2.20,7.00
23/2/18-14:45:56,846,281,476,47.10,26.20,2.10,7.80
23/2/18-14:46:57,847,332,468,47.20,26.10,2.60,9.40
23/2/18-14:47:58,846,298,468,46.90,26.10,2.30,5.80
23/2/18-14:48:59,846,310,466,47.20,26.10,2.60,10.30
23/2/18-14:50:0,846,311,496,46.80,26.10,2.30,6.80
23/2/18-14:51:1,846,285,467,48.50,26.10,2.50,13.00
23/2/18-14:52:2,845,325,472,49.10,26.00,2.60,5.00
23/2/18-14:53:3,846,352,504,48.70,26.10,2.30,7.70
23/2/18-14:54:4,846,296,482,48.60,26.10,2.40,8.00
23/2/18-14:55:5,846,323,463,48.80,26.00,2.50,11.10
23/2/18-14:56:6,846,295,460,48.60,26.00,2.70,8.50
23/2/18-14:57:7,846,264,472,47.80,25.90,2.40,8.60
23/2/18-14:58:8,847,316,476,47.90,25.90,2.10,5.90
23/2/18-14:59:9,846,300,464,47.90,25.90,2.70,6.90
23/2/18-15:0:10,846,324,474,47.50,25.90,2.30,6.20
23/2/18-15:1:11,846,353,507,48.90,25.90,2.20,6.30
23/2/18-15:2:12,846,323,462,48.80,25.90,2.40,9.80
23/2/18-15:3:13,846,324,477,48.40,25.90,2.50,9.20
23/2/18-15:4:14,848,331,511,48.30,25.90,2.70,6.80
23/2/18-15:5:15,844,378,495,48.20,25.90,2.20,11.10
23/2/18-15:6:16,845,334,466,47.70,25.90,2.60,8.30
23/2/18-15:7:17,845,342,480,48.30,25.90,2.20,11.10
23/2/18-15:8:18,845,355,481,47.30,25.90,2.00,8.50
23/2/18-15:9:19,846,362,481,48.70,26.00,2.50,11.40
23/2/18-15:10:20,844,326,480,48.00,26.00,2.40,8.10
23/2/18-15:11:21,845,277,458,48.10,25.90,2.80,12.30
23/2/18-15:12:22,845,290,479,48.00,25.90,2.20,7.90
23/2/18-15:13:23,844,307,480,47.60,25.90,2.20,10.00
23/2/18-15:14:24,846,310,485,48.40,25.80,2.20,10.40
23/2/18-15:15:25,845,314,482,48.70,25.80,1.90,5.10
23/2/18-15:16:26,845,320,478,48.10,25.80,2.20,7.30
23/2/18-15:17:27,845,298,461,48.80,25.80,2.40,11.00
23/2/18-15:18:28,845,318,498,48.30,25.80,2.30,10.00
23/2/18-15:19:29,845,301,470,47.90,25.80,2.40,10.00
23/2/18-15:20:30,844,269,465,48.70,25.80,2.40,7.50
23/2/18-15:21:31,844,331,486,48.80,25.80,1.80,7.40
23/2/18-15:22:32,844,372,511,50.40,25.80,2.50,12.50
23/2/18-15:23:33,844,336,457,50.80,25.80,2.30,7.70
23/2/18-15:24:33,846,319,497,50.00,25.80,2.00,6.50
23/2/18-15:25:34,844,340,461,50.40,25.80,2.10,7.70
23/2/18-15:26:35,844,349,476,50.20,25.90,2.20,6.40
23/2/18-15:27:36,844,335,473,50.40,25.90,2.70,9.80
23/2/18-15:28:37,845,316,478,50.40,25.90,2.10,5.30
23/2/18-15:29:38,844,330,507,49.60,25.90,1.90,8.50
23/2/18-15:30:39,845,338,474,50.90,25.90,2.10,7.00
23/2/18-15:31:40,844,303,477,50.00,25.90,2.60,10.90
23/2/18-15:32:41,845,307,468,49.00,25.90,2.10,9.40
23/2/18-15:33:42,845,348,508,49.80,25.90,2.20,8.90
23/2/18-15:34:43,845,380,506,48.50,25.90,2.10,7.80
23/2/18-15:35:44,845,377,479,51.00,25.90,2.30,7.40
23/2/18-15:36:45,844,369,496,50.10,25.90,2.40,8.40
23/2/18-15:37:46,844,380,495,51.80,26.00,2.50,15.10
23/2/18-15:38:47,845,388,516,51.20,26.00,2.10,5.70
23/2/18-15:39:48,845,366,495,51.40,26.00,2.50,5.40
23/2/18-15:40:49,845,398,524,50.60,26.00,2.20,11.40
23/2/18-15:41:50,844,385,494,52.50,26.00,3.00,9.70
23/2/18-15:42:51,844,366,495,50.50,26.10,2.10,6.60
23/2/18-15:43:52,845,330,492,50.00,26.00,2.00,7.20
23/2/18-15:44:53,845,354,496,49.30,25.90,2.20,6.60
23/2/18-15:45:54,845,308,471,51.10,26.00,2.40,13.40
23/2/18-15:46:55,845,334,476,49.70,25.90,2.40,13.20
23/2/18-15:47:56,844,323,484,50.50,25.90,2.20,5.30
23/2/18-15:48:57,845,321,477,50.90,25.90,2.60,6.80
23/2/18-15:49:58,845,321,488,49.90,25.90,2.30,8.10
23/2/18-15:50:59,845,303,470,49.50,25.90,2.20,7.40
23/2/18-15:52:0,845,299,469,50.30,25.90,2.50,8.50
23/2/18-15:53:1,845,305,480,49.60,25.80,2.40,8.00
23/2/18-15:54:2,845,333,476,49.10,25.90,2.70,11.90
23/2/18-15:55:3,845,352,491,49.50,25.90,2.80,15.30
23/2/18-15:56:4,846,339,492,50.30,25.90,2.60,10.00
23/2/18-15:57:5,845,362,500,51.30,25.90,2.30,9.40
23/2/18-15:58:6,845,329,466,52.10,25.90,2.50,7.60
23/2/18-15:59:7,845,336,498,50.20,25.90,2.80,13.00
23/2/18-16:0:8,845,391,491,50.70,25.90,6.40,24.30
23/2/18-16:1:9,846,351,471,49.90,25.90,3.30,15.50
23/2/18-16:2:10,844,290,471,50.00,25.90,2.90,12.00
23/2/18-16:3:11,845,340,497,51.30,25.80,2.70,12.30
23/2/18-16:4:12,845,389,541,51.00,25.80,3.20,16.40
23/2/18-16:5:13,845,357,472,50.70,25.80,5.50,19.20
23/2/18-16:6:14,845,339,482,52.00,25.90,2.30,9.30
23/2/18-16:7:15,845,358,494,52.20,25.80,2.40,11.60
23/2/18-16:8:16,845,361,486,52.20,25.80,2.30,11.30
23/2/18-16:9:17,845,383,500,52.40,25.80,4.10,15.60
23/2/18-16:10:18,844,360,487,53.40,25.70,2.90,13.50
23/2/18-16:11:19,845,340,476,52.70,25.70,2.30,10.40
23/2/18-16:12:20,846,368,495,52.10,25.70,3.80,13.20
23/2/18-16:13:21,845,361,535,52.50,25.70,2.70,11.90
23/2/18-16:14:22,845,404,547,52.20,25.70,2.50,16.90
23/2/18-16:15:23,844,422,529,52.40,25.70,3.50,15.70
23/2/18-16:16:24,845,396,494,52.70,25.70,4.50,21.30
23/2/18-16:17:24,846,389,484,52.90,25.70,2.20,11.40
23/2/18-16:18:25,845,405,511,53.30,25.70,3.00,13.30
23/2/18-16:19:26,845,408,500,53.70,25.70,2.20,12.00
23/2/18-16:20:27,845,390,492,53.00,25.70,2.50,11.60
23/2/18-16:21:28,845,379,492,51.90,25.70,2.50,8.30
23/2/18-16:22:29,845,341,476,51.40,25.70,2.20,7.80
23/2/18-16:23:30,845,351,498,51.70,25.60,2.10,7.90
23/2/18-16:24:31,845,366,490,53.20,25.60,2.70,12.60
23/2/18-16:25:32,846,360,501,52.20,25.70,3.40,16.60
23/2/18-16:26:33,844,377,485,51.50,25.60,2.40,11.30
23/2/18-16:27:34,846,343,470,50.70,25.60,2.60,10.60
23/2/18-16:28:35,845,351,494,53.10,25.60,3.20,22.90
23/2/18-16:29:36,846,329,470,53.20,25.60,4.20,46.30
23/2/18-16:30:37,846,339,472,53.70,25.50,4.30,40.20
23/2/18-16:31:38,845,302,466,53.50,25.40,4.70,39.40
23/2/18-16:32:39,845,265,458,54.20,25.30,3.90,29.30
23/2/18-16:33:40,845,295,464,54.90,25.20,3.50,24.80
23/2/18-16:34:41,846,335,495,56.10,25.10,3.30,19.90
23/2/18-16:35:42,845,340,472,55.90,25.00,4.10,34.10
23/2/18-16:36:43,845,353,490,57.10,25.00,3.00,16.50
23/2/18-16:37:44,845,365,554,56.30,24.90,3.90,28.90
23/2/18-16:38:45,845,355,477,56.60,24.90,3.70,29.90
23/2/18-16:39:46,846,319,469,56.80,24.90,4.00,32.40
23/2/18-16:40:47,846,339,476,57.30,24.90,4.00,34.00
23/2/18-16:41:48,846,357,485,59.10,24.90,5.20,44.70
23/2/18-16:42:49,845,361,474,58.50,24.90,4.20,28.90
23/2/18-16:43:50,846,389,509,58.10,24.90,3.80,25.90
23/2/18-16:44:51,845,380,499,58.80,24.90,3.50,21.60
23/2/18-16:45:52,846,359,480,58.10,24.90,4.10,29.60
23/2/18-16:46:53,847,341,471,60.90,24.90,4.10,30.10
23/2/18-16:47:54,846,337,467,60.60,24.80,3.70,21.40
23/2/18-16:48:55,846,336,475,61.70,24.80,4.60,26.10
23/2/18-16:49:56,846,357,491,63.00,24.80,3.60,23.50
23/2/18-16:50:57,846,330,468,61.10,24.80,3.30,22.60
23/2/18-16:51:58,845,330,479,61.90,24.70,3.90,21.70
23/2/18-16:52:59,846,332,472,63.40,24.60,3.20,16.10
23/2/18-16:54:0,846,333,474,63.70,24.50,3.10,13.70
23/2/18-16:55:1,846,363,470,65.00,24.50,3.20,11.50
23/2/18-16:56:2,846,352,475,65.80,24.40,3.50,19.10
23/2/18-16:57:3,846,364,467,65.70,24.40,4.20,19.00
23/2/18-16:58:4,845,355,471,64.80,24.40,3.20,15.00
23/2/18-16:59:5,846,378,489,67.40,24.40,3.20,17.50
23/2/18-17:0:6,845,369,472,67.60,24.50,2.90,11.00
23/2/18-17:1:7,845,338,460,66.50,24.50,2.80,11.30
23/2/18-17:2:8,845,335,465,67.30,24.40,2.60,15.10
23/2/18-17:3:9,845,340,466,66.50,24.50,2.60,10.80
23/2/18-17:4:10,845,349,475,66.10,24.50,2.80,13.10
23/2/18-17:5:11,846,336,467,65.40,24.50,2.40,9.40
23/2/18-17:6:12,845,327,465,64.30,24.40,3.20,12.30
23/2/18-17:7:13,845,337,470,65.60,24.30,2.90,11.30
23/2/18-17:8:13,846,334,460,65.30,24.30,3.00,14.70
23/2/18-17:9:14,846,306,452,66.60,24.30,2.60,10.70
23/2/18-17:10:15,846,294,458,64.20,24.20,2.40,9.70
23/2/18-17:11:16,846,313,460,65.20,24.20,2.90,9.10
23/2/18-17:12:17,846,329,472,64.20,24.20,1.90,10.10
23/2/18-17:13:18,846,341,473,62.70,24.20,2.20,14.00
23/2/18-17:14:19,846,325,475,61.90,24.20,1.90,11.30
23/2/18-17:15:20,847,312,466,61.80,24.20,2.20,12.20
23/2/18-17:16:21,846,346,494,62.00,24.10,1.90,7.90
23/2/18-17:17:22,845,328,463,63.20,24.10,2.80,7.40
23/2/18-17:18:23,846,329,462,63.80,24.10,1.90,8.20
23/2/18-17:19:24,846,318,464,63.10,24.10,2.40,9.30
23/2/18-17:20:25,846,324,458,63.50,24.10,2.30,10.80
23/2/18-17:21:26,846,321,462,64.70,24.10,2.10,10.10
23/2/18-17:22:27,846,349,462,64.80,24.10,12.20,189.40
23/2/18-17:23:28,846,320,463,64.20,24.10,4.80,51.60
23/2/18-17:24:29,846,325,464,63.40,24.10,2.40,7.80
23/2/18-17:25:30,846,322,464,63.80,24.10,2.20,11.10
23/2/18-17:26:31,846,346,468,63.60,24.10,2.20,10.10
23/2/18-17:27:32,846,332,459,63.60,24.20,2.40,8.80
23/2/18-17:28:33,847,338,475,63.00,24.20,2.70,13.30
23/2/18-17:29:34,846,323,457,62.10,24.10,2.40,14.00
23/2/18-17:30:35,846,317,465,63.40,24.10,2.10,7.50
23/2/18-17:31:36,846,349,493,64.90,24.10,2.20,6.80
23/2/18-17:32:37,846,356,486,64.50,24.00,2.40,13.10
23/2/18-17:33:38,846,336,464,65.20,24.00,2.50,10.30
23/2/18-17:34:39,846,349,460,65.30,24.00,2.20,9.60
23/2/18-17:35:40,846,344,458,65.80,24.00,3.30,14.30
23/2/18-17:36:41,847,316,464,65.60,24.00,2.70,10.60
23/2/18-17:37:42,846,300,454,66.40,23.90,3.00,12.70
23/2/18-17:38:43,846,292,454,66.10,23.90,2.30,6.80
23/2/18-17:39:44,846,327,458,66.70,23.90,2.90,13.20
23/2/18-17:40:45,846,338,464,66.00,23.90,2.70,15.90
23/2/18-17:41:46,846,341,476,67.50,23.90,3.20,14.80
23/2/18-17:42:47,845,326,462,66.70,23.80,2.90,13.90
23/2/18-17:43:48,847,345,464,67.10,23.80,2.90,12.10
23/2/18-17:44:49,846,366,471,67.10,23.80,2.60,13.80
23/2/18-17:45:50,846,358,470,66.40,23.80,3.00,17.00
23/2/18-17:46:51,846,349,464,66.60,23.90,3.00,12.90
23/2/18-17:47:52,846,339,460,65.70,23.90,3.10,12.20
23/2/18-17:48:53,847,370,494,66.80,23.80,3.50,14.80
23/2/18-17:49:54,846,374,473,66.60,23.80,3.30,12.90
23/2/18-17:50:55,846,367,467,67.70,23.80,2.60,11.30
23/2/18-17:51:56,846,370,467,67.40,23.80,2.90,11.80
23/2/18-17:52:57,846,342,459,67.70,23.80,2.80,10.80
23/2/18-17:53:58,846,333,461,67.00,23.80,3.10,23.70
23/2/18-17:54:59,846,323,449,65.30,23.80,2.60,18.80
23/2/18-17:56:0,846,335,469,65.40,23.80,2.30,12.00
23/2/18-17:57:0,847,333,463,64.20,23.70,2.60,26.20
23/2/18-17:58:1,846,343,454,63.80,23.70,2.30,19.00
23/2/18-17:59:2,846,342,465,65.50,23.70,3.50,36.20
23/2/18-18:0:3,846,343,474,65.00,23.70,2.80,16.70
23/2/18-18:1:4,846,342,460,65.30,23.60,2.40,26.10
23/2/18-18:2:5,847,342,476,65.50,23.50,2.20,20.50
23/2/18-18:3:6,846,342,459,65.80,23.50,2.00,14.00
23/2/18-18:4:7,846,333,460,64.80,23.50,3.10,34.60
23/2/18-18:5:8,847,315,459,64.30,23.40,7.10,106.10
23/2/18-18:6:9,846,320,454,64.50,23.40,2.50,17.90
23/2/18-18:7:10,846,344,481,63.30,23.40,1.60,9.60
23/2/18-18:8:11,846,335,462,64.20,23.40,2.60,29.70
23/2/18-18:9:12,846,339,476,64.80,23.30,1.60,5.70
23/2/18-18:10:13,846,348,476,65.50,23.30,1.80,9.30
23/2/18-18:11:14,846,362,467,65.40,23.20,1.30,5.90
23/2/18-18:12:15,846,351,477,65.40,23.20,1.70,8.40
23/2/18-18:13:16,846,352,461,65.30,23.20,2.10,8.00
23/2/18-18:14:17,846,341,455,64.60,23.20,2.40,14.70
23/2/18-18:15:18,846,335,458,64.10,23.20,1.60,8.20
23/2/18-18:16:19,846,333,451,64.90,23.20,2.40,7.10
23/2/18-18:17:20,848,334,487,63.80,23.20,2.20,10.00
23/2/18-18:18:21,847,331,451,63.50,23.10,2.30,11.30
23/2/18-18:19:22,846,352,466,66.20,23.00,1.80,7.70
23/2/18-18:20:23,847,357,467,65.40,23.00,2.10,6.20
23/2/18-18:21:24,847,319,447,66.20,23.00,2.90,28.00
23/2/18-18:22:25,847,310,452,65.20,22.90,2.30,16.00
23/2/18-18:23:26,846,320,450,65.40,22.80,1.90,8.70
23/2/18-18:24:27,846,321,473,65.90,22.80,2.50,12.70
23/2/18-18:25:28,847,292,452,66.00,22.70,2.00,7.90
23/2/18-18:26:29,846,309,452,66.50,22.70,2.20,19.90
23/2/18-18:27:30,847,303,457,66.50,22.70,1.80,7.50
23/2/18-18:28:31,846,324,463,66.20,22.70,2.00,8.30
23/2/18-18:29:32,847,325,464,66.60,22.70,2.30,7.50
23/2/18-18:30:33,846,314,451,66.30,22.60,1.90,6.90
23/2/18-18:31:34,846,300,448,67.10,22.60,2.10,15.00
23/2/18-18:32:35,846,283,441,66.80,22.60,1.70,9.60
23/2/18-18:33:36,846,277,452,66.90,22.50,2.00,10.80
23/2/18-18:34:37,847,283,461,68.10,22.40,1.80,6.70
23/2/18-18:35:38,847,287,447,68.10,22.30,1.60,8.10
23/2/18-18:36:39,846,289,445,68.30,22.30,1.70,6.00
23/2/18-18:37:40,846,294,452,68.80,22.20,3.00,27.70
23/2/18-18:38:41,847,307,456,69.30,22.10,1.90,7.20
23/2/18-18:39:42,847,330,462,68.40,22.10,2.10,6.50
23/2/18-18:40:43,847,305,447,69.10,22.10,2.00,5.10
23/2/18-18:41:44,847,304,454,69.40,22.10,1.40,2.90
23/2/18-18:42:45,847,326,449,70.50,22.00,1.70,9.30
23/2/18-18:43:46,847,309,444,70.70,22.10,1.80,13.60
23/2/18-18:44:46,847,291,448,71.20,22.10,1.80,7.90
23/2/18-18:45:47,847,295,447,69.80,22.10,1.70,5.90
23/2/18-18:46:48,847,320,448,70.80,22.10,2.00,6.10
23/2/18-18:47:49,847,339,452,71.70,22.10,1.70,5.80
23/2/18-18:48:50,847,334,450,70.70,22.10,1.40,2.60
23/2/18-18:49:51,846,339,453,72.00,22.10,1.50,7.10
23/2/18-18:50:52,847,314,442,71.50,22.10,1.60,4.90
23/2/18-18:51:53,846,300,449,71.30,22.10,2.20,9.30
23/2/18-18:52:54,846,310,449,72.00,22.10,1.80,5.30
23/2/18-18:53:55,847,331,456,71.90,22.00,1.80,8.70
23/2/18-18:54:56,846,296,443,71.00,22.00,1.80,4.50
23/2/18-18:55:57,847,294,448,72.00,21.90,1.80,8.00
23/2/18-18:56:58,846,310,457,71.30,21.80,2.00,4.50
23/2/18-18:57:59,847,324,458,72.70,21.80,1.90,5.70
23/2/18-18:59:0,846,340,471,71.70,21.80,1.60,8.10
23/2/18-19:0:1,847,358,465,72.20,21.80,1.90,6.40
23/2/18-19:1:2,847,362,466,71.40,21.80,2.10,5.90
23/2/18-19:2:3,846,356,469,70.50,21.80,1.80,5.80
23/2/18-19:3:4,847,369,471,70.50,21.70,2.10,6.70
23/2/18-19:4:5,846,365,453,71.80,21.70,1.90,4.90
23/2/18-19:5:6,847,357,469,71.10,21.70,2.20,8.30
23/2/18-19:6:7,847,339,450,71.30,21.70,2.50,6.80
23/2/18-19:7:8,847,328,448,69.80,21.70,2.40,7.30
23/2/18-19:8:9,847,323,453,69.90,21.70,2.20,6.40
23/2/18-19:9:10,847,319,450,70.10,21.60,2.20,7.40
23/2/18-19:10:11,847,309,447,72.10,21.50,2.30,5.20
23/2/18-19:11:12,847,321,457,71.90,21.40,2.20,6.10
23/2/18-19:12:13,847,337,454,72.10,21.40,2.20,8.60
23/2/18-19:13:14,847,335,467,73.60,21.40,2.50,7.70
23/2/18-19:14:15,847,319,448,71.80,21.40,1.90,5.80
23/2/18-19:15:16,847,320,449,72.00,21.50,2.10,4.40
23/2/18-19:16:17,847,320,446,71.20,21.40,2.40,9.60
23/2/18-19:17:18,847,333,449,71.00,21.40,2.30,11.00
23/2/18-19:18:19,847,318,462,71.30,21.50,2.40,5.30
23/2/18-19:19:20,847,320,456,70.60,21.40,2.20,8.60
23/2/18-19:20:21,847,318,460,70.80,21.40,2.20,6.20
23/2/18-19:21:22,847,309,452,70.00,21.40,2.20,6.50
23/2/18-19:22:23,847,302,446,70.50,21.40,2.50,9.20
23/2/18-19:23:24,847,310,445,71.00,21.30,2.20,6.20
23/2/18-19:24:25,847,292,437,69.30,21.30,1.80,5.20
23/2/18-19:25:26,847,279,435,70.40,21.30,2.00,5.70
23/2/18-19:26:27,847,272,440,71.80,21.30,2.20,8.70
23/2/18-19:27:28,847,283,441,71.40,21.20,1.70,3.10
23/2/18-19:28:29,847,272,445,71.60,21.10,1.40,2.80
23/2/18-19:29:30,846,299,450,71.60,21.10,1.50,6.20
23/2/18-19:30:30,847,319,449,71.20,21.10,1.90,8.00
23/2/18-19:31:31,847,294,437,71.90,21.10,2.20,12.00
23/2/18-19:32:32,847,303,447,70.60,21.00,1.80,6.50
23/2/18-19:33:33,847,289,441,71.50,21.10,1.60,4.90
23/2/18-19:34:34,846,278,436,71.80,21.10,1.80,3.60
23/2/18-19:35:35,847,265,443,71.30,21.00,2.10,5.20
23/2/18-19:36:36,847,255,435,71.70,20.90,1.60,5.10
23/2/18-19:37:37,847,267,449,72.00,20.90,1.90,6.30
23/2/18-19:38:38,847,261,437,71.60,20.90,2.20,12.10
23/2/18-19:39:39,847,284,464,71.70,20.80,1.30,2.60
23/2/18-19:40:40,847,275,437,72.70,20.80,1.70,5.10
23/2/18-19:41:41,846,270,456,72.70,20.80,1.90,11.30
23/2/18-19:42:42,847,270,440,73.20,20.80,1.60,4.10
23/2/18-19:43:43,847,253,438,72.70,20.80,1.60,5.00
23/2/18-19:44:44,847,261,434,72.20,20.70,1.60,4.40
23/2/18-19:45:45,847,261,448,73.10,20.80,1.80,3.90
23/2/18-19:46:46,847,255,440,73.50,20.80,1.40,2.10
23/2/18-19:47:47,847,276,442,73.30,20.80,1.30,2.50
23/2/18-19:48:48,847,287,447,73.30,20.70,1.70,3.90
23/2/18-19:49:49,847,311,457,73.00,20.80,1.50,2.70
23/2/18-19:50:50,848,286,448,72.20,20.80,1.70,7.30
23/2/18-19:51:51,847,275,436,71.60,20.80,1.60,4.80
23/2/18-19:52:52,847,286,448,72.30,20.80,1.60,4.50
23/2/18-19:53:53,847,283,438,74.00,20.80,1.60,3.90
23/2/18-19:54:54,847,317,462,73.20,20.80,1.40,4.40
23/2/18-19:55:55,848,311,443,74.70,20.80,1.50,3.40
23/2/18-19:56:56,847,322,453,74.20,20.80,1.50,4.60
23/2/18-19:57:57,847,310,440,74.20,20.80,1.20,2.10
23/2/18-19:58:58,847,280,443,73.40,20.80,1.50,4.60
23/2/18-19:59:59,847,283,441,72.70,20.70,1.40,4.00
23/2/18-20:1:0,847,277,441,71.70,20.80,1.50,5.00
23/2/18-20:2:1,847,284,437,72.10,20.80,1.90,4.30
23/2/18-20:3:2,848,300,449,71.10,20.80,2.00,9.50
23/2/18-20:4:3,847,302,444,70.60,20.80,1.90,5.60
23/2/18-20:5:4,847,283,448,71.80,20.80,1.30,2.90
23/2/18-20:6:5,847,294,449,72.40,20.70,1.50,4.70
23/2/18-20:7:6,847,302,447,74.00,20.70,1.50,3.00
23/2/18-20:8:7,848,310,449,73.00,20.70,1.30,2.50
23/2/18-20:9:8,847,295,444,73.80,20.80,1.20,5.20
23/2/18-20:10:9,848,294,442,72.60,20.70,1.40,2.90
23/2/18-20:11:10,848,305,438,73.80,20.70,1.60,2.70
23/2/18-20:12:11,848,319,469,73.60,20.70,1.60,4.10
23/2/18-20:13:12,849,323,452,74.10,20.70,1.20,1.60
23/2/18-20:14:12,848,316,439,75.20,20.70,1.60,3.80
23/2/18-20:15:13,848,310,444,73.70,20.70,1.60,3.70
23/2/18-20:16:14,849,323,453,74.40,20.60,1.60,5.10
23/2/18-20:17:15,848,314,443,74.50,20.60,1.50,3.50
23/2/18-20:18:16,848,328,444,74.40,20.60,1.40,2.70
23/2/18-20:19:17,849,329,440,75.30,20.60,1.60,3.30
23/2/18-20:20:18,849,307,439,76.80,20.60,1.60,3.90
23/2/18-20:21:19,849,314,444,74.40,20.50,1.70,2.90
23/2/18-20:22:20,849,294,444,75.10,20.50,2.10,3.70
23/2/18-20:23:21,849,300,437,77.10,20.50,1.80,3.20
23/2/18-20:24:22,850,320,453,78.50,20.40,1.30,2.20
23/2/18-20:25:23,849,316,434,76.90,20.40,1.50,2.80
23/2/18-20:26:24,850,294,425,76.60,20.40,1.60,4.90
23/2/18-20:27:25,848,303,441,76.90,20.40,1.60,2.30
23/2/18-20:28:26,849,324,444,76.00,20.40,1.60,4.00
23/2/18-20:29:27,850,334,451,77.40,20.40,1.80,3.70
23/2/18-20:30:28,847,332,449,77.70,20.40,1.40,1.50
23/2/18-20:31:29,848,320,445,76.70,20.40,1.60,4.50
23/2/18-20:32:30,848,295,438,77.00,20.40,1.60,3.70
23/2/18-20:33:31,847,297,435,75.70,20.30,1.60,3.80
23/2/18-20:34:32,848,299,447,74.50,20.30,1.80,4.80
23/2/18-20:35:33,849,321,450,76.20,20.30,1.60,3.20
23/2/18-20:36:34,851,300,435,78.00,20.30,1.80,4.90
23/2/18-20:37:35,851,321,457,77.80,20.30,1.40,1.70
23/2/18-20:38:36,847,296,436,77.30,20.40,1.60,6.20
23/2/18-20:39:37,848,282,436,77.40,20.30,1.60,3.20
23/2/18-20:40:38,848,289,434,76.30,20.30,1.50,2.70
23/2/18-20:41:39,849,297,438,77.40,20.30,1.40,2.00
23/2/18-20:42:40,848,311,447,77.40,20.30,1.40,1.70
23/2/18-20:43:41,848,319,441,76.30,20.30,1.60,4.80
23/2/18-20:44:42,849,327,439,77.00,20.40,1.90,4.50
23/2/18-20:45:43,849,321,438,76.40,20.40,1.40,3.80
23/2/18-20:46:44,851,334,459,76.80,20.30,1.60,6.60
23/2/18-20:47:45,847,333,451,76.30,20.30,1.90,4.80
23/2/18-20:48:46,851,359,449,76.50,20.40,2.10,3.60
23/2/18-20:49:47,851,324,433,77.20,20.40,1.60,3.30
23/2/18-20:50:48,846,309,437,77.30,20.30,1.90,5.10
23/2/18-20:51:49,846,306,444,76.40,20.30,1.80,3.70
23/2/18-20:52:50,847,302,437,102.00,20.30,1.90,5.10
23/2/18-20:53:51,847,315,454,75.30,20.30,1.80,3.10
23/2/18-20:54:52,848,308,439,77.80,20.30,1.80,6.10
23/2/18-20:55:53,847,297,441,76.90,20.20,1.80,4.20
23/2/18-20:56:54,848,314,446,76.60,20.20,1.80,4.60
23/2/18-20:57:55,848,303,437,76.80,20.20,1.60,2.00
23/2/18-20:58:55,848,297,443,77.20,20.20,1.80,2.30
23/2/18-20:59:56,848,297,434,77.00,20.20,1.80,4.40
23/2/18-21:0:57,848,300,441,78.30,20.10,1.70,2.80
23/2/18-21:1:58,849,295,436,76.80,20.20,1.70,2.30
23/2/18-21:2:59,848,268,424,77.70,20.10,1.90,3.60
23/2/18-21:4:0,848,260,436,76.40,20.10,1.70,3.20
23/2/18-21:5:1,847,269,439,77.10,20.00,1.80,5.80
23/2/18-21:6:2,848,290,440,77.50,20.00,1.60,2.30
23/2/18-21:7:3,848,284,438,78.90,20.10,1.60,4.80
23/2/18-21:8:4,848,299,441,78.20,20.00,1.70,2.80
23/2/18-21:9:5,847,307,446,78.30,20.00,1.90,2.70
23/2/18-21:10:6,848,308,446,78.00,20.00,1.90,5.00
23/2/18-21:11:7,848,314,454,79.10,20.00,2.60,8.70
23/2/18-21:12:8,848,311,438,78.70,20.00,2.40,10.10
23/2/18-21:13:9,848,315,444,78.60,20.00,2.60,7.90
23/2/18-21:14:10,847,321,450,79.60,20.00,2.70,12.70
23/2/18-21:15:11,847,333,460,79.00,20.00,1.90,3.40
23/2/18-21:16:12,848,340,470,78.00,20.00,1.60,3.90
23/2/18-21:17:13,848,320,442,79.00,19.90,1.80,3.60
23/2/18-21:18:14,847,324,449,78.10,20.00,1.60,2.50
23/2/18-21:19:15,848,318,437,80.50,19.90,1.80,3.90
23/2/18-21:20:16,848,311,435,81.40,19.90,1.70,4.60
23/2/18-21:21:17,848,307,442,79.70,19.90,1.90,4.00
23/2/18-21:22:18,848,304,436,79.00,19.80,2.10,4.40
23/2/18-21:23:19,848,302,440,80.30,19.80,2.20,5.40
23/2/18-21:24:20,848,302,441,82.10,19.80,1.90,4.50
23/2/18-21:25:21,848,305,466,83.80,19.80,2.20,4.10
23/2/18-21:26:22,848,312,440,80.70,19.70,1.60,2.00
23/2/18-21:27:23,848,313,433,81.30,19.70,1.70,3.20
23/2/18-21:28:24,848,318,442,80.90,19.70,2.10,5.20
23/2/18-21:29:25,848,334,462,81.80,19.70,2.10,3.90
23/2/18-21:30:26,848,329,437,80.60,19.70,2.00,4.40
23/2/18-21:31:27,848,304,431,82.10,19.70,1.70,2.30
23/2/18-21:32:28,848,316,440,81.20,19.70,2.30,5.30
23/2/18-21:33:29,848,324,438,81.20,19.70,2.30,4.30
23/2/18-21:34:30,847,311,434,82.70,19.70,2.00,2.50
23/2/18-21:35:31,848,308,449,80.70,19.60,2.20,3.40
23/2/18-21:36:32,848,318,444,82.20,19.60,2.20,6.70
23/2/18-21:37:33,848,326,446,82.00,19.60,2.10,4.10
23/2/18-21:38:34,848,323,443,80.90,19.60,2.00,5.00
23/2/18-21:39:35,848,341,446,81.00,19.60,2.20,3.70
23/2/18-21:40:36,848,343,453,82.40,19.60,2.10,2.80
23/2/18-21:41:37,848,343,448,82.80,19.60,2.30,3.30
23/2/18-21:42:37,848,327,440,80.70,19.60,2.30,4.30
23/2/18-21:43:38,848,334,454,81.70,19.60,2.30,3.00
23/2/18-21:44:39,848,344,443,81.50,19.60,2.50,3.50
23/2/18-21:45:40,848,349,446,81.30,19.60,2.40,3.40
23/2/18-21:46:41,849,338,440,82.60,19.60,2.30,2.70
23/2/18-21:47:42,848,320,437,82.20,19.60,2.30,3.70
23/2/18-21:48:43,848,306,432,80.10,19.60,2.30,5.10
23/2/18-21:49:44,848,298,435,79.10,19.60,1.90,2.10
23/2/18-21:50:45,848,292,445,79.50,19.50,2.00,4.50
23/2/18-21:51:46,849,316,444,82.20,19.50,1.80,2.60
23/2/18-21:52:47,848,293,429,82.50,19.50,1.90,4.10
23/2/18-21:53:48,848,317,440,82.60,19.40,1.60,2.70
23/2/18-21:54:49,849,327,448,80.30,19.40,1.70,2.90
23/2/18-21:55:50,849,326,437,81.80,19.40,1.90,3.90
23/2/18-21:56:51,848,315,438,82.00,19.40,1.90,4.40
23/2/18-21:57:52,848,309,435,80.50,19.40,2.20,4.30
23/2/18-21:58:53,848,320,439,82.90,19.50,1.90,4.10
23/2/18-21:59:54,848,323,436,82.10,19.50,1.60,2.20
23/2/18-22:0:55,848,352,446,83.90,19.50,1.90,5.20
23/2/18-22:1:56,848,338,439,83.70,19.50,1.80,3.00
23/2/18-22:2:57,848,337,441,81.60,19.50,1.70,3.90
23/2/18-22:3:58,848,341,445,83.80,19.50,1.90,4.30
23/2/18-22:4:59,848,335,437,81.10,19.50,1.80,3.00
23/2/18-22:6:0,848,351,446,81.40,19.50,2.30,4.10
23/2/18-22:7:1,848,343,440,82.70,19.60,2.40,9.50
23/2/18-22:8:2,848,351,446,82.60,19.60,2.00,5.40
23/2/18-22:9:3,848,337,445,83.70,19.60,2.40,3.10
23/2/18-22:10:4,848,327,442,80.70,19.60,2.60,5.20
23/2/18-22:11:5,848,347,453,81.50,19.60,2.10,5.20
23/2/18-22:12:6,848,349,448,81.80,19.60,2.50,4.20
23/2/18-22:13:7,848,349,451,81.50,19.60,2.80,4.80
23/2/18-22:14:8,848,349,447,81.50,19.60,2.30,4.40
23/2/18-22:15:9,848,341,439,80.90,19.60,3.20,8.10
23/2/18-22:16:10,852,347,449,81.90,19.60,4.20,6.70
23/2/18-22:17:11,853,357,446,81.80,19.50,3.70,4.70
23/2/18-22:18:12,853,340,435,82.40,19.50,4.30,7.00
23/2/18-22:19:13,853,339,452,83.50,19.50,3.70,6.40
23/2/18-22:20:14,850,330,444,81.60,19.50,4.00,6.20
23/2/18-22:21:15,849,318,436,83.20,19.50,3.60,4.70
23/2/18-22:22:16,849,320,440,82.20,19.40,4.30,5.70
23/2/18-22:23:17,850,336,447,83.30,19.40,4.20,5.60
23/2/18-22:24:18,848,325,438,84.80,19.40,4.50,7.20
23/2/18-22:25:19,850,331,441,84.00,19.30,4.30,8.20
23/2/18-22:26:19,849,334,441,82.90,19.30,4.30,5.10
23/2/18-22:27:20,850,354,450,82.90,19.30,4.00,6.50
23/2/18-22:28:21,850,364,446,83.00,19.40,5.00,8.30
23/2/18-22:29:22,849,353,438,82.30,19.40,4.20,8.10
23/2/18-22:30:23,852,353,441,82.90,19.40,3.90,5.60
23/2/18-22:31:24,849,363,454,83.40,19.40,6.30,10.90
23/2/18-22:32:25,849,373,450,83.30,19.40,6.20,8.30
23/2/18-22:33:26,849,381,458,83.50,19.50,5.00,7.20
23/2/18-22:34:27,849,381,448,82.80,19.50,4.40,5.60
23/2/18-22:35:28,850,379,455,83.10,19.50,4.80,6.20
23/2/18-22:36:29,851,375,452,82.50,19.50,3.80,9.80
23/2/18-22:37:30,852,373,449,81.60,19.50,3.70,6.10
23/2/18-22:38:31,850,378,449,81.40,19.50,2.90,3.80
23/2/18-22:39:32,850,370,441,81.40,19.60,3.90,8.00
23/2/18-22:40:33,850,366,446,81.50,19.50,3.50,5.30
23/2/18-22:41:34,850,366,445,81.60,19.60,4.00,5.60
23/2/18-22:42:35,850,368,453,81.70,19.60,3.50,6.10
23/2/18-22:43:36,850,373,451,81.50,19.60,2.70,4.40
23/2/18-22:44:37,850,382,451,79.80,19.60,2.60,3.30
23/2/18-22:45:38,851,374,446,81.90,19.60,2.20,2.60
23/2/18-22:46:39,852,364,439,81.60,19.60,1.90,2.40
23/2/18-22:47:40,852,364,443,80.90,19.60,2.40,2.60
23/2/18-22:48:41,852,374,444,80.80,19.60,2.20,3.60
23/2/18-22:49:42,850,358,441,80.70,19.60,2.00,5.40
23/2/18-22:50:43,850,361,440,80.80,19.50,2.70,4.40
23/2/18-22:51:44,849,366,448,80.40,19.50,3.10,7.00
23/2/18-22:52:45,849,369,452,80.90,19.50,3.20,4.80
23/2/18-22:53:46,849,367,450,80.80,19.50,3.70,6.30
23/2/18-22:54:47,849,355,437,82.60,19.50,4.10,6.30
23/2/18-22:55:48,849,348,443,81.50,19.50,3.50,5.80
23/2/18-22:56:49,849,350,434,80.60,19.50,3.30,6.50
23/2/18-22:57:50,850,371,464,81.70,19.50,3.00,3.30
23/2/18-22:58:51,849,379,456,81.00,19.50,3.60,4.00
23/2/18-22:59:52,850,356,440,81.40,19.50,3.50,4.70
23/2/18-23:0:53,849,360,447,80.60,19.50,3.50,4.50
23/2/18-23:1:54,850,337,440,80.30,19.50,3.20,4.40
23/2/18-23:2:55,849,325,445,81.40,19.40,3.00,4.30
23/2/18-23:3:56,849,344,435,79.20,19.40,3.00,4.50
23/2/18-23:4:57,851,353,444,79.40,19.40,2.90,4.60
23/2/18-23:5:58,850,361,449,81.30,19.40,2.50,4.20
23/2/18-23:6:59,850,348,434,79.90,19.40,3.20,4.00
23/2/18-23:8:0,850,350,434,79.70,19.30,4.30,5.90
23/2/18-23:9:1,850,347,449,79.70,19.40,3.20,4.40
23/2/18-23:10:1,849,359,446,80.10,19.30,2.70,3.20
23/2/18-23:11:2,849,354,447,82.00,19.30,2.30,2.90
23/2/18-23:12:3,850,353,452,82.60,19.30,2.20,3.70
23/2/18-23:13:4,849,352,453,79.10,19.30,2.00,2.60
23/2/18-23:14:5,849,331,437,80.90,19.30,2.50,3.30
23/2/18-23:15:6,849,328,440,82.70,19.30,1.30,2.40
23/2/18-23:16:7,850,333,437,83.40,19.30,1.70,2.90
23/2/18-23:17:8,850,330,434,80.70,19.30,1.70,3.70
23/2/18-23:18:9,851,346,451,83.60,19.30,1.10,1.20
23/2/18-23:19:10,854,344,432,83.00,19.30,1.20,1.30
23/2/18-23:20:11,852,333,438,83.20,19.30,1.70,1.80
23/2/18-23:21:12,852,345,455,81.70,19.30,1.30,2.00
23/2/18-23:22:13,851,347,437,84.30,19.30,0.90,0.90
23/2/18-23:23:14,854,335,432,81.60,19.30,1.10,1.30
23/2/18-23:24:15,853,310,433,79.40,19.20,1.10,2.40
23/2/18-23:25:16,853,309,429,81.10,19.20,1.10,1.20
23/2/18-23:26:17,853,298,424,81.20,19.20,1.10,1.70
23/2/18-23:27:18,853,311,445,83.20,19.10,1.20,1.60
23/2/18-23:28:19,852,326,440,81.90,19.10,1.10,2.00
23/2/18-23:29:20,852,320,433,84.90,19.10,1.20,3.10
23/2/18-23:30:21,852,327,438,81.00,19.10,0.90,1.20
23/2/18-23:31:22,852,349,438,83.30,19.10,1.30,2.30
23/2/18-23:32:23,850,335,435,83.10,19.10,1.00,1.90
23/2/18-23:33:24,850,345,438,84.20,19.10,1.10,1.20
23/2/18-23:34:25,850,336,439,83.50,19.10,1.30,1.70
23/2/18-23:35:26,851,346,438,79.80,19.10,1.30,2.20
23/2/18-23:36:27,850,348,437,83.20,19.10,1.20,2.40
23/2/18-23:37:28,850,345,439,82.30,19.10,1.20,2.30
23/2/18-23:38:29,850,344,437,79.70,19.10,1.20,1.40
23/2/18-23:39:30,851,361,448,81.90,19.10,1.20,1.50
23/2/18-23:40:31,851,351,436,85.20,19.10,1.40,2.20
23/2/18-23:41:32,852,336,435,81.90,19.10,1.00,1.20
23/2/18-23:42:33,852,335,439,80.60,19.10,1.10,2.10
23/2/18-23:43:34,852,321,435,83.10,19.10,1.20,3.40
23/2/18-23:44:35,852,323,436,82.30,19.10,0.90,1.40
23/2/18-23:45:36,854,307,425,82.30,19.10,1.00,1.00
23/2/18-23:46:37,853,301,449,87.30,19.10,1.10,1.50
23/2/18-23:47:38,853,302,429,79.00,19.10,1.60,2.30
23/2/18-23:48:39,853,297,424,82.90,19.10,1.40,2.80
23/2/18-23:49:40,854,306,427,84.20,19.10,1.30,2.30
23/2/18-23:50:41,853,304,428,82.40,19.00,1.30,3.30
23/2/18-23:51:42,853,306,432,84.40,19.00,1.20,1.30
23/2/18-23:52:42,853,343,464,85.30,19.00,1.20,1.30
23/2/18-23:53:43,853,363,450,85.80,19.10,1.20,1.30
23/2/18-23:54:44,853,359,443,80.40,19.10,1.30,1.90
23/2/18-23:55:45,854,339,429,83.40,19.10,1.20,1.70
23/2/18-23:56:46,853,321,434,84.20,19.10,1.30,1.40
23/2/18-23:57:47,852,333,432,83.80,19.10,1.20,1.80
23/2/18-23:58:48,852,344,457,87.60,19.10,1.10,1.40
23/2/18-23:59:49,853,348,442,82.50,19.10,1.00,1.30
