Hora,O3,NO2,CO,Humedad,Temperatura,P25,P10
24/2/18-0:0:50,854,333,430,84.80,19.10,0.80,1.40
24/2/18-0:1:51,853,331,441,84.80,19.10,1.10,1.20
24/2/18-0:2:52,853,352,458,82.90,19.10,1.10,1.30
24/2/18-0:3:53,853,338,427,86.40,19.10,1.00,1.80
24/2/18-0:4:54,853,341,435,86.80,19.10,1.20,4.40
24/2/18-0:5:55,852,343,432,85.40,19.10,1.10,1.20
24/2/18-0:6:56,852,336,433,86.00,19.10,1.10,1.50
24/2/18-0:7:57,852,330,427,85.10,19.10,1.00,1.60
24/2/18-0:8:58,853,330,441,82.30,19.10,1.00,1.80
24/2/18-0:9:59,853,352,454,79.70,19.10,0.90,1.00
24/2/18-0:11:0,853,361,448,80.20,19.10,0.80,0.80
24/2/18-0:12:1,851,371,447,81.70,19.20,0.80,0.90
24/2/18-0:13:2,853,366,445,84.00,19.20,0.70,1.20
24/2/18-0:14:3,852,365,433,80.40,19.20,0.80,0.80
24/2/18-0:15:4,853,360,443,80.30,19.20,0.80,1.00
24/2/18-0:16:5,852,367,443,83.70,19.20,0.70,0.70
24/2/18-0:17:6,853,359,436,80.00,19.20,1.00,1.10
24/2/18-0:18:7,853,334,430,81.00,19.20,0.90,2.40
24/2/18-0:19:8,851,337,438,80.50,19.10,0.80,1.10
24/2/18-0:20:9,853,327,426,82.30,19.20,0.80,2.10
24/2/18-0:21:10,853,352,447,84.20,19.10,0.60,0.70
24/2/18-0:22:11,852,353,440,84.30,19.20,0.60,1.40
24/2/18-0:23:12,852,354,437,85.70,19.20,0.50,0.60
24/2/18-0:24:13,852,351,434,84.00,19.20,0.60,0.90
24/2/18-0:25:14,852,329,428,83.30,19.10,0.60,0.60
24/2/18-0:26:15,852,319,430,84.10,19.10,0.70,0.70
24/2/18-0:27:16,853,315,433,83.50,19.10,0.60,1.70
24/2/18-0:28:17,853,327,435,83.60,19.00,0.60,1.20
24/2/18-0:29:18,853,302,420,81.30,19.00,0.80,0.90
24/2/18-0:30:19,853,288,422,84.50,18.90,0.60,0.80
24/2/18-0:31:20,853,296,434,83.50,18.90,0.80,1.70
24/2/18-0:32:21,853,317,451,83.70,18.90,0.70,1.80
24/2/18-0:33:22,853,320,433,79.70,18.90,0.60,0.60
24/2/18-0:34:23,851,311,431,83.10,18.90,0.50,0.80
24/2/18-0:35:24,851,313,430,84.10,18.90,0.60,1.00
24/2/18-0:36:24,851,319,446,80.30,18.90,0.90,1.40
24/2/18-0:37:25,852,309,420,83.50,18.90,0.60,1.30
24/2/18-0:38:26,853,306,422,82.30,18.90,0.40,0.50
24/2/18-0:39:27,853,307,427,82.00,18.80,0.70,0.70
24/2/18-0:40:28,853,311,428,81.60,18.90,0.60,0.60
24/2/18-0:41:29,853,326,443,81.30,18.80,0.70,1.70
24/2/18-0:42:30,853,336,430,83.80,18.90,0.40,0.90
24/2/18-0:43:31,853,337,424,79.70,18.90,0.70,1.10
24/2/18-0:44:32,853,320,420,79.80,18.90,0.70,1.20
24/2/18-0:45:33,853,334,437,78.00,18.90,0.80,1.70
24/2/18-0:46:34,854,315,416,78.20,18.90,0.60,0.80
24/2/18-0:47:35,853,293,420,77.20,18.80,0.60,0.60
24/2/18-0:48:36,853,273,415,77.20,18.80,0.50,0.50
24/2/18-0:49:37,855,271,418,80.80,18.80,0.40,0.90
24/2/18-0:50:38,853,273,425,78.70,18.70,0.60,1.50
24/2/18-0:51:39,854,265,418,81.90,18.70,0.60,0.80
24/2/18-0:52:40,853,272,418,76.70,18.80,0.50,0.50
24/2/18-0:53:41,854,280,430,81.00,18.70,0.70,2.50
24/2/18-0:54:42,854,303,432,80.00,18.80,0.90,3.10
24/2/18-0:55:43,853,306,423,79.40,18.80,0.70,3.90
24/2/18-0:56:44,854,299,425,75.70,18.80,0.70,1.50
24/2/18-0:57:45,853,315,435,77.40,18.80,0.50,1.20
24/2/18-0:58:46,853,285,417,80.10,18.80,0.50,1.80
24/2/18-0:59:47,853,275,419,77.40,18.70,0.50,0.70
24/2/18-1:0:48,853,296,434,76.70,18.70,0.90,1.50
24/2/18-1:1:49,853,288,420,76.20,18.70,0.60,2.60
24/2/18-1:2:50,853,281,430,77.20,18.70,0.50,0.70
24/2/18-1:3:51,854,266,425,77.80,18.70,0.50,3.50
24/2/18-1:4:52,853,271,427,77.40,18.70,0.50,1.20
24/2/18-1:5:53,853,276,421,76.90,18.70,0.30,1.70
24/2/18-1:6:54,854,293,450,76.50,18.60,0.30,0.30
24/2/18-1:7:55,852,276,423,77.00,18.70,0.50,0.60
24/2/18-1:8:56,854,289,427,78.40,18.60,0.40,1.10
24/2/18-1:9:57,854,315,433,79.40,18.60,0.40,1.10
24/2/18-1:10:58,853,279,421,76.50,18.70,0.60,0.80
24/2/18-1:11:59,854,261,415,75.40,18.60,0.50,0.90
24/2/18-1:13:0,854,241,411,75.20,18.60,0.40,0.40
24/2/18-1:14:1,853,256,435,75.20,18.60,0.60,4.20
24/2/18-1:15:2,852,276,426,76.30,18.50,0.40,1.60
24/2/18-1:16:3,853,279,417,76.00,18.60,0.50,0.90
24/2/18-1:17:4,852,241,422,75.70,18.60,0.30,0.50
24/2/18-1:18:5,853,263,434,77.00,18.50,0.20,0.20
24/2/18-1:19:5,852,261,424,78.00,18.40,0.50,1.40
24/2/18-1:20:6,852,285,433,78.60,18.50,0.70,1.50
24/2/18-1:21:7,852,290,417,77.40,18.50,0.60,0.70
24/2/18-1:22:8,852,264,423,77.50,18.50,0.60,1.20
24/2/18-1:23:9,852,288,442,77.70,18.50,0.60,1.00
24/2/18-1:24:10,852,302,435,78.40,18.60,0.70,1.10
24/2/18-1:25:11,852,297,429,76.80,18.60,0.70,1.50
24/2/18-1:26:12,852,295,436,77.00,18.60,0.40,0.50
24/2/18-1:27:13,852,284,425,76.10,18.60,0.30,0.30
24/2/18-1:28:14,852,262,426,76.70,18.60,0.50,0.60
24/2/18-1:29:15,852,258,415,76.40,18.60,0.60,2.40
24/2/18-1:30:16,852,271,423,77.90,18.60,0.50,0.50
24/2/18-1:31:17,853,278,429,77.20,18.70,0.50,0.80
24/2/18-1:32:18,852,265,429,79.20,18.70,0.60,1.40
24/2/18-1:33:19,852,271,419,77.50,18.60,0.60,0.60
24/2/18-1:34:20,854,258,421,77.00,18.70,0.70,0.70
24/2/18-1:35:21,854,245,416,76.70,18.60,0.50,2.20
24/2/18-1:36:22,853,256,420,78.30,18.60,0.60,0.80
24/2/18-1:37:23,852,241,428,76.80,18.60,0.50,1.90
24/2/18-1:38:24,852,260,425,75.80,18.60,0.60,0.70
24/2/18-1:39:25,852,252,419,74.90,18.60,0.60,1.00
24/2/18-1:40:26,852,278,436,75.90,18.60,0.90,2.30
24/2/18-1:41:27,852,282,429,76.50,18.60,0.40,0.40
24/2/18-1:42:28,851,281,426,76.30,18.50,0.70,2.30
24/2/18-1:43:29,852,282,433,75.30,18.60,0.60,1.40
24/2/18-1:44:30,852,286,425,76.40,18.60,0.70,1.00
24/2/18-1:45:31,851,282,426,77.70,18.60,0.80,1.30
24/2/18-1:46:32,851,284,430,76.50,18.60,0.40,0.70
24/2/18-1:47:33,852,277,423,77.30,18.60,0.60,1.10
24/2/18-1:48:34,852,285,439,76.80,18.60,0.50,2.30
24/2/18-1:49:35,852,266,423,75.70,18.60,0.80,1.10
24/2/18-1:50:36,852,252,417,76.10,18.60,0.70,1.70
24/2/18-1:51:37,852,254,424,79.10,18.60,0.40,1.00
24/2/18-1:52:38,852,264,435,76.40,18.60,0.50,0.80
24/2/18-1:53:39,852,285,432,75.80,18.60,0.40,0.40
24/2/18-1:54:40,851,306,430,74.20,18.60,0.50,0.50
24/2/18-1:55:41,852,274,422,76.40,18.70,0.60,1.00
24/2/18-1:56:42,852,281,435,76.30,18.70,0.70,1.00
24/2/18-1:57:43,852,281,428,76.90,18.70,0.50,0.50
24/2/18-1:58:44,851,261,415,76.80,18.60,0.60,0.60
24/2/18-1:59:45,851,280,430,76.30,18.70,0.60,2.60
24/2/18-2:0:46,852,279,421,75.90,18.70,0.70,0.70
24/2/18-2:1:46,851,282,425,76.30,18.70,0.60,1.60
24/2/18-2:2:47,851,287,430,75.80,18.70,0.70,0.70
24/2/18-2:3:48,851,280,416,75.50,18.70,0.60,0.80
24/2/18-2:4:49,853,288,427,75.70,18.70,0.50,0.90
24/2/18-2:5:50,853,278,424,76.00,18.70,0.50,0.50
24/2/18-2:6:51,853,282,449,76.70,18.70,0.50,0.60
24/2/18-2:7:52,854,287,438,75.60,18.70,0.60,0.60
24/2/18-2:8:53,854,292,425,74.90,18.70,0.60,4.10
24/2/18-2:9:54,854,266,424,76.10,18.70,0.50,0.80
24/2/18-2:10:55,854,277,428,76.20,18.60,0.70,2.00
24/2/18-2:11:56,854,261,426,74.80,18.70,0.50,0.50
24/2/18-2:12:57,854,278,422,75.50,18.70,0.80,2.10
24/2/18-2:13:58,854,280,428,75.70,18.60,0.90,1.50
24/2/18-2:14:59,854,260,420,75.50,18.60,0.90,1.10
24/2/18-2:16:0,854,271,442,76.00,18.60,0.70,0.80
24/2/18-2:17:1,852,275,441,77.10,18.60,0.70,2.00
24/2/18-2:18:2,854,280,431,75.10,18.70,0.60,0.90
24/2/18-2:19:3,854,303,433,76.20,18.60,0.70,2.50
24/2/18-2:20:4,854,265,419,76.70,18.70,0.70,1.30
24/2/18-2:21:5,854,264,428,75.70,18.70,0.80,2.70
24/2/18-2:22:6,854,266,429,75.70,18.70,0.70,1.70
24/2/18-2:23:7,852,259,429,75.20,18.60,0.80,1.60
24/2/18-2:24:8,854,262,435,76.70,18.60,0.60,0.60
24/2/18-2:25:9,854,284,417,74.80,18.70,0.80,1.70
24/2/18-2:26:10,854,293,431,74.80,18.70,0.70,0.80
24/2/18-2:27:11,855,278,419,74.20,18.70,0.50,0.60
24/2/18-2:28:12,854,272,413,76.30,18.70,0.70,1.60
24/2/18-2:29:13,854,251,413,77.60,18.70,0.60,1.00
24/2/18-2:30:14,854,248,417,75.50,18.70,0.60,1.30
24/2/18-2:31:15,855,253,425,74.50,18.70,0.70,0.70
24/2/18-2:32:16,852,244,420,74.90,18.70,0.60,0.70
24/2/18-2:33:17,854,242,417,75.10,18.70,0.60,3.70
24/2/18-2:34:18,855,249,428,76.20,18.70,0.60,1.60
24/2/18-2:35:19,855,263,431,77.80,18.70,0.60,0.70
24/2/18-2:36:20,855,255,413,76.80,18.70,0.80,1.60
24/2/18-2:37:21,855,253,427,75.80,18.70,0.60,0.60
24/2/18-2:38:22,854,273,421,75.60,18.70,0.80,0.80
24/2/18-2:39:23,855,247,416,74.30,18.70,1.10,2.10
24/2/18-2:40:24,855,273,429,72.10,18.70,0.60,0.90
24/2/18-2:41:25,853,254,425,72.40,18.80,0.90,2.30
24/2/18-2:42:26,855,263,433,72.80,18.70,0.60,2.20
24/2/18-2:43:27,855,273,431,77.10,18.70,0.80,2.00
24/2/18-2:44:27,854,253,418,74.80,18.80,0.80,1.10
24/2/18-2:45:28,854,230,414,74.00,18.80,0.50,1.80
24/2/18-2:46:29,854,230,431,73.00,18.70,0.90,2.30
24/2/18-2:47:30,853,225,413,74.80,18.70,0.90,1.70
24/2/18-2:48:31,854,246,423,74.80,18.70,0.70,1.10
24/2/18-2:49:32,854,243,418,74.80,18.80,0.80,0.80
24/2/18-2:50:33,854,247,431,75.60,18.80,0.70,1.10
24/2/18-2:51:34,854,279,418,71.60,18.80,0.70,1.00
24/2/18-2:52:35,854,288,417,72.80,18.80,0.80,1.30
24/2/18-2:53:36,854,284,429,71.00,18.80,0.80,0.80
24/2/18-2:54:37,854,261,419,70.90,18.80,0.80,2.30
24/2/18-2:55:38,854,223,416,71.70,18.80,0.80,1.20
24/2/18-2:56:39,855,239,441,73.80,18.70,0.80,1.10
24/2/18-2:57:40,854,271,447,74.90,18.70,0.90,2.20
24/2/18-2:58:41,854,287,445,72.40,18.70,0.60,1.20
24/2/18-2:59:42,854,271,438,74.00,18.70,0.70,0.70
24/2/18-3:0:43,854,248,418,74.00,18.70,0.60,0.60
24/2/18-3:1:44,854,255,434,72.50,18.70,0.60,1.00
24/2/18-3:2:45,854,258,427,74.60,18.70,0.70,2.40
24/2/18-3:3:46,854,308,473,72.90,18.70,0.70,1.10
24/2/18-3:4:47,854,273,413,73.40,18.80,0.60,1.30
24/2/18-3:5:48,854,248,416,73.60,18.80,0.70,1.30
24/2/18-3:6:49,854,284,457,74.00,18.80,0.70,1.00
24/2/18-3:7:50,853,295,429,74.30,18.80,0.70,0.70
24/2/18-3:8:51,854,298,419,73.00,18.80,0.60,1.50
24/2/18-3:9:52,853,265,416,74.50,18.80,0.60,0.60
24/2/18-3:10:53,852,240,412,75.00,18.80,0.80,2.10
24/2/18-3:11:54,853,248,419,75.80,18.70,0.90,1.70
24/2/18-3:12:55,854,251,432,75.60,18.70,0.80,2.20
24/2/18-3:13:56,854,242,414,76.00,18.70,0.80,1.10
24/2/18-3:14:57,853,236,420,66.00,18.60,0.70,0.80
24/2/18-3:15:58,854,240,430,74.00,18.60,0.90,1.40
24/2/18-3:16:59,854,267,439,74.20,18.60,0.70,0.80
24/2/18-3:18:0,854,231,412,73.40,18.70,0.70,1.60
24/2/18-3:19:1,853,229,424,74.20,18.60,0.80,2.10
24/2/18-3:20:2,853,227,411,73.70,18.70,0.80,0.80
24/2/18-3:21:3,853,226,416,73.60,18.70,1.00,3.70
24/2/18-3:22:4,854,211,418,73.10,18.70,0.80,0.90
24/2/18-3:23:5,853,226,419,74.10,18.70,0.80,0.80
24/2/18-3:24:6,853,232,417,74.40,18.70,0.80,1.20
24/2/18-3:25:7,853,218,413,73.70,18.70,0.70,0.90
24/2/18-3:26:8,853,221,413,74.10,18.60,0.70,1.00
24/2/18-3:27:9,853,209,413,74.40,18.60,0.70,0.70
24/2/18-3:28:9,853,229,429,74.30,18.60,0.90,1.80
24/2/18-3:29:10,853,242,418,74.90,18.60,0.60,0.60
24/2/18-3:30:11,854,238,417,75.50,18.50,0.70,1.20
24/2/18-3:31:12,854,255,430,75.50,18.60,0.80,1.60
24/2/18-3:32:13,854,239,413,75.70,18.50,0.80,1.30
24/2/18-3:33:14,852,236,425,75.00,18.60,0.90,1.80
24/2/18-3:34:15,852,210,414,73.80,18.60,0.80,0.90
24/2/18-3:35:16,852,229,429,73.80,18.50,0.70,2.30
24/2/18-3:36:17,851,245,424,76.10,18.50,0.80,2.80
24/2/18-3:37:18,851,237,423,76.60,18.50,0.90,2.50
24/2/18-3:38:19,851,232,415,76.70,18.50,0.90,1.10
24/2/18-3:39:20,852,216,412,77.30,18.50,0.80,1.60
24/2/18-3:40:21,851,230,416,77.20,18.50,0.70,1.30
24/2/18-3:41:22,851,235,417,77.00,18.40,0.90,1.00
24/2/18-3:42:23,852,256,420,76.70,18.40,1.00,1.90
24/2/18-3:43:24,852,246,418,76.00,18.40,0.80,1.20
24/2/18-3:44:25,852,241,421,76.40,18.40,0.90,4.40
24/2/18-3:45:26,852,238,419,77.00,18.40,1.90,6.20
24/2/18-3:46:27,853,242,416,76.00,18.40,0.70,1.70
24/2/18-3:47:28,853,238,417,76.80,18.30,1.10,3.20
24/2/18-3:48:29,853,237,413,75.30,18.30,1.00,2.40
24/2/18-3:49:30,853,222,412,76.80,18.40,0.70,1.90
24/2/18-3:50:31,853,230,416,75.70,18.30,1.10,1.40
24/2/18-3:51:32,853,236,424,76.20,18.30,0.80,2.50
24/2/18-3:52:33,853,254,424,75.80,18.30,1.50,2.90
24/2/18-3:53:34,853,257,414,76.60,18.30,0.90,1.20
24/2/18-3:54:35,853,238,411,76.20,18.40,1.30,3.30
24/2/18-3:55:36,853,230,408,75.40,18.30,0.90,1.30
24/2/18-3:56:37,852,235,409,77.50,18.40,0.80,1.70
24/2/18-3:57:38,852,220,409,77.40,18.30,0.70,2.10
24/2/18-3:58:39,852,224,416,77.00,18.30,1.10,1.70
24/2/18-3:59:40,853,214,415,77.00,18.20,0.90,1.30
24/2/18-4:0:41,852,203,400,67.90,18.10,1.00,1.40
24/2/18-4:1:42,852,206,408,76.40,18.20,0.80,1.30
24/2/18-4:2:43,853,219,408,74.80,18.10,1.10,4.10
24/2/18-4:3:44,853,228,408,78.20,18.10,0.80,2.30
24/2/18-4:4:45,853,241,410,76.50,18.10,0.90,1.50
24/2/18-4:5:46,851,247,413,77.10,18.10,0.70,3.30
24/2/18-4:6:47,851,248,413,80.20,18.10,0.80,1.50
24/2/18-4:7:48,850,243,408,76.90,18.10,1.00,1.80
24/2/18-4:8:49,851,246,416,76.20,18.00,0.90,1.60
24/2/18-4:9:50,851,259,415,75.30,17.90,1.00,2.80
24/2/18-4:10:50,851,262,414,78.00,17.90,1.10,3.00
24/2/18-4:11:51,851,269,414,79.00,17.90,0.90,2.10
24/2/18-4:12:52,852,263,412,81.20,17.90,1.00,2.90
24/2/18-4:13:53,852,262,412,79.70,17.80,0.90,2.00
24/2/18-4:14:54,852,274,414,78.20,17.80,0.90,1.80
24/2/18-4:15:55,852,276,413,79.30,17.90,0.90,2.30
24/2/18-4:16:56,852,275,415,80.40,17.90,0.80,2.20
24/2/18-4:17:57,853,275,416,80.50,17.90,0.90,1.90
24/2/18-4:18:58,853,276,420,79.30,17.80,0.90,1.10
24/2/18-4:19:59,853,278,414,81.10,17.80,0.90,1.80
24/2/18-4:21:0,853,270,414,77.90,17.80,1.00,2.60
24/2/18-4:22:1,853,272,411,80.10,17.80,1.30,5.50
24/2/18-4:23:2,852,268,421,80.10,17.70,1.00,3.80
24/2/18-4:24:3,852,256,415,80.40,17.70,0.80,0.80
24/2/18-4:25:4,853,266,420,80.70,17.70,1.20,2.60
24/2/18-4:26:5,853,261,412,80.10,17.70,1.10,5.40
24/2/18-4:27:6,853,260,414,79.10,17.70,1.00,1.70
24/2/18-4:28:7,853,260,417,79.40,17.70,0.90,2.30
24/2/18-4:29:8,852,262,415,79.80,17.70,0.90,1.40
24/2/18-4:30:9,853,258,413,80.00,17.70,1.10,2.00
24/2/18-4:31:10,853,234,414,78.80,17.70,0.90,2.50
24/2/18-4:32:11,853,223,412,79.70,17.60,1.00,2.70
24/2/18-4:33:12,852,222,408,77.60,17.60,0.90,1.30
24/2/18-4:34:13,851,221,409,78.40,17.70,0.70,2.10
24/2/18-4:35:14,852,226,407,78.70,17.70,0.80,2.20
24/2/18-4:36:15,853,223,410,80.70,17.70,1.00,1.70
24/2/18-4:37:16,853,194,405,79.10,17.70,0.80,2.20
24/2/18-4:38:17,853,186,403,78.00,17.70,1.10,2.00
24/2/18-4:39:18,853,199,400,77.30,17.70,0.90,4.40
24/2/18-4:40:19,853,212,408,78.50,17.70,0.90,1.50
24/2/18-4:41:20,853,222,412,80.20,17.70,0.90,1.60
24/2/18-4:42:21,852,248,417,80.80,17.70,1.10,3.40
24/2/18-4:43:22,853,253,412,79.60,17.70,0.90,2.50
24/2/18-4:44:23,853,250,407,79.40,17.70,0.80,0.80
24/2/18-4:45:24,852,242,404,79.10,17.60,0.90,1.00
24/2/18-4:46:25,853,247,408,78.70,17.60,0.80,1.10
24/2/18-4:47:26,852,258,410,77.70,17.60,1.00,2.70
24/2/18-4:48:27,852,261,410,78.20,17.60,0.90,1.60
24/2/18-4:49:28,852,254,407,80.40,17.60,1.10,2.70
24/2/18-4:50:29,853,246,409,78.60,17.60,0.80,1.10
24/2/18-4:51:30,852,254,407,80.20,17.60,0.70,3.80
24/2/18-4:52:31,853,259,409,80.90,17.50,1.00,3.50
24/2/18-4:53:31,853,267,410,79.60,17.60,1.10,1.80
24/2/18-4:54:32,852,264,405,80.10,17.50,1.20,3.80
24/2/18-4:55:33,853,260,406,80.90,17.50,1.10,3.40
24/2/18-4:56:34,853,254,407,81.00,17.40,0.90,1.40
24/2/18-4:57:35,853,256,408,82.40,17.40,1.10,2.50
24/2/18-4:58:36,853,263,407,77.70,17.40,1.10,3.00
24/2/18-4:59:37,852,255,405,79.40,17.30,0.90,1.00
24/2/18-5:0:38,852,260,407,77.10,17.30,0.80,2.00
24/2/18-5:1:39,852,262,406,78.20,17.30,0.80,2.90
24/2/18-5:2:40,852,256,407,79.10,17.20,0.80,0.80
24/2/18-5:3:41,852,257,407,79.60,17.20,0.90,1.70
24/2/18-5:4:42,853,262,405,54.00,17.20,1.80,5.90
24/2/18-5:5:43,852,272,406,80.80,17.20,1.00,1.50
24/2/18-5:6:44,852,277,408,80.30,17.20,0.90,1.60
24/2/18-5:7:45,852,279,407,80.80,17.20,1.00,1.00
24/2/18-5:8:46,853,281,410,79.90,17.10,0.90,1.80
24/2/18-5:9:47,853,286,407,79.50,17.10,1.00,1.30
24/2/18-5:10:48,852,297,409,79.90,17.10,1.10,2.70
24/2/18-5:11:49,852,297,408,80.70,17.10,1.00,1.10
24/2/18-5:12:50,852,288,409,79.00,17.10,0.90,1.70
24/2/18-5:13:51,852,276,407,78.60,17.00,0.90,0.90
24/2/18-5:14:52,852,280,409,78.60,17.10,0.90,1.70
24/2/18-5:15:53,852,275,402,78.70,17.00,0.90,1.00
24/2/18-5:16:54,852,277,405,79.20,17.00,0.90,1.10
24/2/18-5:17:55,852,281,405,78.60,17.00,1.20,2.50
24/2/18-5:18:56,853,274,407,81.40,17.00,0.70,0.70
24/2/18-5:19:57,852,269,404,80.30,17.00,1.50,3.20
24/2/18-5:20:58,853,258,405,78.80,17.00,0.90,0.90
24/2/18-5:21:59,853,261,406,80.90,17.00,0.90,1.30
24/2/18-5:23:0,853,254,406,79.20,17.00,1.20,2.70
24/2/18-5:24:1,853,253,409,80.20,17.00,1.50,4.60
24/2/18-5:25:2,853,254,408,80.20,17.00,1.00,1.70
24/2/18-5:26:3,853,265,407,80.60,16.90,0.80,0.90
24/2/18-5:27:4,853,276,407,80.20,16.90,1.00,1.30
24/2/18-5:28:5,852,281,407,78.90,16.90,0.90,2.40
24/2/18-5:29:6,852,282,408,79.40,16.90,1.00,1.70
24/2/18-5:30:7,853,281,407,79.80,16.90,0.60,0.70
24/2/18-5:31:8,852,281,408,80.60,16.90,1.10,3.70
24/2/18-5:32:9,852,283,406,80.90,16.90,1.30,2.40
24/2/18-5:33:10,853,280,406,81.00,16.90,1.00,2.50
24/2/18-5:34:11,853,280,409,81.60,16.90,1.00,1.40
24/2/18-5:35:11,853,284,406,81.80,16.80,1.10,1.30
24/2/18-5:36:12,853,288,407,81.40,16.90,1.00,1.40
24/2/18-5:37:13,853,288,407,81.40,16.90,1.20,2.60
24/2/18-5:38:14,852,284,405,80.00,16.80,1.10,2.30
24/2/18-5:39:15,853,284,406,81.20,16.80,0.90,1.60
24/2/18-5:40:16,853,287,405,82.90,16.80,1.20,2.70
24/2/18-5:41:17,853,293,410,82.30,16.80,1.20,2.20
24/2/18-5:42:18,852,299,413,82.30,16.80,1.30,3.90
24/2/18-5:43:19,853,300,411,81.90,16.80,0.90,1.90
24/2/18-5:44:20,852,301,409,82.50,16.80,1.00,2.10
24/2/18-5:45:21,853,302,410,84.00,16.80,1.30,3.10
24/2/18-5:46:22,853,306,415,83.30,16.80,1.20,1.50
24/2/18-5:47:23,853,306,412,83.50,16.80,1.20,1.40
24/2/18-5:48:24,853,312,412,82.10,16.80,1.20,1.90
24/2/18-5:49:25,853,312,413,82.00,16.80,1.20,2.20
24/2/18-5:50:26,852,311,411,82.90,16.80,1.30,2.00
24/2/18-5:51:27,853,313,413,82.00,16.80,0.90,2.10
24/2/18-5:52:28,852,316,412,83.20,16.80,1.20,2.50
24/2/18-5:53:29,852,319,412,82.70,16.80,1.00,1.40
24/2/18-5:54:30,852,321,413,82.40,16.80,1.10,1.60
24/2/18-5:55:31,852,321,413,81.80,16.70,1.20,1.90
24/2/18-5:56:32,852,317,407,82.20,16.70,1.30,4.40
24/2/18-5:57:33,853,317,416,82.60,16.70,1.30,3.60
24/2/18-5:58:34,853,319,417,83.00,16.70,1.30,1.40
24/2/18-5:59:35,852,319,413,83.10,16.70,1.30,2.50
24/2/18-6:0:36,852,323,415,83.10,16.70,1.10,1.60
24/2/18-6:1:37,853,320,413,83.90,16.70,1.20,3.50
24/2/18-6:2:38,852,319,409,83.60,16.70,1.50,1.60
24/2/18-6:3:39,852,319,412,82.30,16.70,1.50,2.20
24/2/18-6:4:40,853,321,414,83.30,16.60,1.20,3.10
24/2/18-6:5:41,852,321,415,83.20,16.70,1.30,2.20
24/2/18-6:6:42,853,319,412,82.80,16.60,1.40,2.70
24/2/18-6:7:43,851,318,416,81.50,16.70,1.50,2.80
24/2/18-6:8:44,850,315,417,82.60,16.70,1.40,2.60
24/2/18-6:9:45,850,325,420,82.30,16.70,1.40,3.40
24/2/18-6:10:46,851,335,420,82.10,16.70,1.80,7.80
24/2/18-6:11:47,850,335,415,81.70,16.70,1.40,2.30
24/2/18-6:12:48,850,340,422,81.20,16.70,1.70,3.20
24/2/18-6:13:49,850,338,422,80.90,16.70,1.50,3.00
24/2/18-6:14:50,849,335,422,82.80,16.80,1.90,3.60
24/2/18-6:15:51,850,336,421,85.10,16.80,2.20,4.50
24/2/18-6:16:51,850,333,420,86.00,16.80,2.00,3.90
24/2/18-6:17:52,850,333,421,85.60,16.80,1.60,3.20
24/2/18-6:18:53,849,331,423,87.40,16.80,2.20,2.50
24/2/18-6:19:54,849,317,427,86.50,16.80,2.80,3.40
24/2/18-6:20:55,850,314,435,88.10,16.80,4.30,6.30
24/2/18-6:21:56,849,320,428,88.40,16.90,3.70,4.10
24/2/18-6:22:57,849,324,435,90.10,16.90,3.30,4.80
24/2/18-6:23:58,849,334,433,88.60,16.90,2.80,3.60
24/2/18-6:24:59,849,330,430,88.10,17.00,3.50,4.80
24/2/18-6:26:0,849,316,438,89.40,17.00,4.70,5.20
24/2/18-6:27:1,849,300,425,87.90,17.00,5.30,5.90
24/2/18-6:28:2,849,298,432,87.60,17.00,4.50,5.80
24/2/18-6:29:3,849,284,423,91.30,17.10,4.80,8.70
24/2/18-6:30:4,849,285,423,90.30,17.10,5.10,6.10
24/2/18-6:31:5,849,290,441,89.20,17.10,4.90,5.40
24/2/18-6:32:6,849,303,435,92.70,17.10,5.00,5.50
24/2/18-6:33:7,848,302,426,91.00,17.10,5.50,6.00
24/2/18-6:34:8,848,320,447,89.10,17.20,5.70,7.20
24/2/18-6:35:9,848,328,438,85.60,17.20,5.30,5.90
24/2/18-6:36:10,849,314,426,84.40,17.20,5.40,6.00
24/2/18-6:37:11,849,321,430,85.70,17.20,5.00,5.60
24/2/18-6:38:12,849,318,435,84.50,17.30,5.10,5.90
24/2/18-6:39:13,849,324,428,85.10,17.30,5.60,6.20
24/2/18-6:40:14,849,333,430,89.10,17.30,5.70,6.30
24/2/18-6:41:15,849,331,427,89.60,17.30,5.00,5.50
24/2/18-6:42:16,849,333,432,84.10,17.30,5.60,6.20
24/2/18-6:43:17,850,323,428,82.10,17.30,6.00,6.60
24/2/18-6:44:18,849,317,432,84.90,17.30,6.20,8.10
24/2/18-6:45:19,850,322,425,85.30,17.30,5.80,6.50
24/2/18-6:46:20,849,326,427,86.00,17.40,5.80,6.40
24/2/18-6:47:21,849,329,425,86.90,17.40,6.00,7.30
24/2/18-6:48:22,849,329,432,86.20,17.40,6.00,6.60
24/2/18-6:49:23,849,323,425,83.30,17.40,6.50,7.20
24/2/18-6:50:24,849,334,426,88.60,17.40,6.00,7.40
24/2/18-6:51:25,849,338,430,86.90,17.40,5.50,6.70
24/2/18-6:52:26,849,340,427,85.60,17.40,6.30,6.90
24/2/18-6:53:27,849,333,421,86.10,17.40,6.10,6.70
24/2/18-6:54:28,849,335,425,82.80,17.40,6.20,9.00
24/2/18-6:55:29,850,345,436,83.40,17.40,6.70,7.50
24/2/18-6:56:30,849,331,420,81.50,17.40,6.70,7.40
24/2/18-6:57:30,849,321,415,83.90,17.40,6.60,7.50
24/2/18-6:58:31,849,326,416,84.30,17.40,7.20,8.00
24/2/18-6:59:32,849,332,417,85.00,17.40,6.70,7.90
24/2/18-7:0:33,849,334,420,84.70,17.50,7.10,8.30
24/2/18-7:1:34,850,339,418,83.50,17.50,7.10,8.30
24/2/18-7:2:35,850,334,415,82.50,17.50,6.40,7.00
24/2/18-7:3:36,849,335,417,83.20,17.50,6.90,8.40
24/2/18-7:4:37,849,338,416,84.60,17.50,6.80,7.50
24/2/18-7:5:38,849,334,415,84.80,17.50,6.90,9.10
24/2/18-7:6:39,849,335,412,84.30,17.50,6.90,7.60
24/2/18-7:7:40,849,338,416,85.80,17.40,6.80,7.60
24/2/18-7:8:41,850,340,414,84.10,17.40,6.20,6.90
24/2/18-7:9:42,849,335,410,84.00,17.50,6.00,10.00
24/2/18-7:10:43,850,335,408,84.40,17.50,6.20,7.10
24/2/18-7:11:44,849,331,402,84.70,17.50,5.80,8.00
24/2/18-7:12:45,850,340,416,82.80,17.50,5.70,6.30
24/2/18-7:13:46,849,351,422,84.10,17.50,6.50,7.50
24/2/18-7:14:47,853,351,406,84.00,17.50,6.10,7.70
24/2/18-7:15:48,850,349,412,83.20,17.50,6.20,8.90
24/2/18-7:16:49,849,339,409,84.40,17.50,6.30,8.10
24/2/18-7:17:50,849,337,409,85.70,17.50,6.00,6.60
24/2/18-7:18:51,849,337,411,83.70,17.40,5.70,6.30
24/2/18-7:19:52,850,338,413,83.00,17.50,5.90,7.00
24/2/18-7:20:53,849,330,407,82.00,17.50,5.80,9.20
24/2/18-7:21:54,849,338,406,84.10,17.50,6.20,7.40
24/2/18-7:22:55,849,345,412,83.30,17.50,5.60,8.00
24/2/18-7:23:56,849,351,410,84.30,17.50,6.80,16.30
24/2/18-7:24:57,849,343,410,83.70,17.50,6.30,11.20
24/2/18-7:25:58,849,345,413,83.20,17.50,5.90,9.20
24/2/18-7:26:59,850,343,408,84.80,17.50,6.20,14.40
24/2/18-7:28:0,849,336,408,83.00,17.50,6.40,14.10
24/2/18-7:29:1,850,334,408,83.00,17.50,6.10,8.20
24/2/18-7:30:2,849,341,411,82.60,17.50,6.70,8.70
24/2/18-7:31:3,849,334,405,84.20,17.50,6.10,7.90
24/2/18-7:32:4,849,340,412,83.50,17.50,5.50,7.50
24/2/18-7:33:5,849,334,403,82.00,17.50,6.00,8.10
24/2/18-7:34:6,849,337,409,83.00,17.50,6.10,7.60
24/2/18-7:35:7,849,345,407,83.60,17.50,6.00,6.60
24/2/18-7:36:8,849,340,407,81.30,17.50,5.50,7.00
24/2/18-7:37:9,849,343,408,82.60,17.50,5.70,9.70
24/2/18-7:38:10,850,342,408,82.40,17.60,6.20,10.00
24/2/18-7:39:11,849,343,404,83.10,17.50,6.60,7.90
24/2/18-7:40:11,849,337,405,83.30,17.50,5.10,9.70
24/2/18-7:41:12,849,337,403,82.30,17.60,5.80,10.50
24/2/18-7:42:13,849,339,406,82.10,17.50,5.90,17.70
24/2/18-7:43:14,849,359,414,81.30,17.60,4.80,6.70
24/2/18-7:44:15,848,353,417,81.60,17.60,4.80,8.40
24/2/18-7:45:16,849,343,407,81.10,17.70,4.80,9.90
24/2/18-7:46:17,849,348,416,81.00,17.60,5.60,8.60
24/2/18-7:47:18,849,354,421,81.00,17.70,5.10,10.60
24/2/18-7:48:19,849,369,456,81.70,17.60,5.10,7.60
24/2/18-7:49:20,850,358,416,80.00,17.70,4.90,7.20
24/2/18-7:50:21,849,344,407,80.70,17.70,5.10,5.70
24/2/18-7:51:22,849,351,420,81.30,17.70,4.90,5.70
24/2/18-7:52:23,849,346,409,81.80,17.70,5.20,6.60
24/2/18-7:53:24,849,343,413,81.80,17.70,4.90,5.50
24/2/18-7:54:25,849,346,407,81.50,17.70,5.10,5.90
24/2/18-7:55:26,848,352,416,81.20,17.70,5.10,5.70
24/2/18-7:56:27,849,348,407,81.50,17.70,5.10,9.90
24/2/18-7:57:28,849,353,410,81.90,17.70,4.80,10.80
24/2/18-7:58:29,849,361,412,81.70,17.70,5.10,6.90
24/2/18-7:59:30,849,348,408,82.70,17.70,5.30,10.10
24/2/18-8:0:31,849,347,411,82.10,17.70,5.00,10.10
24/2/18-8:1:32,849,338,407,82.70,17.70,5.30,6.70
24/2/18-8:2:33,849,331,405,81.70,17.70,5.90,10.30
24/2/18-8:3:34,849,329,403,81.60,17.70,5.10,8.40
24/2/18-8:4:35,849,333,420,81.40,17.70,6.10,13.70
24/2/18-8:5:36,848,331,410,79.00,17.80,5.50,6.90
24/2/18-8:6:37,849,336,419,79.40,17.80,5.10,8.00
24/2/18-8:7:38,848,344,428,80.20,17.80,5.50,6.10
24/2/18-8:8:39,849,333,411,81.30,17.80,5.30,5.90
24/2/18-8:9:40,848,357,427,81.30,17.90,5.90,7.20
24/2/18-8:10:41,849,374,449,80.70,17.90,5.20,7.40
24/2/18-8:11:42,849,351,411,80.60,18.00,5.20,5.70
24/2/18-8:12:43,849,357,428,80.10,18.00,5.40,6.10
24/2/18-8:13:44,849,340,410,80.10,18.00,5.70,11.50
24/2/18-8:14:45,849,342,424,82.40,18.00,5.70,6.30
24/2/18-8:15:46,849,319,401,83.80,18.00,4.70,5.20
24/2/18-8:16:47,849,321,420,79.80,18.00,5.10,6.60
24/2/18-8:17:48,848,336,411,79.60,18.00,5.20,6.70
24/2/18-8:18:49,848,328,409,80.80,18.00,4.90,6.10
24/2/18-8:19:50,849,326,410,80.70,18.10,4.90,6.20
24/2/18-8:20:51,849,313,402,78.90,18.10,5.50,9.00
24/2/18-8:21:52,849,326,419,79.10,18.10,5.00,6.90
24/2/18-8:22:52,849,322,408,80.60,18.10,5.10,6.30
24/2/18-8:23:53,849,318,416,79.70,18.10,4.90,6.10
24/2/18-8:24:54,848,321,407,78.80,18.10,5.00,7.00
24/2/18-8:25:55,849,323,409,78.80,18.10,4.50,5.10
24/2/18-8:26:56,849,330,430,79.80,18.20,4.60,5.40
24/2/18-8:27:57,849,351,424,78.40,18.20,4.80,7.20
24/2/18-8:28:58,848,337,406,78.70,18.20,4.60,6.60
24/2/18-8:29:59,849,324,404,78.60,18.20,5.20,6.90
24/2/18-8:31:0,849,317,412,79.20,18.20,5.80,8.80
24/2/18-8:32:1,849,331,417,77.80,18.20,4.90,6.70
24/2/18-8:33:2,848,337,410,77.60,18.20,5.00,6.70
24/2/18-8:34:3,849,339,416,80.40,18.20,4.70,7.80
24/2/18-8:35:4,849,347,432,78.90,18.20,4.60,9.20
24/2/18-8:36:5,848,370,435,79.30,18.20,4.80,5.40
24/2/18-8:37:6,848,357,421,78.50,18.30,4.70,6.10
24/2/18-8:38:7,848,341,411,77.20,18.20,5.00,6.80
24/2/18-8:39:8,848,328,403,77.30,18.10,5.00,5.70
24/2/18-8:40:9,848,322,404,77.90,18.20,5.50,7.60
24/2/18-8:41:10,848,306,402,77.30,18.10,4.90,8.30
24/2/18-8:42:11,849,313,408,77.70,18.10,5.40,8.30
24/2/18-8:43:12,848,323,411,78.40,18.00,5.10,8.20
24/2/18-8:44:13,848,329,417,78.30,18.10,5.10,6.60
24/2/18-8:45:14,848,325,403,79.70,18.10,5.30,7.00
24/2/18-8:46:15,849,317,401,79.30,18.10,5.90,11.10
24/2/18-8:47:16,848,321,406,78.80,18.20,5.10,7.50
24/2/18-8:48:17,849,325,429,80.20,18.20,5.00,6.10
24/2/18-8:49:18,848,328,406,79.30,18.10,4.90,7.00
24/2/18-8:50:19,849,344,423,78.80,18.20,5.70,9.50
24/2/18-8:51:20,849,354,431,77.90,18.20,5.50,8.10
24/2/18-8:52:21,848,372,447,78.80,18.20,5.20,6.00
24/2/18-8:53:22,848,350,407,79.10,18.30,5.30,6.50
24/2/18-8:54:23,849,355,416,78.80,18.30,5.40,7.10
24/2/18-8:55:24,848,350,416,79.40,18.30,5.00,6.40
24/2/18-8:56:25,848,341,419,78.40,18.40,5.40,9.10
24/2/18-8:57:26,849,333,413,78.90,18.40,5.00,6.80
24/2/18-8:58:27,848,337,410,78.40,18.40,5.30,8.00
24/2/18-8:59:28,848,347,420,78.70,18.40,5.10,7.10
24/2/18-9:0:29,848,357,427,78.60,18.40,5.30,5.90
24/2/18-9:1:30,848,352,436,79.10,18.40,5.50,7.70
24/2/18-9:2:31,848,337,407,78.90,18.50,5.10,5.70
24/2/18-9:3:32,849,328,405,76.70,18.50,5.50,7.00
24/2/18-9:4:33,849,321,403,76.10,18.50,5.00,7.90
24/2/18-9:5:33,849,314,402,77.50,18.50,5.30,9.40
24/2/18-9:6:34,848,314,410,77.50,18.50,5.30,8.60
24/2/18-9:7:35,849,314,409,76.00,18.40,4.70,5.50
24/2/18-9:8:36,849,321,408,76.90,18.40,4.90,7.20
24/2/18-9:9:37,848,337,425,76.70,18.40,5.20,6.10
24/2/18-9:10:38,849,350,424,77.70,18.40,4.90,8.40
24/2/18-9:11:39,849,374,448,77.10,18.40,4.70,5.20
24/2/18-9:12:40,849,358,428,76.80,18.50,5.10,7.40
24/2/18-9:13:41,848,353,430,76.60,18.50,4.70,6.30
24/2/18-9:14:42,848,361,421,75.70,18.50,5.60,10.20
24/2/18-9:15:43,848,365,445,76.40,18.50,5.00,8.50
24/2/18-9:16:44,848,345,411,76.20,18.60,4.80,8.40
24/2/18-9:17:45,849,330,410,76.30,18.60,5.00,8.10
24/2/18-9:18:46,848,326,410,75.70,18.50,4.80,8.00
24/2/18-9:19:47,849,338,426,75.20,18.50,5.20,6.60
24/2/18-9:20:48,848,347,418,75.20,18.60,5.20,6.50
24/2/18-9:21:49,848,322,408,76.00,18.60,5.50,7.30
24/2/18-9:22:50,848,329,436,74.80,18.60,4.90,6.20
24/2/18-9:23:51,848,338,433,75.20,18.60,5.60,8.60
24/2/18-9:24:52,848,344,435,76.20,18.60,5.50,7.40
24/2/18-9:25:53,848,341,436,76.20,18.60,4.50,4.90
24/2/18-9:26:54,848,344,426,76.30,18.60,4.80,5.50
24/2/18-9:27:55,848,331,409,74.80,18.70,5.20,5.70
24/2/18-9:28:56,848,316,419,74.60,18.70,4.60,5.10
24/2/18-9:29:57,848,314,421,73.20,18.70,4.30,4.80
24/2/18-9:30:58,848,321,445,74.40,18.70,5.20,6.50
24/2/18-9:31:59,848,307,404,74.10,18.70,4.50,5.80
24/2/18-9:33:0,848,299,409,73.50,18.70,5.50,6.70
24/2/18-9:34:1,848,313,417,73.50,18.60,4.70,7.70
24/2/18-9:35:2,848,338,436,74.00,18.60,4.90,6.00
24/2/18-9:36:3,848,326,415,74.10,18.70,5.90,9.20
24/2/18-9:37:4,849,319,410,74.80,18.70,5.50,10.90
24/2/18-9:38:5,848,319,412,74.50,18.70,5.40,12.90
24/2/18-9:39:6,849,349,423,73.90,18.70,5.20,15.90
24/2/18-9:40:7,849,371,474,73.70,18.70,3.80,8.00
24/2/18-9:41:8,849,321,403,72.60,18.80,2.90,4.70
24/2/18-9:42:9,848,305,408,70.50,18.70,2.20,6.60
24/2/18-9:43:10,849,311,411,71.00,18.70,2.30,4.90
24/2/18-9:44:11,848,314,421,71.60,18.70,2.10,5.60
24/2/18-9:45:12,848,331,408,70.60,18.80,1.80,4.70
24/2/18-9:46:13,848,303,404,70.10,18.80,1.90,5.20
24/2/18-9:47:14,848,294,400,71.40,18.80,1.50,3.20
24/2/18-9:48:15,849,276,400,70.90,18.80,1.70,3.20
24/2/18-9:49:15,848,275,399,70.90,18.80,2.10,6.30
24/2/18-9:50:16,848,302,419,70.50,18.80,1.90,3.70
24/2/18-9:51:17,850,293,409,69.90,18.80,1.80,2.90
24/2/18-9:52:18,848,326,442,70.50,18.80,1.80,6.80
24/2/18-9:53:19,848,288,397,70.00,18.80,1.60,5.30
24/2/18-9:54:20,848,285,419,70.90,18.80,2.70,3.20
24/2/18-9:55:21,849,314,416,71.60,18.80,2.10,3.60
24/2/18-9:56:22,849,300,416,70.10,18.90,2.30,3.60
24/2/18-9:57:23,848,273,416,70.70,18.90,2.00,2.80
24/2/18-9:58:24,848,258,403,71.20,18.80,2.50,7.10
24/2/18-9:59:25,848,264,406,72.80,18.90,2.50,4.90
24/2/18-10:0:26,849,269,413,72.60,18.90,2.20,2.40
24/2/18-10:1:27,848,294,421,71.90,18.90,2.70,22.00
24/2/18-10:2:28,848,304,431,71.30,18.90,2.00,6.90
24/2/18-10:3:29,849,299,450,70.60,18.90,1.90,4.80
24/2/18-10:4:30,848,274,418,70.40,18.90,2.10,3.50
24/2/18-10:5:31,848,254,428,69.80,18.90,2.00,3.00
24/2/18-10:6:32,849,218,419,69.40,18.90,2.30,3.20
24/2/18-10:7:33,848,241,426,68.60,19.00,1.60,1.70
24/2/18-10:8:34,849,238,400,69.30,18.90,1.70,2.90
24/2/18-10:9:35,849,254,421,69.10,18.90,1.80,2.50
24/2/18-10:10:36,848,230,415,70.10,19.00,1.30,2.30
24/2/18-10:11:37,848,270,423,68.60,19.00,1.30,2.80
24/2/18-10:12:38,848,262,409,69.10,19.00,1.60,3.30
24/2/18-10:13:39,848,275,415,70.00,19.00,1.40,2.00
24/2/18-10:14:40,848,309,430,71.00,19.10,1.40,3.00
24/2/18-10:15:41,848,314,453,68.80,19.10,1.40,2.20
24/2/18-10:16:42,849,308,447,69.30,19.20,1.30,2.50
24/2/18-10:17:43,848,289,412,69.40,19.20,1.30,3.60
24/2/18-10:18:44,848,230,400,68.00,19.20,1.30,2.60
24/2/18-10:19:45,848,225,400,67.30,19.20,1.20,1.70
24/2/18-10:20:46,848,226,411,67.90,19.10,1.10,1.20
24/2/18-10:21:47,848,227,400,67.30,19.20,1.30,3.50
24/2/18-10:22:48,848,177,393,67.70,19.20,1.40,2.90
24/2/18-10:23:49,848,197,413,65.70,19.20,1.40,2.00
24/2/18-10:24:50,849,242,449,67.60,19.10,1.40,3.00
24/2/18-10:25:51,849,224,412,67.40,19.20,1.30,2.40
24/2/18-10:26:52,848,271,441,67.60,19.20,1.10,4.30
24/2/18-10:27:53,848,295,426,68.90,19.20,1.10,4.30
24/2/18-10:28:54,848,288,408,70.10,19.30,1.20,3.40
24/2/18-10:29:55,848,304,465,67.60,19.40,1.10,2.20
24/2/18-10:30:56,849,289,426,67.40,19.50,1.50,5.10
24/2/18-10:31:57,849,306,422,66.60,19.50,1.40,2.10
24/2/18-10:32:57,851,325,432,66.70,19.50,1.50,2.60
24/2/18-10:33:58,851,326,462,67.40,19.60,1.50,3.20
24/2/18-10:34:59,851,325,447,66.60,19.60,1.20,3.00
24/2/18-10:36:0,851,342,425,66.80,19.60,1.20,2.30
24/2/18-10:37:1,848,300,419,72.40,19.70,1.30,2.50
24/2/18-10:38:2,850,319,466,71.60,19.60,1.40,3.20
24/2/18-10:39:3,848,290,425,71.90,19.70,1.10,1.50
24/2/18-10:40:4,851,271,415,69.80,19.70,1.20,1.70
24/2/18-10:41:5,848,288,431,66.80,19.60,1.10,1.20
24/2/18-10:42:6,848,270,418,66.00,19.70,1.10,2.90
24/2/18-10:43:7,850,267,419,65.30,19.70,1.20,2.90
24/2/18-10:44:8,848,285,421,66.90,19.60,1.00,2.80
24/2/18-10:45:9,849,274,486,67.00,19.70,1.20,2.10
24/2/18-10:46:10,848,304,430,66.00,19.60,1.10,2.30
24/2/18-10:47:11,848,352,481,68.80,19.70,1.30,2.90
24/2/18-10:48:12,850,329,424,65.00,19.70,1.40,3.30
24/2/18-10:49:13,848,304,425,66.20,19.70,1.10,1.20
24/2/18-10:50:14,848,318,425,68.00,19.70,1.20,2.50
24/2/18-10:51:15,848,280,413,67.90,19.70,1.40,2.40
24/2/18-10:52:16,850,252,431,68.20,19.70,1.50,4.70
24/2/18-10:53:17,848,254,417,67.30,19.70,1.00,2.80
24/2/18-10:54:18,848,268,427,67.00,19.70,1.10,2.40
24/2/18-10:55:19,847,266,425,67.50,19.60,1.00,1.10
24/2/18-10:56:20,848,260,409,67.20,19.60,1.30,1.40
24/2/18-10:57:21,848,305,436,67.90,19.70,1.20,2.50
24/2/18-10:58:22,850,282,433,67.40,19.70,1.30,2.00
24/2/18-10:59:23,848,279,452,69.10,19.70,1.30,3.00
24/2/18-11:0:24,848,291,454,68.10,19.70,2.70,36.10
24/2/18-11:1:25,849,336,466,68.70,19.70,1.20,2.60
24/2/18-11:2:26,847,341,435,69.50,19.80,1.10,4.60
24/2/18-11:3:27,847,303,410,70.40,19.80,1.10,1.80
24/2/18-11:4:28,847,258,418,69.30,19.80,1.20,4.00
24/2/18-11:5:29,848,228,406,67.20,19.80,1.30,2.40
24/2/18-11:6:30,847,203,412,67.40,19.80,1.10,1.70
24/2/18-11:7:31,848,270,418,68.00,19.70,1.20,1.30
24/2/18-11:8:32,848,247,401,67.00,19.80,1.60,6.20
24/2/18-11:9:33,848,249,429,67.40,19.80,1.80,3.80
24/2/18-11:10:34,847,266,422,66.40,19.80,3.00,4.40
24/2/18-11:11:35,848,288,422,67.60,19.80,2.60,3.80
24/2/18-11:12:36,848,308,457,67.00,19.90,3.30,3.80
24/2/18-11:13:37,848,306,452,67.50,19.90,3.00,3.30
24/2/18-11:14:38,848,290,451,66.30,19.90,3.20,3.70
24/2/18-11:15:39,847,319,468,65.80,19.90,4.90,5.40
24/2/18-11:16:40,847,323,424,65.60,19.90,6.80,9.50
24/2/18-11:17:40,848,255,429,66.40,19.90,3.90,5.70
24/2/18-11:18:41,847,248,413,66.30,19.90,1.60,2.40
24/2/18-11:19:42,847,193,403,65.90,19.90,1.60,2.30
24/2/18-11:20:43,848,196,435,66.20,19.80,1.80,3.20
24/2/18-11:21:44,847,216,412,65.50,19.80,1.20,1.30
24/2/18-11:22:45,847,183,408,66.20,19.80,1.50,2.30
24/2/18-11:23:46,848,183,406,65.30,19.80,1.10,1.40
24/2/18-11:24:47,847,174,402,66.00,19.80,1.00,1.80
24/2/18-11:25:48,847,151,399,66.50,19.80,1.40,7.00
24/2/18-11:26:49,847,214,430,66.10,19.70,1.30,1.60
24/2/18-11:27:50,847,214,422,65.70,19.70,1.50,2.60
24/2/18-11:28:51,847,247,481,67.10,19.80,1.10,2.70
24/2/18-11:29:52,847,296,424,67.00,19.80,1.30,2.50
24/2/18-11:30:53,848,236,456,65.80,19.90,1.30,2.60
24/2/18-11:31:54,847,234,441,65.30,19.90,1.40,1.90
24/2/18-11:32:55,847,210,412,66.50,19.90,1.30,2.80
24/2/18-11:33:56,847,232,513,66.90,19.90,1.00,2.20
24/2/18-11:34:57,848,204,409,68.10,19.90,1.20,3.10
24/2/18-11:35:58,847,214,426,69.10,19.90,1.90,3.50
24/2/18-11:36:59,847,207,412,67.50,19.90,1.40,1.50
24/2/18-11:38:0,848,169,404,67.60,19.90,1.50,2.00
24/2/18-11:39:1,848,192,407,66.20,19.90,1.40,1.50
24/2/18-11:40:2,848,209,428,66.20,19.90,1.60,1.70
24/2/18-11:41:3,848,268,465,66.30,19.90,1.60,3.60
24/2/18-11:42:4,847,265,421,67.40,19.90,1.50,1.60
24/2/18-11:43:5,848,239,410,67.60,19.90,1.20,1.30
24/2/18-11:44:6,847,179,404,67.10,19.90,1.40,2.80
24/2/18-11:45:7,848,212,441,68.40,19.90,1.20,1.90
24/2/18-11:46:8,847,195,412,68.70,20.00,1.50,2.20
24/2/18-11:47:9,848,194,417,66.30,20.00,1.30,1.50
24/2/18-11:48:10,848,174,400,66.20,20.00,1.40,2.50
24/2/18-11:49:11,847,138,396,67.80,20.10,1.50,1.60
24/2/18-11:50:12,847,183,442,65.10,19.90,1.50,2.70
24/2/18-11:51:13,848,246,424,64.80,19.90,1.60,1.70
24/2/18-11:52:14,847,210,447,65.00,20.00,1.40,2.30
24/2/18-11:53:15,848,182,410,66.70,20.00,1.50,1.60
24/2/18-11:54:16,849,174,416,66.30,20.00,1.40,1.80
24/2/18-11:55:17,847,230,457,67.30,19.90,1.70,2.80
24/2/18-11:56:18,848,216,422,66.70,20.00,1.70,2.80
24/2/18-11:57:19,847,226,427,67.10,20.00,1.40,1.70
24/2/18-11:58:20,847,179,403,68.30,20.00,1.40,1.50
24/2/18-11:59:21,847,249,467,66.30,20.00,1.30,3.10
24/2/18-12:0:22,847,250,413,66.70,20.10,2.10,4.60
24/2/18-12:1:23,847,207,420,66.20,20.10,1.80,10.90
24/2/18-12:2:23,848,214,421,66.40,20.10,1.70,2.60
24/2/18-12:3:24,848,195,430,67.60,20.10,1.30,2.80
24/2/18-12:4:25,848,215,437,65.80,20.10,1.30,1.40
24/2/18-12:5:26,848,250,425,68.40,20.10,1.40,3.50
24/2/18-12:6:27,848,223,430,67.20,20.10,1.60,2.90
24/2/18-12:7:28,847,246,440,67.50,20.10,1.60,2.20
24/2/18-12:8:29,848,220,422,68.70,20.10,1.90,3.70
24/2/18-12:9:30,848,190,421,67.70,20.10,1.30,1.40
24/2/18-12:10:31,848,199,452,67.60,20.10,1.40,2.40
24/2/18-12:11:32,847,229,427,67.80,20.10,1.10,2.00
24/2/18-12:12:33,847,209,420,67.80,20.10,1.10,1.20
24/2/18-12:13:34,847,194,411,66.60,20.10,1.30,3.10
24/2/18-12:14:35,848,173,404,66.00,20.00,1.40,5.20
24/2/18-12:15:36,848,194,409,68.10,20.00,1.20,5.90
24/2/18-12:16:37,848,201,435,68.40,20.00,1.30,3.00
24/2/18-12:17:38,849,176,405,68.50,20.00,1.40,1.60
24/2/18-12:18:39,850,221,427,68.50,20.00,1.50,2.40
24/2/18-12:19:40,848,218,434,69.00,20.00,2.00,2.30
24/2/18-12:20:41,847,208,431,69.20,20.00,1.40,1.60
24/2/18-12:21:42,847,260,474,69.40,20.00,1.50,4.70
24/2/18-12:22:43,848,267,417,68.40,20.00,1.40,2.20
24/2/18-12:23:44,847,233,416,69.30,20.10,1.40,3.30
24/2/18-12:24:45,847,224,411,68.60,20.10,1.70,3.10
24/2/18-12:25:46,848,200,414,68.00,20.10,1.80,5.20
24/2/18-12:26:47,848,203,418,67.90,20.00,1.50,2.10
24/2/18-12:27:48,848,189,409,68.60,20.00,1.40,2.40
24/2/18-12:28:49,848,199,406,67.90,19.90,1.30,1.40
24/2/18-12:29:50,848,180,416,71.50,19.90,1.80,2.90
24/2/18-12:30:51,847,205,414,69.40,19.80,1.70,2.00
24/2/18-12:31:52,848,237,421,69.10,19.90,1.60,3.40
24/2/18-12:32:53,850,214,409,70.50,19.90,1.30,1.80
24/2/18-12:33:54,848,201,418,72.40,19.90,1.30,2.10
24/2/18-12:34:55,848,262,438,73.90,19.90,1.60,2.80
24/2/18-12:35:56,848,235,412,74.20,20.00,1.40,3.90
24/2/18-12:36:57,848,187,405,73.60,20.00,1.50,2.10
24/2/18-12:37:58,847,181,416,71.90,19.90,1.50,1.80
24/2/18-12:38:59,847,270,471,72.60,19.90,1.50,1.90
24/2/18-12:40:0,848,229,427,73.90,19.90,1.60,8.20
24/2/18-12:41:1,848,172,406,72.80,20.00,1.50,1.70
24/2/18-12:42:2,847,155,402,71.90,19.90,1.50,1.90
24/2/18-12:43:3,848,162,406,71.50,19.90,1.50,3.70
24/2/18-12:44:4,848,177,410,72.20,19.90,1.70,4.20
24/2/18-12:45:5,848,261,480,72.00,20.00,2.20,3.30
24/2/18-12:46:6,847,297,442,67.80,20.00,1.90,2.50
24/2/18-12:47:6,847,247,417,70.50,20.10,1.70,4.30
24/2/18-12:48:7,848,273,432,73.20,20.10,1.50,3.20
24/2/18-12:49:8,848,218,437,73.40,20.10,1.50,1.70
24/2/18-12:50:9,848,230,428,71.30,20.10,1.40,2.20
24/2/18-12:51:10,847,192,410,72.10,20.20,1.70,2.40
24/2/18-12:52:11,847,208,434,72.30,20.20,2.20,2.40
24/2/18-12:53:12,848,206,423,74.60,20.20,1.70,3.10
24/2/18-12:54:13,847,227,429,74.50,20.20,1.80,2.20
24/2/18-12:55:14,847,225,443,76.00,20.30,1.70,3.30
24/2/18-12:56:15,848,225,427,76.20,20.30,1.30,1.90
24/2/18-12:57:16,847,255,469,73.60,20.40,1.80,5.90
24/2/18-12:58:17,848,199,417,73.90,20.50,2.00,5.80
24/2/18-12:59:18,847,232,480,74.70,20.50,1.50,4.10
24/2/18-13:0:19,847,275,443,72.50,20.60,1.70,4.90
24/2/18-13:1:20,848,293,425,72.80,20.60,2.00,6.30
24/2/18-13:2:21,848,333,450,73.70,20.70,1.90,4.20
24/2/18-13:3:22,847,292,477,73.20,20.80,1.50,1.80
24/2/18-13:4:23,848,275,431,72.20,20.90,1.40,3.20
24/2/18-13:5:24,848,209,424,72.40,20.90,1.70,2.10
24/2/18-13:6:25,847,275,446,74.40,20.90,1.80,3.20
24/2/18-13:7:26,848,300,462,73.50,21.00,1.70,3.10
24/2/18-13:8:27,847,294,415,74.40,21.00,1.90,4.90
24/2/18-13:9:28,847,264,475,73.90,21.10,2.10,4.10
24/2/18-13:10:29,848,226,412,72.80,21.10,2.10,5.20
24/2/18-13:11:30,847,289,479,72.10,21.10,4.40,7.10
24/2/18-13:12:31,848,322,483,72.40,21.10,6.20,8.70
24/2/18-13:13:32,848,204,401,71.90,21.10,3.10,3.40
24/2/18-13:14:33,848,197,444,71.50,21.10,2.60,5.60
24/2/18-13:15:34,847,310,515,71.60,21.00,2.30,2.80
24/2/18-13:16:35,847,330,467,67.80,21.10,2.10,4.10
24/2/18-13:17:36,848,343,496,68.50,21.20,2.50,2.70
24/2/18-13:18:37,847,284,485,70.20,21.30,3.90,16.90
24/2/18-13:19:38,848,254,415,68.20,21.40,4.30,34.90
24/2/18-13:20:39,847,182,421,69.10,21.40,2.30,3.40
24/2/18-13:21:40,848,238,448,68.50,21.40,1.80,2.00
24/2/18-13:22:41,848,289,426,67.40,21.50,2.00,3.20
24/2/18-13:23:42,847,273,430,68.30,21.60,2.00,3.70
24/2/18-13:24:43,847,282,475,71.70,21.70,2.10,3.70
24/2/18-13:25:44,847,297,477,68.70,21.70,2.00,3.70
24/2/18-13:26:45,847,294,444,68.90,21.80,2.50,5.90
24/2/18-13:27:46,848,202,435,67.60,21.90,2.80,3.10
24/2/18-13:28:47,847,265,554,64.00,21.80,2.40,2.60
24/2/18-13:29:48,848,196,421,63.70,21.80,2.30,3.50
24/2/18-13:30:49,847,240,440,64.70,21.80,2.50,3.40
24/2/18-13:31:50,847,258,444,67.80,21.70,3.00,5.50
24/2/18-13:32:51,847,200,436,64.80,21.80,3.60,4.70
24/2/18-13:33:51,847,169,409,65.70,21.60,3.30,4.10
24/2/18-13:34:52,847,126,400,64.20,21.60,3.30,3.90
24/2/18-13:35:53,847,140,412,64.50,21.50,3.60,5.20
24/2/18-13:36:54,847,152,419,63.70,21.50,3.20,6.20
24/2/18-13:37:55,847,125,400,66.70,21.40,2.80,6.30
24/2/18-13:38:56,848,154,417,65.10,21.40,2.90,5.00
24/2/18-13:39:57,848,178,431,63.70,21.40,3.50,4.90
24/2/18-13:40:58,847,171,425,65.30,21.40,3.20,3.50
24/2/18-13:41:59,847,200,447,65.80,21.40,3.00,3.40
24/2/18-13:43:0,847,184,421,66.60,21.40,2.90,3.10
24/2/18-13:44:1,847,177,421,68.50,21.50,3.20,5.10
24/2/18-13:45:2,847,255,480,63.90,21.50,3.30,5.20
24/2/18-13:46:3,847,282,444,66.10,21.60,3.10,3.90
24/2/18-13:47:4,847,257,437,65.20,21.60,2.80,3.80
24/2/18-13:48:5,847,207,429,67.00,21.60,3.70,6.00
24/2/18-13:49:6,847,249,497,68.00,21.70,3.70,4.60
24/2/18-13:50:7,848,314,488,65.00,21.70,3.50,3.90
24/2/18-13:51:8,847,214,414,65.80,21.70,3.50,4.60
24/2/18-13:52:9,847,289,493,64.40,21.80,4.10,9.40
24/2/18-13:53:10,848,242,420,63.40,21.80,3.90,5.10
24/2/18-13:54:11,847,263,437,65.90,21.80,4.50,6.80
24/2/18-13:55:12,847,260,440,66.30,21.80,4.70,5.20
24/2/18-13:56:13,847,285,439,67.00,21.90,4.60,5.10
24/2/18-13:57:14,847,264,430,65.20,21.90,4.70,6.40
24/2/18-13:58:15,847,159,407,64.60,21.90,4.70,7.80
24/2/18-13:59:16,847,145,413,63.90,21.80,4.40,6.80
24/2/18-14:0:17,847,203,458,63.80,21.80,3.90,5.90
24/2/18-14:1:18,847,239,452,64.90,21.70,4.20,5.20
24/2/18-14:2:19,847,198,424,67.70,21.80,5.00,10.40
24/2/18-14:3:20,847,259,468,69.30,21.80,6.20,7.70
24/2/18-14:4:21,848,284,471,69.30,21.80,6.50,12.00
24/2/18-14:5:22,847,242,479,68.80,21.90,6.80,8.00
24/2/18-14:6:23,847,184,426,68.10,21.90,6.80,10.60
24/2/18-14:7:24,847,164,420,67.80,22.00,5.50,7.50
24/2/18-14:8:25,847,183,462,66.90,22.00,4.90,6.60
24/2/18-14:9:26,847,282,495,68.50,22.00,4.30,6.00
24/2/18-14:10:27,847,303,457,66.90,22.10,4.20,6.80
24/2/18-14:11:28,847,288,442,68.10,22.30,4.20,6.00
24/2/18-14:12:29,847,245,443,65.50,22.30,4.50,6.20
24/2/18-14:13:30,847,207,421,63.90,22.40,4.30,6.50
24/2/18-14:14:31,847,170,418,65.20,22.50,4.70,7.10
24/2/18-14:15:32,847,130,406,65.60,22.40,5.30,6.50
24/2/18-14:16:33,847,129,411,63.00,22.30,5.20,9.50
24/2/18-14:17:34,847,137,412,63.20,22.30,5.10,7.10
24/2/18-14:18:35,847,130,417,64.10,22.20,5.20,6.70
24/2/18-14:19:36,847,155,407,63.40,22.20,4.70,6.50
24/2/18-14:20:37,847,131,419,62.30,22.20,4.90,5.50
24/2/18-14:21:37,847,166,438,64.00,22.20,5.10,8.40
24/2/18-14:22:38,847,123,407,65.20,22.10,5.40,7.20
24/2/18-14:23:39,847,118,409,62.70,22.00,4.50,7.10
24/2/18-14:24:40,846,121,411,63.70,21.90,5.00,9.10
24/2/18-14:25:41,847,143,431,64.70,21.90,4.60,5.50
24/2/18-14:26:42,847,163,437,63.80,21.90,3.50,5.20
24/2/18-14:27:43,847,182,453,66.70,21.90,3.30,3.70
24/2/18-14:28:44,847,198,448,64.60,21.90,3.80,5.30
24/2/18-14:29:45,847,205,457,67.80,22.00,3.60,4.40
24/2/18-14:30:46,847,220,445,67.50,22.00,3.50,5.30
24/2/18-14:31:47,847,172,435,67.00,22.00,3.10,5.00
24/2/18-14:32:48,847,193,446,68.60,22.00,2.90,6.30
24/2/18-14:33:49,847,174,419,66.30,22.00,2.20,2.40
24/2/18-14:34:50,847,172,422,66.80,22.00,3.10,6.10
24/2/18-14:35:51,847,207,444,67.30,21.90,2.90,5.10
24/2/18-14:36:52,847,204,440,71.90,21.90,2.90,3.20
24/2/18-14:37:53,847,184,434,67.50,21.90,2.20,2.40
24/2/18-14:38:54,847,163,420,66.20,21.80,2.70,4.10
24/2/18-14:39:55,847,172,441,67.80,21.80,2.60,4.90
24/2/18-14:40:56,847,170,427,63.30,21.80,3.10,4.40
24/2/18-14:41:57,847,186,432,66.00,21.80,2.40,2.80
24/2/18-14:42:58,847,177,420,68.00,21.80,2.60,3.60
24/2/18-14:43:59,847,215,424,65.20,21.80,2.80,3.40
24/2/18-14:45:0,847,233,461,67.10,21.80,2.50,3.40
24/2/18-14:46:1,847,191,417,70.50,21.80,2.60,2.80
24/2/18-14:47:2,848,176,425,69.90,21.80,2.80,4.40
24/2/18-14:48:3,847,190,444,72.00,21.80,2.00,4.50
24/2/18-14:49:4,847,222,425,69.80,21.70,2.50,4.60
24/2/18-14:50:5,847,239,455,72.00,21.80,2.40,2.60
24/2/18-14:51:6,847,226,447,70.50,21.80,2.20,3.10
24/2/18-14:52:7,848,204,440,68.90,21.70,2.30,6.30
24/2/18-14:53:8,847,165,415,69.50,21.80,2.20,6.30
24/2/18-14:54:9,847,160,416,70.40,21.70,2.30,2.70
24/2/18-14:55:10,848,168,421,71.50,21.70,3.30,5.50
24/2/18-14:56:11,847,156,429,72.20,21.70,2.70,4.50
24/2/18-14:57:12,847,176,415,71.10,21.60,2.30,3.90
24/2/18-14:58:13,847,160,428,69.20,21.70,2.40,2.70
24/2/18-14:59:14,847,160,416,67.80,21.60,2.30,3.30
24/2/18-15:0:15,847,151,431,67.90,21.60,2.60,4.30
24/2/18-15:1:16,847,165,417,67.50,21.60,2.00,2.20
24/2/18-15:2:17,847,168,427,67.50,21.60,2.10,3.00
24/2/18-15:3:18,847,158,412,70.00,21.60,2.30,2.50
24/2/18-15:4:19,848,161,427,69.60,21.60,2.50,2.80
24/2/18-15:5:20,849,174,408,68.30,21.60,2.60,2.80
24/2/18-15:6:21,850,146,407,68.30,21.60,3.00,3.30
24/2/18-15:7:22,847,138,412,66.50,21.60,2.30,4.10
24/2/18-15:8:23,847,158,421,69.10,21.50,2.70,4.10
24/2/18-15:9:23,847,154,410,68.80,21.50,2.70,3.00
24/2/18-15:10:24,847,143,413,67.30,21.50,2.70,3.00
24/2/18-15:11:25,848,128,405,65.50,21.40,2.80,5.40
24/2/18-15:12:26,847,135,418,67.70,21.40,2.40,4.40
24/2/18-15:13:27,847,154,414,67.30,21.40,2.60,5.60
24/2/18-15:14:28,846,171,426,68.40,21.40,2.10,3.10
24/2/18-15:15:29,847,215,429,68.50,21.40,2.10,3.90
24/2/18-15:16:30,847,205,447,68.20,21.50,2.20,4.80
24/2/18-15:17:31,847,221,421,67.80,21.50,2.10,3.50
24/2/18-15:18:32,847,192,421,68.10,21.50,1.80,3.50
24/2/18-15:19:33,847,160,421,68.60,21.50,2.40,4.20
24/2/18-15:20:34,847,176,411,68.00,21.50,2.00,2.60
24/2/18-15:21:35,847,165,417,69.00,21.50,2.00,2.40
24/2/18-15:22:36,847,133,404,69.40,21.50,2.00,3.40
24/2/18-15:23:37,847,163,427,67.90,21.40,2.40,3.10
24/2/18-15:24:38,848,200,422,68.70,21.40,2.00,2.40
24/2/18-15:25:39,848,169,410,68.50,21.40,2.10,7.10
24/2/18-15:26:40,847,153,420,69.00,21.40,1.90,3.50
24/2/18-15:27:41,847,137,406,67.80,21.40,2.10,6.80
24/2/18-15:28:42,847,187,422,65.60,21.30,2.00,3.00
24/2/18-15:29:43,847,201,425,68.70,21.40,1.80,2.00
24/2/18-15:30:44,847,209,429,68.00,21.30,2.00,4.00
24/2/18-15:31:45,848,211,444,69.20,21.40,1.70,2.20
24/2/18-15:32:46,847,206,435,70.90,21.40,1.80,2.70
24/2/18-15:33:47,847,198,414,70.30,21.40,1.90,2.10
24/2/18-15:34:48,847,192,419,70.90,21.40,2.10,2.70
24/2/18-15:35:49,848,155,408,70.20,21.40,1.90,5.40
24/2/18-15:36:50,847,167,426,70.00,21.40,1.50,2.60
24/2/18-15:37:51,847,158,413,67.50,21.30,1.60,3.10
24/2/18-15:38:52,847,184,414,68.90,21.30,1.80,2.60
24/2/18-15:39:53,848,158,414,68.20,21.30,1.60,2.30
24/2/18-15:40:54,847,144,407,69.20,21.30,1.60,1.70
24/2/18-15:41:55,848,151,435,68.10,21.30,1.50,1.80
24/2/18-15:42:56,847,163,416,67.70,21.20,2.20,4.60
24/2/18-15:43:57,848,150,413,68.50,21.20,1.80,7.20
24/2/18-15:44:58,847,166,415,70.00,21.20,1.70,2.20
24/2/18-15:45:59,847,186,425,70.10,21.20,1.90,3.50
24/2/18-15:47:0,848,196,418,71.80,21.20,2.00,2.20
24/2/18-15:48:1,847,214,414,70.30,21.20,2.20,4.90
24/2/18-15:49:2,847,204,420,70.60,21.20,2.60,10.80
24/2/18-15:50:3,847,215,426,67.10,21.30,1.60,3.50
24/2/18-15:51:4,847,171,409,69.00,21.20,1.50,3.80
24/2/18-15:52:5,847,159,404,68.10,21.30,1.50,1.80
24/2/18-15:53:6,847,166,415,70.30,21.20,1.70,3.00
24/2/18-15:54:7,847,184,414,70.10,21.20,1.30,4.20
24/2/18-15:55:8,847,165,413,69.90,21.20,1.50,3.50
24/2/18-15:56:8,848,170,409,69.80,21.20,1.40,2.50
24/2/18-15:57:9,848,155,406,70.40,21.20,1.40,2.80
24/2/18-15:58:10,847,158,414,70.20,21.20,1.30,1.40
24/2/18-15:59:11,848,172,410,69.00,21.20,1.10,1.30
24/2/18-16:0:12,848,165,408,69.40,21.20,1.30,2.40
24/2/18-16:1:13,847,174,407,70.00,21.20,1.10,2.90
24/2/18-16:2:14,847,219,418,69.20,21.10,1.20,1.80
24/2/18-16:3:15,847,193,422,70.10,21.20,1.60,4.20
24/2/18-16:4:16,847,186,417,67.50,21.20,1.10,3.00
24/2/18-16:5:17,847,176,415,68.10,21.20,1.50,6.60
24/2/18-16:6:18,847,168,409,68.30,21.20,1.40,3.20
24/2/18-16:7:19,847,179,418,69.40,21.20,1.50,4.00
24/2/18-16:8:20,847,168,409,69.10,21.10,2.20,14.40
24/2/18-16:9:21,847,170,415,69.10,21.10,1.70,7.80
24/2/18-16:10:22,847,178,418,68.90,21.10,1.60,3.70
24/2/18-16:11:23,847,169,411,69.20,21.10,1.50,1.60
24/2/18-16:12:24,847,155,406,71.60,21.20,1.70,3.50
24/2/18-16:13:25,847,127,401,71.20,21.20,1.50,2.30
24/2/18-16:14:26,847,139,408,69.40,21.10,1.40,1.90
24/2/18-16:15:27,848,147,414,70.10,21.10,1.60,3.30
24/2/18-16:16:28,847,151,407,71.30,21.10,1.80,2.00
24/2/18-16:17:29,847,154,408,68.80,21.10,1.70,3.60
24/2/18-16:18:30,847,139,403,70.60,21.10,1.60,2.10
24/2/18-16:19:31,847,141,411,70.30,21.10,1.50,2.20
24/2/18-16:20:32,847,159,418,70.10,21.10,1.80,3.90
24/2/18-16:21:33,847,172,414,70.50,21.10,1.70,4.50
24/2/18-16:22:34,847,173,415,71.70,21.10,2.00,3.00
24/2/18-16:23:35,848,154,415,70.50,21.10,2.00,4.10
24/2/18-16:24:36,847,169,423,70.10,21.10,2.30,7.70
24/2/18-16:25:37,847,149,406,69.70,21.10,2.10,7.00
24/2/18-16:26:38,847,155,411,70.40,21.10,2.10,4.80
24/2/18-16:27:39,847,146,406,71.20,21.10,1.80,3.60
24/2/18-16:28:40,847,156,430,69.50,21.10,2.00,3.20
24/2/18-16:29:41,846,165,414,68.40,21.10,1.90,2.10
24/2/18-16:30:42,847,165,415,69.40,21.10,1.90,2.50
24/2/18-16:31:43,848,166,426,70.20,21.10,1.90,2.80
24/2/18-16:32:44,847,194,432,70.80,21.10,3.40,9.70
24/2/18-16:33:45,847,203,430,69.50,21.10,2.00,2.20
24/2/18-16:34:46,847,203,419,71.10,21.10,1.90,2.10
24/2/18-16:35:47,847,194,437,71.50,21.10,1.80,3.20
24/2/18-16:36:48,847,168,414,71.00,21.10,2.10,2.30
24/2/18-16:37:49,847,146,407,69.60,21.20,2.40,4.20
24/2/18-16:38:50,847,151,410,69.80,21.10,1.90,2.10
24/2/18-16:39:51,847,164,421,71.40,21.10,3.40,12.30
24/2/18-16:40:52,847,161,407,68.90,21.10,2.60,2.90
24/2/18-16:41:53,847,146,408,70.30,21.20,2.10,3.80
24/2/18-16:42:53,847,125,404,69.90,21.10,2.10,5.20
24/2/18-16:43:54,847,148,433,66.90,21.10,2.00,2.20
24/2/18-16:44:55,847,264,455,68.40,21.10,2.30,3.10
24/2/18-16:45:56,847,200,409,68.20,21.10,2.20,3.70
24/2/18-16:46:57,847,180,424,68.30,21.10,2.20,2.80
24/2/18-16:47:58,847,265,442,67.00,21.10,2.10,3.50
24/2/18-16:48:59,847,157,411,68.40,21.10,2.40,4.00
24/2/18-16:50:0,847,155,414,67.30,21.10,2.30,4.40
24/2/18-16:51:1,847,142,404,69.20,21.10,2.90,8.00
24/2/18-16:52:2,847,126,402,67.70,21.00,2.70,4.30
24/2/18-16:53:3,847,168,430,68.00,21.00,2.30,3.30
24/2/18-16:54:4,846,250,435,67.10,21.00,2.10,2.80
24/2/18-16:55:5,847,303,487,64.80,21.10,2.40,2.60
24/2/18-16:56:6,847,264,424,64.60,21.10,3.00,4.50
24/2/18-16:57:7,847,162,410,68.90,21.10,2.60,5.20
24/2/18-16:58:8,847,191,443,67.60,21.10,2.00,4.40
24/2/18-16:59:9,847,190,423,67.20,21.10,2.10,2.40
24/2/18-17:0:10,847,189,423,68.30,21.10,1.90,2.10
24/2/18-17:1:11,846,214,428,68.50,21.10,1.80,2.80
24/2/18-17:2:12,847,227,431,67.80,21.10,2.10,4.50
24/2/18-17:3:13,847,252,433,69.10,21.20,1.90,2.10
24/2/18-17:4:14,848,277,449,67.60,21.20,2.10,3.30
24/2/18-17:5:15,847,235,426,68.00,21.30,2.10,5.80
24/2/18-17:6:16,848,267,437,67.40,21.30,2.00,2.50
24/2/18-17:7:17,847,218,418,68.80,21.30,2.10,3.30
24/2/18-17:8:18,847,205,464,68.60,21.30,2.10,3.10
24/2/18-17:9:19,847,198,418,67.50,21.30,2.40,3.90
24/2/18-17:10:20,847,195,428,68.30,21.30,2.40,2.60
24/2/18-17:11:21,847,220,439,67.90,21.30,2.10,2.50
24/2/18-17:12:22,847,173,415,65.30,21.30,1.90,2.80
24/2/18-17:13:23,847,159,413,65.60,21.30,2.10,4.80
24/2/18-17:14:24,846,225,461,63.70,21.30,1.70,3.30
24/2/18-17:15:25,847,284,459,65.10,21.40,2.00,3.00
24/2/18-17:16:26,847,320,491,64.50,21.40,1.80,5.00
24/2/18-17:17:27,847,311,480,66.10,21.40,1.90,3.70
24/2/18-17:18:28,847,316,469,64.90,21.50,2.20,4.10
24/2/18-17:19:29,847,297,476,65.90,21.50,1.90,2.60
24/2/18-17:20:30,847,291,439,67.00,21.50,2.00,3.80
24/2/18-17:21:31,847,189,426,66.70,21.50,2.40,5.70
24/2/18-17:22:32,847,261,454,67.00,21.50,1.90,2.00
24/2/18-17:23:33,847,278,444,66.50,21.50,2.50,3.50
24/2/18-17:24:34,848,226,425,65.40,21.60,2.20,4.70
24/2/18-17:25:35,847,288,448,63.20,21.50,2.00,6.00
24/2/18-17:26:36,847,295,482,64.90,21.60,2.50,3.70
24/2/18-17:27:37,847,229,448,64.60,21.60,2.00,4.00
24/2/18-17:28:38,847,189,430,62.40,21.70,2.20,3.10
24/2/18-17:29:38,847,205,437,62.70,21.70,2.50,3.10
24/2/18-17:30:39,848,235,430,62.90,21.60,2.10,3.70
24/2/18-17:31:40,847,208,443,64.30,21.70,2.20,5.20
24/2/18-17:32:41,848,185,419,68.50,21.70,2.50,4.60
24/2/18-17:33:42,847,173,418,65.30,21.70,2.30,4.80
24/2/18-17:34:43,847,236,450,65.30,21.70,2.40,3.30
24/2/18-17:35:44,847,193,418,65.20,21.80,2.70,4.00
24/2/18-17:36:45,847,161,419,64.00,21.80,2.40,5.40
24/2/18-17:37:46,846,163,432,64.80,21.80,2.60,4.30
24/2/18-17:38:47,847,153,421,62.40,21.80,2.60,4.00
24/2/18-17:39:48,847,168,422,64.00,21.80,2.20,3.30
24/2/18-17:40:49,846,150,412,63.90,21.80,2.30,3.50
24/2/18-17:41:50,847,147,425,64.10,21.80,2.90,5.20
24/2/18-17:42:51,847,175,419,64.70,21.70,2.50,5.40
24/2/18-17:43:52,846,173,413,63.70,21.80,2.40,3.70
24/2/18-17:44:53,847,153,423,63.20,21.80,2.70,3.30
24/2/18-17:45:54,847,160,421,63.30,21.80,2.50,4.00
24/2/18-17:46:55,847,206,479,64.70,21.90,2.20,2.50
24/2/18-17:47:56,847,191,425,63.00,22.00,2.50,3.70
24/2/18-17:48:57,848,170,415,66.10,22.10,2.30,2.50
24/2/18-17:49:58,847,143,415,60.70,22.10,2.70,4.70
24/2/18-17:50:59,846,170,430,61.30,22.10,2.50,3.30
24/2/18-17:52:0,847,167,443,59.90,22.20,2.40,4.50
24/2/18-17:53:1,847,182,431,59.90,22.20,2.30,3.40
24/2/18-17:54:2,847,176,443,59.50,22.20,2.60,4.80
24/2/18-17:55:3,847,176,438,60.70,22.30,2.30,2.70
24/2/18-17:56:4,847,282,490,61.40,22.40,2.30,4.50
24/2/18-17:57:5,847,294,520,60.70,22.50,4.20,11.50
24/2/18-17:58:6,847,204,423,59.80,22.60,2.60,5.20
24/2/18-17:59:7,846,164,421,58.40,22.60,2.20,2.40
24/2/18-18:0:8,847,189,432,61.00,22.60,2.50,4.50
24/2/18-18:1:9,846,142,410,60.60,22.60,2.70,5.30
24/2/18-18:2:10,847,197,430,59.30,22.50,2.40,3.70
24/2/18-18:3:11,848,139,411,59.00,22.60,2.60,3.50
24/2/18-18:4:12,847,139,413,61.70,22.50,2.50,3.40
24/2/18-18:5:13,847,127,411,60.90,22.50,2.60,4.70
24/2/18-18:6:14,846,151,426,58.50,22.50,2.80,3.90
24/2/18-18:7:15,846,189,456,59.20,22.40,2.30,6.00
24/2/18-18:8:16,846,196,427,60.60,22.50,2.50,5.60
24/2/18-18:9:17,847,173,438,60.10,22.50,2.50,4.30
24/2/18-18:10:18,847,199,459,60.20,22.50,2.20,2.50
24/2/18-18:11:19,847,257,452,60.80,22.70,2.00,2.70
24/2/18-18:12:20,847,270,463,59.50,22.80,2.20,3.40
24/2/18-18:13:21,846,198,433,58.80,22.90,2.50,3.70
24/2/18-18:14:22,846,249,456,56.20,22.90,2.30,4.10
24/2/18-18:15:23,847,155,414,58.90,23.00,1.90,5.50
24/2/18-18:16:24,847,148,421,57.60,23.00,1.90,3.80
24/2/18-18:17:24,847,142,418,60.20,23.00,2.30,8.10
24/2/18-18:18:25,847,172,420,58.70,23.00,2.10,3.60
24/2/18-18:19:26,846,194,454,59.40,23.00,2.30,4.00
24/2/18-18:20:27,846,183,443,56.60,23.00,2.00,3.00
24/2/18-18:21:28,846,215,464,58.00,23.00,2.50,4.20
24/2/18-18:22:29,847,190,435,60.50,23.10,2.50,8.10
24/2/18-18:23:30,847,175,520,61.70,23.10,1.90,4.00
24/2/18-18:24:31,847,280,462,55.80,23.10,2.20,3.40
24/2/18-18:25:32,846,185,436,57.60,23.10,1.90,2.70
24/2/18-18:26:33,846,141,418,56.20,23.00,2.10,5.00
24/2/18-18:27:34,846,153,422,53.80,23.00,1.90,2.70
24/2/18-18:28:35,847,149,413,56.40,23.00,1.90,3.30
24/2/18-18:29:36,846,170,433,57.40,23.00,2.30,10.70
24/2/18-18:30:37,847,149,410,56.30,22.90,2.90,14.70
24/2/18-18:31:38,847,129,412,56.40,22.90,2.70,7.80
24/2/18-18:32:39,847,201,443,54.90,22.80,2.60,7.20
24/2/18-18:33:40,846,156,415,58.50,22.80,2.40,3.80
24/2/18-18:34:41,846,156,421,60.70,22.80,1.90,3.70
24/2/18-18:35:42,847,175,432,61.60,22.70,2.10,4.10
24/2/18-18:36:43,846,157,409,61.10,22.70,1.90,3.20
24/2/18-18:37:44,847,146,413,58.00,22.60,2.10,5.40
24/2/18-18:38:45,847,134,406,57.70,22.60,1.80,2.80
24/2/18-18:39:46,847,154,419,59.50,22.50,1.90,4.00
24/2/18-18:40:47,847,239,440,57.70,22.50,2.10,3.80
24/2/18-18:41:48,846,322,482,58.70,22.50,2.00,2.90
24/2/18-18:42:49,847,216,416,59.00,22.60,1.80,3.00
24/2/18-18:43:50,847,161,421,57.60,22.60,2.20,11.60
24/2/18-18:44:51,847,185,421,56.00,22.70,1.90,6.00
24/2/18-18:45:52,847,135,404,57.50,22.70,1.50,2.90
24/2/18-18:46:53,847,137,411,57.90,22.60,1.90,3.00
24/2/18-18:47:54,846,133,410,57.00,22.60,1.70,3.80
24/2/18-18:48:55,847,137,413,57.70,22.50,1.70,2.80
24/2/18-18:49:56,848,160,420,58.40,22.50,1.80,3.00
24/2/18-18:50:57,847,122,402,57.70,22.50,1.60,2.40
24/2/18-18:51:58,847,129,404,57.20,22.40,2.90,10.60
24/2/18-18:52:59,847,128,406,57.00,22.30,1.50,3.50
24/2/18-18:54:0,847,143,418,59.00,22.30,1.80,5.20
24/2/18-18:55:1,847,225,430,58.90,22.30,2.00,5.80
24/2/18-18:56:2,846,208,427,58.00,22.30,1.50,1.70
24/2/18-18:57:3,847,184,420,57.80,22.40,1.80,3.60
24/2/18-18:58:4,847,144,409,57.20,22.40,1.60,1.90
24/2/18-18:59:5,846,146,423,58.80,22.30,1.90,2.10
24/2/18-19:0:6,847,148,412,61.80,22.30,2.00,3.30
24/2/18-19:1:7,847,151,412,59.40,22.30,2.10,6.50
24/2/18-19:2:8,847,148,411,60.80,22.40,1.90,2.40
24/2/18-19:3:9,846,130,408,61.80,22.40,1.90,2.00
24/2/18-19:4:10,847,118,406,61.60,22.40,2.10,4.00
24/2/18-19:5:11,847,133,416,59.30,22.40,1.70,3.20
24/2/18-19:6:11,847,149,424,59.10,22.40,1.90,4.20
24/2/18-19:7:12,847,192,413,62.20,22.40,2.10,2.90
24/2/18-19:8:13,847,168,416,59.40,22.50,2.20,3.50
24/2/18-19:9:14,847,141,417,59.40,22.50,1.90,3.10
24/2/18-19:10:15,848,184,434,59.40,22.40,1.60,2.70
24/2/18-19:11:16,847,168,416,60.30,22.40,1.80,4.40
24/2/18-19:12:17,847,178,432,62.40,22.40,2.20,4.70
24/2/18-19:13:18,847,166,413,59.70,22.40,2.10,2.30
24/2/18-19:14:19,847,184,423,59.90,22.40,2.30,2.50
24/2/18-19:15:20,847,166,423,57.20,22.40,2.50,2.90
24/2/18-19:16:21,847,158,416,59.30,22.40,2.10,5.80
24/2/18-19:17:22,847,154,410,60.60,22.40,2.50,3.10
24/2/18-19:18:23,847,145,411,60.30,22.40,2.40,4.30
24/2/18-19:19:24,847,186,417,58.90,22.30,2.50,4.20
24/2/18-19:20:25,846,197,431,59.40,22.40,2.70,7.00
24/2/18-19:21:26,847,174,417,60.30,22.40,3.00,4.40
24/2/18-19:22:27,847,157,417,60.50,22.40,2.70,4.70
24/2/18-19:23:28,847,164,421,60.20,22.30,2.60,10.10
24/2/18-19:24:29,846,180,436,61.00,22.30,3.00,6.80
24/2/18-19:25:30,848,202,437,61.50,22.30,3.00,5.80
24/2/18-19:26:31,847,183,416,62.30,22.30,2.90,4.10
24/2/18-19:27:32,847,155,417,62.70,22.20,3.50,6.80
24/2/18-19:28:33,848,162,417,60.30,22.20,3.10,8.10
24/2/18-19:29:34,847,158,416,61.30,22.20,3.40,3.70
24/2/18-19:30:35,847,178,438,64.00,22.20,3.80,4.70
24/2/18-19:31:36,847,173,426,62.60,22.20,3.70,8.70
24/2/18-19:32:37,847,158,417,62.80,22.20,4.60,20.40
24/2/18-19:33:38,847,177,418,62.50,22.10,3.30,6.00
24/2/18-19:34:39,847,156,417,62.20,22.10,3.30,6.80
24/2/18-19:35:40,847,183,425,60.60,22.10,3.40,6.70
24/2/18-19:36:41,847,265,463,61.40,22.10,3.40,5.20
24/2/18-19:37:42,847,227,427,63.40,22.10,3.80,7.00
24/2/18-19:38:43,847,192,417,61.30,22.10,3.00,7.00
24/2/18-19:39:44,847,175,430,63.30,22.10,2.80,4.60
24/2/18-19:40:45,847,172,419,63.30,22.00,2.60,5.40
24/2/18-19:41:46,847,155,414,62.30,22.00,2.80,7.90
24/2/18-19:42:47,847,167,418,65.20,21.90,2.70,6.70
24/2/18-19:43:48,847,202,432,63.30,21.90,2.50,6.20
24/2/18-19:44:49,847,189,427,62.50,21.90,2.40,3.90
24/2/18-19:45:50,847,244,469,62.40,21.90,3.10,6.20
24/2/18-19:46:51,847,183,415,63.20,22.00,2.70,4.50
24/2/18-19:47:52,847,156,407,63.80,21.90,2.70,5.30
24/2/18-19:48:53,847,150,411,61.50,21.90,2.50,4.40
24/2/18-19:49:54,847,153,416,63.00,21.90,2.50,3.80
24/2/18-19:50:55,847,181,434,62.80,21.80,2.20,5.40
24/2/18-19:51:56,847,143,414,62.30,21.80,2.30,10.70
24/2/18-19:52:57,848,153,421,61.70,21.80,2.40,5.40
24/2/18-19:53:57,847,184,419,60.50,21.80,2.80,4.50
24/2/18-19:54:58,848,188,426,60.80,21.80,3.00,6.70
24/2/18-19:55:59,847,206,424,60.10,21.70,2.70,3.60
24/2/18-19:57:0,847,194,423,59.00,21.80,2.90,3.70
24/2/18-19:58:1,847,210,438,61.20,21.70,3.20,4.20
24/2/18-19:59:2,847,233,428,62.80,21.70,3.30,7.50
24/2/18-20:0:3,849,223,440,62.80,21.70,3.00,4.10
24/2/18-20:1:4,847,218,444,59.50,21.70,3.10,6.60
24/2/18-20:2:5,846,232,431,60.00,21.70,3.00,8.10
24/2/18-20:3:6,847,225,447,61.30,21.70,3.70,7.70
24/2/18-20:4:7,847,194,426,62.00,21.70,3.70,5.70
24/2/18-20:5:8,847,208,430,60.70,21.60,3.50,7.70
24/2/18-20:6:9,847,218,426,61.00,21.60,3.40,5.10
24/2/18-20:7:10,847,248,466,61.10,21.60,3.10,5.40
24/2/18-20:8:11,847,284,444,60.60,21.60,3.40,4.90
24/2/18-20:9:12,847,240,435,62.40,21.70,3.50,6.90
24/2/18-20:10:13,847,229,431,59.90,21.60,4.20,6.90
24/2/18-20:11:14,847,245,435,62.00,21.60,3.10,5.10
24/2/18-20:12:15,847,263,446,60.30,21.50,3.80,7.70
24/2/18-20:13:16,849,245,437,59.40,21.60,3.50,4.40
24/2/18-20:14:17,847,271,435,59.60,21.60,3.50,6.40
24/2/18-20:15:18,846,269,434,61.30,21.60,3.40,5.00
24/2/18-20:16:19,847,248,431,60.60,21.60,3.30,4.50
24/2/18-20:17:20,848,258,449,61.00,21.50,3.90,11.00
24/2/18-20:18:21,848,296,449,61.70,21.60,3.60,5.30
24/2/18-20:19:22,847,260,433,61.40,21.60,3.90,6.60
24/2/18-20:20:23,847,241,434,62.70,21.50,3.90,4.90
24/2/18-20:21:24,847,246,433,63.00,21.50,3.80,6.80
24/2/18-20:22:25,847,244,432,62.60,21.50,3.20,4.50
24/2/18-20:23:26,847,256,439,63.10,21.50,3.60,6.30
24/2/18-20:24:27,847,300,454,62.90,21.40,3.30,6.30
24/2/18-20:25:28,847,283,434,62.40,21.50,3.60,6.90
24/2/18-20:26:29,847,261,447,68.00,21.40,3.50,5.30
24/2/18-20:27:30,846,260,444,67.10,21.50,3.60,6.20
24/2/18-20:28:31,847,255,436,63.00,21.40,3.30,4.80
24/2/18-20:29:32,847,292,448,69.70,21.40,3.60,7.30
24/2/18-20:30:33,848,295,450,67.00,21.40,3.60,7.00
24/2/18-20:31:34,847,288,439,67.00,21.40,3.80,8.30
24/2/18-20:32:35,847,296,452,68.80,21.30,4.20,10.70
24/2/18-20:33:36,847,303,444,68.40,21.30,3.80,7.50
24/2/18-20:34:37,847,296,456,61.50,21.40,3.70,6.20
24/2/18-20:35:38,847,297,440,62.70,21.30,4.30,12.60
24/2/18-20:36:39,847,305,453,62.60,21.30,3.30,6.20
24/2/18-20:37:40,847,324,455,61.40,21.30,3.40,7.40
24/2/18-20:38:41,847,285,440,62.50,21.30,4.10,10.10
24/2/18-20:39:42,847,272,450,62.00,21.20,4.40,7.50
24/2/18-20:40:42,847,326,456,61.60,21.20,4.10,8.80
24/2/18-20:41:43,847,305,445,62.20,21.30,4.20,9.50
24/2/18-20:42:44,848,289,446,61.70,21.20,4.10,7.10
24/2/18-20:43:45,847,282,442,64.30,21.20,4.40,8.20
24/2/18-20:44:46,848,314,453,63.40,21.20,4.60,10.00
24/2/18-20:45:47,847,301,443,64.60,21.10,4.60,9.40
24/2/18-20:46:48,847,302,443,63.40,21.10,4.00,6.70
24/2/18-20:47:49,847,300,439,64.60,21.10,3.50,9.70
24/2/18-20:48:50,846,295,442,63.80,21.00,4.00,7.50
24/2/18-20:49:51,846,282,439,63.90,21.00,4.20,8.40
24/2/18-20:50:52,847,296,443,62.30,21.00,4.30,10.20
24/2/18-20:51:53,847,303,445,64.60,21.00,4.00,10.60
24/2/18-20:52:54,847,297,442,69.20,21.00,4.00,6.60
24/2/18-20:53:55,847,306,444,67.30,20.90,4.10,8.10
24/2/18-20:54:56,847,305,441,70.30,20.80,4.20,7.10
24/2/18-20:55:57,846,305,442,69.10,20.80,4.10,7.00
24/2/18-20:56:58,847,309,442,67.60,20.80,4.20,8.40
24/2/18-20:57:59,847,316,449,70.70,20.80,4.00,8.80
24/2/18-20:59:0,847,311,442,70.00,20.70,4.40,12.20
24/2/18-21:0:1,847,307,441,68.30,20.60,4.70,18.60
24/2/18-21:1:2,847,314,442,66.70,20.60,4.40,12.00
24/2/18-21:2:3,847,314,440,70.60,20.60,4.30,9.80
24/2/18-21:3:4,848,309,439,67.10,20.50,4.40,12.20
24/2/18-21:4:5,847,313,442,68.80,20.50,3.80,7.70
24/2/18-21:5:6,847,315,441,70.80,20.50,4.70,9.60
24/2/18-21:6:7,847,306,437,71.30,20.50,5.10,10.30
24/2/18-21:7:8,847,306,439,68.60,20.40,4.90,12.30
24/2/18-21:8:9,847,306,441,71.60,20.40,4.50,11.40
24/2/18-21:9:10,847,306,441,70.80,20.40,4.40,7.30
24/2/18-21:10:11,848,306,443,71.50,20.30,5.30,9.70
24/2/18-21:11:12,847,320,443,68.20,20.30,5.00,8.50
24/2/18-21:12:13,848,323,443,69.80,20.30,5.10,9.50
24/2/18-21:13:14,847,326,441,71.80,20.30,5.10,7.80
24/2/18-21:14:15,847,328,444,70.60,20.30,5.10,8.30
24/2/18-21:15:16,848,325,444,72.80,20.20,5.20,8.30
24/2/18-21:16:17,847,319,443,73.00,20.20,5.30,10.80
24/2/18-21:17:18,847,323,443,71.40,20.20,5.20,7.30
24/2/18-21:18:19,848,322,443,70.60,20.10,5.00,8.50
24/2/18-21:19:20,847,321,440,72.70,20.20,5.70,11.20
24/2/18-21:20:21,847,322,444,72.20,20.10,6.20,13.30
24/2/18-21:21:22,847,326,446,72.00,20.00,4.50,6.60
24/2/18-21:22:23,848,325,445,71.10,20.00,5.40,9.80
24/2/18-21:23:24,848,325,443,71.00,20.10,5.40,10.30
24/2/18-21:24:25,848,332,446,70.10,20.00,4.60,7.40
24/2/18-21:25:26,848,330,450,71.20,20.00,5.40,11.60
24/2/18-21:26:26,847,329,455,69.80,20.00,6.10,21.10
24/2/18-21:27:27,847,338,461,69.90,19.90,6.10,20.70
24/2/18-21:28:28,848,341,460,73.60,19.90,6.80,26.70
24/2/18-21:29:29,847,344,458,70.30,19.90,7.00,23.70
24/2/18-21:30:30,847,347,461,72.80,19.90,6.60,24.70
24/2/18-21:31:31,848,345,459,71.50,19.90,6.80,20.80
24/2/18-21:32:32,847,351,464,72.80,19.80,7.10,24.70
24/2/18-21:33:33,851,346,463,71.20,19.80,6.90,22.10
24/2/18-21:34:34,847,350,463,73.20,19.80,6.70,16.50
24/2/18-21:35:35,847,354,464,72.20,19.80,6.80,13.10
24/2/18-21:36:36,847,357,465,72.00,19.80,7.20,16.40
24/2/18-21:37:37,847,363,465,72.20,19.80,7.60,15.50
24/2/18-21:38:38,848,361,466,71.20,19.80,6.90,14.00
24/2/18-21:39:39,847,353,459,71.70,19.80,7.90,16.40
24/2/18-21:40:40,847,359,461,71.10,19.80,6.50,12.40
24/2/18-21:41:41,847,358,462,70.10,19.80,7.50,14.80
24/2/18-21:42:42,847,356,461,70.80,19.80,6.80,11.70
24/2/18-21:43:43,847,352,459,73.70,19.70,7.20,11.00
24/2/18-21:44:44,847,348,456,71.40,19.70,6.90,11.50
24/2/18-21:45:45,847,348,455,72.60,19.60,8.10,15.30
24/2/18-21:46:46,847,352,457,72.60,19.60,7.30,12.80
24/2/18-21:47:47,847,353,458,74.90,19.60,7.20,11.10
24/2/18-21:48:48,847,354,455,72.10,19.60,7.20,12.50
24/2/18-21:49:49,847,350,455,72.70,19.60,7.00,11.30
24/2/18-21:50:50,848,348,454,72.90,19.60,6.80,11.50
24/2/18-21:51:51,848,352,455,73.10,19.50,7.10,13.70
24/2/18-21:52:52,847,353,456,73.40,19.50,6.90,19.00
24/2/18-21:53:53,848,359,457,74.80,19.50,7.20,12.10
24/2/18-21:54:54,847,353,457,75.40,19.40,7.50,12.50
24/2/18-21:55:55,847,356,461,76.50,19.50,8.00,11.80
24/2/18-21:56:56,847,346,459,76.60,19.40,8.20,11.30
24/2/18-21:57:57,847,352,457,75.70,19.40,8.20,12.10
24/2/18-21:58:58,847,351,456,77.20,19.40,8.10,11.30
24/2/18-21:59:59,848,353,458,76.10,19.40,8.60,14.60
24/2/18-22:1:0,847,355,460,76.20,19.40,8.50,15.70
24/2/18-22:2:1,847,357,462,76.30,19.30,8.80,17.40
24/2/18-22:3:2,848,359,463,74.00,19.30,10.20,17.80
24/2/18-22:4:3,848,364,466,76.70,19.30,10.80,24.70
24/2/18-22:5:4,847,364,466,77.30,19.30,9.90,19.20
24/2/18-22:6:5,847,370,469,77.40,19.30,10.70,21.90
24/2/18-22:7:6,847,372,470,76.50,19.30,10.40,23.30
24/2/18-22:8:7,847,373,470,78.40,19.30,11.40,19.10
24/2/18-22:9:8,847,369,467,78.20,19.30,11.00,26.50
24/2/18-22:10:9,847,373,470,76.30,19.30,11.10,23.90
24/2/18-22:11:9,847,375,472,76.20,19.30,10.60,19.20
24/2/18-22:12:10,847,371,470,77.50,19.20,10.70,21.00
24/2/18-22:13:11,848,373,471,79.60,19.20,11.30,17.30
24/2/18-22:14:12,848,370,470,79.00,19.20,12.20,20.40
24/2/18-22:15:13,848,373,472,78.90,19.20,11.20,16.70
24/2/18-22:16:14,848,370,471,79.70,19.20,11.80,17.60
24/2/18-22:17:15,847,375,473,80.10,19.10,12.10,17.30
24/2/18-22:18:16,848,378,476,79.60,19.10,11.80,18.30
24/2/18-22:19:17,848,376,475,79.60,19.10,11.20,16.30
24/2/18-22:20:18,848,377,474,80.00,19.10,12.20,20.40
24/2/18-22:21:19,848,375,473,79.30,19.10,11.50,17.20
24/2/18-22:22:20,847,376,474,79.60,19.10,11.70,19.30
24/2/18-22:23:21,847,374,473,78.20,19.10,11.50,16.90
24/2/18-22:24:22,847,376,473,76.80,19.00,12.80,18.60
24/2/18-22:25:23,847,379,473,78.40,19.00,12.10,18.70
24/2/18-22:26:24,847,379,471,78.10,18.90,12.20,23.60
24/2/18-22:27:25,848,379,472,77.30,18.90,12.30,20.30
24/2/18-22:28:26,847,382,471,79.20,18.90,13.10,21.40
24/2/18-22:29:27,847,379,469,79.20,18.90,12.40,18.90
24/2/18-22:30:28,848,379,468,77.60,18.90,13.40,18.90
24/2/18-22:31:29,847,376,466,77.90,18.90,12.60,15.90
24/2/18-22:32:30,848,380,471,76.70,18.90,13.10,18.00
24/2/18-22:33:31,848,378,469,78.50,18.90,12.80,18.10
24/2/18-22:34:32,847,376,469,76.80,18.90,13.00,20.50
24/2/18-22:35:33,847,373,465,76.60,18.90,12.50,19.40
24/2/18-22:36:34,847,373,463,79.20,18.90,12.30,20.20
24/2/18-22:37:35,848,371,462,80.10,18.80,12.80,19.00
24/2/18-22:38:36,848,371,466,79.40,18.80,13.10,19.80
24/2/18-22:39:37,847,380,466,79.40,18.80,12.90,19.40
24/2/18-22:40:38,848,381,470,78.50,18.80,13.60,22.50
24/2/18-22:41:39,847,384,470,78.20,18.80,14.30,26.70
24/2/18-22:42:40,848,381,469,78.80,18.80,14.20,26.10
24/2/18-22:43:41,847,379,467,75.60,18.80,14.40,19.10
24/2/18-22:44:42,847,384,470,79.70,18.80,15.20,24.50
24/2/18-22:45:43,848,385,471,80.10,18.80,15.00,22.70
24/2/18-22:46:44,847,385,470,81.50,18.80,14.80,23.30
24/2/18-22:47:45,847,387,473,80.50,18.80,15.30,26.00
24/2/18-22:48:46,847,386,470,80.80,18.80,16.40,28.80
24/2/18-22:49:47,847,383,468,80.40,18.80,15.10,23.60
24/2/18-22:50:48,847,381,470,79.30,18.70,15.90,29.50
24/2/18-22:51:49,847,388,473,81.80,18.70,16.10,21.90
24/2/18-22:52:50,848,386,471,80.80,18.70,15.50,20.60
24/2/18-22:53:51,848,386,472,78.00,18.70,16.00,23.70
24/2/18-22:54:52,848,389,472,80.30,18.70,15.40,21.40
24/2/18-22:55:52,848,391,474,80.30,18.70,15.50,21.90
24/2/18-22:56:53,848,394,475,80.60,18.70,16.20,23.30
24/2/18-22:57:54,847,401,478,80.30,18.70,17.50,34.10
24/2/18-22:58:55,848,395,473,81.30,18.80,17.50,26.90
24/2/18-22:59:56,849,395,475,80.90,18.80,18.00,28.90
24/2/18-23:0:57,848,398,478,80.30,18.80,18.60,29.80
24/2/18-23:1:58,848,400,481,79.20,18.80,17.00,23.50
24/2/18-23:2:59,847,393,472,78.80,18.80,21.10,34.30
24/2/18-23:4:0,848,394,473,79.90,18.80,21.90,35.70
24/2/18-23:5:1,848,396,474,78.60,18.80,22.10,32.50
24/2/18-23:6:2,847,395,476,80.30,18.80,21.50,32.60
24/2/18-23:7:3,847,389,470,79.20,18.90,21.90,29.80
24/2/18-23:8:4,848,390,467,80.40,18.90,19.40,24.80
24/2/18-23:9:5,848,387,466,77.60,18.90,20.00,31.30
24/2/18-23:10:6,848,388,465,79.30,19.00,18.80,25.70
24/2/18-23:11:7,847,388,466,77.50,19.00,17.80,24.10
24/2/18-23:12:8,847,390,465,80.10,19.00,18.10,27.70
24/2/18-23:13:9,848,388,464,80.40,19.00,17.50,22.50
24/2/18-23:14:10,849,391,465,78.90,19.00,17.30,23.30
24/2/18-23:15:11,847,396,465,80.90,19.00,17.20,21.00
24/2/18-23:16:12,847,395,465,78.90,19.00,18.30,28.70
24/2/18-23:17:13,847,397,464,80.80,19.00,17.70,25.20
24/2/18-23:18:14,851,388,461,81.10,19.00,17.50,24.80
24/2/18-23:19:15,848,392,464,80.60,19.00,17.30,24.50
24/2/18-23:20:16,847,388,460,77.70,19.00,16.50,22.40
24/2/18-23:21:17,849,388,460,79.70,18.90,17.00,24.00
24/2/18-23:22:18,848,389,459,80.20,18.90,15.30,20.00
24/2/18-23:23:19,847,390,458,82.30,18.90,14.60,21.60
24/2/18-23:24:20,847,386,457,78.60,18.90,14.80,20.90
24/2/18-23:25:21,848,389,459,79.80,18.90,15.00,20.40
24/2/18-23:26:22,848,384,455,77.70,18.90,14.60,20.10
24/2/18-23:27:23,846,378,459,79.30,18.90,14.10,19.20
24/2/18-23:28:24,848,380,455,79.60,18.90,13.50,19.20
24/2/18-23:29:25,847,376,452,78.70,18.90,12.80,18.60
24/2/18-23:30:26,847,375,453,79.70,18.90,12.30,18.70
24/2/18-23:31:27,848,381,458,78.40,18.90,12.40,16.90
24/2/18-23:32:28,851,383,458,79.20,18.90,13.00,17.20
24/2/18-23:33:29,848,381,457,80.40,18.90,13.50,19.90
24/2/18-23:34:30,848,388,462,79.40,18.90,13.60,18.40
24/2/18-23:35:31,848,387,459,79.50,18.90,12.80,19.00
24/2/18-23:36:32,848,385,459,78.90,18.90,13.10,19.90
24/2/18-23:37:33,849,385,464,79.20,18.90,12.60,18.90
24/2/18-23:38:33,847,391,461,77.30,18.90,13.30,17.80
24/2/18-23:39:34,847,387,461,78.70,18.90,13.50,21.60
24/2/18-23:40:35,847,391,466,79.30,18.90,13.00,19.10
24/2/18-23:41:36,848,385,460,77.90,18.90,12.60,17.90
24/2/18-23:42:37,848,387,462,78.40,18.90,13.10,20.70
24/2/18-23:43:38,848,389,464,79.60,18.90,13.30,19.70
24/2/18-23:44:39,848,389,460,78.50,18.90,13.30,18.80
24/2/18-23:45:40,848,389,458,78.60,18.90,13.00,20.00
24/2/18-23:46:41,847,391,459,80.60,18.90,12.40,18.70
24/2/18-23:47:42,848,391,464,80.60,18.90,12.40,17.90
24/2/18-23:48:43,848,386,457,79.30,18.90,12.30,15.90
24/2/18-23:49:44,848,385,456,80.10,18.90,12.00,15.10
24/2/18-23:50:45,847,387,457,79.40,18.90,12.30,19.00
24/2/18-23:51:46,848,394,470,81.10,18.90,12.40,17.20
24/2/18-23:52:47,847,394,460,79.90,18.90,13.30,19.20
24/2/18-23:53:48,847,389,458,80.00,18.90,12.90,18.80
24/2/18-23:54:49,848,388,457,78.10,18.90,12.50,20.60
24/2/18-23:55:50,848,391,460,79.60,18.90,12.20,16.70
24/2/18-23:56:51,847,393,458,78.60,18.90,12.10,16.00
24/2/18-23:57:52,848,390,456,82.20,18.80,12.30,18.70
24/2/18-23:58:53,847,391,458,83.60,18.80,12.10,17.90
24/2/18-23:59:54,848,393,461,80.20,18.80,13.00,21.90
