Hora,O3,NO2,CO,Humedad,Temperatura,P25,P10
26/2/18-0:0:0,846,317,441,68.30,22.40,3.20,6.80
26/2/18-0:1:1,845,323,450,69.30,22.40,4.00,9.90
26/2/18-0:2:2,846,316,437,69.00,22.40,4.00,9.50
26/2/18-0:3:3,845,308,441,69.60,22.30,3.50,6.20
26/2/18-0:4:4,846,401,527,69.00,22.40,3.40,8.60
26/2/18-0:5:5,845,352,445,66.30,22.30,3.80,10.20
26/2/18-0:6:6,846,296,442,65.60,22.30,4.10,11.00
26/2/18-0:7:7,846,289,439,68.50,22.30,3.60,9.90
26/2/18-0:8:8,845,343,459,66.20,22.30,3.10,6.10
26/2/18-0:9:9,845,334,444,66.20,22.30,3.40,8.30
26/2/18-0:10:10,845,316,447,65.50,22.30,3.60,6.90
26/2/18-0:11:11,846,295,435,67.20,22.30,3.40,5.60
26/2/18-0:12:12,845,310,440,68.30,22.20,3.70,8.40
26/2/18-0:13:13,846,339,461,67.40,22.20,3.60,8.70
26/2/18-0:14:14,845,346,463,68.90,22.20,3.50,9.10
26/2/18-0:15:15,846,338,450,64.10,22.20,3.80,8.80
26/2/18-0:16:16,845,360,470,63.00,22.20,3.10,8.10
26/2/18-0:17:17,846,387,464,62.60,22.20,3.40,6.00
26/2/18-0:18:18,846,342,443,62.10,22.20,3.40,7.30
26/2/18-0:19:19,847,340,461,62.80,22.20,3.50,5.60
26/2/18-0:20:20,845,327,439,62.70,22.20,3.50,7.80
26/2/18-0:21:21,845,333,447,64.00,22.10,3.70,9.10
26/2/18-0:22:22,845,328,443,64.60,22.10,3.80,7.40
26/2/18-0:23:23,845,325,443,64.40,22.10,3.40,7.90
26/2/18-0:24:24,846,334,471,63.30,22.10,3.20,8.80
26/2/18-0:25:25,846,338,441,63.20,22.10,3.90,7.80
26/2/18-0:26:26,845,345,454,64.00,22.10,3.60,8.90
26/2/18-0:27:27,846,374,462,63.40,22.10,3.40,8.20
26/2/18-0:28:28,845,362,447,61.30,22.10,3.50,10.30
26/2/18-0:29:29,846,371,457,62.40,22.10,3.20,7.50
26/2/18-0:30:30,846,352,444,62.10,22.00,3.30,8.60
26/2/18-0:31:31,845,328,440,62.00,22.10,3.30,8.00
26/2/18-0:32:32,845,344,455,62.10,22.00,3.00,6.10
26/2/18-0:33:33,846,413,508,62.30,22.00,3.10,7.80
26/2/18-0:34:34,845,375,453,61.60,22.00,3.10,6.20
26/2/18-0:35:35,845,342,441,63.10,22.10,3.10,6.00
26/2/18-0:36:36,846,319,441,62.70,22.00,2.60,4.60
26/2/18-0:37:37,846,347,469,64.30,21.90,3.00,5.70
26/2/18-0:38:38,846,376,455,63.30,22.00,3.00,7.50
26/2/18-0:39:39,845,382,469,62.40,22.00,2.90,10.20
26/2/18-0:40:40,846,394,519,63.60,21.90,2.60,5.10
26/2/18-0:41:41,845,367,445,62.50,21.90,2.90,8.30
26/2/18-0:42:42,845,331,438,63.40,21.90,2.70,7.60
26/2/18-0:43:43,846,302,432,64.70,21.90,2.80,8.10
26/2/18-0:44:44,846,273,434,66.20,21.80,2.20,5.00
26/2/18-0:45:45,846,271,431,62.50,21.80,2.40,3.50
26/2/18-0:46:46,846,289,444,65.20,21.80,2.70,7.00
26/2/18-0:47:46,846,302,452,65.90,21.80,2.30,6.80
26/2/18-0:48:47,845,320,459,64.30,21.80,2.80,5.80
26/2/18-0:49:48,846,363,456,64.60,21.80,2.50,6.30
26/2/18-0:50:49,846,357,444,63.90,21.80,2.40,3.90
26/2/18-0:51:50,846,355,450,64.10,21.80,2.80,6.10
26/2/18-0:52:51,846,371,449,65.50,21.80,2.80,6.00
26/2/18-0:53:52,846,364,443,65.20,21.80,2.50,3.10
26/2/18-0:54:53,846,352,450,64.00,21.80,3.00,7.90
26/2/18-0:55:54,846,353,474,65.10,21.80,2.80,8.70
26/2/18-0:56:55,846,334,439,64.50,21.80,2.60,4.20
26/2/18-0:57:56,846,394,504,66.00,21.70,2.90,4.30
26/2/18-0:58:57,846,398,462,63.30,21.70,2.70,5.50
26/2/18-0:59:58,846,426,525,64.30,21.70,3.30,6.60
26/2/18-1:0:59,846,422,485,66.30,21.80,3.30,6.70
26/2/18-1:2:0,846,417,487,63.80,21.80,3.20,7.20
26/2/18-1:3:1,846,416,475,64.10,21.80,3.50,8.00
26/2/18-1:4:2,845,420,495,64.70,21.80,2.70,5.20
26/2/18-1:5:3,846,416,487,63.00,21.80,3.50,8.20
26/2/18-1:6:4,846,394,457,65.00,21.80,3.00,6.10
26/2/18-1:7:5,846,393,467,68.80,21.80,3.50,7.20
26/2/18-1:8:6,846,381,452,68.20,21.70,3.70,6.40
26/2/18-1:9:7,846,355,445,67.80,21.70,3.00,5.80
26/2/18-1:10:8,846,386,464,69.20,21.70,3.70,7.70
26/2/18-1:11:9,846,406,484,66.80,21.70,3.70,11.20
26/2/18-1:12:10,846,372,448,66.80,21.60,3.20,6.60
26/2/18-1:13:11,846,355,447,69.50,21.60,3.60,9.10
26/2/18-1:14:12,846,411,513,66.00,21.50,3.60,9.30
26/2/18-1:15:13,846,399,464,63.60,21.60,3.20,7.40
26/2/18-1:16:14,846,411,485,65.10,21.60,3.90,9.00
26/2/18-1:17:15,846,397,459,63.80,21.60,3.80,8.00
26/2/18-1:18:16,846,416,513,65.10,21.60,3.50,7.00
26/2/18-1:19:17,847,420,492,64.70,21.50,3.30,8.10
26/2/18-1:20:18,845,373,452,69.30,21.50,3.90,9.60
26/2/18-1:21:19,846,381,461,66.10,21.50,3.50,8.40
26/2/18-1:22:20,846,366,445,67.40,21.50,3.20,6.90
26/2/18-1:23:21,846,395,477,67.60,21.40,3.40,7.80
26/2/18-1:24:22,846,369,446,70.90,21.40,3.20,7.70
26/2/18-1:25:23,847,378,478,66.20,21.40,3.60,9.90
26/2/18-1:26:24,846,387,480,66.20,21.40,3.30,8.70
26/2/18-1:27:25,847,393,484,68.00,21.40,3.20,7.50
26/2/18-1:28:26,850,395,468,67.00,21.40,3.50,10.30
26/2/18-1:29:27,846,389,463,15.80,21.40,3.80,6.70
26/2/18-1:30:28,846,378,453,65.70,21.30,3.60,9.20
26/2/18-1:31:29,846,406,492,70.20,21.30,3.60,9.70
26/2/18-1:32:30,847,421,500,65.20,21.30,4.10,11.00
26/2/18-1:33:31,846,423,509,65.80,21.30,3.40,8.10
26/2/18-1:34:31,846,410,471,72.90,21.30,4.00,8.20
26/2/18-1:35:32,846,388,461,66.50,21.30,3.20,9.10
26/2/18-1:36:33,846,397,479,73.00,21.30,3.30,8.40
26/2/18-1:37:34,846,391,463,67.00,21.30,3.70,8.30
26/2/18-1:38:35,846,406,474,66.60,21.30,3.80,11.00
26/2/18-1:39:36,846,406,472,66.60,21.30,3.90,7.30
26/2/18-1:40:37,846,403,467,66.10,21.30,3.40,9.00
26/2/18-1:41:38,846,459,585,71.10,21.30,3.40,9.40
26/2/18-1:42:39,846,429,483,66.20,21.30,3.80,6.50
26/2/18-1:43:40,847,433,510,65.90,21.30,3.70,7.90
26/2/18-1:44:41,846,415,468,66.00,21.30,3.90,10.60
26/2/18-1:45:42,846,407,467,63.90,21.30,4.20,11.00
26/2/18-1:46:43,846,399,470,65.60,21.30,4.20,11.80
26/2/18-1:47:44,846,395,460,64.80,21.20,3.50,7.90
26/2/18-1:48:45,846,424,504,64.30,21.20,3.70,10.40
26/2/18-1:49:46,846,416,478,65.00,21.20,4.40,13.10
26/2/18-1:50:47,846,414,476,65.90,21.20,3.80,13.40
26/2/18-1:51:48,847,401,469,66.80,21.10,4.50,10.90
26/2/18-1:52:49,846,402,474,69.10,21.00,3.50,11.00
26/2/18-1:53:50,850,420,490,67.20,21.00,4.10,10.40
26/2/18-1:54:51,847,410,479,65.50,21.00,4.00,9.00
26/2/18-1:55:52,847,419,510,66.60,20.90,3.40,9.80
26/2/18-1:56:53,847,448,519,66.60,20.90,3.60,8.10
26/2/18-1:57:54,847,434,514,66.10,20.90,3.80,6.90
26/2/18-1:58:55,847,425,489,70.60,20.80,3.90,9.40
26/2/18-1:59:56,846,409,468,67.40,20.80,3.90,7.50
26/2/18-2:0:57,847,433,518,70.20,20.80,4.00,12.30
26/2/18-2:1:58,846,442,521,71.40,20.80,3.90,8.50
26/2/18-2:2:59,846,421,480,67.30,20.80,3.80,5.60
26/2/18-2:4:0,846,401,467,68.60,20.80,4.00,11.60
26/2/18-2:5:1,847,405,473,68.60,20.70,3.70,6.50
26/2/18-2:6:2,846,394,466,69.80,20.70,3.60,6.40
26/2/18-2:7:3,846,412,475,69.30,20.70,4.10,8.80
26/2/18-2:8:4,846,401,496,69.30,20.60,4.30,12.10
26/2/18-2:9:5,846,439,515,70.30,20.60,3.90,8.00
26/2/18-2:10:6,846,448,527,69.10,20.60,3.90,10.00
26/2/18-2:11:7,846,410,465,69.40,20.60,3.60,10.10
26/2/18-2:12:8,846,417,486,69.10,20.60,3.80,9.10
26/2/18-2:13:9,846,397,469,68.40,20.60,3.50,6.80
26/2/18-2:14:10,846,409,476,69.40,20.60,4.00,9.90
26/2/18-2:15:11,846,412,481,69.70,20.50,3.40,9.30
26/2/18-2:16:12,846,444,514,69.20,20.50,4.20,8.00
26/2/18-2:17:13,846,422,500,69.10,20.60,3.50,6.20
26/2/18-2:18:14,846,408,470,68.30,20.50,3.70,6.90
26/2/18-2:19:15,846,405,489,69.00,20.50,4.40,11.40
26/2/18-2:20:15,846,401,474,69.80,20.50,3.50,9.60
26/2/18-2:21:16,846,403,483,70.40,20.40,4.00,11.50
26/2/18-2:22:17,847,400,474,70.40,20.40,4.80,11.40
26/2/18-2:23:18,847,428,511,69.50,20.40,3.60,8.30
26/2/18-2:24:19,847,416,485,69.10,20.40,3.90,11.90
26/2/18-2:25:20,846,391,455,71.80,20.40,3.80,8.30
26/2/18-2:26:21,847,415,486,72.70,20.30,4.10,7.50
26/2/18-2:27:22,847,400,462,71.40,20.40,3.90,6.40
26/2/18-2:28:23,847,387,465,70.00,20.30,4.10,12.10
26/2/18-2:29:24,846,400,476,73.30,20.30,3.40,7.80
26/2/18-2:30:25,846,393,482,71.10,20.30,3.40,8.30
26/2/18-2:31:26,846,378,453,70.90,20.20,3.60,8.00
26/2/18-2:32:27,846,378,465,72.20,20.20,3.20,7.50
26/2/18-2:33:28,846,417,507,70.60,20.10,4.20,10.80
26/2/18-2:34:29,847,411,481,71.10,20.10,3.80,9.00
26/2/18-2:35:30,846,395,464,70.30,20.20,3.90,8.10
26/2/18-2:36:31,847,385,457,70.80,20.10,4.00,8.40
26/2/18-2:37:32,846,404,476,70.70,20.10,4.30,13.40
26/2/18-2:38:33,847,403,470,71.70,20.10,4.00,11.50
26/2/18-2:39:34,847,400,460,71.20,20.10,3.70,10.90
26/2/18-2:40:35,846,397,469,71.70,20.10,4.80,11.30
26/2/18-2:41:36,847,385,457,70.90,20.00,4.20,8.80
26/2/18-2:42:37,846,387,455,71.80,20.00,4.70,12.20
26/2/18-2:43:38,846,392,455,72.40,20.00,3.80,8.80
26/2/18-2:44:39,846,408,479,71.60,20.00,4.70,14.40
26/2/18-2:45:40,846,386,449,70.70,20.00,4.30,13.30
26/2/18-2:46:41,846,383,456,71.60,20.00,4.20,11.70
26/2/18-2:47:42,846,397,464,72.20,20.00,3.90,9.10
26/2/18-2:48:43,847,401,479,71.80,20.00,4.10,9.30
26/2/18-2:49:44,846,408,476,72.20,20.00,3.70,7.20
26/2/18-2:50:45,846,432,499,71.30,20.00,4.50,11.70
26/2/18-2:51:46,846,417,472,71.50,20.00,4.00,10.50
26/2/18-2:52:47,846,424,489,71.20,20.00,4.80,12.60
26/2/18-2:53:48,847,420,484,71.50,20.00,4.30,11.00
26/2/18-2:54:49,846,436,513,70.50,20.00,4.20,10.70
26/2/18-2:55:50,847,427,497,70.50,20.00,4.40,10.20
26/2/18-2:56:51,846,431,498,70.50,20.00,4.00,12.20
26/2/18-2:57:52,846,419,469,70.70,20.00,4.10,8.50
26/2/18-2:58:53,847,410,464,72.60,20.00,3.80,8.20
26/2/18-2:59:54,846,412,462,72.60,19.90,3.90,12.70
26/2/18-3:0:55,846,413,466,71.90,19.90,4.80,14.00
26/2/18-3:1:56,848,426,509,71.40,19.90,4.60,9.30
26/2/18-3:2:57,846,440,498,71.70,20.00,5.40,15.40
26/2/18-3:3:58,847,425,473,71.20,19.90,3.70,8.30
26/2/18-3:4:58,846,424,474,74.50,19.90,3.70,8.80
26/2/18-3:5:59,846,414,480,72.00,19.90,4.70,9.80
26/2/18-3:7:0,846,395,456,72.60,19.90,4.10,10.50
26/2/18-3:8:1,846,401,465,73.00,19.80,4.00,7.60
26/2/18-3:9:2,847,402,467,73.70,19.80,4.30,12.90
26/2/18-3:10:3,847,414,480,73.10,19.80,3.80,10.30
26/2/18-3:11:4,846,408,482,72.70,19.70,4.10,7.70
26/2/18-3:12:5,847,443,529,72.30,19.70,4.60,11.40
26/2/18-3:13:6,846,441,503,72.80,19.70,4.20,10.50
26/2/18-3:14:7,847,453,521,72.70,19.70,4.20,9.80
26/2/18-3:15:8,846,431,481,72.20,19.70,4.10,8.80
26/2/18-3:16:9,846,424,472,72.10,19.70,3.80,7.60
26/2/18-3:17:10,846,419,466,73.40,19.70,4.30,9.10
26/2/18-3:18:11,846,413,463,71.60,19.80,4.10,8.10
26/2/18-3:19:12,846,419,475,70.80,19.80,4.30,7.90
26/2/18-3:20:13,847,418,465,70.90,19.80,3.80,8.20
26/2/18-3:21:14,846,416,467,71.10,19.70,4.40,11.30
26/2/18-3:22:15,846,424,477,71.90,19.70,3.80,11.40
26/2/18-3:23:16,846,426,477,71.20,19.70,4.10,7.90
26/2/18-3:24:17,847,422,473,69.80,19.70,4.20,9.60
26/2/18-3:25:18,846,452,526,70.00,19.70,4.50,11.40
26/2/18-3:26:19,847,430,477,71.20,19.70,4.50,10.30
26/2/18-3:27:20,846,414,461,71.00,19.70,4.40,8.30
26/2/18-3:28:21,847,427,492,70.40,19.70,4.30,8.00
26/2/18-3:29:22,846,432,484,70.90,19.70,4.40,9.50
26/2/18-3:30:23,847,423,495,72.10,19.60,4.00,9.30
26/2/18-3:31:24,847,427,484,71.40,19.60,4.40,11.80
26/2/18-3:32:25,846,419,473,71.90,19.60,3.60,9.80
26/2/18-3:33:26,847,413,464,71.40,19.60,4.10,6.60
26/2/18-3:34:27,847,426,485,70.80,19.60,4.00,10.50
26/2/18-3:35:28,847,425,474,70.90,19.60,3.90,9.70
26/2/18-3:36:29,847,417,470,73.40,19.50,3.90,9.80
26/2/18-3:37:30,846,414,465,71.30,19.50,3.30,7.60
26/2/18-3:38:31,847,432,507,73.00,19.50,3.40,8.40
26/2/18-3:39:32,846,420,467,72.90,19.50,3.80,8.80
26/2/18-3:40:33,846,409,461,73.10,19.50,4.00,7.80
26/2/18-3:41:34,846,421,472,74.60,19.40,3.40,4.90
26/2/18-3:42:35,847,414,457,73.40,19.40,3.80,9.80
26/2/18-3:43:36,847,420,479,73.10,19.50,3.50,7.40
26/2/18-3:44:37,847,430,488,72.70,19.50,3.30,5.10
26/2/18-3:45:38,847,430,479,72.00,19.50,2.90,7.10
26/2/18-3:46:39,847,423,471,72.20,19.50,3.30,10.30
26/2/18-3:47:40,846,413,458,71.40,19.50,4.00,10.00
26/2/18-3:48:40,847,411,458,71.10,19.50,3.80,5.90
26/2/18-3:49:41,846,415,458,70.70,19.50,3.70,7.50
26/2/18-3:50:42,846,418,462,70.90,19.40,3.10,8.40
26/2/18-3:51:43,847,417,464,72.50,19.40,3.40,8.00
26/2/18-3:52:44,846,415,458,71.60,19.40,3.30,5.10
26/2/18-3:53:45,847,427,488,73.00,19.40,3.40,7.10
26/2/18-3:54:46,846,417,456,72.50,19.30,3.30,7.80
26/2/18-3:55:47,847,418,471,71.20,19.40,3.20,6.80
26/2/18-3:56:48,846,439,503,71.00,19.40,3.80,10.60
26/2/18-3:57:49,847,430,472,71.20,19.40,3.10,7.60
26/2/18-3:58:50,847,426,470,72.80,19.30,3.60,6.20
26/2/18-3:59:51,847,428,489,73.00,19.30,3.40,6.70
26/2/18-4:0:52,846,434,488,73.60,19.30,2.80,3.80
26/2/18-4:1:53,846,439,493,72.30,19.30,3.40,6.30
26/2/18-4:2:54,847,438,499,73.20,19.30,3.40,8.60
26/2/18-4:3:55,846,428,470,72.70,19.30,2.60,6.60
26/2/18-4:4:56,847,420,459,72.50,19.30,3.20,5.00
26/2/18-4:5:57,847,434,508,71.60,19.30,3.60,7.00
26/2/18-4:6:58,847,448,513,71.40,19.30,3.60,6.40
26/2/18-4:7:59,847,427,475,71.90,19.20,3.50,11.40
26/2/18-4:9:0,847,411,453,71.90,19.30,3.50,6.30
26/2/18-4:10:1,847,419,474,73.40,19.20,3.60,5.60
26/2/18-4:11:2,847,411,453,72.50,19.10,3.50,6.90
26/2/18-4:12:3,846,409,454,72.70,19.20,4.60,9.40
26/2/18-4:13:4,847,445,504,72.10,19.20,3.90,7.80
26/2/18-4:14:5,847,426,469,72.10,19.20,5.00,11.60
26/2/18-4:15:6,846,422,462,71.90,19.20,4.50,8.40
26/2/18-4:16:7,846,415,453,75.10,19.20,4.10,6.80
26/2/18-4:17:8,846,421,490,74.70,19.10,4.60,7.60
26/2/18-4:18:9,847,402,444,72.90,19.10,4.00,8.50
26/2/18-4:19:10,846,415,472,75.10,19.10,3.50,6.30
26/2/18-4:20:11,847,424,484,75.80,19.10,4.20,9.80
26/2/18-4:21:12,847,423,477,74.50,19.10,3.40,5.90
26/2/18-4:22:13,848,426,487,74.10,19.00,3.90,9.00
26/2/18-4:23:14,847,446,502,73.80,19.10,4.00,9.50
26/2/18-4:24:15,846,435,491,73.60,19.10,3.90,6.40
26/2/18-4:25:16,847,461,538,73.10,19.10,3.80,6.00
26/2/18-4:26:17,846,452,523,73.00,19.10,3.80,10.80
26/2/18-4:27:18,847,443,491,72.80,19.10,3.70,6.90
26/2/18-4:28:19,847,431,477,73.50,19.10,3.40,5.20
26/2/18-4:29:20,847,426,466,72.80,19.00,3.80,9.20
26/2/18-4:30:21,846,435,487,72.00,19.00,3.40,4.70
26/2/18-4:31:22,846,421,481,72.10,19.00,3.30,5.00
26/2/18-4:32:22,847,437,516,72.70,19.00,3.20,7.60
26/2/18-4:33:23,848,425,470,73.70,19.00,3.20,4.10
26/2/18-4:34:24,847,414,459,73.30,19.00,3.20,7.80
26/2/18-4:35:25,846,407,457,73.60,19.00,3.60,6.60
26/2/18-4:36:26,847,410,464,73.50,18.90,2.90,5.10
26/2/18-4:37:27,847,415,465,73.90,18.90,2.90,5.50
26/2/18-4:38:28,847,426,495,73.90,18.80,2.80,6.20
26/2/18-4:39:29,846,453,530,73.80,18.90,2.90,8.50
26/2/18-4:40:30,847,432,471,73.80,18.90,2.60,4.60
26/2/18-4:41:31,847,433,483,73.00,18.80,2.20,3.40
26/2/18-4:42:32,847,428,466,73.50,18.80,2.50,2.70
26/2/18-4:43:33,847,414,449,74.40,18.90,2.80,9.90
26/2/18-4:44:34,847,415,461,72.70,18.90,2.60,4.80
26/2/18-4:45:35,847,425,467,72.60,18.90,2.30,4.30
26/2/18-4:46:36,847,409,457,72.30,18.90,2.80,7.80
26/2/18-4:47:37,848,424,491,73.00,18.90,2.20,4.00
26/2/18-4:48:38,847,427,482,72.40,18.80,2.80,9.80
26/2/18-4:49:39,847,414,452,72.60,18.80,2.50,4.00
26/2/18-4:50:40,846,406,444,72.60,18.80,2.90,5.20
26/2/18-4:51:41,846,403,443,70.80,18.80,2.60,4.30
26/2/18-4:52:42,846,406,446,70.80,18.80,2.30,2.70
26/2/18-4:53:43,847,400,438,71.10,18.80,2.60,5.60
26/2/18-4:54:44,847,398,440,70.20,18.80,3.20,6.90
26/2/18-4:55:45,847,404,450,71.20,18.80,2.60,3.70
26/2/18-4:56:46,848,409,459,71.30,18.80,3.30,6.80
26/2/18-4:57:47,847,419,457,73.30,18.80,2.70,5.60
26/2/18-4:58:48,848,405,440,71.10,18.80,3.10,4.10
26/2/18-4:59:49,846,418,477,70.10,18.80,3.00,3.90
26/2/18-5:0:50,847,416,460,71.10,18.80,2.50,7.10
26/2/18-5:1:51,847,437,507,70.40,18.80,2.70,6.70
26/2/18-5:2:52,847,434,484,71.40,18.70,2.40,4.10
26/2/18-5:3:53,847,418,451,71.00,18.70,2.80,3.80
26/2/18-5:4:54,847,408,442,70.80,18.70,2.40,5.20
26/2/18-5:5:55,847,409,447,71.60,18.80,3.10,5.80
26/2/18-5:6:56,846,413,455,71.60,18.80,3.10,6.10
26/2/18-5:7:57,846,412,444,71.40,18.80,2.80,6.60
26/2/18-5:8:58,846,412,445,73.40,18.80,2.50,9.60
26/2/18-5:9:59,847,412,445,72.80,18.80,2.60,6.80
26/2/18-5:11:0,847,407,440,72.60,18.70,3.00,5.20
26/2/18-5:12:1,847,404,439,72.60,18.70,2.70,4.60
26/2/18-5:13:2,847,413,455,71.40,18.80,2.30,3.80
26/2/18-5:14:3,846,407,446,72.90,18.80,2.40,5.80
26/2/18-5:15:3,847,409,450,72.90,18.80,2.40,5.00
26/2/18-5:16:4,847,403,437,74.20,18.70,2.50,4.30
26/2/18-5:17:5,847,405,440,73.80,18.70,2.60,5.40
26/2/18-5:18:6,847,402,439,72.90,18.70,2.50,6.20
26/2/18-5:19:7,846,394,433,73.90,18.60,2.20,3.40
26/2/18-5:20:8,847,406,460,72.80,18.60,1.90,3.10
26/2/18-5:21:9,846,410,454,74.50,18.60,1.80,4.00
26/2/18-5:22:10,846,418,457,74.20,18.60,2.00,3.90
26/2/18-5:23:11,847,408,441,73.80,18.60,2.30,6.20
26/2/18-5:24:12,847,404,462,75.10,18.60,1.90,2.10
26/2/18-5:25:13,847,401,446,74.90,18.60,1.60,2.40
26/2/18-5:26:14,847,392,446,74.70,18.50,1.90,3.40
26/2/18-5:27:15,846,387,435,78.00,18.60,2.00,2.30
26/2/18-5:28:16,846,382,435,75.10,18.50,2.00,2.90
26/2/18-5:29:17,846,382,438,74.40,18.50,2.20,7.10
26/2/18-5:30:18,846,392,447,73.70,18.50,2.10,3.50
26/2/18-5:31:19,847,393,444,73.80,18.50,2.00,7.10
26/2/18-5:32:20,846,398,442,74.20,18.50,1.70,2.60
26/2/18-5:33:21,846,409,446,73.60,18.50,2.10,5.10
26/2/18-5:34:22,846,399,443,75.80,18.50,1.70,2.40
26/2/18-5:35:23,846,397,445,75.60,18.50,1.90,2.40
26/2/18-5:36:24,846,387,435,75.10,18.50,1.70,2.20
26/2/18-5:37:25,847,386,444,76.20,18.50,1.80,2.50
26/2/18-5:38:26,847,381,432,75.00,18.40,2.00,3.00
26/2/18-5:39:27,847,376,430,74.40,18.40,1.70,4.30
26/2/18-5:40:28,847,381,437,74.80,18.40,1.90,4.40
26/2/18-5:41:29,847,395,449,74.40,18.40,1.70,2.20
26/2/18-5:42:30,846,387,437,75.50,18.40,1.80,4.10
26/2/18-5:43:31,847,394,440,75.80,18.40,1.70,2.60
26/2/18-5:44:32,847,398,441,74.40,18.40,1.90,3.30
26/2/18-5:45:33,846,401,442,75.60,18.40,1.90,3.20
26/2/18-5:46:34,847,404,447,74.70,18.40,1.90,3.20
26/2/18-5:47:35,846,398,434,74.20,18.40,1.70,1.90
26/2/18-5:48:36,847,398,437,73.30,18.40,1.70,3.00
26/2/18-5:49:37,847,394,429,73.00,18.40,1.90,2.20
26/2/18-5:50:38,846,401,450,72.80,18.40,2.10,4.30
26/2/18-5:51:39,847,397,433,73.60,18.40,2.10,4.90
26/2/18-5:52:40,847,403,439,72.30,18.40,1.90,5.70
26/2/18-5:53:41,846,405,446,71.20,18.40,2.00,5.30
26/2/18-5:54:42,846,402,436,72.00,18.40,2.10,3.90
26/2/18-5:55:43,847,401,436,71.60,18.40,2.50,8.60
26/2/18-5:56:44,847,402,436,72.50,18.40,2.60,6.10
26/2/18-5:57:44,847,402,438,72.90,18.40,2.40,12.10
26/2/18-5:58:45,847,398,430,72.60,18.30,2.90,7.40
26/2/18-5:59:46,847,398,427,71.70,18.30,2.00,6.20
26/2/18-6:0:47,847,398,434,72.20,18.30,2.10,6.90
26/2/18-6:1:48,847,403,442,73.20,18.30,1.80,5.20
26/2/18-6:2:49,847,402,441,74.60,18.30,2.00,2.80
26/2/18-6:3:50,846,402,432,74.70,18.30,1.90,4.40
26/2/18-6:4:51,847,403,437,73.70,18.30,2.10,5.00
26/2/18-6:5:52,847,401,434,74.40,18.30,2.10,4.80
26/2/18-6:6:53,846,402,430,72.30,18.30,2.10,2.70
26/2/18-6:7:54,846,413,455,72.70,18.30,2.00,3.40
26/2/18-6:8:55,847,406,438,72.60,18.30,1.70,3.20
26/2/18-6:9:56,846,401,441,75.00,18.30,1.40,2.90
26/2/18-6:10:57,847,389,429,74.40,18.20,2.10,3.80
26/2/18-6:11:58,847,376,427,75.30,18.20,1.90,5.00
26/2/18-6:12:59,847,378,435,73.30,18.20,1.80,4.00
26/2/18-6:14:0,847,370,429,74.10,18.10,1.90,3.10
26/2/18-6:15:1,847,375,436,73.60,18.10,1.80,2.50
26/2/18-6:16:2,848,376,443,74.50,18.10,1.60,2.40
26/2/18-6:17:3,846,406,458,74.30,18.00,1.60,2.00
26/2/18-6:18:4,847,395,438,74.00,18.10,2.00,5.10
26/2/18-6:19:5,847,392,440,74.00,18.10,2.10,3.10
26/2/18-6:20:6,847,408,455,75.50,18.10,1.90,3.90
26/2/18-6:21:7,847,404,452,75.80,18.10,2.20,3.20
26/2/18-6:22:8,847,400,443,74.70,18.10,1.90,4.70
26/2/18-6:23:9,847,405,446,75.00,18.10,2.00,5.60
26/2/18-6:24:10,847,392,439,75.10,18.20,2.00,3.80
26/2/18-6:25:11,847,409,464,73.30,18.20,2.70,6.30
26/2/18-6:26:12,847,404,443,74.30,18.20,1.90,2.80
26/2/18-6:27:13,847,402,455,73.40,18.20,2.70,6.30
26/2/18-6:28:14,848,408,452,73.00,18.20,1.80,2.70
26/2/18-6:29:15,847,409,460,74.40,18.10,1.90,4.00
26/2/18-6:30:16,847,407,449,73.70,18.20,2.50,8.90
26/2/18-6:31:17,847,397,435,73.30,18.20,2.40,5.60
26/2/18-6:32:18,847,401,449,74.30,18.10,1.60,1.90
26/2/18-6:33:19,847,393,459,75.10,18.10,2.20,4.10
26/2/18-6:34:20,846,380,433,75.60,18.10,1.90,3.20
26/2/18-6:35:21,847,380,433,75.00,18.00,2.00,4.20
26/2/18-6:36:22,846,384,439,73.40,18.00,1.80,3.20
26/2/18-6:37:23,847,376,440,74.60,17.90,1.70,2.60
26/2/18-6:38:24,847,383,450,76.90,17.90,1.70,1.90
26/2/18-6:39:25,847,387,443,75.60,17.90,1.80,2.20
26/2/18-6:40:25,846,393,461,74.80,17.90,2.00,4.40
26/2/18-6:41:26,847,399,452,74.10,17.90,2.20,4.30
26/2/18-6:42:27,847,403,455,74.20,17.90,2.10,3.70
26/2/18-6:43:28,847,416,490,73.30,17.90,2.60,6.40
26/2/18-6:44:29,847,391,433,73.80,17.90,2.10,5.20
26/2/18-6:45:30,848,376,439,74.00,17.90,1.90,2.60
26/2/18-6:46:31,847,369,431,74.40,17.90,2.00,2.60
26/2/18-6:47:32,847,366,430,72.70,17.90,2.00,2.30
26/2/18-6:48:33,847,373,456,72.60,17.80,1.90,5.80
26/2/18-6:49:34,847,364,433,74.50,17.80,2.10,3.70
26/2/18-6:50:35,847,381,445,73.60,17.80,2.00,4.00
26/2/18-6:51:36,847,365,431,74.70,17.80,2.20,4.50
26/2/18-6:52:37,846,368,436,73.90,17.70,2.00,2.80
26/2/18-6:53:38,847,361,433,75.00,17.70,2.00,4.80
26/2/18-6:54:39,847,370,437,74.90,17.70,1.90,4.70
26/2/18-6:55:40,847,365,432,73.40,17.60,1.70,2.30
26/2/18-6:56:41,847,358,428,73.40,17.60,1.90,3.50
26/2/18-6:57:42,848,370,445,73.80,17.70,2.20,4.20
26/2/18-6:58:43,847,377,453,73.50,17.70,2.00,6.00
26/2/18-6:59:44,847,376,440,74.20,17.60,2.30,3.90
26/2/18-7:0:45,847,379,448,73.50,17.60,2.00,4.70
26/2/18-7:1:46,847,373,458,72.50,17.60,2.40,4.40
26/2/18-7:2:47,847,371,473,72.40,17.70,2.20,4.80
26/2/18-7:3:48,847,376,467,72.60,17.70,2.00,3.40
26/2/18-7:4:49,846,372,454,74.30,17.70,2.20,3.20
26/2/18-7:5:50,847,373,464,71.70,17.70,2.50,5.10
26/2/18-7:6:51,847,357,436,71.10,17.70,2.10,5.40
26/2/18-7:7:52,847,356,477,71.90,17.70,1.70,2.60
26/2/18-7:8:53,847,348,441,71.40,17.70,1.90,2.70
26/2/18-7:9:54,847,359,449,69.60,17.70,2.10,4.10
26/2/18-7:10:55,847,357,445,70.80,17.70,1.90,4.00
26/2/18-7:11:56,847,346,437,70.80,17.70,2.30,5.90
26/2/18-7:12:57,847,359,442,69.40,17.70,1.90,6.20
26/2/18-7:13:58,847,359,464,70.30,17.70,2.10,3.40
26/2/18-7:14:59,848,371,456,70.00,17.70,2.50,4.10
26/2/18-7:16:0,847,363,448,69.60,17.70,2.30,5.60
26/2/18-7:17:1,847,373,466,68.80,17.70,1.90,2.80
26/2/18-7:18:2,847,355,441,69.20,17.70,2.10,2.70
26/2/18-7:19:3,847,362,460,69.70,17.70,2.20,6.10
26/2/18-7:20:4,847,363,455,69.70,17.70,2.10,2.90
26/2/18-7:21:5,847,362,453,69.80,17.70,2.10,3.10
26/2/18-7:22:5,847,354,445,70.80,17.70,2.20,4.40
26/2/18-7:23:6,847,350,439,69.50,17.70,2.30,4.50
26/2/18-7:24:7,847,360,445,68.80,17.70,2.30,6.20
26/2/18-7:25:8,847,354,453,69.60,17.70,1.90,2.70
26/2/18-7:26:9,847,360,454,68.60,17.70,2.50,5.40
26/2/18-7:27:10,847,364,469,68.40,17.70,2.30,5.20
26/2/18-7:28:11,846,356,455,68.70,17.70,2.30,5.20
26/2/18-7:29:12,847,375,469,69.50,17.70,2.20,4.50
26/2/18-7:30:13,847,364,458,68.50,17.70,2.90,9.50
26/2/18-7:31:14,847,354,442,67.60,17.70,2.30,5.20
26/2/18-7:32:15,847,342,444,66.90,17.70,2.00,4.10
26/2/18-7:33:16,847,353,458,66.50,17.70,2.20,4.60
26/2/18-7:34:17,848,364,468,67.40,17.70,2.30,5.70
26/2/18-7:35:18,849,361,452,66.90,17.70,2.40,4.80
26/2/18-7:36:19,847,346,441,66.70,17.70,2.00,5.60
26/2/18-7:37:20,847,358,456,67.10,17.70,1.80,4.50
26/2/18-7:38:21,847,377,465,67.80,17.70,2.20,4.50
26/2/18-7:39:22,847,379,460,69.30,17.70,2.60,4.30
26/2/18-7:40:23,847,376,472,68.80,17.80,2.30,5.10
26/2/18-7:41:24,847,362,445,68.30,17.80,2.40,7.90
26/2/18-7:42:25,847,355,444,67.00,17.80,2.50,4.50
26/2/18-7:43:26,847,356,456,69.20,17.80,3.00,5.40
26/2/18-7:44:27,847,371,470,69.20,17.80,3.20,4.80
26/2/18-7:45:28,847,362,450,69.00,17.80,2.80,5.90
26/2/18-7:46:29,847,373,461,68.90,17.80,2.80,3.80
26/2/18-7:47:30,846,364,460,70.30,17.80,3.20,5.80
26/2/18-7:48:31,847,377,464,68.80,17.80,3.00,7.40
26/2/18-7:49:32,847,377,458,69.80,17.90,2.80,4.90
26/2/18-7:50:33,847,371,456,70.00,17.90,3.00,5.00
26/2/18-7:51:34,847,361,459,70.40,17.90,3.00,5.10
26/2/18-7:52:35,847,376,490,69.00,17.90,2.70,3.60
26/2/18-7:53:36,847,381,478,68.80,17.90,3.00,7.90
26/2/18-7:54:37,847,369,453,70.40,17.90,3.10,5.30
26/2/18-7:55:38,847,375,463,69.30,17.90,3.70,7.30
26/2/18-7:56:39,846,386,474,69.70,18.00,4.10,10.40
26/2/18-7:57:40,847,385,463,71.30,18.00,3.40,9.90
26/2/18-7:58:41,847,375,459,68.50,18.00,4.00,6.40
26/2/18-7:59:42,847,372,502,67.40,18.00,3.40,6.80
26/2/18-8:0:43,847,392,473,67.00,18.00,3.60,5.50
26/2/18-8:1:44,847,383,461,69.70,18.10,4.30,8.50
26/2/18-8:2:45,847,385,465,69.20,18.10,3.40,6.00
26/2/18-8:3:46,847,371,461,69.70,18.10,4.30,10.90
26/2/18-8:4:46,847,386,478,69.80,18.10,3.60,5.50
26/2/18-8:5:47,846,379,462,71.60,18.10,3.70,6.80
26/2/18-8:6:48,846,379,463,70.20,18.10,3.90,8.10
26/2/18-8:7:49,847,379,462,70.30,18.10,3.80,5.50
26/2/18-8:8:50,846,364,447,70.80,18.20,4.00,5.60
26/2/18-8:9:51,847,373,455,69.70,18.20,3.60,7.80
26/2/18-8:10:52,847,364,448,70.70,18.20,3.80,7.50
26/2/18-8:11:53,847,371,461,71.10,18.20,3.60,12.60
26/2/18-8:12:54,847,382,468,71.20,18.20,3.80,7.40
26/2/18-8:13:55,847,371,454,71.80,18.20,3.80,11.20
26/2/18-8:14:56,846,371,452,71.00,18.30,4.50,11.00
26/2/18-8:15:57,846,374,470,71.60,18.30,3.80,8.90
26/2/18-8:16:58,846,377,463,70.90,18.30,4.20,12.30
26/2/18-8:17:59,847,384,475,70.20,18.30,4.20,10.00
26/2/18-8:19:0,846,392,479,71.30,18.30,4.20,6.40
26/2/18-8:20:1,846,403,497,71.90,18.40,3.80,9.20
26/2/18-8:21:2,847,395,481,73.40,18.40,4.50,10.70
26/2/18-8:22:3,846,382,463,72.00,18.50,4.30,7.60
26/2/18-8:23:4,846,393,499,70.70,18.50,4.90,7.90
26/2/18-8:24:5,846,394,475,71.70,18.50,5.00,13.20
26/2/18-8:25:6,846,395,496,72.00,18.60,4.30,9.30
26/2/18-8:26:7,846,390,478,70.40,18.60,4.50,8.90
26/2/18-8:27:8,846,390,471,70.70,18.60,3.90,6.40
26/2/18-8:28:9,846,397,485,70.30,18.70,3.90,6.10
26/2/18-8:29:10,847,406,494,69.20,18.70,3.80,6.10
26/2/18-8:30:11,847,397,487,68.90,18.80,4.70,11.00
26/2/18-8:31:12,846,405,504,70.00,18.80,4.30,9.30
26/2/18-8:32:13,846,408,546,69.00,18.90,4.20,7.90
26/2/18-8:33:14,847,403,505,69.10,18.90,4.50,8.70
26/2/18-8:34:15,847,416,527,69.10,18.90,4.50,10.30
26/2/18-8:35:16,847,401,487,69.40,19.00,4.40,8.00
26/2/18-8:36:17,846,403,506,67.70,19.10,5.20,10.00
26/2/18-8:37:18,846,401,496,69.40,19.00,4.90,9.90
26/2/18-8:38:19,847,404,533,67.40,19.10,5.20,12.00
26/2/18-8:39:20,847,406,516,68.00,19.10,5.10,15.00
26/2/18-8:40:21,847,398,475,67.50,19.10,5.50,14.80
26/2/18-8:41:22,846,416,580,67.50,19.20,6.60,23.70
26/2/18-8:42:23,847,408,505,68.10,19.30,6.30,18.10
26/2/18-8:43:24,846,412,512,68.10,19.30,5.30,10.70
26/2/18-8:44:25,846,393,477,68.00,19.30,5.70,15.10
26/2/18-8:45:26,846,396,482,66.60,19.40,5.70,11.80
26/2/18-8:46:27,847,374,466,64.90,19.40,5.50,14.70
26/2/18-8:47:27,846,386,490,64.10,19.40,5.40,13.80
26/2/18-8:48:28,847,386,490,64.30,19.40,5.80,13.70
26/2/18-8:49:29,847,382,478,63.60,19.40,5.70,13.20
26/2/18-8:50:30,846,379,472,63.80,19.40,6.50,18.60
26/2/18-8:51:31,846,391,496,64.50,19.40,6.50,11.00
26/2/18-8:52:32,846,382,496,64.90,19.40,5.90,12.90
26/2/18-8:53:33,848,382,475,65.10,19.50,7.10,14.10
26/2/18-8:54:34,846,382,498,65.20,19.50,6.70,17.80
26/2/18-8:55:35,846,375,461,64.30,19.50,6.60,12.60
26/2/18-8:56:36,846,392,516,65.30,19.60,6.70,11.50
26/2/18-8:57:37,847,401,489,66.00,19.60,7.30,14.00
26/2/18-8:58:38,846,396,479,66.10,19.70,6.50,10.30
26/2/18-8:59:39,846,391,469,65.30,19.70,7.60,17.60
26/2/18-9:0:40,846,394,471,64.80,19.80,7.50,14.50
26/2/18-9:1:41,847,403,538,65.10,19.80,7.00,13.30
26/2/18-9:2:42,846,359,449,64.60,19.80,7.80,12.30
26/2/18-9:3:43,846,386,567,62.50,19.90,6.90,12.50
26/2/18-9:4:44,847,384,514,63.70,19.90,6.70,14.10
26/2/18-9:5:45,846,398,523,64.00,19.90,7.10,14.40
26/2/18-9:6:46,846,386,481,64.20,19.90,6.50,11.60
26/2/18-9:7:47,846,384,499,63.70,20.00,9.00,18.00
26/2/18-9:8:48,845,371,449,64.20,20.00,8.30,18.50
26/2/18-9:9:49,846,375,463,64.90,20.00,7.90,18.00
26/2/18-9:10:50,845,377,466,65.20,20.00,7.50,15.20
26/2/18-9:11:51,847,385,481,63.60,20.10,7.90,16.70
26/2/18-9:12:52,846,400,521,64.70,20.10,8.40,15.20
26/2/18-9:13:53,846,395,495,64.10,20.10,8.20,17.00
26/2/18-9:14:54,846,383,460,63.90,20.20,6.60,13.30
26/2/18-9:15:55,847,391,517,63.60,20.20,7.10,15.60
26/2/18-9:16:56,847,403,573,64.30,20.20,7.40,11.50
26/2/18-9:17:57,846,402,492,64.60,20.30,6.30,12.40
26/2/18-9:18:58,846,391,453,65.20,20.30,5.90,11.90
26/2/18-9:19:59,846,398,538,63.90,20.40,6.50,16.70
26/2/18-9:21:0,846,391,471,63.80,20.40,6.00,10.40
26/2/18-9:22:1,846,404,491,64.20,20.40,6.10,15.00
26/2/18-9:23:2,847,400,461,65.10,20.50,6.10,18.00
26/2/18-9:24:3,847,373,440,65.00,20.50,6.40,13.70
26/2/18-9:25:4,847,356,470,63.00,20.50,5.50,10.50
26/2/18-9:26:5,846,374,464,63.00,20.60,5.30,10.20
26/2/18-9:27:6,846,387,526,63.40,20.60,4.90,9.80
26/2/18-9:28:7,847,382,462,62.80,20.60,5.00,7.50
26/2/18-9:29:8,846,412,526,62.30,20.60,5.40,11.00
26/2/18-9:30:9,846,382,471,64.30,20.70,4.70,12.50
26/2/18-9:31:10,846,384,503,62.40,20.70,5.50,9.50
26/2/18-9:32:10,845,401,588,62.50,20.80,4.70,9.10
26/2/18-9:33:11,847,398,498,61.90,20.80,5.70,11.40
26/2/18-9:34:12,846,418,594,62.80,20.80,5.00,9.90
26/2/18-9:35:13,846,413,508,62.40,20.80,4.90,11.80
26/2/18-9:36:14,846,402,501,61.50,20.80,4.50,9.50
26/2/18-9:37:15,846,399,500,63.20,20.90,4.50,12.30
26/2/18-9:38:16,846,401,495,62.60,20.90,5.00,9.80
26/2/18-9:39:17,846,385,462,61.60,21.00,4.90,10.20
26/2/18-9:40:18,847,395,506,62.70,21.00,4.70,8.90
26/2/18-9:41:19,846,390,481,61.70,21.10,4.00,7.40
26/2/18-9:42:20,847,403,543,61.70,21.10,3.90,8.10
26/2/18-9:43:21,846,398,518,62.80,21.20,4.00,9.60
26/2/18-9:44:22,846,389,487,62.00,21.20,4.40,8.60
26/2/18-9:45:23,846,388,458,61.60,21.30,4.20,10.50
26/2/18-9:46:24,846,389,524,61.10,21.30,4.60,9.50
26/2/18-9:47:25,846,389,493,60.40,21.30,4.30,16.50
26/2/18-9:48:26,846,374,454,60.30,21.40,3.60,6.80
26/2/18-9:49:27,846,382,536,60.50,21.50,3.80,9.40
26/2/18-9:50:28,846,361,496,59.60,21.50,3.30,5.70
26/2/18-9:51:29,846,374,463,59.20,21.50,3.30,6.50
26/2/18-9:52:30,846,374,455,58.80,21.60,3.40,10.90
26/2/18-9:53:31,846,371,448,58.30,21.60,3.10,5.60
26/2/18-9:54:32,846,400,556,58.90,21.70,3.80,8.00
26/2/18-9:55:33,846,393,475,58.60,21.70,3.40,8.60
26/2/18-9:56:34,846,431,651,58.60,21.70,3.20,6.90
26/2/18-9:57:35,846,418,467,59.00,21.80,3.40,10.90
26/2/18-9:58:36,846,388,449,59.00,21.80,3.80,9.60
26/2/18-9:59:37,846,385,458,59.00,21.90,4.00,10.90
26/2/18-10:0:38,846,425,576,58.50,21.90,4.30,9.10
26/2/18-10:1:39,846,415,506,59.70,22.00,4.10,10.50
26/2/18-10:2:40,846,410,503,59.20,22.00,3.70,10.90
26/2/18-10:3:41,846,396,462,59.30,22.00,3.80,13.20
26/2/18-10:4:42,846,409,527,58.60,22.10,3.60,10.20
26/2/18-10:5:43,846,384,474,58.40,22.10,3.70,10.90
26/2/18-10:6:44,846,388,515,58.80,22.10,3.80,8.70
26/2/18-10:7:45,845,389,486,58.50,22.10,3.90,10.80
26/2/18-10:8:46,846,385,454,58.50,22.10,3.70,8.40
26/2/18-10:9:47,845,384,476,59.10,22.20,3.60,9.30
26/2/18-10:10:48,845,365,450,58.30,22.30,3.30,8.40
26/2/18-10:11:49,846,384,515,58.80,22.30,2.90,6.70
26/2/18-10:12:50,846,409,565,58.60,22.30,3.40,7.20
26/2/18-10:13:51,846,407,523,58.70,22.30,3.20,8.00
26/2/18-10:14:52,845,382,466,57.70,22.30,3.20,6.90
26/2/18-10:15:53,845,366,477,57.70,22.40,3.70,7.80
26/2/18-10:16:54,846,369,485,58.40,22.40,3.30,5.70
26/2/18-10:17:55,845,391,598,58.40,22.40,3.10,7.70
26/2/18-10:18:56,846,409,528,59.90,22.40,3.80,7.80
26/2/18-10:19:56,845,419,521,58.60,22.50,3.10,6.00
26/2/18-10:20:57,846,393,471,58.40,22.50,2.70,5.40
26/2/18-10:21:58,845,376,461,58.80,22.50,4.30,9.80
26/2/18-10:22:59,845,404,521,58.50,22.60,3.30,6.90
26/2/18-10:24:0,845,434,538,59.00,22.60,3.00,7.00
26/2/18-10:25:1,845,429,525,58.50,22.70,2.90,7.10
26/2/18-10:26:2,846,423,509,58.70,22.70,3.20,7.20
26/2/18-10:27:3,845,404,469,58.90,22.70,2.70,4.90
26/2/18-10:28:4,846,388,478,57.80,22.80,2.80,6.50
26/2/18-10:29:5,846,439,505,59.10,22.80,4.30,12.00
26/2/18-10:30:6,846,382,481,59.80,22.80,3.30,7.20
26/2/18-10:31:7,846,380,473,58.30,22.80,2.60,12.20
26/2/18-10:32:8,846,355,463,59.40,22.80,2.80,5.80
26/2/18-10:33:9,845,316,440,58.50,22.90,2.70,8.60
26/2/18-10:34:10,845,271,464,58.50,22.80,3.10,5.70
26/2/18-10:35:11,845,346,479,58.00,22.80,2.90,6.20
26/2/18-10:36:12,845,373,526,59.00,22.80,3.00,6.80
26/2/18-10:37:13,845,327,449,60.00,22.80,3.00,7.10
26/2/18-10:38:14,845,323,459,58.20,22.90,2.60,5.20
26/2/18-10:39:15,845,314,447,59.60,22.90,2.60,5.20
26/2/18-10:40:16,846,336,480,59.40,22.90,2.50,3.60
26/2/18-10:41:17,846,329,446,59.50,22.90,2.50,4.40
26/2/18-10:42:18,846,339,546,58.60,23.00,2.70,5.80
26/2/18-10:43:19,845,376,492,58.90,23.00,2.40,8.30
26/2/18-10:44:20,846,378,470,58.30,23.00,3.50,9.20
26/2/18-10:45:21,846,374,489,59.40,23.10,2.60,6.40
26/2/18-10:46:22,846,292,435,58.80,23.10,3.30,6.40
26/2/18-10:47:23,845,301,509,58.50,23.10,3.10,4.80
26/2/18-10:48:24,846,323,461,57.70,23.10,3.00,7.40
26/2/18-10:49:25,845,324,451,57.80,23.10,2.40,2.70
26/2/18-10:50:26,845,281,458,59.30,23.10,3.10,8.10
26/2/18-10:51:27,846,319,498,57.70,23.10,2.30,5.50
26/2/18-10:52:28,845,273,470,59.30,23.10,3.00,5.20
26/2/18-10:53:29,846,323,457,59.40,23.10,3.00,6.60
26/2/18-10:54:30,845,317,460,57.50,23.20,2.90,6.50
26/2/18-10:55:31,845,372,526,57.30,23.20,2.80,9.00
26/2/18-10:56:32,846,345,468,57.20,23.20,2.70,5.50
26/2/18-10:57:33,845,343,576,56.70,23.20,2.80,6.10
26/2/18-10:58:34,845,296,447,57.30,23.30,3.40,6.00
26/2/18-10:59:35,845,263,467,57.30,23.30,3.20,10.80
26/2/18-11:0:36,846,337,504,56.80,23.20,3.10,8.90
26/2/18-11:1:37,845,268,443,57.20,23.30,3.00,8.50
26/2/18-11:2:38,846,293,529,55.90,23.30,3.20,6.50
26/2/18-11:3:39,845,261,466,56.80,23.30,3.20,6.70
26/2/18-11:4:40,845,336,500,57.00,23.40,2.70,5.00
26/2/18-11:5:41,845,342,482,55.70,23.40,2.90,6.30
26/2/18-11:6:42,845,366,472,57.10,23.50,2.90,6.50
26/2/18-11:7:43,845,381,518,56.20,23.50,3.70,7.30
26/2/18-11:8:43,846,336,476,56.10,23.60,3.70,11.60
26/2/18-11:9:44,845,359,476,56.50,23.60,4.00,8.30
26/2/18-11:10:45,845,395,554,56.30,23.70,3.30,7.30
26/2/18-11:11:46,845,356,476,55.40,23.70,3.90,8.30
26/2/18-11:12:47,846,337,482,55.00,23.70,3.80,10.20
26/2/18-11:13:48,845,362,511,55.20,23.80,3.00,5.40
26/2/18-11:14:49,845,324,464,55.00,23.80,2.50,6.80
26/2/18-11:15:50,845,335,456,55.60,23.80,2.70,5.30
26/2/18-11:16:51,846,329,471,55.10,23.80,2.70,6.60
26/2/18-11:17:52,845,348,529,55.00,23.90,2.80,8.50
26/2/18-11:18:53,845,364,464,55.70,23.90,3.10,6.10
26/2/18-11:19:54,845,368,516,55.00,23.90,2.80,4.30
26/2/18-11:20:55,845,339,454,55.00,24.00,2.90,8.20
26/2/18-11:21:56,846,305,475,55.40,24.00,2.30,5.80
26/2/18-11:22:57,845,310,611,53.80,24.00,2.50,5.50
26/2/18-11:23:58,845,285,445,54.00,24.00,2.00,4.20
26/2/18-11:24:59,845,274,454,54.20,24.00,2.10,4.00
26/2/18-11:26:0,845,306,479,54.20,24.10,2.70,6.70
26/2/18-11:27:1,845,369,527,54.20,24.10,2.10,3.30
26/2/18-11:28:2,845,331,483,54.30,24.10,2.10,3.60
26/2/18-11:29:3,845,286,444,54.40,24.10,2.70,5.30
26/2/18-11:30:4,845,239,456,54.70,24.20,2.00,3.10
26/2/18-11:31:5,845,177,435,53.50,24.20,2.20,3.90
26/2/18-11:32:6,845,192,446,52.40,24.20,2.70,7.20
26/2/18-11:33:7,845,288,519,52.80,24.20,2.10,5.60
26/2/18-11:34:8,845,276,456,53.20,24.20,2.50,5.90
26/2/18-11:35:9,845,295,544,54.00,24.10,1.70,4.10
26/2/18-11:36:10,845,389,587,55.00,24.20,2.20,5.50
26/2/18-11:37:11,846,360,485,53.90,24.20,2.50,6.20
26/2/18-11:38:12,845,284,462,53.70,24.30,2.60,8.60
26/2/18-11:39:13,845,277,452,54.20,24.30,2.40,5.00
26/2/18-11:40:14,846,271,454,55.30,24.30,2.80,10.60
26/2/18-11:41:15,846,247,459,52.90,24.40,2.80,3.70
26/2/18-11:42:16,849,221,488,53.30,24.40,2.50,5.50
26/2/18-11:43:17,849,265,492,52.90,24.40,2.50,5.40
26/2/18-11:44:18,845,293,472,53.00,24.50,2.60,6.60
26/2/18-11:45:19,845,395,620,53.20,24.40,2.40,5.60
26/2/18-11:46:20,846,331,456,52.50,24.50,3.00,5.30
26/2/18-11:47:21,845,300,466,52.70,24.50,2.90,5.30
26/2/18-11:48:22,845,378,577,53.40,24.50,3.20,7.90
26/2/18-11:49:23,845,337,484,53.50,24.60,3.00,6.00
26/2/18-11:50:24,845,237,451,54.00,24.60,3.50,8.00
26/2/18-11:51:25,846,286,472,52.80,24.60,3.20,4.80
26/2/18-11:52:26,845,254,468,53.40,24.70,3.60,5.80
26/2/18-11:53:27,846,231,454,53.30,24.60,3.40,6.50
26/2/18-11:54:28,845,281,594,54.60,24.70,3.30,5.90
26/2/18-11:55:29,845,243,452,54.30,24.60,3.10,5.60
26/2/18-11:56:30,848,161,432,54.20,24.70,3.60,9.20
26/2/18-11:57:31,849,257,627,53.90,24.80,3.70,7.00
26/2/18-11:58:32,845,330,465,53.80,24.80,3.30,6.50
26/2/18-11:59:33,845,305,446,55.10,24.80,3.50,9.10
26/2/18-12:0:33,845,267,448,54.60,24.90,3.30,9.60
26/2/18-12:1:34,845,227,480,54.00,24.90,3.40,5.20
26/2/18-12:2:35,845,297,466,53.50,24.90,2.90,6.30
26/2/18-12:3:36,844,272,453,53.70,25.00,3.30,8.50
26/2/18-12:4:37,845,171,437,53.10,25.00,3.30,5.90
26/2/18-12:5:38,845,155,430,53.10,25.00,3.30,8.70
26/2/18-12:6:39,845,173,452,53.30,25.00,2.80,6.60
26/2/18-12:7:40,845,205,457,53.60,25.00,3.00,4.80
26/2/18-12:8:41,845,380,630,53.80,25.00,2.90,8.30
26/2/18-12:9:42,845,345,526,53.40,25.00,2.60,3.60
26/2/18-12:10:43,845,215,437,51.80,25.00,2.20,5.30
26/2/18-12:11:44,845,173,427,52.50,25.00,2.30,4.50
26/2/18-12:12:45,845,135,430,52.60,25.00,2.80,4.80
26/2/18-12:13:46,845,243,446,53.80,25.00,2.30,3.50
26/2/18-12:14:47,846,354,632,53.10,25.00,2.70,6.40
26/2/18-12:15:48,845,325,501,54.00,25.00,3.00,7.90
26/2/18-12:16:49,845,414,601,53.50,25.10,3.10,10.50
26/2/18-12:17:50,847,224,432,53.00,25.20,2.90,5.20
26/2/18-12:18:51,845,162,435,52.10,25.20,3.20,8.00
26/2/18-12:19:52,845,208,467,52.00,25.20,2.70,4.80
26/2/18-12:20:53,845,200,469,51.30,25.20,2.40,4.20
26/2/18-12:21:54,845,171,461,51.80,25.20,2.60,4.20
26/2/18-12:22:55,845,143,427,52.70,25.20,2.60,4.00
26/2/18-12:23:56,845,129,436,53.40,25.10,2.50,6.20
26/2/18-12:24:57,845,183,442,52.30,25.10,2.60,4.40
26/2/18-12:25:58,845,133,438,52.80,25.10,2.60,4.20
26/2/18-12:26:59,845,143,437,52.70,25.10,2.90,4.20
26/2/18-12:28:0,845,273,527,52.70,25.10,3.00,8.50
26/2/18-12:29:1,846,332,466,53.00,25.10,2.80,5.20
26/2/18-12:30:2,845,177,426,53.50,25.20,2.20,2.80
26/2/18-12:31:3,844,185,439,53.10,25.20,2.80,7.40
26/2/18-12:32:4,844,144,443,52.90,25.20,3.00,4.50
26/2/18-12:33:5,845,173,437,52.70,25.10,3.40,7.10
26/2/18-12:34:6,844,124,432,53.30,25.10,3.50,8.70
26/2/18-12:35:7,844,135,447,53.20,25.20,4.10,12.80
26/2/18-12:36:8,845,243,488,53.80,25.10,3.50,6.10
26/2/18-12:37:9,846,326,526,54.30,25.10,3.50,6.90
26/2/18-12:38:10,844,353,514,54.10,25.20,3.70,6.20
26/2/18-12:39:11,844,309,472,54.90,25.20,3.40,7.30
26/2/18-12:40:12,845,225,443,54.20,25.30,3.70,7.60
26/2/18-12:41:13,845,206,475,53.90,25.30,3.30,6.60
26/2/18-12:42:14,845,321,501,53.70,25.40,3.20,6.80
26/2/18-12:43:15,845,225,464,53.60,25.50,3.50,6.10
26/2/18-12:44:16,845,299,459,53.10,25.50,3.10,5.80
26/2/18-12:45:17,845,204,450,51.90,25.60,3.30,6.90
26/2/18-12:46:18,845,257,468,51.40,25.50,3.40,13.90
26/2/18-12:47:19,845,213,441,52.40,25.60,3.00,7.90
26/2/18-12:48:20,844,207,488,51.20,25.60,2.50,7.70
26/2/18-12:49:21,845,233,481,51.50,25.60,2.60,9.00
26/2/18-12:50:22,845,257,452,50.70,25.70,2.90,4.30
26/2/18-12:51:23,844,207,438,50.70,25.70,2.70,6.40
26/2/18-12:52:24,845,139,425,50.20,25.80,2.70,6.60
26/2/18-12:53:25,845,131,434,50.20,25.80,2.50,4.40
26/2/18-12:54:25,845,183,437,50.30,25.70,2.30,4.00
26/2/18-12:55:26,845,304,565,50.20,25.70,2.40,3.30
26/2/18-12:56:27,844,261,434,51.30,25.80,2.30,6.40
26/2/18-12:57:28,845,241,461,50.80,25.80,2.10,2.80
26/2/18-12:58:29,845,171,440,49.90,25.80,2.10,4.90
26/2/18-12:59:30,845,205,444,49.40,25.80,2.60,4.40
26/2/18-13:0:31,846,330,501,50.10,25.80,2.40,3.90
26/2/18-13:1:32,844,303,451,50.50,25.80,2.60,10.70
26/2/18-13:2:33,845,171,445,49.50,25.80,2.80,7.00
26/2/18-13:3:34,845,188,461,50.00,25.80,2.80,11.90
26/2/18-13:4:35,845,243,553,50.40,25.80,2.60,4.50
26/2/18-13:5:36,845,331,465,51.20,25.90,2.80,4.90
26/2/18-13:6:37,845,312,452,51.60,25.90,2.60,6.30
26/2/18-13:7:38,845,289,454,49.50,25.90,2.20,3.90
26/2/18-13:8:39,844,387,578,49.80,25.90,2.50,3.60
26/2/18-13:9:40,845,243,442,50.70,26.10,2.30,4.70
26/2/18-13:10:41,845,191,449,49.70,26.10,2.20,5.00
26/2/18-13:11:42,844,252,466,49.90,26.10,2.60,5.10
26/2/18-13:12:43,845,232,436,49.90,26.10,2.10,3.00
26/2/18-13:13:44,845,256,477,50.20,26.10,2.50,5.50
26/2/18-13:14:45,845,186,484,50.30,26.10,2.40,6.70
26/2/18-13:15:46,845,179,434,49.80,26.10,2.30,4.10
26/2/18-13:16:47,845,258,463,49.50,26.10,2.10,3.20
26/2/18-13:17:48,845,139,435,50.20,26.10,2.50,5.30
26/2/18-13:18:49,846,277,488,50.00,26.10,2.10,5.60
26/2/18-13:19:50,844,153,427,51.00,26.10,2.20,4.70
26/2/18-13:20:51,844,240,509,49.30,26.10,2.40,6.50
26/2/18-13:21:52,845,286,493,49.50,26.10,2.60,4.30
26/2/18-13:22:53,844,197,462,49.60,26.20,2.10,3.70
26/2/18-13:23:54,844,179,438,48.70,26.20,2.00,2.90
26/2/18-13:24:55,844,217,460,48.40,26.20,2.00,5.60
26/2/18-13:25:56,844,257,458,48.50,26.30,2.30,5.60
26/2/18-13:26:57,845,286,450,48.40,26.30,2.00,4.50
26/2/18-13:27:58,845,158,429,49.00,26.40,2.30,3.80
26/2/18-13:28:59,845,206,486,47.90,26.40,2.50,6.00
26/2/18-13:30:0,845,158,436,48.00,26.30,1.90,4.50
26/2/18-13:31:1,845,205,472,48.30,26.30,1.90,3.50
26/2/18-13:32:2,845,336,576,48.60,26.50,2.30,5.50
26/2/18-13:33:3,845,217,466,48.90,26.50,2.30,5.20
26/2/18-13:34:4,845,192,461,48.00,26.50,2.50,4.70
26/2/18-13:35:5,845,244,473,48.20,26.50,2.20,7.60
26/2/18-13:36:6,845,261,567,47.90,26.50,2.30,6.20
26/2/18-13:37:7,844,280,545,47.90,26.60,1.90,5.80
26/2/18-13:38:8,844,287,515,48.20,26.60,2.00,5.10
26/2/18-13:39:9,845,306,511,46.40,26.70,1.70,3.30
26/2/18-13:40:10,845,254,476,48.00,26.70,2.10,3.50
26/2/18-13:41:11,844,374,585,46.00,26.70,1.80,4.40
26/2/18-13:42:12,845,217,469,45.90,26.70,2.10,5.00
26/2/18-13:43:13,844,191,462,45.20,26.80,2.00,4.30
26/2/18-13:44:14,844,186,450,45.90,26.70,1.70,2.20
26/2/18-13:45:15,845,132,430,46.10,26.70,2.10,5.90
26/2/18-13:46:16,844,144,433,44.30,26.80,2.00,4.60
26/2/18-13:47:17,845,150,472,44.90,26.80,2.50,6.30
26/2/18-13:48:17,844,181,438,45.90,26.70,1.70,3.30
26/2/18-13:49:18,844,213,460,45.00,26.80,1.80,2.90
26/2/18-13:50:19,845,192,515,43.60,26.80,2.20,4.90
26/2/18-13:51:20,844,347,615,44.10,26.80,2.10,5.30
26/2/18-13:52:21,845,353,525,43.60,26.90,2.00,5.20
26/2/18-13:53:22,844,254,456,44.90,26.90,1.90,4.10
26/2/18-13:54:23,844,239,531,45.50,27.00,1.70,3.30
26/2/18-13:55:24,844,267,486,45.00,27.00,1.90,6.10
26/2/18-13:56:25,845,136,425,46.10,27.00,1.60,2.70
26/2/18-13:57:26,844,147,440,44.90,27.00,2.00,3.20
26/2/18-13:58:27,846,280,488,44.40,27.00,2.10,3.40
26/2/18-13:59:28,846,220,475,44.90,27.00,1.70,2.70
26/2/18-14:0:29,845,250,497,43.40,27.10,2.30,2.70
26/2/18-14:1:30,844,209,473,43.90,27.10,1.60,4.20
26/2/18-14:2:31,844,154,446,44.50,27.10,2.00,6.30
26/2/18-14:3:32,845,269,474,44.20,27.10,2.10,4.40
26/2/18-14:4:33,845,301,590,44.40,27.20,1.80,6.50
26/2/18-14:5:34,844,209,469,44.10,27.20,1.90,4.20
26/2/18-14:6:35,844,326,552,44.70,27.20,1.90,4.90
26/2/18-14:7:36,845,357,562,45.20,27.20,1.70,4.10
26/2/18-14:8:37,845,301,523,44.30,27.30,1.70,3.80
26/2/18-14:9:38,844,382,602,42.50,27.30,2.00,6.70
26/2/18-14:10:39,844,244,452,43.90,27.40,2.20,10.70
26/2/18-14:11:40,844,182,477,45.20,27.40,2.40,4.90
26/2/18-14:12:41,845,202,476,44.50,27.40,1.90,3.50
26/2/18-14:13:42,844,294,501,44.30,27.40,2.30,5.00
26/2/18-14:14:43,844,210,451,44.70,27.30,2.00,4.70
26/2/18-14:15:44,844,229,473,44.20,27.40,2.20,6.80
26/2/18-14:16:45,845,275,506,43.00,27.40,2.00,4.10
26/2/18-14:17:46,844,335,508,43.80,27.40,1.70,3.00
26/2/18-14:18:47,845,283,543,44.20,27.40,2.20,6.60
26/2/18-14:19:48,845,163,449,43.60,27.40,2.20,3.20
26/2/18-14:20:49,844,258,586,42.40,27.40,2.00,4.20
26/2/18-14:21:50,844,287,452,42.60,27.50,1.90,4.30
26/2/18-14:22:51,844,274,516,42.80,27.50,2.00,5.40
26/2/18-14:23:52,845,145,436,42.50,27.50,1.80,3.20
26/2/18-14:24:53,844,136,442,42.70,27.50,2.30,6.00
26/2/18-14:25:54,845,171,460,42.90,27.50,1.80,5.60
26/2/18-14:26:55,845,251,510,42.20,27.50,2.30,7.40
26/2/18-14:27:56,844,186,451,43.30,27.50,2.20,7.70
26/2/18-14:28:57,844,193,469,42.60,27.50,1.80,5.60
26/2/18-14:29:58,844,132,438,41.90,27.60,1.80,4.30
26/2/18-14:30:59,845,157,445,41.50,27.50,2.00,3.50
26/2/18-14:32:0,845,242,496,41.40,27.60,1.90,3.20
26/2/18-14:33:1,845,266,469,41.90,27.60,1.40,3.40
26/2/18-14:34:2,844,142,435,41.80,27.70,2.40,10.60
26/2/18-14:35:3,845,130,449,39.40,27.60,2.00,8.70
26/2/18-14:36:4,844,210,504,39.50,27.70,2.20,7.80
26/2/18-14:37:5,844,220,439,40.50,27.70,1.80,3.60
26/2/18-14:38:6,844,187,454,39.70,27.80,1.90,5.70
26/2/18-14:39:7,844,116,425,40.20,27.80,2.00,3.20
26/2/18-14:40:8,844,176,457,38.80,27.70,1.70,4.90
26/2/18-14:41:9,844,157,435,39.60,27.70,1.30,2.00
26/2/18-14:42:10,844,205,467,39.30,27.70,1.70,4.20
26/2/18-14:43:11,844,230,462,39.80,27.70,1.60,3.30
26/2/18-14:44:12,844,290,497,40.70,27.70,1.30,2.70
26/2/18-14:45:13,844,314,452,41.70,27.80,1.30,1.80
26/2/18-14:46:13,845,238,481,41.50,27.80,1.60,2.60
26/2/18-14:47:14,844,259,477,41.50,27.90,1.80,2.70
26/2/18-14:48:15,845,204,446,42.00,27.90,1.60,3.10
26/2/18-14:49:16,844,209,509,41.20,27.90,1.60,4.10
26/2/18-14:50:17,844,295,457,41.40,28.00,1.60,3.90
26/2/18-14:51:18,844,209,472,41.80,28.00,1.70,2.90
26/2/18-14:52:19,844,178,451,41.70,28.00,1.50,3.80
26/2/18-14:53:20,844,211,518,40.60,28.00,1.80,7.00
26/2/18-14:54:21,845,243,468,41.10,28.00,1.70,2.70
26/2/18-14:55:22,844,262,495,41.40,28.00,1.60,3.20
26/2/18-14:56:23,844,279,497,41.20,28.00,2.10,7.50
26/2/18-14:57:24,845,267,501,42.50,28.10,1.70,5.40
26/2/18-14:58:25,844,199,451,42.70,28.10,1.90,3.20
26/2/18-14:59:26,845,143,439,41.50,28.10,2.80,11.50
26/2/18-15:0:27,848,172,436,41.00,28.10,1.70,3.70
26/2/18-15:1:28,844,120,433,41.50,28.10,1.70,4.10
26/2/18-15:2:29,844,142,470,40.10,28.10,1.50,4.50
26/2/18-15:3:30,844,120,429,41.00,28.10,1.60,4.20
26/2/18-15:4:31,844,125,451,39.40,28.10,1.60,2.40
26/2/18-15:5:32,844,124,444,38.90,28.10,1.40,4.90
26/2/18-15:6:33,844,184,478,39.60,28.10,1.40,3.90
26/2/18-15:7:34,844,231,483,38.90,28.10,1.20,3.00
26/2/18-15:8:35,845,191,466,39.00,28.20,1.10,3.30
26/2/18-15:9:36,844,221,445,38.50,28.20,1.40,3.40
26/2/18-15:10:37,845,303,489,38.40,28.20,1.30,6.30
26/2/18-15:11:38,844,212,456,39.00,28.20,1.10,2.20
26/2/18-15:12:39,845,198,470,37.70,28.30,1.40,3.40
26/2/18-15:13:40,845,372,586,37.20,28.30,1.30,3.40
26/2/18-15:14:41,845,180,438,37.30,28.40,1.40,3.10
26/2/18-15:15:42,845,186,470,36.30,28.30,1.20,3.90
26/2/18-15:16:43,844,252,485,36.40,28.40,1.80,2.80
26/2/18-15:17:44,844,181,461,36.50,28.50,1.20,7.90
26/2/18-15:18:45,844,187,473,35.50,28.40,1.40,3.20
26/2/18-15:19:46,844,195,504,35.90,28.40,1.30,1.80
26/2/18-15:20:47,844,246,465,36.50,28.50,1.60,5.20
26/2/18-15:21:48,845,162,433,36.90,28.50,1.30,3.00
26/2/18-15:22:49,845,192,446,36.80,28.50,1.30,3.90
26/2/18-15:23:50,844,167,448,36.80,28.50,1.50,3.50
26/2/18-15:24:51,844,161,485,37.10,28.60,1.40,4.20
26/2/18-15:25:52,844,252,488,36.60,28.50,1.10,2.30
26/2/18-15:26:53,844,273,474,37.10,28.50,1.40,2.40
26/2/18-15:27:54,844,198,446,37.60,28.60,1.30,2.50
26/2/18-15:28:55,845,155,430,36.40,28.60,1.30,5.80
26/2/18-15:29:56,844,162,480,36.40,28.60,1.10,2.50
26/2/18-15:30:57,844,211,441,35.50,28.60,1.10,3.60
26/2/18-15:31:58,844,130,427,35.40,28.60,1.30,4.50
26/2/18-15:32:59,845,191,458,36.00,28.60,1.30,4.20
26/2/18-15:34:0,845,170,433,36.00,28.60,1.20,3.40
26/2/18-15:35:1,844,147,430,36.00,28.60,1.30,1.50
26/2/18-15:36:2,848,220,441,35.90,28.60,1.70,3.80
26/2/18-15:37:3,848,150,435,36.10,28.70,1.90,3.90
26/2/18-15:38:4,848,250,530,36.70,28.70,1.90,3.70
26/2/18-15:39:5,845,194,447,36.50,28.70,1.60,3.80
26/2/18-15:40:6,845,169,440,36.00,28.70,1.40,4.90
26/2/18-15:41:7,844,145,435,36.40,28.80,1.30,2.90
26/2/18-15:42:8,844,164,452,38.00,28.80,1.10,2.30
26/2/18-15:43:9,845,198,459,37.80,28.80,1.20,1.70
26/2/18-15:44:10,844,220,609,37.50,28.80,1.20,4.60
26/2/18-15:45:10,845,255,507,37.00,28.80,1.30,1.90
26/2/18-15:46:11,844,206,456,36.50,28.90,1.00,2.70
26/2/18-15:47:12,844,149,431,35.30,28.90,1.30,1.40
26/2/18-15:48:13,843,176,439,34.70,28.90,1.10,3.00
26/2/18-15:49:14,844,177,469,34.20,28.90,1.20,2.50
26/2/18-15:50:15,844,186,456,34.40,28.90,1.40,1.90
26/2/18-15:51:16,844,253,483,34.00,28.90,1.30,5.90
26/2/18-15:52:17,845,170,452,34.10,28.90,1.00,4.40
26/2/18-15:53:18,844,144,438,33.90,28.90,1.30,7.00
26/2/18-15:54:19,845,140,437,33.60,28.90,1.30,2.90
26/2/18-15:55:20,844,263,464,34.60,28.90,1.40,4.90
26/2/18-15:56:21,844,205,474,33.70,28.90,1.10,1.60
26/2/18-15:57:22,844,167,439,34.20,28.90,1.20,3.00
26/2/18-15:58:23,844,142,428,34.20,28.90,1.20,2.80
26/2/18-15:59:24,844,120,431,34.50,28.90,1.20,2.70
26/2/18-16:0:25,844,139,429,33.50,28.90,1.20,4.00
26/2/18-16:1:26,844,237,491,32.70,28.90,1.60,5.70
26/2/18-16:2:27,844,291,472,34.10,28.90,1.30,3.40
26/2/18-16:3:28,844,236,450,36.00,29.00,1.00,1.60
26/2/18-16:4:29,844,216,454,35.10,29.00,1.10,1.90
26/2/18-16:5:30,845,235,543,34.40,29.10,1.10,2.90
26/2/18-16:6:31,844,358,534,35.10,29.10,1.30,3.50
26/2/18-16:7:32,844,257,444,35.20,29.10,1.20,2.20
26/2/18-16:8:33,844,217,490,34.10,29.10,1.30,4.60
26/2/18-16:9:34,844,230,475,34.20,29.10,1.30,3.00
26/2/18-16:10:35,844,244,462,34.70,29.10,1.30,3.60
26/2/18-16:11:36,845,299,481,33.90,29.10,1.10,2.80
26/2/18-16:12:37,844,308,480,33.40,29.10,1.20,2.40
26/2/18-16:13:38,844,253,459,34.60,29.10,1.40,5.50
26/2/18-16:14:39,844,292,545,34.20,29.10,1.10,3.00
26/2/18-16:15:40,845,244,448,34.70,29.10,1.50,2.70
26/2/18-16:16:41,844,186,463,33.60,29.20,0.90,1.60
26/2/18-16:17:42,844,181,433,34.10,29.20,1.00,1.10
26/2/18-16:18:43,844,153,456,33.10,29.10,1.10,1.70
26/2/18-16:19:44,845,132,434,33.80,29.20,1.20,5.40
26/2/18-16:20:45,845,192,495,34.90,29.20,1.50,8.50
26/2/18-16:21:46,848,224,443,34.30,29.20,1.20,3.00
26/2/18-16:22:47,848,167,442,33.80,29.20,1.20,2.30
26/2/18-16:23:48,845,128,435,33.50,29.20,0.90,2.10
26/2/18-16:24:49,845,155,484,33.10,29.30,1.30,3.20
26/2/18-16:25:50,844,146,447,32.90,29.30,1.20,2.20
26/2/18-16:26:51,844,182,484,32.80,29.30,1.20,2.80
26/2/18-16:27:52,844,228,473,32.90,29.30,1.20,3.60
26/2/18-16:28:53,844,234,508,33.30,29.30,1.00,4.30
26/2/18-16:29:54,845,232,477,33.30,29.30,1.00,1.90
26/2/18-16:30:55,844,342,523,32.20,29.30,1.20,4.90
26/2/18-16:31:56,844,268,464,34.20,29.30,1.20,3.40
26/2/18-16:32:57,845,247,468,35.00,29.40,1.00,2.50
26/2/18-16:33:58,844,266,527,34.30,29.40,0.90,2.30
26/2/18-16:34:59,844,205,468,34.40,29.50,1.20,7.30
26/2/18-16:36:0,845,181,448,32.70,29.50,1.00,3.30
26/2/18-16:37:1,844,194,474,32.20,29.50,1.40,1.80
26/2/18-16:38:2,845,153,454,31.60,29.50,1.10,4.40
26/2/18-16:39:3,844,144,445,30.80,29.50,0.80,2.00
26/2/18-16:40:4,844,173,447,31.30,29.50,0.90,1.20
26/2/18-16:41:5,844,188,472,30.50,29.50,0.90,5.30
26/2/18-16:42:6,844,178,451,32.30,29.50,1.20,3.80
26/2/18-16:43:7,844,395,660,33.00,29.50,1.10,4.80
26/2/18-16:44:8,844,223,439,32.90,29.50,1.10,2.40
26/2/18-16:45:9,844,233,454,31.30,29.50,0.80,3.10
26/2/18-16:46:9,844,262,497,32.30,29.60,1.10,4.00
26/2/18-16:47:10,844,389,517,32.30,29.50,1.20,3.50
26/2/18-16:48:11,845,259,482,32.00,29.60,1.00,7.80
26/2/18-16:49:12,843,179,442,32.60,29.60,1.20,3.60
26/2/18-16:50:13,845,215,462,32.40,29.60,1.10,1.70
26/2/18-16:51:14,844,258,478,33.00,29.60,1.00,2.00
26/2/18-16:52:15,844,238,494,33.30,29.60,1.00,1.70
26/2/18-16:53:16,845,293,482,32.70,29.60,1.10,1.40
26/2/18-16:54:17,844,201,444,33.10,29.60,1.10,2.90
26/2/18-16:55:18,844,254,521,32.70,29.70,1.00,2.20
26/2/18-16:56:19,846,352,551,33.40,29.70,0.90,1.00
26/2/18-16:57:20,844,218,453,32.60,29.70,1.10,3.50
26/2/18-16:58:21,844,221,474,32.50,29.70,1.00,3.90
26/2/18-16:59:22,844,275,532,32.10,29.70,1.00,2.90
26/2/18-17:0:23,845,292,481,31.90,29.70,0.80,2.20
26/2/18-17:1:24,844,242,478,32.20,29.70,1.20,2.80
26/2/18-17:2:25,844,208,456,32.50,29.70,1.20,5.00
26/2/18-17:3:26,844,199,473,31.80,29.70,1.20,3.80
26/2/18-17:4:27,844,330,536,31.50,29.70,1.00,5.30
26/2/18-17:5:28,845,226,451,32.50,29.80,1.30,2.10
26/2/18-17:6:29,845,197,455,31.30,29.80,1.00,3.10
26/2/18-17:7:30,844,142,447,31.80,29.80,1.20,6.30
26/2/18-17:8:31,844,131,444,31.50,29.70,0.90,2.90
26/2/18-17:9:32,844,202,463,32.00,29.70,0.90,2.30
26/2/18-17:10:33,844,160,451,31.70,29.80,1.10,3.20
26/2/18-17:11:34,845,185,466,30.90,29.70,1.20,2.60
26/2/18-17:12:35,845,192,451,31.60,29.80,1.40,3.90
26/2/18-17:13:36,845,157,439,32.10,29.80,1.20,4.30
26/2/18-17:14:37,844,188,476,31.20,29.80,1.20,5.50
26/2/18-17:15:38,844,179,444,31.10,29.80,1.00,2.60
26/2/18-17:16:39,845,153,439,31.00,29.80,1.40,3.90
26/2/18-17:17:40,845,220,503,30.20,29.80,1.30,5.90
26/2/18-17:18:41,844,173,441,30.10,29.80,1.10,1.90
26/2/18-17:19:42,845,159,448,30.00,29.80,1.20,2.10
26/2/18-17:20:43,845,191,457,30.50,29.80,1.00,2.40
26/2/18-17:21:44,845,239,507,30.80,29.80,1.40,5.20
26/2/18-17:22:45,845,194,449,30.50,29.80,1.00,1.70
26/2/18-17:23:46,845,134,443,29.40,29.80,0.90,0.90
26/2/18-17:24:47,844,130,434,29.00,29.80,1.10,3.80
26/2/18-17:25:48,844,128,429,29.30,29.80,1.30,6.50
26/2/18-17:26:49,844,129,427,30.00,29.80,0.90,1.50
26/2/18-17:27:50,845,241,514,29.70,29.80,1.00,1.10
26/2/18-17:28:51,844,256,468,30.80,29.80,1.10,4.40
26/2/18-17:29:52,844,206,445,31.00,29.80,1.50,3.10
26/2/18-17:30:53,844,182,465,30.00,29.80,1.30,2.60
26/2/18-17:31:54,846,246,479,29.90,29.80,1.10,1.20
26/2/18-17:32:55,844,182,444,30.40,29.80,1.00,2.00
26/2/18-17:33:56,844,156,440,30.30,29.80,1.20,3.30
26/2/18-17:34:57,844,163,459,29.80,29.90,1.00,3.50
26/2/18-17:35:58,845,335,519,30.10,29.90,1.30,4.30
26/2/18-17:36:59,844,338,508,30.70,29.90,1.10,4.20
26/2/18-17:38:0,844,293,497,31.00,30.00,1.10,1.80
26/2/18-17:39:1,845,432,668,31.20,30.00,1.10,2.10
26/2/18-17:40:2,845,419,530,31.80,30.10,1.00,2.70
26/2/18-17:41:3,844,365,496,31.00,30.10,1.00,2.20
26/2/18-17:42:4,845,288,543,30.90,30.10,1.30,2.30
26/2/18-17:43:5,844,372,525,30.60,30.10,1.00,2.00
26/2/18-17:44:6,845,258,460,31.10,30.10,1.00,1.10
26/2/18-17:45:7,844,297,536,30.60,30.10,1.30,1.90
26/2/18-17:46:8,845,225,468,30.90,30.10,1.00,3.70
26/2/18-17:47:9,844,247,470,30.00,30.10,0.90,3.00
26/2/18-17:48:10,844,264,470,30.60,30.10,1.10,5.10
26/2/18-17:49:10,844,223,471,31.30,30.20,1.20,3.40
26/2/18-17:50:11,845,213,468,30.80,30.20,0.90,3.30
26/2/18-17:51:12,845,268,519,30.30,30.20,1.00,4.30
26/2/18-17:52:13,848,345,487,30.70,30.20,1.10,4.00
26/2/18-17:53:14,848,275,480,32.10,30.30,1.20,3.30
26/2/18-17:54:15,845,152,439,31.20,30.30,1.40,4.30
26/2/18-17:55:16,844,157,455,30.80,30.20,1.10,2.50
26/2/18-17:56:17,844,216,526,30.50,30.20,1.40,2.70
26/2/18-17:57:18,844,190,455,31.70,30.30,2.60,6.70
26/2/18-17:58:19,844,185,446,31.00,30.20,0.90,2.10
26/2/18-17:59:20,845,276,503,31.20,30.20,1.30,4.10
26/2/18-18:0:21,845,210,462,31.90,30.20,1.40,7.70
26/2/18-18:1:22,844,309,527,31.60,30.20,1.00,2.10
26/2/18-18:2:23,845,270,456,32.10,30.30,1.20,4.40
26/2/18-18:3:24,844,176,447,30.10,30.40,1.00,3.90
26/2/18-18:4:25,844,266,502,31.00,30.40,1.30,1.90
26/2/18-18:5:26,844,317,507,31.30,30.40,1.10,3.60
26/2/18-18:6:27,845,216,458,31.60,30.40,1.10,4.50
26/2/18-18:7:28,844,168,455,30.60,30.50,1.70,6.40
26/2/18-18:8:29,844,182,456,30.50,30.50,1.00,3.20
26/2/18-18:9:30,844,314,538,30.50,30.50,0.80,1.20
26/2/18-18:10:31,844,369,545,31.00,30.50,1.00,1.70
26/2/18-18:11:32,844,314,460,31.60,30.60,1.30,3.80
26/2/18-18:12:33,844,295,477,31.90,30.60,1.20,3.90
26/2/18-18:13:34,844,233,493,33.30,30.60,1.00,3.60
26/2/18-18:14:35,844,257,479,31.50,30.60,1.20,5.70
26/2/18-18:15:36,843,291,466,30.90,30.60,1.10,3.80
26/2/18-18:16:37,845,281,469,31.40,30.60,1.00,5.40
26/2/18-18:17:38,844,293,526,30.50,30.60,1.40,2.60
26/2/18-18:18:39,844,362,510,31.90,30.60,1.00,2.00
26/2/18-18:19:40,844,346,609,31.90,30.70,1.10,2.60
26/2/18-18:20:41,844,206,448,31.50,30.70,0.90,1.30
26/2/18-18:21:42,844,213,466,30.70,30.70,1.20,2.70
26/2/18-18:22:43,845,185,454,31.50,30.70,1.50,3.00
26/2/18-18:23:44,844,223,515,31.80,30.60,1.70,7.80
26/2/18-18:24:45,844,183,445,31.90,30.60,1.30,4.80
26/2/18-18:25:46,844,363,717,30.40,30.60,1.10,3.80
26/2/18-18:26:47,844,348,496,31.30,30.50,1.00,2.00
26/2/18-18:27:48,845,386,543,31.30,30.60,1.20,2.90
26/2/18-18:28:49,844,336,501,30.20,30.60,1.20,1.50
26/2/18-18:29:50,844,273,491,30.50,30.60,1.00,1.50
26/2/18-18:30:51,845,208,462,30.00,30.60,0.80,0.90
26/2/18-18:31:52,844,250,640,29.20,30.60,1.00,2.30
26/2/18-18:32:53,843,208,449,29.20,30.60,1.10,4.20
26/2/18-18:33:54,844,170,448,28.60,30.60,0.90,2.60
26/2/18-18:34:55,844,160,444,28.30,30.50,1.00,3.80
26/2/18-18:35:56,844,230,477,28.00,30.60,1.30,4.80
26/2/18-18:36:57,844,165,447,28.90,30.60,1.10,1.70
26/2/18-18:37:58,844,298,632,28.80,30.60,0.90,1.40
26/2/18-18:38:59,845,278,459,28.90,30.70,0.90,1.80
26/2/18-18:40:0,844,236,469,28.70,30.70,0.80,1.10
26/2/18-18:41:1,844,216,483,28.70,30.80,1.00,3.80
26/2/18-18:42:2,844,191,455,28.80,30.80,1.00,2.60
26/2/18-18:43:3,844,202,474,28.70,30.80,0.90,2.30
26/2/18-18:44:4,844,204,463,28.80,30.80,1.30,2.30
26/2/18-18:45:5,844,243,454,29.40,30.80,1.00,2.30
26/2/18-18:46:6,844,181,481,29.60,30.80,1.20,2.50
26/2/18-18:47:7,844,149,445,29.10,30.80,1.10,4.60
26/2/18-18:48:8,844,167,442,29.40,30.80,1.40,3.20
26/2/18-18:49:9,844,158,453,29.50,30.80,1.40,7.40
26/2/18-18:50:10,844,150,450,29.50,30.70,1.00,3.00
26/2/18-18:51:11,844,144,454,29.60,30.60,1.00,2.40
26/2/18-18:52:12,844,182,462,29.60,30.50,0.90,2.70
26/2/18-18:53:13,845,184,456,30.00,30.50,1.10,3.00
26/2/18-18:54:13,844,268,477,29.70,30.40,1.10,4.60
26/2/18-18:55:14,845,183,442,29.80,30.40,1.00,3.50
26/2/18-18:56:15,844,179,446,29.40,30.30,0.90,3.70
26/2/18-18:57:16,844,189,461,29.60,30.20,0.80,2.40
26/2/18-18:58:17,844,270,494,29.90,30.10,0.90,1.20
26/2/18-18:59:18,845,217,472,30.40,30.10,1.10,2.90
26/2/18-19:0:19,844,191,468,30.30,30.10,1.00,4.50
26/2/18-19:1:20,844,266,480,30.70,30.10,1.10,4.20
26/2/18-19:2:21,844,242,453,30.90,30.20,1.00,2.60
26/2/18-19:3:22,845,160,444,31.00,30.20,0.90,3.60
26/2/18-19:4:23,844,196,484,30.40,30.20,1.30,1.70
26/2/18-19:5:24,844,262,480,30.80,30.10,1.20,4.00
26/2/18-19:6:25,844,199,453,31.10,30.10,1.10,3.90
26/2/18-19:7:26,845,164,451,31.20,30.10,1.00,6.00
26/2/18-19:8:27,844,196,475,31.30,30.00,1.30,4.60
26/2/18-19:9:28,844,204,468,31.50,29.90,1.10,3.70
26/2/18-19:10:29,844,201,452,31.30,29.80,0.80,1.50
26/2/18-19:11:30,844,188,470,32.30,29.80,0.80,2.50
26/2/18-19:12:31,844,216,464,32.40,29.70,1.00,4.40
26/2/18-19:13:32,843,187,460,32.50,29.70,0.90,2.80
26/2/18-19:14:33,844,252,495,31.50,29.70,1.10,1.80
26/2/18-19:15:34,845,215,455,32.30,29.60,1.10,4.10
26/2/18-19:16:35,844,213,456,31.70,29.60,1.30,2.30
26/2/18-19:17:36,844,328,492,32.60,29.60,1.70,4.90
26/2/18-19:18:37,844,279,459,32.70,29.50,1.60,6.30
26/2/18-19:19:38,844,328,497,31.70,29.50,1.00,3.10
26/2/18-19:20:39,844,328,481,32.60,29.40,1.10,5.40
26/2/18-19:21:40,844,309,490,32.60,29.40,1.30,3.30
26/2/18-19:22:41,844,298,499,33.00,29.30,1.40,6.10
26/2/18-19:23:42,844,324,470,32.70,29.30,1.50,4.80
26/2/18-19:24:43,844,288,489,32.80,29.20,1.40,3.40
26/2/18-19:25:44,844,221,469,32.70,29.20,1.70,6.60
26/2/18-19:26:45,845,269,477,32.60,29.20,1.50,6.10
26/2/18-19:27:46,845,271,520,33.40,29.10,1.50,4.20
26/2/18-19:28:47,844,234,468,32.60,29.10,1.20,2.50
26/2/18-19:29:48,845,186,453,32.70,29.10,1.00,3.20
26/2/18-19:30:49,844,228,458,33.70,29.00,1.50,7.90
26/2/18-19:31:50,844,260,459,33.40,29.00,1.10,2.20
26/2/18-19:32:51,845,233,472,33.90,29.00,1.40,4.70
26/2/18-19:33:52,844,223,452,33.50,28.90,1.40,2.70
26/2/18-19:34:53,845,246,476,33.00,28.90,1.70,5.60
26/2/18-19:35:54,845,265,467,33.20,28.80,1.00,3.20
26/2/18-19:36:55,845,257,480,33.00,28.80,1.20,3.70
26/2/18-19:37:56,844,210,450,32.70,28.80,1.20,2.40
26/2/18-19:38:57,845,259,472,32.70,28.80,1.10,2.60
26/2/18-19:39:58,845,291,477,34.10,28.80,1.40,2.60
26/2/18-19:40:59,845,277,474,33.50,28.80,1.60,6.50
26/2/18-19:42:0,845,238,452,32.90,28.80,1.30,7.10
26/2/18-19:43:1,845,185,464,32.50,28.70,1.10,3.40
26/2/18-19:44:2,844,224,459,32.60,28.60,1.40,5.60
26/2/18-19:45:3,845,225,462,33.40,28.70,1.40,2.60
26/2/18-19:46:4,845,286,489,33.10,28.60,1.30,4.20
26/2/18-19:47:5,845,197,446,33.60,28.70,1.50,3.30
26/2/18-19:48:6,846,173,450,32.80,28.60,1.60,6.80
26/2/18-19:49:7,843,248,496,33.10,28.50,2.00,6.60
26/2/18-19:50:8,845,287,484,33.10,28.50,2.00,5.30
26/2/18-19:51:9,845,363,544,33.30,28.50,1.40,3.50
26/2/18-19:52:10,844,307,467,34.00,28.60,1.70,3.70
26/2/18-19:53:11,845,251,459,33.70,28.50,1.30,2.60
26/2/18-19:54:12,844,336,511,33.60,28.50,1.30,7.40
26/2/18-19:55:12,845,359,520,34.30,28.50,1.50,2.00
26/2/18-19:56:13,845,331,470,34.40,28.50,1.60,4.60
26/2/18-19:57:14,844,316,468,34.60,28.50,1.40,5.70
26/2/18-19:58:15,844,272,474,33.50,28.50,1.80,4.80
26/2/18-19:59:16,844,308,490,33.80,28.40,1.60,6.50
26/2/18-20:0:17,845,250,456,34.30,28.40,1.70,5.10
26/2/18-20:1:18,845,253,479,33.10,28.40,1.50,6.70
26/2/18-20:2:19,845,267,464,33.40,28.40,1.80,7.70
26/2/18-20:3:20,845,245,464,34.40,28.40,1.60,5.70
26/2/18-20:4:21,844,293,478,34.10,28.30,1.50,6.30
26/2/18-20:5:22,845,272,467,34.10,28.30,1.50,4.20
26/2/18-20:6:23,844,296,475,33.80,28.30,1.80,8.80
26/2/18-20:7:24,844,345,498,35.00,28.30,1.50,3.70
26/2/18-20:8:25,844,375,517,34.70,28.30,1.50,3.30
26/2/18-20:9:26,845,345,474,34.70,28.30,1.60,3.90
26/2/18-20:10:27,844,302,474,35.00,28.30,1.70,7.60
26/2/18-20:11:28,845,312,484,34.20,28.20,1.60,7.10
26/2/18-20:12:29,845,380,509,34.70,28.30,1.70,6.10
26/2/18-20:13:30,845,382,500,34.80,28.30,1.50,5.80
26/2/18-20:14:31,846,354,482,35.00,28.20,1.70,6.60
26/2/18-20:15:32,844,344,479,34.70,28.20,1.60,5.30
26/2/18-20:16:33,845,369,504,34.60,28.20,1.70,7.70
26/2/18-20:17:34,844,384,504,35.00,28.20,2.00,5.30
26/2/18-20:18:35,845,387,500,35.20,28.20,1.60,4.70
26/2/18-20:19:36,845,387,501,36.20,28.20,1.80,8.70
26/2/18-20:20:37,844,356,483,36.00,28.10,1.90,6.30
26/2/18-20:21:38,845,390,555,35.40,28.10,1.80,8.30
26/2/18-20:22:39,845,388,508,35.30,28.10,2.00,7.40
26/2/18-20:23:40,845,381,505,35.90,28.10,1.80,5.70
26/2/18-20:24:41,845,369,493,35.60,28.10,1.90,6.10
26/2/18-20:25:42,845,364,501,35.80,28.00,1.80,3.80
26/2/18-20:26:43,845,374,495,36.00,28.00,2.30,6.60
26/2/18-20:27:44,845,378,503,36.00,28.00,2.00,10.60
26/2/18-20:28:45,846,397,523,36.30,28.00,2.10,7.40
26/2/18-20:29:46,849,410,546,35.80,28.00,2.20,7.00
26/2/18-20:30:47,849,402,517,35.80,28.00,1.90,11.30
26/2/18-20:31:48,845,392,508,36.20,28.00,2.20,4.40
26/2/18-20:32:49,846,378,490,36.70,28.00,2.50,7.40
26/2/18-20:33:50,845,341,485,37.10,28.00,2.90,5.70
26/2/18-20:34:51,845,344,528,35.90,27.90,2.90,7.20
26/2/18-20:35:52,845,411,550,36.40,27.80,3.40,11.30
26/2/18-20:36:53,845,389,514,36.30,27.90,2.70,5.10
26/2/18-20:37:54,845,367,524,36.20,27.80,2.90,7.40
26/2/18-20:38:55,845,391,526,36.30,27.80,3.40,10.20
26/2/18-20:39:56,845,379,502,36.40,27.80,3.30,7.90
26/2/18-20:40:57,845,374,499,36.50,27.80,3.60,16.00
26/2/18-20:41:58,846,372,497,37.10,27.80,3.50,10.00
26/2/18-20:42:59,846,369,507,37.20,27.80,3.30,10.20
26/2/18-20:44:0,845,370,506,36.30,27.80,3.40,9.20
26/2/18-20:45:1,845,397,510,36.80,27.80,2.80,7.20
26/2/18-20:46:2,845,413,524,37.00,27.80,3.70,10.20
26/2/18-20:47:3,845,416,539,36.90,27.80,3.10,8.60
26/2/18-20:48:4,846,392,507,37.10,27.80,3.10,6.70
26/2/18-20:49:5,846,359,503,37.10,27.80,4.00,10.40
26/2/18-20:50:6,845,417,551,36.50,27.70,3.10,7.30
26/2/18-20:51:7,846,374,509,36.90,27.80,3.10,7.30
26/2/18-20:52:8,845,360,497,36.40,27.70,3.10,9.40
26/2/18-20:53:8,845,346,485,36.50,27.70,3.60,8.10
26/2/18-20:54:9,845,349,506,36.90,27.70,3.10,9.80
26/2/18-20:55:10,845,395,525,36.50,27.70,3.20,6.10
26/2/18-20:56:11,846,388,504,37.10,27.70,3.00,7.40
26/2/18-20:57:12,845,340,485,36.70,27.70,3.80,11.20
26/2/18-20:58:13,845,327,493,36.30,27.70,3.30,9.60
26/2/18-20:59:14,846,351,495,36.40,27.60,4.20,11.30
26/2/18-21:0:15,846,360,502,36.80,27.60,3.40,8.60
26/2/18-21:1:16,845,367,486,37.20,27.60,2.90,4.20
26/2/18-21:2:17,846,360,479,37.40,27.60,3.40,7.60
26/2/18-21:3:18,846,392,541,37.40,27.60,3.10,10.90
26/2/18-21:4:19,846,399,516,36.80,27.60,2.90,6.70
26/2/18-21:5:20,845,384,496,36.90,27.60,3.10,5.10
26/2/18-21:6:21,845,381,490,36.80,27.60,3.30,6.60
26/2/18-21:7:22,846,378,512,37.60,27.60,3.60,6.90
26/2/18-21:8:23,846,430,543,37.40,27.60,3.20,9.90
26/2/18-21:9:24,846,416,512,37.10,27.60,3.70,11.30
26/2/18-21:10:25,845,376,498,37.70,27.60,3.40,10.70
26/2/18-21:11:26,845,351,488,37.30,27.50,3.70,8.60
26/2/18-21:12:27,846,341,474,36.80,27.50,3.60,11.60
26/2/18-21:13:28,845,351,493,36.80,27.50,4.20,9.30
26/2/18-21:14:29,845,357,495,37.00,27.50,4.20,9.00
26/2/18-21:15:30,846,366,498,37.40,27.40,4.10,10.80
26/2/18-21:16:31,846,328,470,37.70,27.40,4.20,6.80
26/2/18-21:17:32,845,301,466,37.40,27.40,4.00,13.50
26/2/18-21:18:33,845,285,467,36.40,27.30,3.60,11.70
26/2/18-21:19:34,845,302,472,36.60,27.30,3.80,8.20
26/2/18-21:20:35,845,288,467,36.90,27.40,3.50,6.90
26/2/18-21:21:36,845,306,482,36.70,27.30,3.10,6.70
26/2/18-21:22:37,846,316,464,36.70,27.30,3.30,5.90
26/2/18-21:23:38,846,298,483,36.90,27.30,3.00,5.70
26/2/18-21:24:39,846,346,508,36.90,27.30,3.60,8.40
26/2/18-21:25:40,845,368,501,37.10,27.30,2.80,8.90
26/2/18-21:26:41,845,401,522,37.00,27.20,3.10,6.80
26/2/18-21:27:42,846,408,504,37.60,27.30,3.30,8.40
26/2/18-21:28:43,845,352,478,37.60,27.30,3.30,5.00
26/2/18-21:29:44,847,364,486,36.80,27.30,4.00,8.00
26/2/18-21:30:45,845,321,469,36.90,27.30,4.40,9.30
26/2/18-21:31:46,846,360,524,36.60,27.20,4.50,7.20
26/2/18-21:32:47,845,373,483,37.00,27.20,4.20,8.70
26/2/18-21:33:48,846,348,475,37.40,27.20,4.20,7.10
26/2/18-21:34:49,846,335,468,37.10,27.20,4.40,9.70
26/2/18-21:35:50,846,380,514,36.70,27.20,4.80,8.90
26/2/18-21:36:51,846,374,509,37.20,27.20,4.20,9.00
26/2/18-21:37:52,845,350,478,37.70,27.20,4.50,8.70
26/2/18-21:38:53,845,363,502,37.40,27.10,4.60,7.60
26/2/18-21:39:54,845,348,486,37.50,27.10,4.10,7.90
26/2/18-21:40:55,846,388,507,37.10,27.20,4.70,8.80
26/2/18-21:41:56,845,405,524,37.60,27.10,4.30,7.80
26/2/18-21:42:57,845,378,493,37.60,27.20,4.60,8.10
26/2/18-21:43:58,845,336,471,36.80,27.10,4.10,12.00
26/2/18-21:44:59,846,304,463,36.90,27.00,4.30,11.50
26/2/18-21:46:0,845,359,502,36.70,27.00,3.90,9.80
26/2/18-21:47:1,845,396,523,36.90,27.00,3.50,10.60
26/2/18-21:48:2,847,418,549,37.10,27.00,3.00,5.70
26/2/18-21:49:2,846,354,482,37.10,27.10,3.40,9.20
26/2/18-21:50:3,845,357,503,36.90,27.00,3.40,5.40
26/2/18-21:51:4,845,396,510,37.40,27.00,4.00,7.50
26/2/18-21:52:5,845,393,495,37.90,27.00,4.00,7.20
26/2/18-21:53:6,846,392,497,38.10,27.00,3.00,7.20
26/2/18-21:54:7,846,415,524,38.40,27.00,3.40,11.80
26/2/18-21:55:8,846,378,478,37.70,27.00,3.10,7.50
26/2/18-21:56:9,845,369,499,37.10,27.00,3.70,5.70
26/2/18-21:57:10,846,347,481,37.00,26.90,3.50,8.80
26/2/18-21:58:11,845,352,470,36.80,26.90,3.90,10.00
26/2/18-21:59:12,845,302,460,37.10,26.90,3.80,7.30
26/2/18-22:0:13,846,324,463,36.90,26.80,3.00,6.80
26/2/18-22:1:14,846,346,495,36.60,26.80,3.50,7.80
26/2/18-22:2:15,846,378,506,36.90,26.80,3.30,8.00
26/2/18-22:3:16,845,355,489,37.20,26.80,3.50,8.70
26/2/18-22:4:17,845,410,506,37.20,26.80,3.20,6.10
26/2/18-22:5:18,846,390,513,37.20,26.80,3.30,10.70
26/2/18-22:6:19,846,385,497,37.20,26.80,3.30,7.40
26/2/18-22:7:20,845,384,481,37.40,26.80,3.50,10.30
26/2/18-22:8:21,845,350,497,38.20,26.80,3.70,7.00
26/2/18-22:9:22,845,425,550,36.80,26.70,3.20,9.40
26/2/18-22:10:23,846,373,488,37.70,26.70,3.00,10.50
26/2/18-22:11:24,846,392,503,37.50,26.70,3.70,7.70
26/2/18-22:12:25,845,389,486,38.40,26.70,3.10,5.70
26/2/18-22:13:26,845,404,506,38.70,26.70,3.40,8.30
26/2/18-22:14:27,846,395,517,38.70,26.70,3.10,5.90
26/2/18-22:15:28,846,398,493,38.50,26.70,2.90,8.70
26/2/18-22:16:29,846,415,511,38.20,26.60,3.20,10.70
26/2/18-22:17:30,845,399,499,39.30,26.70,3.50,7.10
26/2/18-22:18:31,845,407,509,39.50,26.60,3.10,7.00
26/2/18-22:19:32,845,431,534,38.80,1.00,4.00,8.60
26/2/18-22:20:33,845,409,499,38.70,26.60,3.70,8.10
26/2/18-22:21:34,845,398,508,39.10,26.60,4.10,10.50
26/2/18-22:22:35,846,416,524,38.70,26.60,4.00,7.70
26/2/18-22:23:36,846,389,496,38.20,26.60,4.70,9.70
26/2/18-22:24:37,846,371,491,38.00,26.60,4.30,9.90
26/2/18-22:25:38,846,364,483,38.80,26.50,4.30,8.90
26/2/18-22:26:39,846,380,514,38.50,26.50,4.40,9.90
26/2/18-22:27:40,846,386,490,38.70,26.50,4.20,8.60
26/2/18-22:28:41,846,348,474,38.60,26.50,3.80,7.30
26/2/18-22:29:42,846,375,517,38.40,26.50,3.60,8.20
26/2/18-22:30:43,847,391,515,38.60,26.50,4.00,8.20
26/2/18-22:31:44,846,394,518,38.70,26.50,3.80,5.10
26/2/18-22:32:45,846,402,531,39.00,26.50,3.70,7.80
26/2/18-22:33:46,846,368,480,39.20,26.50,3.80,6.60
26/2/18-22:34:47,846,361,488,39.10,26.40,4.00,8.40
26/2/18-22:35:48,845,373,498,39.80,26.40,3.70,8.00
26/2/18-22:36:49,845,335,463,38.80,26.50,4.30,9.10
26/2/18-22:37:50,845,306,463,38.20,26.30,4.20,9.20
26/2/18-22:38:51,846,335,516,39.00,26.30,4.10,5.70
26/2/18-22:39:52,845,403,526,38.80,26.30,3.30,6.90
26/2/18-22:40:53,845,397,499,39.60,26.30,3.60,7.00
26/2/18-22:41:54,845,348,469,38.90,26.30,3.30,5.20
26/2/18-22:42:55,846,378,541,38.50,26.30,3.80,9.00
26/2/18-22:43:55,846,350,472,39.10,26.30,3.30,6.20
26/2/18-22:44:56,846,325,468,39.10,26.30,3.70,8.80
26/2/18-22:45:57,846,334,469,38.90,26.30,3.20,4.40
26/2/18-22:46:58,845,314,464,39.30,26.30,3.30,5.10
26/2/18-22:47:59,845,299,464,38.20,26.20,3.60,4.90
26/2/18-22:49:0,846,347,482,38.30,26.20,3.50,6.50
26/2/18-22:50:1,845,360,478,39.10,26.20,3.00,4.60
26/2/18-22:51:2,845,349,479,39.70,26.20,3.70,6.90
26/2/18-22:52:3,845,392,524,38.70,26.20,3.80,8.10
26/2/18-22:53:4,845,370,485,39.30,26.20,3.80,7.70
26/2/18-22:54:5,846,342,479,38.70,26.20,3.50,10.90
26/2/18-22:55:6,845,335,470,38.40,26.10,3.70,8.20
26/2/18-22:56:7,846,342,492,39.10,26.20,3.30,6.50
26/2/18-22:57:8,846,367,479,37.90,26.20,3.60,6.30
26/2/18-22:58:9,847,366,498,39.10,26.20,3.40,7.00
26/2/18-22:59:10,846,361,501,39.70,26.20,3.40,6.40
26/2/18-23:0:11,845,369,489,38.90,26.20,3.20,6.50
26/2/18-23:1:12,845,368,468,39.50,26.20,3.10,5.20
26/2/18-23:2:13,846,367,488,38.80,26.20,3.10,5.20
26/2/18-23:3:14,845,416,529,39.00,26.20,3.50,7.10
26/2/18-23:4:15,846,417,520,39.30,26.20,3.20,8.10
26/2/18-23:5:16,847,390,488,38.80,26.20,2.70,7.70
26/2/18-23:6:17,845,348,464,38.70,26.30,2.70,5.70
26/2/18-23:7:18,846,358,481,38.30,26.20,2.50,3.60
26/2/18-23:8:19,846,402,517,38.60,26.20,2.50,8.90
26/2/18-23:9:20,846,392,478,39.00,26.20,2.40,4.00
26/2/18-23:10:21,845,339,463,38.70,26.30,2.70,6.30
26/2/18-23:11:22,845,317,463,38.50,26.20,3.00,7.30
26/2/18-23:12:23,846,369,506,38.60,26.20,2.20,5.20
26/2/18-23:13:24,846,342,466,38.80,26.20,2.90,5.90
26/2/18-23:14:25,846,318,460,38.20,26.20,3.10,9.50
26/2/18-23:15:26,846,340,471,39.00,26.10,2.80,8.70
26/2/18-23:16:27,845,399,529,39.60,26.10,3.00,4.90
26/2/18-23:17:28,845,367,464,39.40,26.20,2.90,5.00
26/2/18-23:18:29,845,316,466,39.30,26.10,3.30,5.30
26/2/18-23:19:30,846,338,483,38.80,26.00,3.10,5.80
26/2/18-23:20:31,846,346,488,39.30,26.10,2.70,6.70
26/2/18-23:21:32,846,357,498,39.70,26.10,3.30,4.60
26/2/18-23:22:33,846,315,465,39.70,26.10,3.10,6.60
26/2/18-23:23:34,846,286,452,39.20,26.00,3.10,6.10
26/2/18-23:24:35,846,296,480,39.40,26.00,3.00,7.80
26/2/18-23:25:36,846,356,491,40.00,26.00,2.90,6.50
26/2/18-23:26:37,846,348,465,40.30,26.00,3.30,5.40
26/2/18-23:27:38,845,304,461,39.60,26.00,3.40,5.50
26/2/18-23:28:39,845,318,469,39.60,26.00,2.80,3.50
26/2/18-23:29:40,845,344,478,40.40,26.00,3.30,8.40
26/2/18-23:30:41,845,377,495,40.20,26.10,3.00,4.80
26/2/18-23:31:42,845,380,496,40.10,26.00,3.20,5.90
26/2/18-23:32:43,846,400,504,40.50,26.10,3.30,7.00
26/2/18-23:33:44,845,416,533,40.10,26.10,2.90,5.90
26/2/18-23:34:45,845,415,502,40.50,26.00,3.10,5.90
26/2/18-23:35:46,846,384,479,41.20,26.10,3.40,7.40
26/2/18-23:36:47,845,396,497,41.20,26.10,3.30,7.50
26/2/18-23:37:47,845,379,499,40.50,26.10,3.10,5.80
26/2/18-23:38:48,845,404,501,39.90,26.10,3.30,9.10
26/2/18-23:39:49,846,343,463,40.50,26.10,3.30,5.10
26/2/18-23:40:50,846,315,464,41.00,26.00,3.30,8.60
26/2/18-23:41:51,845,354,483,40.50,26.00,3.10,5.00
26/2/18-23:42:52,847,388,526,40.50,26.00,3.90,8.00
26/2/18-23:43:53,845,381,478,41.10,26.00,3.20,4.40
26/2/18-23:44:54,845,383,502,41.30,26.00,3.50,6.20
26/2/18-23:45:55,845,404,499,41.30,26.00,3.60,8.90
26/2/18-23:46:56,846,373,489,41.50,26.00,3.40,6.80
26/2/18-23:47:57,845,401,503,40.80,25.90,3.10,6.70
26/2/18-23:48:58,846,416,509,41.00,26.00,3.50,11.20
26/2/18-23:49:59,848,362,478,41.50,25.90,3.10,5.30
26/2/18-23:51:0,847,355,474,40.50,25.90,3.40,6.50
26/2/18-23:52:1,847,396,514,40.50,25.90,3.20,6.90
26/2/18-23:53:2,848,403,495,40.90,25.90,3.20,4.10
26/2/18-23:54:3,847,340,472,40.90,25.90,3.10,4.80
26/2/18-23:55:4,847,322,456,40.40,25.90,3.90,8.60
26/2/18-23:56:5,847,316,496,41.40,25.90,3.30,7.30
26/2/18-23:57:6,847,315,462,41.40,25.80,3.60,6.40
26/2/18-23:58:7,852,325,490,41.50,25.80,3.30,9.20
26/2/18-23:59:8,847,287,450,41.50,25.80,3.70,6.80
