13:6:8,10258.25,476.67,662447.19,36.00,27.20,0,0
13:7:8,17437.61,737.17,578625.94,36.10,27.20,5056,10434
13:8:9,21280.77,952.10,510416.63,35.10,27.20,4251,9022
13:9:9,24024.54,1075.98,468627.44,35.40,27.20,3440,-26949
13:10:10,26926.09,1241.28,462135.94,35.10,27.20,262,683
13:11:10,28803.61,1383.76,451592.38,35.60,27.30,3668,8010
13:12:11,28575.28,1435.86,412574.81,35.20,27.40,5050,10481
13:13:22,34977.21,1960.07,583908.06,34.80,27.60,0,51
13:14:12,31080.19,1634.07,408928.53,34.60,27.60,218,492
13:15:12,32231.33,1640.61,381250.00,34.50,27.70,190,533
13:16:13,33243.24,1717.07,375774.63,34.40,27.70,108,366
13:17:13,34643.04,1774.07,365000.00,34.20,27.90,102,380
13:18:14,33707.92,1595.28,314070.34,34.40,28.00,101,327
13:19:14,36098.19,1758.45,337894.78,34.80,28.00,97,451
13:20:15,36821.05,1805.73,333333.31,33.60,28.10,97,382
13:21:15,35357.14,1717.07,311000.00,33.60,28.10,88,455
13:22:16,37856.39,1855.14,320610.66,33.70,28.20,89,270
13:23:16,37070.87,1818.93,306435.63,33.10,28.20,84,257
13:24:17,37226.32,1847.84,308955.22,33.10,28.20,89,456
13:25:17,40171.27,1840.57,306435.63,33.30,28.30,91,322
13:26:18,39829.67,1899.45,302702.69,32.50,28.30,86,347
13:27:18,39696.97,1901.83,300245.69,32.40,28.40,85,278
13:28:19,39204.36,1754.58,280470.63,32.70,28.40,84,439
13:29:19,38500.00,1769.31,278037.41,32.40,28.50,107,533
13:30:20,39324.25,1647.18,249670.31,32.50,28.50,88,430
13:31:20,39157.61,1660.38,255679.27,32.20,28.50,89,367
13:32:21,31971.22,1471.45,235319.14,32.10,28.50,86,395
13:33:21,38663.07,1576.17,223602.50,35.40,28.60,87,284
13:34:22,40455.55,1758.45,266666.66,31.70,28.60,104,453
13:35:22,41087.32,1602.38,238793.11,31.60,28.60,93,538
13:36:23,43234.78,1833.33,272517.34,31.70,28.60,89,343
13:37:23,33570.37,1569.85,249670.31,31.40,28.60,102,312
13:38:24,40445.68,1685.27,263181.78,34.30,28.60,90,435
13:39:24,39324.25,1855.14,267123.28,32.00,28.70,104,348
13:40:25,47462.97,2136.42,289473.72,31.90,28.60,95,338
13:41:25,45182.09,2038.42,282547.19,31.00,28.70,95,292
13:42:26,48773.59,2187.13,293012.06,31.30,28.70,95,246
13:43:26,51790.16,2274.35,297810.22,31.10,28.70,97,292
13:44:26,55799.30,2342.22,296116.50,30.80,28.70,91,271
13:45:27,46615.86,2111.49,275813.97,30.60,28.60,98,329
13:46:27,45993.96,1914.44,273611.13,31.40,28.70,110,507
13:47:28,50834.95,2062.50,271428.59,31.10,28.70,101,344
13:48:28,47462.97,1748.42,235319.14,30.70,28.70,101,389
13:49:29,45585.58,1833.33,251655.63,31.00,28.70,99,269
13:50:29,46200.00,1892.00,248684.22,31.20,28.70,112,315
13:51:30,42302.86,1776.33,240948.28,31.10,28.80,93,299
13:52:30,43422.74,1616.33,222360.22,31.40,28.90,99,295
13:53:31,42119.66,1667.01,225363.83,31.50,28.90,101,411
13:54:31,41042.02,1634.07,213333.31,31.90,29.00,100,322
13:55:32,42795.39,1676.55,216293.27,31.80,29.00,100,422
13:56:32,41937.50,1840.57,241900.66,31.50,29.00,96,351
13:57:33,41219.10,1714.09,226250.00,31.80,29.10,95,328
13:58:33,38016.00,1588.89,212500.00,31.70,29.10,95,490
13:59:34,35121.82,1495.57,205952.38,32.10,29.20,90,448
14:0:34,38337.80,1532.34,212500.00,32.90,29.20,99,446
14:1:35,43234.78,1790.43,240948.28,32.40,29.20,107,268
14:2:35,44194.12,1892.00,249670.31,30.90,29.20,103,251
14:3:36,41868.95,1606.11,222821.55,30.70,29.20,103,260
14:4:36,53523.49,2170.10,273611.13,31.80,29.20,102,291
14:5:37,56968.41,2038.42,262895.91,30.30,29.20,110,422
14:6:37,58092.54,2374.39,282547.19,30.00,29.20,100,180
14:7:38,56615.38,2208.63,274245.97,30.10,29.20,104,268
14:8:38,68750.00,2430.86,295399.53,30.30,29.20,105,281
14:9:39,55875.43,2022.51,253658.52,30.00,29.10,108,457
14:10:39,74913.79,2474.43,292530.13,30.50,29.10,105,457
14:11:40,78375.01,2455.07,287828.19,29.80,29.10,103,266
14:12:40,45182.09,1700.52,232558.16,30.00,29.10,102,258
14:13:41,44194.12,1884.57,243817.78,33.00,29.10,97,30344
14:14:41,54812.29,2221.61,270344.81,32.10,29.10,105,262
14:15:42,60138.69,2274.35,271428.59,30.60,29.10,99,258
14:16:42,47609.91,1786.52,236752.14,30.40,29.10,97,211
14:17:43,54551.02,2230.31,259775.27,31.60,29.20,101,297
14:18:43,49904.16,2144.79,261851.02,30.60,29.20,98,326
14:19:44,50857.14,2025.99,245414.84,31.10,29.10,103,457
14:20:44,47678.02,1797.51,227139.89,30.80,29.20,98,398
14:21:45,53123.75,2153.10,253777.77,30.90,29.20,105,365
14:22:45,46407.30,2006.73,242857.14,30.90,29.20,97,254
14:23:46,45383.23,1884.57,232558.16,31.30,29.20,101,343
14:24:46,41576.27,1790.43,226250.00,31.30,29.20,98,313
14:25:47,56968.41,2301.20,268192.19,31.60,29.30,98,434
14:26:47,45519.52,2042.26,242424.25,30.80,29.20,101,318
14:27:48,45251.49,1967.35,237259.09,31.00,29.20,96,438
14:28:48,55606.89,2239.05,262895.91,30.70,29.20,99,435
14:29:49,49904.16,2239.05,257718.13,30.30,29.20,98,372
14:30:49,47249.23,2153.19,249670.31,30.70,29.20,101,370
14:31:50,44520.71,1956.01,232135.33,31.00,29.20,88,427
14:32:50,44982.14,2062.50,250660.78,31.00,29.20,89,285
14:33:51,49221.52,2247.83,254666.64,30.90,29.20,93,289
14:34:51,57246.47,2374.39,276923.09,30.50,29.10,100,510
14:35:52,55875.43,2402.45,271428.59,30.10,29.10,98,316
14:36:52,51549.02,2346.67,257718.13,30.40,29.10,97,345
14:37:53,56418.11,2469.29,270344.81,30.60,29.20,123,625
14:38:53,73770.20,2538.11,279156.91,30.10,29.20,103,430
14:39:54,61355.56,2479.00,264999.97,30.00,29.10,100,323
14:40:54,55340.20,2440.41,261851.02,30.20,29.10,94,417
14:41:55,56891.22,2484.17,265603.63,30.20,29.10,96,253
14:42:55,50366.56,2319.28,248684.22,30.20,29.10,96,375
14:43:56,56736.84,2426.80,267889.88,30.60,29.10,95,334
14:44:56,51071.43,2383.71,256696.41,30.50,29.10,106,263
14:45:57,51549.02,2430.86,255679.27,30.60,29.10,273,3026
14:46:57,43424.41,2136.42,235319.14,30.20,29.10,301,4616
14:47:58,49221.52,2301.20,246724.89,31.30,29.10,224,3025
14:48:58,48112.15,2274.35,246724.89,30.50,29.20,197,3178
14:49:59,48996.85,2310.22,247702.41,30.60,29.10,100,2091
14:50:59,54291.52,2328.37,261851.02,30.40,29.10,151,1359
14:52:0,53270.90,2393.06,251655.63,30.30,29.20,94,469
14:53:0,53020.00,2402.45,257718.13,30.50,29.10,92,793
14:54:1,52032.89,2393.06,253658.52,30.60,29.10,93,516
14:55:1,64895.75,2508.37,262895.91,30.70,29.10,94,522
14:56:2,51549.02,2328.37,245751.64,30.30,29.10,97,692
14:57:2,53523.49,2402.45,254666.64,30.60,29.10,95,493
14:58:3,48551.73,2221.61,237179.50,30.50,29.10,95,464
14:59:3,51790.16,2319.28,245751.64,30.60,29.10,86,348
15:0:4,56968.41,2440.41,256696.41,30.40,29.10,89,385
15:1:4,49675.16,2230.31,235319.14,30.40,29.10,93,295
15:2:5,47395.07,2217.29,236752.14,30.70,29.10,88,453
15:3:5,46200.00,2046.42,224481.34,30.80,29.10,95,353
15:4:6,48112.15,2187.13,236247.34,30.70,29.20,109,740
15:5:6,49535.04,2127.94,234468.08,30.80,29.20,90,627
15:6:7,49447.62,2292.22,239055.80,30.60,29.20,87,428
15:7:7,44585.80,2022.51,223602.50,30.60,29.20,95,398
15:8:8,47249.23,1797.51,200391.39,30.90,29.30,96,630
15:9:8,56384.61,2384.46,249889.63,30.20,29.30,97,374
15:10:9,76710.54,2528.15,269266.03,29.70,29.30,98,350
15:11:9,57448.76,2296.80,241468.69,29.50,29.20,105,611
15:12:10,52770.76,2136.42,229831.95,30.00,29.20,109,371
15:13:10,51549.02,1441.75,152151.48,30.10,29.10,94,397
15:14:11,40865.92,1194.57,120187.80,30.10,29.20,92,320
15:15:11,49623.00,1409.98,151986.20,30.90,29.20,102,465
15:16:12,39084.47,1381.15,158802.83,29.80,29.20,104,441
15:17:12,49904.16,1588.89,174040.20,32.40,29.30,96,424
15:18:12,54812.29,1906.93,215010.13,29.80,29.30,103,348
15:19:13,78923.78,2212.94,241900.66,29.50,29.30,104,217
15:20:13,62928.30,1714.09,191204.61,29.00,29.20,104,382
15:21:14,45383.23,1507.74,187500.00,29.50,29.20,88,364
15:22:14,82194.45,2393.06,268192.19,32.80,29.30,102,264
15:23:15,66606.30,2421.35,257718.13,29.20,29.30,104,292
15:24:15,59897.82,2217.32,242516.27,29.70,29.30,98,385
15:25:16,55916.66,2217.32,238709.69,30.00,29.20,96,282
15:26:16,55340.20,2319.28,248684.22,30.20,29.30,101,398
15:27:17,64561.54,2178.60,229831.95,30.00,29.30,107,400
15:28:17,57526.50,2070.59,225363.83,29.60,29.30,94,390
15:29:18,62928.30,2022.51,221855.70,29.90,29.30,101,390
15:30:18,67047.62,2234.78,235897.44,29.20,29.30,98,265
15:31:19,80365.30,2499.79,263181.78,29.30,29.40,103,539
15:32:19,63323.20,2090.63,230379.77,29.00,29.30,104,412
15:33:20,70999.99,2337.50,251655.63,29.90,29.30,93,316
15:34:20,92489.79,2524.21,258426.95,29.20,29.30,107,329
15:35:21,78923.78,2247.83,238115.63,28.80,29.40,101,275
15:36:21,67309.52,2161.63,261851.02,29.30,29.40,96,477
15:37:22,79438.92,2328.89,244978.16,29.40,29.30,100,382
15:38:22,74592.27,2195.70,232558.16,29.50,29.30,109,252
15:39:23,84160.38,2421.35,253658.52,29.40,29.30,96,242
15:40:23,83168.23,2450.00,257718.13,29.10,29.30,101,418
15:41:24,71385.89,2383.71,243817.78,29.20,29.30,93,236
15:42:24,68023.99,2301.20,237179.50,29.60,29.30,98,325
15:43:25,64229.88,2319.28,240000.00,29.70,29.30,102,369
15:44:25,60742.66,2301.20,240948.28,29.70,29.30,99,246
15:45:26,66000.00,2342.51,242516.27,29.70,29.40,102,351
15:46:26,71774.99,2346.67,243817.78,29.50,29.40,99,320
15:47:27,75756.52,2474.43,258295.95,29.20,29.40,103,422
15:48:27,68850.20,2426.80,245414.84,29.00,29.40,96,477
15:49:28,71385.89,1967.78,215853.64,29.10,29.40,100,315
15:50:28,71774.99,2054.44,216700.59,29.10,29.50,98,360
15:51:29,68023.99,2221.61,233474.58,29.30,29.60,99,282
15:52:29,83661.98,2355.87,242857.14,29.50,29.60,94,365
15:53:30,98999.99,2682.00,270344.81,29.00,29.70,97,283
15:54:30,91666.66,2568.22,261851.02,28.50,29.70,100,474
15:55:31,68385.54,2274.35,232558.16,29.10,29.70,99,336
15:56:31,53020.00,1680.34,197281.56,29.40,29.80,103,386
15:57:32,58092.54,1929.54,206759.44,31.70,29.80,96,379
15:58:32,56145.83,1783.36,194219.66,29.60,29.80,103,502
15:59:33,42302.86,1582.52,182429.92,29.40,29.80,146,398
16:0:33,52032.89,1783.36,192706.33,31.20,29.90,97,375
16:1:34,49675.16,1621.05,178188.52,29.50,29.90,92,318
16:2:34,52523.18,1937.13,209200.00,29.70,30.00,95,326
16:3:35,55875.43,2111.49,220987.63,29.50,30.10,101,371
16:4:35,70237.70,2488.75,249670.31,29.00,30.00,93,402
16:5:36,59840.00,2014.61,212500.00,28.60,30.10,96,458
16:6:36,63323.20,2182.81,225887.28,29.10,30.00,95,314
16:7:37,58666.68,2038.42,210020.03,29.20,30.00,95,331
16:8:37,52032.89,1892.00,201176.48,29.30,30.00,101,380
16:9:38,51549.02,2022.51,211670.00,29.90,30.00,137,597
16:10:38,53302.01,2157.28,221487.59,29.80,30.10,102,342
16:11:39,61665.43,2136.42,217551.02,29.70,30.10,96,305
16:12:39,58378.58,2170.10,220987.63,29.50,30.10,104,518
16:13:40,58956.84,2195.70,223602.50,29.50,30.10,92,457
16:14:40,64229.88,2328.37,231645.58,29.50,30.10,93,364
16:15:41,62292.14,2310.22,228033.48,29.30,30.10,92,390
16:16:41,76710.54,2421.35,255679.27,29.40,30.10,93,340
16:17:42,53523.49,2038.42,208383.23,29.30,30.10,90,500
16:18:42,53020.00,1967.78,204347.81,30.00,30.10,90,306
16:19:43,63574.15,2178.60,219262.27,29.80,30.10,95,449
16:20:43,59249.10,2111.49,224481.34,29.50,30.00,93,413
16:21:44,63900.76,2247.83,220987.63,29.60,30.00,91,395
16:22:44,56145.83,2078.71,210843.36,29.80,30.00,92,426
16:23:45,54812.29,2054.44,207569.72,29.90,30.00,102,480
16:24:45,57857.64,2132.05,216326.52,30.00,30.00,80,350
16:25:46,63574.15,2292.22,228033.48,29.80,30.00,91,413
16:26:46,54587.03,2115.38,212955.45,29.50,30.00,87,436
16:27:47,55075.34,2256.63,226250.00,29.40,29.90,97,331
16:28:47,56418.11,2161.63,215010.13,29.20,29.80,89,492
16:29:48,59144.93,2217.36,219793.80,29.10,29.90,87,423
16:30:48,59543.48,2239.05,216700.59,29.60,29.80,88,266
16:31:49,66956.52,2411.89,234394.92,29.80,29.80,93,559
16:32:49,61665.43,2365.11,230736.84,29.30,29.80,88,337
16:33:50,62292.14,2402.45,237179.50,29.30,29.80,86,356
16:34:50,52770.76,2195.70,216700.59,29.20,29.80,91,245
16:35:51,50366.56,2212.94,214170.03,29.70,29.80,89,474
16:36:51,52032.89,2310.22,223602.50,29.70,29.80,94,396
16:37:52,49904.16,2346.67,223602.50,29.80,29.80,103,475
16:38:52,45383.23,2153.19,213333.31,29.70,29.80,111,327
16:39:53,48773.59,2328.37,234394.92,30.00,29.80,90,318
16:40:53,54291.52,2469.29,233474.58,29.80,29.80,97,292
16:41:54,52523.18,2469.29,231645.58,29.00,29.80,107,402
16:42:54,47036.81,2346.67,223602.50,29.30,29.80,93,426
16:43:55,46206.69,2252.38,218891.14,29.80,29.80,102,389
16:44:55,45387.38,2050.00,200000.00,29.70,29.80,99,286
16:45:56,47826.09,2252.28,220576.11,29.80,29.80,142,565
16:46:56,53777.77,2346.67,223602.50,29.50,29.80,97,248
16:47:57,51768.98,2208.68,217248.44,29.20,29.80,97,240
16:48:57,48773.59,2204.31,213333.31,29.50,29.70,92,498
16:49:58,51071.43,2230.31,216700.59,29.50,29.80,93,235
16:50:58,46825.69,2111.49,208383.23,29.50,29.80,99,332
16:51:59,50857.14,2261.23,218032.77,29.70,29.70,101,326
16:52:59,56692.30,2440.41,235319.14,29.50,29.80,118,536
16:54:0,53523.49,2265.48,215853.64,29.70,29.80,99,402
16:55:0,53777.77,2178.60,209200.00,29.40,29.80,160,659
16:56:1,49675.16,2170.10,206759.44,29.40,29.70,149,1108
16:57:1,51914.19,2297.19,223284.80,29.50,29.80,162,529
16:58:2,55606.89,2393.06,223602.50,29.20,29.80,98,369
16:59:2,51309.45,2337.50,221855.70,28.80,29.80,95,708
17:0:3,53523.49,2355.87,218404.89,29.10,29.80,100,479
17:1:3,51549.02,2204.31,214170.03,28.90,29.80,104,393
17:2:4,58956.84,2346.67,228930.83,29.20,29.80,178,735
17:3:4,55379.31,2351.72,229473.69,28.90,29.80,101,492
17:4:5,49675.16,1983.27,186767.50,29.40,29.80,98,397
17:5:5,52032.89,2230.31,215853.64,29.90,29.80,104,304
17:6:6,58956.84,2346.67,230736.84,29.30,29.80,96,359
17:7:6,57246.47,2365.11,227139.89,29.10,29.90,101,310
17:8:7,54812.29,2310.22,219262.27,29.10,29.90,105,373
17:9:7,56145.83,2374.39,225363.83,29.10,29.90,109,475
17:10:8,54812.29,2355.87,226250.00,29.20,29.90,151,657
17:11:8,55075.34,2337.50,223602.50,29.30,29.90,111,687
17:12:8,53080.54,2310.89,221117.98,29.60,30.00,107,476
17:13:9,55340.20,2239.05,219262.27,29.40,29.90,147,2141
17:14:9,58378.58,2346.67,220123.17,29.30,29.90,150,1574
17:15:10,53449.66,2269.98,215447.14,29.80,30.00,30220,31728
17:16:10,82372.09,2615.45,253333.31,29.70,30.00,131,30860
17:17:11,80767.13,2619.27,249670.31,28.90,30.10,129,1052
17:18:11,102342.53,2660.91,257718.13,28.80,30.00,108,794
17:19:12,72563.02,2374.39,235319.14,28.70,30.00,138,937
17:20:12,80935.78,2584.65,247368.42,28.90,30.10,102,461
17:21:13,80000.01,2484.76,234042.55,28.60,30.00,125,633
17:22:13,67309.52,2411.89,228930.83,28.60,30.10,98,543
17:23:14,67583.99,2389.34,224166.67,28.80,30.10,115,528
17:24:14,74403.42,2460.17,232627.13,28.80,30.10,111,630
17:25:15,125098.09,2713.97,257718.13,28.80,30.10,100,231
17:26:15,95218.74,2588.51,245751.64,28.40,30.00,96,425
17:27:16,66956.52,2204.31,224481.34,29.00,30.00,100,419
17:28:16,90530.00,2488.75,234394.92,29.60,30.00,98,436
17:29:17,79837.11,2221.61,218404.89,28.90,30.00,127,1051
17:30:17,69502.04,2006.00,196498.06,29.20,30.00,190,2042
17:31:18,62292.14,1960.07,191954.03,29.40,30.10,155,1282
17:32:18,55606.89,1855.14,183864.92,29.50,30.10,130,977
17:33:19,44982.14,1576.17,166666.67,29.60,30.20,113,849
17:34:19,59543.48,1975.51,204347.81,31.70,30.30,94,347
17:35:20,57169.01,2034.28,203155.81,28.80,30.30,104,482
17:36:20,52032.89,1818.93,188235.31,29.10,30.30,94,725
17:37:21,50600.00,1783.36,187500.00,29.50,30.30,94,551
17:38:21,48331.25,1762.32,184586.48,29.30,30.30,94,627
17:39:22,52032.89,1937.13,197281.56,29.50,30.30,113,470
17:40:22,54033.78,2022.51,198830.42,29.00,30.30,99,293
17:41:23,56692.30,2170.10,209200.00,28.90,30.30,94,539
17:42:23,57526.50,2046.42,200391.39,28.90,30.30,105,299
17:43:24,56145.83,2256.63,212500.00,28.80,30.30,101,470
17:44:24,49675.16,1991.06,191204.61,28.80,30.30,104,599
17:45:25,47405.58,1990.28,191170.83,28.80,30.40,96,643
17:46:25,45585.58,1929.54,188973.39,28.90,30.40,99,382
17:47:26,52032.89,2195.70,206759.44,28.80,30.40,101,718
17:48:26,44851.19,1891.44,186742.44,28.40,30.40,92,274
17:49:27,44783.38,1869.80,189714.30,29.10,30.40,97,397
17:50:27,51790.16,2070.59,196511.64,29.20,30.50,106,432
17:51:28,57246.47,2256.63,215010.13,28.50,30.50,90,427
17:52:28,61665.43,2402.45,222727.30,28.60,30.50,93,501
17:53:29,52770.76,2204.31,207569.72,28.50,30.50,149,1114
17:54:29,49447.62,1967.78,184586.48,28.80,30.50,92,882
17:55:30,59543.48,2374.39,217551.02,28.80,30.60,119,1170
17:56:30,55340.20,2319.28,210020.03,28.40,30.60,89,472
17:57:31,68023.99,2274.35,210843.36,28.50,30.60,196,2287
17:58:31,43615.16,1608.12,162123.91,28.30,30.60,117,1983
17:59:32,48773.59,1755.36,159578.20,30.30,30.60,100,468
18:0:32,51071.43,1914.44,177490.75,28.70,30.60,83,317
18:1:33,58092.54,1960.07,187500.00,28.60,30.60,113,775
18:2:33,77145.38,2153.19,202755.91,28.20,30.70,312,2958
18:3:34,55340.20,1899.45,173357.66,27.80,30.60,429,-31816
18:4:34,47395.07,1643.42,127564.10,28.40,30.60,215,2365
18:5:35,51071.43,1748.42,142140.47,28.60,30.60,114,1327
18:6:35,52231.79,1853.89,169202.89,28.30,30.60,105,705
18:7:36,40690.80,1520.00,141000.00,28.50,30.50,117,966
18:8:36,42119.66,1687.05,159578.20,30.60,30.50,152,677
18:9:37,43615.16,1748.42,152758.63,29.10,30.50,93,423
18:10:37,45993.96,1811.76,162765.97,28.80,30.40,89,545
18:11:38,46206.69,1932.60,180597.00,28.70,30.40,99,534
18:12:38,44000.00,1714.09,157692.31,28.80,30.50,164,894
18:13:39,41694.05,1528.69,145270.25,29.00,30.40,93,649
18:14:39,48043.62,1765.43,167625.91,29.70,30.50,100,250
18:15:40,49221.52,1790.43,172677.58,28.80,30.50,99,517
18:16:40,61665.43,1937.13,178888.88,28.90,30.50,96,460
18:17:41,84160.38,2256.63,210843.36,28.10,30.50,102,324
18:18:41,70617.27,2030.45,189714.30,27.70,30.40,98,274
18:19:42,69487.80,2070.59,199609.38,28.20,30.40,102,444
18:20:42,54511.95,1606.11,161347.53,28.20,30.40,97,314
18:21:43,63250.00,1906.93,184586.48,29.80,30.50,107,357
18:22:43,47462.97,1714.09,176102.92,28.40,30.40,101,521
18:23:44,60138.69,2095.04,197281.56,29.50,30.40,97,342
18:24:44,47259.27,1702.61,177079.47,28.20,30.40,103,270
18:25:45,62292.14,2195.70,208383.23,29.80,30.40,102,299
18:26:45,65914.06,1921.98,181716.44,28.20,30.30,97,342
18:27:46,55340.20,1826.12,191204.61,28.60,30.30,105,291
18:28:46,66086.28,2187.11,209218.44,29.10,30.20,104,289
18:29:47,73770.20,2383.71,215853.64,28.40,30.20,102,224
18:30:47,70237.70,2153.19,201176.48,28.20,30.20,102,232
18:31:48,58378.58,1804.63,168648.64,28.60,30.10,98,307
18:32:48,58378.58,1769.31,169981.91,29.00,30.10,104,364
18:33:49,49675.16,1693.77,176795.58,29.10,30.10,99,295
18:34:49,55113.40,1978.77,187832.72,30.10,30.10,104,264
18:35:50,47678.02,1727.75,179591.83,29.10,30.10,110,445
18:36:50,52277.23,1921.98,192706.33,30.00,30.10,120,283
18:37:51,56538.45,1990.67,186742.44,29.30,30.00,118,538
18:38:51,58378.58,2153.19,198830.42,29.00,30.00,97,442
18:39:52,55189.00,1936.65,184557.45,29.00,30.00,99,366
18:40:52,62292.14,2078.71,192706.33,29.40,30.00,103,211
18:41:53,61047.98,2128.08,198054.48,28.90,30.00,101,303
18:42:53,52032.89,1748.42,176795.58,28.90,30.00,104,322
18:43:54,50857.14,1807.14,180597.00,29.80,30.00,102,309
18:44:54,47678.02,1727.75,172677.58,29.90,30.00,103,360
18:45:55,49012.66,1978.77,202366.86,30.80,30.00,104,408
18:46:55,53270.90,2161.63,201964.64,29.60,30.00,99,371
18:47:56,48773.59,1983.27,190458.02,28.90,30.00,113,360
18:48:56,68023.99,2402.45,221855.70,29.40,30.00,104,333
18:49:57,70617.27,2430.86,226250.00,28.60,30.00,101,406
18:50:57,71112.03,2484.76,226778.25,28.50,29.90,104,503
18:51:58,71774.99,2430.86,216700.59,28.50,29.90,127,754
18:52:58,56692.30,1991.06,188235.31,28.60,29.90,158,804
18:53:59,68750.00,2170.10,198054.48,29.10,29.90,168,30760
18:54:59,73770.20,2204.31,200391.39,28.70,29.90,101,408
18:56:0,69117.41,2274.35,207569.72,28.70,29.90,99,472
18:57:0,63574.15,2247.83,204347.81,28.90,29.90,192,911
18:58:1,72962.02,2421.35,225363.83,28.90,29.90,102,580
18:59:1,58378.58,2178.60,197281.56,28.90,29.90,138,809
19:0:2,64895.75,2488.75,222727.30,29.30,29.90,128,608
19:1:2,63808.43,2534.88,226834.39,29.10,29.80,135,961
19:2:3,52032.89,2274.35,207569.72,29.20,29.80,98,619
19:3:3,53020.00,2319.28,208383.23,29.40,29.80,150,1038
19:4:4,62292.14,2498.54,222727.30,29.30,29.80,164,923
19:5:4,57808.50,2430.86,214170.03,28.80,29.80,99,512
19:6:5,58956.84,2383.71,211670.00,28.80,29.80,95,454
19:7:5,59840.00,2508.37,220987.63,28.90,29.80,97,425
19:8:6,65571.98,2608.97,247702.41,29.00,29.80,98,440
19:9:6,72563.02,2588.51,228930.83,28.80,29.80,444,1705
19:10:7,62609.02,2548.10,228033.48,28.60,29.70,125,788
19:11:7,56145.83,2488.75,219262.27,28.90,29.70,162,643
19:12:8,53959.46,2493.95,224066.41,29.10,29.70,133,836
19:13:8,53777.77,2153.19,194219.66,29.10,29.70,120,486
19:14:9,55075.34,2393.06,214170.03,29.10,29.70,122,624
19:15:9,53481.48,2403.29,214227.63,29.00,29.70,97,405
19:16:10,54291.52,2488.75,221855.70,29.10,29.70,110,994
19:17:10,48112.15,2337.50,205952.38,28.90,29.60,116,648
19:18:11,47678.02,2022.51,181005.59,29.30,29.60,121,827
19:19:11,50763.75,2397.95,209619.23,29.20,29.70,92,203
19:20:12,50834.95,2459.63,216700.59,28.90,29.60,99,760
19:21:12,51309.45,2498.54,220123.17,29.00,29.60,97,669
19:22:12,53777.77,2488.75,220987.63,29.00,29.60,114,410
19:23:13,57574.46,2524.21,225000.02,29.10,29.60,110,404
19:24:13,54033.78,2508.37,221855.70,28.90,29.60,89,567
19:25:14,58956.84,2548.10,226250.00,29.00,29.60,98,361
19:26:14,68750.00,2488.75,221855.70,28.90,29.60,93,413
19:27:15,68023.99,2430.86,218404.89,28.80,29.60,91,314
19:28:15,69398.38,2360.65,213765.17,28.90,29.50,94,306
19:29:16,66258.83,2450.00,215010.13,29.00,29.50,91,419
19:30:16,57730.49,2397.95,213765.17,28.90,29.50,95,429
19:31:17,55189.00,2221.65,200392.16,29.30,29.50,91,418
19:32:17,78923.78,2608.97,239055.80,29.40,29.50,96,492
19:33:18,82372.09,2657.14,231289.66,28.70,29.50,90,394
19:34:18,67759.99,2564.33,226778.25,28.70,29.50,92,353
19:35:19,58666.68,2469.29,216700.59,28.90,29.40,90,433
19:36:19,60138.69,2459.63,218404.89,29.20,29.40,99,294
19:37:20,60138.69,2469.29,215853.64,29.60,29.50,96,464
19:38:20,64895.75,2528.15,223602.50,29.60,29.50,90,410
19:39:21,61192.59,2489.35,218442.59,29.10,29.40,93,431
19:40:21,62845.28,2573.67,225833.34,29.20,29.40,107,435
19:41:22,60723.25,2579.96,224583.34,29.20,29.40,98,402
19:42:22,58772.55,2480.75,226415.11,29.30,29.40,121,516
19:43:23,56692.30,2488.75,214170.03,29.60,29.50,97,363
19:44:23,55340.20,2498.54,216700.59,29.70,29.40,94,365
19:45:24,56145.83,2538.11,221855.70,29.60,29.40,99,438
19:46:24,61977.62,2578.34,221855.70,29.30,29.40,94,464
19:47:25,55875.43,2498.54,219262.27,29.00,29.40,107,410
19:48:25,49221.52,2070.59,186767.50,29.20,29.40,105,396
19:49:26,55075.34,2153.19,191954.03,29.60,29.40,99,457
19:50:26,50366.56,2086.86,186037.73,29.40,29.40,109,481
19:51:27,52032.89,2247.83,201176.48,29.80,29.30,93,230
19:52:27,52523.18,2393.06,209200.00,29.90,29.40,106,348
19:53:28,54291.52,2230.31,202755.91,29.90,29.30,111,240
19:54:28,51549.02,2440.41,218404.89,29.80,29.30,99,241
19:55:29,49693.29,2465.28,214634.13,29.90,29.30,100,361
19:56:29,50600.00,2469.29,216700.59,30.00,29.30,105,448
19:57:30,54551.02,2498.54,217551.02,29.90,29.30,106,300
19:58:30,52277.23,2548.10,225363.83,29.60,29.20,100,380
19:59:31,51815.79,2465.28,216326.52,29.80,29.30,98,619
20:0:31,50134.61,2488.75,213333.31,30.00,29.30,116,442
20:1:32,44194.12,2187.13,196511.64,30.40,29.20,104,277
20:2:32,49221.52,2508.37,222727.30,30.60,29.20,101,416
20:3:33,50387.10,2564.33,226778.25,30.30,29.20,106,439
20:4:33,44783.38,2230.31,201964.64,30.00,29.20,105,418
20:5:34,47826.09,2474.43,220576.11,30.60,29.10,103,309
20:6:34,47838.01,2412.76,205168.98,30.20,29.10,104,313
20:7:35,44985.07,2226.04,200785.86,30.30,29.20,117,497
20:8:35,46615.86,2006.73,174040.20,30.50,29.10,100,535
20:9:36,45585.58,2230.31,201964.64,30.40,29.10,105,414
20:10:36,45794.55,2306.02,202366.86,30.40,29.20,97,451
20:11:37,43807.02,2144.79,194980.70,30.40,29.10,101,341
20:12:37,45116.41,2269.98,202362.20,30.50,29.10,108,395
20:13:38,45585.58,2161.63,194980.70,30.40,29.10,103,389
20:14:38,47046.16,2324.19,204761.91,30.50,29.10,104,510
20:15:39,44587.54,2115.38,193063.58,30.30,29.10,104,249
20:16:39,44585.80,2187.13,200391.39,30.70,29.10,104,398
20:17:40,45383.23,2247.83,201176.48,30.60,29.10,101,480
20:18:40,43615.16,2195.70,194219.66,30.50,29.10,100,340
20:19:41,47462.97,2393.06,214170.03,30.60,29.10,98,435
20:20:41,47678.02,2488.75,220987.63,30.40,29.10,102,420
20:21:42,47678.02,2383.71,210020.03,30.20,29.10,106,376
20:22:42,43234.78,2292.22,201176.48,30.70,29.10,102,567
20:23:43,46615.86,2393.06,210020.03,31.00,29.00,97,457
20:24:43,47462.97,2161.63,197281.56,30.90,29.00,102,453
20:25:44,47609.91,2445.45,212096.77,30.90,29.00,99,393
20:26:44,49151.90,2533.47,226722.34,30.80,29.00,116,563
20:27:45,49447.62,2568.22,227139.89,30.90,29.00,99,597
20:28:45,49904.16,2568.22,225363.83,30.50,28.90,100,272
20:29:46,50083.61,2590.17,227253.67,30.60,28.90,101,391
20:30:46,49904.16,2588.51,231645.58,30.90,28.90,100,412
20:31:47,50336.57,2606.88,229598.33,31.00,28.90,115,397
20:32:47,48773.59,2558.14,227139.89,31.10,28.90,104,533
20:33:48,48996.85,2568.22,226250.00,31.30,28.80,103,341
20:34:48,47678.02,2548.10,222727.30,31.50,28.80,101,474
20:35:49,46615.86,2450.00,213333.31,31.50,28.80,116,403
20:36:49,45789.16,2374.39,210843.36,31.50,28.80,100,393
20:37:50,46615.86,2488.75,216700.59,31.50,28.80,100,392
20:38:50,47036.81,2528.15,219262.27,31.50,28.80,99,321
20:39:51,47462.97,2538.11,220123.17,31.40,28.70,97,355
20:40:51,47249.23,2548.10,220987.63,31.10,28.80,97,376
20:41:52,49221.52,2608.97,225363.83,31.00,28.70,99,359
20:42:52,47894.41,2538.11,219262.27,31.00,28.70,97,240
20:43:53,48112.15,2518.24,221855.70,31.10,28.70,99,575
20:44:53,47678.02,2469.29,211670.00,31.20,28.70,99,417
20:45:54,48551.73,2469.29,213333.31,31.30,28.70,107,374
20:46:54,47462.97,2479.00,212500.00,31.50,28.70,97,606
20:47:55,47036.81,2450.00,210020.03,31.70,28.70,104,482
20:48:55,47894.41,2578.34,219262.27,31.80,28.60,93,378
20:49:56,48112.15,2538.11,217551.02,31.70,28.60,103,370
20:50:56,47609.91,2464.73,210441.75,32.00,28.60,100,401
20:51:57,47678.02,2528.15,218404.89,32.40,28.60,99,394
20:52:57,47473.69,2544.19,216326.52,32.30,28.60,120,601
20:53:58,45585.58,2498.54,212500.00,32.40,28.50,96,440
20:54:58,47036.81,2528.15,213333.31,32.30,28.50,94,351
20:55:59,47541.80,2489.35,215040.63,32.40,28.50,94,466
20:56:59,46407.30,2450.00,207569.72,32.60,28.50,97,679
20:58:0,45182.09,2440.41,202755.91,32.80,28.40,108,637
20:59:0,44389.38,2450.00,201176.48,32.80,28.40,112,634
21:0:1,44783.38,2430.86,203550.28,33.00,28.40,95,727
21:1:1,45457.82,2379.96,200787.41,33.20,28.40,100,622
21:2:2,44000.00,2365.11,197281.56,33.40,28.40,92,661
21:3:2,44064.70,2384.08,197276.28,33.50,28.40,103,630
21:4:3,44585.80,2383.71,198054.48,33.60,28.40,96,30686
21:5:3,43424.41,2355.87,193461.55,33.40,28.40,96,849
21:6:4,44194.12,2402.45,199609.38,33.40,28.30,92,680
21:7:4,43234.78,2421.35,199609.38,33.20,28.30,93,605
21:8:5,44000.00,2430.86,199609.38,33.30,28.30,131,698
21:9:5,43422.74,2398.36,196887.17,33.40,28.30,97,973
21:10:6,43234.78,2440.41,198054.48,33.50,28.30,93,901
21:11:6,42858.79,2365.11,192706.33,33.60,28.30,93,547
21:12:7,43234.78,2346.67,194219.66,33.80,28.30,100,734
21:13:7,42858.79,2374.39,195744.69,33.90,28.20,99,641
21:14:7,42858.79,2383.71,191204.61,33.90,28.20,100,806
21:15:8,43360.46,2388.57,196893.20,33.90,28.20,107,719
21:16:8,42487.11,2383.71,194219.66,34.00,28.20,96,686
21:17:9,42672.41,2393.06,194219.66,34.10,28.20,97,518
21:18:9,43168.60,2375.10,194197.30,34.10,28.20,95,677
21:19:10,43107.25,2374.75,194208.50,34.20,28.20,113,739
21:20:10,42302.86,2383.71,194219.66,34.10,28.10,98,695
21:21:11,42361.03,2356.19,193448.94,34.00,28.10,98,790
21:22:11,42487.11,2328.37,189714.30,34.20,28.20,109,635
21:23:12,41756.37,2301.20,188235.31,34.40,28.20,107,791
21:24:12,42672.41,2319.28,194219.66,34.20,28.20,120,848
21:25:13,42119.66,2310.22,188235.31,34.20,28.10,95,540
21:26:13,41937.50,2310.22,187500.00,34.40,28.20,109,483
21:27:14,42302.86,2319.28,187500.00,34.00,28.10,104,603
21:28:14,43107.25,2328.63,188952.39,33.90,28.10,99,593
21:29:15,42487.11,2337.50,188973.39,33.90,28.10,98,609
21:30:15,43807.02,2374.39,195744.69,33.90,28.10,106,599
21:31:16,43615.16,2402.45,200391.39,33.40,28.10,105,432
21:32:16,44194.12,2421.35,201964.64,33.20,28.10,102,483
21:33:17,44259.58,2384.08,198828.13,33.20,28.10,99,546
21:34:17,42672.41,2328.37,194219.66,33.30,28.10,118,630
21:35:18,44000.00,2337.50,198054.48,33.20,28.10,102,728
21:36:18,44000.00,2355.87,195744.69,33.20,28.10,104,529
21:37:19,43807.02,2374.39,196511.64,33.30,28.10,170,603
21:38:19,43424.41,2374.39,195744.69,33.50,28.10,116,795
21:39:20,45321.32,2470.42,208416.83,33.70,28.10,111,722
21:40:20,43615.16,2393.06,199609.38,33.80,28.10,98,640
21:41:21,44129.41,2426.34,203952.56,33.80,28.10,115,707
21:42:21,44194.12,2402.45,205952.38,33.90,28.10,104,541
21:43:22,44585.80,2430.86,205148.52,33.90,28.10,122,1028
21:44:22,43234.78,2402.45,198054.48,33.80,28.10,103,698
21:45:23,43424.41,2374.39,197281.56,33.80,28.10,108,591
21:46:23,43807.02,2355.87,203550.28,33.80,28.10,129,620
21:47:24,43424.41,2383.71,200391.39,33.80,28.00,113,593
21:48:24,43424.41,2365.11,201176.48,34.00,28.10,103,573
21:49:25,42672.41,2319.28,194980.70,34.10,28.00,109,763
21:50:25,42672.41,2337.50,201176.48,34.20,28.00,116,792
21:51:26,43807.02,2365.11,205952.38,34.30,28.00,96,712
21:52:26,43234.78,2292.22,198830.42,34.40,28.00,107,524
21:53:27,42672.41,2319.28,197281.56,34.50,28.00,113,672
21:54:27,43424.41,2393.06,205952.38,34.50,28.00,103,396
21:55:28,42487.11,2355.87,197281.56,34.50,28.00,114,622
21:56:28,42672.41,2365.11,198830.42,34.50,28.00,102,623
21:57:29,42487.11,2374.39,198830.42,34.60,28.00,99,655
21:58:29,42858.79,2383.71,198054.48,34.10,27.90,100,661
21:59:30,43615.16,2393.06,203550.28,34.40,28.00,100,752
22:0:30,43807.02,2402.45,202755.91,33.90,27.90,99,499
22:1:31,43107.25,2346.96,198828.13,34.00,27.90,104,736
22:2:31,42119.66,2292.22,191204.61,34.10,27.90,104,680
22:3:32,43046.24,2365.11,201176.48,34.10,27.90,102,633
22:4:32,42858.79,2374.39,198054.48,34.10,27.90,101,927
22:5:33,44522.25,2422.27,210060.34,33.90,27.90,101,559
22:6:33,43234.78,2421.35,202755.91,33.80,27.90,103,653
22:7:34,43046.24,2355.87,196511.64,34.10,27.90,105,527
22:8:34,44194.12,2393.06,206759.44,34.30,27.90,98,835
22:9:35,43615.16,2393.06,205148.52,34.40,27.80,109,684
22:10:35,41576.27,2310.22,194980.70,34.40,27.80,101,594
22:11:36,41937.50,2355.87,197281.56,34.60,27.80,98,523
22:12:36,41750.00,2351.72,198437.50,34.50,27.80,98,776
22:13:37,41397.18,2365.11,198830.42,34.70,27.80,105,626
22:14:37,39757.58,2256.86,190421.47,35.00,27.80,100,877
22:15:38,40343.49,2310.22,191954.03,35.10,27.80,112,779
22:16:38,41397.18,2365.11,203550.28,35.30,27.80,101,523
22:17:39,39769.23,2296.80,195357.84,35.40,27.80,94,654
22:18:39,41389.83,2351.72,203162.05,35.40,27.80,106,693
22:19:40,40629.52,2305.81,198440.56,35.50,27.80,98,868
22:20:40,40865.92,2328.37,198054.48,35.60,27.80,99,778
22:21:41,40865.92,2337.50,200391.39,35.80,27.80,105,655
22:22:41,41042.02,2328.37,200391.39,35.80,27.80,117,995
22:23:42,40333.33,2279.04,200000.00,36.00,27.80,103,958
22:24:42,40333.33,2296.99,196887.17,36.00,27.80,110,736
22:25:43,40343.49,2292.22,196511.64,36.10,27.80,101,626
22:26:43,39157.61,2247.83,194219.66,36.20,27.80,95,602
22:27:44,40690.80,2319.28,201964.64,36.10,27.80,95,498
22:28:44,41042.02,2365.11,203550.28,36.10,27.80,107,555
22:29:45,41397.18,2365.11,205952.38,36.00,27.80,96,754
22:30:45,41219.10,2402.45,207569.72,36.00,27.80,98,590
22:31:46,41576.27,2383.71,206759.44,35.90,27.70,96,511
22:32:46,41631.73,2393.46,207584.83,36.20,27.70,91,494
22:33:47,40343.49,2292.22,201964.64,36.20,27.70,94,645
22:34:47,41576.27,2383.71,212500.00,36.20,27.70,106,785
22:35:48,41937.50,2383.71,208383.23,36.20,27.70,96,767
22:36:48,42487.11,2421.35,214170.03,36.10,27.60,95,733
22:37:49,42487.11,2411.89,212500.00,36.00,27.60,94,566
22:38:49,42858.79,2402.45,213333.31,36.10,27.60,95,764
22:39:50,42487.11,2393.06,212500.00,36.10,27.60,95,369
22:40:50,43424.41,2430.86,216700.59,36.10,27.60,91,623
22:41:51,44194.12,2469.29,220123.17,36.00,27.60,98,731
22:42:51,45182.09,2498.54,223602.50,35.90,27.60,96,712
22:43:51,45789.16,2518.24,225363.83,35.80,27.50,108,714
22:44:52,46834.36,2514.29,228571.45,35.70,27.50,90,569
22:45:52,46429.44,2506.33,226050.44,35.60,27.50,98,641
22:46:53,47046.16,2524.21,229473.69,35.60,27.50,99,515
22:47:53,47036.81,2508.37,223602.50,35.60,27.50,92,286
22:48:54,43615.16,2301.20,210020.03,35.60,27.50,99,450
22:49:54,45861.02,2499.16,222774.34,35.90,27.50,104,592
22:50:55,46825.69,2518.24,227139.89,35.70,27.50,100,375
22:51:55,46825.69,2488.75,223602.50,35.70,27.50,99,523
22:52:56,47405.58,2519.58,226359.84,35.60,27.50,103,497
22:53:56,47036.81,2518.24,225363.83,35.60,27.50,101,217
22:54:57,47609.91,2493.95,228511.53,35.60,27.50,112,422
22:55:57,46615.86,2538.11,228930.83,35.70,27.50,108,527
22:56:58,46615.86,2508.37,226250.00,35.80,27.40,97,364
22:57:58,46825.69,2538.11,226250.00,36.00,27.40,107,493
22:58:59,47473.69,2544.19,229473.69,36.10,27.40,106,504
22:59:59,45993.96,2518.24,226250.00,36.10,27.40,103,364
23:1:0,45789.16,2488.75,219262.27,36.20,27.40,104,470
23:2:0,46407.30,2479.00,224481.34,36.10,27.40,106,381
23:3:1,47249.23,2538.11,229831.95,36.10,27.40,110,427
23:4:1,47249.23,2528.15,233474.58,36.30,27.30,99,339
23:5:2,46615.86,2528.15,226250.00,36.50,27.30,101,589
23:6:2,45519.52,2484.17,227615.08,36.40,27.30,109,284
23:7:3,46407.30,2528.15,228930.83,36.50,27.30,114,515
23:8:3,47462.97,2528.15,230736.84,36.20,27.30,102,383
23:9:4,47678.02,2508.37,227139.89,36.10,27.20,104,501
23:10:4,46825.69,2469.29,224481.34,36.00,27.30,104,302
23:11:5,47689.45,2514.29,227672.97,35.90,27.30,109,339
23:12:5,45789.16,2365.11,219262.27,35.80,27.30,101,294
23:13:6,45585.58,2440.41,220987.63,36.10,27.30,105,567
23:14:6,47678.02,2568.22,228930.83,36.00,27.30,102,594
23:15:7,48996.85,2508.37,228930.83,35.90,27.30,101,472
23:16:7,48551.73,2568.22,237179.50,35.90,27.30,115,342
23:17:8,47249.23,2508.37,225363.83,35.90,27.30,97,411
23:18:8,47249.23,2508.37,226250.00,36.10,27.30,107,447
23:19:9,46825.69,2528.15,224481.34,36.10,27.30,103,414
23:20:9,46758.41,2503.77,228511.53,36.30,27.20,101,503
23:21:10,46548.79,2523.53,228511.53,36.20,27.30,102,445
23:22:10,47036.81,2518.24,227139.89,36.20,27.20,106,555
23:23:11,47462.97,2548.10,232558.16,36.20,27.20,102,428
23:24:11,47249.23,2538.11,234394.92,36.20,27.20,111,439
23:25:12,45993.96,2528.15,228930.83,36.40,27.20,97,463
23:26:12,47894.41,2548.10,229831.95,36.30,27.20,98,485
23:27:13,47036.81,2508.37,231645.58,36.30,27.20,104,598
23:28:13,46615.86,2518.24,226250.00,36.40,27.20,107,644
23:29:14,46200.00,2548.10,226250.00,36.50,27.10,110,587
23:30:14,47678.02,2568.22,232558.16,36.00,27.10,106,572
23:31:15,45993.96,2548.10,228033.48,36.40,27.10,104,557
23:32:15,47036.81,2538.11,228033.48,36.70,27.10,101,446
23:33:16,46901.84,2558.90,227196.66,36.90,27.10,95,683
23:34:16,47678.02,2528.15,228930.83,36.40,27.00,104,492
23:35:17,45993.96,2518.24,224481.34,36.60,27.00,101,459
23:36:17,47678.02,2558.14,230736.84,36.80,27.00,101,523
23:37:18,48927.45,2594.03,234893.61,36.70,27.00,111,556
23:38:18,47894.41,2568.22,233474.58,36.10,26.90,99,372
23:39:19,47249.23,2578.34,230736.84,36.20,26.90,100,464
23:40:19,45383.23,2479.00,219262.27,36.50,26.90,104,681
23:41:20,46133.34,2503.77,222314.08,36.90,26.90,105,688
23:42:20,45383.23,2498.54,218404.89,37.10,26.90,95,551
23:43:21,45182.09,2518.24,221855.70,37.10,26.90,100,420
23:44:21,44585.80,2469.29,217551.02,36.90,26.90,99,352
23:45:22,45789.16,2508.37,223602.50,37.00,26.90,97,484
23:46:22,45993.96,2488.75,223602.50,36.80,26.90,112,505
23:47:23,46407.30,2538.11,222727.30,36.80,26.90,93,659
23:48:23,46000.00,2504.40,223236.53,36.60,26.90,98,374
23:49:24,46200.00,2518.24,223602.50,36.50,26.90,101,630
23:50:24,45590.36,2504.40,223236.53,36.40,26.90,97,484
23:51:25,43234.78,2383.71,214170.03,36.80,26.90,101,517
23:52:25,43614.04,2436.36,217177.89,36.80,26.90,96,498
23:53:26,44129.41,2455.07,219712.50,36.80,26.90,106,821
23:54:26,45590.36,2524.21,226778.25,36.70,26.90,106,640
23:55:27,47036.81,2548.10,232558.16,36.80,27.00,98,458
23:56:27,46834.36,2554.24,229473.69,36.60,27.00,93,354
23:57:28,45993.96,2518.24,225363.83,36.50,27.00,96,588
23:58:28,46615.86,2538.11,226250.00,36.50,27.00,103,468
23:59:28,46407.30,2538.11,225363.83,36.40,27.00,96,501
