Hora,O3,NO2,CO,Humedad,Temperatura,P25,P10
0:0:29,42487.11,2355.87,209200.00,36.50,27.00,93,396
0:1:29,44000.00,2450.00,218404.89,36.70,27.00,101,577
0:2:30,45050.74,2499.16,222774.34,36.70,27.00,91,459
0:3:30,45116.41,2484.17,220576.11,36.60,27.00,93,439
0:4:31,45317.36,2493.95,224948.03,36.60,27.00,105,627
0:5:31,42982.66,2397.95,216293.27,36.60,27.00,95,369
0:6:32,44783.38,2450.00,220123.17,36.60,27.00,90,478
0:7:32,45387.38,2494.56,221487.59,36.50,27.00,98,557
0:8:33,44000.00,2430.86,218404.89,36.50,27.00,118,653
0:9:33,45383.23,2498.54,220987.63,36.60,27.00,90,611
0:10:34,45182.09,2508.37,222727.30,36.30,27.00,96,414
0:11:34,44194.12,2430.86,216700.59,36.20,27.00,97,456
0:12:35,45116.41,2493.95,221443.28,36.40,27.00,109,477
0:13:35,45590.36,2524.21,225887.28,36.20,27.00,90,536
0:14:36,46200.00,2548.10,224481.34,36.10,27.00,101,405
0:15:36,46615.86,2548.10,228033.48,35.90,27.00,101,561
0:16:37,46825.69,2548.10,227139.89,35.90,27.00,99,771
0:17:37,47462.97,2558.14,228033.48,35.90,27.00,91,687
0:18:38,48331.25,2598.72,231645.58,35.50,27.00,97,376
0:19:38,48719.24,2600.43,234541.59,35.40,27.00,105,395
0:20:39,47894.41,2588.51,230736.84,35.60,27.00,112,589
0:21:39,48996.85,2578.34,228930.83,35.10,26.90,104,444
0:22:40,47678.02,2578.34,225363.83,35.50,27.00,102,439
0:23:40,48262.50,2553.49,226722.34,35.20,26.90,106,396
0:24:41,47894.41,2548.10,228033.48,35.60,26.90,101,438
0:25:41,46825.69,2538.11,223602.50,35.70,26.90,98,560
0:26:42,46414.64,2504.40,224116.44,35.50,26.90,106,568
0:27:42,47894.41,2558.14,224481.34,35.50,26.90,97,430
0:28:43,48996.85,2508.37,224481.34,35.10,26.90,107,489
0:29:43,49238.10,2564.33,230379.77,35.00,26.90,103,634
0:30:44,49082.28,2528.84,221900.81,34.90,26.90,105,397
0:31:44,48482.76,2543.46,223188.42,35.10,26.90,97,583
0:32:45,47036.81,2518.24,214170.03,35.10,26.90,100,603
0:33:45,46200.00,2440.41,212500.00,35.30,26.90,104,460
0:34:46,45585.58,2430.86,208383.23,35.40,26.90,144,444
0:35:46,44194.12,2383.71,205952.38,35.90,27.00,100,392
0:36:47,44982.14,2430.86,208383.23,35.50,26.90,101,653
0:37:47,45182.09,2411.89,215010.13,36.20,27.00,92,606
0:38:48,44718.10,2407.38,212096.77,35.90,26.90,131,502
0:39:48,44783.38,2450.00,211670.00,36.10,26.90,105,468
0:40:49,44783.38,2440.41,210843.36,36.30,26.90,107,482
0:41:49,45789.16,2479.00,220123.17,36.40,26.90,101,623
0:42:50,45789.16,2459.63,218404.89,36.40,26.90,110,524
0:43:50,44785.71,2455.60,214634.13,36.50,26.90,111,467
0:44:51,44783.38,2450.00,213333.31,36.60,26.80,114,684
0:45:51,46548.79,2484.17,220576.11,36.50,26.80,98,791
0:46:52,44000.00,2440.41,208383.23,36.50,26.80,107,496
0:47:52,44982.14,2440.41,210843.36,36.50,26.80,102,634
0:48:53,43234.78,2365.11,205148.52,36.60,26.70,108,527
0:49:53,44585.80,2440.41,211670.00,36.60,26.70,100,703
0:50:54,44982.14,2459.63,217551.02,36.70,26.70,102,525
0:51:54,44389.38,2411.89,210020.03,36.90,26.70,101,691
0:52:55,44722.38,2437.34,214693.88,37.10,26.70,102,567
0:53:55,44585.80,2459.63,215853.64,37.30,26.70,98,517
0:54:56,44982.14,2459.63,220123.17,37.30,26.70,107,472
0:55:56,45182.09,2488.75,216700.59,37.10,26.70,113,575
0:56:57,44325.44,2422.27,208416.83,37.10,26.60,108,456
0:57:57,44000.00,2365.11,204347.81,37.10,26.60,99,584
0:58:58,42487.11,2301.20,202755.91,37.00,26.60,97,353
0:59:58,42858.79,2319.28,204347.81,37.00,26.70,96,600
1:0:59,42668.59,2342.51,200785.86,36.80,26.70,102,490
1:1:59,43807.02,2365.11,207569.72,36.70,26.70,96,537
1:3:0,41576.27,2256.63,201964.64,36.90,26.70,104,513
1:4:0,42119.66,2301.20,200391.39,37.20,26.70,156,777
1:5:1,42672.41,2383.71,202755.91,36.80,26.70,102,685
1:6:1,42302.86,2346.67,200391.39,36.50,26.60,104,714
1:7:2,43360.46,2369.92,203155.81,36.60,26.60,113,524
1:8:2,42672.41,2319.28,201176.48,36.60,26.70,30114,30458
1:9:3,41937.50,2319.28,196511.64,36.70,26.70,102,588
1:10:3,41033.71,2270.12,196116.52,36.60,26.60,113,437
1:11:3,39491.80,2239.05,188973.39,36.60,26.60,107,546
1:12:4,42177.14,2328.63,198050.69,36.70,26.70,98,517
1:13:4,41219.10,2256.63,189714.30,36.50,26.70,100,606
1:14:5,41937.50,2319.28,198830.42,36.60,26.70,98,666
1:15:5,40000.00,2212.94,186767.50,36.70,26.70,105,403
1:16:6,41042.02,2274.35,193461.55,36.90,26.70,97,409
1:17:6,40690.80,2283.27,190458.02,37.00,26.60,99,630
1:18:7,40690.80,2283.27,193461.55,37.00,26.60,94,816
1:19:7,41507.08,2292.58,195728.16,37.10,26.60,100,666
1:20:8,41937.50,2337.50,201176.48,37.10,26.60,101,736
1:21:8,41042.02,2274.35,193461.55,37.30,26.60,96,567
1:22:9,42234.96,2319.76,201181.09,37.30,26.60,97,600
1:23:9,42119.66,2337.50,203550.28,37.10,26.60,100,407
1:24:10,42982.66,2360.65,205555.55,37.10,26.60,92,848
1:25:10,42609.20,2369.92,205555.55,37.00,26.60,97,643
1:26:11,42672.41,2319.28,201964.64,36.90,26.60,98,399
1:27:11,42487.11,2346.67,200391.39,37.40,26.60,101,587
1:28:12,42858.79,2365.11,205148.52,37.30,26.60,97,355
1:29:12,42858.79,2411.89,205952.38,37.30,26.60,102,610
1:30:13,43046.24,2383.71,205148.52,37.30,26.60,94,440
1:31:13,42858.79,2383.71,203550.28,37.30,26.60,105,558
1:32:14,42858.79,2411.89,207569.72,37.30,26.60,92,647
1:33:14,43360.46,2388.57,208800.00,37.20,26.50,97,465
1:34:15,43615.16,2383.71,207569.72,37.20,26.50,117,575
1:35:15,43424.41,2383.71,205148.52,37.10,26.50,91,348
1:36:16,44522.25,2403.29,209236.94,37.00,26.50,95,465
1:37:16,43046.24,2365.11,202755.91,37.00,26.50,93,526
1:38:17,44000.00,2388.96,208817.63,37.10,26.50,143,725
1:39:17,43424.41,2383.71,204347.81,37.10,26.50,92,587
1:40:18,44000.00,2393.06,205952.38,37.00,26.50,94,867
1:41:18,44194.69,2407.80,211290.31,37.00,26.50,113,766
1:42:19,44390.53,2407.80,211290.31,37.00,26.50,98,523
1:43:19,44389.38,2421.35,211670.00,36.80,26.50,95,490
1:44:20,44916.66,2445.45,212096.77,36.40,26.50,107,536
1:45:20,44982.14,2459.63,212500.00,36.50,26.50,99,794
1:46:21,44783.38,2450.00,215853.64,36.50,26.50,95,651
1:47:21,44783.38,2450.00,213333.31,36.50,26.50,91,546
1:48:22,43424.41,2346.67,208383.23,36.40,26.50,100,555
1:49:22,44783.38,2411.89,208383.23,36.70,26.50,94,473
1:50:23,45182.09,2411.89,213333.31,36.30,26.50,105,596
1:51:23,44783.38,2411.89,211670.00,36.10,26.50,101,523
1:52:24,45585.58,2469.29,215010.13,36.20,26.50,120,636
1:53:24,43234.78,2355.87,204347.81,36.20,26.50,112,657
1:54:25,44783.38,2430.86,215853.64,36.50,26.50,102,559
1:55:25,44916.66,2397.95,209619.23,36.10,26.50,101,393
1:56:26,46407.30,2440.41,215853.64,36.30,26.50,109,523
1:57:26,45590.36,2417.28,212121.20,36.30,26.50,103,590
1:58:27,45866.66,2465.83,217213.09,36.20,26.50,92,291
1:59:27,46623.86,2494.56,222360.22,36.20,26.50,109,481
2:0:28,44982.14,2421.35,217551.02,36.30,26.50,110,595
2:1:28,46414.64,2475.00,217177.89,36.50,26.50,110,525
2:2:29,46615.86,2508.37,221855.70,36.10,26.40,99,631
2:3:29,44194.12,2346.67,208383.23,36.20,26.40,97,593
2:4:30,46200.00,2479.00,219262.27,36.50,26.40,106,465
2:5:30,46066.67,2450.52,219301.81,36.40,26.40,140,518
2:6:31,47894.41,2548.10,228033.48,36.40,26.40,111,637
2:7:31,47249.23,2538.11,222727.30,36.40,26.40,111,586
2:8:32,46825.69,2469.29,220987.63,36.40,26.40,106,470
2:9:32,48112.15,2528.15,226250.00,36.60,26.30,111,508
2:10:33,47678.02,2508.37,228033.48,36.50,26.40,100,514
2:11:33,48125.00,2514.29,225887.28,36.30,26.30,97,563
2:12:34,48043.62,2523.53,227615.08,36.30,26.40,106,692
2:13:34,48331.25,2528.15,224481.34,36.50,26.30,103,476
2:14:35,48551.73,2548.10,231645.58,36.40,26.30,98,506
2:15:35,48773.59,2498.54,228033.48,36.40,26.30,102,427
2:16:36,48331.25,2528.15,229831.95,36.50,26.30,100,354
2:17:36,48112.15,2538.11,227139.89,36.10,26.30,105,649
2:18:37,47826.09,2533.47,226722.34,36.10,26.30,123,501
2:19:37,46825.69,2450.00,222727.30,36.30,26.30,103,464
2:20:37,46340.43,2407.38,221443.28,36.50,26.30,149,498
2:21:38,51309.45,2598.72,235319.14,35.80,26.30,100,406
2:22:38,51790.16,2598.72,236247.34,35.20,26.30,105,320
2:23:39,54812.29,2619.27,240000.00,35.10,26.30,99,230
2:24:39,52450.33,2543.46,239569.89,35.00,26.30,106,548
2:25:40,52770.76,2568.22,232558.16,35.20,26.30,100,429
2:26:40,54033.78,2608.97,240000.00,35.10,26.30,103,412
2:27:41,49221.52,2469.29,229831.95,35.10,26.30,122,467
2:28:41,52551.49,2574.47,235897.44,35.70,26.30,100,371
2:29:42,52523.18,2538.11,236247.34,35.50,26.30,109,363
2:30:42,57574.46,2615.45,241558.45,35.60,26.30,105,577
2:31:43,55340.20,2548.10,230736.84,35.30,26.30,93,467
2:32:43,55606.89,2538.11,237179.50,35.30,26.30,104,447
2:33:44,58956.84,2608.97,246724.89,35.20,26.30,108,426
2:34:44,58587.82,2614.56,238626.61,35.10,26.30,103,617
2:35:45,58640.28,2579.96,234541.59,35.20,26.30,105,442
2:36:45,55875.43,2508.37,228033.48,35.40,26.30,96,402
2:37:46,59169.68,2604.27,241468.69,35.50,26.30,99,347
2:38:46,60138.69,2619.27,240948.28,35.30,26.30,111,546
2:39:47,62195.49,2668.70,246491.23,35.40,26.30,101,425
2:40:47,64895.75,2629.61,239055.80,35.30,26.20,99,477
2:41:48,68297.19,2645.69,250220.25,35.30,26.20,103,397
2:42:48,62292.14,2640.00,240000.00,35.50,26.20,103,508
2:43:49,60742.66,2640.00,240948.28,35.70,26.10,101,495
2:44:49,60138.69,2650.43,240000.00,35.90,26.10,107,481
2:45:50,60742.66,2682.00,242857.14,36.00,26.10,95,349
2:46:50,58956.84,2660.91,243817.78,36.10,26.00,97,517
2:47:51,60742.66,2650.43,243817.78,36.20,26.00,106,575
2:48:51,59897.82,2636.21,242516.27,36.30,26.00,98,532
2:49:52,53020.00,2440.41,230736.84,36.80,26.00,102,550
2:50:52,52770.76,2568.22,236247.34,37.10,26.00,96,515
2:51:53,55875.43,2619.27,244782.61,36.80,25.90,98,465
2:52:53,56307.68,2637.15,243572.98,36.90,25.90,101,545
2:53:54,55340.20,2608.97,241900.66,37.00,25.90,99,518
2:54:54,55799.30,2594.03,241468.69,37.10,25.90,98,451
2:55:55,55075.34,2608.97,240000.00,37.10,25.80,94,521
2:56:55,60138.69,2629.61,244782.61,37.20,25.80,103,367
2:57:56,63816.79,2656.16,248245.61,37.00,25.80,97,752
2:58:56,75991.26,2721.05,258426.95,36.90,25.80,109,405
2:59:57,69861.22,2692.61,251655.63,37.00,25.70,140,708
3:0:57,67935.99,2645.69,247264.78,37.10,25.70,94,482
3:1:58,71774.99,2682.00,248684.22,37.20,25.70,109,558
3:2:58,71385.89,2682.00,246724.89,37.30,25.60,95,524
3:3:59,59840.00,2374.39,222727.30,37.30,25.60,97,634
3:4:59,74592.27,2692.61,250660.78,37.50,25.60,99,592
3:6:0,74179.48,2671.43,250660.78,37.10,25.60,93,373
3:7:0,69861.22,2608.97,246724.89,37.10,25.60,109,652
3:8:1,72962.02,2703.27,250660.78,37.10,25.50,108,669
3:9:1,79180.19,2725.88,256823.27,37.10,25.50,97,483
3:10:2,83248.83,2737.89,253897.53,37.20,25.50,95,509
3:11:2,84160.38,2790.24,258744.38,37.00,25.50,93,516
3:12:3,78026.68,2713.97,250660.78,37.10,25.50,94,476
3:13:3,80300.01,2768.21,255679.27,37.10,25.40,94,742
3:14:4,70999.99,2671.43,247702.41,37.20,25.40,101,602
3:15:4,71385.89,2660.91,245751.64,37.50,25.50,96,509
3:16:5,66606.30,2650.43,246724.89,37.50,25.50,94,387
3:17:5,69861.22,2682.00,249670.31,37.40,25.50,96,514
3:18:6,75852.19,2724.73,249670.31,37.30,25.60,93,464
3:19:6,77048.47,2741.54,254222.20,37.10,25.60,96,306
3:20:7,76614.05,2741.54,247264.78,37.00,25.60,90,496
3:21:7,75008.61,2692.61,248684.22,37.00,25.60,102,512
3:22:7,72563.02,2671.43,246724.89,37.00,25.60,94,305
3:23:8,71774.99,2578.34,243817.78,37.00,25.60,104,486
3:24:8,75852.19,2724.73,249670.31,36.90,25.60,112,319
3:25:9,81238.54,2768.21,256696.41,36.70,25.60,94,265
3:26:9,81410.14,2731.87,253333.31,36.60,25.60,95,383
3:27:10,72167.35,2440.41,233474.58,36.60,25.70,101,343
3:28:10,63250.00,2488.75,232558.16,36.70,25.60,112,502
3:29:11,75428.56,2724.73,256696.41,36.90,25.60,102,421
3:30:11,75852.19,2713.97,250660.78,36.50,25.70,99,474
3:31:12,77145.38,2682.00,252654.84,36.50,25.70,103,371
3:32:12,72962.02,2682.00,246724.89,36.50,25.60,104,463
3:33:13,83849.06,2797.77,259459.44,36.70,25.60,100,401
3:34:13,85684.21,2790.24,257718.13,36.50,25.60,106,580
3:35:14,88871.29,2810.29,260633.47,36.50,25.60,108,254
3:36:14,78178.58,2688.89,248351.64,36.60,25.50,105,308
3:37:15,80935.78,2742.73,255357.13,36.70,25.60,101,369
3:38:15,81714.29,2746.37,253658.52,36.60,25.60,101,420
3:39:16,87252.43,2768.21,253658.52,36.60,25.60,104,336
3:40:16,83661.98,2713.97,252654.84,36.60,25.60,99,331
3:41:17,91095.48,2779.20,256696.41,36.70,25.50,99,325
3:42:17,95832.45,2801.33,257718.13,36.50,25.50,100,508
3:43:18,97712.76,2812.47,262895.91,36.50,25.50,101,378
3:44:18,80733.95,2668.70,252444.42,36.60,25.50,107,364
3:45:19,79837.11,2703.27,255679.27,36.70,25.60,163,404
3:46:19,91666.66,2790.24,256696.41,36.60,25.60,97,345
3:47:20,97712.76,2823.66,259775.27,36.30,25.60,108,348
3:48:20,98999.99,2801.33,254666.64,36.20,25.60,105,384
3:49:21,100315.20,2801.33,256696.41,36.30,25.50,97,205
3:50:21,96452.63,2801.33,254666.64,36.40,25.50,105,330
3:51:22,102342.53,2823.66,266059.22,36.40,25.50,98,346
3:52:22,100315.20,2834.90,262895.91,36.40,25.50,105,417
3:53:23,97079.36,2812.47,263945.56,36.30,25.40,100,390
3:54:23,100076.08,2825.06,255803.55,36.60,25.40,99,481
3:55:24,97712.76,2801.33,258744.38,36.70,25.40,100,277
3:56:24,94611.40,2735.53,259775.27,36.80,25.40,105,331
3:57:25,100382.50,2832.81,265903.88,37.00,25.40,101,365
3:58:25,101296.69,2842.70,260496.61,36.70,25.40,100,267
3:59:26,108337.19,2895.00,267431.16,36.60,25.40,96,401
4:0:26,93415.38,2779.20,260810.78,36.60,25.30,106,393
4:1:27,84160.38,2724.73,249670.31,36.90,25.40,100,443
4:2:27,91333.33,2797.77,255357.13,37.00,25.40,99,396
4:3:28,98235.28,2829.98,259325.83,36.80,25.40,102,287
4:4:28,105749.98,2863.96,268807.31,36.70,25.40,102,330
4:5:29,108092.46,2857.53,262895.91,36.60,25.40,98,343
4:6:29,101538.45,2807.57,258295.95,36.60,25.40,103,320
4:7:30,90530.00,2746.37,259775.27,36.60,25.30,91,406
4:8:30,94010.30,2801.33,258744.38,36.90,25.40,109,340
4:9:31,97712.76,2790.24,252654.84,36.70,25.40,98,405
4:10:31,95371.72,2781.78,264236.91,36.70,25.40,101,285
4:11:32,97079.36,2812.47,255679.27,36.60,25.40,95,259
4:12:32,101659.33,2868.92,262895.91,36.50,25.40,97,289
4:13:33,105874.98,2846.19,255679.27,36.50,25.40,96,462
4:14:33,103608.92,2807.57,257270.69,36.50,25.40,99,413
4:15:34,104779.64,2831.39,255357.13,36.70,25.40,98,390
4:16:34,110258.80,2898.41,265603.63,36.70,25.40,102,296
4:17:34,103731.83,2812.47,256696.41,36.70,25.30,101,460
4:18:35,109741.16,2878.46,263781.31,36.70,25.30,103,514
4:19:35,104438.19,2812.47,258744.38,36.60,25.30,103,507
4:20:36,124142.81,2938.36,258744.38,36.50,25.30,97,231
4:21:36,117652.13,2875.39,260360.34,36.30,25.30,107,392
4:22:37,123199.95,2880.36,263945.56,36.50,25.20,98,451
4:23:37,120443.00,2857.53,256696.41,36.60,25.10,96,620
4:24:38,130067.62,2846.19,257718.13,36.70,25.10,98,379
4:25:38,107344.80,2640.00,236247.34,36.80,25.10,96,310
4:26:39,111964.26,2790.24,256696.41,37.50,25.10,96,354
4:27:39,107965.30,2730.70,250220.25,37.20,25.10,100,313
4:28:40,134769.28,2929.98,273953.53,37.00,25.10,112,521
4:29:40,160439.06,2994.44,268965.50,36.60,25.10,101,470
4:30:41,165550.02,2961.93,274710.00,36.60,25.00,94,306
4:31:41,141087.00,2903.40,258744.38,36.70,25.00,103,512
4:32:42,135384.66,2903.40,263945.56,36.90,25.00,93,265
4:33:42,129918.97,2875.39,259325.83,37.10,24.90,97,339
4:34:43,122269.19,2834.90,255679.27,37.20,25.00,97,487
4:35:43,109614.02,2768.21,251655.63,37.30,24.90,100,382
4:36:44,112766.44,2834.90,257718.13,37.20,25.00,92,352
4:37:44,119270.40,2951.83,268348.59,37.20,25.00,90,284
4:38:45,130067.62,2891.85,260810.78,37.30,25.00,98,541
4:39:45,136493.00,2834.90,256696.41,37.50,24.90,98,528
4:40:46,116073.59,2834.90,254666.64,37.80,24.80,91,340
4:41:46,106605.70,2768.21,251655.63,38.00,24.80,95,343
4:42:47,105874.98,2779.20,252654.84,38.30,24.80,94,411
4:43:47,102342.53,2768.21,253658.52,38.30,24.80,96,487
4:44:48,102342.53,2812.47,254666.64,38.30,24.80,94,371
4:45:48,107344.80,2846.19,258744.38,38.00,24.80,97,367
4:46:49,107344.80,2823.66,257718.13,38.00,24.80,88,407
4:47:49,104438.19,2757.27,255679.27,38.00,24.80,93,429
4:48:50,114266.64,2863.96,257270.69,38.10,24.70,92,344
4:49:50,105028.23,2719.91,253215.06,38.10,24.70,97,441
4:50:51,102666.66,2820.13,257399.09,38.10,24.70,92,428
4:51:51,104438.19,2857.53,259775.27,38.20,24.70,95,386
4:52:52,111964.26,2857.53,255679.27,38.30,24.70,91,411
4:53:52,100195.64,2785.37,251214.13,38.30,24.70,99,607
4:54:53,98352.93,2790.24,249670.31,38.40,24.60,107,273
4:55:53,97999.99,2797.77,253333.31,38.40,24.60,99,281
4:56:54,94611.40,2746.37,245751.64,38.50,24.70,96,364
4:57:54,97712.76,2757.27,246724.89,38.40,24.70,109,397
4:58:55,96452.63,2757.27,248684.22,38.40,24.70,108,306
4:59:55,90530.00,2735.53,250660.78,38.40,24.80,105,524
5:0:56,89751.24,2736.70,246827.14,38.40,24.80,106,397
5:1:56,87785.36,2746.37,251655.63,38.40,24.80,97,413
5:2:57,84663.51,2692.61,244782.61,38.40,24.80,96,341
5:3:57,85473.69,2736.70,247807.02,38.40,24.80,104,295
5:4:58,86201.92,2724.73,249670.31,38.50,24.80,102,399
5:5:58,82194.45,2703.27,246724.89,38.50,24.80,99,442
5:6:59,83168.23,2724.73,247702.41,38.40,24.80,103,276
5:7:59,88650.24,2736.70,246827.14,38.40,24.80,101,401
5:9:0,89970.15,2757.27,250660.78,38.40,24.80,104,412
5:10:0,102666.66,2731.87,249339.20,38.30,24.80,99,204
5:11:0,100983.59,2812.47,255679.27,38.10,24.80,105,359
5:12:1,98999.99,2790.24,253658.52,38.00,24.80,105,346
5:13:1,105874.98,2823.66,251655.63,38.00,24.80,96,183
5:14:2,103033.32,2812.47,252654.84,38.10,24.80,105,361
5:15:2,92243.65,2703.27,244782.61,38.20,24.70,97,545
5:16:3,97361.69,2742.73,258426.95,38.40,24.70,104,422
5:17:3,97712.76,2779.20,255679.27,38.50,24.80,99,254
5:18:4,92826.52,2746.37,246724.89,38.50,24.80,98,499
5:19:4,91095.48,2735.53,253658.52,38.30,24.80,103,352
5:20:5,88866.99,2757.27,246724.89,38.30,24.80,99,360
5:21:5,91666.66,2650.43,246724.89,38.30,24.80,119,496
5:22:6,118662.46,2868.92,263945.56,38.20,24.80,106,356
5:23:6,101659.33,2650.43,241900.66,38.20,24.70,98,338
5:24:7,119547.13,2950.11,268192.19,38.20,24.60,102,298
5:25:7,108848.82,2834.90,256696.41,38.30,24.60,102,267
5:26:8,116073.59,2915.00,262895.91,38.50,24.50,105,360
5:27:8,111171.57,2903.40,270344.81,38.60,24.40,97,299
5:28:9,103033.32,2746.37,261851.02,38.70,24.40,102,330
5:29:9,105624.98,2870.43,263038.53,38.70,24.40,101,248
5:30:10,105874.98,2857.53,263945.56,38.80,24.40,98,369
5:31:10,101659.33,2880.36,267123.28,38.80,24.40,110,308
5:32:11,95832.45,2846.19,257718.13,38.80,24.40,101,329
5:33:11,104190.99,2905.00,266210.03,38.80,24.40,108,335
5:34:12,105028.23,2863.96,266666.66,39.00,24.40,108,428
5:35:12,95218.74,2834.90,258744.38,39.00,24.30,104,542
5:36:13,91095.48,2790.24,252654.84,39.00,24.30,116,618
5:37:13,95218.74,2834.90,256696.41,39.00,24.40,101,473
5:38:14,87252.43,2790.24,252654.84,39.00,24.40,100,486
5:39:14,88866.99,2812.47,255679.27,39.20,24.40,110,510
5:40:15,85066.67,2818.75,259325.83,39.10,24.40,100,465
5:41:15,87252.43,2790.24,252654.84,39.10,24.40,104,456
5:42:16,87141.46,2816.59,255033.56,39.00,24.40,104,368
5:43:16,82194.45,2779.20,255679.27,39.00,24.40,98,424
5:44:17,77389.39,2780.49,250772.63,39.10,24.40,106,332
5:45:17,78473.22,2801.33,255679.27,39.20,24.40,100,426
5:46:18,95832.45,2834.90,256696.41,39.20,24.40,105,659
5:47:18,105152.52,2868.92,256696.41,39.10,24.40,101,474
5:48:19,100983.59,2812.47,254666.64,39.20,24.30,95,472
5:49:19,106605.70,2868.92,271428.59,39.40,24.30,106,478
5:50:20,94611.40,2779.20,251655.63,39.40,24.20,100,283
5:51:20,110388.21,2868.92,263945.56,39.40,24.20,110,586
5:52:21,97712.76,2823.66,255679.27,39.50,24.10,95,477
5:53:21,96336.84,2841.26,264545.44,39.50,24.10,107,479
5:54:22,85171.44,2812.47,254666.64,39.80,24.10,99,419
5:55:22,78923.78,2779.20,254666.64,39.80,24.10,104,416
5:56:23,76279.48,2779.20,251655.63,39.90,24.20,103,433
5:57:23,78178.58,2775.61,253333.31,39.90,24.20,101,353
5:58:24,70999.99,2724.73,241900.66,39.90,24.20,96,308
5:59:24,75852.19,2735.53,250660.78,39.80,24.20,95,505
6:0:24,70999.99,2498.54,228033.48,39.80,24.30,97,603
6:1:25,77584.08,2768.21,250660.78,39.50,24.20,106,341
6:2:25,72869.20,2785.37,249230.77,39.80,24.20,99,341
6:3:26,71774.99,2703.27,248684.22,39.90,24.10,93,473
6:4:26,70999.99,2735.53,242857.14,40.00,24.10,95,354
6:5:27,75008.61,2768.21,254666.64,40.10,24.10,100,383
6:6:27,74913.79,2763.36,248245.61,40.30,24.10,98,378
6:7:28,76421.05,2764.60,249339.20,40.30,24.00,94,379
6:8:28,75008.61,2768.21,250660.78,40.40,24.00,101,613
6:9:29,67665.34,2724.73,243817.78,40.50,23.90,98,516
6:10:29,66956.52,2724.73,248684.22,40.50,24.00,95,284
6:11:30,73364.40,2790.24,251655.63,40.30,24.00,96,473
6:12:30,72285.71,2775.61,252328.14,40.50,24.00,93,377
6:13:31,69117.41,2768.21,246724.89,40.50,24.00,97,347
6:14:31,68750.00,2801.33,251655.63,40.60,24.00,92,421
6:15:32,65486.38,2730.70,241468.69,40.60,24.00,110,446
6:16:32,64640.93,2731.87,247368.42,40.60,24.00,92,376
6:17:33,64307.70,2731.87,244444.45,40.80,24.10,95,448
6:18:33,64392.31,2725.88,244880.17,40.80,24.10,94,288
6:19:34,62928.30,2724.73,241900.66,40.60,24.10,93,360
6:20:34,63574.15,2713.97,240000.00,40.50,24.20,93,338
6:21:35,65232.56,2735.53,246724.89,40.20,24.20,95,374
6:22:35,63574.15,2724.73,243817.78,40.40,24.20,105,403
6:23:36,63250.00,2692.61,239055.80,40.50,24.20,101,572
6:24:36,62928.30,2724.73,243817.78,40.10,24.20,90,392
6:25:37,63900.76,2724.73,244782.61,39.80,24.20,102,368
6:26:37,62609.02,2713.97,241900.66,39.80,24.30,100,534
6:27:38,63816.79,2741.54,250220.25,39.70,24.30,104,453
6:28:38,61977.62,2735.53,240948.28,39.50,24.30,100,462
6:29:39,61977.62,2746.37,243817.78,39.60,24.30,114,586
6:30:39,58666.68,2724.73,242857.14,39.70,24.30,102,431
6:31:40,59543.48,2757.27,248684.22,39.90,24.40,98,430
6:32:40,58092.54,2735.53,242857.14,40.20,24.30,101,453
6:33:41,57808.50,2735.53,244782.61,40.00,24.30,107,365
6:34:41,57935.94,2747.58,243913.05,40.10,24.40,106,523
6:35:42,58378.58,2790.24,249670.31,39.80,24.40,103,429
6:36:42,57808.50,2735.53,240948.28,39.80,24.30,103,466
6:37:43,60439.56,2746.37,249670.31,39.70,24.30,108,329
6:38:43,58092.54,2703.27,240948.28,39.60,24.30,105,434
6:39:44,57526.50,2735.53,242857.14,39.70,24.40,95,531
6:40:44,59600.00,2731.87,244444.45,39.70,24.30,98,434
6:41:45,61047.98,2768.21,252654.84,39.60,24.40,104,392
6:42:45,59840.00,2790.24,245751.64,39.40,24.40,107,455
6:43:46,60197.80,2797.77,248351.64,39.30,24.40,95,583
6:44:46,59897.82,2775.61,250331.13,39.20,24.40,104,510
6:45:47,63083.34,2836.32,257847.52,39.10,24.40,106,534
6:46:47,61355.56,2790.24,249670.31,39.00,24.40,102,424
6:47:47,61047.98,2801.33,248684.22,39.00,24.40,98,686
6:48:48,59249.10,2768.21,249670.31,39.00,24.40,107,553
6:49:48,62360.90,2831.39,254342.97,39.10,24.40,104,472
6:50:49,59543.48,2768.21,243817.78,39.10,24.40,101,614
6:51:49,60742.66,2790.24,251655.63,39.10,24.40,109,437
6:52:50,58378.58,2779.20,241900.66,39.10,24.40,102,509
6:53:50,59840.00,2790.24,249670.31,39.10,24.40,99,439
6:54:51,58956.84,2790.24,248684.22,39.10,24.40,101,345
6:55:51,59897.82,2808.93,254342.97,39.30,24.40,115,579
6:56:52,56418.11,2790.24,250660.78,39.50,24.40,105,463
6:57:52,59304.36,2753.64,247368.42,39.50,24.40,99,494
6:58:53,58956.84,2757.27,242857.14,39.30,24.40,102,366
6:59:53,64307.70,2820.13,255357.13,39.30,24.40,99,299
7:0:54,69487.80,2846.19,259775.27,39.10,24.40,102,478
7:1:54,71683.33,2829.98,259325.83,39.00,24.40,100,429
7:2:55,73770.20,2846.19,251655.63,38.90,24.40,102,313
7:3:55,64476.93,2698.47,248245.61,38.90,24.50,113,491
7:4:56,64561.54,2801.33,253658.52,39.30,24.50,104,603
7:5:56,58092.54,2703.27,241900.66,39.30,24.50,104,667
7:6:57,57808.50,2746.37,240948.28,39.50,24.50,101,337
7:7:57,57526.50,2768.21,248684.22,39.60,24.50,100,456
7:8:58,57808.50,2768.21,248684.22,39.50,24.50,105,348
7:9:58,58877.70,2763.36,254222.20,39.40,24.60,101,538
7:10:59,57246.47,2768.21,243817.78,39.40,24.50,96,388
7:11:59,56692.30,2735.53,245751.64,39.40,24.50,100,452
7:13:0,56418.11,2724.73,240000.00,39.50,24.50,100,372
7:14:0,57808.50,2724.73,240948.28,39.50,24.50,105,468
7:15:1,56418.11,2713.97,240000.00,39.60,24.50,99,500
7:16:1,57526.50,2724.73,239055.80,39.60,24.50,94,376
7:17:2,55606.89,2692.61,236247.34,39.40,24.60,104,689
7:18:2,54737.20,2677.22,235820.91,39.40,24.60,95,381
7:19:3,53777.77,2682.00,230736.84,39.30,24.60,100,443
7:20:3,55606.89,2713.97,238115.63,39.20,24.60,92,212
7:21:4,55875.43,2713.97,240948.28,39.30,24.60,104,539
7:22:4,53302.01,2657.14,231289.66,39.40,24.60,102,515
7:23:5,50064.10,2543.46,222314.08,39.80,24.60,98,451
7:24:5,49904.16,2578.34,221855.70,40.00,24.60,104,559
7:25:6,50366.56,2588.51,228930.83,40.20,24.70,97,674
7:26:6,50134.61,2608.97,225363.83,40.40,24.70,99,553
7:27:7,50834.95,2608.97,232558.16,40.50,24.70,94,387
7:28:7,50134.61,2598.72,225363.83,40.40,24.70,96,560
7:29:8,50600.00,2619.27,232558.16,40.40,24.70,99,633
7:30:8,50600.00,2598.72,225363.83,40.40,24.70,96,646
7:31:9,50134.61,2558.14,228930.83,40.40,24.60,115,604
7:32:9,51071.43,2608.97,230736.84,40.20,24.60,97,654
7:33:10,53703.70,2666.67,237687.36,40.20,24.60,111,531
7:34:10,52624.58,2651.40,236324.80,40.20,24.60,96,695
7:35:11,53020.00,2660.91,234394.92,40.40,24.50,93,723
7:36:11,52277.23,2629.61,232558.16,40.50,24.50,111,590
7:37:11,52377.48,2640.95,231712.50,40.30,24.50,108,608
7:38:12,52946.67,2656.16,236752.14,40.30,24.50,92,585
7:39:12,50295.82,2604.27,228511.53,40.40,24.50,101,541
7:40:13,51549.02,2650.43,233474.58,40.50,24.60,93,588
7:41:13,50834.95,2588.51,229831.95,40.60,24.60,94,528
7:42:14,51790.16,2650.43,236247.34,40.50,24.60,94,628
7:43:14,52032.89,2629.61,231645.58,40.30,24.60,93,457
7:44:15,52523.18,2650.43,236247.34,40.20,24.60,90,450
7:45:15,52277.23,2640.00,235319.14,40.20,24.60,96,720
7:46:16,52277.23,2640.00,233474.58,40.20,24.70,93,632
7:47:16,50834.95,2568.22,229831.95,40.10,24.70,89,588
7:48:17,52523.18,2660.91,235319.14,40.00,24.70,92,655
7:49:17,52277.23,2588.51,229831.95,39.80,24.80,90,537
7:50:18,52231.79,2579.96,229052.64,39.80,24.80,103,584
7:51:18,52523.18,2660.91,235319.14,39.80,24.80,88,681
7:52:19,53020.00,2640.00,234394.92,39.60,24.80,91,475
7:53:19,53020.00,2660.91,234394.92,39.60,24.90,97,601
7:54:20,53777.77,2682.00,236247.34,39.60,24.90,93,558
7:55:20,54812.29,2692.61,240948.28,39.50,24.90,89,559
7:56:21,54812.29,2682.00,236247.34,39.40,24.90,94,556
7:57:21,53777.77,2682.00,239055.80,39.30,25.00,93,670
7:58:22,54291.52,2660.91,231645.58,39.50,25.00,93,590
7:59:22,53375.84,2651.40,235394.47,39.70,25.00,88,367
8:0:23,53270.90,2650.43,231645.58,39.70,25.00,94,499
8:1:23,51071.43,2619.27,228033.48,39.90,25.00,90,452
8:2:24,52770.76,2692.61,234394.92,39.90,25.00,94,571
8:3:24,50600.00,2650.43,231645.58,39.90,25.00,95,472
8:4:25,53270.90,2629.61,234394.92,40.00,25.00,105,386
8:5:25,55340.20,2671.43,233474.58,39.90,25.10,103,540
8:6:26,54401.36,2661.90,235394.47,39.60,25.10,104,512
8:7:26,54812.29,2671.43,239055.80,39.80,25.10,165,460
8:8:27,54291.52,2660.91,232558.16,39.80,25.10,104,544
8:9:27,56145.83,2682.00,234394.92,39.60,25.10,100,449
8:10:28,57091.54,2683.04,237259.09,39.40,25.10,109,538
8:11:28,56418.11,2660.91,234394.92,39.30,25.10,93,459
8:12:29,60500.01,2721.05,242516.27,39.30,25.10,113,608
8:13:29,51309.45,2548.10,224481.34,38.90,25.20,96,640
8:14:30,53777.77,2660.91,229831.95,39.10,25.20,104,602
8:15:30,55340.20,2671.43,236247.34,39.00,25.30,106,580
8:16:31,57014.08,2699.56,238709.69,39.10,25.30,102,404
8:17:31,59543.48,2713.97,242857.14,38.70,25.30,96,439
8:18:32,61977.62,2703.27,240948.28,38.50,25.40,100,408
8:19:32,66258.83,2735.53,246724.89,38.20,25.40,97,406
8:20:33,80300.01,2790.24,252654.84,37.80,25.30,99,592
8:21:33,72167.35,2746.37,240948.28,37.90,25.40,114,540
8:22:34,67309.52,2713.97,234394.92,38.00,25.30,98,359
8:23:34,66869.56,2635.27,234893.61,38.20,25.40,95,511
8:24:35,74724.13,2753.64,244444.45,38.10,25.40,100,365
8:25:35,75852.19,2735.53,244782.61,37.70,25.40,97,575
8:26:35,77928.90,2774.34,242424.25,37.70,25.40,102,606
8:27:36,82679.07,2746.37,246724.89,37.40,25.40,106,377
8:28:36,74724.13,2699.56,240604.77,37.30,25.40,99,445
8:29:37,74592.27,2757.27,249670.31,37.60,25.50,100,468
8:30:37,76710.54,2768.21,240948.28,37.60,25.50,98,509
8:31:38,67935.99,2656.16,236752.14,37.60,25.50,104,443
8:32:38,76421.05,2710.28,242516.27,37.60,25.60,97,429
8:33:39,82194.45,2768.21,253658.52,37.50,25.60,101,451
8:34:39,88866.99,2790.24,246724.89,37.00,25.60,95,397
8:35:40,100983.59,2868.92,256696.41,36.80,25.60,100,379
8:36:40,116925.89,2857.53,257718.13,36.60,25.60,100,434
8:37:41,98352.93,2823.66,251655.63,37.00,25.70,105,576
8:38:41,80935.78,2667.68,237768.23,37.30,25.60,98,285
8:39:42,83433.97,2789.29,253571.41,37.60,25.60,105,540
8:40:42,79378.39,2801.33,249670.31,37.50,25.60,97,412
8:41:43,90310.00,2836.32,251769.89,37.40,25.60,98,496
8:42:43,89970.15,2801.33,243817.78,37.00,25.60,101,388
8:43:44,88323.52,2735.53,254666.64,37.00,25.60,110,584
8:44:44,90530.00,2746.37,240000.00,36.80,25.70,95,603
8:45:45,103608.92,2852.58,256249.98,36.70,25.70,104,466
8:46:45,116073.59,2857.53,251655.63,36.70,26.00,119,632
8:47:46,115231.68,2880.36,256696.41,36.30,26.30,122,733
8:48:46,106605.70,2790.24,246724.89,35.70,26.80,98,402
8:49:47,112766.44,2812.47,252654.84,35.20,27.10,97,466
8:50:47,94611.40,2735.53,241900.66,34.60,27.60,99,468
8:51:48,108848.82,2812.47,251655.63,33.80,28.00,96,545
8:52:48,95218.74,2746.37,240000.00,32.90,28.50,96,562
8:53:49,94010.30,2713.97,241900.66,32.30,29.00,98,361
8:54:49,90530.00,2692.61,237179.50,31.40,29.40,94,527
8:55:50,101659.33,2768.21,242857.14,30.80,29.60,91,436
8:56:50,92243.65,2650.43,232558.16,30.40,30.00,87,351
8:57:51,98352.93,2735.53,240948.28,30.00,30.30,84,471
8:58:51,96452.63,2703.27,233474.58,29.20,30.60,88,463
8:59:52,89415.84,2671.43,233474.58,28.90,30.70,101,713
9:0:52,88323.52,2703.27,236247.34,29.00,30.50,88,514
9:1:53,90530.00,2735.53,239055.80,29.10,30.40,88,419
9:2:53,84857.15,2657.14,231289.66,29.20,30.40,80,391
9:3:54,80300.01,2724.73,238115.63,29.40,30.30,90,450
9:4:54,75008.61,2671.43,234394.92,29.70,30.10,81,403
9:5:55,74592.27,2660.91,231645.58,29.70,29.90,81,534
9:6:55,66956.52,2568.22,225363.83,30.00,29.70,79,580
9:7:56,70617.27,2640.00,233474.58,30.10,29.60,79,487
9:8:56,71385.89,2640.00,227139.89,30.40,29.50,80,520
9:9:57,77584.08,2692.61,232558.16,30.60,29.40,85,498
9:10:57,80000.01,2699.56,233121.03,30.50,29.30,80,693
9:11:58,74179.48,2660.91,228033.48,30.80,29.20,81,507
9:12:58,60742.66,2328.37,205952.38,31.30,29.10,80,388
9:13:59,68385.54,2598.72,226250.00,31.70,29.10,98,691
9:14:59,73770.20,2671.43,230736.84,31.30,29.00,80,420
9:16:0,71774.99,2640.00,229831.95,30.90,28.90,83,501
9:17:0,78473.22,2469.29,207569.72,31.00,28.80,84,394
9:18:1,90530.00,2724.73,235319.14,31.00,28.80,79,442
9:19:1,88866.99,2713.97,236247.34,30.90,28.70,83,361
9:20:2,89970.15,2640.00,229831.95,31.20,28.60,78,434
9:21:2,87785.36,2558.14,218404.89,31.50,28.60,83,396
9:22:2,88323.52,2682.00,231645.58,31.70,28.50,79,388
9:23:3,78026.68,2671.43,231645.58,31.70,28.50,85,425
9:24:3,78473.22,2692.61,228930.83,31.90,28.50,105,747
9:25:4,73364.40,2640.00,229831.95,31.90,28.50,86,426
9:26:4,72285.71,2646.65,228571.45,31.90,28.50,102,481
9:27:5,77145.38,2682.00,231645.58,32.00,28.60,81,458
9:28:5,80465.76,2721.05,235897.44,31.80,28.60,80,423
9:29:6,86724.64,2692.61,228930.83,31.60,28.70,91,518
9:30:6,84663.51,2703.27,233474.58,31.20,28.80,81,429
9:31:7,91666.66,2692.61,230736.84,31.20,28.80,88,394
9:32:7,92243.65,2692.61,230736.84,30.90,28.90,96,525
9:33:8,79378.39,2629.61,225363.83,31.00,28.90,87,327
9:34:8,75008.61,2660.91,230736.84,31.50,29.00,88,384
9:35:9,94155.44,2770.73,236402.58,31.30,29.10,100,463
9:36:9,89532.34,2705.47,229957.83,30.90,29.10,92,341
9:37:10,78473.22,2619.27,224481.34,31.00,29.20,92,279
9:38:10,75852.19,2650.43,224481.34,30.80,29.30,91,413
9:39:11,81714.29,2713.97,231645.58,30.60,29.40,86,404
9:40:11,99956.51,2753.64,235897.44,30.40,29.40,102,468
9:41:12,78473.22,2578.34,224481.34,29.90,29.40,91,500
9:42:12,82962.63,2693.68,229894.73,30.10,29.50,93,418
9:43:13,93415.38,2724.73,230736.84,29.70,29.50,113,628
9:44:13,95832.45,2757.27,228033.48,29.70,29.50,93,350
9:45:14,87570.73,2683.04,224532.23,29.80,29.50,97,365
9:46:14,92826.52,2703.27,225363.83,29.90,29.50,95,529
9:47:15,104438.19,2757.27,233474.58,29.60,29.60,92,250
9:48:15,94010.30,2640.00,223602.50,29.80,29.60,94,337
9:49:16,104438.19,2768.21,235319.14,29.80,29.60,102,342
9:50:16,88323.52,2619.27,222727.30,29.70,29.70,97,590
9:51:17,91666.66,2629.61,222727.30,29.70,29.70,92,424
9:52:17,83661.98,2469.29,215853.64,29.60,29.70,95,399
9:53:18,111171.57,2746.37,238115.63,29.70,29.70,101,570
9:54:18,114399.97,2735.53,231645.58,29.40,29.80,91,389
9:55:19,96452.63,2588.51,228033.48,29.30,29.70,99,354
9:56:19,89089.11,2324.19,208000.00,29.50,29.70,95,442
9:57:20,101977.89,2667.68,230379.77,30.00,29.60,98,475
9:58:20,109356.70,2769.47,236324.80,29.60,29.60,96,524
9:59:21,95832.45,2619.27,225363.83,29.70,29.60,102,310
10:0:21,96452.63,2713.97,231645.58,29.90,29.60,104,386
10:1:22,101659.33,2692.61,231645.58,29.70,29.60,94,445
10:2:22,104438.19,2671.43,228033.48,29.70,29.60,100,716
10:3:23,100983.59,2650.43,234394.92,29.90,29.60,96,411
10:4:23,96452.63,2682.00,232558.16,29.90,29.60,98,343
10:5:24,91666.66,2671.43,227139.89,29.90,29.60,95,390
10:6:24,86201.92,2660.91,226250.00,29.90,29.70,93,508
10:7:25,76279.48,2498.54,218404.89,30.00,29.70,97,419
10:8:25,84160.38,2568.22,224481.34,30.00,29.70,98,430
10:9:26,87252.43,2650.43,227139.89,29.90,29.80,104,367
10:10:26,92826.52,2588.51,223602.50,29.70,29.80,106,367
10:11:27,88323.52,2518.24,222727.30,29.80,29.80,93,541
10:12:27,100983.59,2724.73,230736.84,29.80,29.80,92,253
10:13:28,98645.15,2574.47,227672.97,29.60,29.80,95,337
10:14:28,116073.59,2703.27,232558.16,29.60,29.80,90,390
10:15:29,104438.19,2629.61,228033.48,29.40,29.80,94,285
10:16:29,119547.13,2713.97,233474.58,29.60,29.80,100,402
10:17:30,89415.84,2538.11,223602.50,29.60,29.70,93,309
10:18:30,102911.09,2677.22,233050.84,29.90,29.70,88,452
10:19:31,90530.00,2450.00,216700.59,29.60,29.70,91,334
10:20:31,105749.98,2666.67,230315.80,29.90,29.70,93,519
10:21:32,112766.44,2682.00,227139.89,29.50,29.70,91,425
10:22:32,100983.59,2619.27,220987.63,29.60,29.70,91,489
10:23:33,100315.20,2619.27,227139.89,29.80,29.70,88,477
10:24:33,96452.63,2528.15,220987.63,29.70,29.70,89,379
10:25:34,103033.32,2598.72,223602.50,29.60,29.70,89,417
10:26:34,95832.45,2538.11,217551.02,29.70,29.80,88,328
10:27:35,99654.04,2578.34,220987.63,29.80,29.80,88,211
10:28:35,122269.19,2703.27,230736.84,29.70,29.80,106,428
10:29:36,107344.80,2650.43,222727.30,29.40,29.80,86,319
10:30:36,94497.41,2533.47,213765.17,29.60,29.80,84,474
10:31:37,90763.82,2524.21,215478.59,29.80,29.80,89,348
10:32:37,78923.78,2450.00,209200.00,29.80,29.80,97,513
10:33:38,74497.84,2455.07,211267.59,29.80,29.90,82,316
10:34:38,73364.40,2469.29,211670.00,29.70,29.90,82,453
10:35:39,63574.15,2103.25,183864.92,29.70,29.90,85,575
10:36:39,87785.36,2374.39,192706.33,30.70,30.00,77,508
10:37:40,107218.37,2594.03,221443.28,29.40,29.90,79,386
10:38:40,76279.48,2204.31,199609.38,28.80,29.90,97,515
10:39:40,78473.22,2421.35,212500.00,29.60,29.90,77,302
10:40:41,67309.52,2187.13,198054.48,29.40,29.90,76,421
10:41:41,71385.89,2292.22,200391.39,30.00,29.90,74,411
10:42:42,83455.40,2548.84,219301.81,29.70,29.90,75,401
10:43:42,88323.52,2578.34,219262.27,29.40,29.90,75,389
10:44:43,79378.39,2518.24,215853.64,29.40,29.90,76,458
10:45:43,70237.70,2212.94,191954.03,29.50,29.90,87,472
10:46:44,86724.64,2518.24,211670.00,29.90,29.90,76,320
10:47:44,98352.93,2588.51,220987.63,29.30,29.90,76,442
10:48:45,100315.20,2578.34,218404.89,29.10,29.90,75,538
10:49:45,90984.92,2513.63,213765.17,29.50,30.00,77,416
10:50:46,92243.65,2548.10,216700.59,29.60,30.00,77,347
10:51:46,76279.48,2440.41,203550.28,29.70,30.00,79,394
10:52:47,87785.36,2538.11,215010.13,29.80,30.00,79,389
10:53:47,78923.78,2508.37,214170.03,29.50,30.00,85,658
10:54:48,103731.83,2640.00,223602.50,29.40,30.10,61,290
10:55:48,102342.53,2608.97,224481.34,29.00,30.10,76,391
10:56:49,97712.76,2548.10,211670.00,29.20,30.10,77,352
10:57:49,93415.38,2518.24,215853.64,29.40,30.10,79,556
10:58:50,84663.51,2421.35,210020.03,29.50,30.10,80,400
10:59:50,76902.65,2165.63,192278.00,29.50,30.10,76,367
11:0:51,89415.84,2365.11,198830.42,30.00,30.10,100,630
11:1:51,78026.68,2402.45,210020.03,29.20,30.10,81,328
11:2:52,88866.99,2578.34,215853.64,29.40,30.10,86,494
11:3:52,84663.51,2548.10,216700.59,29.10,30.10,95,384
11:4:53,83661.98,2479.00,205952.38,29.30,30.10,87,397
11:5:53,80935.78,2564.33,215478.59,29.30,30.20,96,385
11:6:54,79837.11,2518.24,211670.00,29.10,30.20,91,388
11:7:54,82679.07,2558.14,215010.13,29.10,30.20,89,436
11:8:55,76710.54,2319.28,198830.42,29.10,30.30,93,477
11:9:55,90984.92,2583.83,219712.50,29.30,30.30,90,466
11:10:56,68385.54,2212.94,194980.70,28.70,30.30,89,364
11:11:56,68023.99,2319.28,202755.91,29.60,30.40,99,568
11:12:57,78923.78,2578.34,220123.17,29.20,30.40,89,391
11:13:57,78923.78,2538.11,212500.00,28.80,30.40,91,495
11:14:58,68385.54,2221.61,182429.92,28.80,30.40,92,316
11:15:58,63574.15,2170.10,190458.02,29.50,30.40,95,208
11:16:59,63574.15,2247.83,196511.64,29.60,30.40,93,362
11:17:59,59840.00,2111.49,181716.44,29.00,30.40,99,219
11:19:0,61420.08,2107.10,181308.39,29.50,30.50,102,456
11:20:0,68850.20,2484.76,216326.52,29.60,30.50,95,432
11:21:1,61665.43,2383.71,205148.52,28.70,30.50,95,527
11:22:1,58956.84,2430.86,210020.03,28.80,30.50,96,291
11:23:2,64895.75,2459.63,212500.00,29.00,30.50,107,308
11:24:2,64895.75,2528.15,213333.31,28.80,30.50,102,252
11:25:3,66258.83,2558.14,210843.36,29.00,30.50,100,396
11:26:3,66172.55,2635.27,212096.77,28.80,30.50,117,353
11:27:4,65914.06,2558.14,209200.00,28.50,30.50,98,225
11:28:4,61047.98,2508.37,206759.44,28.70,30.50,101,399
11:29:5,60197.80,2465.28,207185.63,28.70,30.60,108,516
11:30:5,65571.98,2528.15,212500.00,28.90,30.50,96,274
11:31:6,73770.20,2578.34,219262.27,28.90,30.60,115,482
11:32:6,82679.07,2598.72,217551.02,28.60,30.60,100,359
11:33:7,79737.56,2533.47,212929.28,28.40,30.60,99,352
11:34:7,81714.29,2538.11,216700.59,28.60,30.60,123,334
11:35:8,112766.44,2735.53,232558.16,28.50,30.60,102,438
11:36:8,102342.53,2488.75,205952.38,27.80,30.60,98,322
11:37:9,98999.99,2629.61,222727.30,28.10,30.60,110,300
11:38:9,75852.19,2144.79,191954.03,27.90,30.60,96,225
11:39:10,91666.66,2518.24,224481.34,29.10,30.60,96,355
11:40:10,83168.23,2393.06,201176.48,28.10,30.50,94,342
11:41:11,64561.54,2365.11,191954.03,28.20,30.60,99,380
11:42:11,61665.43,2498.54,203550.28,28.40,30.60,97,403
11:43:12,66956.52,2548.10,209200.00,28.30,30.60,97,560
11:44:12,63574.15,2283.27,196511.64,28.30,30.60,97,243
11:45:13,74592.27,2608.97,218404.89,28.70,30.60,98,411
11:46:13,59840.00,2153.19,185310.75,28.20,30.70,96,335
11:47:14,65914.06,2558.14,210843.36,29.00,30.70,99,530
11:48:14,64561.54,2479.00,205148.52,28.10,30.70,111,332
11:49:15,63574.15,2469.29,205952.38,28.10,30.70,98,503
11:50:15,71983.26,2509.01,211693.55,28.10,30.70,96,469
11:51:16,70237.70,2469.29,205148.52,27.90,30.70,121,650
11:52:16,68750.00,2548.10,207569.72,27.90,30.70,96,342
11:53:17,71774.99,2518.24,207569.72,27.50,30.70,99,396
11:54:17,74592.27,2548.10,207569.72,27.50,30.70,111,495
11:55:18,74179.48,2548.10,218404.89,27.50,30.70,97,259
11:56:18,75008.61,2558.14,209200.00,27.60,30.70,112,502
11:57:19,65571.98,2459.63,195744.69,27.50,30.70,100,416
11:58:19,60439.56,2402.45,194219.66,27.30,30.70,92,367
11:59:20,75852.19,2212.94,187500.00,27.30,30.70,93,469
12:0:20,102666.66,2615.45,218891.14,27.20,30.80,96,311
12:1:21,90420.00,2604.27,223188.42,26.60,30.80,98,263
12:2:21,70147.54,2082.67,177121.75,26.70,30.70,96,350
12:3:22,71385.89,2144.79,186767.50,28.00,30.70,92,364
12:4:22,69591.84,2115.38,185633.28,27.50,30.80,98,262
12:5:23,69861.22,2170.10,190458.02,27.60,30.80,99,386
12:6:23,88866.99,2598.72,216700.59,27.10,30.70,97,514
12:7:24,79837.11,2479.00,215010.13,26.50,30.70,107,438
12:8:24,96452.63,2650.43,222727.30,26.80,30.70,94,371
12:9:25,74179.48,2178.60,183864.92,26.40,30.60,91,467
12:10:25,79837.11,2498.54,214170.03,27.40,30.70,95,380
12:11:26,85473.69,2569.00,211693.55,26.80,30.70,90,403
12:12:26,80465.76,2494.56,210462.77,26.90,30.60,93,381
12:13:27,76710.54,2393.06,202755.91,26.90,30.70,95,356
12:14:27,64229.88,2070.59,178888.88,27.10,30.70,94,327
12:15:28,87252.43,2558.14,212500.00,28.20,30.70,92,358
12:16:28,85684.21,2450.00,209200.00,26.50,30.70,92,362
12:17:29,97712.76,2588.51,212500.00,26.90,30.80,92,316
12:18:29,100315.20,2598.72,219262.27,26.60,30.80,90,395
12:19:29,135384.66,2724.73,220123.17,26.70,30.80,100,462
12:20:30,138757.19,2703.27,226250.00,26.10,30.80,85,455
12:21:30,107344.80,2650.43,218404.89,26.20,30.70,91,295
12:22:31,84160.38,2528.15,198054.48,26.60,30.80,90,368
12:23:31,75565.21,2484.76,200785.86,26.60,30.80,99,474
12:24:32,71294.60,2533.47,204752.47,26.90,30.80,84,326
12:25:32,75756.52,2573.67,207171.31,26.70,30.80,88,623
12:26:33,87785.36,2619.27,215010.13,26.50,30.80,89,460
12:27:33,89970.15,2598.72,211670.00,26.50,30.80,98,468
12:28:34,79837.11,2548.10,209200.00,26.60,30.80,98,486
12:29:34,89970.15,2650.43,214170.03,26.70,30.80,92,473
12:30:35,87785.36,2650.43,215853.64,26.50,30.80,90,678
12:31:35,80000.01,2594.87,209638.55,26.50,30.90,99,401
12:32:36,62928.30,2274.35,190458.02,26.50,30.90,94,412
12:33:36,63900.76,2421.35,199609.38,27.30,30.90,97,387
12:34:37,95218.74,2682.00,221855.70,27.00,30.90,92,434
12:35:37,67047.62,2082.44,175690.61,26.40,30.90,94,495
12:36:38,70999.99,2319.28,196511.64,28.40,31.00,87,451
12:37:38,78473.22,2488.75,206759.44,27.20,31.00,99,469
12:38:39,65656.25,2182.81,190057.38,26.90,31.00,98,402
12:39:39,66606.30,2178.60,191204.61,27.70,31.00,97,341
12:40:40,78026.68,2328.37,198830.42,27.70,31.00,95,309
12:41:40,73364.40,2239.05,194980.70,26.90,31.00,101,622
12:42:41,64976.75,2226.04,191554.70,27.10,31.00,99,346
12:43:41,69967.21,2494.56,208000.00,27.50,31.00,92,358
12:44:42,63000.00,2165.76,186363.64,26.90,31.00,96,482
12:45:42,74592.27,2450.00,205148.52,27.90,31.00,100,354
12:46:43,86201.92,2608.97,214170.03,26.80,31.00,104,332
12:47:43,71294.60,2165.83,177121.75,26.40,31.00,96,341
12:48:44,82194.45,2450.00,203550.28,27.40,31.00,102,326
12:49:44,88650.24,2569.00,215885.92,26.40,31.10,102,228
12:50:45,72167.35,2283.27,194219.66,26.30,31.00,101,319
12:51:45,77145.38,2178.60,178188.52,27.10,31.10,71,233
12:52:46,85684.21,2440.41,207569.72,27.30,31.10,120,404
12:53:46,69398.38,2074.52,179220.77,26.50,31.10,101,311
12:54:47,65914.06,2178.60,190458.02,27.70,31.10,95,399
12:55:47,75428.56,2346.67,201964.64,27.30,31.10,103,280
12:56:48,90530.00,2568.22,211670.00,26.40,31.10,104,371
12:57:48,99654.04,2548.10,213333.31,26.00,31.10,100,332
12:58:49,86932.04,2615.45,212955.45,25.90,31.10,102,279
12:59:49,68385.54,2319.28,192706.33,26.00,31.10,99,269
13:0:50,83849.06,2625.81,215478.59,26.60,31.10,102,268
13:1:50,74497.84,2426.34,205555.55,26.10,31.10,97,329
13:2:51,85066.67,2624.89,217995.89,26.30,31.10,101,395
13:3:51,97244.67,2727.03,219341.53,25.80,31.10,99,433
13:4:52,92826.52,2682.00,216700.59,25.50,31.10,106,333
13:5:52,78473.22,2488.75,210843.36,25.70,31.20,113,363
13:6:53,78178.58,2534.18,203960.39,26.00,31.20,108,437
13:7:53,72167.35,2479.00,195744.69,25.90,31.20,106,313
13:8:54,72563.02,2508.37,201176.48,25.80,31.30,98,205
13:9:54,82194.45,2578.34,220987.63,25.80,31.30,103,435
13:10:55,97079.36,2629.61,217551.02,25.50,31.30,99,352
13:11:55,94611.40,2671.43,215853.64,25.40,31.30,107,515
13:12:56,101659.33,2713.97,220123.17,25.20,31.30,96,211
13:13:56,118662.46,2779.20,225363.83,25.20,31.30,106,309
13:14:57,100195.64,2635.27,216293.27,25.20,31.30,97,395
13:15:57,75047.61,2144.57,192678.23,25.60,31.30,102,303
13:16:58,71385.89,2062.50,174725.27,27.10,31.30,104,313
13:17:58,72962.02,2170.10,195744.69,27.10,31.40,106,355
13:18:59,94611.40,2650.43,220987.63,26.00,31.50,102,353
13:19:59,65571.98,2128.08,182429.92,25.00,31.50,96,301
13:21:0,76614.05,2200.00,190822.19,26.60,31.50,102,364
13:22:0,69861.22,2062.50,176795.58,25.90,31.50,101,358
13:23:1,141087.00,2671.43,228930.83,26.40,31.60,98,374
13:24:1,88866.99,2319.28,198054.48,24.20,31.50,102,317
13:25:2,123058.02,2698.47,225833.34,25.30,31.50,98,279
13:26:2,123199.95,2746.37,230736.84,24.40,31.50,106,311
13:27:3,117788.78,2682.00,218404.89,24.50,31.50,105,399
13:28:3,115231.68,2629.61,217551.02,24.60,31.50,98,282
13:29:4,109228.05,2625.81,216326.52,24.90,31.50,104,390
13:30:4,84160.38,2421.35,203550.28,24.90,31.50,99,437
13:31:5,98645.15,2625.81,214634.13,25.30,31.50,98,489
13:32:5,90420.00,2573.67,206361.83,25.00,31.50,101,342
13:33:6,94874.99,2646.65,209638.55,24.90,31.50,98,352
13:34:6,103731.83,2671.43,214170.03,24.70,31.50,99,370
13:35:7,75428.56,2111.49,174040.20,24.60,31.60,98,304
13:36:7,59249.10,2070.59,171324.84,26.30,31.60,95,360
13:37:8,57293.28,2041.97,165591.41,26.30,31.70,98,369
13:38:8,58666.68,2038.42,169314.06,26.10,31.70,96,379
13:39:9,60866.67,2021.51,171846.42,26.40,31.80,94,314
13:40:9,80000.01,2370.26,203162.05,26.20,31.80,94,250
13:41:10,103731.83,2598.72,213333.31,24.40,31.90,93,408
13:42:10,91333.33,2261.23,181308.39,23.90,31.90,100,561
13:43:11,91333.33,2504.40,208817.63,24.60,31.90,104,440
13:44:11,103033.32,2588.51,210843.36,24.60,31.90,92,294
13:45:12,88866.99,2411.89,202755.91,24.40,31.90,93,527
13:46:12,79837.11,2411.89,201964.64,24.70,31.90,103,480
13:47:13,81238.54,2469.29,201964.64,24.90,31.90,93,327
13:48:13,93813.47,2596.57,210505.05,24.60,31.90,91,391
13:49:14,75142.85,2494.56,198437.50,24.20,31.90,89,377
13:50:14,66869.56,2493.95,195357.84,24.70,32.00,95,462
13:51:15,61649.26,2470.42,194197.30,24.70,32.00,91,344
13:52:15,62292.14,2508.37,197281.56,24.70,32.10,95,508
13:53:16,58430.10,2524.21,188571.44,24.30,32.10,91,448
13:54:16,57622.77,2510.32,188167.94,24.10,32.10,100,622
13:55:17,54812.29,2421.35,186767.50,24.10,32.10,87,317
13:56:17,80300.01,2578.34,211670.00,24.40,32.10,93,469
13:57:18,100315.20,2703.27,216700.59,24.00,32.10,67,387
13:58:18,110388.21,2660.91,213333.31,24.00,32.10,86,428
13:59:19,78627.81,2243.56,189312.98,23.90,32.20,88,430
14:0:19,75428.56,2365.11,198830.42,24.70,32.20,94,388
14:1:20,96221.05,2630.54,210040.16,24.70,32.20,91,418
14:2:20,87356.09,2310.66,193436.30,24.10,32.20,96,381
14:3:21,85684.21,2558.14,198830.42,24.70,32.20,93,411
14:4:21,67309.52,2204.31,172000.00,24.10,32.30,91,465
14:5:22,86201.92,2608.97,209200.00,24.70,32.30,92,301
14:6:22,68297.19,2058.33,165652.95,23.90,32.30,102,428
14:7:23,86724.64,2558.14,201964.64,25.30,32.30,90,431
14:8:23,81238.54,2508.37,203550.28,23.70,32.40,107,418
14:9:24,84663.51,2568.22,202755.91,23.90,32.40,91,387
14:10:24,72563.02,2469.29,196511.64,23.70,32.40,112,432
14:11:25,72563.02,2538.11,198054.48,24.10,32.40,99,415
14:12:25,58378.58,2046.42,166010.73,23.70,32.40,98,380
14:13:26,58092.54,2006.73,165357.14,25.30,32.40,98,302
14:14:26,63250.00,2161.63,183864.92,25.70,32.50,101,428
14:15:27,75852.19,2421.35,197281.56,24.40,32.50,88,199
14:16:27,61665.43,1998.88,164056.95,24.00,32.50,101,350
14:17:28,63250.00,2221.61,190458.02,25.50,32.50,102,286
14:18:28,111171.57,2608.97,215853.64,24.50,32.50,96,229
14:19:29,90530.00,2469.29,200391.39,23.20,32.50,100,378
14:20:29,75008.61,2153.19,186767.50,23.70,32.50,96,209
14:21:30,83168.23,2374.39,200391.39,24.30,32.50,100,287
14:22:30,92826.52,2508.37,205148.52,23.80,32.50,96,199
14:23:31,99956.51,2554.24,208000.00,23.40,32.50,104,228
14:24:31,111964.26,2650.43,219262.27,23.30,32.50,103,260
14:25:32,82679.07,2054.44,169314.06,23.20,32.50,104,273
14:26:32,98352.93,2274.35,193461.55,25.10,32.50,97,326
14:27:33,75008.61,2054.44,181716.44,23.50,32.50,104,345
14:28:33,99654.04,2430.86,188235.31,24.80,32.50,105,252
14:29:34,91095.48,2421.35,202755.91,23.30,32.50,98,306
14:30:34,74592.27,2128.08,186037.73,23.70,32.50,103,243
14:31:35,91095.48,2588.51,213333.31,24.60,32.60,97,334
14:32:35,78473.22,2548.10,209200.00,23.20,32.60,100,297
14:33:36,76183.41,2484.17,205555.55,23.70,32.60,96,333
14:34:36,62609.02,2054.44,170652.16,23.80,32.50,105,299
14:35:37,61355.56,2046.42,172000.00,25.40,32.70,175,433
14:36:37,65232.56,2204.31,189714.30,25.10,32.70,106,282
14:37:38,63574.15,2119.77,185310.75,24.40,32.70,99,334
14:38:38,62928.30,2062.50,178188.52,24.50,32.70,104,437
14:39:39,93813.47,2586.30,213008.11,25.10,32.70,102,502
14:40:39,68750.00,2161.63,188235.31,23.50,32.70,107,421
14:41:40,93415.38,2578.34,210020.03,24.70,32.70,100,367
14:42:40,92826.52,2588.51,203550.28,23.30,32.70,102,317
14:43:41,73897.43,2140.43,175690.61,23.20,32.70,100,325
14:44:41,62609.02,2046.42,174040.20,24.10,32.70,109,329
14:45:42,87252.43,2548.10,207569.72,25.00,32.80,102,296
14:46:42,69117.41,2030.45,164056.95,23.20,32.80,103,325
14:47:43,65656.25,2058.06,179182.14,24.50,32.80,99,383
14:48:43,70237.70,2411.89,200391.39,24.70,32.90,102,389
14:49:44,66258.83,2469.29,198830.42,23.50,32.80,101,281
14:50:44,59840.00,2283.27,189714.30,23.20,32.80,104,360
14:51:45,75852.19,2558.14,204347.81,24.00,32.80,106,348
14:52:45,68493.92,2446.99,194563.11,23.10,32.80,101,479
14:53:46,62609.02,2411.89,194980.70,23.30,32.80,104,295
14:54:46,67222.22,2445.45,201571.72,23.80,32.80,103,313
14:55:46,72167.35,2518.24,202755.91,23.40,32.80,97,232
14:56:47,57808.50,2187.13,183146.09,23.20,32.80,101,392
14:57:47,68023.99,2508.37,197281.56,24.00,32.90,105,498
14:58:48,64145.59,2604.27,202362.20,22.90,32.90,107,339
14:59:48,66956.52,2459.63,192706.33,22.80,32.90,129,506
15:0:49,86825.25,2365.78,190421.47,23.20,32.90,99,362
15:1:49,68023.99,1967.78,162765.97,22.90,32.90,103,288
15:2:50,63900.76,2221.61,187500.00,24.70,32.90,101,360
15:3:50,84350.71,2544.19,201574.80,23.60,32.90,98,325
15:4:51,110781.04,2657.14,222360.22,22.80,32.90,98,299
15:5:51,109356.70,2609.85,211693.55,22.50,32.80,101,234
15:6:52,73395.73,2239.21,178107.59,22.70,32.80,96,336
15:7:52,97712.76,2619.27,212500.00,23.90,32.80,98,226
15:8:53,86201.92,2548.10,202755.91,22.80,32.80,97,461
15:9:53,70617.27,2440.41,184586.48,23.00,32.70,112,433
15:10:54,71774.99,2538.11,199609.38,23.50,32.70,97,570
15:11:54,81714.29,2619.27,206759.44,23.20,32.70,96,354
15:12:55,56341.46,2010.49,165652.95,23.00,32.80,110,644
15:13:55,66258.83,2393.06,186037.73,25.00,32.80,95,419
15:14:56,80767.13,2450.00,199609.38,23.60,32.70,97,414
15:15:56,82194.45,2374.39,188973.39,23.20,32.80,147,527
15:16:57,82679.07,2440.41,195744.69,23.30,32.80,112,388
15:17:57,76710.54,2195.70,175412.84,23.10,32.80,91,630
15:18:58,77584.08,2346.67,186037.73,23.50,32.80,98,315
15:19:58,66172.55,2099.04,168288.28,23.30,32.80,92,363
15:20:59,70999.99,2337.50,186037.73,23.90,32.80,94,401
15:21:59,69219.51,2270.12,175690.61,23.40,32.80,88,362
15:23:0,60661.77,2132.18,174358.97,23.60,32.80,93,334
15:24:0,65232.56,2230.31,173357.66,24.00,32.90,89,335
15:25:1,70237.70,2265.48,180297.38,23.80,32.90,93,491
15:26:1,55075.34,1914.44,160846.56,23.70,32.80,90,30339
15:27:2,55606.89,1921.98,160211.28,25.00,32.90,88,379
15:28:2,58092.54,1952.40,156446.00,24.50,32.90,89,309
15:29:3,81714.29,2508.37,205148.52,24.40,32.90,89,575
15:30:3,89970.15,2588.51,211670.00,22.90,32.90,92,352
15:31:4,78473.22,2411.89,198054.48,22.80,32.90,90,496
15:32:4,96452.63,2568.22,213333.31,23.30,32.80,91,598
15:33:5,72563.02,2161.63,186767.50,22.70,32.80,89,361
15:34:5,78473.22,2393.06,197281.56,23.60,32.90,90,454
15:35:6,94760.41,2529.54,206786.42,23.40,32.80,90,364
15:36:6,96452.63,2548.10,205952.38,23.10,32.80,106,654
15:37:7,95218.74,2578.34,204347.81,23.10,32.80,93,535
15:38:7,105624.98,2538.82,201968.50,22.90,32.80,90,411
15:39:8,92243.65,2538.11,201964.64,22.90,32.90,98,289
15:40:8,79837.11,2479.00,200391.39,23.40,33.00,95,350
15:41:9,73364.40,2459.63,194980.70,23.60,33.00,99,309
15:42:9,68023.99,2078.71,171324.84,23.60,33.00,105,363
15:43:10,88866.99,2528.15,205148.52,24.00,33.10,107,355
15:44:10,78923.78,2393.06,197281.56,23.20,33.10,108,394
15:45:11,82194.45,2440.41,198830.42,23.50,33.10,99,336
15:46:11,100315.20,2608.97,209200.00,23.30,33.10,119,378
15:47:12,89970.15,2247.83,169981.91,23.00,33.10,99,396
15:48:12,94010.30,2528.15,201964.64,23.40,33.10,94,278
15:49:13,100983.59,2578.34,209200.00,23.10,33.10,101,421
15:50:13,68385.54,2111.49,179591.83,23.20,33.10,102,302
15:51:14,72563.02,2070.59,166010.73,24.50,33.10,101,534
15:52:14,73364.40,2498.54,190458.02,23.70,33.10,98,298
15:53:15,72962.02,2498.54,194980.70,23.10,33.20,114,407
15:54:15,78923.78,2469.29,196511.64,23.10,33.20,102,316
15:55:16,90530.00,2598.72,205952.38,23.20,33.20,99,350
15:56:16,83661.98,2479.00,194980.70,22.90,33.30,99,394
15:57:17,79378.39,2459.63,197281.56,23.20,33.30,97,358
15:58:17,80767.13,2450.00,190458.02,23.40,33.30,106,469
15:59:18,78276.80,2431.34,194208.50,23.30,33.30,117,454
16:0:18,75428.56,2440.41,189714.30,24.20,33.40,98,309
16:1:19,69117.41,2383.71,189714.30,24.10,33.40,101,446
16:2:19,57526.50,2153.19,176795.58,24.90,33.40,101,339
16:3:20,59249.10,2440.41,188235.31,25.50,33.40,99,634
16:4:20,60742.66,2421.35,193461.55,23.60,33.40,103,618
16:5:21,69487.80,2469.29,200391.39,24.30,33.40,100,427
16:6:21,70237.70,2440.41,194219.66,24.30,33.40,105,360
16:7:22,58378.58,2006.73,162765.97,24.30,33.40,100,480
16:8:22,53777.77,1914.44,161484.09,25.10,33.40,101,293
16:9:23,63977.01,2252.38,190057.38,25.90,33.50,107,431
16:10:23,65914.06,2265.48,188235.31,25.00,33.40,96,497
16:11:24,82092.60,2484.17,202362.20,24.80,33.40,114,470
16:12:24,80300.01,2459.63,201176.48,23.90,33.30,104,625
16:13:25,98645.15,2605.14,214634.13,24.40,33.30,113,446
16:14:25,88866.99,2518.24,202755.91,23.60,33.30,103,353
16:15:26,73364.40,2319.28,188973.39,23.60,33.30,105,394
16:16:26,61977.62,2006.73,174040.20,24.90,33.30,99,495
16:17:27,94497.41,2533.47,208800.00,25.30,33.30,101,507
16:18:27,105874.98,2568.22,209200.00,23.80,33.30,101,384
16:19:28,90530.00,2459.63,198054.48,23.30,33.30,105,548
16:20:28,80767.13,2450.00,194980.70,24.00,33.30,100,534
16:21:29,83168.23,2469.29,196511.64,23.60,33.30,115,465
16:22:29,88433.49,2519.58,200392.94,23.80,33.30,102,329
16:23:30,95218.74,2528.15,197281.56,23.40,33.30,100,387
16:24:30,88650.24,2499.16,199608.63,23.10,33.50,99,275
16:25:31,78473.22,2459.63,198830.42,23.40,33.50,99,386
16:26:31,86932.04,2615.45,204761.91,23.50,33.50,108,326
16:27:32,92243.65,2619.27,208383.23,22.50,33.60,102,336
16:28:32,83168.23,2479.00,203550.28,22.50,33.60,102,598
16:29:33,90530.00,2508.37,202755.91,23.30,33.60,103,350
16:30:33,99654.04,2498.54,205148.52,23.10,33.60,101,393
16:31:34,96452.63,2498.54,199609.38,23.20,33.60,102,513
16:32:34,89970.15,2469.29,194980.70,22.90,33.60,101,372
16:33:35,73271.17,2369.92,186389.42,22.80,33.60,116,512
16:34:35,62360.90,2090.63,175690.61,23.60,33.60,98,473
16:35:36,74179.48,2393.06,191954.03,24.30,33.60,102,396
16:36:36,98352.93,2508.37,204347.81,23.40,33.60,96,476
16:37:37,97079.36,2518.24,200391.39,22.40,33.60,104,404
16:38:37,106605.70,2528.15,205952.38,22.70,33.50,98,336
16:39:38,101659.33,2508.37,201176.48,22.40,33.50,99,307
16:40:38,101659.33,2528.15,201176.48,22.80,33.50,97,410
16:41:39,100983.59,2508.37,201964.64,22.70,33.50,101,294
16:42:39,101659.33,2528.15,203550.28,22.80,33.50,102,459
16:43:40,82194.45,2283.27,188973.39,22.80,33.50,96,355
16:44:40,80465.76,2074.29,177079.47,23.60,33.50,94,358
16:45:41,97712.76,2479.00,198054.48,24.00,33.50,94,393
16:46:41,99654.04,2479.00,205952.38,22.80,33.50,102,380
16:47:42,97712.76,2301.20,185310.75,22.70,33.50,97,360
16:48:42,80200.01,2314.86,189333.34,22.80,33.50,91,490
16:49:43,102911.09,2503.77,197665.38,23.00,33.50,91,427
16:50:43,105152.52,2588.51,205148.52,22.30,33.60,93,301
16:51:44,100983.59,2508.37,195744.69,22.20,33.60,95,353
16:52:44,92243.65,2450.00,197281.56,22.50,33.60,93,392
16:53:45,90530.00,2440.41,192706.33,22.60,33.60,95,377
16:54:45,84663.51,2450.00,194980.70,22.80,33.60,91,445
16:55:46,73364.40,2365.11,186767.50,22.80,33.70,94,609
16:56:46,91666.66,2498.54,197281.56,23.00,33.70,92,431
16:57:47,69681.63,2144.68,179553.89,22.30,33.70,94,469
16:58:47,72869.20,2323.94,189333.34,23.30,33.70,88,517
16:59:48,80300.01,2402.45,191954.03,23.10,33.70,93,406
17:0:48,75428.56,2022.51,165357.14,22.70,33.70,92,320
17:1:49,89415.84,2518.24,201176.48,23.30,33.70,101,380
17:2:49,86201.92,2488.75,197281.56,22.40,33.70,108,508
17:3:50,89306.93,2533.47,198440.56,22.50,33.70,95,482
17:4:50,78923.78,2355.87,188973.39,22.20,33.70,96,420
17:5:51,110388.21,2588.51,205952.38,22.90,33.70,96,418
17:6:51,107344.80,2538.11,202755.91,22.00,33.60,92,353
17:7:52,110129.39,2538.82,202761.33,22.30,33.70,90,579
17:8:52,108092.46,2548.10,197281.56,22.50,33.60,92,362
17:9:53,99654.04,2498.54,198054.48,22.30,33.70,96,721
17:10:53,85171.44,2355.87,191954.03,22.30,33.70,97,574
17:11:54,105874.98,2578.34,201176.48,23.00,33.70,98,640
17:12:54,92826.52,2440.41,194980.70,22.10,33.70,101,610
17:13:55,102342.53,2528.15,198830.42,22.60,33.60,102,557
17:14:55,90530.00,2440.41,194219.66,22.30,33.60,102,436
17:15:56,97712.76,2498.54,199609.38,22.60,33.60,111,474
17:16:56,86201.92,2365.11,190458.02,22.30,33.60,104,1055
17:17:57,72962.02,1967.78,162123.91,22.80,33.70,108,412
17:18:57,103731.83,2538.11,204347.81,24.00,33.70,105,302
17:19:58,110388.21,2558.14,203550.28,22.20,33.60,102,309
17:20:58,126463.53,2652.38,214227.63,22.10,33.70,96,382
17:21:59,95989.47,2403.29,193436.30,21.90,33.60,98,403
17:22:59,117788.78,2498.54,192706.33,22.60,33.60,98,333
17:24:0,115668.68,2564.33,201574.80,21.90,33.60,129,924
17:25:0,115231.68,2568.22,205952.38,21.90,33.60,99,389
17:26:1,111964.26,2608.97,205148.52,22.10,33.60,101,403
17:27:1,93415.38,2479.00,194219.66,22.10,33.60,135,481
17:28:2,88000.00,2351.72,190057.38,22.30,33.70,104,30478
17:29:2,114399.97,2548.10,205952.38,22.50,33.70,168,393
17:30:3,95218.74,2488.75,191204.61,22.00,33.70,99,637
17:31:3,68023.99,2195.70,170652.16,22.00,33.70,110,332
17:32:4,67309.52,2230.31,178188.52,22.70,33.70,111,360
17:33:4,74592.27,2421.35,190458.02,22.90,33.70,104,497
17:34:5,76614.05,2474.43,188593.17,22.50,33.70,101,553
17:35:5,75852.19,2430.86,188973.39,22.00,33.70,106,315
17:36:6,122269.19,2703.27,212500.00,22.40,33.70,103,426
17:37:6,77145.38,2195.70,178888.88,21.70,33.70,111,402
17:38:7,87785.36,2508.37,200391.39,22.90,33.70,101,309
17:39:7,90530.00,2518.24,197281.56,22.30,33.70,104,396
17:40:8,91095.48,2469.29,198054.48,22.20,33.70,108,465
17:41:8,94874.99,2494.56,199217.23,22.40,33.70,103,427
17:42:9,70909.09,2099.04,170289.84,22.10,33.70,100,413
17:43:9,61355.56,2119.77,175412.84,23.00,33.70,99,265
17:44:10,77928.90,2435.88,200784.33,23.50,33.70,102,415
17:45:10,85066.67,2513.63,200000.02,22.20,33.60,100,406
17:46:11,101538.45,2573.67,207171.31,22.10,33.60,102,336
17:47:11,95832.45,2548.10,206759.44,22.20,33.60,102,421
17:48:12,95873.68,2554.99,206387.23,22.30,33.60,105,254
17:49:12,91095.48,2528.15,201176.48,22.20,33.60,101,512
17:50:13,70909.09,2243.48,187855.80,22.00,33.60,104,509
17:51:13,82679.07,2528.15,202755.91,22.80,33.70,101,309
17:52:14,80767.13,2469.29,194980.70,22.20,33.70,99,239
17:53:14,95832.45,2568.22,199609.38,22.20,33.70,105,697
17:54:15,88215.68,2503.77,200000.02,22.00,33.70,100,398
17:55:15,89415.84,2365.11,183146.09,22.40,33.70,106,460
17:56:16,87785.36,2319.28,178188.52,22.10,33.70,99,402
17:57:16,89970.15,2402.45,181005.59,22.00,33.70,105,388
17:58:17,85171.44,2346.67,174725.27,21.80,33.70,100,329
17:59:17,79378.39,2274.35,172000.00,21.90,33.70,105,422
18:0:18,90530.00,2383.71,181716.44,21.80,33.80,104,478
18:1:18,84350.71,2050.00,156643.36,21.90,33.80,103,365
18:2:19,75852.19,2178.60,168648.64,21.80,33.90,101,368
18:3:19,87252.43,2402.45,188235.31,22.20,33.80,107,509
18:4:20,76279.48,2265.48,176795.58,21.90,33.80,103,374
18:5:20,74179.48,2292.22,177490.75,22.50,33.90,99,361
18:6:21,72962.02,2292.22,180297.38,22.10,33.90,103,336
18:7:21,77145.38,1967.78,149146.77,22.10,33.90,101,383
18:8:22,76279.48,1811.76,126837.07,21.90,33.90,102,506
18:9:22,72167.35,1899.45,141000.00,21.90,33.90,98,564
18:10:23,78923.78,1734.62,113803.69,22.00,33.90,98,625
18:11:23,70617.27,1734.62,109531.02,21.80,33.90,97,469
18:12:24,68385.54,1790.43,130533.13,22.00,33.90,103,476
18:13:24,74179.48,1975.51,153367.89,21.80,33.80,97,339
18:14:25,71774.99,1707.29,117209.31,21.70,33.80,95,290
18:15:25,65914.06,1892.00,141569.27,21.80,33.90,97,476
18:16:26,58956.84,1855.14,141000.00,22.10,33.80,113,341
18:17:26,67665.34,2006.73,149743.59,22.50,33.80,97,353
18:18:27,58092.54,1783.36,126837.07,21.90,33.80,120,1089
18:19:27,52277.23,1707.29,125278.22,21.90,33.80,98,541
18:20:28,50951.14,1970.58,149828.19,22.20,33.80,97,769
18:21:28,54812.29,1582.52,98686.13,21.90,33.80,92,308
18:22:29,58666.68,1395.21,84958.22,21.70,33.80,97,486
18:23:29,61355.56,1520.00,99122.80,21.40,33.80,98,414
18:24:30,60138.69,1471.45,94388.48,21.50,33.80,94,418
18:25:30,59600.00,1675.65,117757.02,21.40,33.90,99,463
18:26:31,55916.66,1675.65,121259.84,21.60,33.90,95,476
18:27:31,45789.16,1563.55,111890.23,21.90,33.90,94,654
18:28:32,49221.52,1588.89,115254.25,22.50,33.80,114,471
18:29:32,57808.50,1627.55,112844.03,22.10,33.80,93,668
18:30:33,51309.45,1557.26,93123.21,21.90,33.80,88,529
18:31:33,41514.12,1340.79,92417.73,22.20,33.80,91,647
18:32:34,42858.79,1520.00,114769.23,23.20,33.80,97,646
18:33:34,48331.25,1855.14,143288.59,23.00,33.80,92,469
18:34:35,44194.12,1647.18,128410.93,21.90,33.80,92,493
18:35:35,62609.02,1748.42,123734.18,22.70,33.80,92,553
18:36:36,61047.98,1601.69,113803.69,21.80,33.70,155,567
18:37:36,56145.83,1776.33,135409.84,21.60,33.70,100,586
18:38:37,59543.48,2054.44,160846.56,22.20,33.70,96,554
18:39:37,65914.06,2230.31,173357.66,21.90,33.70,107,675
18:40:38,58956.84,2062.50,163410.31,21.70,33.70,121,607
18:41:38,59840.00,2095.04,168648.64,22.10,33.70,120,843
18:42:39,57857.64,2010.13,159788.36,22.10,33.70,96,561
18:43:39,65571.98,2086.86,165357.14,22.40,33.70,96,407
18:44:40,55875.43,1975.51,155208.34,22.00,33.70,98,499
18:45:40,62292.14,1714.09,132142.86,22.70,33.70,117,483
18:46:41,53523.49,1640.61,121193.09,21.90,33.70,103,30570
18:47:41,62609.02,1501.64,91452.99,22.30,33.60,106,435
18:48:42,54812.29,1361.08,88983.05,21.70,33.60,101,339
18:49:42,52770.76,1563.55,116228.76,21.90,33.70,98,380
18:50:43,47249.23,1608.12,120689.66,22.20,33.70,96,354
18:51:43,53703.70,1956.01,150600.34,22.70,33.60,109,491
18:52:44,51815.79,1668.97,121766.57,22.10,33.70,105,391
18:53:44,56692.30,1627.55,118691.59,21.90,33.60,99,323
18:54:45,51000.00,1683.25,123930.27,21.60,33.70,96,365
18:55:45,53020.00,1720.91,128410.93,22.00,33.60,120,336
18:56:46,51790.16,1790.43,135960.59,22.10,33.70,102,331
18:57:46,47678.02,1762.32,132682.92,22.20,33.70,99,641
18:58:47,49447.62,1921.98,150342.47,22.90,33.70,99,649
18:59:47,55875.43,1693.77,125278.22,22.30,33.70,97,644
19:0:48,56418.11,1667.01,123222.75,21.90,33.60,104,1103
19:1:48,56418.11,1714.09,127884.62,21.90,33.60,117,642
19:2:49,56891.22,1559.87,113016.84,21.90,33.60,110,596
19:3:49,56736.84,1629.35,119248.84,21.70,33.60,107,704
19:4:50,52770.76,1647.18,119687.51,21.70,33.70,106,622
19:5:50,50834.95,1707.29,127884.62,22.20,33.60,109,633
19:6:51,46407.30,1720.91,133768.36,22.50,33.60,101,973
19:7:51,49447.62,1847.84,138741.72,23.50,33.60,118,567
19:8:52,49082.28,1967.35,152677.05,22.20,33.60,105,618
19:9:52,47894.41,1967.78,150943.41,22.40,33.60,112,598
19:10:53,48551.73,1937.13,147959.19,22.60,33.60,106,539
19:11:53,52277.23,2030.45,156446.00,22.60,33.60,105,676
19:12:54,50366.56,1700.52,123222.75,22.40,33.60,106,387
19:13:54,55340.20,1790.43,136513.16,22.30,33.60,101,414
19:14:55,48773.59,1892.00,143288.59,21.90,33.50,100,428
19:15:55,51166.13,2070.34,156993.02,22.10,33.60,104,385
19:16:56,51790.16,2153.19,165357.14,21.80,33.50,108,502
19:17:56,50366.56,2119.77,161484.09,22.20,33.50,95,467
19:18:57,57808.50,2230.31,172677.58,22.40,33.50,95,548
19:19:57,56968.41,1975.51,153979.25,21.90,33.50,101,502
19:20:58,53523.49,1937.13,146779.64,22.00,33.50,124,403
19:21:58,50600.00,1998.88,150342.47,21.80,33.40,105,361
19:22:59,45993.96,1914.44,143865.55,21.90,33.50,104,467
19:23:59,52032.89,2204.31,169314.06,22.60,33.40,108,494
19:25:0,49447.62,2095.04,160211.28,22.10,33.40,104,504
19:26:0,49221.52,1899.45,144444.42,22.40,33.40,104,378
19:27:1,53259.26,2001.50,152777.80,22.50,33.40,102,373
19:28:1,51071.43,2103.25,161484.09,22.50,33.30,106,488
19:29:2,51309.45,2144.79,167985.61,22.70,33.30,100,333
19:30:2,50834.95,2022.51,151546.41,22.80,33.30,107,524
19:31:3,53375.84,2054.17,158245.63,22.80,33.30,102,279
19:32:3,49221.52,1937.13,147959.19,22.70,33.30,102,275
19:33:4,53197.32,2099.04,163055.06,23.20,33.30,101,458
19:34:4,54812.29,2195.70,167324.95,22.90,33.20,115,448
19:35:5,63564.89,1951.48,152595.17,22.80,33.30,100,415
19:36:5,66346.45,2010.13,158523.73,22.50,33.20,97,264
19:37:6,64895.75,2070.59,162123.91,22.30,33.20,107,711
19:38:6,65570.31,2204.32,169202.89,22.50,33.20,105,417
19:39:7,74592.27,2346.67,185310.75,22.60,33.10,102,371
19:40:7,61047.98,2161.63,167324.95,22.50,33.20,123,708
19:41:8,54291.52,2078.71,160846.56,23.10,33.10,101,337
19:42:8,54551.02,1967.78,146192.89,23.40,33.10,103,447
19:43:9,52277.23,1826.12,138181.81,22.50,33.10,101,515
19:44:9,55875.43,2103.25,161484.09,22.80,33.10,97,485
19:45:10,54291.52,1921.98,146192.89,22.60,33.10,101,594
19:46:10,54033.78,2136.42,162765.97,22.60,33.10,100,401
19:47:11,53375.84,1936.65,148464.17,22.90,33.10,100,296
19:48:11,48996.85,1944.75,150342.47,23.00,33.10,96,412
19:49:12,53270.90,2111.49,162765.97,23.60,33.10,98,509
19:50:12,51094.46,2074.29,158523.73,22.90,33.00,99,411
19:51:13,53270.90,2195.70,168648.64,23.50,33.10,93,382
19:52:13,54033.78,2239.05,170652.16,23.40,33.00,97,408
19:53:14,65571.98,2355.87,181716.44,23.40,33.00,98,582
19:54:14,56692.30,1921.98,147959.19,22.90,33.00,93,621
19:55:15,54216.95,2026.32,155478.27,22.80,33.00,122,569
19:56:15,58931.41,2136.17,163279.86,23.10,33.00,97,408
19:57:16,51549.02,2144.79,160846.56,22.80,32.90,95,455
19:58:16,52032.89,2095.04,157692.31,22.60,32.90,107,655
19:59:17,48331.25,1921.98,145608.09,22.60,32.90,92,497
20:0:17,49012.66,1971.00,148717.95,22.60,32.90,99,308
20:1:18,48773.59,2054.44,155826.09,22.70,32.90,91,349
20:2:18,49675.16,2086.86,159578.20,23.00,32.90,95,436
20:3:19,52277.23,2161.63,157068.08,23.00,32.90,97,548
20:4:19,53270.90,2062.50,155826.09,22.90,32.90,99,762
20:5:20,53020.00,1877.17,138181.81,22.70,32.90,92,504
20:6:20,48996.85,1892.00,141000.00,22.40,32.90,95,619
20:7:21,53197.32,2225.98,172992.69,22.60,32.90,94,516
20:8:21,53523.49,2230.31,171324.84,22.80,32.80,94,278
20:9:22,49151.90,1956.01,149401.72,22.80,32.80,93,325
20:10:22,45116.41,1902.92,148805.47,23.00,32.80,105,577
20:11:23,45585.58,1960.07,148551.98,24.00,32.80,90,541
20:12:23,45182.09,1967.78,149146.77,23.20,32.80,98,473
20:13:24,46615.86,2070.59,156446.00,23.30,32.80,101,297
20:14:24,46825.69,1783.36,133224.77,23.20,32.70,96,382
20:15:25,49221.52,2062.50,155826.09,23.00,32.70,89,370
20:16:25,49623.00,2111.15,159435.63,22.80,32.70,98,469
20:17:26,45383.23,1998.88,155208.34,23.20,32.70,97,591
20:18:26,48551.73,2195.70,168648.64,23.80,32.70,99,269
20:19:27,48773.59,2178.60,164705.89,23.40,32.60,100,383
20:20:27,48773.59,2128.08,162765.97,23.10,32.60,101,518
20:21:28,47689.45,2132.05,159154.94,23.10,32.70,104,556
20:22:28,46200.00,2070.59,154592.73,23.30,32.60,101,462
20:23:29,44585.80,1975.51,148551.98,23.40,32.60,121,745
20:24:29,44783.38,2022.51,148551.98,24.00,32.60,104,730
20:25:30,44982.14,2054.44,150342.47,23.50,32.60,103,492
20:26:30,44000.00,2022.51,146192.89,23.60,32.50,98,400
20:27:31,44783.38,2022.51,146192.89,23.30,32.50,106,542
20:28:31,45182.09,2062.50,151546.41,23.40,32.50,106,465
20:29:32,45993.96,2046.42,152151.48,23.60,32.50,101,477
20:30:32,45789.16,2046.42,152758.63,23.40,32.50,99,401
20:31:33,44982.14,2070.59,150943.41,23.50,32.50,96,467
20:32:33,45585.58,2095.04,156446.00,23.60,32.50,115,654
20:33:34,44585.80,2046.42,149743.59,23.70,32.40,106,371
20:34:34,44585.80,2038.42,150943.41,23.90,32.40,98,633
20:35:35,44785.71,2066.16,149914.25,24.10,32.40,95,549
20:36:35,43807.02,1998.88,146779.64,23.70,32.40,102,793
20:37:36,42672.41,1975.51,143865.55,24.10,32.40,105,733
20:38:36,41756.37,1884.57,138181.81,24.00,32.30,102,634
20:39:37,42858.79,2095.04,150943.41,24.20,32.30,111,516
20:40:37,44000.00,2050.00,147529.80,24.20,32.30,110,613
20:41:38,44194.12,2014.61,146192.89,24.10,32.30,105,722
20:42:38,43234.78,1967.78,139303.48,24.00,32.30,100,679
20:43:39,44587.54,2033.96,149315.08,24.00,32.30,98,697
20:44:39,43807.02,2038.42,146779.64,24.30,32.20,105,508
20:45:40,43234.78,1914.44,139303.48,24.50,32.30,139,831
20:46:40,43807.02,1975.51,143288.59,24.60,32.20,113,606
20:47:41,44000.00,2054.44,150943.41,24.70,32.20,106,1012
20:48:41,43424.41,2086.86,151546.41,24.80,32.10,103,560
20:49:42,44389.38,2153.19,158947.38,24.90,32.10,122,695
20:50:42,44783.38,2187.13,162765.97,24.90,32.10,100,743
20:51:43,44585.80,2144.79,159578.20,24.80,32.10,106,711
20:52:43,44194.12,2178.60,158947.38,25.00,32.10,117,826
20:53:44,44194.12,2144.79,157068.08,25.10,32.10,104,504
20:54:44,45182.09,2070.59,154592.73,24.90,32.00,107,846
20:55:45,44985.07,2098.85,152941.19,24.80,32.00,98,742
20:56:45,44783.38,2111.49,157068.08,25.00,32.00,104,823
20:57:46,44389.38,2128.08,155208.34,25.30,32.00,97,894
20:58:46,43807.02,2136.42,156446.00,25.00,31.90,108,559
20:59:47,44000.00,2128.08,160211.28,25.10,31.90,121,832
21:0:47,43807.02,2144.79,156446.00,25.30,31.90,98,581
21:1:48,43615.16,2128.08,155826.09,25.30,31.90,106,855
21:2:48,44585.80,2161.63,161484.09,25.30,31.90,109,624
21:3:49,43424.41,2170.10,156446.00,25.30,31.90,121,1124
21:4:49,44585.80,2153.19,160211.28,25.30,31.90,102,813
21:5:50,42672.41,2144.79,154592.73,25.50,31.80,112,864
21:6:50,42858.79,2178.60,157068.08,25.50,31.80,103,790
21:7:51,42858.79,2136.42,155208.34,25.60,31.80,113,776
21:8:51,42672.41,2170.10,155826.09,25.80,31.80,111,995
21:9:52,43046.24,2153.19,159578.20,25.80,31.80,30123,30843
21:10:52,42672.41,2170.10,156446.00,25.70,31.80,112,944
21:11:53,40804.47,2107.28,151807.25,25.90,31.70,99,818
21:12:53,42302.86,2187.13,157068.08,26.00,31.70,113,649
21:13:54,40857.14,2050.00,149315.08,25.90,31.70,136,1138
21:14:54,38663.07,1960.07,143865.55,26.20,31.70,101,965
21:15:55,37697.62,1967.78,146192.89,26.40,31.70,100,1097
21:16:55,39311.48,2074.29,151724.16,27.30,31.70,124,877
21:17:56,32731.71,1629.35,124324.32,26.70,31.70,182,2221
21:18:56,32892.68,1741.51,135960.59,27.00,31.70,400,2674
21:19:57,34381.91,1872.60,140567.59,26.70,31.60,91,889
21:20:57,32072.29,1814.31,137190.08,26.80,31.60,98,957
21:21:58,29383.56,1727.75,131604.53,27.00,31.60,834,2955
21:22:58,31331.75,1855.14,139867.11,27.20,31.60,96,1145
21:23:59,32626.21,1892.00,145025.28,26.90,31.60,94,1072
21:24:59,32705.60,1888.00,143529.41,26.90,31.60,109,971
21:26:0,33161.76,1937.13,144444.42,27.00,31.60,97,990
21:27:0,33846.15,1921.98,145608.09,26.70,31.50,99,643
21:28:1,34265.00,1937.13,147959.19,27.00,31.50,102,893
21:29:1,35267.17,1991.06,149743.59,27.10,31.50,112,1052
21:30:2,35891.75,2022.18,151463.02,26.90,31.50,91,684
21:31:2,35560.10,1998.88,149146.77,26.70,31.50,125,1021
21:32:3,36457.14,2022.51,152151.48,26.90,31.50,88,748
21:33:3,36762.41,2062.50,153367.89,26.80,31.50,97,772
21:34:4,36609.37,1998.88,152151.48,26.90,31.40,124,1006
21:35:4,37941.18,2111.15,161347.53,27.10,31.40,94,893
21:36:5,38978.27,2123.70,161702.14,26.90,31.50,91,548
21:37:5,36916.23,2022.51,153367.89,26.80,31.40,89,767
21:38:6,38219.84,2062.24,162699.83,27.30,31.40,96,846
21:39:6,39324.25,2161.63,167985.61,26.90,31.40,101,695
21:40:7,40516.66,2204.31,171324.84,26.80,31.40,103,794
21:41:7,40690.80,2195.70,169981.91,26.70,31.40,89,575
21:42:8,40865.92,2204.31,170652.16,26.80,31.40,93,710
21:43:8,39829.67,2153.19,167324.95,26.80,31.30,100,799
21:44:9,40865.92,2178.60,169981.91,27.00,31.30,98,770
21:45:9,41042.02,2204.31,174040.20,27.00,31.40,124,920
21:46:10,42119.66,2265.48,178888.88,26.90,31.30,102,526
21:47:10,41756.37,2212.94,174040.20,26.60,31.40,106,570
21:48:11,42119.66,2221.61,176102.92,26.80,31.30,102,364
21:49:11,43677.41,2279.20,182706.78,26.80,31.30,108,775
21:50:12,41042.02,2153.19,172000.00,26.60,31.30,102,599
21:51:12,42672.41,2230.31,178888.88,27.10,31.30,95,429
21:52:13,40343.49,2153.19,169981.91,26.80,31.30,114,596
21:53:13,41042.02,2161.63,175412.84,27.10,31.30,107,529
21:54:14,41444.76,2270.26,190038.31,27.10,31.30,104,542
21:55:14,48551.73,2459.63,199609.38,26.60,31.30,98,392
21:56:15,47906.55,2407.80,193822.41,25.90,31.20,98,588
21:57:15,44194.12,2265.48,183146.09,26.10,31.20,115,490
21:58:16,43807.02,2256.63,181005.59,26.70,31.20,104,434
21:59:16,42302.86,2212.94,181716.44,26.70,31.10,105,335
22:0:17,46200.00,2374.39,189714.30,26.90,31.10,104,500
22:1:17,46825.69,2319.28,192706.33,26.30,31.20,103,557
22:2:18,44194.12,2119.77,179591.83,26.10,31.10,101,399
22:3:18,48773.59,2421.35,195744.69,26.40,31.10,101,354
22:4:19,51309.45,2402.45,201176.48,26.10,31.10,102,347
22:5:19,51790.16,2430.86,201964.64,25.90,31.10,110,491
22:6:20,50134.61,2383.71,198054.48,26.00,31.10,102,410
22:7:20,49904.16,2355.87,198830.42,26.30,31.00,105,430
22:8:21,50174.20,2375.46,195719.86,26.20,31.10,111,495
22:9:21,50928.57,2393.46,201178.78,26.40,31.10,108,546
22:10:22,48331.25,2274.35,190458.02,26.20,31.00,107,416
22:11:22,50134.61,2411.89,196511.64,26.30,31.00,131,530
22:12:23,49151.90,2323.94,195357.84,26.20,31.00,112,627
22:13:23,51573.77,2388.96,201574.80,26.70,31.00,101,380
22:14:24,49904.16,2355.87,199609.38,26.30,31.00,131,663
22:15:24,46200.00,2256.63,186037.73,26.30,31.00,102,404
22:16:25,46407.30,2283.27,187500.00,26.60,31.00,102,401
22:17:25,44585.80,2195.70,184586.48,26.50,31.00,100,336
22:18:26,45182.09,2247.83,188235.31,26.70,31.00,101,429
22:19:26,50387.10,2398.36,196887.17,26.40,30.90,102,300
22:20:27,44851.19,2230.37,183834.61,25.90,30.90,103,361
22:21:27,46407.30,2310.22,191204.61,26.70,31.00,118,606
22:22:28,48996.85,2328.37,197281.56,26.80,31.00,109,544
22:23:28,47894.41,2319.28,192706.33,26.20,30.90,99,407
22:24:28,48262.50,2351.42,196124.05,26.00,30.90,102,416
22:25:29,50600.00,2346.67,196511.64,26.10,30.90,101,495
22:26:29,50134.61,2430.86,200391.39,25.60,30.90,172,467
22:27:30,49447.62,2402.45,195744.69,25.80,30.90,116,517
22:28:30,48112.15,2355.87,194980.70,25.80,30.90,105,304
22:29:31,48112.15,2383.71,194980.70,26.00,30.90,99,331
22:30:31,47036.81,2328.37,188235.31,26.10,30.90,99,661
22:31:32,47036.81,2310.22,191204.61,26.20,30.90,107,330
22:32:32,47462.97,2355.87,191204.61,26.30,30.80,103,472
22:33:33,44194.12,2038.42,177490.75,26.10,30.90,109,585
22:34:33,49221.52,2383.71,194219.66,26.30,30.90,102,243
22:35:34,51071.43,2430.86,201176.48,25.80,30.80,100,566
22:36:34,49221.52,2365.11,191204.61,25.60,30.80,107,455
22:37:35,52032.89,2450.00,201176.48,25.80,30.80,100,399
22:38:35,54551.02,2528.15,209200.00,25.70,30.80,105,260
22:39:36,54551.02,2538.11,208383.23,25.50,30.80,99,346
22:40:36,55037.80,2519.58,205976.09,25.50,30.70,96,471
22:41:37,54033.78,2518.24,204347.81,25.60,30.70,116,610
22:42:37,50366.56,2430.86,196511.64,25.50,30.70,102,450
22:43:38,51309.45,2440.41,201176.48,25.80,30.70,122,512
22:44:38,52277.23,2469.29,202755.91,25.70,30.70,99,516
22:45:39,57246.47,2538.11,207569.72,25.70,30.70,97,454
22:46:39,57526.50,2528.15,208383.23,25.50,30.70,103,408
22:47:40,56418.11,2518.24,203550.28,25.50,30.60,101,417
22:48:40,59249.10,2538.11,210020.03,25.60,30.60,99,367
22:49:41,55340.20,2479.00,199609.38,25.70,30.60,100,332
22:50:41,53523.49,2450.00,199609.38,25.80,30.60,99,329
22:51:42,54291.52,2488.75,200391.39,25.90,30.60,97,534
22:52:42,55340.20,2518.24,205148.52,25.70,30.60,97,275
22:53:43,54812.29,2479.00,199609.38,25.70,30.60,101,413
22:54:43,52277.23,2402.45,198054.48,25.80,30.60,92,573
22:55:44,53555.55,2445.96,198437.50,26.00,30.60,100,765
22:56:44,54216.95,2455.07,203952.56,25.90,30.60,98,647
22:57:45,52770.76,2421.35,196511.64,25.90,30.60,91,409
22:58:45,57808.50,2479.00,198830.42,25.90,30.60,108,505
22:59:46,56111.50,2431.82,200392.94,25.70,30.60,110,818
23:0:46,53020.00,2402.45,196511.64,25.90,30.60,98,456
23:1:47,52277.23,2383.71,194219.66,26.00,30.60,92,639
23:2:47,56968.41,2469.29,201964.64,26.10,30.60,105,455
23:3:48,55875.43,2421.35,198830.42,25.80,30.60,92,624
23:4:48,54737.20,2416.84,197665.38,25.80,30.60,93,687
23:5:49,55799.30,2416.84,200784.33,26.00,30.60,95,608
23:6:49,56418.11,2430.86,201176.48,25.70,30.60,94,473
23:7:50,60278.39,2469.85,201968.50,25.90,30.50,113,393
23:8:50,65914.06,2578.34,210020.03,25.80,30.60,99,656
23:9:51,65571.98,2450.00,201964.64,25.60,30.50,100,444
23:10:51,71499.99,2544.19,209638.55,25.60,30.60,99,329
23:11:52,69117.41,2450.00,206759.44,25.60,30.60,101,489
23:12:52,68385.54,2383.71,202755.91,25.50,30.50,94,527
23:13:53,78726.47,2609.85,213360.31,25.50,30.50,94,329
23:14:53,77733.34,2564.33,212121.20,25.30,30.40,102,567
23:15:54,75142.85,2534.18,207185.63,25.50,30.40,161,446
23:16:54,85171.44,2619.27,213333.31,25.70,30.40,103,543
23:17:55,75008.61,2528.15,206759.44,25.40,30.40,113,516
23:18:55,75991.26,2534.18,207185.63,25.80,30.40,105,455
23:19:56,69117.41,2459.63,203550.28,25.70,30.40,103,279
23:20:56,69028.34,2474.43,205555.55,25.90,30.40,99,282
23:21:57,65571.98,2365.11,197281.56,25.90,30.40,103,430
23:22:57,66258.83,2508.37,204347.81,25.80,30.40,109,259
23:23:58,65232.56,2469.29,201176.48,25.80,30.40,106,374
23:24:58,65914.06,2498.54,205952.38,25.90,30.40,94,436
23:25:59,67309.52,2538.11,204347.81,25.80,30.40,107,466
23:26:59,71385.89,2619.27,211670.00,25.60,30.40,121,460
23:28:0,70345.67,2605.14,212121.20,25.40,30.40,110,424
23:29:0,77584.08,2608.97,215853.64,25.50,30.40,105,294
23:30:1,75008.61,2578.34,213333.31,25.50,30.30,101,518
23:31:1,66606.30,2479.00,204347.81,25.60,30.30,101,456
23:32:2,70617.27,2538.11,205148.52,25.80,30.30,102,458
23:33:2,71385.89,2538.11,205148.52,25.80,30.30,103,442
23:34:3,73364.40,2558.14,205952.38,25.70,30.30,117,625
23:35:3,80300.01,2640.00,216700.59,25.60,30.30,108,552
23:36:4,81714.29,2598.72,209200.00,25.40,30.30,98,445
23:37:4,79837.11,2588.51,213333.31,25.50,30.30,104,441
23:38:5,84663.51,2598.72,210020.03,25.70,30.30,107,422
23:39:5,86724.64,2660.91,216700.59,25.60,30.30,106,381
23:40:6,90530.00,2650.43,213333.31,25.60,30.30,98,294
23:41:6,86724.64,2608.97,208383.23,25.50,30.20,106,466
23:42:7,95218.74,2682.00,218404.89,25.70,30.20,103,454
23:43:7,85684.21,2619.27,209200.00,25.60,30.10,102,252
23:44:8,97595.73,2687.83,221443.28,25.60,30.10,102,367
23:45:8,94010.30,2619.27,210020.03,25.50,30.10,105,385
23:46:9,100983.59,2671.43,218404.89,25.60,30.10,105,382
23:47:9,97079.36,2682.00,217551.02,25.60,30.10,109,283
23:48:10,95104.16,2666.67,216293.27,25.70,30.10,102,314
23:49:10,92243.65,2650.43,213333.31,25.70,30.10,103,403
23:50:11,107344.80,2650.43,218404.89,25.70,30.10,101,419
23:51:11,95218.74,2619.27,212500.00,25.70,30.10,103,309
23:52:12,85990.38,2489.35,204356.44,25.80,30.10,106,316
23:53:12,83558.69,2563.56,205555.55,26.10,30.10,102,248
23:54:13,80200.01,2563.56,210441.75,26.00,30.00,101,305
23:55:13,77145.38,2588.51,210020.03,26.10,30.00,103,403
23:56:14,73395.73,2559.66,209236.94,26.10,30.00,103,321
23:57:14,71385.89,2598.72,212500.00,26.10,30.00,106,408
23:58:15,71499.99,2574.47,210462.77,26.00,30.00,100,559
23:59:15,75852.19,2629.61,214170.03,26.00,30.00,104,537
