Hora,O3,NO2,CO,Humedad,Temperatura,P25,P10
0:0:16,77928.90,2573.67,210441.75,25.80,30.00,114,422
0:1:16,75428.56,2479.00,193461.55,25.80,30.00,100,306
0:2:17,71774.99,2355.87,176102.92,25.90,30.00,102,296
0:3:17,63166.67,2148.94,161769.92,25.80,30.00,108,525
0:4:18,57246.47,2144.79,165357.14,26.00,30.00,98,269
0:5:18,59249.10,2346.67,188973.39,26.20,30.00,103,363
0:6:19,63250.00,2469.29,200391.39,26.30,30.00,103,494
0:7:19,62928.30,2469.29,198830.42,25.90,29.90,104,295
0:8:20,64138.46,2524.89,203168.31,26.20,30.00,104,418
0:9:20,62127.34,2548.84,210865.17,26.20,30.00,110,499
0:10:21,69861.22,2479.00,191954.03,26.00,29.90,104,360
0:11:21,62292.14,2374.39,188973.39,25.70,29.90,100,216
0:12:22,59840.00,2402.45,186767.50,26.00,29.90,98,385
0:13:22,51790.16,2283.27,181005.59,26.00,29.90,97,391
0:14:23,53777.77,2393.06,187500.00,26.60,29.90,102,588
0:15:23,53020.00,2383.71,187500.00,26.30,29.90,99,374
0:16:24,50834.95,2402.45,191204.61,26.40,29.90,99,318
0:17:24,52726.67,2480.17,196498.06,26.50,29.90,107,430
0:18:25,58378.58,2568.22,205952.38,26.40,29.90,117,579
0:19:25,58300.01,2563.56,206361.83,25.90,29.90,102,404
0:20:26,56145.83,2528.15,202755.91,26.10,29.90,105,336
0:21:26,59249.10,2588.51,205148.52,26.10,29.80,101,536
0:22:27,60661.77,2553.49,207984.03,25.90,29.80,105,577
0:23:27,58092.54,2528.15,199609.38,25.80,29.80,98,339
0:24:28,58378.58,2558.14,201964.64,25.90,29.80,95,374
0:25:28,59543.48,2518.24,201964.64,26.00,29.80,112,711
0:26:29,64895.75,2538.11,202755.91,25.90,29.80,102,379
0:27:29,61665.43,2488.75,198054.48,25.80,29.70,103,420
0:28:30,61355.56,2528.15,200391.39,25.90,29.80,100,525
0:29:30,61355.56,2538.11,199609.38,25.80,29.70,103,520
0:30:31,56145.83,2498.54,196511.64,26.00,29.80,96,447
0:31:31,57828.57,2535.59,203174.61,26.30,29.80,108,631
0:32:32,55075.34,2498.54,196511.64,26.20,29.80,99,400
0:33:32,53810.81,2465.28,195348.84,26.40,29.80,93,420
0:34:33,53993.22,2489.96,198825.84,26.50,29.70,96,483
0:35:33,54291.52,2374.39,179591.83,26.40,29.70,92,320
0:36:34,52523.18,2393.06,182429.92,26.20,29.70,93,365
0:37:34,50834.95,2430.86,186767.50,26.30,29.70,90,326
0:38:35,49675.16,2346.67,188235.31,26.50,29.70,90,564
0:39:35,51071.43,2459.63,193461.55,26.80,29.70,97,566
0:40:36,48996.85,2421.35,188973.39,26.70,29.70,92,418
0:41:36,50834.95,2469.29,194219.66,26.80,29.70,102,426
0:42:37,49447.62,2459.63,190458.02,26.80,29.70,124,575
0:43:37,49221.52,2421.35,187500.00,26.90,29.60,95,408
0:44:38,45383.23,2256.63,175412.84,27.00,29.60,96,474
0:45:38,46615.86,2383.71,185310.75,27.30,29.60,93,615
0:46:39,45383.23,2310.22,181005.59,27.30,29.60,93,451
0:47:39,45789.16,2365.11,187500.00,27.50,29.60,95,296
0:48:40,51549.02,2459.63,197281.56,27.40,29.60,101,469
0:49:40,53777.77,2488.75,198830.42,27.20,29.60,93,404
0:50:41,53270.90,2469.29,194219.66,27.20,29.50,116,556
0:51:41,57526.50,2488.75,199609.38,27.20,29.50,108,504
0:52:42,66606.30,2578.34,211670.00,27.10,29.50,103,559
0:53:42,59543.48,2488.75,197281.56,26.90,29.50,101,435
0:54:42,60036.63,2524.89,204771.38,27.20,29.40,113,491
0:55:43,58092.54,2508.37,202755.91,27.10,29.40,130,722
0:56:43,56968.41,2508.37,201964.64,27.20,29.40,105,357
0:57:44,56307.68,2524.89,202371.53,27.30,29.40,123,491
0:58:44,54849.31,2514.29,204761.91,27.40,29.30,104,447
0:59:45,52624.58,2469.85,197276.28,27.50,29.20,102,417
1:0:45,53777.77,2538.11,206759.44,27.60,29.20,112,501
1:1:46,56145.83,2538.11,201176.48,27.70,29.20,105,627
1:2:46,55875.43,2548.10,201176.48,27.80,29.10,103,390
1:3:47,56692.30,2528.15,201964.64,27.90,29.10,106,489
1:4:47,54812.29,2548.10,202755.91,28.00,29.00,104,407
1:5:48,55606.89,2578.34,205952.38,28.20,29.00,113,314
1:6:48,56145.83,2528.15,202755.91,27.90,28.90,103,571
1:7:49,52523.18,2402.45,188973.39,27.80,28.90,102,534
1:8:49,53197.32,2474.43,196124.05,28.40,29.00,107,478
1:9:50,51333.33,2455.60,195348.84,28.20,29.00,106,509
1:10:50,53020.00,2479.00,198054.48,28.40,29.00,103,436
1:11:51,53523.49,2469.29,197281.56,28.20,29.00,113,569
1:12:51,51309.45,2402.45,191204.61,28.20,29.00,97,481
1:13:52,48996.85,2383.71,193461.55,28.20,29.00,166,661
1:14:52,52770.76,2479.00,201964.64,28.40,29.10,105,286
1:15:53,53959.46,2464.73,201571.72,28.10,29.10,104,574
1:16:53,53302.01,2398.36,189312.98,28.00,29.10,103,628
1:17:54,53302.01,2445.96,196887.17,28.10,29.10,105,331
1:18:54,54812.29,2488.75,204347.81,28.00,29.10,111,405
1:19:55,54551.02,2469.29,196511.64,28.00,29.10,100,426
1:20:55,52032.89,2421.35,194219.66,27.90,29.10,108,277
1:21:56,52523.18,2459.63,199609.38,28.10,29.10,102,620
1:22:56,51309.45,2430.86,198054.48,28.20,29.10,106,668
1:23:57,51237.79,2474.43,198440.56,28.30,29.10,102,312
1:24:57,50134.61,2459.63,192706.33,28.30,29.10,116,632
1:25:58,51790.16,2479.00,200391.39,28.30,29.10,101,535
1:26:58,49447.62,2402.45,194219.66,28.20,29.00,104,490
1:27:59,50834.95,2469.29,194219.66,28.30,29.10,104,720
1:28:59,51333.33,2445.96,197660.83,28.00,29.10,106,515
1:30:0,48773.59,2393.06,190458.02,28.10,29.10,99,315
1:31:0,50366.56,2459.63,200391.39,28.10,29.10,104,350
1:32:1,49447.62,2402.45,192706.33,28.00,29.10,143,584
1:33:1,50529.03,2388.57,192322.45,28.30,29.00,114,346
1:34:2,51549.02,2402.45,191954.03,28.10,29.00,97,608
1:35:2,49904.16,2319.28,187500.00,28.10,29.10,103,416
1:36:3,47894.41,2301.20,186767.50,28.20,29.10,110,663
1:37:3,49168.26,2393.85,192678.23,28.40,29.10,102,391
1:38:4,50366.56,2421.35,196511.64,28.30,29.10,103,625
1:39:4,51309.45,2450.00,200391.39,28.30,29.10,101,500
1:40:5,51309.45,2450.00,197281.56,28.30,29.10,101,256
1:41:5,51237.79,2435.88,197665.38,28.30,29.10,105,519
1:42:6,53020.00,2498.54,203550.28,28.40,29.00,107,497
1:43:6,52770.76,2469.29,205952.38,28.40,29.00,102,539
1:44:7,53020.00,2498.54,201964.64,28.20,28.90,99,620
1:45:7,53523.49,2518.24,202755.91,28.20,28.90,107,489
1:46:8,52377.48,2479.58,201178.78,28.40,28.80,100,361
1:47:8,52032.89,2498.54,201964.64,28.50,28.80,100,379
1:48:9,47678.02,2144.79,178888.88,28.70,28.70,102,301
1:49:9,48635.22,2393.46,192692.33,28.60,28.70,132,556
1:50:10,48996.85,2440.41,196511.64,29.00,28.70,101,522
1:51:10,48331.25,2383.71,190458.02,29.10,28.70,151,580
1:52:11,48112.15,2421.35,197281.56,29.10,28.70,103,590
1:53:11,48331.25,2411.89,192706.33,29.10,28.70,99,353
1:54:12,49447.62,2450.00,200391.39,29.20,28.70,99,299
1:55:12,48996.85,2459.63,197281.56,29.20,28.70,100,478
1:56:13,50134.61,2488.75,201176.48,29.20,28.70,98,468
1:57:13,52277.23,2498.54,203550.28,29.20,28.60,101,663
1:58:14,55875.43,2528.15,209200.00,29.20,28.60,105,469
1:59:14,55606.89,2488.75,206759.44,29.20,28.50,99,652
2:0:15,56145.83,2558.14,215010.13,29.30,28.40,98,485
2:1:15,56692.30,2568.22,210843.36,29.40,28.40,104,539
2:2:16,57808.50,2558.14,210020.03,29.50,28.30,94,248
2:3:16,54291.52,2498.54,203550.28,29.70,28.20,98,381
2:4:17,56538.45,2528.84,211693.55,29.70,28.20,126,489
2:5:17,58092.54,2578.34,210020.03,29.60,28.20,100,459
2:6:18,60742.66,2578.34,214170.03,29.70,28.20,96,496
2:7:18,69117.41,2619.27,220987.63,29.70,28.20,98,490
2:8:19,71774.99,2619.27,215010.13,29.70,28.10,96,538
2:9:19,70237.70,2619.27,215853.64,29.80,28.00,94,457
2:10:20,73364.40,2608.97,214170.03,29.90,28.00,96,308
2:11:20,69861.22,2518.24,213333.31,30.00,28.00,94,494
2:12:21,69117.41,2598.72,213333.31,29.60,27.90,96,648
2:13:21,75428.56,2578.34,216700.59,29.70,27.90,93,325
2:14:22,84663.51,2640.00,217551.02,29.60,27.90,96,487
2:15:22,76279.48,2598.72,216700.59,29.70,27.90,104,527
2:16:23,70237.70,2578.34,211670.00,29.80,27.80,108,534
2:17:23,70617.27,2588.51,215010.13,29.90,27.80,93,386
2:18:24,66606.30,2548.10,212500.00,29.90,27.90,97,603
2:19:24,66258.83,2528.15,210843.36,30.00,27.90,92,465
2:20:25,65914.06,2548.10,207569.72,29.70,27.90,99,430
2:21:25,68750.00,2588.51,215010.13,29.70,27.90,95,360
2:22:26,63250.00,2538.11,207569.72,29.80,27.90,102,304
2:23:26,62292.14,2518.24,208383.23,30.00,28.00,92,396
2:24:27,61665.43,2538.11,209200.00,30.00,28.00,119,686
2:25:27,58666.68,2479.00,204347.81,30.00,28.00,100,629
2:26:28,60058.40,2553.49,210441.75,30.00,28.00,106,331
2:27:28,61047.98,2528.15,208383.23,29.90,28.00,115,761
2:28:29,64229.88,2558.14,210020.03,29.70,28.00,102,30380
2:29:29,67665.34,2608.97,213333.31,29.50,28.00,100,459
2:30:30,78026.68,2629.61,221855.70,29.30,28.10,99,551
2:31:30,78473.22,2619.27,219262.27,29.10,28.00,99,425
2:32:31,90530.00,2682.00,225363.83,29.10,28.00,110,306
2:33:31,95717.27,2677.22,218852.44,29.10,28.00,107,515
2:34:32,95218.74,2703.27,225363.83,28.80,27.90,176,457
2:35:32,106605.70,2735.53,228930.83,28.80,27.90,112,351
2:36:32,100502.72,2705.47,222821.55,28.70,27.90,98,317
2:37:33,93415.38,2660.91,224481.34,28.80,27.80,98,261
2:38:33,93415.38,2619.27,216700.59,28.90,27.90,103,298
2:39:34,91095.48,2650.43,218404.89,28.90,27.80,107,467
2:40:34,95486.90,2678.26,221487.59,28.80,27.90,106,292
2:41:35,99654.04,2703.27,228033.48,28.90,27.90,103,585
2:42:35,109356.70,2725.88,223651.47,28.80,27.90,102,409
2:43:36,106605.70,2692.61,221855.70,28.60,27.90,105,479
2:44:36,111041.40,2666.67,220576.11,28.70,27.90,112,637
2:45:37,115231.68,2724.73,226250.00,28.60,27.90,93,368
2:46:37,97712.76,2598.72,214170.03,28.60,27.90,108,540
2:47:38,105874.98,2713.97,225363.83,28.80,27.90,101,277
2:48:38,110388.21,2703.27,219262.27,28.60,27.90,101,348
2:49:39,113866.64,2694.76,224583.34,28.90,28.00,101,444
2:50:39,114829.24,2710.28,220618.55,28.60,27.90,98,241
2:51:40,105028.23,2635.27,217995.89,28.60,27.90,101,382
2:52:40,112766.44,2660.91,222727.30,28.70,27.90,109,310
2:53:41,108848.82,2640.00,218404.89,28.60,27.90,101,402
2:54:41,101175.81,2662.91,221074.38,28.90,28.00,105,389
2:55:42,109614.02,2692.61,226250.00,29.00,28.00,100,413
2:56:42,106605.70,2671.43,228033.48,29.00,28.00,104,237
2:57:43,121350.27,2779.20,228930.83,28.90,28.00,99,281
2:58:43,117242.20,2748.79,226359.84,28.50,28.00,127,435
2:59:44,119547.13,2757.27,230736.84,28.50,28.00,99,394
3:0:44,118662.46,2746.37,231645.58,28.50,28.00,105,396
3:1:45,121350.27,2724.73,225363.83,28.50,28.00,98,454
3:2:45,142277.41,2757.27,229831.95,28.50,28.10,102,387
3:3:46,135384.66,2746.37,230736.84,28.40,28.00,96,390
3:4:46,122269.19,2703.27,222727.30,28.50,28.00,100,274
3:5:47,120443.00,2692.61,228033.48,28.60,28.00,106,451
3:6:47,115097.53,2687.83,223188.42,28.60,28.00,103,388
3:7:48,110388.21,2671.43,220123.17,28.60,28.00,100,346
3:8:48,106354.27,2661.90,221030.92,28.60,28.00,97,331
3:9:49,116073.59,2713.97,226250.00,28.60,28.00,105,378
3:10:49,111171.57,2671.43,222727.30,28.50,28.00,103,465
3:11:50,106605.70,2682.00,223602.50,28.60,28.00,100,296
3:12:50,113578.28,2746.37,227139.89,28.70,28.00,105,463
3:13:51,108848.82,2692.61,224481.34,28.50,28.00,99,404
3:14:51,105874.98,2703.27,220987.63,28.60,28.00,103,257
3:15:52,107344.80,2757.27,226250.00,28.60,28.00,101,470
3:16:52,102342.53,2703.27,225363.83,28.50,28.00,101,345
3:17:53,93076.92,2494.56,214634.13,28.50,28.00,94,335
3:18:53,93415.38,2650.43,218404.89,28.50,28.00,99,417
3:19:54,97882.34,2694.76,220206.17,28.50,28.10,102,316
3:20:54,95832.45,2671.43,221855.70,28.60,28.00,99,433
3:21:55,89970.15,2640.00,216700.59,28.70,28.00,99,374
3:22:55,91095.48,2660.91,218404.89,28.80,28.00,98,252
3:23:56,92243.65,2692.61,220123.17,28.80,28.00,93,477
3:24:56,88323.52,2640.00,215853.64,28.90,28.00,98,290
3:25:57,79837.11,2568.22,209200.00,28.90,28.00,98,472
3:26:57,83849.06,2646.65,218891.14,29.00,28.00,100,349
3:27:58,96221.05,2672.45,221900.81,29.10,28.00,96,377
3:28:58,96336.84,2666.67,221443.28,28.90,28.00,98,274
3:29:59,95218.74,2671.43,218404.89,28.60,27.90,100,295
3:30:59,98999.99,2682.00,219262.27,28.60,27.90,97,384
3:32:0,105374.98,2737.89,228151.28,28.60,27.90,102,384
3:33:0,102099.44,2725.88,223651.47,28.50,27.90,92,423
3:34:1,115231.68,2746.37,222727.30,28.50,27.90,96,412
3:35:1,107344.80,2724.73,222727.30,28.50,27.80,97,449
3:36:2,118662.46,2768.21,229831.95,28.60,27.80,97,405
3:37:2,117788.78,2703.27,221855.70,28.60,27.80,94,462
3:38:3,113578.28,2724.73,222727.30,28.60,27.80,98,456
3:39:3,128040.05,2779.20,226250.00,28.70,27.80,92,270
3:40:4,143000.03,2775.61,230379.77,28.60,27.80,114,467
3:41:4,102342.53,2548.10,210020.03,28.50,27.80,102,200
3:42:5,107583.79,2684.10,218480.47,28.90,27.80,90,356
3:43:5,108465.09,2678.26,218032.77,28.80,27.80,103,439
3:44:6,102342.53,2660.91,217551.02,28.80,27.80,90,367
3:45:6,102342.53,2619.27,214170.03,28.80,27.80,94,408
3:46:7,112634.70,2730.70,220576.11,28.90,27.80,91,401
3:47:7,111964.26,2713.97,221855.70,28.70,27.80,101,467
3:48:8,99654.04,2598.72,211670.00,28.70,27.80,100,542
3:49:8,108092.46,2682.00,218404.89,28.80,27.80,96,403
3:50:9,95832.45,2393.06,201964.64,28.70,27.80,95,473
3:51:9,117788.78,2713.97,222727.30,28.70,27.80,91,387
3:52:10,119547.13,2735.53,226250.00,28.50,27.80,97,348
3:53:10,116925.89,2660.91,214170.03,28.50,27.80,98,316
3:54:11,122269.19,2746.37,220987.63,28.70,27.80,94,466
3:55:11,127453.28,2737.89,225469.73,28.60,27.80,104,316
3:56:12,119270.40,2693.68,219301.81,28.60,27.80,104,336
3:57:12,116925.89,2692.61,225363.83,28.60,27.80,96,291
3:58:13,116073.59,2713.97,220123.17,28.70,27.80,96,349
3:59:13,114399.97,2629.61,214170.03,28.70,27.80,104,363
4:0:13,111171.57,2682.00,217551.02,28.70,27.80,101,388
4:1:14,103731.83,2660.91,219262.27,28.60,27.90,96,277
4:2:14,100076.08,2569.00,209218.44,28.70,27.90,102,280
4:3:15,101659.33,2660.91,215853.64,28.90,27.90,107,288
4:4:15,91095.48,2588.51,215853.64,28.80,27.90,111,391
4:5:16,72167.35,2459.63,201964.64,28.90,27.90,98,317
4:6:16,84160.38,2640.00,216700.59,29.10,27.90,103,445
4:7:17,118662.46,2746.37,222727.30,28.90,27.90,106,417
4:8:17,130067.62,2790.24,229831.95,28.40,27.90,99,271
4:9:18,153828.16,2857.53,229831.95,28.40,27.90,105,284
4:10:18,153828.16,2823.66,226250.00,28.50,27.80,98,283
4:11:19,144806.00,2800.45,230508.48,28.60,27.70,105,341
4:12:19,170689.69,2845.60,238876.91,28.60,27.70,103,284
4:13:20,153828.16,2812.47,229831.95,28.70,27.70,100,246
4:14:20,153828.16,2823.66,234394.92,28.70,27.60,100,396
4:15:21,149801.56,2801.33,234394.92,28.80,27.60,99,337
4:16:21,138757.19,2757.27,227139.89,28.80,27.60,102,424
4:17:22,149633.63,2875.39,235820.91,29.00,27.60,102,302
4:18:22,147218.08,2801.33,235319.14,28.90,27.60,105,289
4:19:23,156619.08,2768.21,228033.48,28.90,27.50,99,431
4:20:23,144711.16,2790.24,232558.16,28.90,27.50,119,451
4:21:24,151123.11,2823.66,230736.84,29.00,27.50,100,250
4:22:24,151123.11,2801.33,232558.16,29.00,27.50,99,234
4:23:25,130952.43,2666.67,220576.11,29.00,27.50,106,230
4:24:25,139913.70,2779.20,228930.83,29.10,27.50,105,319
4:25:26,177168.16,2891.85,240948.28,29.20,27.50,111,391
4:26:26,153828.16,2846.19,239055.80,29.10,27.50,106,322
4:27:27,164000.02,2868.92,238115.63,29.10,27.50,104,426
4:28:27,162475.44,2846.19,236247.34,29.10,27.50,101,267
4:29:28,162295.11,2852.58,240517.25,29.20,27.50,105,366
4:30:28,168169.50,2854.05,237768.23,29.20,27.40,103,334
4:31:29,164000.02,2915.00,237179.50,29.30,27.40,102,489
4:32:29,168355.95,2916.63,245851.53,29.30,27.40,200,564
4:33:30,173704.38,2926.65,246724.89,29.40,27.30,109,324
4:34:30,186388.91,2973.79,243817.78,29.50,27.30,106,455
4:35:31,160975.64,2823.66,233474.58,29.60,27.20,103,381
4:36:31,182200.02,2859.01,238197.42,29.70,27.20,104,423
4:37:32,196077.67,2975.58,242950.11,29.70,27.20,105,371
4:38:32,190320.77,2880.36,235319.14,29.80,27.10,102,386
4:39:33,190113.22,2956.88,245315.91,29.90,27.10,99,308
4:40:33,188336.47,2915.00,242857.14,30.00,27.00,106,299
4:41:34,161934.45,2820.13,234042.55,30.10,27.00,105,351
4:42:34,194403.84,2926.65,244782.61,30.20,27.00,101,376
4:43:35,158967.78,2820.13,232203.39,30.20,27.00,101,314
4:44:35,138757.19,2548.10,223602.50,30.20,27.00,114,588
4:45:36,158048.03,2868.92,231645.58,30.00,27.00,102,304
4:46:36,165550.02,2857.53,236247.34,30.20,27.00,98,449
4:47:37,152465.16,2812.47,236247.34,30.00,26.90,110,503
4:48:37,153828.16,2834.90,230736.84,30.00,26.90,105,328
4:49:38,143485.33,2746.37,227139.89,30.30,27.00,108,425
4:50:38,144711.16,2790.24,230736.84,30.40,27.00,99,609
4:51:39,151123.11,2812.47,234394.92,30.40,27.00,106,390
4:52:39,148500.03,2903.40,236247.34,30.30,27.00,102,393
4:53:40,162475.44,2868.92,236247.34,30.40,27.00,101,386
4:54:40,165550.02,2880.36,238115.63,30.00,26.90,100,453
4:55:41,147218.08,2768.21,224481.34,30.10,26.90,99,291
4:56:41,138757.19,2757.27,224481.34,30.10,26.90,103,348
4:57:42,147218.08,2790.24,228930.83,30.20,26.90,102,333
4:58:42,169606.86,2871.95,240172.80,30.30,26.90,96,250
4:59:43,143485.33,2746.37,227139.89,30.30,26.90,99,436
5:0:43,170310.38,2858.50,232409.39,30.40,26.90,103,354
5:1:44,160975.64,2823.66,238115.63,30.50,26.90,95,434
5:2:44,145134.36,2799.11,235042.75,30.50,26.90,99,507
5:3:45,138757.19,2671.43,208383.23,30.60,26.90,99,386
5:4:45,144385.22,2736.70,242950.11,30.50,26.80,95,299
5:5:46,162475.44,2891.85,238115.63,30.60,26.90,99,445
5:6:46,182000.02,2958.62,244444.45,30.80,26.80,97,310
5:7:47,162475.44,2768.21,234394.92,30.90,26.80,106,532
5:8:47,191714.30,2923.29,245414.84,30.90,26.80,93,286
5:9:48,190320.77,2926.65,240000.00,31.00,26.70,98,300
5:10:48,177168.16,2938.36,239055.80,31.00,26.70,98,466
5:11:49,205333.33,2950.11,242857.14,31.10,26.70,93,337
5:12:49,173704.38,2891.85,238115.63,31.20,26.70,94,506
5:13:49,200831.69,3009.72,243817.78,31.20,26.70,95,298
5:14:50,192342.88,2915.00,237179.50,31.30,26.70,102,355
5:15:50,182600.02,2880.36,241900.66,31.30,26.70,105,444
5:16:51,196504.86,2961.93,245751.64,31.20,26.70,94,304
5:17:51,194192.31,2886.88,235820.91,31.30,26.70,101,519
5:18:52,176389.41,2792.87,238279.58,31.20,26.70,93,385
5:19:52,207204.06,2963.68,250772.63,31.20,26.70,91,477
5:20:53,212437.48,2926.65,228033.48,31.20,26.70,99,403
5:21:53,178946.44,2880.36,229831.95,31.10,26.70,106,439
5:22:54,160975.64,2801.33,230736.84,31.10,26.70,102,260
5:23:54,160975.64,2868.92,230736.84,31.20,26.80,101,393
5:24:55,147218.08,2746.37,230736.84,31.10,26.80,94,396
5:25:55,153828.16,2812.47,228033.48,31.20,26.80,105,358
5:26:56,166756.33,2881.90,233545.66,31.10,26.80,102,494
5:27:56,167126.08,2868.92,237179.50,31.00,26.80,92,337
5:28:57,198647.05,2915.00,240948.28,31.00,26.80,169,515
5:29:57,212437.48,2973.79,239055.80,30.90,26.80,108,310
5:30:58,155212.64,2692.61,229831.95,30.80,26.80,107,363
5:31:58,158048.03,2790.24,228033.48,30.70,26.80,104,363
5:32:59,151123.11,2757.27,225363.83,30.90,26.90,96,364
5:33:59,147218.08,2790.24,226250.00,30.90,26.90,110,365
5:35:0,123199.95,2640.00,218404.89,31.00,26.90,109,333
5:36:0,119547.13,2703.27,219262.27,31.10,26.90,103,420
5:37:1,126609.23,2753.64,228571.45,31.60,27.00,99,390
5:38:1,143485.33,2790.24,234394.92,31.20,26.90,110,314
5:39:2,127046.41,2757.27,221855.70,31.70,27.00,107,422
5:40:2,121350.27,2682.00,223602.50,31.70,27.00,102,281
5:41:3,144711.16,2671.43,228033.48,31.80,27.00,105,441
5:42:3,132000.05,2666.67,224948.03,31.80,27.00,112,381
5:43:4,111964.26,2598.72,213333.31,31.90,27.00,100,265
5:44:4,144711.16,2757.27,223602.50,31.90,27.00,65,382
5:45:5,137617.06,2779.20,225363.83,32.10,27.00,112,424
5:46:5,151123.11,2801.33,241900.66,32.10,27.00,98,385
5:47:6,177168.16,2834.90,228033.48,32.20,27.00,107,429
5:48:6,194403.84,2938.36,246724.89,31.90,26.90,123,392
5:49:7,194403.84,2891.85,237179.50,32.10,26.80,103,380
5:50:7,182600.02,2812.47,234394.92,32.20,26.70,105,385
5:51:8,203060.00,2915.00,239055.80,32.50,26.60,109,280
5:52:8,156444.48,2563.56,213765.17,32.70,26.60,104,423
5:53:9,194403.84,2846.19,240000.00,32.20,26.60,115,507
5:54:9,213978.94,3037.85,255928.41,32.90,26.50,102,427
5:55:10,198647.05,3009.72,248684.22,33.20,26.40,116,512
5:56:10,198647.05,2868.92,249670.31,33.50,26.30,99,532
5:57:11,182600.02,2938.36,236247.34,33.60,26.20,113,425
5:58:11,177168.16,2891.85,237179.50,33.70,26.20,103,273
5:59:12,188336.47,2915.00,244782.61,33.90,26.10,114,415
6:0:12,172017.27,2801.33,225363.83,34.10,26.10,97,511
6:1:13,138600.05,2624.89,231223.64,34.10,26.10,103,449
6:2:13,153828.16,2823.66,239055.80,33.60,26.20,104,395
6:3:14,168728.83,2857.53,241900.66,34.00,26.10,101,488
6:4:14,196504.86,2915.00,242857.14,34.10,26.20,100,439
6:5:15,178946.44,2768.21,232558.16,34.20,26.10,115,410
6:6:15,160975.64,2757.27,217551.02,33.90,26.20,102,281
6:7:16,152465.16,2757.27,240000.00,33.80,26.10,101,251
6:8:16,153828.16,2801.33,229831.95,34.00,26.10,101,377
6:9:17,161934.45,2900.00,242516.27,34.10,26.10,103,329
6:10:17,131102.09,2619.27,228930.83,34.20,26.10,97,573
6:11:18,203999.98,2991.18,255033.56,33.80,26.20,97,376
6:12:18,157872.03,2818.75,230315.80,34.10,26.10,94,279
6:13:19,144711.16,2790.24,233474.58,34.30,26.10,108,390
6:14:19,168728.83,2857.53,240000.00,34.30,26.10,101,435
6:15:19,143485.33,2671.43,224481.34,34.30,26.10,99,316
6:16:20,148500.03,2779.20,232558.16,33.90,26.10,105,360
6:17:20,159500.03,2903.40,235319.14,34.10,26.10,102,377
6:18:21,182600.02,2938.36,243817.78,34.20,26.10,100,379
6:19:21,167126.08,2857.53,235319.14,34.20,26.10,108,463
6:20:22,171827.61,2921.64,247264.78,34.30,26.00,96,30346
6:21:22,160975.64,2868.92,233474.58,34.40,26.10,102,341
6:22:23,186185.20,2945.08,246288.20,34.40,26.00,99,291
6:23:23,152294.61,2841.26,236752.14,34.50,26.00,99,355
6:24:24,159500.03,2903.40,235319.14,34.50,26.00,104,377
6:25:24,136493.00,2757.27,229831.95,34.60,26.00,103,392
6:26:25,141087.00,2823.66,238115.63,34.10,25.90,97,517
6:27:25,138757.19,2812.47,233474.58,34.30,25.90,99,418
6:28:26,141087.00,2834.90,236247.34,34.30,25.90,105,551
6:29:26,141087.00,2834.90,235319.14,34.70,26.00,103,440
6:30:27,129047.02,2846.19,239055.80,34.30,25.90,96,334
6:31:27,158967.78,2911.62,240604.77,34.30,25.90,90,459
6:32:28,155039.41,2898.41,241468.69,34.40,25.90,100,471
6:33:28,141087.00,2812.47,232558.16,34.40,25.90,94,308
6:34:29,126900.71,2785.37,235820.91,34.40,25.80,93,442
6:35:29,119408.77,2774.34,231223.64,34.50,25.80,94,489
6:36:30,133062.11,2752.42,235820.91,34.60,25.90,94,358
6:37:30,141087.00,2823.66,234394.92,34.40,25.90,96,385
6:38:31,114399.97,2713.97,228033.48,34.50,25.90,111,402
6:39:31,106605.70,2703.27,227139.89,34.40,25.90,112,471
6:40:32,116073.59,2757.27,228033.48,34.50,25.90,92,365
6:41:32,134291.70,2857.53,237179.50,34.40,25.90,88,313
6:42:33,116925.89,2757.27,228930.83,34.80,26.00,93,308
6:43:33,131102.09,2857.53,240948.28,34.80,26.00,98,563
6:44:34,122269.19,2768.21,228930.83,34.40,25.90,99,585
6:45:34,124142.81,2746.37,231645.58,34.40,25.90,114,448
6:46:35,127453.28,2815.21,237339.05,34.60,25.90,95,368
6:47:35,103033.32,2558.14,218404.89,34.60,25.90,97,420
6:48:36,112634.70,2719.91,221443.28,34.10,25.90,98,552
6:49:36,113578.28,2703.27,222727.30,34.70,25.90,100,432
6:50:37,125098.09,2779.20,236247.34,34.70,25.90,99,527
6:51:37,115803.65,2758.50,228991.61,34.60,25.90,105,460
6:52:38,104067.40,2544.19,210462.77,34.60,25.90,99,387
6:53:38,127046.41,2846.19,240948.28,34.10,25.90,99,489
6:54:39,126065.84,2779.20,235319.14,34.90,26.00,98,470
6:55:39,101659.33,2640.00,227139.89,34.60,25.90,99,249
6:56:40,107838.13,2769.47,230801.70,34.20,25.90,105,351
6:57:40,128040.05,2834.90,241900.66,34.60,25.90,106,463
6:58:41,121846.11,2808.93,237768.23,34.60,25.80,122,685
6:59:41,111171.57,2757.27,228930.83,34.60,25.80,102,302
7:0:42,147218.08,2846.19,239055.80,34.70,25.80,97,377
7:1:42,155212.64,2868.92,244782.61,34.60,25.80,97,416
7:2:43,126065.84,2735.53,228033.48,34.60,25.80,102,410
7:3:43,115668.68,2667.68,219753.06,34.70,25.80,101,328
7:4:44,130067.62,2812.47,235319.14,35.00,25.80,107,361
7:5:44,133213.84,2823.66,237179.50,34.90,25.80,111,349
7:6:45,125098.09,2823.66,237179.50,34.80,25.70,107,320
7:7:45,125631.53,2820.13,234042.55,35.00,25.70,103,391
7:8:46,117788.78,2768.21,235319.14,35.00,25.70,106,463
7:9:46,114399.97,2757.27,232558.16,35.00,25.70,97,317
7:10:47,135384.66,2812.47,232558.16,35.00,25.80,103,329
7:11:47,128040.05,2692.61,226250.00,35.00,25.80,111,422
7:12:47,125098.09,2790.24,234394.92,34.80,25.70,96,355
7:13:48,126065.84,2823.66,237179.50,35.10,25.70,118,419
7:14:48,115975.27,2789.29,232340.42,35.20,25.80,104,222
7:15:49,123199.95,2891.85,241900.66,35.10,25.70,102,512
7:16:49,115231.68,2768.21,231645.58,35.30,25.80,112,424
7:17:50,111964.26,2779.20,230736.84,35.00,25.80,103,392
7:18:50,118662.46,2812.47,232558.16,35.00,25.80,122,461
7:19:51,120303.76,2807.57,236752.14,35.10,25.80,108,284
7:20:51,113578.28,2790.24,236247.34,35.20,25.80,130,473
7:21:52,111171.57,2768.21,233474.58,35.30,25.80,101,403
7:22:52,118662.46,2812.47,235319.14,35.20,25.80,98,385
7:23:53,122348.34,2839.19,242173.92,35.20,25.80,100,552
7:24:53,111171.57,2801.33,233474.58,35.20,25.80,110,804
7:25:54,114560.95,2832.81,239740.83,35.40,25.80,112,452
7:26:54,111171.57,2790.24,237179.50,35.40,25.80,107,525
7:27:55,111171.57,2801.33,229831.95,35.00,25.80,98,530
7:28:55,107965.30,2741.54,227615.08,35.10,25.80,124,484
7:29:56,119270.40,2802.67,230801.70,35.00,25.80,124,503
7:30:56,119547.13,2790.24,240000.00,35.20,25.80,99,335
7:31:57,132150.73,2834.90,233474.58,35.00,25.80,105,458
7:32:57,142277.41,2880.36,244782.61,34.80,25.90,97,557
7:33:58,126065.84,2682.00,233474.58,34.80,25.90,109,412
7:34:58,139438.89,2911.62,243478.27,34.40,25.90,97,360
7:35:59,132000.05,2841.26,242424.25,34.80,25.90,101,407
7:36:59,129047.02,2846.19,234394.92,34.80,25.90,134,399
7:38:0,143485.33,2868.92,238115.63,34.90,25.90,103,217
7:39:0,151123.11,2891.85,238115.63,34.90,25.90,101,529
7:40:1,138757.19,2846.19,235319.14,35.10,25.90,96,354
7:41:1,115938.62,2730.70,227615.08,35.00,25.80,103,464
7:42:2,112634.70,2741.54,226722.34,35.10,25.90,102,544
7:43:2,136493.00,2915.00,239055.80,35.00,25.90,101,384
7:44:3,123714.24,2753.64,232203.39,35.00,25.90,97,281
7:45:3,149297.75,2876.92,234968.03,34.90,25.90,98,492
7:46:4,139913.70,2801.33,231645.58,35.40,26.00,105,332
7:47:4,149297.75,2831.39,232203.39,35.00,25.90,102,413
7:48:5,149465.69,2847.64,235394.47,35.50,26.00,100,390
7:49:5,134291.70,2779.20,229831.95,35.10,25.90,112,527
7:50:6,134291.70,2790.24,227139.89,35.10,25.90,100,358
7:51:6,156269.88,2916.63,239139.78,35.30,25.90,100,512
7:52:7,134291.70,2812.47,228033.48,35.20,25.90,99,391
7:53:7,158967.78,2946.79,242516.27,35.70,26.00,103,520
7:54:8,193769.23,3030.77,248351.64,35.10,25.90,97,379
7:55:8,165550.02,2891.85,238115.63,35.10,25.90,101,549
7:56:9,169794.91,2911.62,245414.84,35.30,25.90,96,443
7:57:9,153828.16,2846.19,233474.58,35.50,25.90,98,702
7:58:10,159500.03,2880.36,238115.63,35.50,25.90,97,425
7:59:10,148500.03,2823.66,237179.50,35.40,25.90,98,592
8:0:11,145134.36,2787.97,244541.48,35.40,25.90,93,464
8:1:11,148333.38,2796.44,234893.61,35.20,25.90,92,416
8:2:12,182000.02,3030.77,245414.84,35.50,25.90,105,351
8:3:12,186388.91,2961.93,246724.89,35.60,26.00,94,451
8:4:13,160975.64,2801.33,236247.34,35.20,25.90,91,375
8:5:13,151123.11,2779.20,232558.16,34.80,25.90,100,609
8:6:14,151612.44,2866.97,235042.75,35.00,25.90,96,354
8:7:14,167126.08,2950.11,240948.28,35.40,25.90,94,504
8:8:14,173704.38,2891.85,241900.66,35.50,25.90,100,479
8:9:15,140289.89,2565.11,212145.75,35.40,25.80,93,305
8:10:15,165550.02,2868.92,234394.92,34.20,25.90,94,372
8:11:16,165000.02,2865.46,231289.66,35.20,25.90,97,575
8:12:16,185777.80,2923.29,240604.77,35.40,25.90,98,430
8:13:17,160975.64,2812.47,243817.78,35.00,25.90,90,390
8:14:17,186185.20,2910.00,236752.14,35.00,25.90,98,518
8:15:18,124142.81,2568.22,221855.70,35.40,25.90,101,373
8:16:18,152294.61,2807.57,243383.94,34.80,25.90,95,291
8:17:19,173704.38,2812.47,227139.89,35.10,25.90,95,375
8:18:19,173704.38,2834.90,234394.92,35.30,26.00,99,429
8:19:20,180756.78,2961.93,241900.66,35.20,26.00,115,616
8:20:20,144711.16,2735.53,207569.72,35.60,26.00,116,497
8:21:21,178946.44,2903.40,237179.50,35.00,26.00,97,592
8:22:21,175228.09,2863.96,233050.84,35.80,26.00,110,563
8:23:22,182200.02,2928.31,238197.42,35.50,25.90,106,411
8:24:22,185574.09,2941.74,249889.63,35.60,26.00,100,374
8:25:23,182600.02,2880.36,221855.70,35.20,26.00,94,275
8:26:23,185777.80,2970.51,242516.27,35.40,26.00,113,477
8:27:24,158048.03,2779.20,230736.84,35.60,26.00,105,291
8:28:24,158048.03,2703.27,224481.34,35.50,26.00,115,471
8:29:25,141087.00,2619.27,228930.83,35.00,26.00,106,463
8:30:25,182200.02,2951.83,238197.42,35.00,26.10,101,343
8:31:26,194192.31,2956.88,247264.78,35.40,26.10,101,484
8:32:26,184477.08,2915.00,244782.61,35.20,26.10,105,318
8:33:27,192133.34,2968.74,236752.14,35.60,26.10,111,424
8:34:27,158048.03,2812.47,228033.48,36.00,26.10,107,362
8:35:28,170359.00,2812.47,235319.14,36.10,26.10,98,425
8:36:28,161934.45,2831.39,232203.39,35.50,26.10,100,417
8:37:29,171827.61,2886.88,236752.14,35.60,26.10,96,318
8:38:29,192342.88,2891.85,231645.58,36.00,26.10,106,523
8:39:30,163818.20,2774.34,222314.08,35.60,26.20,108,389
8:40:30,173704.38,2926.65,240000.00,35.50,26.20,101,424
8:41:31,196504.86,3021.81,242857.14,35.50,26.20,106,348
8:42:31,210020.61,3046.15,251655.63,35.30,26.20,101,465
8:43:32,191714.30,2854.05,241558.45,35.00,26.20,102,365
8:44:32,214905.25,3046.15,246724.89,35.00,26.20,102,428
8:45:33,194403.84,2915.00,239055.80,35.20,26.30,102,331
8:46:33,152465.16,2682.00,225363.83,35.10,26.50,108,338
8:47:34,190320.77,2891.85,225363.83,34.10,26.90,102,518
8:48:34,203060.00,2926.65,243817.78,33.90,27.40,95,455
8:49:35,220956.50,2938.39,242701.53,33.00,28.00,111,434
8:50:35,190320.77,2735.53,239055.80,31.60,28.60,111,571
8:51:36,212437.48,2926.65,242857.14,30.50,29.10,97,292
8:52:36,185777.80,2786.67,236830.83,29.90,29.60,101,404
8:53:37,198647.05,2926.65,238115.63,29.00,29.90,101,334
8:54:37,207653.05,2938.36,240948.28,29.00,30.20,108,404
8:55:38,178946.44,2790.24,233474.58,28.60,30.50,95,356
8:56:38,182400.02,2898.41,240517.25,28.00,30.80,92,461
8:57:39,167126.08,2812.47,227139.89,28.10,31.00,93,311
8:58:39,156619.08,2746.37,226250.00,28.10,31.20,88,436
8:59:40,148500.03,2671.43,220987.63,27.90,31.50,85,498
9:0:40,141087.00,2671.43,215853.64,27.60,31.80,86,310
9:1:40,170359.00,2846.19,229831.95,27.40,32.10,83,304
9:2:41,160975.64,2812.47,227139.89,26.70,32.30,82,461
9:3:41,184477.08,2868.92,235319.14,26.90,32.30,84,437
9:4:42,175421.08,2779.20,228033.48,26.70,32.10,81,455
9:5:42,159500.03,2757.27,224481.34,26.90,31.80,84,339
9:6:43,139280.63,2569.79,196498.06,27.40,31.50,85,492
9:7:43,141087.00,2768.21,233474.58,27.80,31.20,81,325
9:8:44,134291.70,2703.27,222727.30,27.90,31.00,83,474
9:9:44,140608.73,2504.40,200000.00,27.70,30.70,83,493
9:10:45,136493.00,2682.00,223602.50,27.80,30.40,83,469
9:11:45,141087.00,2746.37,224481.34,28.50,30.20,82,415
9:12:46,170170.97,2796.44,225833.34,28.80,30.00,86,330
9:13:46,144711.16,2757.27,224481.34,28.70,29.80,86,446
9:14:47,170359.00,2779.20,222727.30,29.00,29.70,113,654
9:15:47,119547.13,2518.24,210020.03,29.20,29.50,87,518
9:16:48,115231.68,2650.43,211670.00,29.40,29.60,84,480
9:17:48,109614.02,2578.34,202755.91,29.70,29.60,83,401
9:18:49,143485.33,2640.00,225363.83,29.40,29.60,86,286
9:19:49,199306.92,2950.23,232340.42,28.80,29.60,122,557
9:20:50,170170.97,2829.98,226722.34,28.70,29.50,105,458
9:21:50,128040.05,2459.63,207569.72,29.00,29.50,90,338
9:22:51,177168.16,2857.53,229831.95,29.10,29.40,85,385
9:23:51,167126.08,2857.53,230736.84,29.40,29.40,85,536
9:24:52,139280.63,2641.90,218480.47,29.70,29.30,88,416
9:25:52,147218.08,2703.27,221855.70,29.90,29.30,86,499
9:26:53,175421.08,2801.33,228930.83,29.80,29.30,82,310
9:27:53,175421.08,2724.73,221855.70,29.70,29.40,86,517
9:28:54,153484.41,2725.88,221030.92,29.60,29.40,83,445
9:29:54,117788.78,2469.29,208383.23,29.80,29.40,80,255
9:30:55,135384.66,2650.43,214170.03,29.60,29.60,83,413
9:31:55,142277.41,2682.00,219262.27,29.30,29.70,85,472
9:32:56,151123.11,2703.27,212500.00,29.00,29.80,79,455
9:33:56,122269.19,2598.72,203550.28,28.70,29.90,84,421
9:34:57,120443.00,2568.22,204347.81,28.90,30.00,83,645
9:35:57,144711.16,2650.43,215853.64,28.50,30.00,81,519
9:36:58,168728.83,2790.24,223602.50,28.30,30.00,83,387
9:37:58,148500.03,2703.27,210020.03,28.30,30.00,86,441
9:38:59,120929.89,2646.65,212121.20,28.30,29.90,81,498
9:39:59,104903.93,2538.82,201968.50,28.60,29.90,58,318
9:41:0,103731.83,2528.15,206759.44,28.70,30.00,84,504
9:42:0,108848.82,2629.61,206759.44,28.50,30.00,97,490
9:43:1,117788.78,2692.61,220987.63,28.30,30.10,83,651
9:44:1,122269.19,2703.27,219262.27,28.20,30.20,81,392
9:45:2,114829.24,2615.45,210462.77,28.20,30.20,84,339
9:46:2,104438.19,2588.51,205952.38,28.20,30.30,90,564
9:47:3,118662.46,2692.61,212500.00,28.20,30.40,93,483
9:48:3,141087.00,2779.20,219262.27,28.10,30.40,94,436
9:49:4,111964.26,2608.97,209200.00,27.80,30.40,88,515
9:50:4,103486.02,2569.00,210040.16,28.00,30.50,95,674
9:51:5,103731.83,2538.11,207569.72,28.00,30.50,107,541
9:52:5,115533.71,2705.47,216768.89,28.10,30.60,92,381
9:53:6,89970.15,2383.71,195744.69,27.80,30.60,88,257
9:54:6,127046.41,2692.61,219262.27,28.00,30.60,90,376
9:55:7,111833.30,2624.89,212929.28,27.70,30.60,92,635
9:56:7,122269.19,2660.91,215010.13,27.90,30.50,94,628
9:57:8,155212.64,2768.21,219262.27,27.40,30.60,94,437
9:58:8,121350.27,2608.97,208383.23,27.20,30.50,111,368
9:59:9,119547.13,2640.00,211670.00,27.70,30.50,90,321
10:0:9,143485.33,2790.24,222727.30,27.60,30.50,99,336
10:1:10,135384.66,2703.27,215853.64,27.50,30.50,96,427
10:2:10,151123.11,2650.43,219262.27,27.50,30.40,107,569
10:3:11,135384.66,2660.91,216700.59,27.50,30.40,100,559
10:4:11,138757.19,2671.43,212500.00,27.70,30.30,96,335
10:5:12,128751.72,2640.95,210865.17,27.80,30.30,105,455
10:6:12,143485.33,2735.53,211670.00,27.90,30.30,96,338
10:7:13,128040.05,2660.91,215010.13,27.80,30.30,103,403
10:8:13,121350.27,2660.91,206759.44,27.80,30.30,101,310
10:9:14,165550.02,2703.27,227139.89,27.90,30.30,96,453
10:10:14,156619.08,2746.37,231645.58,27.50,30.20,94,219
10:11:15,184073.41,2928.31,235394.47,27.50,30.10,94,208
10:12:15,168728.83,2735.53,235319.14,27.60,30.00,96,558
10:13:16,194403.84,2926.65,232558.16,27.70,30.00,123,484
10:14:16,160796.78,2763.36,221443.28,27.40,29.90,96,319
10:15:17,153828.16,2746.37,223602.50,27.80,29.80,92,363
10:16:17,200831.69,2868.92,220123.17,27.90,29.80,109,613
10:17:17,178946.44,2768.21,222727.30,27.40,29.80,93,269
10:18:18,182600.02,2834.90,233474.58,27.60,29.80,98,336
10:19:18,180756.78,2768.21,234394.92,27.60,29.80,90,312
10:20:19,191923.83,2870.43,237259.09,27.50,29.80,102,354
10:21:19,177168.16,2834.90,225363.83,27.50,29.70,92,427
10:22:20,214905.25,2985.71,235319.14,27.80,29.60,88,444
10:23:20,184477.08,2692.61,213333.31,27.90,29.60,87,434
10:24:21,219763.42,3065.57,243383.94,28.10,29.50,92,432
10:25:21,173704.38,2568.22,202755.91,28.00,29.50,87,304
10:26:22,170359.00,2823.66,227139.89,28.20,29.40,88,341
10:27:22,175421.08,2768.21,223602.50,28.30,29.50,83,349
10:28:23,177168.16,2812.47,220987.63,28.40,29.50,92,318
10:29:23,155212.64,2735.53,217551.02,28.40,29.50,91,338
10:30:24,128040.05,2459.63,190458.02,28.50,29.50,89,430
10:31:24,124142.81,2682.00,215853.64,28.70,29.60,90,375
10:32:25,153828.16,2682.00,215010.13,28.50,29.60,90,400
10:33:25,129047.02,2640.00,220123.17,28.30,29.70,84,576
10:34:26,105874.98,2383.71,184586.48,28.30,29.80,89,531
10:35:26,107344.80,2558.14,202755.91,28.40,29.80,124,729
10:36:27,117652.13,2656.16,212096.77,28.30,29.90,80,499
10:37:27,107344.80,2548.10,205952.38,28.20,30.00,84,413
10:38:28,108848.82,2578.34,205148.52,28.10,30.10,90,440
10:39:28,138757.19,2619.27,206759.44,28.10,30.10,92,464
10:40:29,133213.84,2608.97,205952.38,27.60,30.20,79,518
10:41:29,126065.84,2568.22,211670.00,27.70,30.10,79,303
10:42:30,116073.59,2588.51,205952.38,27.80,30.20,79,30399
10:43:30,105028.23,2503.77,200000.02,27.70,30.20,79,608
10:44:31,104314.59,2563.56,201571.72,27.80,30.30,77,424
10:45:31,105028.23,2455.07,193076.94,27.60,30.40,76,424
10:46:32,139280.63,2759.73,217622.92,27.40,30.40,77,563
10:47:32,173704.38,2757.27,223602.50,27.10,30.40,78,349
10:48:33,133213.84,2640.00,211670.00,26.90,30.30,77,466
10:49:33,152294.61,2785.37,224066.41,27.20,30.30,75,491
10:50:34,156619.08,2713.97,218404.89,27.20,30.30,79,394
10:51:34,136493.00,2660.91,211670.00,27.20,30.20,82,418
10:52:35,148333.38,2687.83,212096.77,27.30,30.20,78,419
10:53:35,173704.38,2857.53,226250.00,27.00,30.20,87,523
10:54:36,144711.16,2640.00,210843.36,26.90,30.10,87,414
10:55:36,136493.00,2660.91,210843.36,27.20,30.10,78,386
10:56:37,127046.41,2629.61,210020.03,27.40,30.10,80,432
10:57:37,125098.09,2619.27,201964.64,27.40,30.20,81,445
10:58:38,132150.73,2629.61,210843.36,27.40,30.20,77,296
10:59:38,141087.00,2703.27,213333.31,27.30,30.30,79,425
11:0:39,155746.06,2733.04,218069.78,27.20,30.30,83,336
11:1:39,130067.62,2650.43,210843.36,27.30,30.20,84,399
11:2:40,130067.62,2660.91,205952.38,27.50,30.20,88,654
11:3:40,118993.67,2705.47,216768.89,27.40,30.30,85,424
11:4:41,95832.45,2498.54,194980.70,27.30,30.40,85,356
11:5:41,149801.56,2846.19,226250.00,27.40,30.40,84,412
11:6:42,134923.13,2678.26,209638.55,27.00,30.50,82,379
11:7:42,125098.09,2660.91,215853.64,27.20,30.40,82,339
11:8:43,116925.89,2588.51,209200.00,27.30,30.50,100,511
11:9:43,128040.05,2619.27,209200.00,27.50,30.50,83,549
11:10:44,105749.98,2553.49,199218.75,27.50,30.60,83,434
11:11:44,90530.00,2411.89,193461.55,27.30,30.60,91,527
11:12:45,91666.66,2548.10,198830.42,27.30,30.70,91,647
11:13:45,91666.66,2365.11,202755.91,27.20,30.80,90,442
11:14:46,129047.02,2713.97,211670.00,27.10,30.80,95,397
11:15:46,131102.09,2660.91,208383.23,26.60,30.80,99,461
11:16:47,144711.16,2812.47,224481.34,26.50,30.80,88,491
11:17:47,113578.28,2411.89,202755.91,26.40,30.80,94,381
11:18:48,159500.03,2812.47,225363.83,27.00,30.70,94,425
11:19:48,139913.70,2682.00,210020.03,26.50,30.70,93,343
11:20:49,138757.19,2671.43,212500.00,26.70,30.70,96,233
11:21:49,182600.02,2812.47,215853.64,26.80,30.70,96,399
11:22:50,151123.11,2703.27,215010.13,26.50,30.70,97,284
11:23:50,190320.77,2950.11,230736.84,26.80,30.70,107,489
11:24:51,155212.64,2768.21,212500.00,26.60,30.70,96,417
11:25:51,143485.33,2682.00,213333.31,26.70,30.60,95,389
11:26:52,144548.19,2687.83,217142.84,26.90,30.60,108,407
11:27:52,132150.73,2598.72,200391.39,26.80,30.60,94,465
11:28:53,104438.19,2421.35,188235.31,26.80,30.60,101,572
11:29:53,111964.26,2598.72,198054.48,27.10,30.60,101,424
11:30:54,108092.46,2498.54,199609.38,26.70,30.70,103,459
11:31:54,95218.74,2528.15,197281.56,26.70,30.70,94,313
11:32:55,89089.11,2484.76,198437.50,26.80,30.80,100,370
11:33:55,94611.40,2578.34,203550.28,26.90,30.80,96,456
11:34:56,96105.26,2544.19,210462.77,26.70,30.80,93,365
11:35:56,94010.30,2548.10,198054.48,26.70,30.70,98,359
11:36:57,94383.41,2569.00,203557.30,26.90,30.80,102,462
11:37:57,95832.45,2528.15,196511.64,26.80,30.80,92,410
11:38:58,105152.52,2479.00,194219.66,26.70,30.80,102,422
11:39:58,107344.80,2578.34,201176.48,26.40,30.80,104,324
11:40:59,100315.20,2588.51,198830.42,26.30,30.90,120,539
11:41:59,80767.13,2374.39,188973.39,26.60,30.90,100,356
11:43:0,115231.68,2660.91,212500.00,26.70,30.90,104,463
11:44:0,122269.19,2508.37,192706.33,26.10,30.90,91,433
11:45:1,125098.09,2713.97,212500.00,26.10,30.90,94,397
11:46:1,97127.65,2585.47,200000.00,26.00,30.90,89,382
11:47:2,86724.64,2212.94,173357.66,26.40,30.90,111,449
11:48:2,98763.43,2499.16,200392.16,26.40,30.90,98,495
11:49:3,105874.98,2528.15,199609.38,26.10,30.90,97,355
11:50:3,120443.00,2598.72,207569.72,26.10,30.90,99,317
11:51:4,104438.19,2528.15,201176.48,25.80,30.90,108,497
11:52:4,105624.98,2421.81,200392.16,26.30,30.90,103,364
11:53:5,99654.04,2469.29,198054.48,26.40,30.80,102,282
11:54:5,99297.29,2270.12,177777.77,26.60,30.90,95,377
11:55:6,108092.46,2355.87,181716.44,26.40,30.90,97,285
11:56:6,96336.84,2323.94,187121.22,25.90,30.90,103,417
11:57:6,96452.63,2393.06,187500.00,26.10,30.90,99,378
11:58:7,105152.52,2508.37,197281.56,26.20,30.90,102,300
11:59:7,98999.99,2488.75,194219.66,26.10,30.90,97,435
12:0:8,85171.44,2119.77,169314.06,26.10,30.90,100,437
12:1:8,82679.07,2440.41,194219.66,26.70,31.00,120,495
12:2:9,118524.96,2533.47,200784.33,26.60,31.00,95,298
12:3:9,116925.89,2518.24,199609.38,26.10,31.00,161,976
12:4:10,111171.57,2430.86,194980.70,26.10,31.00,109,582
12:5:10,137617.06,2283.27,174725.27,25.80,30.90,100,502
12:6:11,114399.97,2256.63,176102.92,25.90,30.90,99,516
12:7:11,111571.40,2379.59,187832.72,26.30,30.90,101,479
12:8:12,98352.93,2402.45,189714.30,26.20,30.90,97,330
12:9:12,134291.70,2548.10,194980.70,26.00,30.80,97,371
12:10:13,120443.00,2365.11,188973.39,25.60,30.80,96,375
12:11:13,108092.46,2374.39,182429.92,25.90,30.80,108,517
12:12:14,96452.63,2221.61,170652.16,26.10,30.80,104,392
12:13:14,88866.99,2170.10,176102.92,26.20,30.80,102,334
12:14:15,85684.21,2283.27,179591.83,26.40,30.90,90,445
12:15:15,81238.54,2355.87,181005.59,26.50,30.90,109,412
12:16:16,73770.20,2337.50,177490.75,26.60,30.90,93,340
12:17:16,71983.26,1818.25,128824.48,26.70,31.00,102,438
12:18:17,86201.92,1906.93,138181.81,26.60,31.10,93,451
12:19:17,106605.70,2161.63,162765.97,26.00,31.10,93,370
12:20:18,94611.40,1929.54,141000.00,25.70,31.10,99,524
12:21:18,87252.43,2014.61,152151.48,25.80,31.20,109,647
12:22:19,75852.19,1790.43,141000.00,26.20,31.20,91,462
12:23:19,75852.19,1991.06,165357.14,26.60,31.20,96,339
12:24:20,83661.98,1937.13,152758.63,26.20,31.20,92,402
12:25:20,98999.99,1921.98,144444.42,25.90,31.20,94,461
12:26:21,134923.13,1994.39,145762.70,25.60,31.20,91,418
12:27:21,110388.21,1826.12,130533.13,25.20,31.20,85,368
12:28:22,88866.99,1640.61,112844.03,25.50,31.10,87,441
12:29:22,80767.13,1811.76,135960.59,25.80,31.10,88,419
12:30:23,78923.78,2086.86,156446.00,26.50,31.10,155,450
12:31:23,78026.68,2170.10,166666.67,26.30,31.20,85,419
12:32:24,75428.56,1899.45,139303.48,26.40,31.20,100,507
12:33:24,83352.12,2090.63,159154.94,26.20,31.30,123,666
12:34:25,72563.02,1714.09,123222.75,26.10,31.20,97,701
12:35:25,71385.89,1833.33,132142.86,26.10,31.30,84,476
12:36:26,64229.88,1818.93,146192.89,26.10,31.30,91,394
12:37:26,76421.05,2041.97,156643.36,26.50,31.30,90,361
12:38:27,90530.00,2212.94,171324.84,25.70,31.40,88,482
12:39:27,96452.63,2195.70,166666.67,25.50,31.30,97,675
12:40:28,119746.80,2379.96,186337.78,25.50,31.30,94,425
12:41:28,117788.78,2479.00,189714.30,25.60,31.30,92,517
12:42:29,97079.36,2383.71,181005.59,25.50,31.30,95,523
12:43:29,80767.13,2204.31,172677.58,25.80,31.30,94,511
12:44:30,82194.45,2310.22,179591.83,26.10,31.30,108,448
12:45:30,87252.43,2346.67,183146.09,26.20,31.30,101,616
12:46:31,84160.38,2310.22,178188.52,25.90,31.40,102,453
12:47:31,89198.02,2402.87,188212.94,26.10,31.40,111,438
12:48:32,86201.92,2393.06,185310.75,25.80,31.40,100,503
12:49:32,75008.61,2078.71,162123.91,25.90,31.40,102,378
12:50:33,68750.00,1944.75,157068.08,26.00,31.40,102,433
12:51:33,75852.19,2119.77,166666.67,26.20,31.50,100,352
12:52:34,103608.92,2369.92,185660.39,25.80,31.50,97,584
12:53:34,103033.32,2292.22,181716.44,25.10,31.50,97,280
12:54:35,120303.76,2388.57,183489.69,25.20,31.40,105,475
12:55:35,116518.48,2426.80,189312.98,25.10,31.40,103,365
12:56:36,118387.46,2440.91,189694.66,25.30,31.40,102,367
12:57:36,96452.63,2319.28,178188.52,25.30,31.40,99,369
12:58:37,85684.21,2346.67,178888.88,25.50,31.40,120,542
12:59:37,82679.07,2274.35,174725.27,25.70,31.40,104,379
13:0:38,90530.00,2430.86,186037.73,25.90,31.40,105,781
13:1:38,88866.99,2346.67,176795.58,25.60,31.40,103,431
13:2:39,92826.52,2283.27,172677.58,25.50,31.50,101,339
13:3:39,84160.38,2292.22,178888.88,25.70,31.50,104,326
13:4:40,82679.07,2374.39,177490.75,25.80,31.60,104,360
13:5:40,94010.30,2365.11,188235.31,25.80,31.60,102,339
13:6:41,116925.89,2488.75,189714.30,25.40,31.60,108,323
13:7:41,109999.98,2455.60,190804.61,24.90,31.60,104,478
13:8:42,107344.80,2365.11,167324.95,25.10,31.60,102,235
13:9:42,104438.19,2430.86,182429.92,25.10,31.60,101,448
13:10:43,108092.46,2430.86,192706.33,25.30,31.60,116,394
13:11:43,94010.30,2265.48,179591.83,25.30,31.60,125,665
13:12:44,78026.68,2111.49,164056.95,25.30,31.60,107,430
13:13:44,83168.23,2402.45,190458.02,25.60,31.70,112,428
13:14:45,120443.00,2588.51,199609.38,25.30,31.70,103,567
13:15:45,107344.80,2479.00,191204.61,24.70,31.70,100,222
13:16:46,107344.80,2469.29,186037.73,25.10,31.70,104,429
13:17:46,93415.38,2355.87,182429.92,25.20,31.70,107,386
13:18:47,112766.44,2498.54,201176.48,25.40,31.70,111,485
13:19:47,109614.02,2187.13,172677.58,24.90,31.70,103,495
13:20:48,101659.33,2383.71,194219.66,25.00,31.70,128,490
13:21:48,103731.83,2337.50,177490.75,25.40,31.70,111,435
13:22:49,142277.41,2619.27,209200.00,25.10,31.70,99,427
13:23:49,135384.66,2598.72,201964.64,24.80,31.60,101,606
13:26:45,72167.35,2402.45,226250.00,24.20,31.60,0,0
13:27:45,82194.45,2346.67,201964.64,25.40,31.60,82,519
13:28:45,78178.58,2417.28,208000.00,25.20,31.60,102,517
13:29:46,75895.19,2403.29,204365.08,25.50,31.60,106,325
13:30:46,78473.22,2421.35,207569.72,25.80,31.60,106,461
13:31:47,73364.40,2283.27,196511.64,25.90,31.60,104,356
13:32:47,75565.21,2370.26,194584.14,25.80,31.70,102,467
13:33:48,78026.68,2411.89,192706.33,25.40,31.70,101,634
13:34:48,73364.40,2355.87,192706.33,25.40,31.80,105,425
13:35:49,84056.61,2435.88,200784.33,25.60,31.80,102,412
13:36:49,78026.68,2187.13,183864.92,25.20,31.80,106,267
13:37:50,84056.61,2225.98,193076.94,25.40,31.90,112,512
13:38:50,89970.15,2411.89,200391.39,25.00,31.90,99,417
13:39:51,100983.59,2558.14,216700.59,24.90,31.90,103,274
13:40:51,117788.78,2578.34,209200.00,24.60,31.90,104,441
13:41:52,109614.02,2374.39,185310.75,24.70,32.00,100,523
13:42:52,113578.28,2411.89,198054.48,24.80,32.00,96,516
13:43:53,98881.71,2379.23,192322.45,25.00,32.00,97,260
13:44:53,124142.81,2450.00,205952.38,25.10,32.10,111,435
13:45:54,113578.28,2440.41,197281.56,25.00,32.10,107,406
13:46:54,103033.32,2283.27,181716.44,24.90,32.10,105,438
13:47:55,105749.98,2323.94,190822.19,25.00,32.20,106,444
13:48:55,99654.04,2301.20,187500.00,24.90,32.20,110,577
13:49:56,85171.44,2319.28,188235.31,24.90,32.20,104,590
13:50:56,108848.82,2528.15,199609.38,25.40,32.30,101,341
13:51:57,89980.00,2417.73,192292.88,24.70,32.30,97,463
13:52:57,77584.08,2319.28,187500.00,24.90,32.30,100,517
13:53:58,85684.21,2440.41,196511.64,25.20,32.30,101,383
13:54:58,73770.20,2328.37,180297.38,24.90,32.30,101,374
13:55:59,64895.75,2038.42,166010.73,25.00,32.40,101,436
13:56:59,70617.27,2292.22,176795.58,25.30,32.40,101,377
13:58:0,78627.81,2288.00,176383.75,24.70,32.50,96,461
13:59:0,101659.33,2498.54,200391.39,24.50,32.50,98,383
14:0:1,101659.33,2498.54,197281.56,24.10,32.50,115,368
14:1:1,100315.20,2498.54,199609.38,24.20,32.50,121,498
14:2:2,87785.36,2469.29,196511.64,24.40,32.50,98,354
14:3:2,85171.44,2402.45,195744.69,24.70,32.50,100,583
14:4:3,77145.38,2195.70,178888.88,24.60,32.50,101,387
14:5:3,89970.15,2440.41,205148.52,24.90,32.50,102,608
14:6:4,88866.99,2459.63,194219.66,24.40,32.60,95,402
14:7:4,79279.29,2416.84,188593.17,24.40,32.50,125,436
14:8:5,73489.35,2407.80,184905.67,24.70,32.50,101,378
14:9:5,75008.61,2393.06,186037.73,24.70,32.60,99,499
14:10:6,83558.69,2333.06,183489.69,24.70,32.60,30109,30405
14:11:6,82194.45,2411.89,193461.55,24.70,32.50,96,537
14:12:7,93415.38,2430.86,194980.70,24.70,32.60,94,444
14:13:7,80000.01,2426.80,186363.64,24.50,32.70,100,449
14:14:8,71774.99,2402.45,185310.75,24.60,32.70,99,542
14:15:8,68023.99,2393.06,188235.31,24.70,32.70,109,478
14:16:9,62292.14,2062.50,173357.66,24.70,32.70,94,570
14:17:9,91666.66,2498.54,199609.38,24.80,32.70,96,552
14:18:10,120929.89,2636.21,208817.63,23.90,32.70,97,535
14:19:10,106102.84,2529.54,201972.38,23.80,32.70,98,366
14:20:11,114399.97,2558.14,199609.38,24.20,32.70,92,471
14:21:11,101659.33,2469.29,195744.69,24.00,32.60,99,410
14:22:12,102342.53,2508.37,195744.69,24.30,32.70,97,463
14:23:12,79837.11,2111.49,178888.88,24.30,32.70,94,363
14:24:13,97079.36,2488.75,196511.64,24.90,32.70,111,529
14:25:13,95218.74,2469.29,198054.48,24.10,32.70,97,323
14:26:14,96962.95,2445.45,193834.30,24.20,32.70,102,324
14:27:14,92826.52,2450.00,193461.55,24.10,32.70,95,402
14:28:15,94611.40,2469.29,196511.64,24.40,32.80,96,379
14:29:15,71891.20,2165.76,179888.27,24.20,32.90,105,437
14:30:16,97079.36,2421.35,189714.30,24.60,32.80,102,495
14:31:16,118249.96,2554.24,203960.39,23.80,32.90,103,248
14:32:17,109614.02,2508.37,198830.42,23.80,32.90,106,331
14:33:17,124142.81,2558.14,201964.64,23.90,32.90,101,292
14:34:18,172939.16,2662.91,210060.34,23.70,32.90,108,383
14:35:18,125098.09,2528.15,198830.42,23.30,32.90,110,276
14:36:19,133213.84,2459.63,191204.61,23.70,32.80,105,503
14:37:19,117788.78,2488.75,194219.66,23.70,32.80,103,331
14:38:20,152294.61,2666.67,211267.59,23.70,32.90,102,454
14:39:20,127046.41,2548.10,200391.39,23.40,32.90,104,363
14:40:21,99654.04,2355.87,182429.92,23.70,32.90,101,587
14:41:21,89970.15,2383.71,185310.75,24.00,32.90,102,313
14:42:22,93415.38,2440.41,193461.55,24.10,32.90,106,321
14:43:22,89751.24,2292.40,188212.94,24.10,32.90,109,360
14:44:23,86724.64,2054.44,163410.31,24.10,32.90,105,358
14:45:23,86724.64,2256.63,190458.02,24.30,32.90,98,231
14:46:24,130067.62,2538.11,198830.42,24.00,32.90,110,381
14:47:24,117788.78,2440.41,199609.38,23.50,32.90,106,263
14:48:25,109614.02,2402.45,191954.03,23.90,32.90,103,340
14:49:25,86201.92,2450.00,189714.30,23.90,32.90,104,363
14:50:26,74085.46,2026.32,164349.39,24.00,32.90,105,373
14:51:26,92714.28,2234.71,189333.34,24.70,33.00,122,477
14:52:27,98999.99,2450.00,196511.64,24.10,33.00,107,440
14:53:27,97712.76,2518.24,198830.42,24.20,33.00,101,518
14:54:28,102220.98,2474.43,196893.20,24.20,33.00,108,561
14:55:28,122269.19,2629.61,209200.00,24.20,33.00,104,309
14:56:29,111964.26,2498.54,200391.39,24.00,33.10,108,632
14:57:29,106479.98,2435.88,185660.39,24.00,33.10,101,384
14:58:30,98645.15,2436.36,193063.58,24.00,33.10,108,415
14:59:30,106605.70,2421.35,191954.03,24.10,33.10,108,301
15:0:31,108848.82,2498.54,197281.56,24.00,33.20,124,533
15:1:31,88866.99,2450.00,191954.03,23.80,33.20,112,440
15:2:32,98235.28,2369.92,185660.39,24.00,33.30,101,443
15:3:32,88866.99,2393.06,191954.03,23.90,33.30,107,393
15:4:33,148500.03,2508.37,199609.38,24.00,33.30,101,272
15:5:33,107965.30,2435.88,193076.94,23.50,33.30,121,546
15:6:34,95218.74,2421.35,188235.31,23.70,33.30,100,309
15:7:34,105028.23,2503.77,194594.59,23.80,33.30,100,372
15:8:35,88866.99,2488.75,189714.30,23.40,33.40,106,421
15:9:35,93415.38,2508.37,195744.69,23.40,33.30,98,427
15:10:36,91666.66,2518.24,194219.66,23.30,33.30,102,379
15:11:36,72563.02,1952.40,158947.38,23.40,33.40,103,622
15:12:37,103033.32,2498.54,198054.48,24.40,33.40,113,402
15:13:37,109999.98,2504.40,196887.17,23.20,33.40,113,542
15:14:38,99654.04,2440.41,190458.02,23.20,33.30,103,343
15:15:38,78825.13,2269.98,179220.77,23.40,33.30,107,427
15:16:39,66258.83,2144.79,174725.27,23.70,33.30,119,437
15:17:39,66258.83,2086.86,174725.27,23.80,33.40,107,726
15:18:40,103033.32,2528.15,200391.39,23.80,33.40,102,238
15:19:40,158967.78,2710.28,214634.13,22.80,33.40,109,501
15:20:41,111571.40,2140.43,163636.38,22.70,33.30,104,546
15:21:41,83661.98,1944.75,157068.08,23.50,33.30,106,385
15:22:42,104779.64,2436.36,198437.50,24.10,33.30,103,408
15:23:42,114399.97,2518.24,201964.64,23.20,33.30,109,697
15:24:43,112502.96,2548.84,204356.44,23.10,33.20,103,603
15:25:43,109614.02,2548.10,201176.48,23.00,33.30,103,410
15:26:44,93415.38,2239.05,185310.75,23.50,33.20,113,600
15:27:44,98999.99,2469.29,194980.70,23.80,33.30,110,607
15:28:45,78923.78,2144.79,181716.44,23.60,33.30,110,358
15:29:45,93670.09,2475.00,192307.70,23.90,33.40,108,491
15:30:46,87252.43,2440.41,188973.39,23.40,33.40,101,421
15:31:46,86724.64,2450.00,193461.55,23.50,33.40,98,291
15:32:47,82679.07,2440.41,191954.03,23.50,33.40,98,303
15:33:47,72563.02,2393.06,183864.92,23.50,33.50,99,440
15:34:48,77145.38,2430.86,188235.31,23.50,33.50,100,334
15:35:48,92243.65,2421.35,192706.33,23.50,33.50,100,421
15:36:49,72285.71,1932.60,157267.95,23.30,33.60,98,458
15:37:49,78026.68,2230.31,184586.48,24.30,33.60,104,443
15:38:50,111571.40,2534.18,203162.05,23.60,33.60,100,306
15:39:50,148333.38,2624.89,201571.72,23.10,33.60,98,424
15:40:51,88866.99,2421.35,187500.00,23.10,33.50,98,411
15:41:51,98999.99,2548.10,201964.64,23.30,33.50,103,627
15:42:52,111171.57,2558.14,201176.48,23.10,33.50,93,665
15:43:52,90530.00,2301.20,175412.84,23.10,33.60,95,485
15:44:53,74724.13,2324.19,182022.50,23.30,33.60,98,367
15:45:53,92826.52,2469.29,192706.33,23.40,33.60,101,448
15:46:54,124142.81,2558.14,198830.42,22.70,33.60,97,488
15:47:54,94611.40,2256.63,182429.92,22.40,33.60,94,469
15:48:55,131102.09,2538.11,200391.39,23.00,33.60,99,400
15:49:55,108848.82,2230.31,184586.48,22.50,33.60,97,534
15:50:56,92243.65,2153.19,180297.38,22.90,33.60,95,383
15:51:56,119547.13,2488.75,196511.64,23.10,33.60,98,417
15:52:57,141087.00,2588.51,201964.64,22.30,33.60,99,390
15:53:57,138285.77,2605.14,203960.39,22.20,33.60,98,385
15:54:58,133213.84,2578.34,198054.48,22.40,33.50,102,364
15:55:58,151123.11,2692.61,203550.28,22.40,33.50,97,410
15:56:59,101538.45,2234.71,185660.39,22.50,33.50,110,445
15:57:59,87252.43,2136.42,180297.38,22.90,33.50,102,350
15:59:0,122269.19,2488.75,200391.39,23.40,33.60,109,519
16:0:0,112371.23,2252.38,188571.44,22.40,33.60,101,30446
16:1:1,143485.33,2598.72,207569.72,22.60,33.60,98,349
16:2:1,147218.08,2588.51,220123.17,22.20,33.60,100,275
16:3:2,126900.71,2388.57,196124.05,22.00,33.60,107,463
16:4:2,143323.56,2543.46,204752.47,22.50,33.60,104,572
16:5:3,137617.06,2355.87,175412.84,22.00,33.60,95,361
16:6:3,190320.77,2868.92,216700.59,22.00,33.50,98,335
16:7:4,176584.09,2731.87,215478.59,21.70,33.50,102,255
16:8:4,162475.44,2660.91,210843.36,21.90,33.50,120,491
16:9:5,153828.16,2629.61,200391.39,22.40,33.50,104,381
16:10:5,151123.11,2629.61,206759.44,22.40,33.50,106,540
16:11:6,145462.72,2605.14,205566.61,22.50,33.50,100,348
16:12:6,135384.66,2588.51,200391.39,22.40,33.60,104,355
16:13:7,118662.46,2538.11,193461.55,22.60,33.60,103,530
16:14:7,105152.52,2365.11,183146.09,22.70,33.60,101,314
16:15:8,127046.41,2548.10,207569.72,22.80,33.70,102,395
16:16:8,128040.05,2488.75,197281.56,22.50,33.70,107,415
16:17:9,111702.35,2469.85,193448.94,22.20,33.80,107,367
16:18:9,127046.41,2548.10,201964.64,22.40,33.80,101,463
16:19:10,133213.84,2588.51,200391.39,22.20,33.80,103,434
16:20:10,125098.09,2548.10,200391.39,22.20,33.90,108,387
16:21:11,119547.13,2430.86,193461.55,22.20,33.90,107,549
16:22:11,149801.56,2598.72,207569.72,22.00,33.90,124,547
16:23:12,152465.16,2660.91,205952.38,21.50,33.90,99,377
16:24:12,122774.15,2315.09,193822.41,21.50,33.90,105,349
16:25:13,137617.06,2598.72,205148.52,22.10,33.90,117,534
16:26:13,162475.44,2692.61,211670.00,21.80,33.90,111,599
16:27:14,164000.02,2671.43,209200.00,21.40,33.80,105,395
16:32:37,71294.60,2416.84,257270.69,22.10,33.90,0,0
16:33:37,103731.83,2528.15,240948.28,22.60,33.90,84,502
16:34:38,126900.71,2594.03,237687.36,22.10,33.80,105,549
16:35:38,162295.11,2656.16,234893.61,21.80,33.70,119,369
16:36:39,120443.00,2488.75,224481.34,21.60,33.70,105,201
16:37:39,124142.81,2548.10,224481.34,21.90,33.70,107,372
16:38:40,92826.52,2038.42,191954.03,22.00,33.70,107,473
16:39:40,107344.80,2402.45,212500.00,22.80,33.70,113,354
16:40:41,134291.70,2558.14,220987.63,22.40,33.70,124,676
16:41:41,99654.04,2144.79,198830.42,22.00,33.70,108,406
16:42:42,124142.81,2230.31,202755.91,22.60,33.80,108,354
16:43:42,149801.56,2558.14,226250.00,22.30,33.70,103,323
16:44:43,163454.56,2636.21,232203.39,21.90,33.70,102,433
16:45:43,141795.66,2514.29,218032.77,22.00,33.70,101,456
16:46:44,162475.44,2629.61,227139.89,22.20,33.70,122,505
16:47:44,158048.03,2746.37,229831.95,22.20,33.70,102,339
16:48:45,162475.44,2619.27,220123.17,21.40,33.70,104,368
16:49:45,143000.03,2270.12,206374.50,21.30,33.70,109,206
16:50:46,184477.08,2746.37,227139.89,21.70,33.70,103,319
16:51:46,155212.64,2588.51,228033.48,21.20,33.70,110,456
16:52:47,190320.77,2834.90,227139.89,21.60,33.70,116,594
16:53:47,170359.00,2671.43,225363.83,21.30,33.70,104,411
16:54:48,160975.64,2598.72,217551.02,21.60,33.80,102,440
16:55:48,142116.81,2484.17,216293.27,21.80,33.80,102,282
16:56:49,178946.44,2692.61,220987.63,22.00,33.80,107,338
16:57:49,152124.08,2528.84,214198.77,21.50,33.80,104,333
16:58:50,158048.03,2578.34,215010.13,21.80,33.70,119,374
16:59:50,153828.16,2558.14,210843.36,21.60,33.80,102,417
17:0:51,118662.46,2170.10,190458.02,21.60,33.80,105,545
17:1:51,137617.06,2528.15,214170.03,22.00,33.80,102,361
17:2:52,135384.66,2479.00,208383.23,21.60,33.80,99,397
17:3:52,135384.66,2459.63,208383.23,21.70,33.80,104,366
17:4:53,159500.03,2538.11,198054.48,21.70,33.80,110,491
17:5:53,131102.09,2256.63,196511.64,21.90,33.80,106,697
17:6:54,212437.48,2779.20,227139.89,22.00,33.90,102,446
17:7:54,148500.03,2459.63,208383.23,21.50,33.80,104,672
17:8:55,144711.16,2568.22,209200.00,22.00,33.80,101,424
17:9:55,138600.05,2333.06,194594.59,22.00,33.90,101,846
17:10:56,165550.02,2629.61,213333.31,22.00,33.90,100,343
17:11:56,135384.66,2402.45,202755.91,21.90,33.90,104,495
17:12:57,142277.41,2498.54,205148.52,22.10,33.90,118,554
17:13:57,156444.48,2573.67,210441.75,21.90,33.90,99,375
17:14:58,173704.38,2660.91,214170.03,21.80,33.90,94,396
17:15:58,168728.83,2488.75,207569.72,21.60,33.90,99,474
17:16:59,153828.16,2578.34,205952.38,21.80,33.90,98,362
17:17:59,175421.08,2660.91,213333.31,21.80,33.90,98,387
17:19:0,143485.33,2469.29,209200.00,21.80,33.90,109,633
17:20:0,136493.00,2062.50,169981.91,22.00,33.90,114,536
17:21:1,156095.27,2594.87,207185.63,22.60,33.90,96,321
17:22:1,143485.33,2508.37,202755.91,21.80,33.90,108,578
17:23:2,180756.78,2671.43,213333.31,22.10,34.00,94,365
17:24:2,225318.66,3046.15,234394.92,21.40,34.00,100,546
17:25:3,198647.05,2779.20,215853.64,20.90,33.90,101,461
17:26:3,122916.08,2062.24,178148.13,21.10,33.90,99,445
17:27:4,159500.03,2650.43,220123.17,22.10,33.90,109,777
17:28:4,150446.19,2641.90,210887.09,21.40,33.90,93,611
17:29:5,147218.08,2671.43,210843.36,21.40,33.90,30152,30565
17:30:5,133213.84,2430.86,201176.48,21.90,34.00,129,813
17:31:6,156619.08,2598.72,191204.61,21.80,34.00,103,546
17:32:6,149801.56,2640.00,206759.44,21.40,34.00,103,351
17:33:7,178946.44,2801.33,212500.00,21.40,34.10,102,403
17:34:7,106605.70,2128.08,186767.50,21.30,34.00,99,570
17:35:8,124142.81,2440.41,198054.48,22.20,34.10,106,476
17:36:8,126065.84,2528.15,201176.48,21.90,34.10,113,417
17:37:9,124666.62,2564.33,197660.83,21.60,34.00,104,479
17:38:9,118662.46,2548.10,198054.48,21.40,34.00,104,592
17:39:10,139913.70,2588.51,200391.39,21.50,34.10,102,646
17:40:10,142277.41,2619.27,202755.91,21.60,34.10,114,472
17:41:11,143485.33,2374.39,192706.33,21.50,34.10,111,736
17:42:11,151123.11,2548.10,205148.52,21.40,34.10,108,336
17:43:12,172017.27,2692.61,208383.23,21.40,34.10,108,408
17:44:12,114399.97,2062.50,178888.88,21.00,34.10,112,649
17:45:13,141087.00,2498.54,198054.48,21.90,34.20,105,475
17:46:13,164000.02,2703.27,219262.27,21.60,34.20,102,405
17:47:14,133213.84,2265.48,196511.64,21.30,34.20,114,580
17:48:14,168728.83,2823.66,214170.03,21.60,34.20,105,508
17:49:15,172017.27,2703.27,209200.00,21.00,34.20,108,252
17:50:15,143485.33,2598.72,207569.72,21.30,34.20,105,439
17:51:16,148166.70,2599.57,207584.83,21.60,34.20,110,766
17:52:16,131102.09,2450.00,200391.39,21.60,34.20,123,1135
17:53:17,130653.11,2455.60,200785.86,21.80,34.20,115,1275
17:54:17,152465.16,2598.72,210020.03,21.90,34.10,190,1568
17:55:18,122269.19,2346.67,201176.48,21.70,34.10,126,1513
17:56:18,126065.84,2498.54,209200.00,22.00,34.10,106,719
17:57:19,143485.33,2568.22,202755.91,21.80,34.10,132,505
17:58:19,155920.67,2673.48,209236.94,21.70,34.10,107,30490
17:59:20,148500.03,2629.61,204347.81,21.30,34.10,106,326
18:0:20,118662.46,2283.27,194219.66,21.60,34.10,115,661
18:1:21,148500.03,2608.97,205952.38,21.90,34.20,106,449
18:2:21,143485.33,2578.34,206759.44,21.50,34.20,113,381
18:3:22,162475.44,2660.91,212500.00,21.70,34.30,108,472
18:4:22,148500.03,2608.97,209200.00,21.60,34.20,110,679
18:5:23,133213.84,2488.75,203550.28,21.70,34.20,109,545
18:6:23,149633.63,2624.89,208800.00,22.20,34.20,113,630
18:7:24,145955.25,2578.34,205148.52,21.70,34.20,106,485
18:8:24,146887.27,2609.85,207584.83,21.70,34.20,110,430
18:9:25,151123.11,2629.61,205148.52,21.60,34.20,109,379
18:10:25,142277.41,2578.34,204347.81,21.70,34.20,110,456
18:11:26,151123.11,2650.43,208383.23,21.80,34.20,107,635
18:12:26,176389.41,2737.89,214227.63,21.40,34.20,106,606
18:13:27,173704.38,2660.91,214170.03,21.20,34.20,105,381
18:14:27,177168.16,2757.27,214170.03,21.30,34.20,105,436
18:15:28,120443.00,2078.71,172677.58,20.90,34.30,103,423
18:16:28,141087.00,2247.83,194219.66,21.80,34.30,109,517
18:17:29,171827.61,2677.22,211267.59,21.00,34.30,105,499
18:18:29,149801.56,2528.15,198830.42,20.70,34.30,104,430
18:19:30,176584.09,2710.28,211290.31,21.10,34.30,107,470
18:20:30,186388.91,2724.73,209200.00,20.70,34.20,106,382
18:21:31,178750.02,2709.17,212929.28,20.80,34.30,106,538
18:22:31,158048.03,2629.61,201964.64,21.00,34.30,106,427
18:23:32,151123.11,2608.97,205148.52,21.30,34.30,108,365
18:24:32,133213.84,2450.00,197281.56,21.30,34.20,104,436
18:25:33,173704.38,2713.97,210843.36,21.50,34.30,101,575
18:26:33,175421.08,2713.97,210020.03,21.00,34.30,104,402
18:27:34,190113.22,2719.91,205555.55,20.90,34.20,106,381
18:28:34,194403.84,2801.33,212500.00,20.90,34.30,104,509
18:29:35,175421.08,2430.86,197281.56,20.70,34.20,102,518
18:30:35,117788.78,2170.10,181716.44,21.00,34.20,106,1305
18:31:36,164000.02,2640.00,208383.23,21.90,34.20,156,1691
18:32:36,172017.27,2682.00,205148.52,21.10,34.20,116,1082
18:33:37,170359.00,2671.43,207569.72,21.00,34.20,100,548
18:34:37,149801.56,2608.97,204347.81,21.10,34.20,115,895
18:35:38,164000.02,2692.61,205952.38,21.40,34.20,104,682
18:36:38,160617.92,2672.45,203557.30,21.40,34.20,102,679
18:37:39,139913.70,2292.22,167985.61,21.40,34.20,101,560
18:38:39,145791.08,2635.27,201571.72,21.70,34.20,98,283
18:39:40,129621.67,2574.47,200000.00,21.20,34.20,104,448
18:40:40,122632.21,2559.66,197270.97,21.50,34.30,101,350
18:41:41,153828.16,2660.91,206759.44,21.60,34.20,100,573
18:42:41,128040.05,2588.51,198830.42,21.40,34.20,95,400
18:43:42,122269.19,2578.34,205952.38,21.50,34.30,97,530
18:44:42,127046.41,2588.51,203550.28,21.60,34.30,107,535
18:45:43,142116.81,2624.89,203155.81,21.60,34.30,201,1378
18:46:43,141087.00,2629.61,202755.91,21.50,34.30,96,1114
18:47:44,140927.58,2573.67,200784.33,21.70,34.30,98,1081
18:48:44,135384.66,2578.34,197281.56,21.70,34.30,102,620
18:49:45,120303.76,2445.45,191570.89,21.80,34.30,153,1196
18:50:45,105499.98,2370.26,186363.64,22.00,34.20,98,683
18:51:46,98352.93,2393.06,181716.44,22.30,34.30,107,504
18:52:46,87785.36,2383.71,181005.59,21.90,34.20,101,448
18:53:47,82194.45,2319.28,181716.44,21.90,34.20,93,748
18:54:47,75142.85,2270.12,177777.77,22.30,34.20,121,799
18:55:48,79837.11,2355.87,184586.48,22.70,34.20,109,420
18:56:48,106605.70,2488.75,194980.70,22.30,34.20,97,400
18:57:49,114399.97,2469.29,191954.03,22.20,34.20,107,351
18:58:49,90530.00,2328.37,181716.44,22.10,34.20,98,455
18:59:50,86096.16,2323.94,183489.69,22.60,34.20,87,583
19:0:50,89641.79,2370.26,185633.28,22.70,34.20,112,645
19:1:51,82679.07,2239.05,181716.44,22.40,34.10,106,470
19:2:51,104438.19,2440.41,191204.61,22.30,34.20,97,533
19:3:52,126065.84,2548.10,197281.56,22.20,34.20,108,657
19:4:52,126065.84,2558.14,197281.56,21.90,34.20,107,588
19:5:53,116925.89,2469.29,193461.55,21.90,34.10,110,575
19:6:53,104438.19,2469.29,194980.70,22.20,34.20,100,363
19:7:54,110258.80,2553.49,197665.38,22.30,34.20,107,384
19:8:54,111171.57,2528.15,193461.55,22.10,34.10,109,423
19:9:55,138757.19,2629.61,201964.64,22.10,34.10,106,291
19:10:55,127046.41,2548.10,195744.69,22.20,34.20,114,477
19:11:56,131102.09,2528.15,195744.69,22.20,34.10,141,615
19:12:56,103731.83,2204.31,185310.75,22.20,34.10,104,411
19:13:57,116073.59,2440.41,192706.33,22.50,34.10,103,465
19:14:57,125631.53,2504.40,196887.17,22.50,34.10,103,307
19:15:58,131698.67,2514.29,194584.14,22.40,34.10,108,321
19:16:58,133213.84,2528.15,198054.48,22.30,34.00,113,280
19:17:59,121350.27,2469.29,194219.66,22.30,34.00,109,367
19:18:59,117652.13,2435.88,191570.89,22.60,34.00,104,388
19:20:0,112766.44,2411.89,191204.61,22.80,34.00,106,503
19:21:0,129047.02,2528.15,196511.64,22.40,33.90,146,504
19:22:1,123199.95,2488.75,197281.56,21.90,33.90,100,382
19:23:1,153828.16,2660.91,203550.28,22.30,33.90,106,429
19:24:2,133527.83,2616.34,203968.25,21.90,33.90,113,494
19:25:2,148333.38,2687.83,202362.20,22.10,33.90,119,453
19:26:3,148500.03,2650.43,205148.52,22.00,33.90,103,448
19:27:3,141087.00,2598.72,201176.48,22.20,33.90,105,344
19:28:4,121210.15,2533.47,200784.33,22.50,33.80,106,544
19:29:4,123199.95,2568.22,201964.64,23.40,33.80,125,430
19:30:5,121350.27,2548.10,201176.48,23.20,33.80,103,477
19:31:5,132150.73,2538.11,203550.28,23.20,33.80,102,471
19:32:6,126065.84,2488.75,201176.48,23.20,33.80,103,530
19:33:6,121350.27,2498.54,197281.56,23.60,33.80,104,463
19:34:7,110388.21,2440.41,191954.03,23.50,33.80,124,583
19:35:7,97712.76,2498.54,193461.55,24.20,33.80,102,404
19:36:8,87785.36,2538.11,197281.56,23.50,33.80,107,442
19:37:8,77584.08,2459.63,192706.33,23.10,33.70,103,488
19:38:9,86201.92,2548.10,195744.69,23.60,33.80,117,574
19:39:9,103731.83,2640.00,200391.39,22.80,33.70,105,463
19:40:10,94010.30,2528.15,195744.69,22.60,33.70,103,380
19:41:10,96962.95,2533.47,197665.38,23.20,33.70,103,356
19:42:11,97079.36,2508.37,197281.56,23.50,33.70,107,339
19:43:11,86201.92,2518.24,191954.03,23.70,33.70,106,439
19:44:12,85684.21,2568.22,198830.42,23.20,33.70,107,450
19:45:12,84663.51,2578.34,198830.42,23.20,33.70,102,441
19:46:13,117652.13,2645.69,203952.56,23.10,33.60,105,435
19:47:13,116925.89,2640.00,203550.28,22.90,33.60,146,576
19:48:14,116073.59,2619.27,198054.48,22.80,33.60,105,325
19:49:14,114829.24,2594.87,203162.05,22.90,33.60,104,377
19:50:15,142277.41,2682.00,205148.52,23.20,33.60,121,445
19:51:15,121350.27,2588.51,197281.56,22.80,33.60,115,388
19:52:16,88000.00,2544.19,194584.14,23.20,33.60,105,478
19:53:16,82679.07,2528.15,195744.69,23.40,33.60,100,422
19:54:17,92243.65,2578.34,199609.38,23.50,33.60,101,418
19:55:17,90763.82,2564.33,196116.52,23.30,33.60,102,427
19:56:18,91333.33,2554.24,196116.52,23.50,33.60,107,398
19:57:18,92826.52,2558.14,195744.69,23.40,33.60,100,420
19:58:19,86724.64,2548.10,195744.69,23.60,33.60,101,447
19:59:19,76279.48,2538.11,193461.55,23.80,33.60,102,559
20:0:20,63250.00,2421.35,181005.59,24.20,33.60,101,430
20:1:20,60439.56,2383.71,178188.52,24.30,33.50,100,600
20:2:21,63900.76,2528.15,190458.02,24.40,33.50,99,571
20:3:21,53777.77,2204.31,164705.89,23.70,33.50,100,670
20:4:22,49904.16,2265.48,169981.91,24.00,33.50,122,634
20:5:22,55113.40,2388.96,179888.27,24.60,33.50,101,388
20:6:23,59543.48,2402.45,181005.59,23.80,33.50,101,485
20:7:23,66258.83,2459.63,188973.39,23.50,33.40,105,468
20:8:24,60138.69,2365.11,179591.83,23.60,33.40,99,483
20:9:24,57808.50,2393.06,181716.44,23.70,33.40,107,559
20:10:25,63574.15,2488.75,189714.30,23.80,33.40,97,363
20:11:25,65914.06,2508.37,191954.03,23.70,33.40,95,509
20:12:26,78473.22,2538.11,196511.64,23.50,33.40,102,496
20:13:26,84160.38,2518.24,191954.03,23.30,33.40,107,353
20:14:27,65913.73,2365.78,182363.98,23.70,33.40,109,396
20:15:27,56145.83,2292.22,167324.95,24.70,33.30,96,571
20:16:28,52277.23,2204.31,158318.75,24.30,33.30,100,567
20:17:28,48551.73,2086.86,149146.77,24.40,33.30,99,616
20:18:29,46969.33,2018.39,144688.02,24.40,33.30,99,527
20:19:29,47036.81,2022.51,147368.41,24.40,33.30,99,458
20:20:30,46200.00,1929.54,142713.56,24.30,33.30,93,705
20:21:30,46200.00,1877.17,138741.72,24.40,33.30,94,686
20:22:31,45993.96,1960.07,143288.59,24.50,33.30,98,789
20:23:31,48773.59,2212.94,166010.73,24.60,33.20,91,548
20:24:32,50366.56,2283.27,174725.27,24.80,33.20,102,416
20:25:32,50600.00,2283.27,170652.16,25.00,33.20,113,548
20:26:33,51071.43,2346.67,174040.20,25.10,33.10,103,456
20:27:33,50134.61,2319.28,170652.16,25.00,33.10,100,613
20:28:34,49377.78,2278.88,166965.89,25.10,33.10,97,566
20:29:34,48551.73,2274.35,165357.14,25.20,33.10,96,688
20:30:35,48773.59,2283.27,162765.97,25.20,33.00,105,580
20:31:35,49098.41,2306.24,163571.44,25.30,33.00,104,491
20:32:36,47036.81,2274.35,159578.20,25.50,33.00,111,839
20:33:36,46407.30,2247.83,157068.08,25.60,33.00,113,725
20:34:37,46825.69,2265.48,158947.38,25.30,32.90,102,550
20:35:37,48773.59,2337.50,165357.14,25.20,32.90,107,612
20:36:38,47678.02,2265.48,161484.09,24.90,32.90,106,679
20:37:38,46407.30,2221.61,156446.00,25.10,32.80,111,514
20:38:39,46615.86,2239.05,155208.34,25.30,32.90,105,436
20:39:39,47036.81,2239.05,157068.08,25.10,32.90,100,688
20:40:40,45383.23,2170.10,150943.41,25.30,32.80,99,572
20:41:40,45383.23,2170.10,152758.63,25.50,32.80,120,769
20:42:41,44982.14,2153.19,150943.41,25.70,32.80,104,589
20:43:41,44389.38,2128.08,149743.59,25.70,32.80,101,498
20:44:42,45255.25,2165.69,151640.77,25.80,32.80,111,552
20:45:42,44389.38,2187.13,149743.59,25.90,32.70,105,532
20:46:43,44585.80,2153.19,151546.41,25.90,32.70,108,838
20:47:43,44000.00,2136.42,148551.98,26.00,32.70,105,785
20:48:44,44194.12,2128.08,150943.41,26.10,32.70,103,526
20:49:44,43615.16,2144.79,149743.59,26.20,32.70,101,660
20:50:45,43615.16,2111.49,149743.59,26.40,32.70,114,819
20:51:45,44000.00,2161.63,150943.41,26.40,32.60,108,464
20:52:46,44988.02,2144.47,151295.34,26.50,32.60,106,849
20:53:46,43424.41,2111.49,147959.19,26.70,32.60,130,1045
20:54:47,43360.46,2099.04,144688.02,26.60,32.60,150,1010
20:55:47,43046.24,2086.86,147368.41,26.80,32.50,129,1151
20:56:48,43234.78,2086.86,145025.28,27.20,32.50,103,681
20:57:48,42672.41,2078.71,146192.89,26.90,32.60,106,655
20:58:49,42424.07,2066.41,144107.72,26.80,32.60,109,812
20:59:49,42487.11,2038.42,146192.89,27.10,32.50,103,1045
21:0:50,42302.86,2038.42,146192.89,27.10,32.60,118,892
21:1:50,41397.18,2006.73,142140.47,27.40,32.50,93,929
21:2:51,41397.18,1998.88,142140.47,27.20,32.50,101,902
21:3:51,39829.67,1960.07,134860.89,27.30,32.50,105,880
21:4:52,39264.31,1925.50,132357.72,27.80,32.50,113,1310
21:5:52,39818.18,1963.27,134975.36,27.70,32.50,111,854
21:6:53,39324.25,1960.07,137067.55,27.30,32.50,104,551
21:7:53,39157.61,1952.40,135960.59,27.50,32.40,107,810
21:8:54,39324.25,1944.75,133224.77,27.60,32.40,122,866
21:9:54,39878.79,1975.09,135303.78,27.50,32.40,106,795
21:10:55,39829.67,1975.51,137623.75,27.40,32.40,100,840
21:11:55,33707.92,1884.57,130000.00,27.40,32.40,105,1129
21:12:56,36916.23,1937.13,132682.92,27.40,32.40,105,841
21:13:56,38648.65,1971.00,136633.66,27.50,32.40,114,904
21:14:57,39157.61,1983.27,140432.61,27.40,32.30,151,993
21:15:57,39157.61,1967.78,138741.72,27.40,32.40,107,887
21:16:58,38991.87,1960.07,138181.81,27.40,32.40,101,927
21:17:58,39144.42,1963.27,135526.31,27.60,32.30,99,860
21:18:59,38872.63,1951.94,136408.56,27.60,32.30,102,926
21:19:59,39324.25,1983.27,139303.48,27.70,32.30,110,777
21:21:0,40171.27,2038.42,144444.42,27.40,32.30,98,727
21:22:0,40516.66,2038.42,144444.42,27.20,32.30,99,660
21:23:1,40516.66,2046.42,147368.41,27.30,32.30,118,939
21:24:1,40690.80,2095.04,147959.19,27.30,32.30,101,913
21:25:2,40690.80,2078.71,147959.19,27.30,32.30,110,768
21:26:2,40516.66,2054.44,149146.77,27.50,32.30,106,555
21:27:3,39829.67,2046.42,145025.28,27.50,32.30,99,770
21:28:3,39829.67,2046.42,146779.64,27.60,32.30,100,671
21:29:4,40516.66,2062.50,146779.64,27.60,32.30,102,762
21:30:4,40690.80,2103.25,152758.63,27.70,32.30,109,867
21:31:5,41576.27,2128.08,155208.34,27.60,32.30,98,549
21:32:5,41219.10,2103.25,155208.34,27.70,32.30,116,649
21:33:6,40629.52,2074.52,150000.00,27.80,32.30,111,890
21:34:6,39660.27,2022.51,145025.28,27.80,32.20,103,646
21:35:7,40690.80,2111.49,151546.41,27.90,32.30,147,1051
21:36:7,41756.37,2170.10,156446.00,28.00,32.20,100,626
21:37:8,43358.60,2204.32,160707.97,27.90,32.20,96,846
21:38:8,42672.41,2170.10,160211.28,27.90,32.20,94,778
21:39:9,42487.11,2144.79,160211.28,27.90,32.20,93,795
21:40:9,42487.11,2170.10,160211.28,27.90,32.20,99,658
21:41:10,42858.79,2204.31,160211.28,27.90,32.20,97,767
21:42:10,42672.41,2136.42,158947.38,28.00,32.20,106,923
21:43:11,43486.88,2187.11,164642.86,28.00,32.20,93,508
21:44:11,43046.24,2161.63,162123.91,28.00,32.20,109,643
21:45:12,43615.16,2221.61,165357.14,28.00,32.10,91,732
21:46:12,42858.79,2170.10,160846.56,28.00,32.20,92,633
21:47:13,43234.78,2204.31,162123.91,28.00,32.20,128,835
21:48:13,43234.78,2195.70,162123.91,28.00,32.10,100,639
21:49:14,43424.41,2170.10,164056.95,28.10,32.10,98,392
21:50:14,43615.16,2187.13,164705.89,28.10,32.10,131,1021
21:51:15,43805.88,2204.33,163214.30,28.20,32.10,115,652
21:52:15,43422.74,2182.81,162344.59,28.10,32.10,108,771
21:53:16,42858.79,2178.60,160846.56,28.10,32.10,100,1037
21:54:16,43046.24,2187.13,162123.91,28.10,32.10,103,750
21:55:17,43870.96,2187.11,163345.20,28.20,32.10,117,890
21:56:17,43807.02,2170.10,165357.14,28.20,32.10,30124,30708
21:57:18,43615.16,2161.63,163410.31,28.30,32.10,103,689
21:58:18,43046.24,2153.19,163410.31,28.30,32.10,108,680
21:59:19,43424.41,2195.70,164705.89,28.40,32.10,100,891
22:0:19,44194.69,2217.32,166906.48,28.10,32.10,113,702
22:1:20,44000.00,2221.61,167324.95,28.20,32.10,106,767
22:2:20,44000.00,2204.31,168648.64,28.20,32.00,105,487
22:3:21,44389.38,2265.48,173357.66,28.20,32.10,109,682
22:4:21,44000.00,2239.05,167985.61,28.10,32.00,115,611
22:5:22,44389.38,2230.31,168648.64,28.10,32.00,104,452
22:6:22,44194.69,2252.38,169565.20,27.90,31.90,107,787
22:7:23,43807.02,2221.61,166010.73,28.10,31.90,112,836
22:8:23,43807.02,2221.61,168648.64,28.10,31.90,106,891
22:9:24,43424.41,2221.61,164705.89,28.20,31.90,162,976
22:10:24,43935.29,2230.43,168535.27,28.30,31.90,119,661
22:11:25,44000.00,2221.61,166010.73,28.30,31.90,128,764
22:12:25,43422.74,2208.64,164937.39,28.40,31.90,105,1041
22:13:26,43424.41,2204.31,162765.97,28.50,31.90,110,762
22:14:26,44000.00,2204.31,165357.14,28.50,31.90,102,962
22:15:27,44000.00,2212.94,167985.61,28.40,31.80,122,795
22:16:27,43935.48,2200.00,164349.39,28.40,31.90,108,932
22:17:28,44129.41,2217.29,168288.28,28.40,31.80,100,687
22:18:28,44194.12,2221.61,167985.61,28.30,31.80,100,937
22:19:29,43234.78,2178.60,165357.14,28.40,31.80,110,698
22:20:29,43807.02,2187.13,165357.14,28.50,31.80,109,891
22:21:30,43615.16,2170.10,167324.95,28.50,31.80,105,704
22:22:30,44000.00,2195.70,166666.67,28.50,31.80,110,924
22:23:31,43742.69,2174.32,166308.25,28.40,31.80,99,623
22:24:31,43234.78,2144.79,162765.97,28.50,31.80,104,486
22:25:32,44390.53,2191.39,168896.92,28.40,31.80,99,459
22:26:32,43360.46,2165.83,166308.25,28.50,31.80,105,672
22:27:33,44000.00,2195.70,169981.91,28.40,31.80,107,614
22:28:33,44000.00,2187.13,170652.16,28.30,31.80,106,628
22:29:34,44389.38,2212.94,169981.91,28.50,31.70,104,484
22:30:34,43742.69,2174.32,167625.91,28.40,31.80,112,469
22:31:35,44000.00,2170.10,166010.73,28.60,31.70,113,725
22:32:35,43806.45,2165.76,168896.92,28.50,31.80,101,781
22:33:36,44585.80,2212.94,169981.91,28.50,31.70,100,692
22:34:36,44585.80,2221.61,172000.00,28.20,31.70,111,500
22:35:37,44585.80,2230.31,171324.84,28.00,31.80,120,607
22:36:37,45789.16,2247.83,175412.84,28.00,31.70,111,740
22:37:38,45585.58,2204.31,172677.58,27.90,31.70,115,499
22:38:38,44982.14,2187.13,172000.00,28.20,31.70,103,456
22:39:39,45182.09,2187.13,169981.91,28.20,31.70,100,467
22:40:39,45383.23,2212.94,172000.00,28.20,31.70,111,489
22:41:40,45993.96,2195.70,172677.58,28.00,31.60,104,431
22:42:40,46200.00,2212.94,176795.58,28.20,31.60,103,504
22:43:41,45993.96,2187.13,171324.84,28.20,31.70,104,359
22:44:41,47181.54,2234.71,175735.28,27.80,31.70,104,733
22:45:42,48331.25,2247.83,176795.58,27.80,31.60,165,631
22:46:42,50064.10,2278.88,181343.31,27.80,31.60,102,328
22:47:43,48773.59,2265.48,176102.92,27.50,31.60,100,482
22:48:43,48773.59,2239.05,179591.83,27.40,31.60,98,537
22:49:44,50529.03,2261.11,179220.77,27.40,31.60,99,620
22:50:44,44585.80,2054.44,157692.31,27.40,31.60,108,570
22:51:45,44194.12,2153.19,167985.61,27.70,31.70,141,909
22:52:45,45590.36,2191.39,170909.09,27.60,31.70,103,644
22:53:46,46615.86,2221.61,174040.20,27.30,31.60,100,512
22:54:46,41335.21,2010.49,156097.58,27.30,31.60,98,575
22:55:47,40272.22,2070.10,160707.97,27.60,31.60,104,958
22:56:47,44982.14,2247.83,178188.52,27.20,31.60,183,980
22:57:48,44783.38,2239.05,175412.84,26.70,31.60,100,501
22:58:48,45993.96,2256.63,177490.75,27.10,31.60,105,645
22:59:49,44783.38,2247.83,174040.20,26.90,31.60,102,521
23:0:49,46615.86,2274.35,177490.75,27.20,31.60,96,592
23:1:50,47249.23,2292.22,178188.52,27.00,31.60,99,597
23:2:50,47249.23,2274.35,177490.75,26.90,31.60,106,517
23:3:51,47249.23,2230.31,175412.84,27.00,31.50,97,460
23:4:51,48635.22,2292.40,181682.27,27.30,31.50,111,675
23:5:52,48551.73,2283.27,179591.83,27.10,31.60,123,714
23:6:52,48943.04,2301.61,179515.83,27.10,31.50,101,532
23:7:53,48112.15,2274.35,179591.83,27.20,31.50,95,451
23:8:53,48331.25,2283.27,178188.52,27.20,31.50,99,522
23:9:54,48344.83,2261.23,178478.66,27.20,31.40,100,444
23:10:54,48112.15,2247.83,178888.88,27.50,31.40,98,431
23:11:55,49904.16,2301.20,183864.92,27.50,31.40,100,470
23:12:55,50600.00,2301.20,182429.92,27.30,31.50,109,580
23:13:56,49904.16,2292.22,180297.38,27.20,31.40,91,521
23:14:56,49238.10,2279.04,178478.66,27.40,31.40,79,595
23:15:57,48112.15,2274.35,176795.58,27.40,31.40,95,436
23:16:57,48331.25,2283.27,181005.59,27.40,31.40,96,535
23:17:58,50366.56,2402.45,187500.00,27.40,31.40,160,538
23:18:58,51405.23,2384.08,186742.44,26.70,31.40,108,516
23:19:59,49447.62,2310.22,179591.83,26.70,31.40,97,503
23:20:59,48773.59,2274.35,179591.83,27.20,31.40,106,517
23:21:59,49324.84,2333.60,182706.78,27.40,31.30,105,358
23:23:0,48496.86,2310.66,182363.98,27.30,31.30,105,337
23:24:0,47036.81,2283.27,176102.92,27.50,31.30,108,568
23:25:1,47462.97,2274.35,178188.52,27.50,31.30,106,379
23:26:1,46615.86,2221.61,174725.27,27.40,31.30,99,316
23:27:2,47894.41,2301.20,178888.88,27.60,31.30,108,607
23:28:2,46615.86,2230.31,173357.66,27.10,31.30,101,374
23:29:3,47757.77,2265.61,176752.75,27.50,31.30,99,291
23:30:3,46615.86,2247.83,174040.20,27.60,31.30,98,392
23:31:4,44585.80,2195.70,167324.95,27.60,31.30,106,516
23:32:4,46631.91,2256.97,173897.05,27.70,31.30,105,469
23:33:5,46623.86,2252.38,169565.20,27.50,31.30,113,429
23:34:5,44783.38,2178.60,170652.16,27.60,31.30,108,342
23:35:6,44783.38,2195.70,168648.64,28.00,31.30,108,348
23:36:6,45590.36,2226.04,172262.77,28.00,31.30,121,520
23:37:7,46139.81,2256.86,172577.69,27.90,31.30,100,490
23:38:7,45585.58,2221.61,173357.66,27.80,31.30,115,595
23:39:8,44982.14,2195.70,170652.16,28.10,31.20,106,320
23:40:8,45383.23,2247.83,172000.00,28.30,31.20,119,587
23:41:9,44652.82,2195.69,169927.52,28.20,31.20,106,331
23:42:9,45383.23,2221.61,172677.58,28.20,31.20,107,390
23:43:10,45590.36,2234.78,171584.69,28.10,31.20,104,415
23:44:10,46407.30,2247.83,175412.84,28.00,31.20,111,461
23:45:11,45993.96,2283.27,178888.88,28.00,31.10,114,496
23:46:11,48551.73,2328.37,181005.59,27.90,31.20,113,295
23:47:12,47678.02,2292.22,178888.88,27.40,31.10,30120,30424
23:48:12,49675.16,2355.87,183146.09,27.80,31.10,102,490
23:49:13,51094.46,2324.19,185633.28,27.50,31.10,101,534
23:50:13,60278.39,2440.91,191938.58,27.50,31.10,166,514
23:51:14,60138.69,2430.86,191204.61,26.80,31.10,124,588
23:52:14,57808.50,2411.89,192706.33,26.80,31.10,100,399
23:53:15,56736.84,2388.96,191554.70,27.10,31.10,104,379
23:54:15,54551.02,2411.89,189714.30,27.20,31.10,104,343
23:55:16,58666.68,2421.35,188973.39,27.20,31.00,111,331
23:56:16,53777.77,2283.27,180297.38,26.80,31.00,107,484
23:57:17,57730.49,2455.07,193834.30,27.60,31.00,102,414
23:58:17,60742.66,2411.89,194980.70,27.10,31.00,107,372
23:59:18,63250.00,2479.00,196511.64,27.10,31.00,137,524
