Hora,O3,NO2,CO,Humedad,Temperatura,P25,P10
0:0:18,60138.69,2355.87,190458.02,26.80,31.00,133,598
0:1:19,60560.89,2403.70,191153.86,27.30,31.00,106,518
0:2:19,57779.35,2310.66,184528.31,27.20,31.00,111,440
0:3:20,55340.20,2274.35,186767.50,27.60,31.00,101,352
0:4:20,53777.77,2283.27,184586.48,27.40,31.00,102,302
0:5:21,52770.76,2265.48,181005.59,27.60,31.00,107,315
0:6:21,54216.95,2333.06,189333.34,27.90,31.00,101,611
0:7:22,52277.23,2310.22,181005.59,27.40,31.00,102,366
0:8:22,54812.29,2383.71,193461.55,27.50,31.00,98,291
0:9:23,52523.18,2310.22,183864.92,27.30,31.00,117,398
0:10:23,51790.16,2310.22,181005.59,27.60,31.00,101,342
0:11:24,55606.89,2440.41,190458.02,27.50,31.00,108,407
0:12:24,54326.53,2370.26,188571.44,27.00,31.00,100,313
0:13:25,53523.49,2346.67,187500.00,27.30,31.00,101,492
0:14:25,61355.56,2459.63,196511.64,27.40,31.00,104,266
0:15:26,60439.56,2393.06,191954.03,26.60,30.90,106,420
0:16:26,59543.48,2365.11,188973.39,26.70,30.90,106,351
0:17:27,61731.35,2445.96,194584.14,26.80,30.90,131,596
0:18:27,59010.84,2370.26,193063.58,26.70,30.90,100,554
0:19:28,54291.52,2301.20,184586.48,27.10,30.80,100,318
0:20:28,54551.02,2319.28,182429.92,27.50,30.80,97,423
0:21:29,53993.22,2301.61,182363.98,27.40,30.80,100,355
0:22:29,52204.62,2278.88,181343.31,27.40,30.80,100,380
0:23:30,60439.56,2450.00,195744.69,27.50,30.80,103,387
0:24:30,58956.84,2411.89,190458.02,26.70,30.80,100,426
0:25:31,56692.30,2346.67,188235.31,26.90,30.80,102,438
0:26:31,55647.05,2306.02,184180.80,27.30,30.80,112,494
0:27:32,56384.61,2365.78,187452.48,27.40,30.80,98,409
0:28:32,51071.43,2247.83,182429.92,27.20,30.80,98,589
0:29:33,51790.16,2310.22,182429.92,27.80,30.80,132,679
0:30:33,65828.13,2493.95,200000.02,27.50,30.80,103,434
0:31:34,59600.00,2351.72,186363.64,26.70,30.80,106,402
0:32:34,60580.89,2393.46,189694.66,27.30,30.80,96,641
0:33:35,65571.98,2450.00,191204.61,26.90,30.80,103,501
0:34:35,73084.73,2494.56,196887.17,26.80,30.80,102,440
0:35:36,72563.02,2469.29,194980.70,26.70,30.80,98,510
0:36:36,76087.32,2518.91,200392.16,26.80,30.80,93,430
0:37:37,67847.99,2402.87,191187.75,26.70,30.80,98,543
0:38:37,68023.99,2450.00,194219.66,27.10,30.70,102,455
0:39:38,73897.43,2534.18,198437.50,26.90,30.70,100,608
0:40:38,68750.00,2488.75,194980.70,26.70,30.70,96,397
0:41:39,58092.54,2337.50,183864.92,26.80,30.70,92,346
0:42:39,63900.76,2440.41,197281.56,27.30,30.70,90,363
0:43:40,67759.99,2484.76,198437.50,26.80,30.70,100,515
0:44:40,64891.47,2470.42,193436.30,26.80,30.70,94,393
0:45:41,61977.62,2421.35,191954.03,26.90,30.70,100,442
0:46:41,57293.28,2360.98,186363.64,27.10,30.70,102,391
0:47:42,58092.54,2365.11,188973.39,27.30,30.70,96,400
0:48:42,58430.10,2407.80,190057.38,27.30,30.70,96,341
0:49:43,59543.48,2411.89,193461.55,27.10,30.70,106,723
0:50:43,58378.58,2383.71,186037.73,27.00,30.70,108,384
0:51:44,58142.85,2370.26,188571.44,27.10,30.70,100,510
0:52:44,53523.49,2301.20,180297.38,27.30,30.70,98,313
0:53:45,51333.33,2270.12,179888.27,27.70,30.70,101,368
0:54:45,53020.00,2355.87,186037.73,27.80,30.70,103,356
0:55:46,54551.02,2374.39,186767.50,27.60,30.70,113,419
0:56:46,53523.49,2319.28,183864.92,27.30,30.70,106,388
0:57:47,55113.40,2379.59,187832.72,27.50,30.70,108,358
0:58:47,57526.50,2319.28,186767.50,27.30,30.80,107,342
0:59:48,59840.00,2365.11,186037.73,27.30,30.70,111,312
1:0:48,58430.10,2333.33,186363.64,27.30,30.80,108,366
1:1:49,60138.69,2383.71,193461.55,27.60,30.70,112,254
1:2:49,56692.30,2301.20,183864.92,27.30,30.80,101,466
1:3:50,61355.56,2374.39,191954.03,27.50,30.80,111,276
1:4:50,69117.41,2479.00,192706.33,27.10,30.80,107,233
1:5:51,62609.02,2337.50,187500.00,27.00,30.70,102,467
1:6:51,73770.20,2488.75,196511.64,27.50,30.70,104,225
1:7:52,65914.06,2383.71,188973.39,26.90,30.70,118,448
1:8:52,65232.56,2365.11,187500.00,27.30,30.70,113,328
1:9:53,60439.56,2292.22,184586.48,27.30,30.70,109,416
1:10:53,71385.89,2450.00,194980.70,27.60,30.80,106,431
1:11:54,78473.22,2469.29,194980.70,27.20,30.70,104,423
1:12:54,66172.55,2314.86,187855.80,27.10,30.70,103,426
1:13:55,74592.27,2450.00,196511.64,27.70,30.70,110,395
1:14:55,67665.34,2328.37,191954.03,27.20,30.70,109,375
1:15:56,72075.30,2388.57,191570.89,27.50,30.70,126,481
1:16:56,77145.38,2479.00,198830.42,27.40,30.70,110,385
1:17:57,86201.92,2518.24,203550.28,27.20,30.70,98,368
1:18:57,74592.27,2365.11,189714.30,27.10,30.60,106,493
1:19:58,85171.44,2528.15,198830.42,27.60,30.60,109,378
1:20:58,80300.01,2440.41,196511.64,27.10,30.60,98,502
1:21:59,75756.52,2435.88,196124.05,27.50,30.60,103,229
1:22:59,68385.54,2310.22,183146.09,27.40,30.60,108,408
1:24:0,70617.27,2337.50,183864.92,27.80,30.60,107,408
1:25:0,69861.22,2355.87,192706.33,27.70,30.60,99,440
1:26:1,71774.99,2430.86,195744.69,27.80,30.60,107,222
1:27:1,87785.36,2538.11,198830.42,27.40,30.70,106,288
1:28:2,94010.30,2548.10,203550.28,27.00,30.60,102,260
1:29:2,86618.36,2464.73,199218.75,27.20,30.60,107,230
1:30:3,73364.40,2374.39,191204.61,27.50,30.60,104,368
1:31:3,74592.27,2402.45,194219.66,27.60,30.60,103,301
1:32:4,63900.76,2247.83,181716.44,27.50,30.60,113,440
1:33:4,71774.99,2393.06,194980.70,28.10,30.60,109,311
1:34:5,69861.22,2374.39,191204.61,27.60,30.60,107,293
1:35:5,72167.35,2440.41,194980.70,27.70,30.60,106,321
1:36:6,76279.48,2450.00,193461.55,27.60,30.60,107,276
1:37:6,88866.99,2538.11,205148.52,27.50,30.60,101,456
1:38:7,82194.45,2421.35,193461.55,27.20,30.60,103,484
1:39:7,68023.99,2292.22,186767.50,27.40,30.60,112,370
1:40:8,65232.56,2301.20,186767.50,28.00,30.60,104,374
1:41:8,69117.41,2365.11,196511.64,28.00,30.60,107,288
1:42:9,77292.05,2514.29,199217.23,27.80,30.60,105,419
1:43:9,74592.27,2488.75,199609.38,27.40,30.60,106,318
1:44:10,72167.35,2498.54,195744.69,27.40,30.60,105,291
1:45:10,76183.41,2493.95,199218.75,27.50,30.50,99,465
1:46:11,70999.99,2440.41,194219.66,27.50,30.40,103,260
1:47:11,72563.02,2469.29,195744.69,27.70,30.40,106,272
1:48:12,72563.02,2498.54,196511.64,27.60,30.40,108,374
1:49:12,65828.13,2369.92,191570.89,27.60,30.30,103,326
1:50:13,60439.56,2328.37,186037.73,28.10,30.40,101,318
1:51:13,67309.52,2440.41,196511.64,28.20,30.40,102,328
1:52:14,76951.55,2509.01,200392.16,27.80,30.30,121,485
1:53:14,80200.01,2493.95,200000.02,27.60,30.40,102,511
1:54:15,67577.69,2323.94,187855.80,27.70,30.40,101,323
1:55:15,65315.18,2360.98,189312.98,28.20,30.40,101,288
1:56:16,66258.83,2402.45,189714.30,28.10,30.40,128,427
1:57:16,61977.62,2319.28,185310.75,28.00,30.40,99,306
1:58:17,68023.99,2459.63,195744.69,28.30,30.40,109,448
1:59:17,78026.68,2518.24,198830.42,27.70,30.40,107,374
2:0:18,69487.80,2374.39,189714.30,27.60,30.40,114,398
2:1:18,71385.89,2469.29,196511.64,28.10,30.40,99,317
2:2:19,81990.75,2509.01,200392.16,27.80,30.30,102,474
2:3:19,74592.27,2518.24,198054.48,27.80,30.40,95,300
2:4:20,72563.02,2469.29,194219.66,27.80,30.30,102,486
2:5:20,80000.01,2544.19,199217.23,27.90,30.30,100,623
2:6:21,83168.23,2508.37,198054.48,27.80,30.30,99,315
2:7:21,70237.70,2383.71,188973.39,27.90,30.30,100,380
2:8:22,68750.00,2393.06,197281.56,28.30,30.20,98,292
2:9:22,77584.08,2538.11,199609.38,28.40,30.30,101,378
2:10:23,73770.20,2508.37,201964.64,28.00,30.20,95,239
2:11:23,85171.44,2598.72,203550.28,28.10,30.20,97,361
2:12:24,87252.43,2568.22,202755.91,28.00,30.10,101,527
2:13:24,86201.92,2538.11,205952.38,28.10,30.10,97,286
2:14:25,95218.74,2578.34,204347.81,28.20,30.10,105,413
2:15:25,97079.36,2578.34,210843.36,28.20,30.10,106,447
2:16:26,90530.00,2538.11,199609.38,28.20,30.00,104,357
2:17:26,84056.61,2493.95,200784.33,28.40,30.00,95,467
2:18:27,79837.11,2459.63,195744.69,28.50,30.00,97,445
2:19:27,69487.80,2355.87,191954.03,28.60,30.00,98,303
2:20:28,77145.38,2538.11,198054.48,28.90,30.00,106,633
2:21:28,77584.08,2488.75,198054.48,28.40,30.00,96,430
2:22:29,75008.61,2558.14,202755.91,28.60,30.00,103,450
2:23:29,72167.35,2498.54,198830.42,28.50,30.00,96,370
2:24:30,72167.35,2498.54,202755.91,28.50,30.00,104,517
2:25:30,63574.15,2337.50,186037.73,28.50,30.00,118,724
2:26:30,62928.30,2319.28,190458.02,28.90,30.00,102,338
2:27:31,59897.82,2333.33,186363.64,29.10,30.00,106,392
2:28:31,63250.00,2402.45,192706.33,29.00,30.10,98,289
2:29:32,70237.70,2498.54,196511.64,28.80,30.10,109,383
2:30:32,70147.54,2455.07,195357.84,28.50,30.10,111,366
2:31:33,77733.34,2524.21,203960.39,28.60,30.10,105,328
2:32:33,82679.07,2548.10,203550.28,28.50,30.10,112,391
2:33:34,76279.48,2283.27,178188.52,28.40,30.10,105,337
2:34:34,85171.44,2488.75,198054.48,28.30,30.00,97,294
2:35:35,90530.00,2528.15,197281.56,28.60,30.00,106,506
2:36:35,80300.01,2469.29,196511.64,28.70,30.00,107,320
2:37:36,78026.68,2450.00,191204.61,28.40,29.90,106,260
2:38:36,70617.27,2383.71,191954.03,28.70,29.90,99,346
2:39:37,77584.08,2479.00,198054.48,28.90,29.90,106,412
2:40:37,83168.23,2518.24,197281.56,28.60,29.90,109,362
2:41:38,87785.36,2538.11,201964.64,28.60,29.90,103,374
2:42:38,73364.40,2393.06,191954.03,28.60,29.90,107,282
2:43:39,66258.83,2337.50,188973.39,28.90,29.90,107,340
2:44:39,68023.99,2355.87,192706.33,29.20,30.00,108,366
2:45:40,73991.45,2460.17,196504.86,29.30,30.00,100,465
2:46:40,75142.85,2436.36,197660.83,28.80,30.00,105,396
2:47:41,71774.99,2459.63,194980.70,28.60,30.00,112,392
2:48:41,65571.98,2328.37,188235.31,28.90,30.00,105,400
2:49:42,62292.14,2319.28,186037.73,29.10,30.00,103,422
2:50:42,72470.58,2464.73,199218.75,29.10,30.00,108,438
2:51:43,65571.98,2355.87,186767.50,28.80,30.10,152,500
2:52:43,60742.66,2301.20,188973.39,29.00,30.00,104,339
2:53:44,68297.19,2445.45,195357.84,29.30,30.10,104,278
2:54:44,75008.61,2479.00,201176.48,28.70,30.10,99,406
2:55:45,72711.85,2476.15,199214.16,28.60,30.10,104,386
2:56:45,69861.22,2421.35,191954.03,28.80,30.10,105,481
2:57:46,72563.02,2459.63,194219.66,28.70,30.10,105,327
2:58:46,75008.61,2479.00,197281.56,28.80,30.10,105,244
2:59:47,83168.23,2469.29,200391.39,28.80,30.10,106,401
3:0:47,81714.29,2450.00,196511.64,28.80,30.10,103,418
3:1:48,78080.37,2470.42,201181.09,28.90,30.00,105,371
3:2:48,91666.66,2538.11,205952.38,28.70,30.00,98,377
3:3:49,87785.36,2498.54,200391.39,28.70,30.00,108,265
3:4:49,83168.23,2411.89,192706.33,28.90,30.00,107,414
3:5:50,87145.63,2493.95,204752.47,29.00,30.00,99,234
3:6:50,91095.48,2548.10,200391.39,28.90,30.00,116,370
3:7:51,95218.74,2518.24,201964.64,28.50,29.90,102,417
3:8:51,85066.67,2474.43,199218.75,28.70,29.90,103,397
3:9:52,82679.07,2469.29,195744.69,28.70,29.90,101,415
3:10:52,87463.41,2494.56,202366.86,28.70,29.90,103,394
3:11:53,73395.73,2328.89,185255.22,28.80,29.90,104,384
3:12:53,69487.80,2319.28,190458.02,28.80,29.90,105,406
3:13:54,98526.88,2590.17,201972.38,29.40,30.00,105,364
3:14:54,108593.00,2579.15,211693.55,28.60,29.90,104,246
3:15:55,91444.44,2450.52,196504.86,28.70,29.80,104,462
3:16:55,106228.55,2564.33,205566.61,29.00,29.80,100,375
3:17:56,103033.32,2538.11,199609.38,28.90,29.80,104,355
3:18:56,110388.21,2558.14,207569.72,28.90,29.80,138,461
3:19:57,89415.84,2374.39,193461.55,29.00,29.70,116,408
3:20:57,81238.54,2374.39,191954.03,29.30,29.70,99,367
3:21:58,108848.82,2578.34,210020.03,29.30,29.80,104,281
3:22:58,93302.56,2435.88,193834.30,28.90,29.80,99,368
3:23:59,78923.78,2346.67,188973.39,29.30,29.70,97,303
3:24:59,78473.22,2374.39,189714.30,29.40,29.80,103,392
3:26:0,81714.29,2440.41,194219.66,29.30,29.80,103,440
3:27:0,110911.22,2558.90,204356.44,29.20,29.80,111,590
3:28:1,100315.20,2498.54,204347.81,29.00,29.80,102,307
3:29:1,104314.59,2523.53,202362.20,29.10,29.70,102,551
3:30:2,84160.38,2374.39,194980.70,29.10,29.70,99,560
3:31:2,86299.52,2412.76,192678.23,29.50,29.70,100,401
3:32:3,74592.27,2328.37,189714.30,29.50,29.60,104,351
3:33:3,76279.48,2383.71,194219.66,29.70,29.70,103,506
3:34:4,90530.00,2498.54,201964.64,29.50,29.70,97,415
3:35:4,94010.30,2479.00,197281.56,29.20,29.70,101,316
3:36:5,85066.67,2397.95,197665.38,29.20,29.60,100,440
3:37:5,84663.51,2430.86,199609.38,29.40,29.70,101,337
3:38:6,91222.22,2460.71,198046.88,29.10,29.70,98,304
3:39:6,81714.29,2411.89,195744.69,29.20,29.70,101,259
3:40:7,71385.89,2337.50,188973.39,29.30,29.70,100,385
3:41:7,82194.45,2421.35,194980.70,29.40,29.70,100,371
3:42:8,81238.54,2421.35,194219.66,29.30,29.70,103,485
3:43:8,76710.54,2355.87,189714.30,29.20,29.70,114,493
3:44:9,85171.44,2469.29,202755.91,29.50,29.70,97,316
3:45:9,79737.56,2407.38,193076.94,29.20,29.70,94,264
3:46:10,85171.44,2508.37,200391.39,29.30,29.70,96,340
3:47:10,75469.56,2356.50,188931.30,29.20,29.70,139,508
3:48:11,70909.09,2342.22,190822.19,29.60,29.70,94,359
3:49:11,72167.35,2402.45,192706.33,29.50,29.70,97,368
3:50:12,74179.48,2319.28,190458.02,29.30,29.80,97,468
3:51:12,78473.22,2421.35,194980.70,29.00,29.80,102,521
3:52:13,82474.42,2460.17,200392.16,29.10,29.80,105,292
3:53:13,75852.19,2374.39,189714.30,29.20,29.70,105,291
3:54:14,70636.35,2365.78,191923.09,29.40,29.70,94,383
3:55:14,82194.45,2548.10,198830.42,29.50,29.80,103,544
3:56:15,86724.64,2518.24,202755.91,29.00,29.80,168,548
3:57:15,115803.65,2620.17,213360.31,29.00,29.80,118,560
3:58:16,114266.64,2604.27,213765.17,28.90,29.70,101,495
3:59:16,91908.63,2426.80,196887.17,29.00,29.70,101,417
4:0:17,116073.59,2588.51,210020.03,29.50,29.60,102,303
4:1:17,110388.21,2568.22,205952.38,29.30,29.60,104,415
4:2:18,97712.76,2488.75,202755.91,29.40,29.50,102,262
4:3:18,89970.15,2440.41,197281.56,29.60,29.50,105,282
4:4:19,95832.45,2450.00,194219.66,29.60,29.50,104,264
4:5:19,97079.36,2488.75,201964.64,29.60,29.50,113,332
4:6:20,94611.40,2450.00,198054.48,29.60,29.50,103,376
4:7:20,92243.65,2518.24,200391.39,29.60,29.50,101,372
4:8:21,86201.92,2440.41,195744.69,29.40,29.50,111,274
4:9:21,118249.96,2625.81,209638.55,29.50,29.50,111,337
4:10:22,115839.47,2602.15,212601.61,29.30,29.50,102,377
4:11:22,97712.76,2450.00,199609.38,29.40,29.50,100,410
4:12:23,83661.98,2365.11,191954.03,29.70,29.50,100,384
4:13:23,85171.44,2421.35,194219.66,30.00,29.50,108,458
4:14:24,97712.76,2488.75,201176.48,29.80,29.50,102,409
4:15:24,101659.33,2508.37,204347.81,29.70,29.50,102,387
4:16:25,91095.48,2440.41,201176.48,29.60,29.40,108,388
4:17:25,86201.92,2421.35,199609.38,29.90,29.40,108,234
4:18:26,86201.92,2430.86,195744.69,29.90,29.50,107,457
4:19:26,95832.45,2608.97,210020.03,29.80,29.50,105,317
4:20:27,84160.38,2411.89,192706.33,29.60,29.50,106,291
4:21:27,73364.40,2292.22,190458.02,29.90,29.40,109,289
4:22:28,79837.11,2411.89,197281.56,29.60,29.50,113,487
4:23:28,88323.52,2488.75,204347.81,29.80,29.50,106,283
4:24:29,98999.99,2558.14,202755.91,29.60,29.60,100,384
4:25:29,95218.74,2518.24,205148.52,29.40,29.50,110,339
4:26:30,87252.43,2421.35,196511.64,29.40,29.50,119,336
4:27:30,109228.05,2605.14,212955.45,29.60,29.60,119,471
4:28:31,100983.59,2469.29,198054.48,29.30,29.60,106,231
4:29:31,101659.33,2538.11,205952.38,29.60,29.50,101,551
4:30:32,103731.83,2488.75,207569.72,29.40,29.50,109,428
4:31:32,102342.53,2479.00,201964.64,29.60,29.50,107,461
4:32:33,113578.28,2548.10,210843.36,29.60,29.50,107,321
4:33:33,120443.00,2608.97,211670.00,29.30,29.50,102,273
4:34:33,113445.75,2573.67,209619.23,29.30,29.50,105,316
4:35:34,115231.68,2568.22,210843.36,29.30,29.50,106,291
4:36:34,144711.16,2660.91,218404.89,29.20,29.60,103,302
4:37:35,134291.70,2598.72,210843.36,29.20,29.50,115,406
4:38:35,101659.33,2393.06,198830.42,29.50,29.40,103,205
4:39:36,103731.83,2479.00,204347.81,30.00,29.40,91,246
4:40:36,101659.33,2488.75,203550.28,29.70,29.40,101,369
4:41:37,95832.45,2528.15,201964.64,29.70,29.40,103,193
4:42:37,119547.13,2619.27,213333.31,29.60,29.40,114,429
4:43:38,98999.99,2459.63,201964.64,29.60,29.40,103,307
4:44:38,99654.04,2440.41,196511.64,29.90,29.40,104,483
4:45:39,89860.70,2426.34,197665.38,29.90,29.40,102,343
4:46:39,90530.00,2440.41,201964.64,30.00,29.40,101,397
4:47:40,94611.40,2440.41,198830.42,29.90,29.40,100,402
4:48:40,84961.91,2356.19,193448.94,29.90,29.50,105,342
4:49:41,91908.63,2475.00,203960.39,30.00,29.50,102,199
4:50:41,86932.04,2388.96,198437.50,29.40,29.50,119,407
4:51:42,81238.54,2402.45,198054.48,29.80,29.50,110,449
4:52:42,93302.56,2493.95,202362.20,29.70,29.50,121,332
4:53:43,87252.43,2393.06,197281.56,29.30,29.60,101,388
4:54:43,80767.13,2374.39,194219.66,29.70,29.60,99,250
4:55:44,86724.64,2450.00,196511.64,29.70,29.60,104,312
4:56:44,90530.00,2450.00,198054.48,29.40,29.60,103,424
4:57:45,83168.23,2383.71,194980.70,29.40,29.70,100,300
4:58:45,77145.38,2365.11,193461.55,29.50,29.60,101,252
4:59:46,81238.54,2421.35,196511.64,29.60,29.70,99,334
5:0:46,84160.38,2411.89,198054.48,29.30,29.60,99,450
5:1:47,73770.20,2319.28,190458.02,29.50,29.60,98,239
5:2:47,69861.22,2319.28,188235.31,29.60,29.70,97,391
5:3:48,71683.33,2342.22,192322.45,29.70,29.70,99,326
5:4:48,72167.35,2319.28,189714.30,29.50,29.70,102,311
5:5:49,103033.32,2548.10,210843.36,29.60,29.70,98,435
5:6:49,118524.96,2553.49,205555.55,29.00,29.70,101,383
5:7:50,105874.98,2508.37,203550.28,29.00,29.70,102,587
5:8:50,91333.33,2445.96,203960.39,29.20,29.60,97,293
5:9:51,103117.30,2534.88,204771.38,29.40,29.60,99,296
5:10:51,97999.99,2475.00,201574.80,29.20,29.60,99,293
5:11:52,82194.45,2301.20,189714.30,29.40,29.60,97,322
5:12:52,80300.01,2355.87,196511.64,29.50,29.60,103,342
5:13:53,91095.48,2430.86,199609.38,29.60,29.60,99,437
5:14:53,88866.99,2450.00,197281.56,29.40,29.60,99,487
5:15:54,93415.38,2421.35,199609.38,29.40,29.60,97,338
5:16:54,91095.48,2411.89,197281.56,29.40,29.60,97,400
5:17:55,84160.38,2346.67,193461.55,29.40,29.60,97,323
5:18:55,75428.56,2337.50,190458.02,29.70,29.60,95,307
5:19:56,84752.39,2384.46,193436.30,29.80,29.70,101,292
5:20:56,85684.21,2459.63,200391.39,29.50,29.70,97,261
5:21:57,98999.99,2538.11,203550.28,29.20,29.60,100,434
5:22:57,92243.65,2450.00,199609.38,29.00,29.60,98,338
5:23:58,102342.53,2578.34,208383.23,29.10,29.60,99,437
5:24:58,94611.40,2469.29,203550.28,29.10,29.60,93,316
5:25:59,97361.69,2554.24,206374.50,29.30,29.50,99,506
5:26:59,103033.32,2498.54,199609.38,29.30,29.50,98,363
5:28:0,98352.93,2538.11,211670.00,29.50,29.40,102,377
5:29:0,104438.19,2518.24,201176.48,29.50,29.40,100,387
5:30:1,81238.54,2187.13,176102.92,29.50,29.40,106,310
5:31:1,90530.00,2498.54,203550.28,29.60,29.40,101,241
5:32:2,90200.00,2484.76,200000.00,29.50,29.40,106,318
5:33:2,81888.90,2324.19,184905.67,29.70,29.30,107,421
5:34:3,80200.01,2388.57,196124.05,29.80,29.30,111,252
5:35:3,88866.99,2498.54,202755.91,30.00,29.30,105,311
5:36:4,95218.74,2498.54,206759.44,29.70,29.30,105,412
5:37:4,105028.23,2583.83,208800.00,29.80,29.30,104,327
5:38:5,88323.52,2440.41,197281.56,29.60,29.20,106,469
5:39:5,110129.39,2569.00,210040.16,30.00,29.20,108,352
5:40:6,108092.46,2598.72,213333.31,29.80,29.20,122,439
5:41:6,104438.19,2538.11,205148.52,29.90,29.10,107,474
5:42:7,112634.70,2604.27,212096.77,29.90,29.10,107,272
5:43:7,116073.59,2578.34,212500.00,29.90,29.10,111,376
5:44:8,99654.04,2518.24,200391.39,30.00,29.00,105,331
5:45:8,100983.59,2518.24,205952.38,29.90,28.90,103,264
5:46:9,105874.98,2588.51,206759.44,30.30,29.00,106,309
5:47:9,95218.74,2402.45,205952.38,29.80,28.90,112,390
5:48:10,105152.52,2558.14,207569.72,29.70,28.90,101,401
5:49:10,91666.66,2450.00,191204.61,29.80,28.90,107,265
5:50:11,95832.45,2568.22,204347.81,30.50,29.00,110,418
5:51:11,95486.90,2524.21,210462.77,29.90,28.90,112,335
5:52:12,90530.00,2479.00,198830.42,30.40,29.00,103,30444
5:53:12,79378.39,2383.71,191954.03,30.50,29.00,107,248
5:54:13,73364.40,2365.11,194980.70,30.90,29.00,106,259
5:55:13,72869.20,2416.84,194594.59,30.80,29.00,109,389
5:56:14,67665.34,2328.37,190458.02,30.60,29.10,104,440
5:57:14,65914.06,2346.67,190458.02,30.80,29.10,108,243
5:58:15,67309.52,2374.39,189714.30,30.70,29.20,107,378
5:59:15,75852.19,2479.00,200391.39,30.30,29.20,108,336
6:0:16,65914.06,2355.87,189714.30,30.20,29.20,101,288
6:1:16,67309.52,2421.35,194980.70,30.50,29.20,109,262
6:2:17,64810.81,2388.57,196893.20,30.50,29.20,106,373
6:3:17,59840.00,2328.37,188973.39,30.60,29.20,101,268
6:4:18,58956.84,2328.37,185310.75,30.70,29.30,104,460
6:5:18,59840.00,2337.50,191954.03,30.60,29.30,98,287
6:6:19,59304.36,2342.51,195348.84,30.50,29.40,105,342
6:7:19,56936.62,2319.76,189674.97,30.40,29.40,113,379
6:8:20,56968.41,2337.50,192706.33,30.40,29.40,103,412
6:9:20,57526.50,2374.39,195744.69,30.30,29.50,106,372
6:10:21,56461.53,2324.19,189312.98,30.20,29.50,105,439
6:11:21,57246.47,2328.37,194219.66,30.30,29.50,104,239
6:12:22,55875.43,2310.22,191204.61,30.30,29.50,99,229
6:13:22,56418.11,2337.50,187500.00,30.40,29.50,107,462
6:14:23,63900.76,2411.89,198054.48,30.20,29.50,104,246
6:15:23,59840.00,2328.37,193461.55,30.00,29.50,103,349
6:16:24,67665.34,2411.89,194980.70,30.30,29.50,105,395
6:17:24,73770.20,2488.75,203550.28,30.00,29.50,102,399
6:18:25,70237.70,2402.45,194980.70,29.90,29.50,103,285
6:19:25,81612.91,2523.53,206361.83,29.80,29.40,103,503
6:20:26,95832.45,2578.34,207569.72,29.90,29.40,104,473
6:21:26,91095.48,2508.37,204347.81,30.00,29.30,103,373
6:22:27,81137.62,2407.38,196893.20,30.10,29.20,100,330
6:23:27,73364.40,2393.06,198054.48,30.50,29.20,98,235
6:24:28,75756.52,2426.34,197665.38,30.70,29.20,97,266
6:25:28,78923.78,2430.86,201176.48,30.50,29.20,119,444
6:26:28,75852.19,2411.89,197281.56,30.50,29.20,103,271
6:27:29,68750.00,2355.87,191204.61,30.70,29.20,102,247
6:28:29,66956.52,2355.87,193461.55,30.80,29.30,100,368
6:29:30,62928.30,2328.37,189714.30,30.80,29.30,101,329
6:30:30,63574.15,2355.87,194219.66,30.80,29.30,104,343
6:31:31,62292.14,2355.87,191954.03,30.80,29.40,100,452
6:32:31,60439.56,2355.87,191204.61,30.60,29.40,96,362
6:33:32,63166.67,2416.84,195357.84,30.60,29.40,97,347
6:34:32,61047.98,2337.50,194219.66,30.30,29.40,100,378
6:35:33,59010.84,2324.19,190057.38,30.60,29.40,102,376
6:36:33,56968.41,2337.50,187500.00,30.70,29.40,94,292
6:37:34,55340.20,2301.20,188235.31,30.80,29.40,105,259
6:38:34,56069.44,2342.22,188593.17,30.80,29.40,101,398
6:39:35,54551.02,2328.37,187500.00,30.80,29.40,98,326
6:40:35,56615.38,2333.06,189333.34,30.90,29.50,98,381
6:41:36,59543.48,2355.87,191954.03,30.80,29.50,102,310
6:42:36,62292.14,2393.06,194980.70,30.70,29.50,103,352
6:43:37,63250.00,2355.87,189714.30,30.70,29.40,103,268
6:44:37,65062.02,2412.32,194971.00,30.80,29.40,98,286
6:45:38,60661.77,2323.94,190076.34,30.60,29.50,102,296
6:46:38,64895.75,2402.45,195744.69,30.80,29.50,105,350
6:47:39,61047.98,2319.28,189714.30,30.50,29.40,98,523
6:48:39,60966.80,2369.92,191570.89,30.80,29.50,101,344
6:49:40,64725.87,2421.81,196504.86,30.70,29.50,95,294
6:50:40,63574.15,2402.45,191954.03,30.60,29.50,101,489
6:51:41,61047.98,2337.50,191204.61,30.70,29.40,97,292
6:52:41,61355.56,2374.39,191954.03,30.80,29.40,98,301
6:53:42,61665.43,2374.39,191954.03,30.90,29.40,90,286
6:54:42,58719.43,2315.09,188571.44,30.90,29.40,103,340
6:55:43,57091.54,2319.52,188952.39,31.00,29.50,99,352
6:56:43,56968.41,2328.37,188235.31,31.00,29.40,96,325
6:57:44,57246.47,2337.50,188973.39,31.10,29.50,99,479
6:58:44,56968.41,2328.37,196511.64,31.20,29.50,103,333
6:59:45,56341.46,2323.94,187855.80,31.30,29.50,103,290
7:0:45,59249.10,2374.39,192706.33,31.20,29.50,92,237
7:1:46,64476.93,2379.23,193076.94,31.10,29.40,102,294
7:2:46,58666.68,2319.28,189714.30,31.10,29.50,95,321
7:3:47,63323.20,2370.26,198437.50,31.10,29.40,100,326
7:4:47,66519.69,2351.42,188593.17,31.10,29.50,142,439
7:5:48,63574.15,2346.67,190458.02,31.10,29.40,102,252
7:6:48,64561.54,2346.67,188973.39,31.20,29.50,108,238
7:7:49,59840.00,2328.37,187500.00,31.20,29.40,101,415
7:8:49,61715.36,2370.96,193036.77,31.30,29.40,102,464
7:9:50,58092.54,2328.37,185310.75,31.20,29.50,105,328
7:10:50,56891.22,2351.42,191570.89,31.20,29.40,109,317
7:11:51,54033.78,2301.20,186037.73,31.30,29.50,104,297
7:12:51,53523.49,2337.50,187500.00,31.40,29.50,102,337
7:13:52,60742.66,2383.71,191954.03,31.30,29.50,107,392
7:14:52,56736.84,2351.72,188571.44,31.30,29.40,111,317
7:15:53,54033.78,2328.37,187500.00,31.40,29.50,99,182
7:16:53,53375.84,2337.78,187476.30,31.60,29.50,104,330
7:17:54,54291.52,2346.67,190458.02,31.70,29.40,108,468
7:18:54,51549.02,2310.22,183864.92,31.60,29.50,110,315
7:19:55,50366.56,2292.22,186037.73,31.70,29.50,100,238
7:20:55,50600.00,2310.22,185310.75,31.80,29.40,106,385
7:21:56,49447.62,2292.22,183864.92,32.00,29.50,106,359
7:22:56,50834.95,2328.37,186767.50,32.10,29.50,105,329
7:23:57,49447.62,2292.22,184586.48,32.30,29.50,103,386
7:24:57,51071.43,2355.87,189714.30,32.40,29.50,102,386
7:25:58,50134.61,2301.20,182429.92,32.40,29.50,110,338
7:26:58,50366.56,2301.20,186037.73,32.40,29.50,104,458
7:27:59,50225.08,2283.43,186742.44,32.50,29.40,103,275
7:28:59,49447.62,2274.35,185310.75,32.50,29.50,100,440
7:30:0,49675.16,2283.27,188235.31,32.50,29.50,106,306
7:31:0,48996.85,2319.28,183864.92,32.50,29.50,111,297
7:32:1,49904.16,2301.20,187500.00,32.70,29.50,108,365
7:33:1,49675.16,2319.28,185310.75,32.80,29.50,105,361
7:34:2,50928.57,2346.96,191187.75,32.90,29.50,104,322
7:35:2,51309.45,2355.87,191954.03,33.00,29.50,105,247
7:36:3,50295.82,2323.94,190076.34,33.00,29.50,99,293
7:37:3,49221.52,2319.28,185310.75,33.00,29.50,101,327
7:38:4,49221.52,2328.37,185310.75,33.10,29.50,106,315
7:39:4,49675.16,2310.22,188235.31,33.00,29.50,103,461
7:40:5,48996.85,2310.22,189714.30,32.90,29.50,107,328
7:41:5,47678.02,2292.22,181716.44,32.70,29.50,101,417
7:42:6,48551.73,2301.20,186037.73,32.60,29.50,103,328
7:43:6,49221.52,2301.20,189714.30,32.50,29.50,103,293
7:44:7,49904.16,2328.37,188973.39,32.40,29.60,103,253
7:45:7,47473.69,2261.23,182022.50,32.40,29.60,106,375
7:46:8,47678.02,2274.35,181005.59,32.70,29.60,105,441
7:47:8,47678.02,2256.63,181005.59,33.10,29.60,103,476
7:48:9,47249.23,2292.22,181005.59,33.10,29.60,104,651
7:49:9,46615.86,2256.63,178188.52,33.10,29.60,106,529
7:50:10,47249.23,2283.27,182429.92,33.10,29.50,100,452
7:51:10,47181.54,2278.88,181343.31,33.20,29.60,108,307
7:52:11,45993.96,2230.31,176102.92,33.30,29.50,98,325
7:53:11,47113.85,2256.75,182397.03,33.30,29.60,112,484
7:54:12,46825.69,2256.63,176102.92,33.40,29.60,101,507
7:55:12,46407.30,2239.05,177490.75,33.40,29.50,104,394
7:56:13,46139.81,2239.21,175322.28,33.40,29.60,122,525
7:57:13,45789.16,2204.31,176795.58,33.60,29.60,101,470
7:58:14,45789.16,2247.83,172677.58,33.50,29.60,97,445
7:59:14,46615.86,2256.63,178188.52,33.50,29.60,103,362
8:0:15,46273.56,2239.13,177449.16,33.30,29.60,101,335
8:1:15,46407.30,2230.31,177490.75,33.20,29.60,104,559
8:2:16,47918.75,2274.80,183773.59,33.10,29.60,101,397
8:3:16,48331.25,2292.22,181005.59,33.00,29.60,99,399
8:4:17,48112.15,2301.20,180297.38,32.90,29.60,108,204
8:5:17,47678.02,2292.22,181716.44,32.80,29.60,100,651
8:6:18,47462.97,2230.31,176795.58,32.80,29.50,98,595
8:7:18,47462.97,2247.83,178888.88,32.80,29.50,100,291
8:8:19,46766.88,2239.21,176709.78,32.80,29.50,105,457
8:9:19,46407.30,2239.05,177490.75,32.90,29.50,99,600
8:10:20,46200.00,2221.61,178188.52,32.90,29.60,103,470
8:11:20,45383.23,2221.61,176795.58,32.90,29.60,99,377
8:12:21,44783.38,2187.13,174040.20,32.90,29.60,107,660
8:13:21,47894.41,2292.22,182429.92,32.90,29.60,100,718
8:14:22,45993.96,2239.05,178188.52,32.90,29.60,101,606
8:15:22,45993.96,2239.05,178888.88,33.00,29.60,96,412
8:16:23,45993.96,2239.05,177490.75,32.90,29.60,110,577
8:17:23,46978.46,2239.21,180223.86,32.80,29.60,114,537
8:18:24,45789.16,2239.05,178188.52,32.90,29.70,99,586
8:19:24,46200.00,2247.83,178188.52,32.90,29.70,99,489
8:20:24,45585.58,2239.05,179591.83,32.80,29.70,119,652
8:21:25,45789.16,2221.61,178188.52,32.80,29.80,95,434
8:22:25,46407.30,2221.61,179591.83,32.90,29.70,94,399
8:23:26,47462.97,2283.27,181716.44,32.80,29.70,97,564
8:24:26,47395.07,2252.28,179925.64,32.50,29.80,98,677
8:25:27,47181.54,2243.48,180633.14,32.30,29.70,108,493
8:26:27,47462.97,2265.48,181005.59,32.20,29.70,96,393
8:27:28,46407.30,2230.31,177490.75,32.20,29.70,101,388
8:28:28,47113.85,2195.69,178148.13,32.20,29.70,91,447
8:29:29,50154.34,2324.19,187832.72,31.80,29.80,96,414
8:30:29,49221.52,2346.67,184586.48,31.80,29.70,94,473
8:31:30,48262.50,2269.98,181343.31,32.00,29.70,100,440
8:32:30,48331.25,2274.35,184586.48,32.10,29.70,96,448
8:33:31,47249.23,2239.05,181005.59,32.10,29.70,97,487
8:34:31,50225.08,2292.40,184557.45,32.20,29.70,97,581
8:35:32,48551.73,2283.27,180297.38,32.00,29.70,101,298
8:36:32,50600.00,2310.22,186767.50,32.00,29.70,101,398
8:37:33,50387.10,2306.02,187832.72,32.20,29.80,101,525
8:38:33,50366.56,2310.22,183146.09,32.50,29.70,103,464
8:39:34,48331.25,2230.31,183864.92,32.70,29.80,103,406
8:40:34,47678.02,2247.83,182429.92,32.70,29.70,101,597
8:41:35,47678.02,2230.31,177490.75,32.70,29.80,98,482
8:42:35,62609.02,2383.71,189714.30,32.70,29.80,98,456
8:43:36,61977.62,2365.11,190458.02,33.00,29.80,143,799
8:44:36,51986.80,2221.70,180934.56,33.20,29.70,99,419
8:45:37,51071.43,2256.63,183146.09,32.90,29.70,103,605
8:46:37,51309.45,2292.22,183146.09,32.70,29.90,100,353
8:47:38,56704.22,2380.33,191522.16,32.90,30.20,123,616
8:48:38,52770.76,2239.05,181005.59,31.80,30.70,109,329
8:49:39,53449.66,2296.80,184210.55,30.70,31.40,117,566
8:50:39,52277.23,2239.05,181716.44,29.80,31.90,103,480
8:51:40,52946.67,2182.85,177121.75,29.20,32.60,119,611
8:52:40,53270.90,2256.63,183146.09,28.70,33.20,102,416
8:53:41,52523.18,2292.22,187500.00,27.80,33.60,102,309
8:54:41,53270.90,2328.37,185310.75,27.50,34.10,111,501
8:55:42,56814.03,2365.45,192692.33,26.80,34.50,119,475
8:56:42,58378.58,2346.67,188235.31,26.30,34.80,115,635
8:57:43,62609.02,2383.71,192706.33,26.00,35.10,118,554
8:58:43,68385.54,2411.89,194219.66,25.50,35.40,97,467
8:59:44,68023.99,2374.39,190458.02,25.00,35.50,109,478
9:0:44,75852.19,2402.45,196511.64,24.60,35.70,97,381
9:1:45,72167.35,2411.89,194980.70,24.30,35.90,105,651
9:2:45,68023.99,2365.11,191204.61,24.50,36.00,100,579
9:3:46,67309.52,2365.11,188235.31,24.50,36.10,92,560
9:4:46,63574.15,2346.67,191204.61,24.50,36.10,91,524
9:5:47,69322.45,2403.70,194186.06,24.80,36.00,93,602
9:6:47,66606.30,2365.11,191204.61,24.90,36.10,98,588
9:7:48,82679.07,2440.41,198054.48,24.80,36.00,91,578
9:8:48,107218.37,2484.17,201571.72,24.50,36.00,92,548
9:9:49,92826.52,2430.86,200391.39,24.40,35.60,89,662
9:10:49,114399.97,2469.29,206759.44,24.80,35.30,101,578
9:11:50,90984.92,2360.65,191570.89,25.30,35.00,98,524
9:12:50,88323.52,2393.06,194219.66,25.50,34.70,88,459
9:13:51,94269.43,2436.36,196887.17,25.90,34.40,103,814
9:14:51,100502.72,2431.82,198046.88,26.10,34.20,99,530
9:15:52,94010.30,2383.71,191954.03,26.30,34.00,97,540
9:16:52,100983.59,2488.75,202755.91,26.40,33.90,87,574
9:17:53,89415.84,2374.39,189714.30,26.40,33.80,91,421
9:18:53,90530.00,2430.86,196511.64,26.80,33.70,92,542
9:19:54,89415.84,2393.06,192706.33,26.90,33.60,98,400
9:20:54,80300.01,2337.50,191954.03,27.00,33.60,93,30471
9:21:55,97079.36,2421.35,194219.66,27.20,33.70,96,372
9:22:55,86724.64,2393.06,192706.33,26.90,33.60,94,569
9:23:56,80300.01,2310.22,188973.39,27.20,33.70,92,554
9:24:56,85263.16,2422.27,192678.23,27.00,33.80,93,490
9:25:57,95832.45,2430.86,194980.70,26.80,33.80,104,704
9:26:57,114266.64,2416.84,196893.20,26.40,33.80,95,403
9:27:58,156095.27,2574.47,205566.61,26.10,33.80,97,534
9:28:58,122269.19,2488.75,201176.48,26.00,33.80,91,421
9:29:59,144059.30,2519.58,199607.84,26.30,33.70,89,340
9:30:59,108848.82,2402.45,194980.70,26.20,33.80,92,761
9:32:0,98352.93,2402.45,190458.02,26.50,33.80,89,438
9:33:0,98999.99,2393.06,191204.61,26.60,33.80,91,604
9:34:1,105874.98,2421.35,193461.55,26.30,33.90,88,643
9:35:1,103731.83,2411.89,195744.69,26.40,34.00,89,381
9:36:2,103033.32,2421.35,194980.70,26.50,34.10,89,761
9:37:2,97712.76,2383.71,195744.69,26.40,34.10,100,406
9:38:3,105874.98,2421.35,193461.55,26.50,34.20,103,553
9:39:3,92826.52,2337.50,188973.39,26.50,34.20,86,548
9:40:4,107344.80,2430.86,191954.03,26.60,34.20,88,382
9:41:4,85684.21,2310.22,182429.92,26.60,34.20,123,692
9:42:5,75428.56,2239.05,178888.88,26.80,34.30,95,665
9:43:5,62928.30,1921.98,157692.31,27.00,34.40,89,705
9:44:6,84160.38,2365.11,193461.55,26.70,34.40,81,460
9:45:6,91095.48,2337.50,193461.55,26.40,34.40,91,616
9:46:7,97712.76,2430.86,194980.70,26.50,34.40,94,632
9:47:7,82679.07,2355.87,188235.31,26.70,34.40,94,480
9:48:8,91095.48,2346.67,188973.39,26.60,34.40,83,595
9:49:8,93415.38,2365.11,190458.02,26.70,34.40,95,641
9:50:9,78825.13,2252.28,183489.69,26.90,34.40,81,501
9:51:9,91666.66,2374.39,191204.61,27.10,34.40,86,481
9:52:10,93302.56,2369.92,189333.34,27.00,34.40,98,666
9:53:10,85171.44,2292.22,188235.31,27.00,34.40,83,414
9:54:11,83661.98,2346.67,186037.73,27.20,34.40,175,912
9:55:11,76710.54,2337.50,187500.00,27.40,34.40,87,446
9:56:12,86201.92,2365.11,186767.50,27.50,34.40,86,524
9:57:12,87252.43,2319.28,186037.73,27.60,34.40,87,524
9:58:13,83661.98,2283.27,181716.44,27.60,34.50,85,527
9:59:13,82194.45,2301.20,185310.75,27.70,34.50,86,498
10:0:14,92243.65,2374.39,189714.30,27.90,34.50,82,574
10:1:14,92714.28,2333.06,187855.80,28.20,34.50,118,716
10:2:15,80200.01,2234.71,179925.64,28.20,34.50,86,780
10:3:15,85171.44,2292.22,182429.92,28.30,34.50,87,573
10:4:16,79378.39,2265.48,182429.92,28.20,34.50,91,563
10:5:16,64895.75,2239.05,174725.27,28.40,34.50,94,699
10:6:17,62928.30,2230.31,173357.66,28.50,34.50,100,520
10:7:17,64561.54,2046.42,164705.89,28.50,34.50,96,440
10:8:18,82679.07,2383.71,188235.31,28.30,34.50,94,523
10:9:18,129918.97,2513.63,200784.33,28.20,34.50,94,494
10:10:19,116111.08,2480.75,196491.23,28.10,34.40,93,576
10:11:19,88541.87,2200.00,179182.14,28.30,34.30,92,490
10:12:20,95218.74,2365.11,188973.39,28.40,34.30,94,562
10:13:20,92243.65,2328.37,186037.73,28.50,34.30,96,463
10:14:21,100983.59,2393.06,189714.30,28.60,34.30,96,639
10:15:21,86201.92,2256.63,181716.44,28.70,34.30,92,584
10:16:22,89415.84,2319.28,186037.73,28.70,34.30,97,374
10:17:22,84160.38,2292.22,178188.52,28.80,34.30,98,565
10:18:23,70436.20,2247.92,177449.16,28.80,34.30,100,501
10:19:23,76279.48,2319.28,183146.09,28.80,34.40,93,504
10:20:24,73364.40,2301.20,178888.88,28.80,34.30,96,527
10:21:24,77145.38,2310.22,182429.92,28.80,34.40,97,488
10:22:25,75008.61,2265.48,179591.83,28.80,34.40,100,446
10:23:25,68385.54,2212.94,179591.83,28.90,34.40,98,457
10:24:26,72869.20,2287.82,180633.14,28.80,34.40,95,481
10:25:26,77635.57,2310.66,186717.28,28.80,34.40,100,445
10:26:27,81714.29,2319.28,185310.75,28.90,34.40,99,539
10:27:27,69028.34,2243.48,175045.88,28.90,34.40,106,685
10:28:28,66258.83,2247.83,177490.75,29.10,34.50,97,575
10:29:28,75660.86,2328.63,182397.03,29.20,34.50,94,268
10:30:29,75852.19,2301.20,182429.92,29.10,34.40,110,422
10:31:29,67309.52,2204.31,171324.84,29.10,34.50,98,391
10:32:30,61977.62,2204.31,172000.00,29.10,34.50,104,468
10:33:30,70999.99,2274.35,178188.52,29.10,34.50,100,643
10:34:31,72563.02,2310.22,182429.92,28.90,34.50,98,358
10:35:31,70999.99,2221.61,174725.27,29.00,34.50,104,441
10:36:32,88866.99,2393.06,191204.61,29.00,34.50,105,601
10:37:32,84160.38,2328.37,185310.75,29.10,34.50,107,384
10:38:33,90984.92,2379.23,189333.34,29.10,34.50,108,618
10:39:33,91095.48,2346.67,188235.31,29.20,34.50,105,433
10:40:34,94611.40,2346.67,188235.31,29.30,34.50,111,430
10:41:34,91666.66,2292.22,183146.09,29.10,34.50,99,369
10:42:35,82679.07,2265.48,179591.83,29.10,34.50,96,300
10:43:35,100315.20,2355.87,190458.02,29.10,34.50,111,447
10:44:36,140608.73,2494.56,201574.80,28.80,34.50,99,602
10:45:36,112766.44,2402.45,193461.55,28.70,34.50,100,350
10:46:37,108848.82,2355.87,187500.00,28.80,34.40,107,426
10:47:37,111964.26,2393.06,191954.03,29.00,34.40,111,462
10:48:38,107344.80,2411.89,192706.33,28.90,34.40,106,463
10:49:38,91095.48,2310.22,183864.92,29.00,34.40,95,435
10:50:39,95218.74,2328.37,183146.09,29.20,34.40,97,490
10:51:39,86724.64,2292.22,181005.59,29.20,34.40,114,386
10:52:40,83168.23,2292.22,183146.09,29.00,34.40,96,539
10:53:40,84056.61,2243.48,180633.14,29.20,34.40,96,450
10:54:41,98352.93,2374.39,183146.09,29.00,34.40,98,373
10:55:41,89415.84,2337.50,184586.48,29.10,34.40,95,554
10:56:42,89970.15,2328.37,184586.48,29.20,34.40,99,588
10:57:42,93415.38,2346.67,186037.73,29.30,34.40,100,457
10:58:43,123199.95,2469.29,192706.33,29.20,34.40,96,556
10:59:43,111833.30,2416.84,191570.89,29.00,34.40,95,404
11:0:44,104438.19,2328.37,181005.59,29.10,34.40,103,598
11:1:44,103731.83,2337.50,188235.31,29.30,34.40,95,562
11:2:45,98645.15,2288.00,184180.80,29.30,34.40,116,646
11:3:45,104438.19,2328.37,185310.75,29.40,34.40,96,573
11:4:46,95104.16,2252.28,185660.39,29.40,34.40,110,584
11:5:46,115533.71,2328.89,185984.86,29.60,34.40,99,433
11:6:47,100983.59,2365.11,186037.73,29.40,34.40,136,762
11:7:47,119132.04,2436.36,193063.58,29.30,34.30,95,415
11:8:48,106605.70,2337.50,187500.00,29.20,34.30,95,431
11:9:48,105152.52,2365.11,185310.75,29.20,34.30,96,417
11:10:49,84160.38,2265.48,180297.38,29.30,34.30,98,542
11:11:49,101659.33,2402.45,188235.31,29.10,34.30,95,412
11:12:50,106479.98,2407.38,188593.17,28.90,34.30,94,547
11:13:50,120649.64,2370.61,190038.31,28.90,34.40,97,557
11:14:51,106479.98,2182.85,171636.36,28.90,34.30,95,338
11:15:51,106605.70,2301.20,178188.52,28.90,34.30,91,467
11:16:52,100315.20,2292.22,178188.52,29.00,34.40,110,546
11:17:52,114399.97,2346.67,189714.30,29.00,34.40,102,529
11:18:53,155212.64,2598.72,194219.66,28.80,34.40,96,474
11:19:53,153828.16,2619.27,199609.38,28.40,34.30,94,454
11:20:54,138757.19,2450.00,190458.02,28.20,34.30,97,423
11:21:54,116925.89,2310.22,184586.48,28.30,34.20,94,337
11:22:55,122269.19,2374.39,188973.39,28.50,34.20,93,30538
11:23:55,132150.73,2440.41,194219.66,28.60,34.30,88,579
11:24:56,114399.97,2374.39,188973.39,28.70,34.20,103,644
11:25:56,141087.00,2528.15,198054.48,28.70,34.20,92,707
11:26:57,135384.66,2469.29,193461.55,28.70,34.20,99,592
11:27:57,128604.07,2417.28,190057.38,28.80,34.10,92,686
11:28:58,126065.84,2411.89,189714.30,29.00,34.20,94,542
11:29:58,116925.89,2337.50,186767.50,29.10,34.20,110,669
11:30:59,139913.70,2383.71,188235.31,29.00,34.20,92,592
11:31:59,131102.09,2365.11,181716.44,28.50,34.20,91,806
11:33:0,143485.33,2355.87,188235.31,28.60,34.10,95,561
11:34:0,114399.97,2301.20,181005.59,28.80,34.20,99,432
11:35:1,103033.32,2310.22,177490.75,28.90,34.20,94,673
11:36:1,92826.52,2274.35,176102.92,29.10,34.20,95,461
11:37:2,80767.13,2103.25,169981.91,29.20,34.30,94,642
11:38:2,98117.63,2337.78,184557.45,29.00,34.20,95,449
11:39:3,96452.63,2310.22,181005.59,29.00,34.30,97,501
11:40:3,103033.32,2256.63,174725.27,29.00,34.30,110,668
11:41:4,103731.83,2365.11,189714.30,28.80,34.40,107,380
11:42:4,116925.89,2421.35,191204.61,28.60,34.40,123,671
11:43:5,105152.52,2346.67,182429.92,28.60,34.40,97,400
11:44:5,103731.83,2383.71,192706.33,28.60,34.40,104,389
11:45:6,117788.78,2383.71,195744.69,28.50,34.40,114,389
11:46:6,139913.70,2528.15,195744.69,28.50,34.40,104,470
11:47:7,127046.41,2430.86,188235.31,28.50,34.40,106,418
11:48:7,135384.66,2393.06,186037.73,28.50,34.40,101,396
11:49:8,126609.23,2351.72,180597.00,28.40,34.40,104,354
11:50:8,115231.68,2355.87,181005.59,28.40,34.40,107,637
11:51:9,108092.46,2346.67,180297.38,28.40,34.40,115,437
11:52:9,102342.53,2337.50,180297.38,28.50,34.40,100,536
11:53:10,94611.40,2310.22,178888.88,28.50,34.40,105,664
11:54:10,95832.45,2337.50,180297.38,28.50,34.50,102,538
11:55:11,122269.19,2411.89,188235.31,28.60,34.50,107,268
11:56:11,99654.04,2239.05,179591.83,28.50,34.50,102,514
11:57:12,113578.28,2430.86,190458.02,28.40,34.50,105,382
11:58:12,128040.05,2440.41,191954.03,28.20,34.50,106,347
11:59:13,136338.06,2484.17,194594.59,28.40,34.40,104,429
12:0:13,136493.00,2256.63,176795.58,28.40,34.40,104,356
12:1:14,137617.06,2337.50,181716.44,28.60,34.40,100,465
12:2:14,128040.05,2355.87,184586.48,28.80,34.40,108,412
12:3:15,122269.19,2247.83,175412.84,29.00,34.40,104,371
12:4:15,110388.21,2247.83,176795.58,29.00,34.40,108,532
12:5:16,116073.59,2319.28,183864.92,29.10,34.40,107,481
12:6:16,101538.45,2200.00,175045.88,28.90,34.40,106,340
12:7:17,108848.82,2310.22,172677.58,28.90,34.40,105,487
12:8:17,107344.80,2337.50,181005.59,28.80,34.40,112,467
12:9:18,93415.38,2212.94,172000.00,28.80,34.50,129,527
12:10:18,97712.76,2212.94,171324.84,28.70,34.50,108,516
12:11:19,115097.53,2351.42,184934.09,28.30,34.50,99,417
12:12:19,115097.53,2042.26,152413.80,27.80,34.50,107,687
12:13:20,84160.38,1877.17,151546.41,27.90,34.60,109,557
12:14:20,94611.40,2086.86,172677.58,28.20,34.60,102,588
12:15:21,117788.78,2301.20,188235.31,28.20,34.60,105,378
12:16:21,118662.46,2346.67,190458.02,28.30,34.70,105,415
12:17:22,143323.56,2397.95,193834.30,28.30,34.60,104,418
12:18:22,141087.00,2355.87,183146.09,28.50,34.70,102,704
12:19:23,139597.17,2412.32,187476.30,28.60,34.70,110,484
12:20:23,139913.70,2319.28,177490.75,28.90,34.70,103,497
12:21:24,113578.28,2212.94,169981.91,28.80,34.70,95,396
12:22:24,112766.44,2119.77,158947.38,28.70,34.70,102,331
12:23:25,112766.44,2319.28,186037.73,28.60,34.70,103,478
12:24:25,108092.46,2274.35,174040.20,28.60,34.70,101,631
12:25:26,103731.83,2265.48,176102.92,28.40,34.70,103,457
12:26:26,113578.28,2274.35,176795.58,28.30,34.70,136,500
12:27:27,165550.02,2402.45,183146.09,28.10,34.80,101,355
12:28:27,91666.66,1967.78,166666.67,28.20,34.70,114,690
12:29:28,115231.68,2393.06,186037.73,28.10,34.70,102,660
12:30:28,114399.97,2337.50,185310.75,28.00,34.70,100,452
12:31:29,115231.68,2374.39,185310.75,28.10,34.70,98,748
12:32:29,124142.81,2402.45,191954.03,28.10,34.70,102,465
12:33:30,115231.68,2103.25,166666.67,28.10,34.70,102,644
12:34:30,114266.64,2225.98,184210.55,28.20,34.70,103,545
12:35:31,117788.78,2374.39,184586.48,28.10,34.70,97,379
12:36:31,114399.97,2292.22,175412.84,28.00,34.70,99,525
12:37:32,112766.44,2328.37,176102.92,28.20,34.70,100,579
12:38:32,101659.33,2346.67,178888.88,27.90,34.70,98,358
12:39:33,98352.93,2283.27,181716.44,27.80,34.70,111,567
12:40:33,118662.46,2346.67,180297.38,27.70,34.70,104,509
12:41:34,147218.08,2265.48,174040.20,27.30,34.70,102,554
12:42:34,121846.11,2208.64,166906.48,27.20,34.70,98,621
12:43:35,123199.95,2274.35,172677.58,27.30,34.70,100,422
12:44:35,153828.16,2319.28,180297.38,27.10,34.70,98,424
12:45:36,111964.26,2256.63,173357.66,27.20,34.80,97,426
12:46:36,100983.59,2319.28,176795.58,27.30,34.70,96,501
12:47:37,113578.28,2086.86,157692.31,27.30,34.70,96,438
12:48:37,123199.95,2265.48,173357.66,27.40,34.70,100,649
12:49:38,115097.53,2369.92,180633.14,27.50,34.70,116,604
12:50:38,116925.89,2337.50,176795.58,27.70,34.80,98,432
12:51:39,100983.59,2178.60,164705.89,27.90,34.80,96,691
12:52:39,97079.36,2095.04,160211.28,27.90,34.80,93,570
12:53:40,129047.02,2365.11,179591.83,27.90,34.80,95,470
12:54:40,135384.66,2195.70,162123.91,27.80,34.80,94,516
12:55:41,108092.46,2128.08,162123.91,27.90,34.90,98,533
12:56:41,147833.38,2365.78,185255.22,27.90,34.80,92,592
12:57:42,137617.06,2374.39,178888.88,27.80,34.90,101,395
12:58:42,129621.67,2226.04,167567.56,27.80,34.90,93,442
12:59:43,115231.68,2221.61,166666.67,27.80,34.80,96,466
13:0:43,123199.95,2374.39,183146.09,27.80,34.80,95,352
13:1:44,108092.46,2301.20,177490.75,27.70,34.80,109,609
13:2:44,85171.44,2319.28,175412.84,27.80,34.90,91,667
13:3:45,92714.28,2333.06,177818.83,27.80,34.90,101,557
13:4:45,86201.92,1967.78,159578.20,27.70,34.90,96,513
13:5:46,106605.70,2355.87,183146.09,27.60,34.90,97,472
13:6:46,111964.26,2328.37,183146.09,27.40,34.90,98,579
13:7:47,127046.41,2247.83,167324.95,27.40,34.90,95,416
13:8:47,115231.68,2212.94,166010.73,27.50,34.90,96,421
13:9:48,99654.04,2095.04,160846.56,27.50,34.90,102,354
13:10:48,103033.32,2212.94,166010.73,27.50,34.90,97,383
13:11:49,92243.65,1952.40,149743.59,27.30,34.90,99,271
13:12:49,118662.46,2355.87,181005.59,27.50,35.00,103,587
13:13:50,127046.41,2265.48,172000.00,26.90,34.90,104,449
13:14:50,115938.62,2050.28,153633.23,26.80,34.90,99,393
13:15:51,115938.62,2050.28,159859.17,26.80,34.90,106,501
13:16:51,109614.02,2178.60,167985.61,26.90,34.90,105,480
13:17:52,120443.00,2328.37,175412.84,26.90,34.90,107,425
13:18:52,102544.43,2265.74,165232.98,27.30,35.00,108,597
13:19:53,100315.20,2111.49,158947.38,27.40,34.90,102,450
13:20:53,114399.97,2292.22,178188.52,27.60,35.00,105,467
13:21:54,127893.38,2407.38,184934.09,26.90,35.00,107,508
13:22:54,132150.73,2393.06,186767.50,26.80,35.00,101,412
13:23:55,95218.74,1983.27,162123.91,26.70,35.00,108,509
13:24:55,117788.78,2187.13,175412.84,26.90,35.00,106,384
13:25:56,100315.20,1906.93,146192.89,26.60,35.10,105,400
13:26:56,136493.00,2301.20,175412.84,26.90,35.10,100,494
13:27:57,126463.53,1936.16,153206.25,26.40,35.10,106,586
13:28:57,145955.25,2078.71,158318.75,26.30,35.10,102,465
13:29:58,96336.84,1547.33,123417.72,26.30,35.10,115,588
13:30:58,123199.95,2062.50,155826.09,26.90,35.10,102,532
13:31:59,116925.89,2062.50,162123.91,26.70,35.10,108,383
13:32:59,110388.21,1906.93,156446.00,27.00,35.10,106,384
13:34:0,127046.41,2319.28,181005.59,27.10,35.10,108,458
13:35:0,142277.41,2212.94,167324.95,26.80,35.20,111,522
13:36:1,144711.16,2054.44,155208.34,26.80,35.20,126,419
13:37:1,125342.06,1901.83,139333.33,26.80,35.20,124,684
13:38:2,98999.99,1582.52,111890.23,26.90,35.20,113,355
13:39:2,92826.52,1406.73,87763.71,27.10,35.20,105,595
13:40:3,92826.52,1608.12,116718.27,27.00,35.30,108,674
13:41:3,97079.36,1811.76,131067.97,27.00,35.40,107,624
13:42:4,108465.09,2033.96,152941.19,26.80,35.40,110,530
13:43:4,118387.46,2178.56,167266.19,26.70,35.40,103,575
13:44:5,121350.27,2187.13,169314.06,26.70,35.40,117,630
13:45:5,128040.05,2153.19,166666.67,26.60,35.40,105,468
13:46:6,143485.33,2230.31,168648.64,26.40,35.40,104,747
13:47:6,125098.09,2170.10,164056.95,26.30,35.40,103,403
13:48:7,117788.78,1707.29,120689.66,26.70,35.50,102,341
13:49:7,105874.98,1855.14,143288.59,26.50,35.50,107,489
13:50:8,129047.02,1914.44,141569.27,26.50,35.50,117,655
13:51:8,122269.19,1899.45,142140.47,26.10,35.50,108,563
13:52:9,178946.44,2078.71,157068.08,25.90,35.60,107,384
13:53:9,97712.76,1748.42,139303.48,25.40,35.60,102,323
13:54:10,156619.08,1734.62,117701.87,26.00,35.60,115,551
13:55:10,117788.78,1921.98,138741.72,25.40,35.70,102,570
13:56:11,119547.13,2111.49,160211.28,25.50,35.70,107,390
13:57:11,148500.03,2195.70,162123.91,25.60,35.70,106,475
13:58:12,160796.78,1910.42,135081.97,25.00,35.80,104,481
13:59:12,132150.73,2078.71,155208.34,24.80,35.80,101,339
14:0:13,89415.84,1687.05,138181.81,25.00,35.80,105,535
14:1:13,79837.11,1621.05,127884.62,25.50,35.80,102,480
14:2:14,86512.08,1672.76,136408.56,25.80,35.90,107,573
14:3:14,75008.61,1680.34,137623.75,25.50,35.90,104,502
14:4:15,71385.89,1634.07,134860.89,25.90,36.00,101,577
14:5:15,87785.36,1914.44,162765.97,26.00,36.00,105,636
14:6:16,72962.02,1673.67,139867.11,25.10,36.00,106,523
14:7:16,70617.27,1818.93,152758.63,25.80,36.00,101,341
14:8:17,100315.20,2136.42,176102.92,25.30,36.00,101,505
14:9:17,129047.02,2383.71,189714.30,24.70,36.00,103,450
14:10:18,88866.99,1944.75,165357.14,24.60,36.00,110,579
14:11:18,118662.46,2292.22,180297.38,25.20,36.00,99,417
14:12:19,124142.81,2283.27,184586.48,24.50,35.90,104,508
14:13:19,135384.66,2421.35,188235.31,24.50,35.90,107,510
14:14:20,107218.37,1933.09,166965.89,24.20,35.90,101,448
14:15:20,127046.41,2319.28,185310.75,24.70,35.90,101,490
14:16:21,113578.28,1937.13,166010.73,24.50,35.90,100,331
14:17:21,194403.84,2469.29,184586.48,24.70,35.90,102,433
14:18:22,143485.33,2301.20,176102.92,24.00,35.90,103,454
14:19:22,131102.09,2301.20,176795.58,24.30,35.90,100,469
14:20:23,151123.11,2103.25,160211.28,24.50,36.00,100,642
14:21:23,149801.56,2022.51,152151.48,24.30,36.00,110,846
14:22:24,139913.70,2070.59,157692.31,24.60,36.00,96,530
14:23:24,119547.13,2038.42,159578.20,24.70,36.00,98,531
14:24:25,135230.81,2058.33,155478.27,24.60,36.00,96,609
14:25:25,141087.00,2221.61,168648.64,24.50,36.00,98,532
14:26:26,149801.56,1921.98,139867.11,24.70,36.00,95,461
14:27:26,147218.08,1862.45,138741.72,24.70,36.10,107,619
14:28:27,139122.34,1939.74,148034.17,24.60,36.10,157,666
14:29:27,136493.00,2086.86,156446.00,24.60,36.20,95,442
14:30:28,158048.03,2239.05,166010.73,24.40,36.20,97,506
14:31:28,132150.73,1877.17,139867.11,24.10,36.30,92,549
14:32:29,129047.02,2111.49,158318.75,24.20,36.30,97,442
14:33:29,131102.09,2062.50,151546.41,24.30,36.30,96,325
14:34:30,147218.08,2337.50,178888.88,24.30,36.30,96,451
14:35:30,133213.84,2178.60,163410.31,24.20,36.30,91,641
14:36:31,129047.02,1960.07,149146.77,24.30,36.40,95,612
14:37:31,134291.70,2153.19,164705.89,24.00,36.30,107,651
14:38:32,136493.00,2221.61,169314.06,23.90,36.40,99,584
14:39:32,162475.44,2103.25,157692.31,23.90,36.40,103,549
14:40:33,136493.00,2046.42,155826.09,23.40,36.50,98,504
14:41:33,134769.28,2153.01,160707.97,23.40,36.40,100,537
14:42:34,119408.77,2174.32,165000.00,23.70,36.40,100,572
14:43:34,123714.24,2296.99,174999.98,23.80,36.40,97,291
14:44:35,124142.81,2247.83,170652.16,23.70,36.40,125,525
14:45:35,111171.57,1914.44,150342.47,23.60,36.50,116,396
14:46:36,128040.05,2301.20,178188.52,23.70,36.50,108,436
14:47:36,137617.06,2283.27,174725.27,23.30,36.50,102,343
14:48:37,133213.84,2292.22,175412.84,23.40,36.50,101,405
14:49:37,141087.00,2383.71,183146.09,23.20,36.50,105,621
14:50:38,130067.62,2212.94,172000.00,22.90,36.50,108,346
14:51:38,134291.70,2212.94,178188.52,22.90,36.50,108,349
14:52:39,139913.70,2346.67,176795.58,22.90,36.60,106,431
14:53:39,112766.44,2095.04,172000.00,22.70,36.60,110,586
14:54:40,147218.08,2346.67,180297.38,22.90,36.60,166,506
14:55:40,110781.04,2018.05,164937.39,22.50,36.60,106,545
14:56:41,149801.56,2383.71,185310.75,23.10,36.60,108,408
14:57:41,139913.70,2239.05,175412.84,22.60,36.60,108,456
14:58:42,159500.03,2450.00,189714.30,22.70,36.60,108,421
14:59:42,145955.25,2393.06,187500.00,22.80,36.50,110,340
15:0:43,139913.70,2062.50,157692.31,22.90,36.60,103,471
15:1:43,167126.08,2310.22,174040.20,23.00,36.60,109,463
15:2:44,152465.16,2256.63,174040.20,22.80,36.60,108,454
15:3:44,123199.95,2103.25,170652.16,22.90,36.60,107,417
15:4:45,150276.95,2370.61,189292.56,23.00,36.60,108,480
15:5:45,159500.03,2450.00,191204.61,22.80,36.60,107,418
15:6:46,205333.33,2598.72,205952.38,22.60,36.60,105,307
15:7:46,172017.27,2479.00,189714.30,22.10,36.60,107,500
15:8:47,162475.44,2411.89,187500.00,22.20,36.60,107,515
15:9:47,152465.16,2421.35,186767.50,22.40,36.60,106,538
15:10:48,138757.19,2430.86,188235.31,22.50,36.60,102,577
15:11:48,137617.06,2411.89,184586.48,22.60,36.60,106,485
15:12:49,145791.08,2426.34,190822.19,22.60,36.60,109,795
15:13:49,134291.70,2265.48,181005.59,22.40,36.60,104,579
15:14:50,143485.33,2265.48,174725.27,22.30,36.60,105,482
15:15:50,135384.66,2310.22,180297.38,22.20,36.70,104,595
15:16:51,121350.27,2046.42,170652.16,22.50,36.70,111,567
15:17:51,156619.08,2538.11,192706.33,22.40,36.70,106,485
15:18:52,175421.08,2421.35,183864.92,22.20,36.70,107,563
15:19:52,144711.16,2355.87,182429.92,22.30,36.70,105,480
15:20:53,153828.16,2421.35,186767.50,22.50,36.70,104,414
15:21:53,158048.03,2319.28,177490.75,22.40,36.70,109,547
15:22:54,149801.56,2355.87,183146.09,22.30,36.70,102,475
15:23:54,101175.81,1905.86,165232.98,22.40,36.70,109,570
15:24:55,139913.70,2328.37,181716.44,23.30,36.70,103,463
15:25:55,141795.66,2315.09,179182.14,22.40,36.70,108,338
15:26:56,143485.33,2212.94,167324.95,22.40,36.70,107,333
15:27:56,135384.66,2144.79,162123.91,22.40,36.80,105,562
15:28:57,148166.70,2170.04,173308.94,22.40,36.80,105,492
15:29:57,214905.25,2682.00,200391.39,22.10,36.80,107,363
15:30:58,181800.02,2519.58,190421.47,21.30,36.80,106,374
15:31:58,180756.78,2538.11,189714.30,21.50,36.70,105,659
15:32:59,177168.16,2450.00,185310.75,21.50,36.70,104,635
15:33:59,161754.13,2356.50,180934.56,21.60,36.70,115,549
15:35:0,205333.33,2619.27,193461.55,22.00,36.70,104,335
15:36:0,210020.61,2430.86,186037.73,21.60,36.70,101,397
15:37:1,187514.03,2328.89,170545.45,21.50,36.70,109,373
15:38:1,160975.64,2346.67,176102.92,21.60,36.70,108,371
15:39:2,152465.16,2319.28,174040.20,21.90,36.80,109,435
15:40:2,158967.78,2288.00,172262.77,22.10,36.80,125,454
15:41:3,140927.58,2200.00,169620.25,22.00,36.90,100,336
15:42:3,156619.08,2374.39,181005.59,22.10,36.90,105,398
15:43:4,132150.73,2230.31,178888.88,21.80,36.90,102,410
15:44:4,165550.02,2301.20,179591.83,22.10,36.90,105,645
15:45:5,130067.62,1967.78,159578.20,21.30,36.90,100,343
15:46:5,128040.05,2086.86,169981.91,21.80,36.90,106,483
15:47:6,155039.41,2388.57,182771.56,22.00,36.90,102,409
15:48:6,143485.33,2212.94,171324.84,21.50,36.80,102,628
15:49:7,145955.25,2310.22,178888.88,21.70,36.80,109,458
15:50:7,153828.16,2374.39,183864.92,21.90,36.90,104,448
15:51:8,144711.16,2274.35,173357.66,21.90,36.90,105,527
15:52:8,145955.25,2038.42,154592.73,22.00,36.90,102,478
15:53:9,165550.02,2328.37,172000.00,22.00,36.90,98,437
15:54:9,91222.22,1580.44,131382.11,22.20,37.00,101,415
15:55:10,127893.38,2182.85,173674.58,23.70,37.00,122,417
15:56:10,118662.46,1983.27,164056.95,22.00,37.10,98,475
15:57:11,87252.43,1693.77,138741.72,22.10,37.00,102,447
15:58:11,135384.66,2346.67,183864.92,23.30,37.10,102,387
15:59:12,145955.25,2383.71,186037.73,21.80,37.10,98,538
16:0:12,148500.03,2393.06,186037.73,21.80,37.10,112,684
16:1:13,147218.08,2411.89,186767.50,21.90,37.10,103,525
16:2:13,139913.70,2283.27,176795.58,21.90,37.10,100,590
16:3:14,127046.41,2310.22,179591.83,22.10,37.10,95,415
16:4:14,125098.09,2247.83,177490.75,22.20,37.00,97,654
16:5:15,127046.41,2178.60,168648.64,22.10,37.00,98,444
16:6:15,149801.56,2365.11,177490.75,21.90,37.00,103,472
16:7:16,153828.16,2247.83,170652.16,21.80,37.00,95,361
16:8:17,175421.08,2459.63,183864.92,21.70,37.00,97,536
16:9:17,164000.02,2440.41,182429.92,21.40,37.00,101,440
16:10:18,135230.81,2182.85,172313.28,21.60,37.00,98,557
16:11:18,116925.89,2046.42,168648.64,22.10,37.10,101,466
16:12:19,135384.66,2301.20,181716.44,22.30,37.00,103,517
16:13:19,153828.16,2365.11,177490.75,22.10,37.10,101,460
16:14:20,165550.02,2411.89,183146.09,22.10,37.10,106,639
16:15:20,158048.03,2355.87,176795.58,21.90,37.10,106,557
16:16:21,185777.80,2315.09,172262.77,21.90,37.20,117,475
16:17:21,103608.92,1703.47,137851.23,21.50,37.20,108,581
16:18:22,144711.16,2310.22,178888.88,22.70,37.20,105,662
16:19:22,159500.03,2488.75,189714.30,21.60,37.20,104,351
16:20:23,198215.67,2609.85,190439.78,21.40,37.20,105,477
16:21:23,172017.27,2393.06,183864.92,21.10,37.20,105,509
16:22:24,108848.82,1797.51,152758.63,21.30,37.20,108,490
16:23:24,153828.16,2393.06,183864.92,22.40,37.30,104,397
16:24:25,212437.48,2430.86,184586.48,21.70,37.20,150,439
16:25:25,188130.86,2474.43,193076.94,21.40,37.20,105,30653
16:26:26,200613.86,2709.17,196124.05,21.60,37.20,109,494
16:27:26,165000.02,2324.19,180597.00,21.60,37.30,111,545
16:28:27,168728.83,2459.63,184586.48,21.80,37.30,106,293
16:29:27,198647.05,2469.29,186037.73,21.50,37.30,109,597
16:30:28,194403.84,2558.14,188973.39,21.40,37.40,111,535
16:31:28,219290.30,2494.56,195348.84,21.20,37.30,105,395
16:32:29,194403.84,2421.35,191954.03,21.30,37.30,109,392
16:33:29,212437.48,2660.91,197281.56,21.10,37.40,101,382
16:34:30,230134.80,2625.81,200785.86,21.00,37.30,118,434
16:35:30,194403.84,2518.24,192706.33,21.50,37.30,107,521
16:36:31,221913.02,2742.73,200785.86,21.70,37.30,104,426
16:37:31,180360.38,2499.16,198828.13,21.20,37.30,107,573
16:38:32,196504.86,2660.91,201176.48,21.30,37.20,106,404
16:39:32,149801.56,2239.05,180297.38,21.20,37.30,111,432
16:40:33,152465.16,2374.39,185310.75,21.70,37.30,124,376
16:41:33,173704.38,2421.35,182429.92,21.60,37.30,108,449
16:42:34,111964.26,1952.40,169981.91,21.50,37.40,109,514
16:43:34,116925.89,1783.36,145025.28,22.20,37.40,110,280
16:44:35,150953.88,2445.45,196893.20,22.20,37.40,106,425
16:45:35,172017.27,2508.37,190458.02,21.20,37.50,111,564
16:46:36,170170.97,2435.88,188593.17,21.10,37.50,109,378
16:47:36,173704.38,2518.24,197281.56,21.30,37.50,111,449
16:48:37,133213.84,2062.50,176795.58,21.00,37.50,110,567
16:49:37,155212.64,2383.71,182429.92,21.80,37.60,113,382
16:50:38,148500.03,2187.13,174040.20,21.40,37.50,108,400
16:51:38,165550.02,2265.48,179591.83,21.40,37.50,105,331
16:52:39,178946.44,2508.37,192706.33,21.00,37.50,106,334
16:53:39,230876.38,2735.53,205148.52,21.00,37.50,105,544
16:54:40,222630.41,2735.53,201176.48,20.80,37.60,109,298
16:55:40,192342.88,2518.24,188973.39,20.70,37.50,123,667
16:56:41,217425.52,2508.37,189714.30,20.80,37.50,108,308
16:57:41,178946.44,2383.71,181716.44,21.10,37.50,105,454
16:58:42,115231.68,1960.07,160846.56,21.10,37.50,108,614
16:59:42,167423.75,2427.74,188527.73,22.00,37.50,111,454
17:0:43,139913.70,2301.20,189714.30,21.30,37.60,107,396
17:1:43,156619.08,2301.20,184586.48,21.40,37.50,110,496
17:2:44,225318.66,2671.43,201176.48,21.10,37.40,107,442
17:3:44,184477.08,2450.00,186037.73,20.90,37.40,106,602
17:4:45,190320.77,2629.61,196511.64,21.10,37.40,111,520
17:5:45,186388.91,2558.14,193461.55,21.10,37.40,106,390
17:6:46,206979.58,2615.45,196887.17,21.10,37.40,107,349
17:7:46,184477.08,2548.10,191954.03,21.00,37.50,107,481
17:8:47,170359.00,2402.45,183146.09,21.00,37.50,113,463
17:9:47,148500.03,2328.37,180297.38,21.10,37.50,103,477
17:10:48,95218.74,1840.57,152151.48,21.40,37.60,107,475
17:11:48,122269.19,2239.05,176795.58,22.40,37.60,103,373
17:12:49,142277.41,2365.11,182429.92,21.80,37.60,103,406
17:13:49,157696.03,2247.92,167927.92,21.30,37.60,103,548
17:14:50,131102.09,2212.94,166666.67,21.30,37.60,116,475
17:15:50,124142.81,2256.63,172000.00,21.70,37.60,103,463
17:16:51,115097.53,2165.83,164349.39,21.60,37.60,105,405
17:17:51,91666.66,2136.42,164056.95,21.80,37.60,101,549
17:18:52,88866.99,2078.71,161484.09,22.40,37.70,106,417
17:19:52,97712.76,2221.61,166666.67,22.00,37.70,104,427
17:20:53,115231.68,2274.35,170652.16,21.60,37.70,100,570
17:21:53,115231.68,2256.63,173357.66,21.50,37.60,102,483
17:22:54,118662.46,2265.48,176795.58,21.30,37.60,112,673
17:23:54,102342.53,1937.13,157068.08,21.50,37.60,107,427
17:24:55,114829.24,2226.04,171584.69,21.70,37.60,96,454
17:25:55,138757.19,2383.71,183146.09,21.70,37.50,101,556
17:26:56,156095.27,2208.64,170235.92,21.30,37.50,101,397
17:27:56,145955.25,2346.67,176795.58,21.10,37.50,96,420
17:28:57,149801.56,2337.50,177490.75,21.00,37.60,101,435
17:29:57,147500.05,2329.15,174585.64,21.00,37.50,97,550
17:30:58,158048.03,2421.35,182429.92,21.20,37.50,101,516
17:31:58,188336.47,2469.29,179591.83,21.20,37.50,98,484
17:32:59,190320.77,2479.00,184586.48,20.90,37.50,100,506
17:33:59,117788.78,1967.78,160211.28,21.00,37.50,94,539
17:35:0,189698.13,2574.47,193063.58,21.70,37.50,98,381
17:36:0,170359.00,2450.00,186037.73,21.20,37.50,97,375
17:37:1,168728.83,2430.86,188235.31,21.20,37.50,100,323
17:38:1,158048.03,2411.89,183146.09,21.10,37.40,99,405
17:39:2,123199.95,2136.42,169314.06,21.40,37.50,99,583
17:40:2,126609.23,2306.02,172943.31,21.70,37.40,98,557
17:41:3,155212.64,2488.75,183146.09,21.80,37.40,101,531
17:42:3,131102.09,2187.13,169981.91,21.30,37.40,99,485
17:43:4,135384.66,2319.28,175412.84,21.60,37.40,101,388
17:44:4,162475.44,2402.45,182429.92,21.70,37.30,100,437
17:45:5,188336.47,2598.72,191204.61,21.30,37.30,125,590
17:46:5,194403.84,2608.97,191204.61,21.10,37.30,112,654
17:47:6,163818.20,2397.95,181343.31,21.00,37.30,108,427
17:48:6,131102.09,2265.48,176102.92,21.10,37.20,109,378
17:49:7,136493.00,2283.27,172677.58,21.60,37.20,106,445
17:50:7,148500.03,2346.67,174725.27,21.70,37.20,108,448
17:51:8,155212.64,2430.86,180297.38,21.70,37.20,110,515
17:52:8,162475.44,2479.00,187500.00,21.50,37.10,107,395
17:53:9,158048.03,2479.00,186767.50,21.90,37.10,108,428
17:54:9,144711.16,2383.71,180297.38,22.10,37.20,103,459
17:55:10,138285.77,2333.33,178478.66,22.20,37.10,105,429
17:56:10,112915.63,2252.49,167509.02,22.30,37.00,113,411
17:57:11,114399.97,2247.83,166010.73,22.50,37.00,107,612
17:58:11,128040.05,2292.22,169314.06,22.40,37.00,108,474
17:59:12,101538.45,1925.50,154246.11,21.90,36.90,109,463
18:0:12,95832.45,2136.42,162765.97,22.40,36.90,110,315
18:1:13,93415.38,2230.31,169314.06,22.30,36.90,106,471
18:2:13,91095.48,2221.61,166666.67,22.40,36.90,108,441
18:3:14,144711.16,2469.29,186037.73,22.30,36.90,106,351
18:4:14,159500.03,2508.37,184586.48,21.60,36.90,107,404
18:5:15,149801.56,2459.63,183864.92,21.40,36.80,108,460
18:6:15,129047.02,2430.86,181716.44,21.90,36.80,105,442
18:7:16,125098.09,2402.45,181716.44,22.60,36.80,110,604
18:8:16,111964.26,2319.28,176795.58,22.30,36.80,124,468
18:9:17,98352.93,2411.89,179591.83,22.60,36.90,111,436
18:10:17,94611.40,2170.10,187500.00,22.60,36.80,109,491
18:11:18,148500.03,2558.14,192706.33,22.20,36.90,108,415
18:12:18,135230.81,2455.07,186389.42,21.30,36.90,106,511
18:13:19,117788.78,2374.39,179591.83,21.90,37.00,106,400
18:14:19,116073.59,2337.50,183146.09,22.10,37.00,108,527
18:15:20,138757.19,2411.89,186037.73,22.10,37.00,110,429
18:16:20,134291.70,2393.06,181005.59,21.70,37.00,108,433
18:17:21,131102.09,2393.06,181716.44,21.90,37.10,104,284
18:18:21,134291.70,2430.86,183146.09,21.90,37.00,107,479
18:19:22,130067.62,2450.00,187500.00,21.80,37.10,107,353
18:20:22,144711.16,2518.24,191954.03,21.80,37.10,110,438
18:21:23,175421.08,2608.97,194219.66,21.60,37.00,130,451
18:22:23,194403.84,2640.00,192706.33,21.10,37.00,106,346
18:23:24,153828.16,2440.41,185310.75,21.00,37.00,122,388
18:24:24,134291.70,2274.35,184586.48,21.20,37.00,109,415
18:25:25,212437.48,2779.20,204347.81,21.90,37.00,107,379
18:26:25,199960.39,2716.23,198825.84,20.80,37.00,110,533
18:27:26,194403.84,2724.73,199609.38,20.70,37.00,108,470
18:28:26,219999.98,2469.29,199609.38,20.50,37.00,105,293
18:29:27,182200.02,2558.90,193448.94,20.60,37.00,108,614
18:30:27,144711.16,2095.04,176102.92,20.70,37.00,104,371
18:31:28,145955.25,2144.79,175412.84,21.10,37.00,108,502
18:32:28,149801.56,2161.63,174040.20,21.00,37.00,111,317
18:33:29,147218.08,2301.20,176102.92,21.10,37.00,104,413
18:34:29,148500.03,2301.20,178888.88,21.10,37.00,103,486
18:35:30,145955.25,2283.27,174040.20,21.20,37.00,105,549
18:36:30,138442.91,2247.92,171948.98,21.30,37.00,109,347
18:37:31,145955.25,2337.50,175412.84,21.40,37.00,106,404
18:38:31,142277.41,2274.35,172677.58,21.30,37.00,103,376
18:39:32,145955.25,2355.87,178888.88,21.30,37.00,105,392
18:40:32,155212.64,2459.63,186767.50,21.10,37.00,107,380
18:41:33,129047.02,2292.22,177490.75,20.90,37.00,106,404
18:42:33,173704.38,2640.00,194219.66,21.30,37.00,104,378
18:43:34,165550.02,2440.41,181005.59,20.50,36.90,102,386
18:44:34,117788.78,2221.61,168648.64,20.60,36.90,106,411
18:45:35,123199.95,2430.86,181716.44,21.40,36.90,100,385
18:46:36,122269.19,2153.19,162123.91,21.20,36.90,99,268
18:47:36,111964.26,2161.63,162765.97,21.60,36.90,105,337
18:48:37,71774.99,1714.09,130000.00,21.70,36.90,124,656
18:49:37,61355.56,1769.31,131604.53,23.40,36.80,103,637
18:50:38,57526.50,1818.93,137067.55,23.90,36.80,101,721
18:51:38,54291.52,1855.14,138741.72,23.80,36.80,98,687
18:52:39,60439.56,2014.61,149146.77,24.00,36.70,99,577
18:53:39,55723.18,1936.65,143193.27,23.10,36.70,100,634
18:54:40,51790.16,1906.93,142713.56,23.70,36.60,101,628
18:55:40,51549.02,1914.44,142713.56,24.00,36.60,101,772
18:56:41,48427.68,1842.60,138768.72,24.10,36.50,101,497
18:57:41,61665.43,2030.45,153979.25,24.70,36.50,101,438
18:58:42,77584.08,2170.10,164705.89,23.00,36.50,97,438
18:59:42,82679.07,2212.94,166666.67,22.30,36.50,98,415
19:0:43,71683.33,2123.85,163701.08,22.40,36.50,98,429
19:1:43,73364.40,2178.60,164705.89,22.80,36.50,104,449
19:2:44,68493.92,2182.75,166126.13,22.80,36.50,98,439
19:3:44,62209.74,2157.36,162411.36,22.90,36.50,99,508
19:4:45,97999.99,2270.12,172943.31,23.00,36.50,99,446
19:5:45,97999.99,2182.81,168231.03,22.10,36.60,101,545
19:6:46,121350.27,2374.39,179591.83,22.10,36.60,102,409
19:7:46,115231.68,2310.22,176102.92,21.70,36.60,97,312
19:8:47,104438.19,2274.35,173357.66,22.00,36.60,100,387
19:9:47,90530.00,2230.31,170652.16,22.20,36.70,97,648
19:10:48,78923.78,2265.48,171324.84,22.30,36.70,102,436
19:11:48,73991.45,2221.65,171272.72,22.50,36.70,95,535
19:12:49,79378.39,2292.22,174725.27,22.60,36.70,119,564
19:13:49,65570.31,2178.52,165888.69,22.60,36.70,102,498
19:14:50,86618.36,2243.48,171636.36,23.30,36.70,102,468
19:15:50,93415.38,2136.42,168648.64,22.30,36.70,110,506
19:16:51,97712.76,2136.42,167985.61,22.20,36.70,113,454
19:17:51,78026.68,2195.70,166010.73,21.80,36.70,116,521
19:18:52,66258.83,2086.86,158318.75,22.50,36.70,106,337
19:19:52,64229.88,2095.04,159578.20,24.10,36.70,109,525
19:20:53,68483.87,2191.39,157267.95,24.00,36.60,108,497
19:21:53,60138.69,2103.25,153979.25,22.40,36.60,105,409
19:22:54,54551.02,2095.04,149743.59,22.60,36.60,107,321
19:23:54,48551.73,1921.98,142140.47,22.80,36.60,108,523
19:24:55,44389.38,1818.93,136513.16,24.50,36.50,107,617
19:25:55,43807.02,1869.80,137067.55,26.10,36.50,109,431
19:26:56,41937.50,1862.45,136513.16,25.00,36.40,126,717
19:27:56,34326.63,1593.23,117940.73,25.50,36.40,110,898
19:28:57,38500.00,1833.33,135960.59,26.60,36.40,111,388
19:29:57,43807.02,1960.07,145608.09,25.40,36.30,116,478
19:30:58,46200.00,2014.61,150943.41,23.90,36.30,104,670
19:31:58,40516.66,1783.36,134313.72,23.40,36.20,123,30646
19:32:59,40343.49,1755.36,135960.59,25.60,36.20,115,323
19:33:59,45722.89,2010.49,149401.72,24.90,36.20,103,393
19:35:0,46200.00,2030.45,148551.98,23.10,36.20,109,594
19:36:0,45733.33,1954.65,143243.23,23.00,36.20,140,649
19:37:1,42858.79,1975.51,142713.56,23.60,36.20,103,1029
19:38:1,45383.23,2103.25,155208.34,23.70,36.20,123,564
19:39:2,44000.00,2014.61,146192.89,23.60,36.20,104,482
19:40:2,45789.16,2153.19,157692.31,24.10,36.20,108,614
19:41:3,45182.09,2095.04,153979.25,24.20,36.20,107,682
19:42:3,45993.96,2170.10,158947.38,24.60,36.10,111,399
19:43:4,45722.89,2148.94,161130.75,24.30,36.20,103,349
19:44:4,44389.38,1937.13,136513.16,24.30,36.20,106,403
19:45:5,43614.04,1940.22,137748.34,24.40,36.20,109,591
19:46:5,44585.80,2046.42,145608.09,24.70,36.20,122,755
19:47:6,45182.09,2136.42,155208.34,24.40,36.20,128,675
19:48:6,44982.14,2144.79,152151.48,24.20,36.20,107,647
19:49:7,45182.09,2111.49,151546.41,24.50,36.10,113,501
19:50:7,43234.78,1921.98,138181.81,24.20,36.10,109,444
19:51:8,40918.77,1365.40,92969.87,24.00,36.10,133,686
19:52:8,37070.87,1501.64,111890.23,24.50,36.00,147,2001
19:53:9,38337.80,1526.16,111415.52,23.70,36.10,107,508
19:54:9,35856.04,1278.52,85754.20,24.00,36.00,107,967
19:55:10,37052.63,1345.02,90184.91,23.30,36.00,103,30941
19:56:10,35267.17,1289.30,88575.45,23.70,36.00,106,1085
19:57:11,34977.21,1338.68,88983.05,24.40,36.00,125,1672
19:58:11,31713.60,1085.55,67101.83,23.80,36.00,105,1668
19:59:12,35121.82,1424.15,102215.66,24.70,35.90,128,1494
20:0:12,29737.93,812.85,45913.46,23.40,35.90,102,995
20:1:13,23466.67,816.89,50735.29,24.40,35.90,144,3955
20:2:13,19295.41,681.69,41843.97,25.90,35.90,30289,-30215
20:3:14,22390.53,816.89,53217.82,26.70,35.80,30151,32767
20:4:14,28124.72,1139.17,86956.52,24.70,35.80,30176,32208
20:5:15,29150.00,1154.10,84166.66,24.40,35.80,30125,31829
20:6:15,31842.11,1311.08,100440.52,24.20,35.80,107,1228
20:7:16,34547.74,1447.65,113803.69,24.50,35.80,115,1260
20:8:16,33985.07,1383.76,106746.63,24.60,35.70,110,1457
20:9:17,31942.31,1295.33,95224.31,24.60,35.70,174,1769
20:10:17,33570.37,1378.06,103111.12,24.70,35.70,112,1140
20:11:18,27572.69,1052.31,68503.93,24.40,35.60,140,1924
20:12:18,26609.07,1057.02,69210.52,24.70,35.60,136,2685
20:13:19,30097.23,1236.03,86153.84,26.40,35.60,124,1726
20:14:19,30924.53,1273.68,90598.29,25.10,35.50,122,1267
20:15:20,30097.23,1294.72,88575.45,25.80,35.50,100,1357
20:16:20,28654.63,1247.00,86115.01,26.20,35.60,134,1742
20:17:21,30584.12,1366.72,99999.99,26.10,35.50,147,1669
20:18:21,25987.21,1119.47,72074.47,26.10,35.50,130,2007
20:19:22,27572.69,1220.36,82987.55,27.20,35.50,123,1973
20:20:22,24692.95,1139.17,72074.47,26.50,35.50,113,1742
20:21:23,24647.30,1155.82,74362.42,27.80,35.50,104,1869
20:22:23,27210.53,1252.31,84916.20,28.00,35.50,131,1662
20:23:24,25434.60,1181.05,79616.96,26.80,35.50,114,1552
20:24:24,24078.03,1154.26,76048.72,27.50,35.50,130,32127
20:25:25,25682.20,1215.17,82206.90,28.00,35.50,132,1653
20:26:25,23606.49,1181.05,75471.70,27.40,35.40,104,1291
20:27:26,24213.55,1215.17,79890.56,28.60,35.50,114,1593
20:28:26,21616.28,1095.17,68856.77,28.40,35.40,246,1853
20:29:27,20787.07,1052.31,64683.05,28.60,35.50,109,2362
20:30:27,21616.28,1038.27,66059.82,29.40,35.40,129,2576
20:31:28,23466.67,1085.55,72074.47,28.40,35.40,120,2168
20:32:28,22478.26,1109.71,73529.41,27.50,35.40,103,-32757
20:33:29,22743.54,1100.00,74262.74,28.50,35.40,124,2321
20:34:29,23609.75,1149.25,77929.16,29.10,35.40,111,1775
20:35:30,23609.75,1154.26,77173.91,28.90,35.40,106,1706
20:36:30,22654.76,1174.21,84166.66,29.00,35.40,105,1194
20:37:31,24168.38,1191.25,84283.73,27.60,35.40,116,1775
20:38:31,24985.39,1246.55,87763.71,28.00,35.40,119,1479
20:39:32,24550.73,1206.67,88293.37,28.00,35.40,127,1598
20:40:32,24404.13,1225.57,86153.84,27.50,35.40,120,1265
20:41:33,23743.90,1236.03,88575.45,27.40,35.40,123,1079
20:42:33,24596.28,1267.80,91038.41,28.00,35.40,99,1159
20:43:34,24308.64,1289.30,91452.99,27.30,35.30,121,1210
20:44:34,24404.13,1289.30,91452.99,27.50,35.40,106,1070
20:45:35,24024.54,1278.52,90625.00,27.80,35.40,138,1411
20:46:35,27355.26,1501.64,113323.12,27.80,35.40,111,1406
20:47:36,30707.26,1520.00,115254.25,26.20,35.30,107,681
20:48:36,27270.33,1319.31,91977.08,25.00,35.30,106,526
20:49:37,17904.26,788.84,43861.74,26.30,35.20,294,4651
20:50:37,19832.71,965.40,61302.68,27.60,35.10,134,2141
20:51:38,18652.17,934.08,58883.25,27.60,35.10,214,1777
20:52:38,17140.87,761.32,45323.74,27.80,35.00,167,2022
20:53:39,15635.45,707.75,42130.18,27.80,35.00,197,4113
20:54:39,18333.33,857.88,57035.18,28.30,35.00,178,3570
20:55:40,21197.70,1042.94,71713.16,26.50,35.00,158,2806
20:56:40,21032.51,1033.62,72074.47,26.10,35.00,133,2031
20:57:41,21114.94,1100.00,77989.13,26.40,35.00,112,1821
20:58:41,21114.94,1114.58,78367.35,25.90,34.90,139,1856
20:59:42,24024.54,1311.08,95238.09,26.50,35.00,104,1164
21:0:42,16016.89,700.26,42704.63,25.90,35.00,207,2481
21:1:43,19295.41,700.26,49816.85,27.20,35.00,262,4603
21:2:43,16275.51,715.28,49512.20,24.80,34.90,155,-31367
21:3:44,20659.05,932.31,68956.41,27.20,35.00,145,1588
21:4:44,18465.70,821.29,56352.20,26.00,34.90,153,2368
21:5:45,18046.26,796.80,54161.49,26.20,34.90,241,3364
21:6:45,15825.21,749.67,47400.24,26.40,34.90,186,3934
21:7:46,18698.01,816.89,58333.33,27.10,34.90,109,2134
21:8:46,19714.29,935.84,65454.54,25.90,34.90,114,1826
21:9:47,20950.38,943.30,67801.05,26.00,34.90,161,1633
21:10:47,22216.11,1129.29,83772.54,25.80,34.80,105,1724
21:11:48,20787.07,1052.31,75741.24,25.90,34.80,114,1329
21:12:48,18438.85,993.75,68593.95,26.50,34.80,103,1489
21:13:49,19447.51,1061.74,73895.59,27.30,34.70,102,1772
21:14:49,16603.78,1019.74,66059.82,27.10,34.70,135,1411
21:15:50,19144.42,1100.00,75741.24,27.80,34.70,122,1322
21:16:50,17094.08,1005.71,67365.66,27.40,34.70,124,1228
21:17:51,17072.92,1047.62,68503.93,28.30,34.70,123,1957
21:18:51,20824.43,1205.16,86115.01,28.40,34.70,127,1741
21:19:52,18920.00,1100.00,76486.49,28.00,34.70,121,985
21:20:52,21280.77,1300.16,98686.13,28.70,34.60,116,985
21:21:53,24308.64,1412.52,105829.59,27.40,34.50,121,786
21:22:53,24500.00,1344.25,96521.73,26.80,34.60,107,947
21:23:54,24118.85,1273.15,96521.73,26.60,34.50,153,1089
21:24:54,24308.64,1435.86,109531.02,26.40,34.50,117,781
21:25:55,30218.10,1680.34,130000.00,26.90,34.50,111,871
21:26:55,29150.00,1489.51,115740.75,25.70,34.50,108,956
21:27:56,25783.44,1430.00,107207.21,25.70,34.50,105,602
21:28:56,24985.39,1424.15,107669.17,26.70,34.50,107,823
21:29:57,25381.05,1544.76,113803.69,26.90,34.40,107,1248
21:30:57,26676.79,1635.90,123809.52,26.60,34.50,116,788
21:31:58,27463.74,1608.12,122204.73,26.10,34.50,113,626
21:32:58,24213.55,1406.73,103111.12,25.70,34.60,105,817
21:33:59,25083.68,1465.47,106746.63,26.40,34.60,273,2102
21:34:59,25381.05,1576.17,114285.72,25.90,34.70,120,606
21:36:0,24404.13,1418.33,102215.66,25.70,34.60,100,575
21:37:0,24692.95,1551.00,107669.17,25.70,34.60,111,377
21:38:1,27463.74,1483.47,105373.14,24.90,34.70,101,703
21:39:1,23609.75,1425.20,97810.21,23.30,34.70,110,783
21:40:2,22303.75,1309.69,88826.02,24.80,34.70,117,752
21:41:2,26296.14,1327.59,88983.05,25.50,34.70,102,1052
21:42:3,20950.38,1236.03,79508.20,22.80,34.70,130,2188
21:43:3,23609.75,1425.20,101775.13,24.90,34.70,111,1048
21:44:4,25142.86,1419.35,99559.46,24.40,34.70,102,855
21:45:4,23651.11,1406.73,99560.75,23.00,34.70,105,1031
21:46:5,26089.75,1430.00,104464.29,23.40,34.70,126,846
21:47:5,34124.69,1847.84,145608.09,21.10,34.70,109,970
21:48:6,31713.60,1453.57,101769.91,17.40,34.70,107,1086
21:49:6,33846.15,1563.55,110942.25,17.60,34.70,106,944
21:50:7,31713.60,1693.77,117209.31,15.50,34.70,113,473
21:51:7,31331.75,1465.47,101769.91,15.70,34.70,145,642
21:52:8,31971.22,1526.16,102662.73,16.10,34.70,111,829
21:53:8,39660.27,1660.38,119687.51,15.00,34.80,111,554
21:54:9,31684.21,1490.79,106306.30,12.30,34.80,102,557
21:55:9,42297.99,1792.88,125878.59,15.30,34.90,111,732
21:56:10,32100.96,1441.75,99560.75,11.70,34.90,93,660
21:57:10,48551.73,1998.88,152758.63,14.90,34.90,113,676
21:58:11,31428.57,1540.00,108157.09,13.00,35.00,107,656
21:59:11,32387.41,1512.73,108925.87,16.00,35.00,102,740
22:0:12,42119.66,1797.51,132682.92,14.10,35.00,94,599
22:1:12,42858.79,1929.54,140432.61,10.80,35.10,99,760
22:2:13,42858.79,1855.14,133768.36,11.00,35.00,95,697
22:3:13,35121.82,1707.29,117209.31,10.50,35.10,98,977
22:4:14,38991.87,1804.63,130533.13,12.00,35.10,102,471
22:5:14,50387.10,1736.84,114329.75,10.80,35.10,93,583
22:6:15,40865.92,1762.32,125796.18,10.10,35.20,100,30591
22:7:15,36400.00,1717.07,113016.84,10.90,35.20,100,436
22:8:16,31842.11,1551.00,98250.73,11.00,35.30,106,560
22:9:16,32100.96,1563.55,103560.84,12.60,35.30,111,454
22:10:17,29501.14,1551.00,96092.62,13.00,35.30,149,745
22:11:17,34690.18,1477.45,88169.01,13.70,35.30,106,525
22:12:18,29501.14,1532.34,88983.05,11.30,35.30,100,491
22:13:18,31123.22,1505.45,96652.11,12.70,35.30,133,800
22:14:19,36590.07,1590.54,102222.21,13.50,35.30,112,644
22:15:19,31080.19,1532.34,91452.99,11.70,35.40,114,708
22:16:20,28803.61,1459.51,83379.51,12.40,35.40,294,1172
22:17:20,44456.97,1970.58,148034.17,13.10,35.40,100,588
22:18:21,29857.14,1495.57,85754.20,10.50,35.40,104,419
22:19:21,30275.71,1624.62,99117.64,12.60,35.50,105,599
22:20:22,27572.69,1477.45,82596.69,12.80,35.50,117,619
22:21:22,24841.67,1450.00,78474.12,13.40,35.50,108,532
22:22:23,23837.06,1459.51,74262.74,14.90,35.50,131,728
22:23:23,27682.12,1489.51,84561.89,14.80,35.50,102,765
22:24:24,23743.90,1424.15,77611.95,13.40,35.50,108,540
22:25:24,22523.81,1413.53,70557.02,15.40,35.50,110,540
22:26:25,19144.42,1278.52,58007.57,14.70,35.50,120,621
22:27:25,20384.18,1305.61,64000.00,16.10,35.50,124,764
22:28:26,19523.98,1273.15,62644.42,15.50,35.50,102,599
22:29:26,19755.10,1294.72,66406.25,16.10,35.50,116,678
22:30:27,21197.70,1355.45,72074.47,16.30,35.50,117,709
22:31:27,20787.07,1349.84,68856.77,15.70,35.50,126,742
22:32:28,19755.10,1322.07,66406.25,16.20,35.50,111,645
22:33:29,20868.57,1338.68,72436.76,17.50,35.50,104,377
22:34:29,23375.00,1406.73,76113.37,17.20,35.50,127,617
22:35:30,32100.96,1627.55,104011.89,14.80,35.40,113,452
22:36:30,22216.11,1395.21,69210.52,11.60,35.50,126,726
22:37:31,20787.07,1327.59,67801.05,14.80,35.50,122,628
22:38:31,23837.06,1447.65,83379.51,16.90,35.50,109,497
22:39:32,22043.05,1389.47,75741.24,15.30,35.50,117,635
22:40:32,24596.28,1477.45,85355.65,17.40,35.60,111,724
22:41:33,33570.37,1826.12,115254.25,15.50,35.60,116,586
22:42:33,26042.74,1479.87,84679.67,11.80,35.60,130,674
22:43:34,23283.70,1412.52,76860.63,14.10,35.60,108,389
22:44:34,25182.39,1489.51,85754.20,15.20,35.50,104,541
22:45:35,22480.16,1421.65,73557.05,13.90,35.60,108,328
22:46:35,21280.77,1383.76,70277.41,14.60,35.50,106,610
22:47:36,20464.15,1344.25,69210.52,15.60,35.50,128,784
22:48:36,18478.42,1257.14,60969.38,16.50,35.50,137,777
22:49:37,18261.18,1257.14,62982.01,17.20,35.50,108,1080
22:50:37,18117.65,1267.80,61971.82,18.30,35.50,111,954
22:51:38,17346.15,1225.57,57035.18,18.40,35.50,115,1003
22:52:38,17904.26,1159.10,58987.34,18.40,35.50,103,672
22:53:39,19029.20,1232.67,62051.27,18.00,35.50,105,609
22:54:39,18692.03,1239.82,62805.67,16.90,35.50,107,512
22:55:40,17833.63,1230.79,60636.94,17.60,35.50,128,727
22:56:40,19669.14,1319.31,66405.23,17.80,35.50,112,899
22:57:41,17763.25,1225.57,59644.67,16.30,35.50,97,727
22:58:41,17553.60,1220.36,59315.59,17.30,35.40,161,700
22:59:42,17623.24,1210.00,60636.94,17.60,35.40,100,670
23:0:42,18032.14,1233.08,61617.45,17.50,35.40,121,760
23:1:43,18698.01,1267.80,67101.83,18.00,35.50,119,1075
23:2:43,22478.26,1338.68,76113.37,17.50,35.50,154,760
23:3:44,23375.00,1435.86,88169.01,14.70,35.50,103,667
23:4:44,28124.72,1673.67,104011.89,15.00,35.50,101,664
23:5:45,26258.06,1490.79,88543.14,12.90,35.50,104,615
23:6:45,24887.50,1447.65,87763.71,14.10,35.50,103,660
23:7:46,27355.26,1483.47,88983.05,15.00,35.40,103,410
23:8:46,33570.37,1906.93,125278.22,13.10,35.40,100,462
23:9:47,28868.78,1559.87,97093.02,11.20,35.30,139,612
23:10:47,26400.00,1576.17,99122.80,12.80,35.30,98,620
23:11:48,28540.54,1590.54,99999.99,13.60,35.40,143,1081
23:12:48,26819.96,1563.55,97816.59,12.60,35.30,101,519
23:13:49,31971.22,1707.29,113803.69,14.10,35.30,99,521
23:14:49,33599.01,1706.43,115123.47,12.00,35.30,101,407
23:15:50,27572.69,1569.85,101325.47,11.40,35.20,100,513
23:16:50,31842.11,1734.62,115254.25,14.50,35.20,98,432
23:17:51,35560.10,1914.44,131604.53,12.20,35.20,103,506
23:18:51,33707.92,1653.77,114285.72,11.80,35.10,97,606
23:19:52,28575.28,1640.61,104918.03,11.90,35.10,110,690
23:20:52,30218.10,1614.58,108597.28,12.80,35.10,98,494
23:21:53,39157.61,1826.12,138741.72,14.00,35.10,100,574
23:22:53,36305.70,1797.51,129468.60,10.70,35.10,117,621
23:23:54,35211.20,1663.23,111585.36,11.60,35.10,96,508
23:24:54,34406.02,1673.67,115740.75,12.70,35.10,101,692
23:25:55,34265.00,1720.91,123222.75,13.30,35.10,94,625
23:26:55,40099.72,1861.23,129773.47,13.20,35.20,99,598
23:27:56,29182.65,1606.11,101925.91,10.60,35.20,108,825
23:28:56,39757.58,1861.23,148972.61,12.60,35.10,107,733
23:29:57,33846.15,1687.05,117701.87,11.80,35.20,245,1278
23:30:57,35856.04,1811.76,127360.00,11.80,35.20,135,912
23:31:58,38145.16,1974.25,136198.34,11.40,35.10,94,696
23:32:58,51333.33,2288.00,157267.95,10.50,35.10,105,784
23:33:59,29034.01,1582.52,99999.99,8.80,35.10,92,1090
23:34:59,36457.14,1906.93,129468.60,11.20,35.10,135,1049
23:36:0,42487.11,2111.49,142140.47,10.20,35.10,122,1094
23:37:0,41576.27,2078.71,139867.11,9.00,35.00,94,773
23:38:1,44194.12,1804.63,126837.07,9.60,35.00,109,866
23:39:1,37226.32,1899.45,118691.59,9.40,35.00,101,1091
23:40:2,38016.00,1998.88,128938.91,9.60,35.00,125,1141
23:41:2,54812.29,2402.45,162765.97,9.60,35.00,110,1088
23:42:3,60138.69,2578.34,170652.16,7.80,35.00,107,649
23:43:3,37522.55,1917.43,118750.01,7.20,35.00,109,717
23:44:4,31080.19,1776.33,114769.23,9.60,35.00,109,672
23:45:4,33846.15,1884.57,119687.51,10.50,35.00,103,644
23:46:5,30097.23,1776.33,108132.53,10.70,35.00,107,440
23:47:5,26561.56,1669.88,94524.49,11.50,35.00,101,642
23:48:6,31301.66,1835.97,112404.29,11.80,35.00,104,573
23:49:6,42487.11,1862.45,128410.93,10.90,34.90,123,849
23:50:7,38016.00,2070.59,134313.72,8.80,34.90,174,625
23:51:7,36305.70,1944.75,123222.75,8.90,34.90,105,774
23:52:8,42119.66,2062.50,135409.84,9.50,35.00,103,488
23:53:8,35121.82,1967.78,125796.18,9.00,34.90,104,779
23:54:9,40690.80,2095.04,136513.16,10.00,34.90,106,759
23:55:9,39157.61,2038.42,131067.97,9.20,34.90,154,835
23:56:10,38663.07,1998.88,133768.36,9.50,34.90,108,629
23:57:10,28918.55,1714.09,99122.80,9.70,34.90,103,708
23:58:11,30955.30,1840.57,114285.72,11.80,34.90,119,837
23:59:11,28803.61,1734.62,106287.42,12.10,34.80,132,951
