Hora,O3,NO2,CO,Humedad,Temperatura,P25,P10
0:0:12,25885.11,1634.07,90212.76,12.60,34.80,118,761
0:1:12,25481.02,1588.89,88983.05,13.00,34.80,127,574
0:2:13,22654.76,1507.74,81430.54,13.00,34.70,115,792
0:3:13,32493.95,2136.42,143288.59,14.10,34.70,155,872
0:4:14,46969.33,2269.98,152413.80,10.80,34.70,108,487
0:5:14,53020.00,2459.63,170652.16,9.60,34.70,106,593
0:6:15,48331.25,2078.71,133768.36,9.30,34.70,105,586
0:7:15,59840.00,2568.22,177490.75,9.50,34.70,110,494
0:8:16,50529.03,2314.86,160493.83,9.20,34.70,106,321
0:9:16,34523.93,1857.87,119248.84,10.10,34.60,106,453
0:10:17,41756.37,2161.63,147959.19,11.70,34.60,105,568
0:11:17,31205.67,1776.33,109531.02,11.00,34.60,125,726
0:12:18,41576.27,2212.94,148551.98,12.00,34.50,114,581
0:13:18,29619.26,1727.75,101325.47,10.60,34.50,110,828
0:14:19,26504.31,1601.69,98250.73,12.00,34.40,107,577
0:15:19,39324.25,2038.42,128410.93,13.90,34.40,115,531
0:16:20,36609.37,1952.40,121698.12,10.90,34.40,104,489
0:17:20,29199.08,1746.03,101333.33,11.20,34.30,103,488
0:18:21,29619.26,1804.63,109063.44,13.10,34.30,345,1485
0:19:21,27032.68,1714.09,99999.99,12.40,34.30,106,951
0:20:22,26888.89,1668.97,97376.09,12.40,34.20,102,576
0:21:22,24985.39,1647.18,95664.73,13.00,34.20,107,408
0:22:23,31971.22,1983.27,128938.91,13.20,34.20,103,682
0:23:23,26192.72,1687.05,102215.66,12.20,34.10,106,544
0:24:24,23930.61,1621.05,91452.99,13.20,34.10,107,953
0:25:24,22883.53,1537.79,83008.36,14.00,34.10,109,701
0:26:25,29266.51,1884.57,122712.94,14.40,34.10,112,561
0:27:25,28116.59,1827.39,114551.08,13.60,34.00,103,573
0:28:26,27572.69,1811.76,113323.12,14.00,34.00,87,715
0:29:26,29150.00,1869.80,123734.18,14.70,34.00,117,706
0:30:27,28236.61,1899.45,123734.18,14.60,34.00,120,629
0:31:27,28075.72,1737.65,112538.22,14.80,34.00,112,606
0:32:28,30707.26,1944.75,131067.97,15.20,34.00,103,550
0:33:28,30339.54,1944.75,130533.13,14.80,33.90,102,817
0:34:29,34124.69,2103.25,146779.64,15.00,33.90,104,503
0:35:29,31080.19,1975.51,137623.75,14.90,33.90,103,956
0:36:30,26676.79,1723.08,109090.91,15.20,33.80,104,840
0:37:30,31153.67,1994.78,137851.23,15.80,33.80,113,582
0:38:31,28461.88,1884.57,128410.93,15.50,33.80,115,800
0:39:31,30339.54,1967.78,135409.84,15.80,33.80,100,682
0:40:32,30830.99,1944.75,137067.55,15.80,33.80,121,907
0:41:32,33570.37,2086.86,147959.19,16.00,33.80,107,749
0:42:33,41219.10,2355.87,169314.06,15.70,33.70,103,710
0:43:33,38991.87,2144.79,148551.98,15.20,33.70,101,658
0:44:34,32334.14,1940.22,133333.33,15.30,33.60,113,1205
0:45:34,36762.41,2153.19,156446.00,15.90,33.60,113,1251
0:46:35,31458.43,1826.12,131604.53,15.60,33.50,105,981
0:47:35,32072.29,2025.99,141708.53,16.50,33.60,104,1012
0:48:36,33161.76,2022.51,144444.42,15.30,33.50,97,874
0:49:36,37639.26,2174.32,156719.03,15.20,33.50,144,826
0:50:37,39157.61,2337.50,173357.66,14.90,33.40,101,862
0:51:37,38337.80,2161.63,153979.25,14.40,33.40,100,719
0:52:38,36762.41,2153.19,153367.89,14.30,33.40,141,790
0:53:38,32865.53,1743.76,116279.08,14.60,33.30,98,764
0:54:39,41750.00,2226.04,164285.72,14.20,33.30,104,853
0:55:39,37856.39,2006.73,143288.59,13.70,33.30,103,1073
0:56:40,44982.14,2187.13,162123.91,13.90,33.30,97,684
0:57:40,35856.04,1991.06,134860.89,13.40,33.30,97,742
0:58:41,38016.00,2078.71,150342.47,13.60,33.30,108,711
0:59:41,32493.95,1840.57,130000.00,13.90,33.20,102,756
1:0:42,35413.26,1906.93,134313.72,15.20,33.20,93,880
1:1:42,33846.15,1862.45,133768.36,14.90,33.30,106,846
1:2:43,34690.18,1921.98,139303.48,14.80,33.20,100,795
1:3:43,36005.15,1877.17,134313.72,14.30,33.20,102,625
1:4:44,37382.59,1983.27,142140.47,14.60,33.20,103,585
1:5:44,34690.18,1929.54,134860.89,14.40,33.10,106,875
1:6:45,33682.38,1850.54,129032.26,14.90,33.20,99,924
1:7:45,36916.23,1998.88,141569.27,15.40,33.10,106,806
1:8:46,41937.50,2265.48,162123.91,14.30,33.10,93,549
1:9:46,32626.21,1877.17,126315.79,13.20,33.00,100,781
1:10:47,31842.11,1797.51,122204.73,14.50,33.00,102,736
1:11:47,33407.41,1902.38,132789.56,15.20,33.00,100,641
1:12:48,33297.30,1877.17,129468.60,14.70,33.00,109,644
1:13:48,34690.18,1983.27,138181.81,15.00,33.00,99,1022
1:14:49,35121.82,2006.73,139303.48,14.40,33.00,123,923
1:15:49,36916.23,2054.44,145025.28,14.50,33.00,103,645
1:16:50,40865.92,2212.94,158318.75,13.90,32.90,111,906
1:17:50,42302.86,2256.63,158947.38,13.00,32.90,129,735
1:18:51,42361.03,2247.92,158875.22,13.00,32.90,107,648
1:19:51,40690.80,2204.31,157068.08,13.00,32.80,103,537
1:20:52,44000.00,2265.48,161484.09,13.50,32.80,111,877
1:21:52,47249.23,2374.39,171324.84,13.00,32.80,104,562
1:22:53,39829.67,2144.79,153979.25,12.60,32.80,107,1036
1:23:53,43807.02,2292.22,164056.95,13.70,32.80,105,778
1:24:54,44982.14,2310.22,167324.95,13.20,32.70,113,631
1:25:54,43234.78,2239.05,158947.38,13.30,32.70,116,828
1:26:55,50134.61,2430.86,175412.84,13.50,32.70,127,714
1:27:55,49082.28,2346.96,173992.67,12.70,32.60,110,692
1:28:56,46000.00,2279.04,162989.33,12.60,32.60,106,907
1:29:56,45185.63,2270.12,163636.38,13.00,32.60,107,801
1:30:57,45993.96,2310.22,166010.73,13.10,32.60,100,997
1:31:57,45789.16,2119.77,160846.56,12.80,32.50,113,849
1:32:58,51549.02,2469.29,177490.75,12.90,32.50,115,670
1:33:58,46825.69,2247.83,165357.14,12.40,32.50,114,533
1:34:59,47894.41,2337.50,168648.64,12.90,32.40,106,907
1:35:59,43234.78,2230.31,155826.09,12.80,32.40,124,811
1:37:0,46407.30,2355.87,168648.64,12.90,32.40,110,723
1:38:0,45383.23,2393.06,167985.61,12.60,32.30,117,837
1:39:1,45383.23,2310.22,166010.73,12.40,32.40,102,713
1:40:1,45722.89,2360.65,168288.28,12.80,32.30,117,1118
1:41:2,47249.23,2402.45,171324.84,12.60,32.30,190,2875
1:42:2,47678.02,2440.41,172000.00,12.60,32.30,119,1239
1:43:3,45733.33,2343.09,168115.92,12.50,32.30,134,1299
1:44:3,44982.14,2337.50,165357.14,12.90,32.30,105,1065
1:45:4,44389.38,2374.39,170652.16,12.80,32.30,101,1124
1:46:4,49675.16,2578.34,182429.92,12.90,32.20,115,1322
1:47:5,45789.16,2402.45,169981.91,12.50,32.30,120,1109
1:48:5,48996.85,2411.89,169314.06,12.60,32.20,197,1073
1:49:6,47249.23,2393.06,172000.00,12.50,32.20,100,903
1:50:6,44389.38,2301.20,162765.97,12.70,32.20,107,1179
1:51:7,42855.49,2279.04,162344.59,13.30,32.20,117,1226
1:52:7,47036.81,2383.71,169981.91,13.30,32.20,104,968
1:53:8,43615.16,2265.48,164056.95,12.90,32.20,108,956
1:54:8,48996.85,2440.41,174040.20,13.30,32.20,104,741
1:55:9,48112.15,2374.39,166666.67,12.60,32.20,105,1145
1:56:9,51790.16,2440.41,171324.84,12.70,32.20,127,1119
1:57:10,51309.45,2421.35,173357.66,12.20,32.20,118,763
1:58:10,46825.69,2292.22,168648.64,12.40,32.20,108,716
1:59:11,50134.61,2421.35,171324.84,12.90,32.20,112,661
2:0:11,48331.25,2187.13,162765.97,12.80,32.20,104,871
2:1:12,53449.66,2379.23,171636.36,12.90,32.20,98,650
2:2:12,51790.16,2383.71,171324.84,12.20,32.20,102,613
2:3:13,48551.73,2328.37,165357.14,12.30,32.20,142,928
2:4:13,46615.86,2319.28,164705.89,12.80,32.10,161,920
2:5:14,49447.62,2393.06,167985.61,12.80,32.10,105,879
2:6:14,47894.41,2319.28,168648.64,12.50,32.10,106,732
2:7:15,45722.89,2323.94,163055.06,12.90,32.10,117,882
2:8:15,46969.33,2351.42,166965.89,13.00,32.20,105,819
2:9:16,50134.61,2430.86,167324.95,12.90,32.10,101,632
2:10:16,44919.40,2310.66,161347.53,12.50,32.10,146,983
2:11:17,46615.86,2292.22,160846.56,13.10,32.10,118,785
2:12:17,49904.16,2144.79,157692.31,12.80,32.10,101,680
2:13:18,57246.47,2346.67,167985.61,12.20,32.10,103,919
2:14:18,68395.16,2652.38,188190.48,11.90,32.00,99,867
2:15:19,48773.59,2170.10,164705.89,10.80,32.00,102,468
2:16:19,64307.70,2342.51,165591.41,13.10,32.00,103,617
2:17:20,61895.53,2533.47,179220.77,11.10,31.90,100,521
2:18:20,51094.46,2379.59,164937.39,11.00,31.90,99,655
2:19:21,51790.16,2310.22,167985.61,12.10,31.90,100,605
2:20:21,47462.97,2292.22,157692.31,11.60,31.90,101,724
2:21:22,53197.32,2513.63,173674.58,12.30,31.90,103,630
2:22:22,48773.59,2310.22,159578.20,11.20,31.80,107,686
2:23:23,52551.49,2524.21,174311.92,12.00,31.80,113,719
2:24:23,42858.79,2204.31,150943.41,11.30,31.80,101,737
2:25:24,42672.41,2212.94,152151.48,13.10,31.80,177,1015
2:26:24,53523.49,2508.37,175412.84,13.10,31.80,99,555
2:27:25,58378.58,2459.63,166010.73,11.60,31.80,100,797
2:28:25,48927.45,2278.88,159859.17,11.00,31.80,105,588
2:29:26,48331.25,2239.05,155826.09,12.40,31.70,95,607
2:30:26,66956.52,2660.91,182429.92,12.50,31.70,99,851
2:31:27,64561.54,2660.91,184586.48,10.80,31.70,116,780
2:32:27,52624.58,2310.44,157618.22,11.00,31.60,98,633
2:33:28,48331.25,2411.89,166010.73,12.20,31.60,97,723
2:34:28,76279.48,2768.21,183146.09,12.50,31.60,107,750
2:35:29,45789.16,2161.63,150342.47,10.40,31.60,96,544
2:36:29,44194.69,2123.70,145762.70,13.40,31.60,100,471
2:37:30,60742.66,2660.91,181716.44,13.70,31.50,104,981
2:38:30,97712.76,2973.79,210020.03,11.20,31.60,144,1006
2:39:31,55340.20,2283.27,156446.00,10.20,31.50,113,773
2:40:31,65914.06,2538.11,180297.38,12.10,31.40,30121,30755
2:41:32,45383.23,2144.79,142140.47,11.20,31.40,113,726
2:42:32,45251.49,2221.65,154513.91,13.40,31.40,102,799
2:43:33,40171.27,2095.04,141000.00,13.70,31.40,110,643
2:44:33,43424.41,2195.70,152758.63,14.40,31.40,103,713
2:45:34,61665.43,2528.15,173357.66,13.80,31.50,115,728
2:46:34,60580.89,2569.00,176058.92,11.80,31.40,106,784
2:47:35,52377.48,2170.04,157618.22,11.60,31.40,177,940
2:48:35,71408.33,2837.75,193436.30,12.20,31.40,108,814
2:49:36,94010.30,2757.27,186767.50,11.00,31.30,109,843
2:50:36,50600.00,2283.27,155826.09,10.80,31.20,99,598
2:51:37,58561.14,2505.04,173577.98,13.10,31.20,108,513
2:52:37,80767.13,2903.40,216700.59,12.50,31.10,118,879
2:53:38,65571.98,2469.29,171324.84,11.20,31.10,130,1038
2:54:38,56384.61,2195.69,147189.09,12.30,31.00,147,1165
2:55:39,92826.52,2891.85,206759.44,13.30,30.90,142,1233
2:56:39,91666.66,2518.24,172677.58,11.40,30.90,100,1553
2:57:40,77584.08,2469.29,170652.16,11.60,30.90,108,1290
2:58:40,65571.98,2548.10,175412.84,12.40,30.80,109,1511
2:59:41,54551.02,2256.63,159578.20,12.80,30.80,153,1202
3:0:41,66258.83,2619.27,183146.09,13.70,30.70,111,1040
3:1:42,89415.84,2629.61,164056.95,12.60,30.80,127,1112
3:2:42,63406.85,2301.40,158245.63,12.20,30.70,119,1704
3:3:43,48331.25,2195.70,150943.41,13.60,30.70,158,1446
3:4:43,71203.31,2736.70,195736.44,14.90,30.70,151,1495
3:5:44,48331.25,2153.19,146192.89,13.10,30.70,215,1711
3:6:44,47462.97,2247.83,156446.00,14.60,30.60,101,1226
3:7:45,50857.14,2436.36,179888.27,14.50,30.70,162,1982
3:8:45,72563.02,2790.24,192706.33,14.40,30.70,129,2031
3:9:46,52523.18,2292.22,160211.28,13.60,30.60,133,1306
3:10:46,43424.41,2161.63,153367.89,15.20,30.60,129,1185
3:11:47,54033.78,2528.15,180297.38,16.10,30.60,116,1881
3:12:47,55000.00,2553.49,179220.77,14.90,30.60,154,1634
3:13:48,78473.22,2834.90,208383.23,14.90,30.60,128,1584
3:14:48,79279.29,2752.42,200000.02,14.50,30.60,106,1579
3:15:49,74592.27,2650.43,187500.00,14.70,30.50,180,2050
3:16:49,72563.02,2671.43,191954.03,15.10,30.40,172,2186
3:17:50,62526.32,2426.34,179925.64,15.20,30.40,190,2514
3:18:50,70617.27,2508.37,176795.58,15.90,30.30,207,3051
3:19:51,55799.30,2435.88,177818.83,16.10,30.20,245,3280
3:20:51,74179.48,2834.90,207569.72,16.90,30.10,308,3277
3:21:52,68023.99,2619.27,180297.38,16.60,30.00,306,3418
3:22:52,78473.22,2724.73,195744.69,17.10,30.00,219,3794
3:23:52,79081.09,2842.70,208000.00,16.60,29.80,209,3921
3:24:53,75008.61,2724.73,181005.59,16.80,29.70,103,3531
3:25:53,63250.00,2538.11,191954.03,17.30,29.60,318,3534
3:26:54,75428.56,2619.27,187500.00,17.70,29.50,222,3176
3:27:54,71774.99,2757.27,210843.36,17.60,29.40,165,2937
3:28:55,76279.48,2660.91,200391.39,18.00,29.30,234,2820
3:29:55,91666.66,2903.40,217551.02,17.90,29.10,236,2534
3:30:56,79279.29,2563.56,185660.39,18.00,29.00,190,2742
3:31:56,70999.99,2374.39,174725.27,18.00,28.80,191,2890
3:32:57,79378.39,2619.27,188235.31,18.20,28.60,250,2919
3:33:57,77048.47,2573.67,192322.45,18.80,28.50,179,2975
3:34:58,69117.41,2692.61,196511.64,18.80,28.40,161,2282
3:35:58,80834.87,2792.87,205168.98,19.10,28.20,154,2347
3:36:59,66519.69,2687.83,213765.17,19.10,28.20,194,2398
3:37:59,68023.99,2650.43,201176.48,19.50,28.10,118,2643
3:39:0,66258.83,2671.43,186037.73,19.70,28.00,129,2040
3:40:0,67309.52,2508.37,201964.64,19.60,28.00,152,2185
3:41:1,66608.70,2673.48,205976.09,19.30,28.00,108,1908
3:42:1,59543.48,2558.14,187500.00,19.30,27.90,198,2422
3:43:2,62278.20,2684.10,200392.94,19.80,27.90,156,1871
3:44:2,67490.04,2791.56,212525.23,19.70,27.90,181,2098
3:45:3,60439.56,2713.97,201176.48,19.70,27.80,194,2303
3:46:3,57169.01,2493.95,179925.64,19.80,27.70,214,2364
3:47:4,81714.29,2973.79,222727.30,20.40,27.70,143,2267
3:48:4,72683.54,2544.19,183458.66,19.80,27.60,135,2086
3:49:5,68385.54,2713.97,188973.39,20.00,27.50,199,1621
3:50:5,63574.15,2608.97,191954.03,20.60,27.40,136,1667
3:51:6,60138.69,2538.11,205148.52,20.80,27.40,132,2252
3:52:6,62845.28,2493.95,187855.80,21.20,27.40,167,1830
3:53:7,56692.30,2450.00,183864.92,20.40,27.40,235,2252
3:54:7,67231.99,2692.11,201584.16,21.20,27.40,174,2139
3:55:8,74592.27,2915.00,218404.89,21.00,27.30,104,1870
3:56:8,58956.84,2558.14,189714.30,21.00,27.20,139,1618
3:57:9,63900.76,2459.63,183864.92,21.60,27.10,135,2398
3:58:9,64895.75,2779.20,210843.36,20.90,27.10,155,2096
3:59:10,66346.45,2584.65,191554.70,21.40,27.10,136,1515
4:0:10,64229.88,2588.51,188973.39,21.40,26.90,116,2155
4:1:11,68023.99,2713.97,205148.52,21.20,26.90,154,1789
4:2:11,74592.27,2801.33,206759.44,21.20,26.80,105,1531
4:3:12,85684.21,2973.79,222727.30,20.90,26.70,118,1494
4:4:12,92826.52,2868.92,210020.03,21.40,26.60,189,2076
4:5:13,86724.64,2768.21,203550.28,21.30,26.40,128,1810
4:6:13,91222.22,2918.26,217622.92,21.40,26.30,127,1681
4:7:14,81238.54,2724.73,194219.66,21.60,26.20,135,1531
4:8:14,99178.37,3087.26,232696.41,22.30,26.00,169,1504
4:9:15,81238.54,2938.36,213333.31,21.70,25.90,202,1710
4:10:15,98352.93,3009.72,220123.17,22.30,25.80,229,1726
4:11:16,67309.52,2548.10,196511.64,22.20,25.70,152,1772
4:12:16,89415.84,2950.11,220123.17,23.30,25.70,295,1836
4:13:17,84857.15,2865.46,212121.20,22.50,25.70,105,1160
4:14:17,82092.60,2886.88,209619.23,22.90,25.50,133,1632
4:15:18,73364.40,2757.27,208383.23,23.00,25.50,130,1601
4:16:18,77584.08,2915.00,215010.13,23.10,25.60,130,1893
4:17:19,80767.13,2915.00,219262.27,22.90,25.70,120,1803
4:18:19,89970.15,2938.36,234394.92,22.40,25.70,103,1668
4:19:20,95832.45,2973.79,221855.70,22.10,25.70,106,1865
4:20:20,70237.70,2746.37,207569.72,22.30,25.50,130,1532
4:21:21,60742.66,2479.00,178888.88,23.00,25.50,116,1619
4:22:21,61355.56,2588.51,191204.61,23.70,25.60,119,1446
4:23:22,54291.52,2459.63,178888.88,23.50,25.70,149,1635
4:24:22,63574.15,2703.27,194980.70,23.50,25.80,113,1740
4:25:23,77145.38,2846.19,207569.72,22.80,25.90,177,1624
4:26:23,85066.67,3016.71,223188.42,21.90,25.80,105,1198
4:27:24,79081.09,2710.28,197660.83,21.80,25.70,140,2309
4:28:24,85684.21,2868.92,217551.02,22.50,25.60,207,1694
4:29:25,89751.24,2905.00,194208.50,21.60,25.50,116,1079
4:30:25,114399.97,3171.36,229831.95,21.80,25.30,112,1834
4:31:26,91666.66,2903.40,222727.30,21.90,25.10,177,1537
4:32:26,82194.45,2938.36,219262.27,22.50,25.00,126,1774
4:33:27,106605.70,3223.13,232558.16,22.80,25.00,181,1845
4:34:27,84663.51,2768.21,197281.56,22.30,24.80,129,1506
4:35:28,71774.99,2812.47,208383.23,23.10,24.80,170,1316
4:36:28,93415.38,2985.71,223602.50,23.60,24.90,113,1772
4:37:29,79279.29,2980.65,238626.61,22.30,24.90,115,1412
4:38:29,76710.54,2746.37,197281.56,23.10,24.90,145,1595
4:39:30,72962.02,2973.79,221855.70,22.90,24.90,107,1200
4:40:30,85684.21,2834.90,204347.81,22.90,25.00,127,31736
4:41:31,75428.56,2812.47,212500.00,22.70,25.00,126,1795
4:42:31,88866.99,2926.65,215010.13,22.80,25.00,30155,31312
4:43:31,71385.89,2724.73,204347.81,21.90,25.00,103,1619
4:44:32,81612.91,2980.65,217142.84,22.10,25.10,102,1597
4:45:32,96105.26,3030.77,220618.55,21.70,25.10,104,1473
4:46:33,96452.63,2926.65,201176.48,21.50,25.00,115,1303
4:47:33,87252.43,2834.90,207569.72,21.40,24.90,107,1702
4:48:34,88866.99,2880.36,208383.23,21.60,24.90,116,1780
4:49:34,98352.93,2926.65,203550.28,21.60,24.90,103,1478
4:50:35,111964.26,3108.02,225363.83,21.70,24.80,104,1538
4:51:35,91666.66,2671.43,199609.38,21.40,24.70,118,1855
4:52:36,74179.48,2692.61,191954.03,22.70,24.70,109,1558
4:53:36,88215.68,2886.88,217995.89,22.90,24.80,100,1108
4:54:37,89970.15,2915.00,219262.27,22.30,24.80,152,1585
4:55:37,99535.13,3178.95,235820.91,21.50,24.80,118,1145
4:56:38,72167.35,2660.91,194219.66,21.80,24.80,110,1180
4:57:38,73709.40,2743.93,207200.00,22.90,24.80,157,1527
4:58:39,59600.00,2484.76,188571.44,21.70,24.90,137,1783
4:59:39,73364.40,2891.85,228930.83,23.70,24.90,126,1606
5:0:40,132150.73,3343.35,245751.64,21.90,25.00,112,1419
5:1:40,156269.88,3278.54,229894.73,21.10,24.70,109,1756
5:2:41,135384.66,3275.91,230736.84,21.20,24.30,182,1714
5:3:41,93415.38,2779.20,201964.64,21.60,24.10,138,1582
5:4:42,91666.66,2846.19,220123.17,22.50,24.10,123,1140
5:5:42,130067.62,3262.62,233474.58,22.90,24.10,112,1407
5:6:43,105624.98,2893.42,210040.16,22.00,24.00,131,1597
5:7:43,111440.45,3001.39,198825.84,22.20,24.00,100,1311
5:8:44,72167.35,2682.00,201964.64,22.60,23.90,114,1113
5:9:44,70617.27,2608.97,189714.30,23.80,24.00,96,1388
5:10:45,73177.95,2693.68,185283.03,23.80,24.20,105,1122
5:11:45,66258.83,2713.97,206759.44,23.40,24.30,127,1296
5:12:46,71294.60,2741.54,195357.84,23.00,24.50,96,1399
5:13:46,63900.76,2578.34,180297.38,22.80,24.50,115,1645
5:14:47,60278.39,2548.84,189694.66,23.50,24.70,109,1363
5:15:47,58378.58,2724.73,198054.48,23.50,24.90,115,1189
5:16:48,67309.52,2801.33,198054.48,22.90,25.10,149,1576
5:17:48,70617.27,2768.21,198054.48,21.60,25.20,130,1612
5:18:49,64229.88,2629.61,193461.55,21.80,25.20,105,1453
5:19:49,57857.64,2564.33,184180.80,22.50,25.30,112,1083
5:20:50,56692.30,2558.14,182429.92,22.70,25.40,145,31169
5:21:50,54033.78,2479.00,174725.27,22.50,25.50,140,1498
5:22:51,58877.70,2624.89,186389.42,22.60,25.70,114,1536
5:23:51,68750.00,2973.79,220123.17,22.00,25.70,108,1366
5:24:52,72167.35,2724.73,194219.66,21.20,25.70,109,1393
5:25:52,66606.30,2801.33,201176.48,21.30,25.60,110,1248
5:26:53,59249.10,2538.11,178888.88,21.30,25.60,125,1905
5:27:53,58092.54,2608.97,188235.31,22.10,25.60,112,1398
5:28:54,76710.54,2812.47,194219.66,22.00,25.60,157,1484
5:29:54,86201.92,2938.36,225363.83,21.00,25.60,109,1260
5:30:55,70617.27,2650.43,188235.31,20.30,25.50,121,1458
5:31:55,66782.61,2630.54,190439.78,21.50,25.30,97,1738
5:32:56,82194.45,2915.00,201964.64,21.90,25.20,104,876
5:33:56,62526.32,2614.56,189333.34,20.80,25.20,126,1576
5:34:57,72167.35,2650.43,196511.64,22.10,25.10,104,1419
5:35:57,66956.52,2608.97,191204.61,20.80,25.10,103,1283
5:36:57,65232.56,2568.22,178888.88,21.80,25.00,108,905
5:37:58,58092.54,2518.24,175412.84,22.30,24.90,125,1109
5:38:58,60358.98,2687.83,192322.45,22.70,25.00,115,1464
5:39:59,56418.11,2558.14,181716.44,22.10,25.20,118,1167
5:40:59,56111.50,2631.47,186717.28,22.30,25.40,144,1123
5:42:0,56145.83,2548.10,182429.92,21.90,25.50,113,1214
5:43:0,53885.13,2509.01,180970.14,22.00,25.60,106,801
5:44:1,57526.50,2640.00,186767.50,21.90,25.70,110,1018
5:45:1,53270.90,2578.34,184586.48,21.30,25.80,111,1047
5:46:2,57169.01,2656.16,196893.20,21.40,25.90,116,954
5:47:2,53270.90,2498.54,178888.88,21.10,25.90,115,1007
5:48:3,51071.43,2479.00,169314.06,21.60,25.90,104,901
5:49:3,54033.78,2578.34,181716.44,22.00,26.00,139,1144
5:50:4,66606.30,2692.61,189714.30,21.40,26.10,30150,31190
5:51:4,54291.52,2508.37,172000.00,20.80,26.10,99,962
5:52:5,61895.53,2635.27,192322.45,21.70,26.00,148,1471
5:53:5,53407.40,2575.27,186337.78,21.00,26.10,109,976
5:54:6,57246.47,2671.43,185310.75,21.70,26.10,106,1186
5:55:6,75142.85,2854.05,206374.50,21.10,26.10,100,1198
5:56:7,59840.00,2598.72,184586.48,20.20,26.10,153,1252
5:57:7,57526.50,2629.61,185310.75,21.20,26.00,112,1225
5:58:8,60439.56,2660.91,186037.73,21.20,26.00,137,1379
5:59:8,79837.11,3058.41,219262.27,20.70,25.90,113,937
6:0:9,94611.40,3108.02,232558.16,20.10,25.80,111,1106
6:1:9,66956.52,2735.53,205952.38,19.70,25.70,107,1051
6:2:10,63900.76,2746.37,200391.39,21.10,25.60,132,1180
6:3:10,85171.44,2891.85,205148.52,20.90,25.60,102,1089
6:4:11,81238.54,2703.27,191204.61,20.40,25.40,112,1120
6:5:11,65914.06,2640.00,188235.31,20.20,25.30,124,1257
6:6:12,85778.84,3087.26,224583.34,21.80,25.20,108,1293
6:7:12,72962.02,2724.73,194980.70,20.70,25.10,106,1375
6:8:13,68023.99,2640.00,181005.59,21.40,24.90,112,992
6:9:13,78473.22,2834.90,220123.17,22.10,24.90,125,1065
6:10:14,70727.27,2753.64,197660.83,21.60,25.00,112,1092
6:11:14,87785.36,2938.36,214170.03,21.80,25.00,110,1340
6:12:15,69117.41,2768.21,198830.42,21.10,24.90,122,1385
6:13:15,91666.66,3070.73,224481.34,21.60,24.80,212,1485
6:14:16,67847.99,2683.04,192692.33,21.20,24.80,129,1263
6:15:16,66606.30,2578.34,180297.38,22.30,24.70,127,992
6:16:17,59840.00,2660.91,189714.30,22.40,24.80,107,944
6:17:17,61977.62,2650.43,197281.56,22.60,24.80,112,1061
6:18:18,62292.14,2768.21,215010.13,22.50,25.00,109,1161
6:19:18,65742.19,2683.04,191938.58,22.00,25.00,114,1201
6:20:19,60138.69,2568.22,172677.58,21.80,25.00,103,985
6:21:19,58666.68,2650.43,186767.50,22.30,25.10,133,961
6:22:20,66258.83,2768.21,198830.42,22.00,25.20,104,1044
6:23:20,58666.68,2619.27,182429.92,21.30,25.20,107,784
6:24:21,65315.18,2721.05,187832.72,21.80,25.30,105,1215
6:25:21,65232.56,2757.27,193461.55,21.40,25.30,101,1290
6:26:22,58956.84,2608.97,185310.75,21.40,25.20,106,879
6:27:22,64223.08,2815.21,198046.88,21.80,25.30,126,1040
6:28:23,61420.08,2742.73,186363.64,21.50,25.30,134,1233
6:29:23,60439.56,2682.00,181716.44,21.70,25.40,122,1379
6:30:24,70617.27,2682.00,181716.44,21.70,25.30,30132,31344
6:31:24,58378.58,2629.61,186037.73,21.20,25.20,104,1013
6:32:24,55340.20,2692.61,194219.66,22.00,25.30,97,1108
6:33:25,71774.99,2880.36,219262.27,21.70,25.30,139,1171
6:34:25,80300.01,2724.73,186037.73,20.90,25.10,126,1289
6:35:26,91095.48,3083.10,226250.00,20.50,24.90,98,734
6:36:26,94010.30,3009.72,225363.83,20.20,24.80,114,1054
6:37:27,99654.04,3009.72,214170.03,20.70,24.60,108,955
6:38:27,121846.11,3259.85,223236.53,19.80,24.50,249,825
6:39:28,123199.95,3158.57,220123.17,19.10,24.30,102,31388
6:40:28,93896.90,2677.22,189333.34,19.20,24.20,91,912
6:41:29,118662.46,3108.02,218404.89,20.30,24.10,141,1421
6:42:29,101659.33,2692.61,189714.30,19.40,24.10,106,970
6:43:30,108092.46,2997.69,213333.31,20.30,24.00,124,1306
6:44:30,86932.04,2786.67,199217.23,19.90,23.90,98,1109
6:45:31,99654.04,2938.36,203550.28,20.30,23.90,106,759
6:46:31,79837.11,2703.27,190458.02,19.70,23.90,118,1040
6:47:32,69487.80,2578.34,184586.48,21.10,23.90,122,1351
6:48:32,70617.27,2692.61,183864.92,21.70,24.00,107,716
6:49:33,63900.76,2568.22,181005.59,21.40,24.10,104,983
6:50:33,62609.02,2598.72,182429.92,22.00,24.30,116,1195
6:51:34,57808.50,2578.34,181716.44,21.60,24.50,97,601
6:52:34,61355.56,2724.73,191204.61,21.60,24.70,113,1210
6:53:35,59543.48,2588.51,181716.44,20.40,24.80,97,876
6:54:35,54033.78,2548.10,178188.52,21.00,24.90,106,1121
6:55:36,56968.41,2598.72,182429.92,21.00,25.10,101,948
6:56:36,65571.98,2746.37,189714.30,20.30,25.10,111,1014
6:57:37,70237.70,2640.00,183146.09,19.40,25.10,119,1150
6:58:37,62044.95,2636.21,189312.98,18.70,24.90,107,972
6:59:38,58587.82,2624.89,184934.09,20.10,25.00,93,610
7:0:38,68023.99,2812.47,194980.70,20.10,25.00,121,920
7:1:39,76614.05,3090.35,225833.34,19.10,25.00,95,1013
7:2:39,84160.38,2735.53,171324.84,18.30,25.00,107,1235
7:3:40,75008.61,2724.73,193461.55,18.30,24.70,96,910
7:4:40,92826.52,3197.12,225363.83,19.10,24.60,105,912
7:5:41,110258.80,3153.33,211267.59,17.90,24.60,116,819
7:6:41,87252.43,2903.40,207569.72,17.30,24.40,106,1303
7:7:42,86201.92,2985.71,224481.34,18.20,24.30,158,834
7:8:42,74592.27,2640.00,178888.88,18.80,24.30,112,1095
7:9:43,86201.92,2891.85,194219.66,19.40,24.20,115,696
7:10:43,71020.74,2673.48,186717.28,19.00,24.20,116,1091
7:11:44,85171.44,2938.36,194219.66,20.00,24.20,159,1381
7:12:44,69967.21,2646.65,187832.72,18.40,24.20,128,1108
7:13:45,78473.22,2724.73,187500.00,20.00,24.20,121,31226
7:14:45,64145.59,2677.22,186389.42,19.70,24.30,107,826
7:15:46,101659.33,3197.12,210020.03,20.00,24.40,119,1422
7:16:46,73803.41,2716.23,187452.48,17.60,24.40,104,925
7:17:47,65828.13,2656.16,189333.34,19.20,24.30,105,873
7:18:47,63574.15,2650.43,178188.52,19.80,24.40,95,801
7:19:48,61047.98,2671.43,187500.00,20.10,24.50,112,831
7:20:48,63250.00,2757.27,191204.61,20.00,24.50,109,833
7:21:48,62209.74,2852.58,193076.94,19.30,24.60,119,1004
7:22:49,61355.56,2692.61,182429.92,19.20,24.70,103,652
7:23:49,56418.11,2578.34,176795.58,19.70,24.70,120,1303
7:24:50,56582.45,2668.70,177736.55,20.00,24.80,100,745
7:25:50,57448.76,2645.69,178518.50,19.80,24.90,111,686
7:26:51,60439.56,2790.24,209200.00,19.70,25.10,111,845
7:27:51,109485.36,3324.32,231223.64,19.00,25.10,111,1037
7:28:52,105874.98,2926.65,193461.55,17.30,25.00,102,1048
7:29:52,71774.99,2619.27,175412.84,17.50,24.70,101,933
7:30:53,89970.15,3095.53,224481.34,19.30,24.70,99,1048
7:31:53,80300.01,2746.37,193461.55,18.40,24.70,154,1151
7:32:54,72075.30,2730.70,203952.56,19.10,24.60,108,1214
7:33:54,78923.78,2735.53,190458.02,19.40,24.60,178,1425
7:34:55,70617.27,2735.53,186037.73,19.10,24.50,121,970
7:35:55,68385.54,2660.91,181716.44,19.70,24.50,126,990
7:36:56,108848.82,3108.02,209200.00,19.60,24.60,136,1052
7:37:56,91095.48,2868.92,195744.69,17.60,24.40,108,840
7:38:57,78026.68,2915.00,204347.81,18.40,24.40,104,668
7:39:57,85684.21,2880.36,198830.42,19.10,24.40,110,863
7:40:58,72563.02,2682.00,188973.39,19.00,24.40,114,886
7:41:58,81714.29,2735.53,187500.00,19.80,24.50,112,1040
7:42:59,101659.33,3070.73,204347.81,19.00,24.50,103,1088
7:43:59,82679.07,2880.36,199609.38,18.00,24.50,107,1210
7:45:0,105028.23,3077.93,216293.27,18.60,24.40,135,978
7:46:0,110388.21,3120.57,215010.13,17.80,24.40,102,984
7:47:1,108848.82,3058.41,215853.64,17.60,24.20,103,1148
7:48:1,100743.16,2859.01,194208.50,17.90,24.10,101,30650
7:49:2,108593.00,3135.39,230801.70,18.20,24.10,97,636
7:50:2,98352.93,2880.36,193461.55,17.80,24.10,132,883
7:51:3,82679.07,2950.11,200391.39,18.10,24.00,103,818
7:52:3,78923.78,2660.91,180297.38,18.50,24.00,134,1018
7:53:4,75008.61,2735.53,188235.31,19.00,24.00,101,581
7:54:4,69117.41,2735.53,184586.48,19.50,24.20,98,813
7:55:5,78026.68,2823.66,190458.02,19.50,24.30,103,734
7:56:5,64895.75,2660.91,182429.92,18.80,24.50,98,807
7:57:6,85684.21,3133.18,205148.52,19.50,24.60,104,624
7:58:6,78473.22,3033.95,205148.52,17.10,24.70,103,748
7:59:7,75428.56,2768.21,187500.00,17.00,24.60,98,624
8:0:7,91666.66,2903.40,196511.64,18.00,24.60,102,941
8:1:8,79538.47,2742.73,182022.50,16.90,24.60,110,580
8:2:8,72075.30,2698.47,187121.22,17.80,24.60,96,410
8:3:9,116073.59,3223.13,212500.00,18.10,24.70,118,965
8:4:9,107202.29,3265.04,229598.33,16.10,24.60,111,691
8:5:10,90530.00,2724.73,186037.73,16.40,24.40,111,1175
8:6:10,72075.30,2624.89,179220.77,17.80,24.30,98,750
8:7:11,69487.80,2608.97,176795.58,18.80,24.30,103,521
8:8:11,66433.07,2747.58,188212.94,18.90,24.50,102,743
8:9:11,67309.52,2629.61,176795.58,18.70,24.70,143,610
8:10:12,68385.54,2692.61,183864.92,18.40,24.70,102,30740
8:11:12,76614.05,2875.39,196893.20,18.20,24.80,95,578
8:12:13,87145.63,2807.57,188593.17,17.20,24.80,99,878
8:13:13,80834.87,2860.50,212550.59,17.10,24.70,111,700
8:14:14,85990.38,2825.06,191938.58,17.90,24.80,102,800
8:15:14,69771.42,2656.16,180633.14,17.10,24.60,95,786
8:16:15,78473.22,2823.66,202755.91,18.40,24.70,112,695
8:17:15,77145.38,2926.65,197281.56,17.60,24.70,99,1005
8:18:16,91095.48,3033.95,227139.89,16.90,24.70,95,485
8:19:16,115938.62,3102.83,211267.59,16.40,24.70,126,852
8:20:17,90530.00,3009.72,214170.03,15.60,24.60,97,762
8:21:17,107344.80,2997.69,198054.48,16.60,24.40,97,734
8:22:18,92243.65,2834.90,191204.61,16.30,24.30,99,641
8:23:18,107838.13,2963.68,192692.33,17.20,24.20,157,823
8:24:19,89970.15,2812.47,186037.73,16.60,24.10,111,972
8:25:19,89415.84,2938.36,196511.64,17.60,24.20,98,656
8:26:20,74497.84,2730.70,187121.22,17.00,24.20,106,649
8:27:20,84454.98,2813.84,189694.66,18.10,24.30,108,755
8:28:21,72378.14,2693.68,180260.70,17.40,24.40,102,652
8:29:21,77733.34,2994.44,203162.05,18.30,24.50,95,567
8:30:22,68120.48,2699.56,183458.66,17.30,24.60,94,524
8:31:22,66173.23,2754.87,184150.95,18.10,24.70,114,683
8:32:23,65914.06,2961.93,198830.42,18.10,24.80,123,765
8:33:23,65914.06,2746.37,185310.75,17.30,24.90,98,675
8:34:24,76517.55,3023.72,223651.47,17.60,24.90,92,488
8:35:24,95218.74,3108.02,206759.44,17.10,25.00,117,633
8:36:25,82679.07,2768.21,183146.09,16.10,24.90,101,554
8:37:25,71385.89,2713.97,179591.83,17.00,24.80,101,552
8:38:26,68385.54,2640.00,183864.92,17.50,24.80,111,656
8:39:26,66258.83,2735.53,183864.92,17.90,24.80,119,618
8:40:27,73489.35,2786.67,187832.72,17.80,24.90,110,649
8:41:27,87252.43,2997.69,197281.56,17.50,25.00,109,387
8:42:28,72563.02,2735.53,183146.09,16.80,25.00,106,640
8:43:28,78026.68,2812.47,189714.30,17.50,25.10,121,740
8:44:29,69117.41,2746.37,183146.09,17.00,25.00,134,676
8:45:29,68297.19,2752.42,185660.39,17.20,25.10,100,775
8:46:30,64229.88,2660.91,180297.38,17.40,25.10,102,675
8:47:30,63574.15,2724.73,183864.92,17.70,25.30,105,764
8:48:31,63900.76,2682.00,180297.38,17.60,25.40,119,868
8:49:31,64561.54,2660.91,178888.88,17.50,25.50,112,411
8:50:32,75991.26,2876.92,200785.86,17.50,25.60,89,529
8:51:32,64229.88,2790.24,189714.30,17.10,25.60,107,624
8:52:33,68572.58,2893.42,198050.69,16.90,25.60,103,681
8:53:33,74179.48,2891.85,194219.66,16.60,25.70,164,844
8:54:34,81714.29,3095.53,218404.89,16.30,25.60,108,757
8:55:34,89415.84,2880.36,186767.50,15.80,25.50,109,539
8:56:34,80767.13,2779.20,188235.31,16.00,25.40,103,629
8:57:35,74592.27,2768.21,186767.50,16.70,25.40,101,501
8:58:35,80767.13,2880.36,198830.42,16.90,25.30,100,615
8:59:36,76710.54,2846.19,191954.03,16.80,25.40,155,746
9:0:36,74913.79,2933.33,195357.84,16.60,25.30,103,607
9:1:37,74179.48,2768.21,186767.50,16.70,25.30,101,618
9:2:37,70909.09,2709.17,188593.17,17.20,25.30,105,631
9:3:38,86618.36,2945.08,198440.56,17.60,25.30,103,491
9:4:38,77145.38,3009.72,201964.64,16.80,25.40,112,759
9:5:39,72962.02,2812.47,188973.39,16.50,25.40,105,556
9:6:39,62928.30,2640.00,181005.59,17.00,25.30,102,511
9:7:40,65914.06,2735.53,186037.73,18.00,25.40,100,582
9:8:40,60138.69,2640.00,181005.59,17.60,25.40,95,416
9:9:41,89415.84,3120.57,207569.72,17.80,25.50,106,603
9:10:41,71499.99,2667.68,181308.39,16.20,25.50,99,530
9:11:42,66258.83,2650.43,177490.75,17.30,25.40,100,513
9:12:42,69861.22,2801.33,208383.23,17.50,25.50,98,473
9:13:43,72563.02,2846.19,187500.00,17.30,25.60,103,684
9:14:43,64061.30,2704.37,183114.45,16.80,25.50,100,376
9:15:44,62928.30,2660.91,182429.92,17.40,25.60,113,548
9:16:44,66956.52,2779.20,187500.00,17.60,25.70,95,478
9:17:45,77145.38,2846.19,190458.02,17.20,25.70,105,750
9:18:45,65570.31,2694.76,183804.16,16.70,25.70,97,616
9:19:46,64895.75,2724.73,184586.48,17.00,25.70,100,610
9:20:46,70147.54,2829.98,188593.17,17.20,25.80,100,698
9:21:47,83558.69,2956.88,210441.75,16.90,25.80,96,444
9:22:47,69487.80,2724.73,186037.73,16.40,25.80,99,516
9:23:48,69219.51,2808.93,189312.98,17.00,25.80,103,628
9:24:48,68750.00,2746.37,186037.73,16.80,25.80,97,474
9:25:49,71385.89,2926.65,194219.66,16.80,25.80,101,631
9:26:49,74179.48,2891.85,200391.39,16.30,25.80,96,445
9:27:50,94611.40,3033.95,198830.42,16.50,25.80,95,591
9:28:50,79837.11,2834.90,189714.30,15.60,25.80,102,498
9:29:51,77292.05,2958.62,196887.17,16.20,25.80,98,426
9:30:51,79378.39,2938.36,198054.48,16.10,25.80,99,392
9:31:52,74724.13,2831.39,196116.52,15.90,25.80,101,649
9:32:52,71385.89,2846.19,195744.69,16.50,25.80,98,605
9:33:53,69487.80,2746.37,190458.02,16.70,25.90,98,495
9:34:53,75428.56,2950.11,198054.48,16.90,25.90,100,693
9:35:54,73489.35,2900.00,200000.00,16.70,26.00,97,705
9:36:54,78026.68,2915.00,197281.56,16.60,25.90,97,544
9:37:55,77048.47,2807.57,187121.22,16.40,25.90,111,770
9:38:55,72378.14,2813.84,193448.94,16.70,25.90,98,556
9:39:56,66606.30,2682.00,182429.92,16.70,25.90,96,640
9:40:56,69117.41,2790.24,188235.31,17.10,25.90,97,748
9:41:57,65914.06,2790.24,183864.92,17.20,26.00,98,598
9:42:57,64895.75,2692.61,183146.09,17.20,26.00,102,536
9:43:58,71774.99,2812.47,194219.66,17.30,26.00,100,466
9:44:58,65742.19,2704.37,182397.03,17.10,26.00,93,601
9:45:58,64145.59,2752.42,181343.31,17.30,26.00,99,597
9:46:59,73364.40,2823.66,188973.39,17.30,26.00,96,520
9:47:59,72167.35,2801.33,187500.00,16.80,26.00,101,780
9:49:0,70617.27,2801.33,188235.31,16.30,25.90,109,711
9:50:0,86201.92,2915.00,196511.64,16.30,25.80,94,485
9:51:1,85368.42,2946.79,202366.86,16.00,25.70,101,790
9:52:1,90530.00,3033.95,208383.23,16.20,25.80,94,580
9:53:2,79837.11,2903.40,191954.03,15.80,25.70,92,639
9:54:2,72563.02,2757.27,178188.52,16.30,25.70,98,821
9:55:3,72962.02,2790.24,188235.31,16.80,25.80,102,629
9:56:3,71385.89,2779.20,186037.73,16.70,25.90,111,522
9:57:4,86724.64,2880.36,191204.61,16.90,26.10,103,613
9:58:4,79837.11,2846.19,189714.30,16.40,26.20,88,439
9:59:5,91666.66,2846.19,190458.02,16.40,26.20,96,725
10:0:5,83661.98,2834.90,193461.55,16.00,26.20,91,697
10:1:6,77145.38,2801.33,186767.50,16.40,26.30,104,618
10:2:6,77145.38,2768.21,188235.31,16.30,26.30,87,602
10:3:7,83168.23,2834.90,191204.61,16.30,26.40,92,398
10:4:7,80365.30,2804.02,194197.30,16.20,26.40,90,603
10:5:8,81714.29,2682.00,177490.75,16.20,26.40,96,597
10:6:8,78923.78,2846.19,192706.33,16.20,26.50,88,525
10:7:9,85263.16,2941.74,203564.36,16.10,26.50,106,521
10:8:9,85171.44,2735.53,186037.73,15.90,26.50,105,648
10:9:10,94010.30,2790.24,191204.61,16.20,26.50,105,416
10:10:10,81238.54,2735.53,186037.73,15.90,26.50,95,556
10:11:11,74592.27,2671.43,180297.38,16.20,26.40,110,543
10:12:11,111833.30,3016.71,200000.02,16.30,26.40,94,552
10:13:12,89970.15,2801.33,189714.30,15.30,26.40,100,370
10:14:12,80300.01,2713.97,183146.09,15.90,26.30,94,302
10:15:13,79737.56,2698.47,182056.09,16.40,26.30,107,611
10:16:13,78473.22,2713.97,183146.09,16.30,26.30,110,724
10:17:14,78473.22,2746.37,186037.73,16.50,26.30,110,443
10:18:14,74592.27,2812.47,191954.03,16.30,26.40,98,580
10:19:15,73770.20,2846.19,188973.39,16.40,26.40,142,801
10:20:15,80767.13,2926.65,191954.03,16.30,26.50,97,672
10:21:16,72962.02,2671.43,180297.38,15.90,26.50,92,380
10:22:16,87785.36,2891.85,196511.64,16.30,26.50,94,366
10:23:17,90200.00,2764.60,186363.64,15.80,26.40,93,490
10:24:17,85684.21,2713.97,188973.39,15.70,26.50,99,438
10:25:18,82194.45,2660.91,176795.58,16.20,26.40,96,463
10:26:18,86618.36,2886.88,202362.20,16.40,26.40,86,518
10:27:19,100622.94,3055.27,208000.00,15.30,26.50,98,476
10:28:19,108848.82,2938.36,193461.55,14.90,26.40,107,601
10:29:20,89970.15,2790.24,185310.75,15.10,26.10,93,476
10:30:20,93302.56,2886.88,192322.45,16.00,26.10,91,439
10:31:21,90530.00,2790.24,196511.64,15.90,26.10,93,509
10:32:21,92826.52,2880.36,199609.38,16.30,26.20,116,723
10:33:22,97712.76,2903.40,188235.31,16.10,26.20,93,451
10:34:22,90763.82,2888.44,193822.41,15.90,26.20,94,452
10:35:23,84663.51,2915.00,198054.48,16.00,26.30,91,502
10:36:23,87892.16,2989.35,201181.09,16.00,26.30,91,686
10:37:24,87785.36,2724.73,188973.39,15.90,26.30,97,450
10:38:24,88000.00,2831.39,192307.70,16.40,26.40,99,580
10:39:24,84559.24,2785.37,191570.89,16.00,26.40,100,581
10:40:25,97361.69,3055.27,205566.61,16.20,26.40,95,619
10:41:25,94611.40,2846.19,193461.55,15.60,26.40,91,683
10:42:26,113445.75,2898.41,194594.59,15.90,26.40,93,476
10:43:26,96452.63,2812.47,188235.31,15.40,26.30,115,706
10:44:27,92826.52,2823.66,194219.66,16.00,26.30,96,615
10:45:27,87252.43,2823.66,194980.70,16.00,26.30,101,536
10:46:28,95218.74,2915.00,194980.70,15.90,26.30,92,611
10:47:28,81612.91,2921.64,196124.05,15.90,26.30,107,539
10:48:29,103486.02,3122.75,209218.44,16.20,26.40,90,413
10:49:29,116073.59,3046.15,205952.38,15.30,26.40,92,499
10:50:30,100502.72,2989.35,205168.98,15.20,26.30,92,576
10:51:30,124810.41,3199.52,213360.31,15.70,26.30,90,680
10:52:31,128040.05,3058.41,209200.00,15.00,26.20,89,472
10:53:31,94010.30,2812.47,190458.02,15.20,26.20,101,530
10:54:32,95218.74,2779.20,190458.02,16.00,26.20,89,615
10:55:32,105874.98,2997.69,201176.48,16.30,26.20,88,585
10:56:33,125098.09,3210.10,208383.23,15.70,26.30,93,491
10:57:33,125098.09,2950.11,203550.28,15.10,26.30,103,715
10:58:34,116790.09,3090.35,204752.47,15.40,26.10,92,511
10:59:34,141087.00,3133.18,204347.81,15.50,26.20,88,540
11:0:35,116073.59,3058.41,204347.81,15.10,26.10,100,444
11:1:35,143485.33,3197.12,207569.72,15.50,26.00,105,487
11:2:36,107838.13,2791.56,191938.58,14.80,25.90,94,424
11:3:36,122269.19,3145.84,212500.00,15.30,25.90,93,617
11:4:37,95104.16,2980.65,204752.47,14.90,25.80,95,372
11:5:37,178946.44,3398.51,219262.27,15.50,25.80,91,691
11:6:38,151123.11,3302.69,211670.00,14.90,25.60,98,525
11:7:38,100983.59,2682.00,185310.75,15.30,25.40,89,421
11:8:39,121350.27,3120.57,208383.23,16.30,25.40,95,502
11:9:39,113313.22,2951.83,201178.78,15.70,25.40,91,539
11:10:40,125631.53,3300.00,221487.59,16.30,25.40,93,780
11:11:40,115097.53,2980.65,203155.81,15.70,25.40,91,885
11:12:41,112239.49,2977.37,199607.84,15.90,25.30,88,477
11:13:41,133680.59,3150.36,213387.41,16.50,25.40,94,408
11:14:42,100983.59,2903.40,195744.69,16.30,25.40,86,347
11:15:42,109223.51,2870.00,189251.44,16.70,25.40,92,608
11:16:43,119270.40,2975.58,199608.63,16.90,25.60,97,678
11:17:43,108092.46,2950.11,200391.39,16.30,25.60,94,553
11:18:44,114266.64,3016.71,207171.31,16.40,25.70,86,614
11:19:44,153828.16,3145.84,210020.03,16.20,25.70,100,536
11:20:45,98352.93,2801.33,191954.03,15.70,25.60,93,497
11:21:45,120929.89,3080.00,199217.23,16.80,25.70,87,502
11:22:46,116073.59,3133.18,208383.23,16.00,25.70,91,525
11:23:46,97999.99,2831.39,194584.14,15.70,25.70,86,545
11:24:47,118662.46,3095.53,225363.83,16.50,25.70,92,538
11:25:47,102666.66,2946.79,198437.50,16.30,25.80,87,643
11:26:48,100743.16,2870.43,195736.44,16.40,25.80,91,565
11:27:48,87252.43,2692.61,182429.92,16.70,25.80,86,488
11:28:49,92243.65,2735.53,179591.83,17.00,25.90,88,531
11:29:49,115231.68,3171.36,208383.23,16.30,25.90,86,616
11:30:50,91095.48,2768.21,183146.09,15.50,25.90,85,745
11:31:50,97079.36,2801.33,184586.48,16.60,25.80,102,655
11:32:50,87678.05,2863.96,191570.89,16.60,25.90,111,608
11:33:51,111171.57,3083.10,204347.81,16.90,26.00,94,605
11:34:51,116925.89,2973.79,194219.66,16.20,26.10,90,521
11:35:52,108848.82,2973.79,194980.70,16.10,26.00,100,590
11:36:52,97764.70,2743.93,178438.64,16.40,26.10,97,493
11:37:53,95218.74,2790.24,182429.92,17.00,26.10,93,493
11:38:53,90874.38,2836.32,186742.44,16.80,26.20,102,443
11:39:54,89415.84,2823.66,188235.31,16.80,26.20,100,564
11:40:54,87678.05,2774.34,182056.09,16.90,26.30,103,461
11:41:55,88650.24,2825.06,190439.78,16.80,26.30,119,470
11:42:55,95832.45,2868.92,187500.00,16.60,26.30,165,674
11:43:56,98352.93,2903.40,189714.30,16.30,26.40,95,388
11:44:56,105874.98,2973.79,193461.55,16.30,26.40,99,452
11:45:57,92826.52,2779.20,188973.39,15.80,26.40,104,432
11:46:57,94611.40,2790.24,181716.44,16.30,26.50,100,656
11:47:58,111964.26,2903.40,192706.33,15.90,26.50,94,572
11:48:58,97712.76,2961.93,198054.48,15.40,26.40,117,495
11:49:59,84160.38,2735.53,179591.83,16.00,26.40,99,563
11:50:59,83168.23,2735.53,179591.83,16.50,26.40,106,525
11:52:0,78473.22,2703.27,176795.58,16.70,26.50,105,525
11:53:0,81277.79,2801.79,191505.80,16.80,26.50,95,450
11:54:1,89306.93,2956.88,186389.42,16.30,26.60,101,656
11:55:1,111964.26,3058.41,203550.28,15.80,26.60,110,558
11:56:2,100076.08,2940.05,195736.44,15.20,26.50,102,422
11:57:2,92602.03,2893.42,192692.33,15.90,26.40,97,755
11:58:3,94611.40,2857.53,188973.39,16.10,26.40,99,466
11:59:3,82194.45,2735.53,177490.75,16.10,26.50,107,583
12:0:4,85684.21,2724.73,178888.88,16.40,26.50,96,783
12:1:4,89415.84,2868.92,187500.00,16.60,26.60,111,638
12:2:5,82194.45,2779.20,184586.48,16.20,26.60,99,455
12:3:5,76279.48,2768.21,184586.48,16.10,26.60,107,578
12:4:6,101538.45,2956.88,193076.94,16.10,26.60,115,527
12:5:6,93415.38,2846.19,188973.39,15.50,26.60,114,394
12:6:7,73770.20,2239.05,171324.84,16.00,26.60,112,923
12:7:7,81238.54,2301.20,170652.16,15.70,26.60,103,401
12:8:8,76710.54,2411.89,172677.58,15.60,26.50,104,482
12:9:8,92489.79,2764.60,184905.67,16.10,26.50,145,650
12:10:9,85990.38,2693.68,180970.14,15.70,26.50,96,782
12:11:9,84160.38,2735.53,180297.38,16.60,26.40,100,556
12:12:10,113578.28,3058.41,202755.91,16.50,26.50,103,363
12:13:10,95218.74,2801.33,188973.39,15.20,26.40,112,446
12:14:11,86201.92,2588.51,172677.58,16.10,26.30,104,707
12:15:11,91666.66,2713.97,178188.52,16.60,26.30,114,575
12:16:12,88323.52,2713.97,182429.92,16.40,26.30,96,500
12:17:12,79837.11,2650.43,180297.38,16.80,26.30,97,525
12:18:13,95218.74,2790.24,183146.09,17.10,26.40,104,563
12:19:13,122269.19,3108.02,208383.23,16.40,26.50,98,472
12:20:14,87785.36,2692.61,181716.44,15.90,26.50,103,639
12:21:14,73676.59,2594.03,178518.50,16.90,26.50,97,579
12:22:15,73770.20,2488.75,167985.61,17.40,26.60,101,532
12:23:15,98881.71,2910.00,196124.05,16.70,26.60,95,383
12:24:16,85684.21,2660.91,179591.83,15.70,26.60,106,585
12:25:16,73271.17,2594.03,176427.25,16.70,26.60,97,486
12:26:16,74592.27,2629.61,179591.83,17.20,26.70,98,709
12:27:17,91666.66,2650.43,172677.58,17.00,26.80,101,434
12:28:17,80767.13,2682.00,178188.52,16.50,26.70,98,531
12:29:18,76466.95,2669.72,178398.50,16.60,26.70,102,672
12:30:18,137617.06,3275.91,213333.31,16.90,26.80,108,617
12:31:19,94010.30,2823.66,192706.33,15.30,26.80,100,595
12:32:19,83661.98,2682.00,178188.52,16.20,26.70,100,401
12:33:20,126609.23,3130.17,209638.55,16.50,26.60,99,540
12:34:20,112766.44,2973.79,190458.02,15.60,26.60,102,638
12:35:21,83849.06,2699.56,177079.47,15.70,26.50,98,610
12:36:21,80300.01,2692.61,179591.83,16.80,26.40,30259,30847
12:37:22,79378.39,2619.27,175412.84,16.80,26.50,105,669
12:38:22,79837.11,2779.20,188973.39,17.10,26.60,97,543
12:39:23,79081.09,2678.26,176383.75,16.70,26.60,97,675
12:40:23,97079.36,2834.90,186767.50,16.80,26.70,105,472
12:41:24,80767.13,2703.27,181005.59,16.50,26.70,96,628
12:42:24,84160.38,2868.92,191954.03,16.80,26.80,100,492
12:43:25,83661.98,2713.97,178888.88,16.10,26.80,94,560
12:44:25,81714.29,2682.00,179591.83,16.40,26.80,96,390
12:45:26,100315.20,2903.40,191954.03,16.40,26.80,101,534
12:46:26,97079.36,2746.37,181716.44,15.90,26.80,105,618
12:47:27,99654.04,2868.92,183864.92,16.10,26.80,108,570
12:48:27,104438.19,2834.90,179591.83,16.10,26.70,92,664
12:49:28,85368.42,2625.81,171584.69,15.90,26.60,119,513
12:50:28,81238.54,2692.61,178888.88,16.80,26.60,94,460
12:51:29,77145.38,2779.20,184586.48,17.00,26.70,115,576
12:52:29,111964.26,2973.79,183864.92,16.60,26.70,151,755
12:53:30,95218.74,2903.40,197281.56,15.60,26.70,96,463
12:54:30,101659.33,2757.27,180297.38,15.90,26.60,94,466
12:55:31,90530.00,2703.27,177490.75,16.20,26.40,98,332
12:56:31,95832.45,2735.53,184586.48,16.70,26.40,90,414
12:57:32,77145.38,2671.43,177490.75,17.00,26.40,95,427
12:58:32,76710.54,2640.00,171324.84,17.40,26.50,92,547
12:59:33,96336.84,2933.33,192322.45,17.40,26.60,95,589
13:0:33,91666.66,2915.00,192706.33,16.30,26.60,89,501
13:1:34,91095.48,2857.53,183146.09,16.00,26.70,97,719
13:2:34,107344.80,2768.21,178888.88,16.10,26.70,99,525
13:3:35,106605.70,2915.00,188235.31,16.00,26.60,100,628
13:4:35,96452.63,2834.90,183864.92,15.80,26.60,92,348
13:5:36,87252.43,2724.73,177490.75,16.40,26.60,104,664
13:6:36,83168.23,2768.21,186767.50,16.60,26.60,98,581
13:7:37,79737.56,2752.42,182056.09,16.70,26.60,98,581
13:8:37,101659.33,2903.40,191954.03,16.70,26.70,104,609
13:9:38,89415.84,2724.73,176795.58,16.20,26.60,101,556
13:10:38,85684.21,2834.90,186767.50,16.90,26.60,98,679
13:11:39,145955.25,3171.36,194980.70,16.60,26.70,102,786
13:12:39,138285.77,3018.60,185633.28,15.50,26.60,137,668
13:13:40,93415.38,2713.97,182429.92,15.80,26.60,110,581
13:14:40,83455.40,2640.95,173308.94,16.70,26.60,107,646
13:15:41,79081.09,2710.28,180597.00,17.20,26.60,107,424
13:16:41,96336.84,2677.22,182056.09,17.20,26.70,104,505
13:17:42,118662.46,2903.40,190458.02,15.70,26.70,115,584
13:18:42,94760.41,2684.10,180934.56,15.60,26.70,99,583
13:19:43,84056.61,2763.36,186389.42,16.00,26.70,102,514
13:20:43,93896.90,2763.36,187121.22,16.50,26.70,111,463
13:21:43,84160.38,2640.00,171324.84,16.50,26.60,113,549
13:22:44,89970.15,2724.73,174725.27,16.90,26.60,98,496
13:23:44,95832.45,2823.66,186767.50,16.70,26.60,107,526
13:24:45,77584.08,2660.91,172677.58,16.20,26.70,106,395
13:25:45,96452.63,2961.93,195744.69,17.00,26.70,102,571
13:26:46,100622.94,2935.01,193822.41,16.10,26.70,100,404
13:27:46,92826.52,2578.34,175412.84,15.90,26.80,104,811
13:28:47,98352.93,2671.43,177490.75,15.70,26.80,158,693
13:29:47,92377.55,2781.78,185255.22,15.60,26.80,97,508
13:30:48,95832.45,2746.37,190458.02,15.90,26.70,116,735
13:31:48,97712.76,2757.27,187500.00,15.60,26.70,107,701
13:32:49,115231.68,2997.69,212500.00,15.60,26.70,101,701
13:33:49,92131.98,2543.46,172313.28,15.40,26.60,101,390
13:34:50,104314.59,2687.83,177121.75,15.80,26.60,105,468
13:35:50,114133.30,2825.06,194208.50,15.60,26.60,102,820
13:36:51,106605.70,2812.47,190458.02,15.20,26.50,104,463
13:37:51,97079.36,2857.53,186767.50,15.90,26.40,107,720
13:38:52,102342.53,2768.21,183864.92,16.50,26.40,107,591
13:39:52,105874.98,2801.33,201964.64,15.80,26.40,106,562
13:40:53,108092.46,2735.53,188235.31,15.60,26.40,127,546
13:41:53,127893.38,3028.84,199218.75,16.40,26.30,105,386
13:42:54,100315.20,2846.19,175412.84,16.00,26.30,95,604
13:43:54,90530.00,2660.91,178888.88,16.70,26.30,98,620
13:44:55,95218.74,2757.27,182429.92,17.30,26.40,107,575
13:45:55,84160.38,2713.97,190458.02,17.10,26.50,102,587
13:46:56,137617.06,3095.53,210020.03,17.30,26.60,100,638
13:47:56,101175.81,2759.73,184528.31,16.00,26.60,100,560
13:48:57,81207.38,2626.72,173577.98,16.90,26.60,101,479
13:49:57,98352.93,2891.85,205148.52,17.40,26.70,108,703
13:50:58,107344.80,2891.85,191204.61,16.60,26.80,100,838
13:51:58,125098.09,2915.00,181716.44,16.20,26.80,97,634
13:52:59,79837.11,2640.00,171324.84,16.10,26.80,101,428
13:53:59,90530.00,2746.37,186037.73,17.20,26.90,95,369
13:55:0,88866.99,2671.43,178188.52,17.10,27.00,104,530
13:56:0,87785.36,2548.10,181716.44,16.90,27.00,97,501
13:57:1,107838.13,3048.13,205158.73,16.50,27.10,96,607
13:58:1,91555.55,2875.39,196124.05,16.00,27.10,101,435
13:59:2,100983.59,2961.93,205148.52,16.50,27.10,95,484
14:0:2,81714.29,2568.22,174725.27,16.00,27.10,113,659
14:1:3,144711.16,3210.10,199609.38,17.60,27.10,101,471
14:2:3,95832.45,2682.00,197281.56,16.10,27.00,97,696
14:3:4,98999.99,2757.27,176102.92,17.20,27.00,101,422
14:4:4,82576.75,2677.22,182771.56,16.70,27.10,98,534
14:5:5,89415.84,2746.37,178188.52,17.30,27.10,100,613
14:6:5,98999.99,2779.20,186037.73,17.10,27.10,98,399
14:7:6,85368.42,2678.26,185633.28,16.80,27.20,94,538
14:8:6,78923.78,2588.51,174040.20,16.80,27.30,98,611
14:9:7,92243.65,2724.73,178888.88,17.30,27.30,119,685
14:10:7,83145.54,2679.30,174264.70,16.90,27.40,103,571
14:11:8,105152.52,2834.90,187500.00,17.30,27.40,100,535
14:12:8,89415.84,2735.53,171324.84,16.40,27.50,99,473
14:13:9,89970.15,2757.27,188235.31,16.60,27.60,96,444
14:14:9,158967.78,3155.61,181308.39,16.50,27.60,112,516
14:15:10,99956.51,2854.05,190057.38,15.60,27.50,95,561
14:16:10,81888.90,2554.24,167567.56,16.40,27.40,94,30445
14:17:10,83168.23,2629.61,183146.09,17.00,27.40,95,426
14:18:11,85684.21,2640.00,177490.75,16.40,27.40,93,627
14:19:11,114399.97,2880.36,189714.30,16.90,27.40,123,862
14:20:12,107344.80,2834.90,182429.92,16.00,27.40,95,572
14:21:12,86201.92,2619.27,171324.84,16.40,27.30,106,600
14:22:13,143485.33,3145.84,217551.02,17.00,27.40,90,548
14:23:13,139913.70,3046.15,200391.39,16.00,27.40,99,546
14:24:14,115231.68,2768.21,176102.92,15.80,27.30,97,622
14:25:14,98999.99,2746.37,176795.58,16.40,27.20,90,497
14:26:15,82474.42,2548.84,174678.89,16.70,27.30,93,450
14:27:15,98645.15,2721.05,191554.70,17.00,27.40,89,697
14:28:16,85684.21,2692.61,184586.48,16.10,27.40,91,519
14:29:16,92851.28,2711.40,174953.95,16.70,27.40,87,535
14:30:17,97079.36,2823.66,192706.33,16.30,27.40,189,930
14:31:17,126719.95,2975.87,190751.45,15.70,27.40,85,364
14:32:18,94155.44,2590.17,181647.92,16.10,27.40,89,369
14:33:18,103033.32,2713.97,176102.92,16.10,27.40,85,500
14:34:19,105874.98,2671.43,175412.84,16.00,27.40,88,608
14:35:19,105152.52,2671.43,186767.50,16.00,27.40,134,642
14:36:20,92826.52,2801.33,191954.03,15.70,27.30,86,491
14:37:20,115231.68,2757.27,182429.92,16.50,27.30,94,505
14:38:21,111171.57,2724.73,179591.83,16.20,27.20,98,419
14:39:21,97712.76,2857.53,191954.03,16.50,27.10,89,644
14:40:22,105874.98,2915.00,200391.39,16.70,27.10,91,847
14:41:22,116073.59,2997.69,199609.38,16.20,27.10,110,548
14:42:23,105152.52,2801.33,188973.39,16.10,27.10,107,555
14:43:23,90200.00,2678.26,177079.47,16.70,27.10,93,498
14:44:24,86718.45,2658.13,183427.50,17.30,27.20,99,639
14:45:24,82576.75,2624.89,178518.50,17.50,27.30,105,404
14:46:25,84246.45,2716.23,183082.72,17.50,27.40,97,401
14:47:25,105152.52,2926.65,195744.69,17.40,27.50,93,523
14:48:26,119408.77,2829.98,188593.17,16.40,27.50,98,855
14:49:26,80300.01,2508.37,164705.89,16.40,27.50,105,355
14:50:27,86201.92,2692.61,182429.92,17.20,27.50,108,493
14:51:27,103033.32,2812.47,190458.02,17.10,27.60,97,511
14:52:28,101538.45,2719.91,184210.55,16.50,27.50,105,688
14:53:28,87785.36,2650.43,184586.48,16.40,27.50,112,427
14:54:29,77584.08,2598.72,174040.20,17.20,27.50,107,531
14:55:29,77584.08,2578.34,169314.06,17.40,27.50,104,654
14:56:30,78473.22,2692.61,179591.83,17.60,27.60,125,533
14:57:30,106605.70,3033.95,201964.64,17.20,27.60,107,682
14:58:31,84056.61,2624.89,179220.77,16.10,27.60,104,495
14:59:31,117788.78,3058.41,206759.44,17.00,27.60,102,576
15:0:32,92243.65,2692.61,181716.44,15.90,27.60,97,489
15:1:32,78923.78,2459.63,170652.16,16.90,27.60,106,484
15:2:33,108848.82,2768.21,189714.30,16.50,27.70,100,584
15:3:33,103240.20,2539.53,173260.06,16.30,27.70,128,766
15:4:34,97079.36,2608.97,174040.20,16.10,27.70,98,584
15:5:34,127893.38,3016.71,204752.47,16.70,27.60,100,553
15:6:35,96452.63,2880.36,198830.42,16.00,27.70,105,516
15:7:35,119547.13,2903.40,195744.69,16.60,27.70,108,684
15:8:36,98352.93,2746.37,188973.39,16.10,27.70,100,370
15:9:36,87252.43,2640.00,178888.88,16.90,27.70,98,447
15:10:37,100315.20,2692.61,181716.44,17.30,27.70,148,645
15:11:37,107344.80,2713.97,178188.52,16.80,27.80,98,472
15:12:38,122269.19,2915.00,202755.91,16.20,27.80,104,417
15:13:38,97712.76,2790.24,192706.33,16.10,27.80,97,447
15:14:39,107344.80,2950.11,210843.36,16.70,27.80,105,683
15:15:39,116073.59,2868.92,188973.39,16.50,27.80,112,577
15:16:40,93415.38,2640.00,177490.75,16.70,27.80,103,372
15:17:40,94010.30,2868.92,197281.56,17.50,27.70,98,389
15:18:40,77584.08,2528.15,176795.58,16.90,27.80,110,465
15:19:41,123199.95,3033.95,207569.72,17.90,27.80,98,476
15:20:41,111041.40,2785.37,184934.09,16.70,27.90,104,615
15:21:42,90530.00,2660.91,172000.00,16.90,27.80,101,367
15:22:42,92826.52,2812.47,195744.69,17.60,27.80,104,449
15:23:43,103731.83,2985.71,200391.39,17.30,27.90,99,487
15:24:43,147833.38,3294.61,211717.16,17.00,28.00,100,443
15:25:44,98352.93,2629.61,190458.02,16.40,27.90,113,510
15:26:44,175421.08,3158.57,210020.03,17.40,27.90,103,447
15:27:45,136338.06,2910.00,199218.75,16.40,27.90,98,556
15:28:45,131102.09,2926.65,196511.64,16.80,27.80,96,657
15:29:46,124142.81,2961.93,203550.28,16.70,27.80,109,548
15:30:46,105874.98,2812.47,193461.55,16.70,27.80,101,618
15:31:47,84857.15,2710.28,192307.70,17.20,27.80,99,418
15:32:47,76710.54,2619.27,180297.38,17.60,27.80,98,435
15:33:48,101659.33,2768.21,184586.48,17.70,27.90,107,736
15:34:48,101538.45,2741.54,177818.83,17.00,27.90,100,752
15:35:49,81105.99,2591.01,175970.41,17.10,27.90,94,451
15:36:49,95832.45,2779.20,185310.75,18.00,28.00,104,610
15:37:50,92625.64,2701.75,182674.17,17.20,28.00,98,602
15:38:50,86724.64,2598.72,177490.75,17.50,28.00,98,374
15:39:51,82679.07,2608.97,177490.75,17.00,28.10,168,30768
15:40:51,95218.74,2703.27,177490.75,17.50,28.00,96,746
15:41:52,86201.92,2619.27,176795.58,17.20,28.00,99,496
15:42:52,70818.17,2609.85,191187.75,17.00,28.10,110,567
15:43:53,80767.13,2650.43,176795.58,17.70,28.10,100,437
15:44:53,85171.44,2724.73,188235.31,17.30,28.10,97,447
15:45:54,97361.69,2657.14,181308.39,16.80,28.10,103,475
15:46:54,101659.33,2757.27,198830.42,16.40,28.20,97,624
15:47:55,108848.82,2903.40,190458.02,16.10,28.20,95,637
15:48:55,81511.52,2599.57,178849.72,16.30,28.10,139,507
15:49:56,75047.61,2579.96,173260.06,17.30,28.10,93,30696
15:50:56,84663.51,2671.43,177490.75,17.60,28.20,95,614
15:51:57,70999.99,2538.11,166666.67,17.20,28.20,93,536
15:52:57,70057.38,2589.34,180970.14,17.70,28.40,95,565
15:53:58,95832.45,2812.47,192706.33,17.40,28.40,99,628
15:54:58,82194.45,2640.00,177490.75,16.60,28.50,95,445
15:55:59,89198.02,2715.10,176752.75,17.30,28.40,100,592
15:56:59,73676.59,2635.27,177121.75,16.90,28.40,102,441
15:58:0,123999.95,3016.71,188593.17,17.30,28.50,90,693
15:59:0,73489.35,2544.19,171584.69,16.30,28.50,96,474
16:0:1,111309.50,2996.29,200787.41,17.60,28.50,98,671
16:1:1,95218.74,2834.90,188235.31,16.40,28.50,89,510
16:2:2,103731.83,2823.66,196511.64,16.50,28.50,90,521
16:3:2,97712.76,2812.47,190458.02,16.10,28.50,103,662
16:4:3,95832.45,2746.37,184586.48,16.20,28.40,97,547
16:5:3,119547.13,2985.71,198830.42,16.30,28.40,94,621
16:6:4,75008.61,2548.10,176795.58,16.00,28.40,102,534
16:7:4,77584.08,2488.75,183864.92,16.80,28.40,96,494
16:8:5,91666.66,2703.27,173357.66,16.60,28.50,120,662
16:9:5,84857.15,2657.14,181308.39,16.40,28.50,95,745
16:10:6,94010.30,2768.21,183146.09,16.80,28.40,93,675
16:11:6,102666.66,2820.13,174999.98,16.60,28.50,97,716
16:12:7,82576.75,2741.54,183489.69,16.40,28.50,90,619
16:13:7,91095.48,2703.27,183146.09,16.60,28.50,99,558
16:14:8,86724.64,2650.43,178188.52,15.80,28.50,92,390
16:15:8,79081.09,2584.65,173626.38,16.70,28.40,99,529
16:16:9,70526.74,2533.47,169620.25,17.00,28.40,103,326
16:17:9,63564.89,2403.29,164579.61,17.50,28.40,102,578
16:18:10,73364.40,2558.14,171324.84,17.30,28.50,98,426
16:19:10,83661.98,2801.33,193461.55,17.20,28.50,97,522
16:20:11,66869.56,2553.49,172992.69,16.40,28.60,96,421
16:21:11,88323.52,2891.85,194980.70,16.90,28.70,103,482
16:22:12,74592.27,2450.00,166666.67,16.50,28.70,106,357
16:23:12,83661.98,2724.73,186037.73,16.20,28.70,100,458
16:24:13,77292.05,2775.61,184905.67,16.00,28.70,97,461
16:25:13,72075.30,2645.69,180633.14,16.40,28.70,105,527
16:26:14,92602.03,2859.01,184557.45,16.50,28.80,105,578
16:27:14,77145.38,2538.11,181005.59,16.00,28.70,98,408
16:28:14,88866.99,2757.27,189714.30,16.00,28.80,99,472
16:29:15,109228.05,2842.70,190804.61,15.50,28.70,108,888
16:30:15,77584.08,2538.11,162123.91,15.60,28.70,108,425
16:31:16,101659.33,2846.19,185310.75,16.60,28.70,91,428
16:32:16,65571.98,2402.45,164705.89,16.20,28.70,104,470
16:33:17,80767.13,2411.89,165357.14,16.80,28.80,105,727
16:34:17,93670.09,2710.28,190057.38,15.80,28.80,100,457
16:35:18,79378.39,2660.91,176795.58,15.30,28.70,102,415
16:36:18,85578.95,2543.46,169620.25,16.20,28.70,118,669
16:37:19,70526.74,2503.77,176427.25,16.30,28.70,103,393
16:38:19,101734.80,2743.93,185606.06,16.90,28.70,105,691
16:39:20,90530.00,2682.00,176102.92,15.80,28.70,102,402
16:40:20,85171.44,2713.97,182429.92,16.10,28.70,108,359
16:41:21,90530.00,2724.73,193461.55,16.20,28.70,98,564
16:42:21,102342.53,2857.53,195744.69,16.30,28.60,104,494
16:43:22,70617.27,2508.37,171324.84,15.90,28.60,100,635
16:44:22,103731.83,2973.79,198054.48,17.10,28.70,103,404
16:45:23,72563.02,2479.00,168648.64,15.70,28.70,112,425
16:46:23,70617.27,2518.24,169981.91,17.00,28.70,103,445
16:47:24,76279.48,2660.91,186767.50,17.20,28.70,116,579
16:48:24,85684.21,2757.27,185310.75,16.10,28.80,96,672
16:49:25,87252.43,2640.00,173357.66,16.00,28.80,105,742
16:50:25,81714.29,2640.00,163410.31,16.30,28.70,103,708
16:51:26,73364.40,2703.27,186037.73,16.70,28.80,101,654
16:52:26,68023.99,2528.15,171324.84,16.70,28.80,109,708
16:53:27,70237.70,2558.14,166666.67,17.00,28.90,102,804
16:54:27,69487.80,2588.51,174725.27,16.70,28.90,109,403
16:55:28,75428.56,2724.73,182429.92,16.70,28.90,99,447
16:56:28,92243.65,2834.90,191954.03,16.20,28.90,120,634
16:57:29,70999.99,2568.22,174040.20,16.10,28.90,100,548
16:58:29,66172.55,2503.77,161130.75,16.60,28.90,101,368
16:59:30,98999.99,3033.95,209200.00,17.00,29.00,101,510
17:0:30,84961.91,2758.50,201968.50,15.80,28.90,100,578
17:1:31,122269.19,3033.95,201964.64,16.20,28.90,99,548
17:2:31,97712.76,2724.73,182429.92,15.60,28.90,98,472
17:3:32,83952.84,2640.95,177449.16,15.90,28.90,100,345
17:4:32,97999.99,2797.77,193063.58,15.90,28.80,101,475
17:5:33,76279.48,2479.00,164056.95,15.80,28.80,97,533
17:6:33,72563.02,2479.00,167324.95,16.60,28.80,99,638
17:7:34,83661.98,2682.00,182429.92,16.40,28.80,100,678
17:8:34,71294.60,2553.49,173674.58,16.30,28.70,106,715
17:9:35,66519.69,2543.46,170961.88,16.90,28.70,100,690
17:10:35,65232.56,2528.15,166666.67,17.00,28.80,100,608
17:11:36,56188.15,2436.36,162344.59,17.10,28.80,97,442
17:12:36,67935.99,2604.27,179925.64,17.40,28.90,97,474
17:13:37,95486.90,2888.44,190804.61,16.10,28.90,101,501
17:14:37,105874.98,2779.20,187500.00,15.70,28.90,127,610
17:15:38,74818.96,2569.00,167266.19,15.70,28.80,96,514
17:16:38,64895.75,2619.27,174040.20,16.60,28.80,97,568
17:17:39,67309.52,2790.24,186767.50,16.90,28.80,96,624
17:18:39,67309.52,2578.34,168648.64,16.50,28.80,97,577
17:19:40,57526.50,2440.41,160846.56,16.70,28.90,106,484
17:20:40,57293.28,2445.96,163636.38,17.30,28.90,98,407
17:21:41,57808.50,2558.14,169981.91,17.20,28.90,96,401
17:22:41,53270.90,2430.86,163410.31,17.40,29.00,92,526
17:23:42,58378.58,2538.11,167324.95,17.60,29.00,107,714
17:24:42,70999.99,2629.61,178888.88,17.30,29.10,100,685
17:25:43,59543.48,2411.89,154592.73,16.60,29.10,91,684
17:26:43,59543.48,2528.15,167324.95,17.20,29.00,91,457
17:27:44,63490.50,2553.49,170289.84,17.20,29.10,92,477
17:28:44,66258.83,2538.11,174725.27,16.80,29.10,96,601
17:29:45,80767.13,2868.92,187500.00,16.20,29.20,88,549
17:30:45,93415.38,2834.90,189714.30,15.70,29.10,94,612
17:31:46,63239.55,2422.27,160707.97,15.70,29.00,90,522
17:32:46,65232.56,2498.54,167324.95,17.20,29.00,93,574
17:33:47,76279.48,2713.97,181716.44,16.30,28.90,90,445
17:34:47,85684.21,2713.97,182429.92,16.20,29.00,93,650
17:35:48,70999.99,2440.41,160211.28,15.80,28.90,104,437
17:36:48,73364.40,2598.72,169981.91,16.80,28.90,113,825
17:37:49,75852.19,2703.27,178888.88,16.40,28.90,88,521
17:38:49,59543.48,2430.86,153367.89,16.30,28.90,91,627
17:39:50,56461.53,2407.80,156643.36,17.50,29.00,30129,30652
17:40:50,54587.03,2646.65,192307.70,17.70,29.00,97,465
17:41:51,63250.00,2598.72,178888.88,17.30,29.10,98,612
17:42:51,57246.47,2411.89,155208.34,16.30,29.10,96,501
17:43:52,95218.74,2801.33,186037.73,17.20,29.00,104,599
17:44:52,69591.84,2605.14,173626.38,16.00,29.10,100,516
17:45:52,68032.13,2600.43,171220.39,16.60,29.00,98,503
17:46:53,61355.56,2450.00,162123.91,16.80,29.00,97,472
17:47:53,57526.50,2479.00,164056.95,17.20,29.00,98,614
17:48:54,71774.99,2790.24,184586.48,17.40,29.00,95,434
17:49:54,78473.22,2779.20,181716.44,16.60,29.00,103,490
17:50:55,67309.52,2608.97,173357.66,16.40,29.00,108,424
17:51:55,70617.27,2619.27,171324.84,16.80,29.10,102,433
17:52:56,67665.34,2558.14,166010.73,16.80,29.10,93,495
17:53:56,68385.54,2692.61,177490.75,16.80,29.10,101,436
17:54:57,60742.66,2459.63,167324.95,16.50,29.10,111,549
17:55:57,59249.10,2548.10,168648.64,16.80,29.10,99,397
17:56:58,60804.43,2484.76,160424.03,16.80,29.10,107,618
17:57:58,60580.89,2469.85,160141.09,16.80,29.10,97,674
17:58:59,75008.61,2757.27,186767.50,16.90,29.10,100,518
17:59:59,74724.13,2605.14,156020.95,16.40,29.10,98,556
18:1:0,90530.00,2868.92,181716.44,16.30,29.10,124,607
18:2:0,75008.61,2498.54,166010.73,15.70,29.10,100,478
18:3:1,63574.15,2469.29,162123.91,16.60,29.00,104,546
18:4:1,58666.68,2430.86,165357.14,16.90,29.00,98,438
18:5:2,71774.99,2538.11,167324.95,17.20,29.00,114,470
18:6:2,69771.42,2635.27,177121.75,16.60,29.00,106,582
18:7:3,65232.56,2459.63,158947.38,16.60,29.00,93,574
18:8:3,59543.48,2568.22,174040.20,17.00,29.00,103,617
18:9:4,63574.15,2598.72,170652.16,17.00,29.10,109,670
18:10:4,56418.11,2430.86,158947.38,16.70,29.10,105,507
18:11:5,80300.01,2846.19,189714.30,17.20,29.00,102,324
18:12:5,67047.62,2564.33,170235.92,16.40,29.10,102,448
18:13:6,109614.02,3095.53,207569.72,16.70,29.10,102,802
18:14:6,72167.35,2528.15,163410.31,15.50,29.10,107,814
18:15:7,62526.32,2426.34,155478.27,16.70,29.00,122,554
18:16:7,66258.83,2671.43,182429.92,16.90,28.90,105,646
18:17:8,61047.98,2498.54,164705.89,16.80,29.00,98,389
18:18:8,77584.08,2846.19,183864.92,17.00,29.00,99,543
18:19:9,55075.34,2450.00,166010.73,16.20,29.00,101,451
18:20:9,62609.02,2578.34,167324.95,17.50,29.00,108,30761
18:21:10,58378.58,2548.10,166666.67,16.90,29.10,101,583
18:22:10,61047.98,2578.34,169981.91,17.00,29.10,98,516
18:23:11,73770.20,2660.91,181005.59,17.00,29.10,159,641
18:24:11,61047.98,2498.54,168648.64,16.50,29.10,105,636
18:25:12,66956.52,2479.00,162123.91,17.00,29.10,96,584
18:26:12,67665.34,2469.29,166666.67,16.90,29.10,103,449
18:27:13,92265.30,2924.94,199215.69,16.50,29.10,97,526
18:28:13,70617.27,2538.11,168648.64,15.80,29.00,105,509
18:29:14,88323.52,2950.11,197281.56,16.80,29.00,99,805
18:30:14,85171.44,2834.90,186767.50,16.00,28.90,116,411
18:31:15,88866.99,2823.66,188235.31,16.60,29.00,101,472
18:32:15,61047.98,2421.35,156446.00,16.00,28.90,108,805
18:33:16,56692.30,2450.00,162765.97,17.20,28.90,100,610
18:34:16,60439.56,2558.14,172000.00,17.40,28.90,100,554
18:35:17,54551.02,2393.06,150943.41,17.30,29.00,104,30490
18:36:17,58956.84,2498.54,162765.97,17.70,29.00,94,627
18:37:18,68023.99,2588.51,173357.66,17.00,28.90,98,544
18:38:18,87252.43,2779.20,184586.48,16.60,29.00,110,612
18:39:19,67577.69,2573.67,169620.25,16.10,28.90,101,489
18:40:19,69487.80,2790.24,184586.48,16.60,28.90,116,659
18:41:20,56891.22,2435.88,165000.00,16.40,28.90,97,540
18:42:20,57246.47,2528.15,162765.97,17.10,28.90,104,526
18:43:21,55340.20,2479.00,163410.31,16.90,28.90,103,440
18:44:21,55075.34,2528.15,164705.89,17.20,28.90,98,502
18:45:22,51549.02,2488.75,166666.67,17.00,28.90,172,659
18:46:22,62916.67,2652.38,176014.73,17.50,29.00,113,645
18:47:23,52946.67,2445.45,156719.03,16.80,29.00,97,789
18:48:23,53270.90,2488.75,160846.56,17.30,29.00,96,412
18:49:24,51309.45,2430.86,158318.75,17.30,29.00,97,512
18:50:24,48331.25,2355.87,150342.47,17.50,29.00,95,487
18:51:25,57526.50,2578.34,168648.64,17.70,29.00,97,600
18:52:25,55606.89,2629.61,170652.16,17.00,29.00,90,562
18:53:26,57371.02,2460.17,157618.22,17.00,29.00,99,575
18:54:26,53020.00,2479.00,157068.08,16.80,28.90,93,504
18:55:27,50600.00,2430.86,158318.75,17.30,28.90,91,523
18:56:27,53555.55,2524.21,166247.75,17.70,29.00,101,551
18:57:28,47678.02,2430.86,155826.09,17.40,29.00,97,617
18:58:28,57526.50,2619.27,172000.00,17.70,29.00,89,444
18:59:29,47678.02,2411.89,155826.09,17.00,29.00,96,518
19:0:29,51071.43,2488.75,162123.91,17.60,29.10,104,489
19:1:30,48773.59,2498.54,160846.56,17.40,29.00,92,549
19:2:30,49675.16,2578.34,166666.67,17.40,29.10,155,545
19:3:31,50600.00,2538.11,166666.67,17.30,29.10,97,531
19:4:31,55075.34,2440.41,160211.28,17.20,29.10,91,657
19:5:32,71774.99,2682.00,174040.20,17.10,29.00,97,895
19:6:32,63900.76,2578.34,172000.00,16.20,29.00,94,354
19:7:33,54033.78,2421.35,158318.75,16.50,28.90,87,514
19:8:33,55606.89,2479.00,161484.09,17.30,29.00,98,654
19:9:34,55799.30,2435.88,154861.13,16.80,28.90,92,421
19:10:34,63250.00,2558.14,166010.73,17.00,28.90,92,355
19:11:34,61895.53,2523.53,166308.25,16.50,28.90,98,468
19:12:35,55340.20,2450.00,158318.75,16.80,28.90,102,632
19:13:35,54812.29,2528.15,164056.95,17.00,28.90,127,518
19:14:36,66433.07,2609.85,167266.19,17.00,28.90,96,465
19:15:36,69681.63,2651.40,172627.73,16.40,28.90,107,424
19:16:37,94611.40,2938.36,188235.31,16.70,29.00,107,581
19:17:37,64561.54,2619.27,169981.91,15.60,28.80,72,393
19:18:38,88323.52,2997.69,202755.91,16.60,28.80,109,720
19:19:38,54812.29,2374.39,149146.77,15.80,28.80,104,444
19:20:39,55075.34,2498.54,161484.09,17.50,28.70,97,697
19:21:39,53523.49,2459.63,151546.41,17.40,28.70,98,230
19:22:40,52770.76,2430.86,156446.00,17.50,28.70,109,485
19:23:40,48551.73,2518.24,158947.38,17.50,28.80,103,422
19:24:41,56145.83,2488.75,157692.31,17.30,28.70,104,655
19:25:41,63406.85,2579.15,170598.91,17.30,28.70,98,470
19:26:42,56418.11,2508.37,160846.56,17.00,28.70,101,484
19:27:42,60742.66,2588.51,169314.06,17.40,28.70,105,420
19:28:43,75852.19,2724.73,183146.09,17.20,28.70,112,781
19:29:43,73364.40,2812.47,191204.61,16.60,28.70,94,466
19:30:44,52770.76,2393.06,152151.48,16.80,28.60,103,630
19:31:44,55606.89,2598.72,169981.91,17.70,28.50,107,610
19:32:45,53270.90,2538.11,162123.91,17.30,28.50,105,630
19:33:45,49221.52,2393.06,155208.34,17.40,28.40,99,602
19:34:46,51960.53,2493.95,161769.92,18.20,28.40,101,567
19:35:46,50600.00,2450.00,160211.28,17.80,28.50,134,687
19:36:47,56692.30,2568.22,169314.06,18.00,28.50,99,456
19:37:47,88323.52,3033.95,199609.38,17.30,28.50,110,452
19:38:48,64895.75,2598.72,167985.61,16.40,28.50,102,584
19:39:48,55075.34,2479.00,157692.31,17.10,28.40,103,574
19:40:49,54291.52,2548.10,165357.14,17.90,28.40,103,570
19:41:49,48551.73,2383.71,146779.64,17.60,28.40,107,247
19:42:50,52523.18,2498.54,166010.73,18.10,28.40,97,646
19:43:50,56418.11,2608.97,166666.67,17.60,28.40,105,432
19:44:51,64229.88,2757.27,182429.92,17.20,28.40,101,423
19:45:51,58378.58,2578.34,164056.95,16.90,28.30,100,480
19:46:52,52903.01,2554.99,164221.83,17.40,28.20,117,527
19:47:52,67665.34,2891.85,179591.83,17.90,28.20,105,554
19:48:53,51790.16,2640.00,169981.91,16.80,28.20,99,566
19:49:53,51309.45,2488.75,158947.38,17.30,28.20,99,346
19:50:54,47975.08,2479.58,158875.22,17.70,28.20,99,563
19:51:54,66606.30,2891.85,205952.38,18.00,28.20,105,562
19:52:55,103731.83,3197.12,210843.36,17.00,28.20,131,604
19:53:55,61665.43,2548.10,163410.31,16.10,28.00,100,498
19:54:56,58378.58,2568.22,166010.73,17.10,27.90,101,438
19:55:56,55340.20,2498.54,166666.67,18.00,28.00,108,570
19:56:57,63900.76,2548.10,166666.67,17.90,27.90,106,505
19:57:57,51071.43,2440.41,154592.73,17.40,27.90,101,451
19:58:58,49675.16,2488.75,162123.91,18.10,27.90,103,603
19:59:58,50834.95,2498.54,160846.56,18.10,27.90,97,570
20:0:59,48331.25,2498.54,157068.08,18.20,28.00,107,658
20:1:59,47249.23,2479.00,160211.28,18.40,28.00,101,566
20:3:0,47678.02,2479.00,158318.75,18.40,28.10,99,778
20:4:0,48996.85,2528.15,167985.61,18.30,28.10,100,261
20:5:1,55340.20,2558.14,172677.58,18.00,28.10,108,372
20:6:1,58142.85,2667.68,174999.98,17.60,28.10,103,496
20:7:2,55340.20,2498.54,160846.56,17.40,28.10,98,613
20:8:2,49693.29,2426.80,156020.95,17.60,28.20,104,343
20:9:3,48996.85,2450.00,151546.41,18.20,28.20,98,453
20:10:3,51790.16,2578.34,162765.97,18.20,28.20,101,431
20:11:4,46825.69,2402.45,151546.41,17.80,28.20,100,464
20:12:4,47894.41,2488.75,160846.56,18.10,28.20,102,568
20:13:5,45383.23,2440.41,155826.09,18.10,28.20,100,730
20:14:5,44325.44,2451.04,160707.97,18.20,28.30,99,411
20:15:6,43807.02,2440.41,153367.89,18.30,28.30,96,405
20:16:6,50834.95,2650.43,186037.73,18.30,28.30,105,437
20:17:7,66258.83,2823.66,179591.83,17.60,28.20,98,468
20:18:7,49221.52,2498.54,163410.31,16.70,28.10,97,599
20:19:8,56418.11,2660.91,167985.61,17.90,28.10,97,383
20:20:8,48996.85,2440.41,150943.41,17.20,28.00,118,512
20:21:9,58719.43,2699.56,175690.61,17.70,27.90,98,732
20:22:9,48773.59,2469.29,160846.56,17.10,27.90,94,581
20:23:10,47462.97,2440.41,154592.73,18.10,27.80,98,529
20:24:10,47462.97,2459.63,157692.31,18.20,27.80,95,485
20:25:11,44718.10,2397.95,153022.47,18.20,27.80,93,542
20:26:11,47462.97,2558.14,165357.14,18.30,27.90,98,407
20:27:12,44919.40,2451.04,156917.70,17.90,27.90,94,557
20:28:12,47894.41,2548.10,164705.89,18.20,27.90,96,569
20:29:13,47191.36,2529.54,162633.45,18.20,28.00,93,611
20:30:13,45993.96,2479.00,157692.31,18.30,28.00,98,544
20:31:13,45182.09,2479.00,160211.28,18.30,28.00,92,632
20:32:14,56341.46,2796.44,175735.28,18.40,28.00,94,691
20:33:14,50366.56,2548.10,161484.09,17.00,27.90,114,648
20:34:15,48193.75,2499.16,160141.09,17.40,27.80,94,546
20:35:15,47036.81,2508.37,160846.56,17.90,27.80,95,592
20:36:16,46825.69,2488.75,162123.91,18.20,27.80,90,564
20:37:16,44851.19,2460.17,156993.02,18.30,27.80,98,878
20:38:17,44194.12,2430.86,153367.89,18.40,27.80,106,522
20:39:17,42487.11,2421.35,153979.25,18.60,27.80,107,626
20:40:18,42487.11,2430.86,152758.63,18.80,27.90,99,646
20:41:18,43171.01,2464.73,161130.75,18.60,27.80,89,705
20:42:19,44000.00,2488.75,158947.38,18.50,27.90,97,390
20:43:19,44389.38,2459.63,155826.09,18.30,27.90,100,471
20:44:20,44129.41,2493.95,157968.48,18.40,27.90,106,710
20:45:20,44718.10,2503.77,156719.03,18.20,27.90,96,777
20:46:21,44194.12,2488.75,157692.31,18.10,27.90,102,496
20:47:21,42177.14,2460.17,155130.44,18.10,27.90,114,752
20:48:22,43935.48,2426.34,153022.47,18.70,28.00,110,489
20:49:22,42051.43,2422.27,153206.25,18.30,27.90,93,647
20:50:23,41756.37,2440.41,152151.48,18.50,27.90,105,437
20:51:23,44129.41,2455.07,154861.13,18.60,28.00,104,509
20:52:24,43234.78,2421.35,151546.41,18.40,28.00,96,449
20:53:24,43043.48,2426.80,154782.61,18.60,28.00,113,711
20:54:25,44064.70,2460.17,156993.02,18.60,28.00,107,472
20:55:25,46407.30,2528.15,160211.28,18.50,28.00,105,514
20:56:26,45317.36,2513.63,157968.48,18.20,28.00,105,386
20:57:26,44783.38,2459.63,157692.31,18.30,28.00,99,655
20:58:27,43807.02,2440.41,152151.48,18.40,28.00,105,530
20:59:27,46407.30,2508.37,161484.09,18.60,28.00,109,653
21:0:28,42858.79,2440.41,154592.73,17.90,27.90,98,548
21:1:28,44194.12,2459.63,155826.09,18.20,27.90,102,483
21:2:29,43615.16,2421.35,153979.25,18.30,27.90,98,569
21:3:29,42672.41,2430.86,152758.63,18.30,27.90,108,513
21:4:30,45182.09,2488.75,160846.56,18.40,27.90,101,406
21:5:30,44000.00,2479.00,158947.38,18.20,27.90,104,471
21:6:31,42487.11,2459.63,157692.31,18.30,27.90,100,373
21:7:31,45933.33,2579.96,167870.03,18.40,27.90,104,548
21:8:32,42487.11,2440.41,149743.59,17.90,27.90,168,917
21:9:32,45789.16,2518.24,156446.00,18.30,27.90,112,754
21:10:33,44783.38,2538.11,163410.31,18.20,27.90,104,436
21:11:33,43234.78,2488.75,157068.08,18.30,27.80,104,445
21:12:34,42487.11,2450.00,157068.08,18.50,27.80,105,406
21:13:34,43807.02,2469.29,154592.73,18.60,27.80,99,500
21:14:35,43424.41,2498.54,160846.56,18.50,27.80,115,413
21:15:35,42858.79,2488.75,159578.20,18.60,27.90,100,734
21:16:36,43171.01,2484.17,156719.03,18.60,27.80,101,397
21:17:36,41937.50,2440.41,156446.00,18.60,27.80,104,518
21:18:37,41937.50,2450.00,156446.00,18.70,27.80,102,581
21:19:37,41937.50,2411.89,153367.89,18.80,27.80,108,557
21:20:38,41576.27,2421.35,152151.48,18.90,27.80,102,593
21:21:38,41219.10,2402.45,148551.98,18.90,27.80,101,454
21:22:39,44129.41,2493.95,157968.48,18.90,27.80,106,750
21:23:39,42672.41,2440.41,156446.00,18.70,27.80,103,432
21:24:40,41397.18,2440.41,152758.63,18.80,27.80,113,480
21:25:40,43234.78,2479.00,158947.38,18.90,27.80,116,499
21:26:41,43358.60,2489.96,157543.88,18.80,27.80,100,636
21:27:41,42119.66,2459.63,155208.34,18.80,27.80,99,501
21:28:42,42119.66,2421.35,151546.41,18.80,27.80,103,400
21:29:42,43807.02,2508.37,160846.56,18.90,27.80,99,634
21:30:43,45383.23,2528.15,166010.73,18.70,27.70,99,562
21:31:43,41937.50,2430.86,152151.48,18.70,27.70,111,570
21:32:44,41397.18,2393.06,149743.59,19.00,27.70,99,598
21:33:44,41937.50,2459.63,153367.89,19.10,27.70,110,644
21:34:45,42672.41,2459.63,159578.20,18.90,27.60,103,557
21:35:45,42119.66,2459.63,154592.73,18.90,27.70,97,704
21:36:46,42482.76,2484.76,157894.75,18.90,27.70,100,557
21:37:46,40690.80,2402.45,148551.98,19.00,27.70,103,475
21:38:47,42302.86,2469.29,156446.00,19.10,27.70,97,622
21:39:47,42419.54,2480.17,156917.70,19.10,27.70,99,596
21:40:48,41219.10,2440.41,152151.48,19.00,27.70,99,391
21:41:48,42119.66,2469.29,153979.25,18.90,27.70,101,538
21:42:48,42119.66,2440.41,157068.08,18.80,27.70,99,697
21:43:49,41397.18,2430.86,152758.63,18.90,27.60,100,540
21:44:49,44194.69,2534.18,163636.38,19.00,27.70,100,470
21:45:50,41576.27,2421.35,152151.48,18.80,27.60,97,455
21:46:50,42487.11,2479.00,158318.75,19.20,27.60,97,598
21:47:51,42302.86,2498.54,155826.09,19.00,27.60,99,457
21:48:51,42424.07,2445.45,156719.03,19.00,27.60,98,759
21:49:52,42487.11,2479.00,154592.73,19.10,27.60,111,557
21:50:52,42545.98,2469.85,156993.02,19.10,27.60,95,479
21:51:53,42119.66,2469.29,155826.09,19.30,27.60,95,467
21:52:53,41576.27,2421.35,153367.89,19.10,27.60,96,842
21:53:54,42482.76,2504.40,159788.36,19.10,27.60,99,446
21:54:54,44325.44,2509.66,161347.53,18.90,27.60,97,589
21:55:55,43615.16,2459.63,158947.38,18.60,27.60,96,797
21:56:55,42119.66,2459.63,155826.09,18.70,27.60,97,374
21:57:56,41937.50,2440.41,157068.08,18.90,27.60,94,508
21:58:56,42234.96,2431.82,156293.70,19.10,27.60,98,593
21:59:57,42795.39,2474.43,157342.66,19.10,27.60,92,504
22:0:57,41157.30,2416.84,154861.13,18.90,27.60,96,507
22:1:58,42858.79,2498.54,158318.75,19.10,27.60,101,865
22:2:58,42858.79,2498.54,160211.28,18.80,27.60,102,581
22:3:59,41937.50,2488.75,159578.20,18.80,27.60,97,666
22:4:59,45993.96,2598.72,165357.14,18.90,27.60,92,579
22:6:0,41937.50,2440.41,152151.48,18.40,27.50,95,528
22:7:0,42119.66,2421.35,154592.73,19.10,27.50,127,733
22:8:1,42482.76,2465.28,156643.36,19.10,27.50,96,720
22:9:1,41149.30,2441.41,156293.70,19.00,27.50,99,747
22:10:2,42302.86,2488.75,159578.20,19.20,27.50,96,586
22:11:2,42487.11,2488.75,158318.75,19.00,27.50,96,750
22:12:3,40865.92,2421.35,152151.48,19.00,27.50,96,480
22:13:3,42119.66,2469.29,158947.38,19.30,27.50,107,551
22:14:4,41937.50,2450.00,155208.34,19.10,27.50,100,430
22:15:4,41576.27,2440.41,156446.00,19.10,27.50,96,568
22:16:5,42119.66,2440.41,152758.63,19.10,27.50,103,424
22:17:5,43043.48,2494.56,160424.03,19.00,27.50,107,30487
22:18:6,44194.12,2548.10,162123.91,19.00,27.50,114,638
22:19:6,41756.37,2421.35,155208.34,18.80,27.50,107,683
22:20:7,41576.27,2440.41,154592.73,19.40,27.50,100,30677
22:21:7,42858.79,2479.00,155826.09,19.40,27.50,97,580
22:22:8,42119.66,2440.41,154592.73,19.30,27.50,114,491
22:23:8,43234.78,2498.54,158947.38,19.50,27.40,107,487
22:24:9,42119.66,2479.00,157692.31,19.30,27.40,109,518
22:25:9,41576.27,2430.86,153979.25,19.60,27.40,96,613
22:26:10,42487.11,2479.00,157692.31,19.80,27.40,111,575
22:27:10,42424.07,2426.34,156097.58,19.70,27.40,108,583
22:28:11,41576.27,2450.00,155826.09,19.90,27.30,101,679
22:29:11,43807.02,2459.63,155208.34,19.80,27.30,106,677
22:30:12,41625.00,2427.27,155944.06,19.70,27.30,97,528
22:31:12,47473.69,2688.89,174311.92,20.00,27.30,114,517
22:32:13,47462.97,2608.97,169314.06,19.30,27.30,94,536
22:33:13,45585.58,2548.10,167985.61,19.20,27.20,109,481
22:34:14,46825.69,2459.63,158318.75,19.60,27.20,102,476
22:35:14,48773.59,2629.61,171324.84,19.60,27.10,121,560
22:36:15,44194.12,2488.75,160211.28,19.40,27.00,109,599
22:37:15,42858.79,2450.00,155826.09,19.80,27.00,99,343
22:38:16,44985.07,2475.00,163636.38,20.30,27.00,89,700
22:39:16,47894.41,2640.00,168648.64,20.10,27.00,105,685
22:40:17,42858.79,2488.75,163410.31,19.80,27.00,109,682
22:41:17,43234.78,2528.15,164056.95,20.20,27.00,101,731
22:42:18,44585.80,2538.11,158318.75,20.10,27.00,101,439
22:43:18,45722.89,2543.46,164349.39,20.00,27.00,105,572
22:44:19,43424.41,2498.54,164056.95,20.00,27.00,104,624
22:45:19,43807.02,2518.24,166666.67,20.40,27.00,104,597
22:46:20,47036.81,2608.97,168648.64,20.20,27.00,100,753
22:47:20,43046.24,2430.86,157692.31,19.80,27.00,107,577
22:48:21,43046.24,2508.37,160211.28,19.90,26.90,104,540
22:49:21,44389.38,2528.15,167324.95,20.40,27.00,106,609
22:50:21,43424.41,2528.15,166666.67,19.90,26.90,99,517
22:51:22,42119.66,2459.63,163410.31,20.10,26.90,100,593
22:52:22,42668.59,2504.40,160424.03,20.40,27.00,103,567
22:53:23,42302.86,2469.29,163410.31,20.40,27.00,98,805
22:54:23,43615.16,2538.11,166666.67,20.60,27.00,105,684
22:55:24,42858.79,2508.37,163410.31,20.30,27.00,102,588
22:56:24,44390.53,2544.19,170235.92,20.30,27.00,104,782
22:57:25,44129.41,2493.95,164349.39,20.20,27.00,105,693
22:58:25,43046.24,2498.54,164705.89,20.20,27.00,99,538
22:59:26,42487.11,2469.29,160846.56,20.30,27.00,101,529
23:0:26,43424.41,2538.11,167985.61,20.40,27.00,102,485
23:1:27,41576.27,2469.29,159578.20,20.20,27.00,106,412
23:2:27,42672.41,2469.29,163410.31,20.40,27.00,106,602
23:3:28,44389.38,2538.11,166666.67,20.40,27.00,97,709
23:4:28,43807.02,2469.29,164056.95,20.10,27.00,108,451
23:5:29,45585.58,2568.22,169314.06,20.40,27.00,103,923
23:6:29,43615.16,2479.00,166010.73,20.10,27.00,131,937
23:7:30,43234.78,2498.54,164056.95,20.10,26.90,105,349
23:8:30,42302.86,2469.29,162123.91,20.10,26.90,102,742
23:9:31,41937.50,2469.29,157692.31,20.30,26.90,100,718
23:10:31,41756.37,2469.29,163410.31,20.20,26.90,102,630
23:11:32,41756.37,2469.29,160846.56,20.40,26.90,98,405
23:12:32,41756.37,2459.63,160846.56,20.30,26.90,99,30533
23:13:33,40690.80,2479.00,160846.56,20.40,26.90,97,466
23:14:33,41687.50,2480.17,162633.45,20.40,26.90,106,922
23:15:34,42302.86,2479.00,162123.91,20.20,26.90,111,921
23:16:34,41576.27,2479.00,159578.20,20.50,27.00,95,459
23:17:35,42858.79,2498.54,164056.95,20.50,27.00,104,597
23:18:35,44390.53,2564.33,166247.75,20.40,27.00,99,532
23:19:36,41937.50,2459.63,160211.28,19.90,26.90,99,658
23:20:36,42361.03,2499.16,162699.83,20.20,26.90,95,758
23:21:37,41042.02,2459.63,158947.38,20.20,26.90,119,711
23:22:37,43614.04,2574.47,168896.92,20.30,26.90,97,814
23:23:38,43614.04,2455.60,159788.36,20.00,26.90,99,595
23:24:38,41576.27,2421.35,160211.28,20.10,26.80,97,642
23:25:39,47036.81,2671.43,173357.66,20.30,26.80,96,602
23:26:39,41937.50,2450.00,156446.00,19.60,26.80,106,553
23:27:40,42482.76,2465.28,160424.03,20.30,26.80,97,772
23:28:40,41576.27,2440.41,155826.09,20.30,26.80,96,540
23:29:41,41219.10,2450.00,156446.00,20.40,26.80,95,665
23:30:41,40865.92,2430.86,157068.08,20.40,26.80,113,687
23:31:42,43424.41,2518.24,162765.97,20.40,26.80,102,638
23:32:42,41514.12,2455.07,159226.72,20.10,26.80,99,638
23:33:43,41931.63,2455.60,163636.38,20.40,26.80,93,585
23:34:43,40865.92,2430.86,155208.34,20.40,26.80,91,549
23:35:44,42302.86,2488.75,162765.97,20.40,26.80,99,652
23:36:44,41042.02,2440.41,156446.00,20.30,26.90,104,600
23:37:45,40910.11,2436.85,158450.72,20.40,26.80,104,875
23:38:45,41812.50,2469.85,161415.94,20.60,26.90,108,845
23:39:46,41694.05,2464.73,158596.50,20.50,26.90,98,664
23:40:46,41042.02,2469.29,162123.91,20.30,26.90,95,639
23:41:47,42119.66,2459.63,158947.38,20.50,26.90,98,985
23:42:47,41273.24,2421.81,157618.22,20.20,26.90,103,643
23:43:48,42302.86,2450.00,157692.31,20.50,26.80,96,442
23:44:48,41931.63,2475.00,160424.03,20.60,26.90,97,669
23:45:49,41756.37,2459.63,157068.08,20.60,26.80,110,585
23:46:49,41219.10,2469.29,158318.75,20.60,26.80,111,525
23:47:50,41514.12,2426.34,156097.58,20.50,26.80,109,524
23:48:50,42302.86,2479.00,159578.20,20.70,26.80,100,835
23:49:51,41994.30,2479.58,158875.22,20.50,26.80,103,644
23:50:51,42302.86,2498.54,160846.56,20.60,26.80,117,685
23:51:52,40690.80,2440.41,157068.08,20.70,26.80,107,538
23:52:52,41157.30,2445.45,159859.17,20.90,26.70,122,723
23:53:52,41569.40,2455.60,156020.95,20.90,26.80,117,736
23:54:53,41211.27,2445.96,157894.75,20.80,26.70,105,610
23:55:53,40384.40,2446.47,158450.72,20.70,26.80,106,505
23:56:54,40516.66,2440.41,153367.89,20.80,26.70,102,661
23:57:54,41397.18,2459.63,160211.28,20.80,26.70,117,703
23:58:55,40516.66,2421.35,157068.08,20.80,26.70,102,395
23:59:55,42114.29,2494.56,161061.95,20.90,26.70,99,798
