Hora,O3,NO2,CO,Humedad,Temperatura,P25,P10
0:0:56,41397.18,2430.86,160846.56,20.60,26.60,95,611
0:1:56,40795.52,2441.41,154434.80,20.80,26.60,99,413
0:2:57,42855.49,2504.40,161061.95,20.70,26.70,120,596
0:3:57,40743.02,2421.81,157618.22,20.40,26.60,106,599
0:4:58,41219.10,2430.86,157068.08,20.80,26.60,114,697
0:5:58,43742.69,2533.47,165000.00,20.80,26.60,111,724
0:6:59,41042.02,2430.86,156446.00,20.40,26.60,96,564
0:7:59,41451.98,2450.52,160777.39,20.60,26.60,107,776
0:9:0,41397.18,2450.00,159578.20,20.70,26.70,103,893
0:10:0,40865.92,2459.63,157068.08,20.50,26.70,100,763
0:11:1,42056.98,2493.95,158596.50,20.40,26.70,108,809
0:12:1,41937.50,2479.00,161484.09,20.20,26.60,102,504
0:13:2,42119.66,2459.63,155826.09,20.50,26.60,113,658
0:14:2,43485.38,2505.04,162277.59,20.20,26.60,104,684
0:15:3,42982.66,2484.17,162411.36,20.30,26.60,108,618
0:16:3,41687.50,2470.42,159435.63,20.20,26.60,137,861
0:17:4,43046.24,2498.54,164705.89,20.50,26.60,107,716
0:18:4,41211.27,2426.80,157267.95,20.20,26.60,103,802
0:19:5,41042.02,2450.00,160846.56,20.40,26.60,101,860
0:20:5,42858.79,2498.54,160211.28,20.20,26.70,100,677
0:21:6,43678.36,2528.84,167266.19,20.20,26.70,104,544
0:22:6,42487.11,2508.37,162123.91,19.90,26.70,111,518
0:23:7,42119.66,2469.29,162123.91,20.00,26.60,112,616
0:24:7,41937.50,2469.29,157068.08,20.00,26.70,99,625
0:25:8,44195.26,2520.25,165827.34,19.90,26.70,110,641
0:26:8,43046.24,2498.54,161484.09,19.60,26.70,102,605
0:27:9,42119.66,2469.29,162123.91,19.60,26.70,108,534
0:28:9,42119.66,2479.00,160211.28,19.60,26.80,96,605
0:29:10,42668.59,2524.21,166906.48,19.60,26.80,99,709
0:30:10,42114.29,2475.00,160424.03,19.70,26.70,102,668
0:31:11,43807.02,2518.24,165357.14,20.00,26.70,104,604
0:32:11,41756.37,2421.35,155826.09,20.10,26.60,108,552
0:33:12,42919.07,2479.58,162056.75,20.40,26.60,84,632
0:34:12,43046.24,2479.00,164056.95,20.40,26.60,103,296
0:35:13,41576.27,2469.29,158318.75,20.40,26.60,100,494
0:36:13,45387.38,2564.33,171584.69,20.40,26.60,106,451
0:37:14,43422.74,2465.28,161702.14,20.00,26.60,102,346
0:38:14,43171.01,2493.95,165000.00,20.30,26.50,121,654
0:39:15,43046.24,2488.75,160846.56,20.30,26.50,106,811
0:40:15,42605.19,2480.17,163279.86,20.30,26.50,105,840
0:41:16,41042.02,2450.00,157692.31,20.50,26.50,96,583
0:42:16,41756.37,2450.00,160846.56,20.50,26.50,103,558
0:43:17,41937.50,2488.75,160846.56,20.40,26.60,101,676
0:44:17,42114.29,2475.00,162989.33,20.30,26.60,115,488
0:45:18,41042.02,2430.86,160211.28,20.30,26.50,97,498
0:46:18,42855.49,2484.76,162989.33,20.50,26.60,100,486
0:47:19,42119.66,2479.00,162765.97,20.40,26.60,98,558
0:48:19,42114.29,2465.28,161702.14,20.40,26.60,98,725
0:49:20,42302.86,2498.54,159578.20,20.40,26.60,97,422
0:50:20,42668.59,2504.40,166247.75,20.30,26.60,101,388
0:51:21,41937.50,2450.00,161484.09,20.40,26.50,101,536
0:52:21,41042.02,2450.00,159578.20,20.50,26.50,106,773
0:53:21,42119.66,2459.63,162123.91,20.60,26.50,97,804
0:54:22,42119.66,2498.54,163410.31,20.70,26.50,107,839
0:55:22,41042.02,2450.00,155826.09,20.50,26.50,169,534
0:56:23,41576.27,2488.75,164705.89,20.80,26.50,96,524
0:57:23,40681.57,2445.96,161702.14,20.80,26.50,95,557
0:58:24,41219.10,2459.63,164705.89,20.90,26.50,100,597
0:59:24,42297.99,2455.60,163636.38,20.90,26.50,105,640
1:0:25,41397.18,2459.63,160846.56,20.80,26.50,97,473
1:1:25,41569.40,2475.00,166247.75,20.90,26.50,117,657
1:2:26,41397.18,2440.41,161484.09,20.90,26.50,95,646
1:3:26,41389.83,2455.60,159788.36,21.00,26.50,95,520
1:4:27,43234.78,2459.63,162765.97,20.90,26.50,102,497
1:5:27,42609.20,2484.17,163055.06,20.80,26.40,98,626
1:6:28,42668.59,2514.29,163636.38,20.80,26.40,96,522
1:7:28,42487.11,2488.75,164056.95,20.80,26.40,93,669
1:8:29,41219.10,2450.00,160211.28,20.70,26.40,101,767
1:9:29,41335.21,2493.95,165000.00,20.70,26.40,94,429
1:10:30,43807.02,2528.15,167985.61,20.60,26.40,100,552
1:11:30,43234.78,2548.10,167985.61,20.30,26.50,158,635
1:12:31,44390.53,2504.40,167567.56,19.90,26.50,100,623
1:13:31,42855.49,2504.40,162989.33,20.00,26.40,103,423
1:14:32,43424.41,2498.54,167985.61,20.10,26.40,96,486
1:15:32,42240.00,2474.43,163701.08,19.90,26.40,101,619
1:16:33,43614.04,2514.29,168231.03,20.00,26.30,103,599
1:17:33,42976.74,2495.80,162857.14,19.80,26.30,108,495
1:18:34,43046.24,2488.75,163410.31,20.10,26.40,106,473
1:19:34,42858.79,2488.75,160846.56,19.90,26.40,102,492
1:20:35,45585.58,2608.97,173357.66,19.70,26.40,91,523
1:21:35,43935.48,2513.63,166308.25,19.30,26.50,102,539
1:22:36,43806.45,2524.21,168231.03,19.50,26.50,109,597
1:23:36,43807.02,2508.37,164056.95,19.60,26.40,100,489
1:24:37,43234.78,2508.37,165357.14,19.70,26.40,101,370
1:25:37,44194.12,2528.15,164705.89,19.60,26.40,97,326
1:26:38,44520.71,2513.63,166965.89,19.40,26.40,107,654
1:27:38,43486.88,2538.82,168592.05,19.40,26.40,104,370
1:28:39,43424.41,2508.37,165357.14,19.40,26.40,98,404
1:29:39,44194.12,2538.11,166010.73,19.60,26.50,104,287
1:30:40,43935.48,2543.46,168288.28,19.40,26.50,99,317
1:31:40,43807.02,2558.14,172000.00,19.60,26.40,103,304
1:32:41,43234.78,2528.15,165357.14,19.50,26.50,101,411
1:33:41,43234.78,2538.11,166666.67,19.50,26.40,108,522
1:34:42,43807.02,2538.11,169314.06,19.40,26.40,104,447
1:35:42,45182.09,2578.34,173357.66,19.60,26.40,103,451
1:36:43,44194.12,2508.37,165357.14,19.30,26.40,100,314
1:37:43,43935.48,2513.63,167625.91,19.40,26.30,108,582
1:38:44,44389.38,2548.10,169314.06,19.60,26.30,103,535
1:39:44,46615.86,2608.97,175412.84,19.40,26.40,101,555
1:40:45,44389.38,2548.10,168648.64,19.20,26.40,98,463
1:41:45,45722.89,2563.56,174358.97,19.20,26.40,106,394
1:42:46,45993.96,2558.14,169314.06,19.20,26.30,121,585
1:43:46,46407.30,2598.72,176102.92,19.30,26.40,103,334
1:44:47,44982.14,2568.22,166666.67,19.30,26.40,110,552
1:45:47,44982.14,2548.10,168648.64,19.20,26.40,106,422
1:46:48,46615.86,2578.34,178188.52,19.30,26.40,105,378
1:47:48,44783.38,2568.22,170652.16,19.20,26.40,98,330
1:48:49,45383.23,2538.11,171324.84,19.20,26.40,108,539
1:49:49,47462.97,2671.43,180297.38,19.30,26.40,111,574
1:50:49,47395.07,2645.69,180633.14,19.10,26.40,100,264
1:51:50,45789.16,2568.22,172000.00,19.00,26.40,103,459
1:52:50,47249.23,2629.61,183864.92,19.10,26.30,93,428
1:53:51,47552.80,2647.62,177736.55,19.20,26.40,97,387
1:54:51,46615.86,2578.34,169981.91,19.10,26.40,103,504
1:55:52,46825.69,2568.22,176102.92,19.00,26.30,101,647
1:56:52,45590.36,2584.65,177777.77,19.30,26.40,104,370
1:57:53,46615.86,2650.43,176795.58,19.30,26.40,103,480
1:58:53,46615.86,2640.00,175412.84,19.00,26.30,110,470
1:59:54,47473.69,2625.81,178478.66,19.20,26.30,100,421
2:0:54,46825.69,2598.72,177490.75,19.10,26.30,101,567
2:1:55,46615.86,2598.72,174725.27,19.30,26.30,100,541
2:2:55,45789.16,2588.51,174040.20,19.40,26.20,110,413
2:3:56,46407.30,2588.51,177490.75,19.60,26.20,101,386
2:4:56,47036.81,2619.27,178188.52,19.50,26.20,100,522
2:5:57,47769.47,2637.15,180560.73,19.50,26.20,101,323
2:6:57,44585.80,2568.22,173357.66,19.40,26.20,103,541
2:7:58,44000.00,2548.10,171324.84,19.90,26.20,106,338
2:8:58,46407.30,2598.72,175412.84,19.90,26.20,110,740
2:9:59,46623.86,2636.21,178478.66,19.90,26.20,100,488
2:10:59,46273.56,2620.17,183114.45,19.90,26.20,106,506
2:12:0,53020.00,2768.21,190458.02,19.80,26.10,99,656
2:13:0,47894.41,2640.00,180297.38,19.10,26.00,101,516
2:14:1,47462.97,2629.61,179591.83,19.50,25.90,105,547
2:15:1,46407.30,2608.97,176102.92,19.70,25.80,104,538
2:16:2,46066.67,2538.82,173308.94,19.90,25.90,98,332
2:17:2,45722.89,2573.67,176427.25,20.10,25.80,101,654
2:18:3,45182.09,2558.14,171324.84,20.20,25.80,95,514
2:19:3,45182.09,2558.14,172000.00,20.10,25.80,111,763
2:20:4,44585.80,2558.14,176102.92,20.20,25.80,100,549
2:21:4,45939.21,2576.07,175600.72,20.30,25.90,98,447
2:22:5,44585.80,2558.14,171324.84,20.30,25.90,108,368
2:23:5,44585.80,2538.11,174040.20,20.20,25.80,99,505
2:24:6,44585.80,2588.51,175412.84,20.40,25.90,98,792
2:25:6,44585.80,2568.22,177490.75,20.10,25.90,110,30505
2:26:7,44982.14,2588.51,174040.20,20.40,25.90,100,598
2:27:7,45585.58,2578.34,176102.92,20.20,25.90,96,395
2:28:8,44982.14,2578.34,173357.66,20.30,25.80,98,642
2:29:8,45182.09,2568.22,173357.66,20.40,25.80,94,519
2:30:9,45794.55,2584.65,177079.47,20.50,25.90,106,588
2:31:9,48773.59,2660.91,178888.88,20.40,25.90,95,469
2:32:10,45789.16,2568.22,173357.66,20.00,25.80,102,610
2:33:10,46139.81,2600.43,180934.56,20.40,25.90,97,438
2:34:11,48773.59,2660.91,184586.48,20.40,25.80,100,470
2:35:11,44783.38,2558.14,175412.84,20.20,25.80,90,524
2:36:12,45585.58,2558.14,173357.66,20.60,25.80,96,501
2:37:12,45182.09,2548.10,175412.84,20.70,25.80,91,510
2:38:13,45116.41,2553.49,177121.75,20.60,25.80,103,419
2:39:13,44585.80,2548.10,171324.84,20.70,25.80,102,395
2:40:14,44785.71,2554.24,174999.98,20.80,25.80,103,517
2:41:14,50600.00,2735.53,187500.00,20.80,25.80,94,542
2:42:15,46414.64,2615.45,178478.66,20.00,25.80,98,434
2:43:15,45993.96,2568.22,176102.92,20.50,25.80,90,331
2:44:16,45383.23,2568.22,177490.75,20.50,25.80,95,524
2:45:16,45185.63,2564.33,173626.38,20.80,25.70,97,504
2:46:16,53629.63,2791.56,195736.44,20.80,25.70,101,573
2:47:17,48996.85,2640.00,179591.83,19.90,25.60,119,632
2:48:17,46910.77,2585.47,178438.64,20.30,25.50,102,402
2:49:18,47249.23,2598.72,178188.52,20.90,25.60,111,629
2:50:18,46407.30,2578.34,176102.92,20.90,25.60,97,702
2:51:19,45585.58,2558.14,174040.20,20.90,25.50,103,378
2:52:19,44585.80,2528.15,172000.00,21.00,25.60,109,552
2:53:20,47036.81,2629.61,183146.09,21.30,25.60,99,610
2:54:20,45590.36,2564.33,174999.98,21.00,25.60,103,443
2:55:21,45722.89,2563.56,178518.50,21.10,25.60,106,500
2:56:21,44982.14,2568.22,174040.20,21.10,25.60,107,437
2:57:22,45383.23,2568.22,181716.44,21.10,25.60,100,571
2:58:22,45789.16,2598.72,171324.84,21.10,25.60,99,437
2:59:23,45789.16,2558.14,174725.27,21.00,25.50,102,431
3:0:23,44783.38,2558.14,174040.20,21.20,25.50,111,520
3:1:24,47123.46,2575.27,176340.09,21.10,25.50,95,528
3:2:24,47621.12,2610.73,180223.86,21.20,25.60,99,479
3:3:25,52800.00,2688.89,189312.98,21.10,25.60,112,477
3:4:25,48996.85,2650.43,184586.48,20.60,25.50,104,399
3:5:26,46825.69,2598.72,176795.58,21.00,25.40,97,512
3:6:26,47191.36,2641.90,183082.72,21.30,25.40,100,386
3:7:27,47987.50,2637.15,177736.55,21.30,25.40,95,443
3:8:27,46615.86,2619.27,181716.44,21.30,25.40,109,348
3:9:28,48551.73,2692.61,186767.50,21.30,25.40,108,481
3:10:28,55075.34,2790.24,198830.42,21.10,25.40,107,387
3:11:29,51094.46,2688.89,187832.72,20.40,25.30,98,548
3:12:29,55075.34,2692.61,181716.44,21.00,25.20,98,428
3:13:30,53020.00,2660.91,186037.73,20.70,25.00,100,646
3:14:30,57371.02,2847.64,200392.16,21.30,25.00,107,666
3:15:31,51718.03,2709.17,190076.34,20.80,24.90,100,490
3:16:31,52523.18,2823.66,197281.56,21.30,24.80,105,545
3:17:32,55875.43,2768.21,192706.33,21.20,24.80,101,364
3:18:32,52624.58,2715.10,195736.44,20.90,24.70,100,462
3:19:33,56692.30,2768.21,198054.48,21.60,24.70,105,552
3:20:33,53020.00,2735.53,186037.73,21.30,24.60,105,419
3:21:34,52523.18,2779.20,193461.55,21.50,24.60,101,351
3:22:34,60439.56,2891.85,205148.52,21.50,24.70,102,374
3:23:35,53523.49,2713.97,192706.33,21.00,24.60,109,479
3:24:35,52377.48,2683.04,186011.36,21.70,24.50,120,599
3:25:36,53050.17,2731.87,193063.58,21.80,24.60,121,640
3:26:36,52277.23,2703.27,186767.50,21.60,24.60,102,375
3:27:37,65914.06,2997.69,215853.64,21.50,24.50,97,550
3:28:37,62292.14,2880.36,201964.64,20.60,24.50,107,549
3:29:38,59249.10,2801.33,195744.69,20.90,24.50,103,397
3:30:38,73770.20,3046.15,215010.13,20.80,24.40,103,650
3:31:39,71385.89,2950.11,205148.52,20.40,24.30,97,490
3:32:39,60058.40,2752.42,196893.20,20.50,24.10,103,543
3:33:40,65571.98,2926.65,202755.91,21.60,24.00,97,615
3:34:40,68385.54,2868.92,198830.42,21.10,23.90,101,505
3:35:40,64392.31,2825.06,213360.31,20.90,23.70,100,472
3:36:41,56968.41,2703.27,193461.55,21.90,23.70,103,626
3:37:41,57808.50,2735.53,192706.33,22.30,23.80,102,338
3:38:42,59010.84,2888.44,203162.05,22.20,23.90,106,399
3:39:42,64895.75,2891.85,201176.48,21.70,23.90,109,521
3:40:43,68297.19,2921.64,206361.83,21.10,23.90,102,630
3:41:43,63900.76,2880.36,200391.39,21.00,23.80,107,497
3:42:44,70617.27,2973.79,214170.03,21.20,23.70,103,378
3:43:44,65914.06,2823.66,197281.56,21.20,23.70,104,354
3:44:45,57526.50,2671.43,187500.00,21.40,23.60,100,446
3:45:45,63574.15,2812.47,203550.28,22.20,23.70,102,365
3:46:46,63250.00,2880.36,205952.38,21.80,23.70,103,450
3:47:46,57293.28,2753.64,196116.52,21.60,23.80,128,605
3:48:47,53523.49,2650.43,185310.75,22.30,23.80,120,570
3:49:47,62609.02,2868.92,201964.64,22.60,23.90,101,546
3:50:48,63900.76,2790.24,191954.03,21.70,23.90,99,701
3:51:48,55606.89,2692.61,185310.75,21.60,23.70,98,512
3:52:49,53020.00,2682.00,188973.39,22.50,23.80,101,520
3:53:49,52770.76,2682.00,191204.61,22.60,24.00,106,562
3:54:50,56418.11,2823.66,201176.48,22.40,24.10,94,511
3:55:50,57808.50,2790.24,197281.56,21.90,24.10,106,684
3:56:51,53777.77,2660.91,186037.73,21.80,24.00,92,493
3:57:51,53449.66,2730.70,193834.30,22.30,24.10,103,312
3:58:52,53777.77,2713.97,191954.03,22.40,24.10,100,541
3:59:52,54033.78,2713.97,191954.03,22.10,24.20,100,574
4:0:53,52523.18,2660.91,187500.00,22.30,24.20,99,436
4:1:53,53959.46,2774.34,199218.75,22.30,24.30,107,537
4:2:54,58378.58,2834.90,205148.52,22.00,24.40,96,629
4:3:54,53959.46,2698.47,188593.17,21.70,24.40,97,562
4:4:55,56418.11,2846.19,200391.39,22.00,24.30,97,364
4:5:55,54326.53,2710.28,190057.38,21.60,24.40,104,426
4:6:56,53810.81,2731.87,195348.84,21.90,24.30,93,431
4:7:56,54812.29,2746.37,198054.48,22.00,24.30,98,353
4:8:57,54326.53,2742.73,194584.14,21.80,24.40,95,329
4:9:57,56145.83,2703.27,189714.30,21.80,24.40,102,648
4:10:58,54033.78,2692.61,190458.02,21.80,24.40,89,584
4:11:58,53555.55,2731.87,193063.58,22.00,24.40,96,392
4:12:59,52523.18,2692.61,189714.30,21.90,24.50,100,547
4:13:59,53993.22,2705.47,183804.16,22.00,24.50,100,627
4:15:0,52277.23,2713.97,192706.33,21.80,24.50,97,521
4:16:0,52132.01,2725.88,191938.58,21.90,24.60,99,451
4:17:1,51790.16,2713.97,191204.61,21.90,24.60,102,471
4:18:1,50366.56,2671.43,189714.30,21.80,24.60,95,456
4:19:2,51309.45,2724.73,193461.55,21.90,24.70,95,271
4:20:2,53020.00,2671.43,183864.92,21.90,24.70,94,368
4:21:2,52523.18,2682.00,189714.30,21.60,24.70,110,653
4:22:3,53270.90,2713.97,190458.02,21.70,24.80,114,490
4:23:3,54033.78,2713.97,187500.00,21.50,24.80,105,320
4:24:4,52770.76,2703.27,191204.61,21.50,24.70,110,452
4:25:4,50366.56,2650.43,190458.02,21.60,24.80,104,392
4:26:5,52132.01,2672.45,188952.39,21.80,24.80,100,354
4:27:5,53703.70,2719.91,190822.19,21.60,24.80,110,597
4:28:6,51790.16,2660.91,186037.73,21.40,24.80,107,353
4:29:6,53777.77,2671.43,187500.00,21.60,24.80,101,397
4:30:7,54812.29,2746.37,189714.30,21.50,24.80,101,274
4:31:7,54812.29,2779.20,192706.33,21.20,24.80,111,499
4:32:8,52277.23,2660.91,188973.39,21.20,24.70,130,326
4:33:8,55075.34,2703.27,191204.61,21.60,24.70,102,365
4:34:9,57526.50,2812.47,201964.64,21.50,24.70,95,495
4:35:9,58378.58,2779.20,197281.56,21.10,24.70,108,450
4:36:10,62609.02,2846.19,198054.48,20.90,24.60,110,514
4:37:10,67665.34,2903.40,202755.91,20.80,24.50,103,463
4:38:11,75008.61,2938.36,200391.39,20.50,24.40,105,432
4:39:11,63574.15,2746.37,196511.64,20.30,24.20,111,506
4:40:12,59249.10,2713.97,191204.61,21.40,24.10,120,399
4:41:12,57526.50,2724.73,194219.66,21.70,24.10,101,481
4:42:13,65147.29,2841.26,203952.56,21.70,24.10,100,478
4:43:13,69487.80,2868.92,188235.31,21.10,24.10,111,285
4:44:14,62209.74,2785.37,196124.05,20.90,24.00,112,482
4:45:14,69219.51,3006.50,211290.31,21.60,23.90,107,520
4:46:15,72962.02,3021.81,217551.02,21.00,23.90,105,429
4:47:15,76517.55,3060.42,217586.89,20.50,23.70,110,504
4:48:16,80300.01,2997.69,211670.00,20.50,23.60,107,385
4:49:16,87145.63,3065.57,221443.28,20.80,23.50,107,390
4:50:17,79378.39,2973.79,214170.03,20.80,23.40,101,467
4:51:17,63083.34,2780.49,198828.13,21.30,23.30,101,482
4:52:18,63648.86,2808.93,196887.17,22.20,23.40,112,487
4:53:18,68023.99,2950.11,216700.59,22.00,23.40,98,295
4:54:19,72962.02,2973.79,204347.81,21.50,23.40,99,525
4:55:19,70617.27,3009.72,213333.31,21.40,23.40,104,600
4:56:20,69117.41,2903.40,207569.72,21.30,23.30,96,392
4:57:20,64810.81,2910.00,219712.50,21.70,23.30,100,444
4:58:21,63250.00,2768.21,196511.64,21.70,23.30,98,360
4:59:21,63977.01,2820.13,200000.00,22.20,23.30,108,366
5:0:22,58092.54,2801.33,199609.38,22.30,23.30,100,569
5:1:22,63250.00,2997.69,213333.31,22.20,23.40,112,443
5:2:23,74179.48,3046.15,232558.16,21.70,23.40,99,355
5:3:23,64229.88,2834.90,205952.38,21.50,23.40,103,427
5:4:23,62845.28,2818.75,206361.83,22.20,23.30,95,520
5:5:24,61420.08,2831.39,201574.80,22.30,23.40,106,318
5:6:24,62360.90,2923.29,206374.50,22.30,23.40,97,461
5:7:25,62292.14,2834.90,201964.64,21.90,23.50,103,412
5:8:25,58092.54,2768.21,199609.38,22.00,23.40,102,378
5:9:26,58956.84,2768.21,198054.48,22.30,23.40,107,528
5:10:26,62292.14,2857.53,197281.56,22.30,23.40,101,539
5:11:27,60742.66,2801.33,198054.48,22.00,23.50,91,444
5:12:27,59543.48,2880.36,205148.52,22.10,23.50,99,399
5:13:28,62928.30,2880.36,202755.91,22.00,23.50,103,531
5:14:28,58956.84,2768.21,199609.38,21.80,23.40,100,462
5:15:29,55340.20,2757.27,196511.64,22.40,23.40,106,444
5:16:29,57340.42,2794.20,200393.70,22.60,23.40,101,376
5:17:30,54551.02,2746.37,197281.56,22.70,23.60,105,519
5:18:30,57293.28,2865.46,198437.50,22.60,23.60,102,590
5:19:31,56418.11,2790.24,202755.91,22.20,23.70,97,551
5:20:31,54551.02,2746.37,194219.66,22.20,23.70,97,565
5:21:32,55606.89,2779.20,203550.28,22.20,23.70,96,393
5:22:32,55379.31,2808.93,193822.41,22.10,23.80,101,615
5:23:33,60197.80,2900.00,210462.77,22.10,23.70,97,446
5:24:33,65232.56,3009.72,223602.50,21.80,23.80,104,448
5:25:34,65914.06,2973.79,210843.36,21.50,23.70,95,627
5:26:34,68023.99,2997.69,210843.36,21.10,23.50,96,356
5:27:35,61977.62,2903.40,207569.72,21.40,23.50,99,518
5:28:35,60742.66,2779.20,194980.70,21.80,23.40,100,520
5:29:36,55606.89,2801.33,199609.38,21.80,23.30,98,254
5:30:36,62195.49,2878.46,207200.00,22.30,23.40,100,429
5:31:37,55875.43,2790.24,197281.56,22.00,23.40,93,504
5:32:37,54812.29,2834.90,200391.39,22.40,23.50,103,399
5:33:38,54551.02,2746.37,193461.55,22.20,23.50,101,578
5:34:38,53777.77,2724.73,194219.66,22.30,23.60,103,597
5:35:39,54812.29,2757.27,191954.03,22.30,23.60,99,520
5:36:39,52523.18,2724.73,193461.55,22.20,23.70,111,465
5:37:40,57169.01,2852.58,199218.75,22.40,23.70,95,402
5:38:40,56538.45,2881.90,201968.50,21.70,23.80,103,411
5:39:41,71385.89,3083.10,217551.02,21.60,23.80,115,658
5:40:41,62360.90,2946.79,208000.00,20.70,23.60,95,436
5:41:42,69487.80,3009.72,214170.03,21.30,23.40,120,540
5:42:42,70345.67,3055.27,211290.31,21.10,23.30,108,495
5:43:43,68023.99,3021.81,215853.64,21.30,23.10,98,461
5:44:43,64725.87,2928.31,203557.30,21.70,23.00,94,598
5:45:43,66956.52,2903.40,196511.64,21.90,22.90,101,520
5:46:44,70617.27,2985.71,198830.42,21.90,22.80,101,602
5:47:44,71523.00,3034.66,200788.94,21.80,22.60,94,585
5:48:45,75428.56,3009.72,198054.48,22.00,22.50,108,452
5:49:45,75008.61,3009.72,194219.66,22.00,22.30,104,711
5:50:46,69308.94,2951.83,198050.69,22.20,22.20,96,539
5:51:46,66956.52,2903.40,186767.50,22.70,22.20,107,548
5:52:47,71774.99,3033.95,203550.28,22.70,22.00,116,546
5:53:47,63323.20,2786.67,186363.64,22.50,22.00,105,613
5:54:48,68023.99,2926.65,193461.55,23.40,21.90,102,459
5:55:48,73364.40,3058.41,201964.64,22.50,21.80,106,472
5:56:49,75008.61,3058.41,201176.48,22.80,21.70,110,546
5:57:49,72167.35,3021.81,204347.81,22.70,21.60,114,534
5:58:50,78026.68,3058.41,200391.39,22.90,21.50,103,366
5:59:50,69967.21,2888.44,191554.70,22.80,21.40,99,590
6:0:51,73770.20,2985.71,192706.33,23.50,21.40,117,498
6:1:51,69028.34,2945.08,190822.19,23.20,21.30,116,443
6:2:52,71499.99,2958.62,191554.70,23.40,21.40,109,619
6:3:52,65914.06,2846.19,183864.92,23.30,21.30,97,534
6:4:53,65914.06,2857.53,185310.75,23.40,21.30,101,357
6:5:53,75852.19,3095.53,207569.72,23.50,21.30,106,476
6:6:54,71891.20,3018.60,197660.83,23.00,21.30,108,500
6:7:54,69861.22,2857.53,186037.73,23.20,21.20,121,765
6:8:55,62928.30,2938.36,194980.70,23.60,21.10,106,501
6:9:55,63900.76,2950.11,192706.33,24.00,21.20,106,590
6:10:56,68023.99,2950.11,198830.42,23.80,21.20,102,376
6:11:56,71385.89,3046.15,201176.48,23.90,21.20,106,488
6:12:57,63574.15,2891.85,198054.48,23.50,21.20,110,616
6:13:57,68023.99,2985.71,205952.38,23.90,21.20,114,294
6:14:58,68385.54,3009.72,202755.91,23.70,21.20,110,577
6:15:58,63490.50,2898.41,193076.94,23.30,21.10,107,569
6:16:59,60058.40,2829.98,195357.84,24.00,21.20,104,417
6:17:59,62292.14,2915.00,193461.55,24.50,21.30,102,516
6:19:0,64229.88,3070.73,219262.27,24.10,21.50,112,578
6:20:0,66433.07,3085.18,215040.63,23.60,21.60,105,616
6:21:1,60138.69,2903.40,205148.52,23.50,21.60,104,515
6:22:1,60058.40,2956.88,208800.00,23.90,21.70,105,489
6:23:1,66873.02,3020.51,213821.13,23.80,21.80,93,593
6:24:2,61731.35,2865.46,199217.23,23.40,21.80,104,474
6:25:2,57808.50,2834.90,198054.48,23.50,21.80,108,562
6:26:3,63900.76,2973.79,209200.00,23.90,21.90,95,826
6:27:3,68572.58,3060.42,220164.58,23.40,21.90,99,622
6:28:4,67314.74,3124.94,221946.14,22.70,21.80,95,550
6:29:4,64895.75,2997.69,205952.38,23.00,21.80,103,456
6:30:5,61665.43,3021.81,220123.17,23.30,21.70,96,565
6:31:5,70526.74,3217.83,231223.64,23.50,21.60,101,669
6:32:6,72962.02,3120.57,220987.63,23.20,21.60,107,559
6:33:6,67490.04,3035.90,211693.55,23.10,21.50,97,663
6:34:7,64229.88,2950.11,202755.91,23.40,21.30,109,569
6:35:7,62928.30,2891.85,215853.64,23.90,21.30,99,621
6:36:8,59249.10,2846.19,201964.64,24.20,21.40,107,696
6:37:8,59543.48,2926.65,208383.23,24.40,21.50,99,556
6:38:9,65914.06,3083.10,217551.02,23.90,21.70,98,520
6:39:9,64229.88,2950.11,212500.00,23.20,21.70,97,568
6:40:10,64561.54,3033.95,215010.13,23.40,21.70,101,379
6:41:10,67665.34,3009.72,212500.00,23.30,21.70,117,667
6:42:11,60439.56,2846.19,200391.39,22.90,21.70,107,567
6:43:11,60742.66,2868.92,200391.39,23.50,21.70,102,591
6:44:12,58956.84,2823.66,194980.70,23.50,21.70,107,609
6:45:12,59304.36,2876.92,203960.39,23.60,21.80,96,872
6:46:13,56968.41,2801.33,194219.66,23.70,21.90,108,592
6:47:13,57730.49,2841.26,200000.02,23.50,22.00,101,480
6:48:14,54401.36,2791.56,193448.94,23.40,22.10,96,532
6:49:14,54033.78,2834.90,199609.38,23.60,22.30,119,30539
6:50:15,62127.34,3011.60,213360.31,23.40,22.50,101,426
6:51:15,61420.08,2888.44,200785.86,22.60,22.50,98,656
6:52:16,60661.77,2968.74,204752.47,22.50,22.50,95,478
6:53:16,60742.66,2973.79,208383.23,22.20,22.50,118,577
6:54:17,53020.00,2790.24,194980.70,22.20,22.50,98,512
6:55:17,54033.78,2823.66,201176.48,22.80,22.50,112,500
6:56:17,63574.15,3095.53,220987.63,22.80,22.60,100,705
6:57:18,60197.80,2865.46,198437.50,21.80,22.40,120,630
6:58:18,56145.83,2846.19,198054.48,22.40,22.30,96,438
6:59:19,58378.58,2857.53,204347.81,22.80,22.40,103,541
7:0:19,53777.77,2757.27,193461.55,22.60,22.30,95,525
7:1:20,51549.02,2746.37,190458.02,23.10,22.40,96,471
7:2:20,53020.00,2834.90,199609.38,23.10,22.60,95,617
7:3:21,52873.33,2813.84,196504.86,23.00,22.70,100,737
7:4:21,51166.13,2769.47,193448.94,22.80,22.80,99,488
7:5:22,50600.00,2757.27,191954.03,22.90,23.00,96,559
7:6:22,51671.05,2787.97,193050.20,22.80,23.10,102,316
7:7:23,50621.36,2775.61,198437.50,22.70,23.20,88,421
7:8:23,53523.49,2880.36,205148.52,22.70,23.30,101,302
7:9:24,56692.30,2950.11,206759.44,21.60,23.30,88,669
7:10:24,52032.89,2757.27,190458.02,21.50,23.20,93,563
7:11:25,51790.16,2757.27,191954.03,22.30,23.10,110,470
7:12:25,53302.01,2820.13,194584.14,22.50,23.20,90,611
7:13:26,52523.18,2834.90,195744.69,22.20,23.20,94,750
7:14:26,53154.36,2844.14,196881.11,22.20,23.20,85,546
7:15:27,55075.34,2891.85,201176.48,22.20,23.20,97,542
7:16:27,62609.02,2985.71,201176.48,22.00,23.20,95,494
7:17:28,63490.50,3004.63,212929.28,21.40,23.20,95,543
7:18:28,54033.78,2779.20,190458.02,21.50,23.00,97,546
7:19:29,52873.33,2769.47,191187.75,22.40,22.90,98,554
7:20:29,53918.64,2787.97,195339.81,22.70,23.00,119,562
7:21:30,51477.13,2741.54,188593.17,22.50,23.00,96,594
7:22:30,51790.16,2757.27,189714.30,22.80,23.10,104,564
7:23:31,49447.62,2703.27,186767.50,22.50,23.20,99,583
7:24:31,49763.58,2769.47,192692.33,22.70,23.30,94,548
7:25:32,50134.61,2746.37,185310.75,22.60,23.40,103,559
7:26:32,49447.62,2768.21,191204.61,22.50,23.40,104,520
7:27:33,51071.43,2801.33,194980.70,22.50,23.50,107,414
7:28:33,52523.18,2812.47,196511.64,22.30,23.60,103,521
7:29:34,51790.16,2903.40,192706.33,22.00,23.60,101,493
7:30:34,54142.37,2836.32,194971.00,21.60,23.60,117,561
7:31:35,57246.47,2915.00,195744.69,21.70,23.60,146,942
7:32:35,56145.83,2915.00,200391.39,21.20,23.40,114,592
7:33:35,58666.68,2961.93,214170.03,21.50,23.40,107,499
7:34:36,53197.32,2763.36,186389.42,21.60,23.30,105,470
7:35:36,56659.64,2929.98,206786.42,22.10,23.20,96,559
7:36:37,53555.55,2775.61,190057.38,21.80,23.20,98,599
7:37:37,49447.62,2703.27,186037.73,22.10,23.20,99,504
7:38:38,48996.85,2703.27,186037.73,22.70,23.20,130,557
7:39:38,49904.16,2757.27,191204.61,22.80,23.30,99,545
7:40:39,49221.52,2703.27,186767.50,22.70,23.40,103,423
7:41:39,49447.62,2757.27,188235.31,22.70,23.50,107,345
7:42:40,51549.02,2768.21,187500.00,22.40,23.70,100,784
7:43:40,50366.56,2790.24,188973.39,22.10,23.70,97,551
7:44:41,55075.34,2938.36,188235.31,22.10,23.80,96,477
7:45:41,51309.45,2812.47,185310.75,21.20,23.70,100,506
7:46:42,55916.66,2742.73,192307.70,21.60,23.70,108,542
7:47:42,61047.98,3021.81,205952.38,20.80,23.70,106,580
7:48:43,59600.00,2865.46,192307.70,20.40,23.60,99,651
7:49:43,58956.84,2868.92,193461.55,21.10,23.40,99,538
7:50:44,54033.78,2857.53,198054.48,21.20,23.40,100,391
7:51:44,55916.66,2888.44,195348.84,21.80,23.40,100,711
7:52:45,58956.84,2915.00,196511.64,21.60,23.40,99,583
7:53:45,61665.43,2997.69,199609.38,21.40,23.40,112,706
7:54:46,67665.34,3133.18,222727.30,21.10,23.40,106,609
7:55:46,72167.35,3095.53,215010.13,20.80,23.30,97,503
7:56:47,65400.78,2940.05,205158.73,20.90,23.20,113,449
7:57:47,72167.35,3095.53,214170.03,21.60,23.20,100,552
7:58:48,66173.23,2901.59,203968.25,21.10,23.10,100,703
7:59:48,62679.25,2865.46,202366.86,21.70,23.00,106,762
8:0:49,60138.69,2868.92,202755.91,21.90,23.00,103,596
8:1:49,55606.89,2735.53,188973.39,22.20,23.20,100,456
8:2:50,54812.29,2790.24,193461.55,22.30,23.30,102,674
8:3:50,53629.63,2769.47,194208.50,22.20,23.40,101,501
8:4:51,53662.16,2765.85,190786.95,22.30,23.50,96,399
8:5:51,55075.34,2757.27,186037.73,22.10,23.60,104,524
8:6:52,53050.17,2753.64,188571.44,21.70,23.70,98,633
8:7:52,52903.01,2810.29,196108.95,22.00,23.80,102,455
8:8:53,51071.43,2735.53,186037.73,22.00,24.00,94,602
8:9:53,52032.89,2692.61,183146.09,22.00,24.10,118,644
8:10:54,52032.89,2779.20,191204.61,21.80,24.10,95,598
8:11:54,53270.90,2746.37,188973.39,21.70,24.10,95,447
8:12:54,49675.16,2724.73,186767.50,21.70,24.10,96,470
8:13:55,47894.41,2650.43,178888.88,21.90,24.20,97,521
8:14:55,50174.20,2760.98,188910.16,22.00,24.20,95,534
8:15:56,48773.59,2692.61,184586.48,21.90,24.30,94,619
8:16:56,49675.16,2713.97,187500.00,21.70,24.40,100,651
8:17:57,49675.16,2713.97,181716.44,21.60,24.40,94,471
8:18:57,49447.62,2735.53,188973.39,21.50,24.50,111,679
8:19:58,49447.62,2713.97,183864.92,21.50,24.50,95,628
8:20:58,50600.00,2724.73,185310.75,21.50,24.60,99,645
8:21:59,49012.66,2678.26,182022.50,21.30,24.60,95,527
8:22:59,49693.29,2721.05,186363.64,21.50,24.70,125,559
8:24:0,49675.16,2692.61,183864.92,21.10,24.70,113,396
8:25:0,48112.15,2671.43,178888.88,21.00,24.70,98,465
8:26:1,50834.95,2757.27,188235.31,21.10,24.80,98,332
8:27:1,48344.83,2678.26,181308.39,20.90,24.80,99,567
8:28:2,48331.25,2682.00,180297.38,21.10,24.80,99,498
8:29:2,48112.15,2682.00,176795.58,21.00,24.90,123,517
8:30:3,51071.43,2779.20,188973.39,21.10,24.90,108,563
8:31:3,48112.15,2682.00,178888.88,20.70,25.00,107,479
8:32:4,50154.34,2710.28,186363.64,20.90,25.00,96,517
8:33:4,48112.15,2671.43,183146.09,20.80,25.00,92,588
8:34:5,47894.41,2671.43,177490.75,21.00,25.00,101,461
8:35:5,49221.52,2682.00,181005.59,20.90,25.10,108,579
8:36:6,48996.85,2692.61,179591.83,20.90,25.10,93,652
8:37:6,49447.62,2682.00,183864.92,20.90,25.10,92,681
8:38:7,49675.16,2703.27,180297.38,21.00,25.10,95,503
8:39:7,49447.62,2703.27,183146.09,20.80,25.10,89,273
8:40:8,49447.62,2703.27,184586.48,20.70,25.10,96,411
8:41:8,59169.68,2945.08,200000.02,20.50,25.10,91,632
8:42:9,55075.34,2757.27,178188.52,19.30,25.10,145,835
8:43:9,50834.95,2692.61,180297.38,19.60,25.00,63,488
8:44:10,48551.73,2660.91,177490.75,20.30,25.10,88,434
8:45:10,48996.85,2650.43,178888.88,20.40,25.10,93,371
8:46:11,48773.59,2735.53,181716.44,20.50,25.10,91,356
8:47:11,49221.52,2650.43,181005.59,20.20,25.30,90,544
8:48:12,55606.89,2790.24,188235.31,19.90,25.50,97,545
8:49:12,70237.70,3058.41,208383.23,18.30,25.90,108,522
8:50:13,57526.50,2801.33,189714.30,17.20,26.40,96,498
8:51:13,53270.90,2660.91,181005.59,17.90,27.00,94,517
8:52:14,54216.95,2752.42,184934.09,17.90,27.60,92,409
8:53:14,52277.23,2660.91,179591.83,17.40,28.10,99,535
8:54:14,51790.16,2629.61,173357.66,17.00,28.60,94,496
8:55:15,53020.00,2768.21,183146.09,16.90,29.10,109,382
8:56:15,52032.89,2713.97,181716.44,16.20,29.60,102,639
8:57:16,52523.18,2724.73,181716.44,16.10,30.00,95,565
8:58:16,51309.45,2746.37,186767.50,15.70,30.30,90,527
8:59:17,54476.19,2774.34,185660.39,15.50,30.60,101,442
9:0:17,56692.30,2779.20,186767.50,14.90,30.80,92,433
9:1:18,60500.01,2911.62,193822.41,15.00,31.10,89,490
9:2:18,59224.64,2837.75,189674.97,14.50,31.20,93,459
9:3:19,61338.29,2837.75,192678.23,14.50,31.20,97,582
9:4:19,57246.47,2735.53,180297.38,14.30,31.10,87,30524
9:5:20,58142.85,2797.77,192307.70,14.40,30.80,87,496
9:6:20,69771.42,2863.96,191570.89,14.30,30.60,84,582
9:7:21,61665.43,2823.66,192706.33,14.00,30.30,84,428
9:8:21,62609.02,2779.20,186767.50,14.50,29.90,82,458
9:9:22,57246.47,2724.73,183146.09,14.80,29.60,79,514
9:10:22,59463.78,2818.75,187855.80,15.70,29.30,88,849
9:11:23,62928.30,2823.66,186767.50,15.70,29.00,91,607
9:12:23,63250.00,2812.47,188973.39,15.50,28.80,80,571
9:13:24,68750.00,2891.85,193461.55,15.80,28.50,81,572
9:14:24,67402.39,2900.00,193822.41,15.70,28.30,76,586
9:15:25,61665.43,2768.21,185310.75,16.00,28.20,78,362
9:16:25,64307.70,2831.39,190057.38,16.40,28.20,77,834
9:17:26,62292.14,2790.24,186767.50,16.60,28.20,84,752
9:18:26,58142.85,2721.05,181308.39,16.70,28.20,79,570
9:19:27,60138.69,2823.66,190458.02,16.90,28.20,78,518
9:20:27,61047.98,2757.27,183146.09,16.70,28.30,80,726
9:21:28,60742.66,2790.24,188973.39,16.60,28.20,83,706
9:22:28,57169.01,2666.67,182771.56,16.50,28.30,82,639
9:23:29,66606.30,2868.92,195744.69,16.60,28.30,84,611
9:24:29,69861.22,2973.79,200391.39,16.10,28.30,94,718
9:25:30,69861.22,2801.33,185310.75,16.00,28.30,87,614
9:26:30,63250.00,2790.24,181716.44,16.00,28.20,90,754
9:27:31,59737.23,2776.89,180560.73,16.30,28.30,85,629
9:28:31,57808.50,2801.33,183864.92,16.40,28.30,88,702
9:29:32,62609.02,2857.53,187500.00,16.50,28.40,87,661
9:30:32,65914.06,2834.90,186037.73,16.10,28.40,89,592
9:31:33,69130.08,3001.39,204365.08,15.90,28.40,88,565
9:32:33,68385.54,2938.36,198830.42,15.50,28.40,93,536
9:33:34,67047.62,2935.01,201574.80,15.60,28.40,93,667
9:34:34,67665.34,2857.53,192706.33,15.80,28.40,89,403
9:35:35,62526.32,2752.42,186389.42,16.10,28.40,88,646
9:36:35,60439.56,2801.33,191954.03,16.30,28.50,99,813
9:37:36,62044.95,2764.60,182022.50,16.40,28.50,85,428
9:38:36,61977.62,2768.21,184586.48,16.20,28.50,88,446
9:39:37,63250.00,2857.53,188235.31,16.10,28.50,93,672
9:40:37,58666.68,2713.97,181716.44,16.10,28.60,86,474
9:41:38,61047.98,2868.92,192706.33,16.30,28.60,95,638
9:42:38,63900.76,2713.97,183864.92,16.00,28.60,87,530
9:43:38,65914.06,2812.47,191204.61,16.00,28.60,86,465
9:44:39,57526.50,2660.91,176795.58,16.00,28.60,87,522
9:45:39,71774.99,2903.40,191954.03,16.30,28.60,85,548
9:46:40,66606.30,2812.47,189714.30,15.70,28.60,86,547
9:47:40,64229.88,2801.33,189714.30,15.80,28.60,99,504
9:48:41,63574.15,2713.97,185310.75,16.00,28.60,89,347
9:49:41,63250.00,2735.53,183146.09,16.20,28.60,102,739
9:50:42,68023.99,2823.66,188235.31,16.20,28.60,89,567
9:51:42,64895.75,2768.21,188235.31,16.10,28.60,87,526
9:52:43,64229.88,2857.53,190458.02,16.10,28.50,108,513
9:53:43,62845.28,2752.42,180633.14,16.10,28.50,87,491
9:54:44,57526.50,2640.00,174725.27,16.20,28.50,85,527
9:55:44,61355.56,2823.66,188235.31,16.40,28.40,84,419
9:56:45,62292.14,2757.27,186767.50,16.20,28.40,88,452
9:57:45,62209.74,2719.91,184934.09,16.20,28.40,102,569
9:58:46,67490.04,2847.64,191938.58,16.30,28.40,85,719
9:59:46,63250.00,2735.53,182429.92,16.20,28.40,84,405
10:0:47,64895.75,2812.47,186767.50,16.50,28.40,91,543
10:1:47,56968.41,2682.00,177490.75,16.50,28.40,87,702
10:2:48,58956.84,2779.20,180297.38,16.80,28.40,88,782
10:3:48,54033.78,2568.22,167324.95,16.80,28.40,81,508
10:4:49,61355.56,2823.66,189714.30,16.90,28.50,82,697
10:5:49,61047.98,2801.33,186037.73,16.60,28.40,84,422
10:6:50,61977.62,2660.91,176102.92,16.60,28.40,141,755
10:7:50,67309.52,2857.53,187500.00,16.80,28.40,89,482
10:8:51,51790.16,2548.10,167324.95,16.50,28.40,96,600
10:9:51,65571.98,2915.00,193461.55,17.10,28.30,83,625
10:10:52,59543.48,2650.43,172677.58,16.30,28.30,101,677
10:11:52,58142.85,2564.33,172262.77,16.60,28.20,152,745
10:12:53,63250.00,2724.73,175412.84,16.80,28.20,85,667
10:13:53,63166.67,2818.75,191570.89,16.60,28.20,86,681
10:14:54,64229.88,2746.37,183864.92,16.70,28.20,80,582
10:15:54,60742.66,2598.72,168648.64,16.80,28.20,93,783
10:16:55,64145.59,2741.54,182771.56,16.90,28.20,86,742
10:17:55,61047.98,2608.97,171324.84,16.60,28.30,81,592
10:18:56,63250.00,2629.61,173357.66,16.60,28.20,88,593
10:19:56,64145.59,2687.83,179925.64,16.40,28.20,89,473
10:20:57,62609.02,2713.97,181716.44,16.30,28.20,81,445
10:21:57,58221.42,2715.10,183834.61,16.30,28.20,95,651
10:22:58,61338.29,2662.91,175322.28,16.40,28.20,86,501
10:23:58,62292.14,2650.43,174725.27,16.30,28.20,87,526
10:24:59,60742.66,2640.00,175412.84,16.40,28.20,83,472
10:25:59,63900.76,2660.91,174725.27,16.50,28.20,81,416
10:27:0,51790.16,2450.00,156446.00,16.40,28.30,81,290
10:28:0,56692.30,2598.72,167324.95,17.00,28.30,87,535
10:29:1,66258.83,2608.97,166010.73,16.50,28.30,87,522
10:30:1,60138.69,2598.72,177490.75,16.20,28.40,85,400
10:31:2,63900.76,2703.27,176795.58,16.20,28.40,97,552
10:32:2,68661.29,2807.57,186389.42,16.00,28.40,84,426
10:33:3,63900.76,2650.43,178888.88,15.90,28.30,82,406
10:34:3,65571.98,2724.73,178888.88,16.20,28.40,84,586
10:35:4,62928.30,2682.00,176795.58,16.00,28.40,94,575
10:36:4,59840.00,2713.97,177490.75,15.80,28.30,89,454
10:37:5,64895.75,2812.47,190458.02,16.00,28.30,86,533
10:38:5,79378.39,2938.36,198054.48,15.80,28.30,83,412
10:39:6,88866.99,2915.00,191204.61,15.50,28.30,85,395
10:40:6,72898.30,2787.97,184877.14,15.30,28.30,88,338
10:41:7,79837.11,2834.90,189714.30,15.70,28.30,88,589
10:42:7,70617.27,2671.43,178888.88,15.50,28.40,85,326
10:43:7,66258.83,2640.00,172677.58,15.80,28.40,89,473
10:44:8,72167.35,2790.24,189714.30,15.90,28.40,87,536
10:45:8,79538.47,2900.00,192307.70,15.80,28.40,84,489
10:46:9,75008.61,2660.91,181716.44,15.60,28.40,86,375
10:47:9,75008.61,2823.66,189714.30,15.90,28.40,85,492
10:48:10,61665.43,2578.34,176795.58,15.70,28.50,101,606
10:49:10,60742.66,2608.97,176102.92,16.10,28.50,85,626
10:50:11,61665.43,2640.00,179591.83,16.10,28.50,98,407
10:51:11,71774.99,2650.43,183864.92,16.00,28.50,84,520
10:52:12,80300.01,2846.19,192706.33,15.60,28.50,87,496
10:53:12,67665.34,2735.53,181005.59,15.40,28.50,90,567
10:54:13,64229.88,2629.61,178188.52,15.70,28.50,85,488
10:55:13,69487.80,2713.97,185310.75,16.00,28.50,99,612
10:56:14,85171.44,3009.72,201176.48,15.90,28.50,85,531
10:57:14,68483.87,2688.89,183458.66,15.50,28.50,87,364
10:58:15,73364.40,2746.37,183146.09,15.90,28.50,88,681
10:59:15,65571.98,2588.51,172677.58,15.80,28.50,94,654
11:0:16,61355.56,2578.34,176102.92,16.00,28.50,85,511
11:1:16,53993.22,2499.79,161989.34,16.20,28.60,84,392
11:2:17,71385.89,2868.92,193461.55,16.50,28.60,100,639
11:3:17,75008.61,2746.37,186767.50,15.60,28.60,106,446
11:4:18,57808.50,2518.24,168648.64,15.50,28.60,91,336
11:5:18,62609.02,2640.00,176102.92,16.20,28.60,89,517
11:6:19,65571.98,2746.37,183864.92,16.10,28.50,86,430
11:7:19,74179.48,2812.47,188235.31,16.00,28.60,93,307
11:8:20,70237.70,2790.24,186767.50,15.50,28.60,93,516
11:9:20,70237.70,2846.19,199609.38,15.50,28.60,87,625
11:10:21,69322.45,2794.20,191153.86,15.30,28.60,89,383
11:11:21,73489.35,2797.77,190057.38,15.20,28.60,88,485
11:12:22,67665.34,2790.24,190458.02,15.20,28.60,93,387
11:13:22,81238.54,2868.92,195744.69,15.30,28.60,89,317
11:14:23,74179.48,2768.21,188973.39,15.00,28.60,89,652
11:15:23,70617.27,2548.10,181716.44,15.20,28.60,92,476
11:16:24,67222.22,2666.67,179925.64,15.20,28.70,90,466
11:17:24,70999.99,2671.43,183146.09,15.30,28.60,91,533
11:18:25,74497.84,2719.91,181343.31,15.30,28.60,173,568
11:19:25,78783.80,2850.56,192664.09,15.30,28.70,86,637
11:20:26,73770.20,2578.34,169314.06,15.10,28.70,94,475
11:21:26,79837.11,2801.33,188973.39,15.20,28.60,93,454
11:22:27,79837.11,2713.97,182429.92,15.00,28.60,89,639
11:23:27,65315.18,2534.18,172262.77,15.20,28.60,85,638
11:24:28,68023.99,2801.33,191954.03,15.60,28.60,91,461
11:25:28,76279.48,2834.90,193461.55,15.30,28.70,89,486
11:26:29,65315.18,2646.65,182022.50,15.00,28.60,88,391
11:27:29,55340.20,2488.75,169314.06,15.40,28.60,85,576
11:28:30,68385.54,2735.53,188973.39,16.10,28.60,83,386
11:29:30,59840.00,2578.34,181005.59,15.40,28.60,86,491
11:30:31,78026.68,2891.85,194219.66,15.70,28.60,93,566
11:31:31,63816.79,2656.16,178518.50,15.10,28.60,93,590
11:32:32,57246.47,2508.37,167324.95,15.60,28.60,101,575
11:33:32,69117.41,2868.92,188973.39,16.10,28.60,85,444
11:34:33,63166.67,2730.70,182771.56,15.40,28.60,83,510
11:35:33,54067.79,2574.47,179888.27,15.70,28.60,85,331
11:36:34,63900.76,2812.47,188235.31,16.10,28.70,86,350
11:37:34,74179.48,2938.36,198054.48,15.40,28.70,86,310
11:38:35,63900.76,2588.51,175412.84,15.10,28.70,84,480
11:39:35,60742.66,2568.22,170652.16,15.60,28.80,88,437
11:40:36,61977.62,2650.43,174725.27,15.70,28.80,84,485
11:41:36,55875.43,2598.72,176795.58,15.60,28.80,86,408
11:42:37,52277.23,2479.00,165357.14,15.80,28.80,82,504
11:43:37,73364.40,2823.66,184586.48,16.10,28.80,99,682
11:44:38,54067.79,2514.29,168896.92,15.40,28.80,90,448
11:45:38,61731.35,2475.00,171584.69,15.80,28.90,89,317
11:46:38,70147.54,2741.54,190076.34,15.50,28.90,84,487
11:47:39,86201.92,2950.11,198054.48,15.10,28.90,99,548
11:48:39,79180.19,2802.67,188952.39,14.60,28.80,87,379
11:49:40,54812.29,2479.00,164705.89,15.10,28.80,87,410
11:50:40,74179.48,2891.85,194980.70,16.00,28.80,87,487
11:51:41,74724.13,2699.56,175690.61,15.00,28.80,97,418
11:52:41,56968.41,2355.87,151546.41,15.20,28.80,98,371
11:53:42,52059.41,2445.96,165591.41,16.10,28.80,87,488
11:54:42,71385.89,2823.66,191954.03,16.40,28.80,91,440
11:55:43,58430.10,2605.14,179182.14,15.30,28.90,92,458
11:56:43,63323.20,2764.60,183458.66,15.80,28.90,98,506
11:57:44,55340.20,2538.11,170652.16,15.30,28.90,98,475
11:58:44,55606.89,2608.97,172677.58,15.90,28.90,97,450
11:59:45,56692.30,2608.97,177490.75,15.90,28.90,98,589
12:0:45,54291.52,2598.72,172000.00,15.80,28.90,99,485
12:1:46,57496.45,2673.48,179515.83,16.30,29.00,96,561
12:2:46,57246.47,2640.00,187500.00,16.10,29.00,93,417
12:3:47,61402.99,2756.10,186311.80,16.00,29.00,94,524
12:4:47,63816.79,2604.27,175735.28,15.60,29.00,97,433
12:5:48,61977.62,2724.73,181716.44,15.60,29.00,100,235
12:6:48,74592.27,2834.90,197281.56,15.60,29.00,92,396
12:7:49,71020.74,2804.02,195728.16,15.20,29.00,99,316
12:8:49,74179.48,2801.33,186767.50,15.30,28.90,99,581
12:9:50,56968.41,2538.11,167324.95,15.50,28.90,99,396
12:10:50,60138.69,2682.00,184586.48,16.20,28.90,98,359
12:11:51,51960.53,2426.34,159859.17,16.10,28.90,93,321
12:12:51,48112.15,2488.75,167985.61,16.90,29.00,98,379
12:13:52,48112.15,2430.86,155826.09,16.90,29.00,99,489
12:14:52,52032.89,2558.14,175412.84,16.90,29.00,96,317
12:15:53,54033.78,2538.11,172000.00,16.70,29.00,96,372
12:16:53,56968.41,2703.27,179591.83,16.60,29.00,103,440
12:17:54,61355.56,2724.73,183146.09,16.30,29.00,99,552
12:18:54,51549.02,2488.75,160846.56,16.50,29.10,96,378
12:19:55,57246.47,2588.51,165357.14,16.80,29.10,91,451
12:20:55,56418.11,2479.00,174040.20,16.60,29.10,131,551
12:21:56,64895.75,2671.43,181005.59,16.30,29.20,104,299
12:22:56,51960.53,2445.45,163701.08,16.00,29.20,93,344
12:23:57,58378.58,2538.11,168648.64,16.70,29.20,98,592
12:24:57,59249.10,2619.27,181005.59,16.60,29.20,100,291
12:25:58,55075.34,2469.29,172677.58,16.60,29.20,94,401
12:26:58,66606.30,2724.73,181005.59,16.90,29.20,134,601
12:27:59,57169.01,2645.69,178518.50,16.50,29.20,95,440
12:28:59,58378.58,2682.00,184586.48,17.10,29.30,100,366
12:30:0,61274.07,2614.56,187121.22,17.30,29.30,96,347
12:31:0,64229.88,2757.27,194219.66,16.90,29.30,98,430
12:32:1,68850.20,2842.70,195348.84,16.90,29.30,95,592
12:33:1,72962.02,2857.53,191954.03,16.60,29.30,100,442
12:34:2,62679.25,2564.33,171584.69,16.50,29.30,97,488
12:35:2,77584.08,2779.20,189714.30,16.90,29.30,97,618
12:36:3,97712.76,2985.71,198830.42,16.50,29.30,94,436
12:37:3,72470.58,2543.46,179925.64,16.20,29.20,97,599
12:38:4,78923.78,2692.61,192706.33,16.80,29.20,101,590
12:39:4,80300.01,2768.21,191954.03,16.40,29.20,98,462
12:40:5,81410.14,2888.44,208000.00,16.50,29.20,94,442
12:41:5,71774.99,2578.34,193461.55,16.60,29.20,94,414
12:42:6,84056.61,2841.26,196124.05,16.80,29.20,117,612
12:43:6,103608.92,2956.88,197665.38,16.50,29.20,99,540
12:44:7,79378.39,2746.37,190458.02,16.30,29.10,93,580
12:45:7,70617.27,2713.97,186037.73,16.80,29.10,93,422
12:46:8,78473.22,2857.53,197281.56,17.20,29.20,94,355
12:47:8,71774.99,2724.73,186037.73,16.90,29.20,92,451
12:48:9,103731.83,2950.11,197281.56,17.00,29.20,97,712
12:49:9,86201.92,2724.73,176795.58,16.60,29.20,95,472
12:50:10,95218.74,2903.40,200391.39,16.90,29.20,93,467
12:51:10,78375.01,2730.70,186389.42,16.80,29.20,94,544
12:52:11,76710.54,2459.63,170652.16,17.10,29.30,95,241
12:53:11,82474.42,2725.88,196504.86,17.30,29.30,91,375
12:54:12,78473.22,2768.21,189714.30,16.90,29.30,90,449
12:55:12,78473.22,2746.37,190458.02,17.10,29.30,91,549
12:56:13,68850.20,2594.87,182739.22,17.20,29.30,86,629
12:57:13,78473.22,2692.61,179591.83,17.40,29.30,97,625
12:58:13,80300.01,2682.00,189714.30,17.20,29.30,87,443
12:59:14,77928.90,2493.95,177818.83,16.90,29.30,90,476
13:0:14,76614.05,2493.95,177121.75,16.90,29.30,94,623
13:1:15,88323.52,2834.90,199609.38,16.90,29.30,92,551
13:2:15,84160.38,2768.21,191204.61,16.70,29.40,90,442
13:3:16,92243.65,2891.85,195744.69,16.90,29.30,85,570
13:4:16,95873.68,2948.51,203168.31,16.90,29.30,84,677
13:5:17,78026.68,2498.54,182429.92,16.90,29.40,82,556
13:6:17,77733.34,2564.33,184905.67,17.10,29.40,90,712
13:7:18,88323.52,2823.66,191954.03,16.90,29.40,86,501
13:8:18,84350.71,2678.26,184905.67,16.90,29.40,88,468
13:9:19,91666.66,2608.97,185310.75,17.20,29.40,86,380
13:10:19,98352.93,2915.00,202755.91,16.80,29.40,84,559
13:11:20,86201.92,2768.21,188235.31,16.70,29.40,87,587
13:12:20,76279.48,2479.00,178888.88,17.20,29.40,101,492
13:13:21,70999.99,2528.15,181005.59,17.30,29.40,84,785
13:14:21,88000.00,2876.92,196887.17,17.40,29.50,92,503
13:15:22,91095.48,2846.19,193461.55,17.20,29.50,87,430
13:16:22,83433.97,2811.66,194563.11,17.10,29.50,94,528
13:17:23,82372.09,2742.73,193822.41,17.40,29.50,93,418
13:18:23,88866.99,2703.27,177490.75,17.20,29.50,93,482
13:19:24,86724.64,2790.24,193461.55,17.10,29.50,88,458
13:20:24,90763.82,2888.44,206374.50,17.10,29.50,94,500
13:21:25,100983.59,2926.65,194980.70,17.20,29.50,100,651
13:22:25,83661.98,2779.20,186767.50,16.80,29.50,98,479
13:23:26,66956.52,2528.15,176795.58,17.10,29.50,100,396
13:24:26,74179.48,2703.27,187500.00,17.40,29.50,104,571
13:25:27,66519.69,2594.03,184210.55,17.00,29.50,103,495
13:26:27,70617.27,2713.97,181716.44,17.20,29.60,101,348
13:27:28,75852.19,2801.33,190458.02,16.90,29.60,95,398
13:28:28,69487.80,2479.00,178188.52,16.80,29.60,96,350
13:29:29,80666.67,2583.83,187121.22,17.00,29.60,96,297
13:30:29,84857.15,2775.61,192307.70,16.50,29.60,99,536
13:31:30,81238.54,2790.24,190458.02,16.50,29.60,100,529
13:32:30,72962.02,2692.61,181005.59,16.80,29.60,100,549
13:33:31,72285.71,2524.21,179888.27,16.90,29.60,101,431
13:34:31,79378.39,2834.90,194980.70,16.80,29.60,104,582
13:35:32,73770.20,2692.61,182429.92,16.50,29.60,98,431
13:36:32,71294.60,2656.16,182771.56,17.00,29.60,98,439
13:37:33,65232.56,2692.61,181005.59,17.00,29.70,95,529
13:38:33,85684.21,2985.71,201964.64,17.00,29.70,137,520
13:39:34,77584.08,2812.47,189714.30,16.70,29.70,99,438
13:40:34,77145.38,2640.00,176102.92,16.90,29.70,100,300
13:41:35,79538.47,2688.89,190804.61,16.90,29.80,97,579
13:42:35,74724.13,2775.61,191554.70,16.70,29.80,92,484
13:43:36,66606.30,2713.97,183864.92,16.80,29.80,108,542
13:44:36,82194.45,2834.90,191204.61,16.90,29.80,98,675
13:45:37,90530.00,2997.69,199609.38,16.70,29.80,97,389
13:46:37,66956.52,2640.00,186767.50,16.80,29.80,98,30590
13:47:38,88323.52,2903.40,200391.39,17.10,29.90,106,406
13:48:38,86201.92,2926.65,201176.48,16.90,30.00,102,543
13:49:39,69487.80,2660.91,190458.02,17.10,30.00,95,447
13:50:39,73364.40,2812.47,194980.70,17.30,30.00,97,418
13:51:40,77145.38,2857.53,199609.38,17.40,30.00,95,441
13:52:40,70147.54,2785.37,190822.19,17.10,30.00,95,528
13:53:41,65914.06,2735.53,183864.92,17.10,30.10,100,491
13:54:41,74592.27,2891.85,194980.70,17.20,30.10,103,672
13:55:42,68385.54,2768.21,190458.02,17.00,30.10,98,417
13:56:42,62609.02,2528.15,179591.83,17.10,30.10,129,574
13:57:43,78026.68,2868.92,200391.39,17.20,30.20,99,356
13:58:43,58666.68,2629.61,174040.20,16.70,30.20,98,407
13:59:44,61977.62,2801.33,184586.48,17.20,30.20,99,522
14:0:44,70237.70,2880.36,190458.02,16.90,30.20,98,645
14:1:45,74818.96,2928.31,195736.44,16.70,30.30,99,714
14:2:45,62928.30,2671.43,180297.38,16.40,30.30,97,571
14:3:46,83065.43,2945.08,206361.83,16.70,30.30,151,739
14:4:46,75008.61,2713.97,184586.48,16.50,30.30,101,510
14:5:47,80300.01,2846.19,193461.55,16.90,30.30,99,775
14:6:47,82679.07,2757.27,188973.39,16.70,30.30,105,611
14:7:48,81685.20,2924.94,201577.89,16.30,30.40,95,541
14:8:48,96105.26,3030.77,203162.05,16.40,30.40,93,538
14:9:49,79837.11,2846.19,191954.03,16.20,30.40,96,500
14:10:49,66956.52,2703.27,179591.83,16.30,30.40,106,598
14:11:50,62609.02,2421.35,170652.16,16.60,30.40,95,477
14:12:50,66258.83,2713.97,184586.48,16.80,30.50,92,464
14:13:51,64895.75,2619.27,179591.83,16.80,30.50,100,526
14:14:51,62916.67,2356.50,160070.67,16.60,30.50,95,857
14:15:52,75008.61,2779.20,192706.33,16.60,30.60,104,731
14:16:52,69487.80,2508.37,167324.95,16.10,30.50,93,369
14:17:53,66258.83,2619.27,174725.27,16.30,30.50,93,340
14:18:53,79837.11,2880.36,192706.33,16.30,30.60,93,620
14:19:53,70999.99,2629.61,170652.16,16.20,30.60,93,648
14:20:54,70617.27,2713.97,191204.61,16.50,30.60,89,532
14:21:54,76614.05,2763.36,192322.45,16.60,30.60,87,504
14:22:55,73676.59,2796.44,190076.34,16.50,30.60,91,613
14:23:55,71294.60,2474.43,166308.25,16.40,30.60,92,578
14:24:56,78473.22,2713.97,190458.02,16.40,30.60,91,590
14:25:56,65914.06,2588.51,178188.52,16.10,30.70,87,643
14:26:57,78026.68,2724.73,191204.61,16.90,30.70,90,508
14:27:57,103731.83,2973.79,204347.81,16.20,30.70,109,697
14:28:58,105874.98,2997.69,202755.91,15.60,30.70,94,533
14:29:58,108465.09,2994.44,203960.39,15.90,30.70,93,640
14:30:59,117515.49,2987.53,204356.44,16.20,30.70,94,729
14:31:59,105749.98,2875.39,195357.84,16.00,30.70,87,607
14:33:0,88980.20,2559.66,185255.22,16.10,30.70,86,622
14:34:0,101659.33,2903.40,197281.56,16.10,30.70,88,489
14:35:1,91666.66,2857.53,192706.33,15.70,30.70,93,484
14:36:1,87356.09,2837.75,191923.09,15.90,30.70,106,699
14:37:2,83661.98,2823.66,194980.70,16.20,30.70,88,504
14:38:2,76710.54,2479.00,167985.61,16.10,30.80,104,595
14:39:3,73770.20,2558.14,182429.92,16.40,30.80,92,777
14:40:3,70999.99,2440.41,173357.66,16.20,30.80,92,747
14:41:4,79837.11,2660.91,186037.73,16.40,30.80,92,834
14:42:4,70617.27,2402.45,166010.73,16.10,30.80,95,546
14:43:5,96452.63,2891.85,200391.39,16.20,30.80,94,476
14:44:5,81238.54,2355.87,168648.64,15.40,30.80,89,524
14:45:6,79837.11,2411.89,167324.95,16.20,30.80,93,408
14:46:6,107710.96,2935.01,203162.05,15.80,30.80,98,670
14:47:7,88866.99,2488.75,172000.00,15.10,30.90,106,789
14:48:7,92826.52,2640.00,191204.61,15.70,30.90,100,387
14:49:8,92243.65,2857.53,196511.64,15.60,30.90,94,544
14:50:8,92243.65,2834.90,194980.70,15.60,30.90,117,667
14:51:9,90090.00,2906.61,196498.06,15.70,30.90,95,858
14:52:9,87785.36,2834.90,188973.39,15.80,30.90,101,791
14:53:10,82679.07,2868.92,191954.03,15.80,30.90,94,624
14:54:10,86201.92,2692.61,188235.31,15.70,30.90,101,500
14:55:11,75047.61,2393.85,168535.27,16.10,31.00,97,522
14:56:11,91444.44,2881.90,201968.50,16.50,31.10,100,464
14:57:12,81888.90,2678.26,190057.38,16.10,31.10,98,459
14:58:12,91095.48,2891.85,199609.38,16.20,31.10,114,619
14:59:13,83952.84,2893.42,196504.86,16.20,31.00,99,762
15:0:13,75428.56,2801.33,188235.31,16.40,31.10,106,463
15:1:14,87038.84,2963.68,199608.63,16.70,31.10,112,652
15:2:14,88866.99,2903.40,194980.70,16.40,31.10,104,578
15:3:15,72962.02,2440.41,174725.27,16.40,31.10,105,670
15:4:15,73395.73,2403.29,173944.95,16.70,31.10,112,592
15:5:16,82194.45,2588.51,183864.92,16.70,31.30,102,546
15:6:16,93415.38,2834.90,199609.38,16.10,31.30,94,647
15:7:17,88323.52,2578.34,188973.39,16.00,31.30,102,583
15:8:17,108092.46,2903.40,197281.56,16.00,31.30,99,492
15:9:18,93415.38,2608.97,178888.88,15.80,31.30,99,364
15:10:18,83661.98,2393.06,172000.00,16.10,31.30,100,651
15:11:19,111171.57,2891.85,198830.42,16.10,31.30,101,566
15:12:19,117788.78,2903.40,202755.91,15.50,31.40,103,466
15:13:20,113445.75,2945.08,201571.72,15.70,31.30,72,505
15:14:20,113999.97,3018.60,206374.50,15.80,31.30,106,572
15:15:21,95832.45,2682.00,191954.03,15.70,31.30,98,542
15:16:21,94010.30,2671.43,190458.02,15.90,31.30,98,448
15:17:22,88866.99,2518.24,180297.38,15.90,31.40,106,620
15:18:22,98763.43,2791.56,193448.94,16.20,31.40,103,484
15:19:23,86201.92,2469.29,179591.83,16.00,31.40,97,401
15:20:23,115231.68,2938.36,204347.81,16.10,31.40,98,592
15:21:24,130067.62,3021.81,206759.44,15.60,31.40,113,704
15:22:24,97079.36,2411.89,174040.20,15.50,31.40,99,616
15:23:25,113578.28,2868.92,200391.39,16.10,31.50,102,495
15:24:25,116925.89,2903.40,198830.42,15.60,31.50,115,582
15:25:26,98352.93,2938.36,199609.38,15.60,31.50,98,514
15:26:26,113578.28,2790.24,193461.55,15.70,31.50,100,383
15:27:27,119132.04,3006.50,203162.05,15.70,31.50,106,618
15:28:27,116073.59,2961.93,198830.42,15.90,31.60,98,502
15:29:28,127046.41,2961.93,200391.39,15.90,31.50,95,529
15:30:28,132150.73,2938.36,204347.81,15.70,31.60,115,647
15:31:29,123199.95,2915.00,198054.48,15.80,31.60,98,589
15:32:29,116073.59,2926.65,200391.39,15.70,31.60,100,386
15:33:30,116518.48,2946.79,197660.83,15.80,31.60,98,635
15:34:30,125098.09,2997.69,207569.72,15.80,31.70,118,600
15:35:31,111964.26,2880.36,196511.64,15.70,31.70,100,452
15:36:31,111964.26,2903.40,198830.42,15.90,31.80,94,760
15:37:32,87785.36,2823.66,182429.92,15.80,31.80,100,410
15:38:32,79538.47,2636.21,179888.27,15.70,31.80,102,576
15:39:33,95218.74,2846.19,186767.50,15.80,31.90,106,490
15:40:33,97712.76,2926.65,191204.61,15.50,31.80,97,487
15:41:34,103731.83,2950.11,193461.55,15.40,31.80,94,704
15:42:34,89415.84,2891.85,192706.33,15.50,31.80,103,833
15:43:35,86201.92,2903.40,188973.39,15.70,31.80,105,672
15:44:35,89970.15,2891.85,191954.03,15.70,31.80,95,538
15:45:36,88323.52,2868.92,186767.50,15.80,31.80,93,769
15:46:36,83168.23,2857.53,188235.31,16.00,31.80,99,728
15:47:37,80566.22,2683.04,182397.03,16.20,31.80,102,538
15:48:37,84160.38,2857.53,190458.02,16.30,31.80,91,925
15:49:38,87252.43,2903.40,193461.55,16.00,31.80,95,671
15:50:38,90530.00,2926.65,194219.66,16.00,31.80,90,613
15:51:39,100983.59,2926.65,195744.69,15.90,31.80,96,806
15:52:39,98352.93,2880.36,193461.55,15.80,31.90,95,744
15:53:40,90530.00,2479.00,164056.95,15.80,31.90,92,638
15:54:40,91666.66,2588.51,183146.09,16.10,31.80,96,739
15:55:41,134138.94,3016.71,200784.33,15.60,31.90,87,478
15:56:41,111171.57,2868.92,190458.02,15.30,31.80,94,561
15:57:42,107344.80,2903.40,193461.55,15.80,31.80,94,773
15:58:42,133213.84,3046.15,201964.64,15.90,31.80,85,647
15:59:43,114399.97,2926.65,191204.61,15.70,31.80,159,757
16:0:43,119270.40,2928.31,191938.58,15.50,31.70,94,700
16:1:44,123857.10,2987.53,199608.63,15.70,31.70,85,537
16:2:44,127600.05,2982.45,196887.17,15.80,31.70,85,565
16:3:45,122269.19,2961.93,194980.70,15.70,31.60,97,652
16:4:45,94874.99,2436.36,164937.39,15.70,31.60,89,365
16:5:46,108848.82,2857.53,189714.30,16.10,31.60,92,471
16:6:46,98352.93,2812.47,188973.39,15.90,31.60,88,550
16:7:47,96452.63,2823.66,189714.30,16.10,31.60,107,1021
16:8:47,85171.44,2790.24,186037.73,16.00,31.60,86,479
16:9:48,101659.33,2915.00,193461.55,16.30,31.60,91,606
16:10:48,100315.20,2997.69,192706.33,15.80,31.60,107,587
16:11:49,100983.59,2950.11,188235.31,15.60,31.50,97,462
16:12:49,87252.43,2823.66,183864.92,15.50,31.50,102,644
16:13:50,83168.23,2857.53,184586.48,16.00,31.50,97,686
16:14:50,73770.20,2812.47,178888.88,15.90,31.50,106,584
16:15:50,74179.48,2868.92,182429.92,16.00,31.50,108,705
16:16:51,75852.19,2834.90,185310.75,16.00,31.50,92,477
16:17:51,96452.63,2938.36,190458.02,16.10,31.60,95,615
16:18:52,101659.33,2938.36,194219.66,16.10,31.60,97,599
16:19:52,110388.21,2985.71,198054.48,16.10,31.60,94,498
16:20:53,103033.32,2812.47,185310.75,16.20,31.60,99,533
16:21:53,86724.64,2629.61,178888.88,16.10,31.60,97,700
16:22:54,94611.40,2801.33,186037.73,16.20,31.60,103,453
16:23:54,105152.52,2891.85,191204.61,16.20,31.60,100,622
16:24:55,86512.08,2630.54,184557.45,16.20,31.60,97,602
16:25:55,91095.48,2834.90,187500.00,16.50,31.60,99,646
16:26:56,87252.43,2768.21,182429.92,16.30,31.60,98,622
16:27:56,97712.76,2903.40,185310.75,16.50,31.60,106,575
16:28:57,81238.54,2768.21,178888.88,16.40,31.60,102,563
16:29:57,82092.60,2752.42,182771.56,16.80,31.60,158,577
16:30:58,81714.29,2768.21,183864.92,16.80,31.60,95,438
16:31:58,87570.73,2870.43,191938.58,16.90,31.60,99,507
16:32:59,84663.51,2868.92,186767.50,16.80,31.60,118,611
16:33:59,79378.39,2768.21,182429.92,16.40,31.60,98,412
16:35:0,88866.99,2891.85,189714.30,16.60,31.60,101,769
16:36:0,112915.63,3044.97,201577.89,16.50,31.50,127,551
16:37:1,110388.21,2973.79,194980.70,16.00,31.50,97,622
16:38:1,113578.28,2915.00,197281.56,16.00,31.50,102,433
16:39:2,105874.98,2926.65,191954.03,16.10,31.50,99,564
16:40:2,111178.55,2979.17,194951.47,16.20,31.50,103,421
16:41:3,110388.21,2997.69,193461.55,16.30,31.40,108,613
16:42:3,91095.48,2846.19,185310.75,16.30,31.40,105,568
16:43:4,99836.95,2883.45,188931.30,16.40,31.50,100,332
16:44:4,121350.27,3021.81,198830.42,16.50,31.40,96,449
16:45:5,116073.59,2973.79,198054.48,16.30,31.40,101,666
16:46:5,118662.46,3021.81,200391.39,16.50,31.40,101,565
16:47:6,127046.41,3070.73,200391.39,16.60,31.50,100,765
16:48:6,104438.19,2857.53,186767.50,16.40,31.40,114,507
16:49:7,106228.55,2958.62,193063.58,16.80,31.40,110,503
16:50:7,100315.20,2846.19,186767.50,16.80,31.40,101,556
16:51:8,103033.32,2746.37,188235.31,16.90,31.40,95,422
16:52:8,115231.68,2985.71,200391.39,16.60,31.40,100,407
16:53:9,104438.19,2950.11,191204.61,16.40,31.40,103,338
16:54:9,94497.41,2886.88,187121.22,16.30,31.40,106,624
16:55:10,78178.58,2524.21,173626.38,16.30,31.40,101,467
16:56:10,79378.39,2450.00,167985.61,16.80,31.40,100,464
16:57:11,101296.69,2786.67,192307.70,16.50,31.40,99,476
16:58:11,87785.36,2393.06,165357.14,16.00,31.40,100,585
16:59:12,126065.84,2961.93,196511.64,16.30,31.40,103,692
17:0:12,130067.62,2926.65,194219.66,15.50,31.40,98,694
17:1:13,147218.08,3120.57,200391.39,15.60,31.40,99,695
17:2:13,144222.27,3030.77,195348.84,15.50,31.40,97,237
17:3:14,138757.19,3033.95,194980.70,15.80,31.30,100,582
17:4:14,119547.13,2915.00,192706.33,16.20,31.30,106,548
17:5:15,120303.76,2910.00,184210.55,16.20,31.30,100,515
17:6:15,91796.95,2652.38,168535.27,16.10,31.30,99,916
17:7:16,85066.67,2583.83,172313.28,16.60,31.30,96,512
17:8:16,86724.64,2578.34,176795.58,16.40,31.30,94,501
17:9:17,92826.52,2757.27,180297.38,16.20,31.30,106,533
17:10:17,131548.00,3050.12,200392.94,16.30,31.30,97,702
17:11:18,128040.05,2997.69,190458.02,15.70,31.30,97,584
17:12:18,118662.46,2973.79,187500.00,15.50,31.30,97,339
17:13:19,121705.09,2989.35,186717.28,15.60,31.20,128,489
17:14:19,117652.13,2968.74,191570.89,16.50,31.20,90,30641
17:15:20,111964.26,2915.00,186767.50,16.70,31.20,92,504
17:16:20,128040.05,2985.71,194980.70,16.80,31.20,93,540
17:17:21,136493.00,3021.81,198054.48,16.30,31.30,100,871
17:18:21,151123.11,3120.57,202755.91,16.20,31.20,89,509
17:19:22,151123.11,3058.41,194980.70,15.70,31.20,89,491
17:20:22,123199.95,2950.11,187500.00,15.50,31.20,95,431
17:21:23,99836.95,2727.03,178107.59,15.70,31.20,91,583
17:22:23,85171.44,2768.21,168648.64,15.80,31.20,87,433
17:23:24,75008.61,2692.61,167324.95,15.80,31.20,83,650
17:24:24,75852.19,2735.53,173357.66,16.20,31.30,89,965
17:25:25,76279.48,2430.86,161484.09,16.10,31.30,87,584
17:26:25,85684.21,2724.73,167985.61,16.10,31.30,98,543
17:27:26,91095.48,2682.00,179591.83,15.80,31.30,85,525
17:28:26,103033.32,2961.93,189714.30,15.50,31.30,103,626
17:29:27,81238.54,2735.53,176102.92,15.50,31.30,85,629
17:30:27,74179.48,2703.27,176795.58,16.30,31.30,84,590
17:31:28,86201.92,2891.85,188235.31,16.70,31.30,87,829
17:32:28,90310.00,2881.90,188952.39,16.40,31.30,87,535
17:33:29,89415.84,2903.40,184586.48,16.20,31.30,88,802
17:34:29,79378.39,2768.21,180297.38,16.40,31.30,93,565
17:35:30,74439.65,2653.36,174585.64,16.60,31.30,93,641
17:36:30,85684.21,2768.21,181005.59,16.90,31.30,98,442
17:37:31,91666.66,2779.20,183864.92,16.40,31.30,90,764
17:38:31,93415.38,2880.36,188235.31,16.30,31.30,101,768
17:39:32,83455.40,2769.47,180970.14,16.20,31.30,101,481
17:40:32,78923.78,2735.53,179591.83,16.50,31.30,95,312
17:41:33,104438.19,3009.72,196511.64,16.70,31.30,92,734
17:42:33,104067.40,2923.29,190804.61,15.90,31.30,96,735
17:43:34,86201.92,2779.20,180297.38,16.10,31.30,95,614
17:44:34,69117.41,2598.72,169314.06,16.60,31.30,94,379
17:45:35,80300.01,2857.53,186037.73,17.30,31.30,98,644
17:46:35,78178.58,2688.89,182022.50,16.60,31.30,99,446
17:47:36,85684.21,2868.92,183864.92,16.40,31.30,144,530
17:48:36,90530.00,2926.65,188235.31,16.10,31.30,94,670
17:49:37,84160.38,2857.53,181716.44,16.00,31.20,101,504
17:50:37,83065.43,2863.96,180633.14,16.10,31.30,95,509
17:51:38,84663.51,2880.36,184586.48,16.30,31.30,95,503
17:52:38,87252.43,2961.93,187500.00,16.90,31.30,96,456
17:53:39,72683.54,2742.73,176383.75,16.80,31.30,96,418
17:54:39,65914.06,2682.00,170652.16,17.20,31.30,103,645
17:55:40,75428.56,2891.85,185310.75,17.40,31.30,96,659
17:56:40,66086.28,2704.37,173992.67,16.90,31.30,102,515
17:57:41,67222.22,2785.37,180633.14,17.30,31.30,110,663
17:58:41,75852.19,2926.65,186767.50,17.10,31.30,95,540
17:59:42,70057.38,2802.67,176752.75,16.90,31.30,98,700
18:0:42,62609.02,2713.97,169981.91,17.00,31.30,102,438
18:1:43,60439.56,2713.97,171324.84,17.20,31.30,110,661
18:2:43,66258.83,2834.90,181716.44,17.00,31.30,102,561
18:3:44,65571.98,2857.53,181716.44,17.00,31.30,103,667
18:4:44,65315.18,2842.70,179888.27,16.90,31.30,100,789
18:5:45,63000.00,2797.77,176383.75,17.30,31.30,101,505
18:6:45,65232.56,2834.90,183146.09,17.20,31.30,100,772
18:7:46,67759.99,2876.92,187096.80,16.70,31.30,99,655
18:8:46,66258.83,2790.24,181005.59,16.50,31.30,98,683
18:9:47,65147.29,2841.26,179220.77,16.60,31.30,107,415
18:10:47,63250.00,2812.47,173357.66,16.70,31.30,102,455
18:11:48,56418.11,2682.00,166666.67,16.80,31.30,104,465
18:12:48,61047.98,2779.20,176795.58,17.30,31.30,115,475
18:13:49,62609.02,2812.47,181005.59,17.30,31.30,143,538
18:14:49,60138.69,2713.97,175412.84,17.20,31.30,103,565
18:15:50,65571.98,2578.34,160846.56,17.20,31.40,100,590
18:16:50,73364.40,2768.21,179591.83,16.90,31.30,101,455
18:17:51,81714.29,2880.36,187500.00,16.60,31.40,101,519
18:18:51,78923.78,2746.37,180297.38,16.40,31.30,101,591
18:19:52,107344.80,3009.72,195744.69,16.80,31.30,99,569
18:20:52,104779.64,2958.62,192307.70,16.10,31.30,99,679
18:21:53,107344.80,2938.36,188235.31,16.20,31.30,102,705
18:22:53,102342.53,2926.65,184586.48,16.10,31.30,101,379
18:23:54,98352.93,2926.65,186037.73,16.00,31.30,118,820
18:24:54,93896.90,2968.74,190822.19,16.00,31.30,102,435
18:25:55,86201.92,2812.47,184586.48,15.90,31.30,108,518
18:26:55,119547.13,3184.21,200391.39,16.00,31.30,105,663
18:27:56,114399.97,3058.41,191204.61,15.60,31.30,105,655
18:28:56,98352.93,2915.00,185310.75,15.70,31.20,99,583
18:29:57,98352.93,2985.71,192706.33,16.10,31.20,100,560
18:30:57,84663.51,2459.63,167324.95,16.10,31.20,97,449
18:31:58,106965.49,2935.01,193822.41,16.30,31.20,102,554
18:32:58,114399.97,3095.53,199609.38,15.40,31.20,103,672
18:33:58,109999.98,3080.00,196116.52,15.30,31.20,109,557
18:34:59,110388.21,3070.73,197281.56,15.40,31.20,94,684
18:35:59,149801.56,3275.91,208383.23,15.50,31.10,101,745
18:37:0,151123.11,3158.57,198830.42,15.20,31.10,98,624
18:38:0,137617.06,3120.57,197281.56,15.30,31.10,106,591
18:39:1,139913.70,3171.36,198830.42,15.20,31.10,91,629
18:40:1,129047.02,3070.73,198830.42,15.30,31.10,90,569
18:41:2,111964.26,2961.93,191204.61,15.40,31.10,90,520
18:42:2,118662.46,3095.53,195744.69,15.50,31.10,98,526
18:43:3,116925.89,3120.57,197281.56,15.30,31.10,91,867
18:44:3,114399.97,3108.02,201964.64,15.40,31.00,93,508
18:45:4,114399.97,3133.18,198054.48,15.40,31.00,95,607
18:46:4,120929.89,3130.17,196116.52,15.50,31.10,103,622
18:47:5,103033.32,2985.71,189714.30,15.40,31.00,91,642
18:48:5,138757.19,3249.39,202755.91,15.50,31.00,88,431
18:49:6,133213.84,3145.84,198830.42,15.20,31.00,95,691
18:50:6,113578.28,2961.93,197281.56,15.50,31.00,98,601
18:51:7,129918.97,3166.11,197665.38,15.70,31.00,90,557
18:52:7,130067.62,3184.21,201964.64,15.50,31.00,98,599
18:53:8,118524.96,3041.03,191570.89,15.50,31.00,96,930
18:54:8,138757.19,3223.13,205148.52,15.60,31.00,89,386
18:55:9,131102.09,3120.57,198830.42,15.40,31.00,89,423
18:56:9,109614.02,2724.73,176102.92,15.50,31.00,90,550
18:57:10,119547.13,3133.18,198054.48,15.80,31.00,90,487
18:58:10,136493.00,3262.62,201176.48,15.60,31.00,91,625
18:59:11,103731.83,2790.24,183146.09,15.20,30.90,90,620
19:0:11,104438.19,2973.79,194980.70,15.50,30.90,91,612
19:1:12,117788.78,3108.02,198830.42,15.40,30.90,89,672
19:2:12,111964.26,3058.41,194219.66,15.30,30.90,96,721
19:3:13,99654.04,2961.93,188973.39,15.40,30.90,95,600
19:4:13,104438.19,3083.10,191954.03,15.50,30.90,96,720
19:5:14,132150.73,3197.12,201964.64,15.30,30.90,95,653
19:6:14,130067.62,3133.18,200391.39,15.10,30.90,99,810
19:7:15,130952.43,3041.03,195357.84,15.20,30.90,167,791
19:8:15,131102.09,3108.02,195744.69,15.30,30.90,102,466
19:9:16,118387.46,3072.77,193448.94,15.30,30.90,105,565
19:10:16,119547.13,3095.53,196511.64,15.40,30.90,99,662
19:11:17,113999.97,3130.17,199217.23,15.50,30.80,107,806
19:12:17,108848.82,3058.41,193461.55,15.50,30.90,113,535
19:13:18,109614.02,3145.84,198054.48,15.50,30.80,104,790
19:14:18,100315.20,3009.72,193461.55,15.40,30.80,123,673
19:15:19,92826.52,2961.93,188973.39,15.60,30.80,116,600
19:16:19,86718.45,2984.26,190038.31,15.80,30.80,111,686
19:17:20,95218.74,3009.72,193461.55,16.10,30.80,97,679
19:18:20,142116.81,3351.60,212929.28,15.60,30.80,100,897
19:19:21,121987.14,3110.17,200392.16,15.20,30.80,100,527
19:20:21,132000.05,3191.85,205555.55,15.40,30.80,107,556
19:21:22,123999.95,3178.95,200000.02,15.40,30.80,101,509
19:22:22,125098.09,3223.13,204347.81,15.40,30.80,102,553
19:23:23,117788.78,3108.02,195744.69,15.40,30.80,104,431
19:24:23,114399.97,3108.02,198054.48,15.40,30.80,104,659
19:25:24,116925.89,3184.21,202755.91,15.50,30.80,105,739
19:26:24,114399.97,3095.53,197281.56,15.50,30.80,106,687
19:27:25,106605.70,3083.10,197281.56,15.60,30.80,104,400
19:28:25,127893.38,3191.85,204752.47,15.70,30.70,108,569
19:29:26,109614.02,2973.79,187500.00,15.60,30.80,105,739
19:30:26,100315.20,2857.53,186767.50,15.70,30.70,100,545
19:31:27,99956.51,3055.27,196887.17,15.80,30.70,100,578
19:32:27,89415.84,2985.71,188973.39,15.70,30.70,99,462
19:33:28,92826.52,3033.95,191204.61,15.80,30.70,100,626
19:34:28,92826.52,2985.71,191954.03,15.80,30.80,103,738
19:35:29,103731.83,3095.53,194980.70,16.00,30.70,106,553
19:36:29,92243.65,3009.72,189714.30,15.70,30.70,102,831
19:37:30,90530.00,2973.79,188973.39,15.80,30.70,101,437
19:38:30,88323.52,3009.72,194219.66,15.90,30.70,99,625
19:39:31,90984.92,2980.65,190076.34,15.80,30.70,118,601
19:40:31,102220.98,3140.62,200784.33,15.80,30.70,103,637
19:41:32,112766.44,3145.84,198054.48,15.80,30.70,119,751
19:42:32,103033.32,3046.15,194219.66,15.80,30.70,96,594
19:43:33,97712.76,3033.95,194980.70,16.00,30.70,96,746
19:44:33,94269.43,2935.01,189312.98,16.10,30.70,108,674
19:45:34,108848.82,3171.36,201964.64,16.10,30.70,101,719
19:46:34,109614.02,3083.10,197281.56,16.00,30.70,103,814
19:47:35,86724.64,2703.27,178188.52,16.10,30.70,121,807
19:48:35,95218.74,3033.95,194980.70,16.30,30.70,106,635
19:49:36,101659.33,3070.73,196511.64,16.30,30.70,102,782
19:50:36,95218.74,3021.81,191954.03,16.30,30.70,102,573
19:51:37,83661.98,2779.20,183146.09,16.40,30.70,30143,30778
19:52:37,84160.38,2985.71,189714.30,16.50,30.60,103,596
19:53:38,87678.05,3016.71,193076.94,16.60,30.60,114,682
19:54:38,86201.92,2973.79,188235.31,16.60,30.60,98,651
19:55:39,87145.63,2921.64,187121.22,16.50,30.60,103,645
19:56:39,90530.00,2868.92,191204.61,16.60,30.60,121,1090
19:57:40,97712.76,2973.79,188973.39,16.50,30.60,112,652
19:58:40,108848.82,3120.57,198830.42,16.40,30.60,99,761
19:59:41,95832.45,2938.36,182429.92,16.30,30.60,100,310
20:0:41,105874.98,3070.73,191204.61,16.40,30.60,101,592
20:1:42,116925.89,3145.84,197281.56,16.30,30.60,120,752
20:2:42,100315.20,2997.69,191204.61,16.30,30.60,97,615
20:3:43,96846.55,2987.53,191187.75,16.60,30.60,95,873
20:4:43,99956.51,3104.96,198437.50,16.60,30.60,85,625
20:5:44,94611.40,2997.69,198830.42,16.50,30.60,96,639
20:6:44,103731.83,3033.95,191204.61,16.50,30.60,99,828
20:7:45,122269.19,3133.18,194219.66,16.60,30.60,115,721
20:8:45,111964.26,3058.41,192706.33,16.50,30.60,94,791
20:9:46,99654.04,2997.69,194980.70,16.60,30.50,103,902
20:10:46,111171.57,3058.41,195744.69,16.70,30.50,95,807
20:11:47,97882.34,2989.35,192678.23,16.70,30.50,93,535
20:12:47,105874.98,3033.95,191204.61,16.80,30.50,102,798
20:13:48,102342.53,2985.71,195744.69,16.60,30.50,91,787
20:14:48,95832.45,2973.79,188235.31,16.60,30.50,91,583
20:15:49,108848.82,3058.41,195744.69,16.70,30.50,90,515
20:16:49,95104.16,3041.03,194594.59,16.70,30.50,91,773
20:17:50,84663.51,2868.92,186037.73,16.70,30.50,94,393
20:18:50,84160.38,2973.79,186767.50,16.70,30.50,100,841
20:19:51,80300.01,2973.79,188235.31,16.80,30.50,86,742
20:20:51,76710.54,2950.11,187500.00,16.90,30.50,86,585
20:21:52,89970.15,2985.71,194980.70,17.10,30.50,86,619
20:22:52,86201.92,2961.93,192706.33,16.90,30.40,89,731
20:23:53,90200.00,3018.60,193822.41,17.00,30.40,95,767
20:24:53,95832.45,3033.95,193461.55,16.90,30.40,107,724
20:25:54,86932.04,2994.44,189312.98,16.80,30.40,92,891
20:26:54,76710.54,2915.00,183146.09,16.90,30.40,91,775
20:27:55,74592.27,2950.11,188235.31,17.10,30.40,86,632
20:28:55,75008.61,2973.79,188973.39,17.00,30.40,100,846
20:29:56,74534.48,2996.29,187809.53,16.90,30.40,102,629
20:30:56,77292.05,2994.44,191554.70,17.00,30.40,96,723
20:31:57,78923.78,2961.93,188973.39,17.10,30.40,104,893
20:32:57,75428.56,2926.65,185310.75,17.00,30.40,97,772
20:33:58,75428.56,2961.93,184586.48,17.20,30.40,103,600
20:34:58,72962.02,2938.36,183864.92,17.10,30.40,140,814
20:35:58,73364.40,2938.36,189714.30,17.10,30.40,98,592
20:36:59,72075.30,2956.88,184210.55,17.10,30.40,95,855
20:37:59,83661.98,3046.15,189714.30,17.20,30.40,101,709
20:39:0,77584.08,2973.79,188235.31,17.00,30.40,100,789
20:40:0,71112.03,2958.62,186363.64,17.10,30.40,104,472
20:41:1,69771.42,2807.57,179925.64,17.30,30.40,115,840
20:42:1,77389.39,2963.68,194208.50,17.20,30.40,111,751
20:43:2,78923.78,2973.79,190458.02,17.20,30.40,95,492
20:44:2,74592.27,2973.79,190458.02,17.20,30.40,102,480
20:45:3,71774.99,2938.36,183864.92,17.40,30.30,126,870
20:46:3,69861.22,2926.65,183146.09,17.30,30.30,108,872
20:47:4,67665.34,2915.00,181716.44,17.30,30.30,96,825
20:48:4,68750.00,2938.36,185310.75,17.40,30.30,103,672
20:49:5,69861.22,2961.93,189714.30,17.50,30.30,97,598
20:50:5,68750.00,2950.11,186037.73,17.50,30.30,101,470
20:51:6,65232.56,2891.85,183146.09,17.50,30.30,124,710
20:52:6,65914.06,2790.24,182429.92,17.70,30.30,99,568
20:53:7,66869.56,2921.64,184934.09,17.60,30.30,182,964
20:54:7,65571.98,2926.65,184586.48,17.60,30.30,111,31176
20:55:8,63574.15,2880.36,180297.38,17.70,30.20,118,890
20:56:8,61355.56,2779.20,177490.75,17.80,30.30,119,981
20:57:9,62928.30,2891.85,181005.59,17.90,30.20,114,1002
20:58:9,65232.56,2915.00,184586.48,17.90,30.20,100,524
20:59:10,64307.70,2923.29,186363.64,17.90,30.20,101,455
21:0:10,61047.98,2880.36,181716.44,17.90,30.20,97,872
21:1:11,61355.56,2823.66,178888.88,17.90,30.20,114,535
21:2:11,61047.98,2868.92,178188.52,17.90,30.20,103,696
21:3:12,61047.98,2915.00,180297.38,18.00,30.20,108,688
21:4:12,61895.53,2886.88,181343.31,17.90,30.20,106,654
21:5:13,62044.95,2854.05,180597.00,18.00,30.20,100,643
21:6:13,62292.14,2891.85,185310.75,18.10,30.10,101,850
21:7:14,59840.00,2692.61,174040.20,18.00,30.10,100,754
21:8:14,61665.43,2880.36,185310.75,18.10,30.10,107,708
21:9:15,63900.76,2938.36,186037.73,18.10,30.10,113,852
21:10:15,62609.02,2891.85,181005.59,18.10,30.10,104,493
21:11:16,63574.15,2926.65,188973.39,18.10,30.10,126,787
21:12:16,62127.34,2928.31,186742.44,18.20,30.10,103,658
21:13:17,61047.98,2880.36,181716.44,18.30,30.10,98,747
21:14:17,58956.84,2857.53,179591.83,18.40,30.10,106,620
21:15:18,56968.41,2768.21,172000.00,18.60,30.10,101,610
21:16:18,56968.41,2834.90,175412.84,18.80,30.10,108,673
21:17:19,56968.41,2823.66,175412.84,18.80,30.10,99,619
21:18:19,56968.41,2857.53,176795.58,18.70,30.00,144,736
21:19:20,57246.47,2846.19,175412.84,18.60,30.10,108,864
21:20:20,57246.47,2834.90,174725.27,18.70,30.00,113,727
21:21:21,56418.11,2790.24,174725.27,18.90,30.00,168,687
21:22:21,57526.50,2868.92,178188.52,19.10,30.00,98,829
21:23:22,54476.19,2709.17,172992.69,19.00,30.00,101,732
21:24:22,57169.01,2829.98,177818.83,19.20,30.00,104,852
21:25:23,54849.31,2764.60,174311.92,19.10,30.00,116,574
21:26:23,55075.34,2779.20,173357.66,19.10,30.00,103,386
21:27:24,55340.20,2790.24,172677.58,19.10,30.00,99,909
21:28:24,56188.15,2808.93,177079.47,19.10,30.00,104,937
21:29:25,51309.45,2640.00,167985.61,19.00,30.00,98,668
21:30:25,51986.80,2662.91,167870.03,19.40,30.00,96,890
21:31:26,53449.66,2709.17,173674.58,19.60,30.00,95,1103
21:32:26,48996.85,2588.51,162765.97,19.40,30.00,97,751
21:33:27,49221.52,2598.72,162123.91,19.60,30.00,99,641
21:34:27,49221.52,2619.27,164705.89,19.60,30.00,106,762
21:35:28,48262.50,2543.46,161130.75,19.70,30.00,86,605
21:36:28,54033.78,2768.21,174040.20,19.90,30.00,90,725
21:37:29,47678.02,2528.15,158318.75,19.50,30.00,93,1028
21:38:29,47894.41,2558.14,162765.97,19.90,30.00,108,867
21:39:30,47678.02,2568.22,161484.09,19.80,30.00,95,1005
21:40:30,53123.75,2704.37,174678.89,19.90,30.00,100,854
21:41:31,47462.97,2548.10,158947.38,19.70,30.00,95,724
21:42:31,47894.41,2578.34,163410.31,20.00,30.00,92,480
21:43:32,48331.25,2598.72,163410.31,20.00,30.00,89,726
21:44:32,49447.62,2588.51,162123.91,19.80,29.90,89,547
21:45:33,53020.00,2713.97,174040.20,20.00,30.00,92,806
21:46:33,50600.00,2629.61,168648.64,19.80,30.00,89,779
21:47:34,50834.95,2640.00,169981.91,20.00,30.00,89,667
21:48:34,50571.43,2648.59,168115.92,20.00,30.00,103,621
21:49:35,50134.61,2629.61,166010.73,20.10,30.00,96,600
21:50:35,50295.82,2635.27,166308.25,19.90,29.90,92,602
21:51:36,50366.56,2629.61,165357.14,19.80,29.90,91,742
21:52:36,50134.61,2619.27,164705.89,19.90,29.90,90,773
21:53:37,51071.43,2692.61,160846.56,20.00,29.90,97,985
21:54:37,49904.16,2640.00,159578.20,20.40,30.00,104,730
21:55:38,49447.62,2588.51,159578.20,20.10,29.90,98,886
21:56:38,49464.97,2605.14,159154.94,20.30,29.90,105,1027
21:57:39,48773.59,2598.72,157692.31,20.40,29.90,111,1120
21:58:39,47678.02,2558.14,155208.34,20.40,29.90,96,827
21:59:40,48551.73,2608.97,158318.75,20.40,29.90,101,437
22:0:40,48112.15,2608.97,159578.20,20.40,29.90,100,626
22:1:41,48773.59,2629.61,163410.31,20.40,29.90,106,827
22:2:41,48958.73,2627.65,160923.63,20.40,29.90,92,935
22:3:42,54291.52,2779.20,178188.52,20.50,29.90,104,970
22:4:42,52277.23,2703.27,167985.61,19.80,29.80,93,692
22:5:43,50834.95,2713.97,166666.67,20.30,29.80,116,1085
22:6:43,50387.10,2646.65,163636.38,20.40,29.70,98,878
22:7:44,48996.85,2629.61,161484.09,20.50,29.70,99,652
22:8:44,51045.75,2691.03,166787.00,20.40,29.70,104,880
22:9:45,51071.43,2682.00,167324.95,20.50,29.70,105,667
22:10:45,52770.76,2724.73,171324.84,20.50,29.80,106,687
22:11:46,53020.00,2713.97,174040.20,20.50,29.70,114,747
22:12:46,51645.90,2683.04,168592.05,20.50,29.80,106,584
22:13:47,49904.16,2640.00,158318.75,20.50,29.80,99,527
22:14:47,48551.73,2608.97,157692.31,20.50,29.70,101,532
22:15:48,49082.28,2630.54,158875.22,20.60,29.70,108,678
22:16:48,48927.45,2604.27,160493.83,20.70,29.70,104,728
22:17:49,48996.85,2488.75,155826.09,20.70,29.70,99,552
22:18:49,50366.56,2650.43,164705.89,20.60,29.70,104,768
22:19:50,50134.61,2629.61,164705.89,20.70,29.60,113,928
22:20:50,50134.61,2629.61,160211.28,20.70,29.60,105,589
22:21:51,50600.00,2640.00,163410.31,20.70,29.60,125,871
22:22:51,51549.02,2692.61,166010.73,20.80,29.60,120,1133
22:23:52,50154.34,2625.81,161061.95,20.60,29.60,98,602
22:24:52,50134.61,2608.97,162123.91,20.70,29.50,108,479
22:25:52,49377.78,2583.83,158596.50,20.90,29.50,99,886
22:26:53,49675.16,2619.27,159578.20,20.90,29.50,98,664
22:27:53,48927.45,2604.27,158596.50,20.90,29.60,97,870
22:28:54,48996.85,2619.27,158947.38,20.90,29.60,104,604
22:29:54,48704.41,2594.03,158596.50,21.00,29.60,109,905
22:30:55,47894.41,2598.72,157068.08,21.00,29.60,102,488
22:31:55,48275.87,2579.96,158172.23,21.10,29.60,108,385
22:32:56,49221.52,2598.72,160846.56,21.10,29.60,101,757
22:33:56,49605.10,2624.89,163701.08,21.10,29.60,107,914
22:34:57,49904.16,2640.00,164705.89,21.10,29.60,101,854
22:35:57,49852.56,2631.47,163928.58,21.20,29.60,98,676
22:36:58,50134.61,2629.61,164705.89,21.30,29.60,108,1083
22:37:58,48996.85,2619.27,160846.56,21.30,29.50,101,531
22:38:59,48331.25,2598.72,158318.75,21.30,29.50,106,907
22:39:59,49447.62,2629.61,165357.14,21.30,29.50,116,632
22:41:0,48996.85,2619.27,161484.09,21.40,29.50,104,832
22:42:0,49012.66,2615.45,161702.14,21.40,29.50,103,572
22:43:1,49168.26,2631.47,163928.58,21.50,29.50,106,716
22:44:1,48996.85,2608.97,160211.28,21.50,29.50,98,437
22:45:2,48043.62,2583.83,158596.50,21.50,29.40,99,678
22:46:2,48331.25,2578.34,158318.75,21.60,29.40,104,855
22:47:3,46825.69,2558.14,152758.63,21.70,29.40,108,749
22:48:3,47678.02,2578.34,155826.09,21.70,29.40,124,467
22:49:4,47249.23,2568.22,157068.08,21.80,29.40,102,547
22:50:4,47462.97,2588.51,156446.00,21.90,29.40,104,991
22:51:5,47249.23,2548.10,156446.00,22.00,29.40,98,613
22:52:5,46825.69,2578.34,157068.08,22.00,29.30,99,792
22:53:6,46825.69,2568.22,156446.00,22.00,29.40,100,568
22:54:6,47046.16,2564.33,156643.36,22.00,29.40,100,512
22:55:7,47036.81,2568.22,154592.73,22.10,29.30,106,899
22:56:7,47838.01,2590.17,155671.92,22.20,29.30,97,673
22:57:8,47473.69,2584.65,158523.73,22.20,29.30,95,618
22:58:8,47036.81,2568.22,155826.09,22.20,29.30,97,849
22:59:9,47259.27,2574.47,155400.72,22.30,29.30,100,1002
23:0:9,46615.86,2588.51,155826.09,22.30,29.30,97,973
23:1:10,45789.16,2548.10,153367.89,22.40,29.30,98,779
23:2:10,45722.89,2533.47,154861.13,22.40,29.20,105,780
23:3:11,46347.57,2559.66,155671.92,22.40,29.20,104,783
23:4:11,46066.67,2548.84,155749.14,22.40,29.20,94,552
23:5:12,46200.00,2538.11,155826.09,22.50,29.20,103,807
23:6:12,45993.96,2538.11,154592.73,22.40,29.20,98,684
23:7:13,44982.14,2538.11,151546.41,22.50,29.20,541,2048
23:8:13,45585.58,2528.15,152758.63,22.60,29.20,94,604
23:9:14,45794.55,2544.19,156020.95,22.60,29.20,148,1016
23:10:14,46200.00,2538.11,153367.89,22.70,29.10,95,805
23:11:15,44000.00,2459.63,147368.41,22.80,29.10,96,1035
23:12:15,44585.80,2498.54,149743.59,22.70,29.10,92,1230
23:13:16,44325.44,2499.79,150171.83,22.60,29.10,113,693
23:14:16,43807.02,2469.29,147368.41,22.60,29.10,91,983
23:15:17,45383.23,2518.24,150943.41,22.60,29.10,100,818
23:16:17,44389.38,2479.00,149146.77,22.40,29.00,101,1108
23:17:18,44585.80,2488.75,150943.41,22.60,29.10,95,837
23:18:18,45383.23,2528.15,157692.31,22.40,29.00,96,761
23:19:19,47462.97,2568.22,157692.31,22.30,29.00,85,899
23:20:19,46978.46,2549.58,156917.70,22.30,29.10,105,816
23:21:20,48566.04,2636.21,162344.59,22.30,29.00,109,928
23:22:20,48331.25,2598.72,158318.75,22.10,29.00,89,919
23:23:21,46978.46,2519.58,156293.70,22.00,29.00,96,713
23:24:21,48551.73,2608.97,160846.56,22.30,29.00,94,825
23:25:22,48289.31,2555.74,159010.61,22.10,29.00,118,937
23:26:22,48996.85,2629.61,161484.09,22.30,29.00,106,659
23:27:23,48773.59,2608.97,162765.97,21.80,28.90,103,899
23:28:23,48262.50,2594.03,159859.17,21.80,28.90,102,871
23:29:24,45993.96,2508.37,153367.89,21.80,28.90,107,1013
23:30:24,46000.00,2524.21,155400.72,22.10,28.90,107,932
23:31:25,45722.89,2523.53,156719.03,22.20,28.90,112,772
23:32:25,47678.02,2578.34,157692.31,22.20,28.90,108,982
23:33:26,48773.59,2608.97,163410.31,22.00,28.90,94,800
23:34:26,48551.73,2598.72,159578.20,22.00,28.90,95,907
23:35:27,48773.59,2588.51,159578.20,22.00,28.90,98,891
23:36:27,48996.85,2608.97,163410.31,22.00,28.80,96,1097
23:37:28,49693.29,2605.14,162989.33,22.10,28.80,168,1171
23:38:28,48551.73,2588.51,162123.91,22.20,28.80,99,31157
23:39:29,48551.73,2598.72,160846.56,22.20,28.70,94,702
23:40:29,49012.66,2594.87,160424.03,22.30,28.70,95,670
23:41:30,48112.15,2588.51,159578.20,22.50,28.70,96,1041
23:42:30,48803.80,2601.29,160000.02,22.60,28.70,98,975
23:43:31,47678.02,2578.34,159578.20,22.60,28.70,121,911
23:44:31,46200.00,2488.75,157068.08,22.70,28.70,105,1097
23:45:32,48331.25,2588.51,160211.28,22.90,28.70,100,744
23:46:32,47894.41,2578.34,160846.56,22.80,28.70,108,977
23:47:33,48112.15,2568.22,159578.20,22.80,28.70,107,1210
23:48:33,48566.04,2594.87,163636.38,22.90,28.70,104,1009
23:49:34,48719.24,2600.43,165232.98,22.90,28.60,108,31093
23:50:34,48331.25,2608.97,163410.31,22.90,28.60,133,1548
23:51:35,48112.15,2588.51,164056.95,23.10,28.60,197,1352
23:52:35,49693.29,2625.81,171584.69,23.20,28.60,104,978
23:53:36,46407.30,2508.37,160846.56,23.30,28.60,109,873
23:54:36,47678.02,2588.51,164705.89,23.40,28.60,102,857
23:55:37,47894.41,2578.34,164705.89,23.40,28.50,108,1111
23:56:37,48551.73,2608.97,167985.61,23.50,28.50,122,1609
23:57:38,46407.30,2528.15,160846.56,23.50,28.50,116,974
23:58:38,48551.73,2629.61,169981.91,23.60,28.50,101,1226
23:59:39,47462.97,2548.10,167324.95,23.60,28.60,128,1439
