Hora,O3,NO2,CO,Humedad,Temperatura,P25,P10
0:0:39,49904.16,2629.61,173357.66,23.70,28.50,99,1301
0:1:39,47678.02,2568.22,169981.91,23.70,28.50,108,1211
0:2:40,50834.95,2671.43,178888.88,23.70,28.50,102,1255
0:3:40,48773.59,2578.34,171324.84,23.80,28.40,99,1306
0:4:41,48331.25,2619.27,175412.84,23.80,28.50,105,1405
0:5:41,49675.16,2640.00,176795.58,23.80,28.50,104,1168
0:6:42,45993.96,2508.37,167324.95,23.90,28.50,115,1104
0:7:42,48773.59,2640.00,174040.20,23.90,28.50,100,1068
0:8:43,48551.73,2619.27,173357.66,23.90,28.50,102,992
0:9:43,49675.16,2629.61,176795.58,24.10,28.50,110,1167
0:10:44,49447.62,2660.91,177490.75,24.10,28.50,105,1129
0:11:44,49904.16,2660.91,177490.75,24.30,28.40,124,1157
0:12:45,49675.16,2640.00,175412.84,24.30,28.40,101,903
0:13:45,49012.66,2636.21,176383.75,24.40,28.40,111,1239
0:14:46,48996.85,2629.61,175412.84,24.50,28.30,108,1258
0:15:46,48996.85,2640.00,174040.20,24.60,28.30,98,1143
0:16:47,48551.73,2598.72,176102.92,24.60,28.30,102,1234
0:17:47,48331.25,2619.27,174040.20,24.70,28.30,137,1547
0:18:48,48331.25,2608.97,172677.58,24.80,28.20,117,1033
0:19:48,48788.64,2605.14,174311.92,24.90,28.20,99,1223
0:20:49,48331.25,2619.27,175412.84,25.00,28.20,102,1154
0:21:49,48331.25,2629.61,174725.27,25.10,28.20,96,1347
0:22:50,48704.41,2614.56,179925.64,25.20,28.10,102,1181
0:23:50,49221.52,2619.27,178888.88,25.20,28.10,96,930
0:24:51,48331.25,2619.27,177490.75,25.30,28.10,139,1055
0:25:51,48413.80,2620.17,178148.13,25.30,28.10,109,1312
0:26:52,48331.25,2619.27,176795.58,25.40,28.00,101,1349
0:27:52,48112.15,2619.27,179591.83,25.50,28.00,94,1284
0:28:53,47678.02,2608.97,175412.84,25.60,28.00,96,1055
0:29:53,47036.81,2608.97,173357.66,25.30,27.90,95,1135
0:30:54,47249.23,2588.51,174725.27,25.40,27.90,99,1405
0:31:54,46200.00,2528.15,170652.16,25.50,27.90,92,1128
0:32:55,44389.38,2479.00,167985.61,25.40,27.90,87,916
0:33:55,47036.81,2558.14,172677.58,25.40,27.90,126,1475
0:34:56,46407.30,2568.22,175412.84,25.80,28.00,95,1161
0:35:56,47462.97,2578.34,176795.58,25.60,28.00,30116,31330
0:36:57,47462.97,2588.51,177490.75,25.60,28.00,101,908
0:37:57,44982.14,2508.37,172677.58,25.40,27.90,91,965
0:38:58,45993.96,2508.37,171324.84,25.60,28.00,90,1047
0:39:58,47113.85,2569.00,175367.64,25.60,28.00,87,1030
0:40:59,46407.30,2548.10,170652.16,25.40,27.90,88,998
0:41:59,46200.00,2548.10,170652.16,25.60,28.00,91,833
0:43:0,46615.86,2548.10,169981.91,25.40,27.90,91,952
0:44:0,44389.38,2469.29,166010.73,25.50,27.90,99,771
0:45:1,45383.23,2528.15,169314.06,25.40,27.90,99,940
0:46:1,46414.64,2534.18,173626.38,25.70,28.00,94,754
0:47:2,44785.71,2504.40,172943.31,25.50,27.90,91,862
0:48:2,45927.50,2553.49,172992.69,25.60,27.90,98,938
0:49:3,45185.63,2524.21,168896.92,26.00,28.00,95,898
0:50:3,45519.52,2523.53,172313.28,25.90,28.00,107,1170
0:51:4,45861.02,2538.82,170598.91,25.70,27.90,110,876
0:52:4,46200.00,2538.11,169981.91,25.80,27.90,104,1008
0:53:5,45789.16,2528.15,169314.06,25.90,27.90,116,841
0:54:5,46200.00,2548.10,172000.00,25.90,27.80,98,811
0:55:6,44916.66,2484.17,166965.89,26.10,27.80,102,973
0:56:6,46133.34,2553.49,172992.69,26.00,27.80,106,891
0:57:7,45789.16,2548.10,172677.58,26.10,27.80,99,941
0:58:7,45789.16,2538.11,169981.91,26.30,27.80,119,1046
0:59:8,46615.86,2568.22,174040.20,26.30,27.80,99,683
1:0:8,45722.89,2543.46,172992.69,26.50,27.80,98,857
1:1:9,47036.81,2588.51,177490.75,26.40,27.80,98,883
1:2:9,47462.97,2608.97,177490.75,26.60,27.80,97,766
1:3:10,47894.41,2588.51,180297.38,26.60,27.80,100,714
1:4:10,44389.38,2498.54,169981.91,26.50,27.80,129,1040
1:5:11,47769.47,2616.34,182706.78,26.40,27.70,114,739
1:6:11,46407.30,2568.22,178888.88,26.40,27.70,126,849
1:7:12,46969.33,2573.67,179925.64,26.40,27.80,105,777
1:8:12,47894.41,2608.97,180297.38,26.60,27.80,119,757
1:9:13,45656.62,2509.01,173308.94,26.70,27.80,109,840
1:10:13,46825.69,2568.22,178188.52,26.60,27.70,122,1030
1:11:14,44982.14,2508.37,172000.00,26.80,27.70,105,839
1:12:14,45317.36,2533.47,175735.28,26.70,27.70,99,735
1:13:15,47678.02,2608.97,180297.38,26.70,27.70,101,919
1:14:15,48331.25,2619.27,184586.48,26.90,27.70,93,731
1:15:16,45182.09,2528.15,174040.20,26.90,27.70,99,819
1:16:16,45524.09,2519.58,172577.69,26.70,27.70,144,880
1:17:17,47249.23,2588.51,178188.52,26.70,27.70,98,723
1:18:17,48043.62,2614.56,183489.69,26.80,27.70,107,1160
1:19:18,48331.25,2640.00,183146.09,26.90,27.60,101,1034
1:20:18,45722.89,2553.49,177818.83,26.90,27.60,102,592
1:21:19,47678.02,2629.61,183146.09,26.80,27.60,105,537
1:22:19,48331.25,2660.91,185310.75,26.90,27.60,104,807
1:23:19,48331.25,2619.27,182429.92,27.00,27.60,104,683
1:24:20,47462.97,2629.61,179591.83,27.10,27.50,108,882
1:25:20,48331.25,2629.61,185310.75,27.10,27.50,95,526
1:26:21,47894.41,2619.27,181716.44,27.10,27.50,99,830
1:27:21,48112.15,2608.97,181716.44,27.20,27.50,100,658
1:28:22,47894.41,2629.61,181716.44,27.30,27.40,110,731
1:29:22,48773.59,2629.61,183864.92,27.40,27.40,98,907
1:30:23,49168.26,2652.38,188931.30,27.50,27.40,114,798
1:31:23,48551.73,2629.61,183864.92,27.60,27.40,102,753
1:32:24,49012.66,2625.81,186363.64,27.60,27.30,98,30909
1:33:24,48927.45,2614.56,189333.34,27.60,27.30,104,878
1:34:25,49221.52,2640.00,187500.00,27.70,27.30,106,893
1:35:25,49464.97,2646.65,190804.61,27.70,27.30,102,789
1:36:26,48551.73,2619.27,185310.75,27.80,27.30,111,786
1:37:26,48262.50,2624.89,187121.22,27.80,27.30,108,805
1:38:27,49221.52,2640.00,186767.50,28.00,27.20,101,617
1:39:27,49012.66,2646.65,190057.38,28.10,27.20,103,901
1:40:28,48551.73,2619.27,184586.48,28.20,27.20,95,962
1:41:28,49221.52,2640.00,188235.31,28.30,27.20,95,537
1:42:29,47906.55,2615.45,184180.80,28.40,27.20,96,877
1:43:29,48112.15,2608.97,184586.48,28.40,27.10,99,685
1:44:30,46825.69,2619.27,182429.92,28.50,27.10,112,846
1:45:30,47678.02,2598.72,184586.48,28.60,27.10,112,614
1:46:31,47906.55,2605.14,184905.67,28.60,27.10,107,802
1:47:31,47918.75,2621.98,188167.94,28.70,27.10,101,638
1:48:32,45789.16,2528.15,178888.88,28.60,27.10,100,848
1:49:32,46825.69,2619.27,185310.75,28.40,27.10,97,909
1:50:33,47249.23,2608.97,186767.50,28.60,27.10,99,653
1:51:33,47462.97,2608.97,183864.92,28.70,27.10,100,875
1:52:34,47462.97,2629.61,185310.75,28.80,27.10,93,919
1:53:34,47826.09,2614.56,187121.22,28.80,27.10,89,723
1:54:35,47462.97,2588.51,185310.75,28.90,27.10,86,684
1:55:35,47678.02,2608.97,183864.92,28.90,27.10,94,709
1:56:36,47541.80,2620.17,186011.36,28.90,27.00,121,1089
1:57:36,46825.69,2578.34,182429.92,29.10,27.00,108,835
1:58:37,46407.30,2558.14,182429.92,29.10,27.00,99,698
1:59:37,47046.16,2584.65,184905.67,28.70,26.90,106,967
2:0:38,47462.97,2598.72,186767.50,28.80,26.90,96,820
2:1:38,47462.97,2588.51,185310.75,28.90,26.90,106,757
2:2:39,47249.23,2578.34,183146.09,29.00,26.90,89,897
2:3:39,46901.84,2579.15,183114.45,29.10,26.90,87,590
2:4:40,46200.00,2598.72,182429.92,29.10,26.90,90,634
2:5:40,47327.16,2599.57,186011.36,29.20,26.90,90,625
2:6:41,43807.02,2508.37,176102.92,29.20,26.90,89,786
2:7:41,46200.00,2588.51,183146.09,29.00,26.90,30101,31092
2:8:42,46825.69,2588.51,183864.92,29.30,26.90,87,945
2:9:42,47473.69,2615.45,187096.80,29.30,26.90,93,745
2:10:43,48858.05,2661.90,195736.44,29.30,26.80,98,954
2:11:43,48996.85,2650.43,194219.66,29.40,26.90,106,787
2:12:44,49151.90,2635.27,193076.94,29.40,26.80,102,871
2:13:44,50154.34,2667.68,196116.52,29.50,26.80,104,683
2:14:45,49221.52,2629.61,194980.70,29.50,26.80,108,629
2:15:45,49221.52,2650.43,193461.55,29.60,26.80,111,547
2:16:46,48996.85,2629.61,190458.02,29.70,26.80,109,393
2:17:46,48112.15,2619.27,190458.02,29.70,26.80,113,471
2:18:47,48996.85,2629.61,196511.64,29.50,26.80,108,613
2:19:47,49012.66,2636.21,193063.58,29.60,26.80,110,418
2:20:48,49168.26,2641.90,191923.09,29.70,26.80,98,735
2:21:48,48331.25,2650.43,190458.02,29.80,26.90,99,522
2:22:49,48551.73,2629.61,191954.03,29.90,26.80,106,452
2:23:49,48704.41,2645.69,193834.30,29.90,26.80,113,873
2:24:50,48773.59,2640.00,193461.55,29.90,26.80,102,898
2:25:50,49221.52,2629.61,191954.03,30.00,26.80,104,900
2:26:51,48331.25,2619.27,190458.02,29.90,26.70,97,594
2:27:51,45585.58,2548.10,183146.09,29.90,26.70,102,799
2:28:52,49012.66,2625.81,195348.84,29.60,26.80,103,656
2:29:52,50600.00,2660.91,199609.38,29.70,26.80,106,559
2:30:53,50951.14,2679.30,202371.53,29.80,26.80,107,751
2:31:53,48112.15,2568.22,189714.30,29.80,26.80,109,852
2:32:53,49675.16,2660.91,197281.56,29.60,26.80,103,752
2:33:54,48996.85,2640.00,194980.70,29.80,26.80,103,698
2:34:54,50134.61,2660.91,195744.69,29.80,26.80,97,610
2:35:55,48996.85,2619.27,193461.55,29.90,26.80,149,862
2:36:55,48996.85,2660.91,191954.03,30.00,26.80,99,412
2:37:56,49012.66,2636.21,193063.58,30.00,26.80,101,445
2:38:56,48996.85,2629.61,191954.03,30.10,26.80,103,30601
2:39:57,48551.73,2629.61,191954.03,30.10,26.70,103,496
2:40:57,48551.73,2608.97,190458.02,30.20,26.70,97,681
2:41:58,49623.00,2652.38,194961.25,30.40,26.70,99,497
2:42:58,48996.85,2640.00,191954.03,30.40,26.60,108,653
2:43:59,49464.97,2646.65,196116.52,30.40,26.60,132,857
2:44:59,48996.85,2629.61,192706.33,30.40,26.60,106,480
2:46:0,49923.08,2646.65,196116.52,30.30,26.60,105,765
2:47:0,50366.56,2640.00,195744.69,30.40,26.60,103,582
2:48:1,50295.82,2656.16,200000.02,30.50,26.60,103,582
2:49:1,49675.16,2629.61,196511.64,30.60,26.60,106,543
2:50:2,51000.00,2656.16,200000.02,30.70,26.60,99,597
2:51:2,48996.85,2619.27,194980.70,30.80,26.60,98,494
2:52:3,50134.61,2640.00,198054.48,30.60,26.60,101,490
2:53:3,47678.02,2598.72,191954.03,30.90,26.60,99,484
2:54:4,49904.16,2650.43,195744.69,30.70,26.60,101,786
2:55:4,48996.85,2640.00,196511.64,30.90,26.60,99,562
2:56:5,49221.52,2619.27,191954.03,31.00,26.60,108,599
2:57:5,48043.62,2583.83,187121.22,30.90,26.50,94,647
2:58:6,47249.23,2578.34,186767.50,30.80,26.50,115,756
2:59:6,47249.23,2578.34,187500.00,30.80,26.60,106,589
3:0:7,48193.75,2599.57,188952.39,30.80,26.60,98,599
3:1:7,48112.15,2588.51,188235.31,30.90,26.60,101,591
3:2:8,48112.15,2588.51,188235.31,30.70,26.50,95,609
3:3:8,48719.24,2610.73,191923.09,30.80,26.50,98,819
3:4:9,47036.81,2558.14,185310.75,31.00,26.50,97,556
3:5:9,48125.00,2584.65,190057.38,31.00,26.50,100,896
3:6:10,48496.86,2610.73,190421.47,31.20,26.50,96,592
3:7:10,48125.00,2594.87,190057.38,31.30,26.50,99,794
3:8:11,47678.02,2598.72,187500.00,31.40,26.50,100,645
3:9:11,47249.23,2558.14,187500.00,31.40,26.40,102,475
3:10:12,47678.02,2568.22,186767.50,31.30,26.50,100,649
3:11:12,47678.02,2578.34,188973.39,31.30,26.40,99,679
3:12:13,48331.25,2619.27,191954.03,31.30,26.40,112,587
3:13:13,49012.66,2625.81,194584.14,31.30,26.40,98,735
3:14:14,49221.52,2619.27,193461.55,31.50,26.40,119,686
3:15:14,48773.59,2608.97,193461.55,31.60,26.30,117,867
3:16:15,49168.26,2621.08,193436.30,31.70,26.30,109,906
3:17:15,49082.28,2620.17,193448.94,31.80,26.30,91,585
3:18:16,49377.78,2604.27,193834.30,31.80,26.30,96,659
3:19:16,48996.85,2619.27,193461.55,31.80,26.20,107,946
3:20:17,50225.08,2630.54,194971.00,31.80,26.30,90,701
3:21:17,50366.56,2619.27,193461.55,31.70,26.20,89,652
3:22:18,52032.89,2660.91,198054.48,31.70,26.20,96,591
3:23:18,55075.34,2660.91,198830.42,31.60,26.30,105,509
3:24:19,53777.77,2682.00,199609.38,31.70,26.20,109,698
3:25:19,55570.93,2673.48,206786.42,31.60,26.20,94,718
3:26:20,55606.89,2660.91,201964.64,31.30,26.20,90,676
3:27:20,59543.48,2746.37,208383.23,31.10,26.20,87,418
3:28:21,62679.25,2764.60,213793.08,31.60,26.10,90,595
3:29:21,62292.14,2724.73,210020.03,31.80,26.10,93,844
3:30:22,63816.79,2774.34,210441.75,31.60,26.00,90,497
3:31:22,66258.83,2779.20,212500.00,31.80,26.00,95,652
3:32:23,66956.52,2746.37,210843.36,31.80,26.00,91,743
3:33:23,67665.34,2768.21,208383.23,31.50,25.90,91,717
3:34:24,66956.52,2735.53,206759.44,31.40,25.90,91,586
3:35:24,68023.99,2746.37,207569.72,31.40,25.90,102,479
3:36:24,69117.41,2757.27,209200.00,31.40,25.90,98,539
3:37:25,69487.80,2768.21,210843.36,31.30,25.90,93,607
3:38:25,72167.35,2779.20,211670.00,31.30,25.90,109,693
3:39:26,71891.20,2786.67,212121.20,31.30,25.90,99,600
3:40:26,72497.88,2799.11,212145.75,31.30,25.90,103,478
3:41:27,74724.13,2808.93,213793.08,31.20,25.90,97,420
3:42:27,76710.54,2812.47,213333.31,31.10,25.90,167,944
3:43:28,79378.39,2801.33,213333.31,31.20,25.90,99,422
3:44:28,75008.61,2790.24,210843.36,31.20,25.90,105,251
3:45:29,75428.56,2801.33,210843.36,31.10,25.90,97,566
3:46:29,72962.02,2768.21,209200.00,31.20,25.90,104,571
3:47:30,75852.19,2790.24,211670.00,31.00,25.90,106,588
3:48:30,75238.09,2791.56,214198.77,31.30,25.90,101,555
3:49:31,77048.47,2807.57,213765.17,31.40,25.90,101,565
3:50:31,72167.35,2768.21,210020.03,31.70,25.90,103,462
3:51:32,71774.99,2779.20,211670.00,31.80,25.80,102,389
3:52:32,69487.80,2757.27,208383.23,32.00,25.80,106,307
3:53:33,71774.99,2779.20,213333.31,32.00,25.80,108,388
3:54:33,70999.99,2768.21,210020.03,32.10,25.80,112,621
3:55:34,72962.02,2757.27,210020.03,32.20,25.80,97,686
3:56:34,77883.94,2827.86,216803.25,32.10,25.70,102,551
3:57:35,75008.61,2779.20,214170.03,31.70,25.70,102,417
3:58:35,67309.52,2768.21,210843.36,31.90,25.70,104,742
3:59:36,63574.15,2746.37,211670.00,32.30,25.70,103,673
4:0:36,63574.15,2790.24,212500.00,32.30,25.70,109,510
4:1:37,63574.15,2757.27,212500.00,32.50,25.70,100,426
4:2:37,68750.00,2823.66,221855.70,32.20,25.70,104,505
4:3:38,69861.22,2801.33,217551.02,31.90,25.70,106,536
4:4:38,74592.27,2868.92,221855.70,31.60,25.80,97,560
4:5:39,76183.41,2852.58,224948.03,31.40,25.70,99,460
4:6:39,72563.02,2812.47,217551.02,31.20,25.70,100,642
4:7:40,72167.35,2823.66,220987.63,31.20,25.80,100,637
4:8:40,73364.40,2834.90,215853.64,31.20,25.80,101,495
4:9:41,72991.52,2837.75,223700.64,31.10,25.80,98,606
4:10:41,72563.02,2823.66,220987.63,31.30,25.80,100,502
4:11:42,66258.83,2735.53,210020.03,31.30,25.80,96,445
4:12:42,68939.27,2791.56,214198.77,31.10,25.80,103,593
4:13:43,68750.00,2768.21,209200.00,31.10,25.80,99,598
4:14:43,69861.22,2779.20,211670.00,30.90,25.90,110,703
4:15:44,72563.02,2812.47,212500.00,30.80,25.90,103,754
4:16:44,74629.30,2826.46,213387.41,30.60,25.90,102,547
4:17:45,73084.73,2786.67,210462.77,30.60,25.90,102,402
4:18:45,73364.40,2801.33,211670.00,30.40,25.90,97,592
4:19:46,78473.22,2823.66,212500.00,30.40,25.90,100,515
4:20:46,81105.99,2850.56,217659.11,30.70,25.80,99,603
4:21:47,79081.09,2842.70,216326.52,30.80,25.80,99,506
4:22:47,78473.22,2812.47,211670.00,30.90,25.80,115,568
4:23:48,80300.01,2812.47,211670.00,31.00,25.70,108,463
4:24:48,78473.22,2790.24,210020.03,31.10,25.70,104,462
4:25:49,79378.39,2812.47,210843.36,31.30,25.70,99,419
4:26:49,75852.19,2790.24,213333.31,31.50,25.70,103,493
4:27:50,78473.22,2801.33,210020.03,31.60,25.60,102,504
4:28:50,74592.27,2779.20,209200.00,31.90,25.50,107,582
4:29:51,76279.48,2834.90,215010.13,32.00,25.50,102,555
4:30:51,75852.19,2823.66,215853.64,32.10,25.50,116,678
4:31:52,73770.20,2779.20,215010.13,32.20,25.40,103,655
4:32:52,78026.68,2846.19,218404.89,32.10,25.40,98,532
4:33:52,78923.78,2834.90,218404.89,32.00,25.40,94,495
4:34:53,80834.87,2860.50,217622.92,32.00,25.40,96,597
4:35:53,77584.08,2823.66,217551.02,32.00,25.40,94,479
4:36:54,79737.56,2829.98,215447.14,32.10,25.40,95,703
4:37:54,78923.78,2812.47,213333.31,32.10,25.40,175,686
4:38:55,78026.68,2812.47,215010.13,32.10,25.40,94,477
4:39:55,75428.56,2812.47,207569.72,32.20,25.30,94,519
4:40:56,72563.02,2703.27,205952.38,32.10,25.40,95,514
4:41:56,70237.70,2692.61,201176.48,31.60,25.40,108,725
4:42:57,70999.99,2768.21,210020.03,31.30,25.40,97,552
4:43:57,75428.56,2846.19,215853.64,31.50,25.40,103,803
4:44:58,75756.52,2852.58,216293.27,31.90,25.40,99,407
4:45:58,76854.63,2854.05,218032.77,32.00,25.30,95,559
4:46:59,74179.48,2812.47,214170.03,32.00,25.40,92,402
4:47:59,78026.68,2846.19,217551.02,32.00,25.40,97,721
4:49:0,81036.70,2870.43,217586.89,32.20,25.40,91,458
4:50:0,81238.54,2868.92,217551.02,32.20,25.40,89,498
4:51:1,82194.45,2868.92,220123.17,32.10,25.40,91,512
4:52:1,82372.09,2865.46,219753.06,32.10,25.40,86,592
4:53:2,85263.16,2883.45,220206.17,32.20,25.40,93,639
4:54:2,84663.51,2915.00,219262.27,32.20,25.40,94,478
4:55:3,87785.36,2880.36,219262.27,32.10,25.40,88,390
4:56:3,88866.99,2891.85,221855.70,32.00,25.40,91,578
4:57:4,97712.76,2915.00,219262.27,32.00,25.30,90,751
4:58:4,95717.27,2910.00,218852.44,32.10,25.30,93,500
4:59:5,92714.28,2886.88,218852.44,32.10,25.30,93,543
5:0:5,92020.30,2905.00,221900.81,32.10,25.30,100,616
5:1:6,90763.82,2911.62,219753.06,32.20,25.30,98,626
5:2:6,93415.38,2915.00,219262.27,32.20,25.40,108,470
5:3:7,92243.65,2926.65,220123.17,32.00,25.30,105,432
5:4:7,95832.45,2926.65,217551.02,32.00,25.30,111,532
5:5:8,97079.36,2915.00,219262.27,32.00,25.30,107,505
5:6:8,95832.45,2903.40,217551.02,32.10,25.30,107,571
5:7:9,95832.45,2903.40,216700.59,32.20,25.20,107,359
5:8:9,96730.15,2900.00,218891.14,32.10,25.20,107,447
5:9:10,95218.74,2880.36,216700.59,32.00,25.20,102,497
5:10:10,99956.51,2900.00,219753.06,32.00,25.20,102,451
5:11:11,100076.08,2905.00,217586.89,32.10,25.20,105,567
5:12:11,101659.33,2903.40,218404.89,32.10,25.20,113,570
5:13:12,92243.65,2880.36,216700.59,32.20,25.20,109,417
5:14:12,94010.30,2903.40,216700.59,32.30,25.20,100,487
5:15:13,91666.66,2880.36,217551.02,32.30,25.20,110,513
5:16:13,91444.44,2905.00,221030.92,32.40,25.20,30115,30668
5:17:14,92243.65,2903.40,224481.34,32.50,25.20,106,441
5:18:14,93556.70,2965.44,224583.34,32.40,25.20,107,596
5:19:15,88866.99,2926.65,220987.63,32.40,25.20,100,535
5:20:15,88215.68,2910.00,222314.08,32.40,25.20,98,375
5:21:16,87785.36,2915.00,220123.17,32.30,25.20,101,574
5:22:16,86096.16,2886.88,220576.11,32.30,25.10,99,563
5:23:17,84056.61,2852.58,215447.14,32.30,25.10,120,482
5:24:17,89970.15,2938.36,222727.30,32.00,25.10,110,473
5:25:18,89970.15,2926.65,218404.89,32.20,25.10,105,455
5:26:18,84663.51,2868.92,218404.89,32.30,25.10,104,580
5:27:18,83455.40,2916.63,224532.23,32.00,25.00,98,536
5:28:19,82194.45,2779.20,210843.36,32.20,25.10,99,487
5:29:19,84663.51,2938.36,226250.00,31.30,25.10,99,557
5:30:20,85684.21,2915.00,225363.83,32.20,25.00,91,683
5:31:20,90310.00,2963.68,228991.61,32.30,25.00,98,513
5:32:21,86724.64,2950.11,226250.00,32.60,25.10,96,743
5:33:21,86724.64,2961.93,229831.95,32.70,25.00,183,733
5:34:22,88323.52,2961.93,228033.48,32.80,25.00,100,645
5:35:22,86201.92,2985.71,228930.83,32.90,25.00,101,731
5:36:23,87785.36,2961.93,229831.95,33.00,25.00,97,572
5:37:23,88323.52,2985.71,227139.89,32.90,25.00,112,515
5:38:24,86201.92,2938.36,227139.89,32.90,24.90,101,566
5:39:24,84663.51,2961.93,224481.34,32.90,24.90,100,777
5:40:25,85684.21,2961.93,227139.89,32.90,24.90,100,503
5:41:25,86724.64,2938.36,227139.89,33.00,24.90,103,552
5:42:26,80767.13,2903.40,221855.70,33.00,25.00,103,696
5:43:26,79837.11,2938.36,218404.89,33.10,24.90,102,680
5:44:27,80767.13,2926.65,223602.50,33.20,24.90,96,571
5:45:27,78923.78,2915.00,216700.59,33.20,24.90,100,571
5:46:28,77537.79,2901.59,218930.02,33.20,24.90,100,569
5:47:28,75428.56,2880.36,215010.13,33.10,24.90,100,669
5:48:29,78026.68,2926.65,215853.64,33.20,24.90,99,650
5:49:29,78529.16,2918.26,218480.47,33.20,24.90,96,574
5:50:30,78375.01,2910.00,219712.50,33.20,24.90,102,814
5:51:30,75852.19,2903.40,217551.02,33.10,24.90,99,487
5:52:31,77928.90,2921.64,220576.11,33.20,24.90,101,534
5:53:31,79700.01,2919.91,218518.48,33.30,25.00,99,408
5:54:32,79081.09,2970.51,224116.44,33.10,24.90,97,499
5:55:32,76710.54,2926.65,221855.70,33.30,24.90,100,413
5:56:33,75333.33,2921.64,221443.28,33.30,24.90,95,478
5:57:33,76466.95,2962.12,225104.61,33.30,24.80,98,494
5:58:34,72962.02,2915.00,219262.27,33.40,24.90,95,370
5:59:34,69771.42,2898.41,222314.08,33.40,24.80,103,563
6:0:35,70999.99,2903.40,219262.27,33.40,24.80,94,576
6:1:35,70727.27,2911.62,223236.53,33.50,24.80,95,771
6:2:36,70909.09,2898.41,218852.44,33.60,24.90,92,446
6:3:36,69117.41,2857.53,213333.31,33.50,24.80,94,524
6:4:37,68023.99,2857.53,213333.31,33.60,24.80,92,705
6:5:37,70237.70,2891.85,215010.13,33.50,24.90,93,490
6:6:38,69487.80,2891.85,214170.03,33.40,24.90,87,685
6:7:38,68120.48,2888.44,218032.77,33.50,24.90,91,427
6:8:39,65571.98,2857.53,215010.13,33.40,24.90,92,587
6:9:39,64229.88,2903.40,213333.31,33.40,24.90,91,595
6:10:40,64229.88,2857.53,213333.31,33.50,24.90,89,718
6:11:40,69771.42,2921.64,220576.11,33.50,24.90,91,637
6:12:41,71385.89,2915.00,215010.13,33.40,24.80,115,472
6:13:41,75008.61,2915.00,215010.13,33.40,24.80,86,413
6:14:42,72962.02,2915.00,214170.03,33.50,24.80,95,479
6:15:42,71112.03,2900.00,216326.52,33.50,24.70,94,608
6:16:42,71385.89,2903.40,216700.59,33.60,24.80,102,755
6:17:43,71385.89,2915.00,215853.64,33.40,24.70,94,571
6:18:43,66258.83,2857.53,214170.03,33.60,24.70,103,480
6:19:44,65232.56,2880.36,215010.13,33.60,24.60,94,474
6:20:44,65062.02,2905.00,215885.92,33.80,24.70,102,523
6:21:45,64895.75,2880.36,217551.02,33.70,24.70,107,581
6:22:45,65914.06,2823.66,211670.00,33.50,24.70,158,608
6:23:46,65914.06,2903.40,214170.03,33.00,24.70,93,596
6:24:46,66172.55,2875.39,213765.17,33.30,24.80,111,775
6:25:47,62762.27,2825.06,210865.17,33.30,24.80,108,645
6:26:47,64145.59,2818.75,212929.28,33.10,24.80,110,534
6:27:48,68023.99,2915.00,215010.13,32.70,24.80,115,663
6:28:48,66956.52,2891.85,212500.00,33.20,24.70,109,689
6:29:49,66258.83,2915.00,215010.13,33.20,24.60,105,542
6:30:49,64561.54,2891.85,214170.03,33.30,24.60,101,483
6:31:50,66258.83,2903.40,220123.17,33.30,24.60,105,424
6:32:50,66873.02,2901.59,214663.94,33.30,24.60,98,477
6:33:51,66086.28,2905.00,218442.59,33.40,24.60,97,379
6:34:51,66258.83,2868.92,213333.31,33.30,24.60,94,709
6:35:52,68750.00,2846.19,215010.13,33.10,24.70,98,770
6:36:52,73364.40,2973.79,220987.63,32.30,24.70,98,607
6:37:53,76421.05,2982.45,226778.25,32.60,24.60,96,543
6:38:53,72563.02,2950.11,220123.17,32.80,24.60,94,556
6:39:54,73364.40,2961.93,222727.30,32.80,24.60,94,628
6:40:54,68750.00,2950.11,220987.63,33.00,24.60,97,685
6:41:55,68385.54,2938.36,220987.63,33.20,24.60,114,507
6:42:55,68023.99,2950.11,220123.17,33.00,24.60,104,587
6:43:56,70617.27,2973.79,221855.70,32.70,24.60,112,470
6:44:56,71774.99,2985.71,224481.34,33.00,24.50,99,543
6:45:57,73395.73,2977.37,223700.64,32.90,24.50,104,751
6:46:57,81137.62,3041.03,232135.33,32.60,24.50,118,501
6:47:58,83455.40,2999.54,225416.67,32.80,24.50,111,665
6:48:58,84160.38,3021.81,228930.83,32.60,24.30,111,603
6:49:59,86201.92,3058.41,225363.83,32.70,24.30,116,735
6:50:59,82092.60,3004.63,221443.28,32.80,24.30,107,688
6:52:0,88323.52,3021.81,222727.30,32.90,24.30,126,1048
6:53:0,82194.45,2997.69,221855.70,33.00,24.30,103,642
6:54:1,73770.20,2868.92,215853.64,33.10,24.20,106,498
6:55:1,82194.45,3009.72,223602.50,32.70,24.20,105,574
6:56:2,77145.38,2973.79,219262.27,33.20,24.20,106,628
6:57:2,74179.48,2961.93,221855.70,33.30,24.20,103,596
6:58:3,76710.54,3021.81,225363.83,33.20,24.20,118,638
6:59:3,73770.20,2973.79,220987.63,33.50,24.30,116,814
7:0:4,75756.52,2980.65,226722.34,33.50,24.20,94,845
7:1:4,74592.27,2997.69,223602.50,33.50,24.20,99,845
7:2:5,70999.99,2880.36,213333.31,33.60,24.30,97,695
7:3:5,70237.70,2880.36,212500.00,33.00,24.30,121,743
7:4:5,73364.40,2961.93,215010.13,33.20,24.30,98,540
7:5:6,71591.66,2905.00,215040.63,33.60,24.30,105,539
7:6:6,74309.01,2994.44,220618.55,33.30,24.30,99,766
7:7:7,77097.34,2984.26,222406.61,33.60,24.30,100,504
7:8:7,76614.05,2968.74,216293.27,33.90,24.30,98,432
7:9:8,83745.29,3001.39,221074.38,33.90,24.20,104,905
7:10:8,78473.22,2903.40,215853.64,33.80,24.20,99,939
7:11:9,86724.64,3021.81,220987.63,33.70,24.20,99,597
7:12:9,88216.75,3027.57,224634.67,34.30,24.10,90,652
7:13:10,85171.44,2985.71,212500.00,34.20,24.10,93,669
7:14:10,85171.44,2961.93,216700.59,34.10,24.10,93,445
7:15:11,94010.30,3033.95,223602.50,34.30,24.10,94,772
7:16:11,94010.30,2997.69,219262.27,34.30,24.10,96,640
7:17:12,84663.51,2880.36,216700.59,34.30,24.10,112,730
7:18:12,97712.76,3021.81,224481.34,34.00,24.00,126,950
7:19:13,92714.28,2898.41,217995.89,34.10,24.00,103,30957
7:20:13,93415.38,2891.85,215010.13,33.80,24.00,95,838
7:21:14,95486.90,2994.44,221487.59,33.70,24.00,92,792
7:22:14,89751.24,2791.56,223651.47,34.30,24.00,98,418
7:23:15,91666.66,2880.36,220987.63,32.80,24.00,93,816
7:24:15,98999.99,3009.72,224481.34,33.80,24.00,92,532
7:25:16,95218.74,2973.79,223602.50,34.40,24.00,93,577
7:26:16,102666.66,3067.61,229473.69,34.40,24.10,93,448
7:27:17,103731.83,3009.72,220987.63,34.80,24.10,93,806
7:28:17,84350.71,2742.73,200000.00,35.00,24.10,88,771
7:29:18,91666.66,2926.65,215010.13,32.80,24.10,92,735
7:30:18,94989.58,3035.90,221900.81,34.60,24.10,119,902
7:31:19,91095.48,2973.79,218404.89,35.00,24.10,97,588
7:32:19,94874.99,3018.60,219753.06,35.10,24.10,94,691
7:33:20,95717.27,3004.63,219712.50,35.10,24.10,93,484
7:34:20,95832.45,2880.36,217551.02,35.00,24.10,96,632
7:35:21,100983.59,3058.41,230736.84,33.80,24.10,91,447
7:36:21,106605.70,3009.72,218404.89,35.20,24.10,158,626
7:37:22,113999.97,3042.99,225887.28,35.50,24.10,94,736
7:38:22,101659.33,2961.93,217551.02,35.60,24.10,99,684
7:39:23,93189.74,2847.64,211693.55,35.40,24.00,90,653
7:40:23,88866.99,2973.79,216700.59,34.70,24.10,86,566
7:41:24,92131.98,2956.88,217142.84,35.50,24.10,100,614
7:42:24,95717.27,2992.61,218852.44,35.40,24.10,98,714
7:43:25,101296.69,3006.50,224116.44,35.50,24.10,102,738
7:44:25,105874.98,3021.81,219262.27,35.20,24.10,99,532
7:45:26,99654.04,2938.36,217551.02,35.40,24.10,107,661
7:46:26,113578.28,3046.15,223602.50,35.10,24.20,100,395
7:47:27,99535.13,2980.65,220576.11,35.80,24.20,96,682
7:48:27,103033.32,3021.81,219262.27,35.50,24.20,106,691
7:49:27,96497.34,3020.51,220661.14,35.70,24.20,101,606
7:50:28,95218.74,2997.69,218404.89,35.70,24.20,106,661
7:51:28,94611.40,2985.71,219262.27,35.70,24.30,96,732
7:52:29,89415.84,2985.71,217551.02,35.60,24.30,98,689
7:53:29,91555.55,2968.74,220576.11,35.40,24.40,91,453
7:54:30,85884.62,2946.79,224116.44,35.50,24.40,98,588
7:55:30,102342.53,3021.81,224481.34,34.40,24.50,100,743
7:56:31,97079.36,2973.79,215010.13,35.70,24.50,94,674
7:57:31,94611.40,2973.79,215010.13,35.70,24.50,94,560
7:58:32,100571.41,3073.76,220746.86,35.60,24.50,95,539
7:59:32,87252.43,2812.47,205148.52,35.70,24.50,98,689
8:0:33,84663.51,2903.40,211670.00,34.50,24.60,96,403
8:1:33,84559.24,2980.65,213765.17,35.40,24.60,106,499
8:2:34,89970.15,3021.81,217551.02,35.90,24.60,93,563
8:3:34,84160.38,2961.93,212500.00,35.90,24.60,97,557
8:4:35,75565.21,2786.67,208000.00,36.10,24.60,98,420
8:5:35,84160.38,2950.11,216700.59,34.40,24.60,107,649
8:6:36,82679.07,2846.19,217551.02,35.90,24.70,100,440
8:7:36,90530.00,2997.69,220987.63,35.20,24.70,97,614
8:8:37,109614.02,3070.73,221855.70,36.10,24.70,94,531
8:9:37,117788.78,3083.10,224481.34,36.00,24.70,103,408
8:10:38,129047.02,3095.53,232558.16,35.70,24.80,100,580
8:11:38,128040.05,3120.57,227139.89,35.90,24.80,99,482
8:12:39,125921.10,3041.03,229411.78,36.10,24.70,100,434
8:13:39,117788.78,3058.41,220987.63,36.00,24.70,106,387
8:14:40,121210.15,3028.84,226722.34,36.10,24.70,102,519
8:15:40,126065.84,3058.41,227139.89,36.00,24.80,98,345
8:16:41,113578.28,3046.15,225363.83,36.10,24.80,95,451
8:17:41,116925.89,2903.40,220987.63,36.20,24.80,85,600
8:18:42,121070.02,3048.13,225416.67,34.70,24.90,102,568
8:19:42,122269.19,3021.81,217551.02,35.50,24.90,96,432
8:20:43,129324.38,3069.65,225052.20,35.40,24.90,97,410
8:21:43,115231.68,2997.69,215853.64,35.20,24.90,96,678
8:22:44,118662.46,3021.81,219262.27,35.10,25.00,96,364
8:23:44,98999.99,2857.53,207569.72,35.40,25.00,110,639
8:24:45,103731.83,2926.65,219262.27,34.80,25.00,105,582
8:25:45,124142.81,3070.73,222727.30,33.70,25.10,103,552
8:26:46,121350.27,3046.15,220123.17,33.90,25.10,105,563
8:27:46,122128.16,3016.71,222314.08,33.80,25.20,100,493
8:28:47,122269.19,3046.15,221855.70,33.80,25.20,99,514
8:29:47,123199.95,3070.73,224481.34,33.70,25.20,101,432
8:30:48,122269.19,3058.41,222727.30,33.50,25.30,125,627
8:31:48,108848.82,2950.11,215853.64,33.20,25.30,111,625
8:32:48,121350.27,2973.79,215010.13,33.10,25.40,94,533
8:33:49,131102.09,3033.95,218404.89,32.00,25.40,98,645
8:34:49,128040.05,3046.15,219262.27,31.80,25.40,96,519
8:35:50,112766.44,2950.11,211670.00,31.80,25.40,98,655
8:36:50,121987.14,2928.31,208400.00,31.90,25.40,99,688
8:37:51,165183.36,3186.57,225416.67,30.80,25.50,97,671
8:38:51,137971.47,2901.59,207200.00,30.40,25.50,96,429
8:39:52,153828.16,3070.73,220123.17,30.00,25.50,95,771
8:40:52,141087.00,3021.81,220123.17,30.10,25.50,99,628
8:41:53,184477.08,3223.13,229831.95,30.20,25.50,104,623
8:42:53,144711.16,2997.69,219262.27,30.20,25.50,95,521
8:43:54,138757.19,3070.73,223602.50,30.60,25.50,106,722
8:44:54,132000.05,3028.84,220576.11,30.50,25.50,93,551
8:45:55,138757.19,3021.81,214170.03,30.30,25.60,68,442
8:46:55,127046.41,3009.72,214170.03,30.20,25.60,92,504
8:47:56,126463.53,3013.49,220206.17,30.20,25.70,93,584
8:48:56,106605.70,2903.40,210020.03,30.10,26.00,98,567
8:49:57,109999.98,2958.62,210462.77,29.60,26.60,101,786
8:50:57,125921.10,3016.71,215447.14,29.00,27.20,86,591
8:51:58,148500.03,3095.53,218404.89,28.20,27.80,91,733
8:52:58,139755.44,2992.61,213765.17,27.80,28.40,89,675
8:53:59,159500.03,3046.15,215010.13,27.40,28.90,94,598
8:54:59,133213.84,2950.11,209200.00,27.20,29.40,93,509
8:56:0,130067.62,2915.00,210843.36,26.80,29.70,91,465
8:57:0,142277.41,3021.81,215010.13,26.80,30.10,92,443
8:58:1,142116.81,3016.71,215447.14,26.60,30.50,88,628
8:59:1,124142.81,2926.65,205952.38,26.10,30.90,100,541
9:0:2,107344.80,2846.19,201176.48,25.90,31.20,87,396
9:1:2,113578.28,2868.92,206759.44,25.40,31.50,85,579
9:2:3,101659.33,2768.21,198054.48,25.10,31.80,80,733
9:3:3,106605.70,2915.00,207569.72,24.70,32.00,77,467
9:4:4,104903.93,2747.58,205158.73,24.70,32.10,81,524
9:5:4,116246.88,2960.37,211313.13,24.00,32.10,74,675
9:6:5,111171.57,2915.00,205952.38,24.30,31.90,72,528
9:7:5,103731.83,2834.90,204347.81,24.60,31.70,96,868
9:8:6,101856.34,2849.10,204365.08,24.90,31.40,87,805
9:9:6,97079.36,2846.19,201964.64,25.30,31.20,83,690
9:10:7,96452.63,2834.90,201964.64,25.40,30.90,91,692
9:11:7,105874.98,2857.53,201964.64,25.80,30.70,81,591
9:12:8,110388.21,2891.85,201964.64,26.10,30.50,89,447
9:13:8,87145.63,2656.16,193076.94,26.20,30.30,91,626
9:14:9,102666.66,2854.05,200785.86,26.10,30.20,82,773
9:15:9,104438.19,2834.90,198830.42,26.70,30.00,82,733
9:16:10,94010.30,2598.72,195744.69,26.50,29.90,91,660
9:17:10,116925.89,2790.24,204347.81,26.00,29.80,81,506
9:18:11,100315.20,2640.00,203550.28,26.40,29.70,85,765
9:19:11,116073.59,2880.36,204347.81,26.30,29.60,84,457
9:20:12,95218.74,2518.24,183146.09,27.10,29.50,87,522
9:21:12,107344.80,2834.90,202755.91,26.50,29.40,86,662
9:22:13,107344.80,2834.90,202755.91,27.10,29.40,84,590
9:23:13,108092.46,2857.53,209200.00,27.10,29.30,87,635
9:24:14,116073.59,2891.85,208383.23,27.10,29.40,86,643
9:25:14,132150.73,2938.36,207569.72,26.50,29.40,91,458
9:26:14,138757.19,2985.71,215853.64,26.60,29.30,88,426
9:27:15,121350.27,2891.85,210020.03,26.60,29.40,87,786
9:28:15,110911.22,2859.01,204356.44,26.80,29.40,92,763
9:29:16,107344.80,2868.92,204347.81,26.90,29.40,92,624
9:30:16,111171.57,2891.85,202755.91,26.60,29.40,30099,30440
9:31:17,111041.40,2886.88,203952.56,26.60,29.50,90,588
9:32:17,108848.82,2891.85,201964.64,26.60,29.60,97,622
9:33:18,103731.83,2857.53,200391.39,26.70,29.70,90,514
9:34:18,101296.69,2831.39,199217.23,26.60,29.70,93,799
9:35:19,97079.36,2790.24,195744.69,26.60,29.80,95,529
9:36:19,94010.30,2812.47,196511.64,26.40,29.90,91,653
9:37:20,113180.70,2854.05,203960.39,26.70,30.00,94,564
9:38:20,93415.38,2538.11,181716.44,26.10,29.90,94,822
9:39:21,106839.05,2737.89,198046.88,26.20,30.00,89,676
9:40:21,117788.78,2950.11,213333.31,26.40,30.00,98,658
9:41:22,145955.25,2997.69,214170.03,26.40,30.00,88,651
9:42:22,127046.41,2915.00,211670.00,26.30,29.90,90,582
9:43:23,129047.02,2868.92,206759.44,26.40,29.90,90,660
9:44:23,162475.44,3070.73,219262.27,26.40,29.80,87,702
9:45:24,132150.73,2915.00,208383.23,26.50,29.80,90,708
9:46:24,112766.44,2834.90,202755.91,26.60,29.80,89,442
9:47:25,133213.84,2834.90,204347.81,26.90,29.80,91,598
9:48:25,114399.97,2790.24,200391.39,27.00,29.90,92,281
9:49:26,113578.28,2834.90,201176.48,27.00,29.90,101,637
9:50:26,105152.52,2812.47,201176.48,27.10,29.90,96,702
9:51:27,99654.04,2801.33,199609.38,27.30,30.00,97,478
9:52:27,87785.36,2650.43,191954.03,27.40,30.00,104,697
9:53:28,90530.00,2768.21,195744.69,27.20,30.10,95,681
9:54:28,86724.64,2768.21,195744.69,27.30,30.10,107,629
9:55:29,89415.84,2801.33,199609.38,27.10,30.20,95,629
9:56:29,108848.82,2846.19,200391.39,27.00,30.30,93,606
9:57:30,99416.20,2813.84,199608.63,26.70,30.30,91,368
9:58:30,100315.20,2823.66,198054.48,26.60,30.30,91,673
9:59:31,91666.66,2790.24,198830.42,26.60,30.30,89,557
10:0:31,97712.76,2746.37,191954.03,26.60,30.40,93,662
10:1:32,85171.44,2692.61,190458.02,26.50,30.30,92,577
10:2:32,87785.36,2790.24,194980.70,26.60,30.40,89,574
10:3:33,90530.00,2779.20,191204.61,26.60,30.40,86,691
10:4:33,100983.59,2834.90,198054.48,26.50,30.40,90,694
10:5:34,91095.48,2746.37,193461.55,26.40,30.50,89,587
10:6:34,105874.98,2834.90,198054.48,26.50,30.50,96,899
10:7:35,95832.45,2779.20,190458.02,26.60,30.50,94,546
10:8:35,85368.42,2753.64,193063.58,26.50,30.50,92,477
10:9:36,83661.98,2746.37,193461.55,26.70,30.50,115,836
10:10:36,89970.15,2790.24,196511.64,26.70,30.50,96,696
10:11:37,97712.76,2834.90,197281.56,26.60,30.50,101,815
10:12:37,96452.63,2834.90,196511.64,26.60,30.50,84,366
10:13:38,98999.99,2801.33,193461.55,26.50,30.50,102,753
10:14:38,89415.84,2735.53,190458.02,26.40,30.50,85,671
10:15:39,86932.04,2731.87,192307.70,26.70,30.60,61,497
10:16:39,75428.56,2692.61,183146.09,26.80,30.60,84,643
10:17:40,67309.52,2629.61,179591.83,26.90,30.60,81,718
10:18:40,68385.54,2692.61,185310.75,26.80,30.70,81,564
10:19:41,77048.47,2730.70,190076.34,26.90,30.70,81,629
10:20:41,84160.38,2779.20,191954.03,26.30,30.70,82,564
10:21:42,102342.53,2801.33,208383.23,26.10,30.70,85,771
10:22:42,98352.93,2703.27,191954.03,25.50,30.70,84,730
10:23:43,117788.78,2834.90,200391.39,25.50,30.60,84,653
10:24:43,108092.46,2768.21,191204.61,25.30,30.60,78,753
10:25:44,105874.98,2768.21,194219.66,25.50,30.60,94,756
10:26:44,106605.70,2779.20,193461.55,25.70,30.60,111,1024
10:27:45,98999.99,2746.37,190458.02,25.90,30.60,81,467
10:28:45,102220.98,2785.37,193834.30,26.10,30.60,79,621
10:29:46,84160.38,2692.61,187500.00,26.10,30.60,86,843
10:30:46,88866.99,2757.27,188973.39,26.20,30.70,82,799
10:31:47,82679.07,2692.61,186037.73,26.00,30.70,122,645
10:32:47,74724.13,2646.65,178478.66,26.10,30.70,98,804
10:33:48,71774.99,2660.91,181005.59,26.30,30.60,83,686
10:34:48,66956.52,2629.61,181005.59,26.20,30.70,94,853
10:35:49,72962.02,2682.00,188235.31,26.40,30.70,86,547
10:36:49,95218.74,2846.19,194219.66,26.30,30.70,83,528
10:37:50,97712.76,2703.27,187500.00,25.90,30.80,86,717
10:38:50,100983.59,2768.21,191954.03,26.00,30.80,81,878
10:39:51,105874.98,2779.20,194219.66,26.00,30.80,83,858
10:40:51,98999.99,2768.21,193461.55,26.10,30.80,85,473
10:41:51,95642.10,2745.13,192278.00,26.00,30.80,84,624
10:42:52,91555.55,2687.83,187855.80,26.20,30.80,81,595
10:43:52,83065.43,2677.22,182771.56,26.30,30.80,98,804
10:44:53,77584.08,2692.61,182429.92,26.20,30.90,88,624
10:45:53,71499.99,2678.26,182022.50,26.10,30.90,90,608
10:46:54,66956.52,2629.61,178188.52,26.20,30.90,89,675
10:47:54,103363.11,2842.70,194584.14,26.20,30.90,86,768
10:48:55,84160.38,2660.91,184586.48,25.70,30.90,89,652
10:49:55,78923.78,2650.43,183864.92,25.80,30.90,104,486
10:50:56,71591.66,2599.57,178849.72,25.90,30.90,89,557
10:51:56,74592.27,2671.43,181716.44,26.00,30.90,93,828
10:52:57,71385.89,2629.61,183146.09,26.10,30.90,93,758
10:53:57,74592.27,2660.91,183864.92,26.20,30.90,85,738
10:54:58,69861.22,2629.61,180297.38,26.60,31.00,88,669
10:55:58,100315.20,2768.21,191954.03,26.60,31.00,93,613
10:56:59,89970.15,2703.27,187500.00,26.40,31.00,102,716
10:57:59,84160.38,2660.91,184586.48,26.50,31.00,90,487
10:59:0,82679.07,2640.00,185310.75,26.50,31.00,116,797
11:0:0,78026.68,2650.43,181716.44,26.50,31.00,144,1640
11:1:1,78026.68,2735.53,192706.33,26.40,31.00,86,1047
11:2:1,77584.08,2692.61,183864.92,26.60,31.10,90,813
11:3:2,70237.70,2650.43,183864.92,26.70,31.00,475,5223
11:4:2,61355.56,2498.54,173357.66,26.80,31.00,362,4946
11:5:3,59840.00,2578.34,169314.06,26.70,31.00,110,2039
11:6:3,60742.66,2598.72,176102.92,26.50,31.00,111,1449
11:7:4,68385.54,2488.75,168648.64,26.50,31.00,99,797
11:8:4,66956.52,2578.34,175412.84,26.30,31.00,117,1153
11:9:5,70237.70,2629.61,176795.58,26.40,31.00,92,696
11:10:5,67935.99,2677.22,184210.55,26.40,31.10,192,3725
11:11:6,75008.61,2650.43,181005.59,26.40,31.10,90,1156
11:12:6,74497.84,2656.16,184934.09,26.30,31.10,98,931
11:13:7,67665.34,2518.24,176795.58,26.40,31.10,111,1000
11:14:7,72167.35,2650.43,181005.59,26.40,31.10,92,609
11:15:8,75428.56,2660.91,181005.59,26.50,31.10,91,534
11:16:8,76710.54,2660.91,178888.88,26.50,31.10,94,864
11:17:9,73364.40,2650.43,174040.20,26.60,31.10,92,519
11:18:9,80767.13,2660.91,178888.88,26.60,31.10,97,585
11:19:10,85684.21,2682.00,184586.48,26.80,31.10,97,712
11:20:10,83661.98,2671.43,183146.09,26.80,31.10,90,610
11:21:11,94611.40,2713.97,188235.31,26.90,31.10,155,652
11:22:11,98999.99,2746.37,190458.02,26.80,31.10,92,450
11:23:12,110388.21,2779.20,194219.66,26.90,31.10,108,629
11:24:12,98999.99,2619.27,169314.06,27.10,31.10,93,731
11:25:13,74592.27,2528.15,170652.16,27.10,31.10,94,900
11:26:13,88758.62,2687.83,183489.69,26.90,31.20,91,685
11:27:14,103731.83,2713.97,190458.02,26.70,31.10,97,761
11:28:14,119547.13,2834.90,190458.02,26.50,31.10,91,654
11:29:15,108848.82,2735.53,186767.50,26.20,31.10,92,490
11:30:15,97079.36,2692.61,181716.44,26.40,31.10,91,565
11:31:16,90200.00,2710.28,187096.80,26.60,31.10,113,676
11:32:16,98999.99,2703.27,184586.48,26.80,31.10,95,476
11:33:17,109485.36,2774.34,191570.89,26.80,31.00,97,820
11:34:17,136493.00,2868.92,197281.56,26.50,31.10,90,716
11:35:18,122774.15,2753.64,192307.70,26.50,31.10,90,799
11:36:18,105152.52,2650.43,183864.92,26.70,31.00,89,699
11:37:19,100622.94,2688.89,180597.00,26.60,31.00,87,744
11:38:19,88215.68,2687.83,176427.25,26.70,31.00,98,914
11:39:20,108848.82,2812.47,188235.31,26.70,31.00,89,527
11:40:20,93076.92,2721.05,181308.39,26.70,31.00,92,670
11:41:21,87252.43,2548.10,177490.75,26.70,31.00,91,602
11:42:21,103033.32,2779.20,190458.02,26.30,31.10,89,1005
11:43:22,85171.44,2365.11,169981.91,26.50,31.10,101,635
11:44:22,126065.84,2846.19,195744.69,26.20,31.10,95,863
11:45:23,121705.09,2781.78,192678.23,26.30,31.00,87,758
11:46:23,110388.21,2746.37,186037.73,26.40,31.00,106,711
11:47:24,90530.00,2598.72,180297.38,26.60,31.00,83,641
11:48:24,133213.84,2903.40,194980.70,26.70,31.00,96,798
11:49:25,88323.52,2598.72,175412.84,26.10,30.90,95,897
11:50:25,91095.48,2703.27,183146.09,26.30,30.90,30111,30657
11:51:26,85684.21,2660.91,180297.38,26.50,30.90,98,586
11:52:26,104438.19,2757.27,185310.75,27.00,31.00,108,717
11:53:27,94497.41,2698.47,179220.77,26.90,31.00,94,599
11:54:27,95832.45,2692.61,182429.92,26.90,31.00,95,776
11:55:28,83661.98,2629.61,180297.38,26.80,31.00,97,768
11:56:28,101538.45,2763.36,191570.89,26.80,31.00,95,812
11:57:29,124142.81,2834.90,194980.70,26.80,31.00,89,591
11:58:29,115231.68,2724.73,185310.75,26.80,31.10,92,790
11:59:30,115231.68,2713.97,184586.48,26.80,31.10,95,699
12:0:30,106102.84,2737.89,188931.30,26.80,31.10,93,531
12:1:31,100315.20,2692.61,181716.44,26.80,31.10,93,621
12:2:31,81308.76,2579.96,178107.59,27.00,31.10,94,730
12:3:32,87252.43,2650.43,180297.38,27.10,31.20,95,562
12:4:32,100983.59,2713.97,183864.92,27.00,31.20,94,412
12:5:33,78026.68,2479.00,175412.84,27.00,31.20,92,628
12:6:33,69487.80,2479.00,173357.66,26.70,31.30,133,610
12:7:34,89306.93,2624.89,188593.17,26.60,31.30,99,700
12:8:34,100983.59,2779.20,188973.39,26.30,31.30,102,409
12:9:35,86724.64,2640.00,182429.92,26.30,31.20,105,879
12:10:35,105874.98,2790.24,186767.50,26.60,31.20,142,987
12:11:36,126065.84,2823.66,197281.56,26.80,31.20,93,575
12:12:36,116925.89,2790.24,190458.02,26.90,31.30,102,621
12:13:37,97595.73,2687.83,181343.31,27.00,31.20,103,634
12:14:37,86724.64,2619.27,185310.75,26.80,31.20,107,503
12:15:38,119547.13,2790.24,188235.31,26.80,31.30,95,591
12:16:38,126463.53,2849.10,195728.16,26.90,31.30,95,869
12:17:39,108092.46,2746.37,183864.92,26.90,31.30,168,933
12:18:39,105874.98,2724.73,183146.09,27.00,31.30,105,536
12:19:40,107344.80,2735.53,185310.75,27.00,31.30,100,653
12:20:40,131102.09,2823.66,190458.02,26.70,31.40,113,30842
12:21:41,116925.89,2746.37,186037.73,26.60,31.40,113,541
12:22:41,91666.66,2713.97,183864.92,26.60,31.40,107,622
12:23:42,115231.68,2834.90,193461.55,26.70,31.40,104,714
12:24:42,88758.62,2553.49,171636.36,26.30,31.40,103,643
12:25:43,129047.02,2926.65,194980.70,26.40,31.40,99,563
12:26:43,124522.83,2906.61,201972.38,25.90,31.40,98,576
12:27:44,131102.09,2903.40,195744.69,25.90,31.40,99,684
12:28:44,121350.27,2801.33,188973.39,25.90,31.40,115,729
12:29:45,123199.95,2834.90,191204.61,25.90,31.40,100,637
12:30:45,111571.40,2753.64,192307.70,26.00,31.40,110,618
12:31:45,117515.49,2825.06,191938.58,25.90,31.40,93,341
12:32:46,112634.70,2807.57,193834.30,25.70,31.40,102,689
12:33:46,84663.51,2498.54,175412.84,26.00,31.40,103,472
12:34:47,95832.45,2703.27,184586.48,26.10,31.40,100,457
12:35:47,78026.68,2411.89,170652.16,26.20,31.40,133,688
12:36:48,71385.89,2629.61,172000.00,26.20,31.40,99,392
12:37:48,77733.34,2667.68,180597.00,26.40,31.50,102,463
12:38:49,84350.71,2688.89,180597.00,26.20,31.50,104,428
12:39:49,116073.59,2857.53,194219.66,26.10,31.50,98,615
12:40:50,116925.89,2801.33,191204.61,26.20,31.50,101,417
12:41:50,115231.68,2801.33,191204.61,26.10,31.50,98,648
12:42:51,118662.46,2823.66,196511.64,26.10,31.50,92,427
12:43:51,120443.00,2834.90,194219.66,26.30,31.50,97,786
12:44:52,113578.28,2801.33,189714.30,26.50,31.50,96,609
12:45:52,108092.46,2703.27,182429.92,26.60,31.60,96,644
12:46:53,106965.49,2710.28,184905.67,26.50,31.60,98,668
12:47:53,116382.68,2781.78,193436.30,26.40,31.60,126,803
12:48:54,119886.04,2781.78,189674.97,26.50,31.60,94,724
12:49:54,132150.73,2834.90,194980.70,26.60,31.60,108,630
12:50:55,124142.81,2724.73,189714.30,26.60,31.60,95,357
12:51:55,135873.28,2849.10,194197.30,26.50,31.60,95,481
12:52:56,139913.70,2880.36,196511.64,26.60,31.60,98,589
12:53:56,128040.05,2768.21,186767.50,26.40,31.60,98,631
12:54:57,131102.09,2823.66,189714.30,26.40,31.60,114,669
12:55:57,129047.02,2846.19,195744.69,26.10,31.70,92,305
12:56:58,115231.68,2790.24,189714.30,26.10,31.60,93,702
12:57:58,121350.27,2834.90,191954.03,26.10,31.70,95,587
12:58:59,100983.59,2640.00,178888.88,26.10,31.80,85,789
12:59:59,98235.28,2624.89,184934.09,26.00,31.80,87,691
13:1:0,131102.09,2891.85,194980.70,25.80,31.80,87,647
13:2:0,134291.70,2779.20,190458.02,25.60,31.80,86,484
13:3:1,149801.56,2880.36,191954.03,25.70,31.70,87,461
13:4:1,132150.73,2801.33,190458.02,25.80,31.60,79,550
13:5:2,108465.09,2636.21,182739.22,26.00,31.70,82,476
13:6:2,126065.84,2746.37,191954.03,25.90,31.70,87,510
13:7:3,122269.19,2692.61,188973.39,25.70,31.70,86,378
13:8:3,131102.09,2834.90,192706.33,25.80,31.70,100,734
13:9:4,133213.84,2812.47,191954.03,26.00,31.60,92,519
13:10:4,117788.78,2713.97,188235.31,26.00,31.70,84,721
13:11:5,103731.83,2682.00,184586.48,26.10,31.70,84,638
13:12:5,118662.46,2768.21,188235.31,26.10,31.70,98,614
13:13:6,112766.44,2768.21,188973.39,25.90,31.80,110,600
13:14:6,104438.19,2713.97,183146.09,26.00,31.80,98,852
13:15:7,88866.99,2660.91,182429.92,26.20,31.80,85,788
13:16:7,85684.21,2619.27,179591.83,26.10,31.80,145,549
13:17:8,80300.01,2383.71,167985.61,25.90,31.80,88,30602
13:18:8,104314.59,2763.36,187855.80,25.80,31.90,86,644
13:19:9,108848.82,2768.21,184586.48,26.00,31.90,92,586
13:20:9,98117.63,2747.58,183114.45,26.10,31.90,93,537
13:21:10,78473.22,2682.00,177490.75,26.10,31.90,92,609
13:22:10,75852.19,2703.27,181716.44,26.10,31.90,95,528
13:23:11,87248.78,2765.85,184877.14,26.30,32.00,92,587
13:24:11,86932.04,2564.33,180597.00,26.10,32.00,93,557
13:25:12,95832.45,2746.37,188235.31,25.80,32.10,97,732
13:26:12,94010.30,2757.27,187500.00,25.80,32.00,97,350
13:27:13,81238.54,2660.91,177490.75,26.00,32.00,119,694
13:28:13,103731.83,2846.19,193461.55,26.10,32.00,102,466
13:29:14,165550.02,2985.71,201964.64,25.70,32.10,102,326
13:30:14,162475.44,2985.71,199609.38,25.50,32.00,103,451
13:31:15,153828.16,2961.93,197281.56,25.40,32.00,112,538
13:32:15,116925.89,2660.91,185310.75,25.60,32.00,99,631
13:33:16,145462.72,2911.62,194584.14,25.50,31.90,102,602
13:34:16,147218.08,2846.19,192706.33,25.70,31.90,101,380
13:35:17,128040.05,2768.21,190458.02,26.10,32.00,110,535
13:36:17,109614.02,2713.97,183864.92,26.10,32.00,106,593
13:37:18,97595.73,2614.56,178518.50,26.20,32.00,97,471
13:38:18,100983.59,2768.21,186037.73,26.00,32.00,100,437
13:39:19,95218.74,2650.43,182429.92,26.00,32.10,96,478
13:40:19,132150.73,2880.36,193461.55,25.80,32.10,98,319
13:41:20,117378.84,2678.26,187096.80,25.60,32.10,99,358
13:42:20,118662.46,2801.33,187500.00,25.60,32.10,108,456
13:43:21,101296.69,2544.19,174999.98,25.80,32.10,100,348
13:44:21,94611.40,2703.27,181005.59,25.90,32.10,97,582
13:45:22,82679.07,2671.43,174725.27,25.90,32.10,105,465
13:46:22,91666.66,2660.91,178188.52,25.80,32.20,98,513
13:47:23,91095.48,2671.43,181716.44,25.70,32.20,104,423
13:48:23,113578.28,2823.66,190458.02,25.70,32.20,100,420
13:49:24,108092.46,2790.24,184586.48,25.50,32.20,105,716
13:50:24,102342.53,2735.53,189714.30,25.80,32.30,105,512
13:51:25,101538.45,2553.49,161769.92,25.80,32.30,118,514
13:52:25,91095.48,2469.29,174725.27,25.60,32.30,104,688
13:53:26,115231.68,2790.24,189714.30,25.50,32.40,102,485
13:54:26,105874.98,2558.14,178888.88,25.50,32.30,102,397
13:55:27,115668.68,2797.77,187832.72,25.60,32.40,103,538
13:56:27,109614.02,2779.20,181716.44,25.60,32.30,101,659
13:57:28,98352.93,2703.27,180297.38,25.60,32.40,113,746
13:58:28,104531.05,2700.66,182706.78,25.70,32.40,98,572
13:59:29,111964.26,2588.51,179591.83,25.70,32.50,102,216
14:0:29,122269.19,2801.33,187500.00,25.50,32.50,96,524
14:1:30,113578.28,2640.00,178188.52,25.40,32.50,105,374
14:2:30,100983.59,2671.43,175412.84,25.40,32.50,98,441
14:3:31,97079.36,2692.61,175412.84,25.50,32.50,111,518
14:4:31,105152.52,2713.97,180297.38,25.60,32.50,103,597
14:5:32,100983.59,2724.73,179591.83,25.70,32.50,106,491
14:6:32,130067.62,2868.92,187500.00,25.50,32.50,177,602
14:7:33,144711.16,2823.66,187500.00,25.30,32.50,100,482
14:8:33,156619.08,2868.92,189714.30,25.50,32.50,106,510
14:9:34,119547.13,2703.27,178888.88,25.60,32.60,106,530
14:10:34,93415.38,2671.43,172000.00,25.60,32.60,99,553
14:11:35,78026.68,2538.11,164056.95,25.60,32.60,99,392
14:12:35,79378.39,2578.34,167324.95,25.40,32.60,103,660
14:13:36,75428.56,2650.43,173357.66,25.40,32.70,98,620
14:14:36,75047.61,2662.91,174632.34,25.30,32.70,95,419
14:15:37,73364.40,2660.91,172000.00,25.20,32.70,95,936
14:16:37,82679.07,2757.27,183146.09,25.20,32.70,92,466
14:17:38,86201.92,2692.61,177490.75,25.00,32.80,96,623
14:18:38,74592.27,2337.50,152151.48,24.90,32.70,101,520
14:19:39,69967.21,2200.00,148122.86,25.00,32.80,93,805
14:20:39,77389.39,2365.45,167927.92,25.00,32.90,96,525
14:21:40,83065.43,2656.16,175735.28,24.90,32.90,92,539
14:22:40,72962.02,2629.61,172677.58,25.10,32.90,93,1019
14:23:41,68750.00,2328.37,157068.08,25.30,32.90,87,813
14:24:41,70617.27,2558.14,172677.58,25.40,32.90,91,746
14:25:42,86201.92,2682.00,178188.52,25.40,32.90,30106,30776
14:26:42,102342.53,2746.37,181716.44,25.40,32.90,91,476
14:27:43,107965.30,2752.42,182771.56,25.50,32.90,91,569
14:28:43,110388.21,2757.27,183146.09,25.60,33.00,83,650
14:29:44,110258.80,2677.22,180633.14,25.70,33.00,103,574
14:30:44,109485.36,2698.47,182056.09,25.40,32.90,91,517
14:31:45,97595.73,2698.47,181343.31,25.70,33.00,88,588
14:32:45,128040.05,2880.36,191204.61,25.70,33.00,95,818
14:33:46,110388.21,2692.61,181716.44,25.40,33.00,118,794
14:34:46,124142.81,2846.19,189714.30,25.30,33.00,93,786
14:35:47,128040.05,2812.47,190458.02,25.20,33.00,87,541
14:36:47,147218.08,2961.93,192706.33,25.30,33.00,93,791
14:37:48,130067.62,2779.20,190458.02,25.40,33.00,96,691
14:38:48,132150.73,2779.20,186037.73,25.00,32.90,96,614
14:39:49,105624.98,2725.88,179553.89,25.10,32.90,87,703
14:40:49,97712.76,2724.73,180297.38,25.70,33.00,91,514
14:41:50,93076.92,2625.81,177777.77,25.90,33.00,100,590
14:42:50,114399.97,2757.27,186037.73,25.90,33.00,100,533
14:43:51,111171.57,2692.61,181716.44,26.10,33.10,117,556
14:44:51,114399.97,2746.37,178888.88,25.80,33.10,93,621
14:45:52,94874.99,2625.81,177777.77,25.70,33.10,91,659
14:46:52,137617.06,2880.36,188973.39,25.70,33.10,96,481
14:47:53,122269.19,2768.21,186767.50,25.00,33.10,97,875
14:48:53,95218.74,2450.00,168648.64,25.10,33.10,96,480
14:49:54,91908.63,2455.60,172262.77,25.10,33.10,98,569
14:50:54,133833.38,2923.29,194584.14,25.00,33.20,97,394
14:51:55,121350.27,2598.72,174040.20,24.60,33.10,105,611
14:52:55,134291.70,2823.66,190458.02,24.80,33.10,107,629
14:53:56,145955.25,2868.92,191204.61,24.70,33.10,99,557
14:54:56,121350.27,2801.33,186037.73,24.80,33.10,116,626
14:55:57,118662.46,2779.20,184586.48,25.00,33.10,108,638
14:56:57,118662.46,2713.97,181005.59,25.30,33.10,102,563
14:57:58,96846.55,2589.34,175367.64,25.60,33.10,114,631
14:58:58,97882.34,2716.23,180934.56,25.60,33.10,99,556
14:59:59,128040.05,2857.53,198054.48,25.60,33.10,102,696
15:0:59,125098.09,2801.33,188235.31,25.50,33.10,104,642
15:2:0,122269.19,2801.33,188235.31,25.50,33.10,108,680
15:3:0,120443.00,2812.47,186767.50,25.60,33.10,105,756
15:4:1,106605.70,2768.21,184586.48,25.80,33.10,116,455
15:5:1,128040.05,2891.85,197281.56,25.90,33.10,105,442
15:6:2,144711.16,2857.53,191204.61,25.80,33.10,107,579
15:7:2,165550.02,2938.36,192706.33,25.50,33.10,101,582
15:8:3,135384.66,2846.19,188973.39,25.40,33.10,103,469
15:9:3,143485.33,2834.90,188973.39,25.50,33.10,110,577
15:10:4,148333.38,2818.75,190076.34,25.50,33.10,107,796
15:11:4,153828.16,2801.33,189714.30,25.30,33.10,113,758
15:12:5,180162.19,3030.77,201574.80,25.40,33.10,107,661
15:13:5,156444.48,2730.70,167625.91,25.30,33.10,108,783
15:14:6,109614.02,2498.54,178188.52,25.40,33.00,97,544
15:15:6,132150.73,2746.37,193461.55,25.80,33.10,98,469
15:16:7,137617.06,2768.21,187500.00,26.00,33.10,98,520
15:17:7,129047.02,2746.37,183864.92,26.10,33.10,109,680
15:18:8,132150.73,2768.21,186037.73,26.20,33.10,103,468
15:19:8,99654.04,2393.06,167985.61,26.10,33.10,101,564
15:20:9,130067.62,2801.33,188235.31,26.00,33.10,99,702
15:21:9,136493.00,2834.90,187500.00,26.00,33.20,30143,30587
15:22:10,103033.32,2430.86,171324.84,26.10,33.20,102,665
15:23:10,135384.66,2846.19,191204.61,26.10,33.20,102,618
15:24:11,159500.03,2950.11,191204.61,25.80,33.20,101,655
15:25:11,180756.78,3009.72,197281.56,25.70,33.20,104,618
15:26:12,178946.44,2926.65,194219.66,25.50,33.20,103,606
15:27:12,161573.80,2855.53,192292.88,25.70,33.20,102,495
15:28:13,144711.16,2768.21,186037.73,25.70,33.20,98,451
15:29:13,121350.27,2450.00,174040.20,25.60,33.20,113,778
15:30:14,186388.91,3046.15,205952.38,25.60,33.20,30162,30797
15:31:14,175421.08,2973.79,195744.69,25.50,33.20,97,739
15:32:15,143485.33,2834.90,187500.00,25.50,33.20,94,762
15:33:15,200613.86,2921.64,201571.72,25.80,33.20,96,670
15:34:16,161934.45,2865.46,190804.61,25.70,33.20,100,518
15:35:16,158048.03,2834.90,188973.39,25.90,33.20,96,419
15:36:17,141087.00,2801.33,188973.39,25.90,33.20,101,423
15:37:17,182000.02,3006.50,196887.17,25.90,33.20,102,394
15:38:18,181200.02,2914.87,196101.38,25.60,33.20,123,518
15:39:18,180756.78,2938.36,198054.48,25.60,33.10,97,30656
15:40:18,175421.08,2915.00,196511.64,25.90,33.10,98,458
15:41:19,155212.64,2801.33,190458.02,25.90,33.20,97,417
15:42:19,142116.81,2785.37,185660.39,25.90,33.20,96,552
15:43:20,132150.73,2790.24,186037.73,26.10,33.20,92,512
15:44:20,134291.70,2724.73,185310.75,25.90,33.20,134,554
15:45:21,153828.16,2926.65,191204.61,25.90,33.20,97,721
15:46:21,108092.46,2310.22,164705.89,26.10,33.30,88,729
15:47:22,120443.00,2703.27,181716.44,25.90,33.30,92,819
15:48:22,139755.44,2841.26,189333.34,25.80,33.30,99,757
15:49:23,141087.00,2790.24,186767.50,25.90,33.30,87,611
15:50:23,163818.20,2829.98,193076.94,26.00,33.30,91,655
15:51:24,147218.08,2757.27,187500.00,25.90,33.40,90,597
15:52:24,135384.66,2746.37,183146.09,25.90,33.40,99,718
15:53:25,134291.70,2757.27,184586.48,25.90,33.40,86,331
15:54:25,114399.97,2682.00,181005.59,25.90,33.50,92,720
15:55:26,108848.82,2703.27,179591.83,25.90,33.50,81,824
15:56:26,94010.30,2355.87,160211.28,25.90,33.50,85,618
15:57:27,108092.46,2682.00,180297.38,25.80,33.60,85,593
15:58:27,110258.80,2677.22,182771.56,25.70,33.60,88,619
15:59:28,122774.15,2764.60,184180.80,25.60,33.60,93,620
16:0:28,160260.20,2871.95,191923.09,25.50,33.60,86,803
16:1:29,175421.08,2950.11,194980.70,25.50,33.60,92,610
16:2:29,132758.67,2388.96,162344.59,25.40,33.60,96,666
16:3:30,115231.68,2682.00,178188.52,25.40,33.60,96,723
16:4:30,109614.02,2703.27,178188.52,25.50,33.60,89,751
16:5:31,101659.33,2703.27,181005.59,25.50,33.70,94,498
16:6:31,129047.02,2834.90,188235.31,25.40,33.70,99,894
16:7:32,110388.21,2598.72,176795.58,25.40,33.70,95,664
16:8:32,111171.57,2588.51,180297.38,25.40,33.70,95,552
16:9:33,137617.06,2768.21,184586.48,25.30,33.70,92,788
16:10:33,139913.70,2757.27,183864.92,25.30,33.60,105,616
16:11:34,121350.27,2498.54,161484.09,25.50,33.60,97,551
16:12:34,116925.89,2608.97,180297.38,25.50,33.70,96,409
16:13:35,124142.81,2703.27,178888.88,25.30,33.70,97,558
16:14:35,106605.70,2692.61,177490.75,25.30,33.70,112,695
16:15:36,105874.98,2660.91,174040.20,25.40,33.70,95,648
16:16:36,129026.97,2789.29,184848.50,25.50,33.70,94,613
16:17:37,141087.00,2857.53,191954.03,25.40,33.80,96,368
16:18:37,168728.83,2938.36,189714.30,25.10,33.80,95,573
16:19:38,116073.59,2660.91,174725.27,24.90,33.80,101,545
16:20:38,115231.68,2498.54,173357.66,25.10,33.70,100,627
16:21:39,94010.30,2421.35,166666.67,25.00,33.80,114,612
16:22:39,100315.20,2757.27,183864.92,25.20,33.80,101,606
16:23:40,82679.07,2402.45,165357.14,25.10,33.80,102,356
16:24:40,83168.23,2508.37,169981.91,25.20,33.80,101,660
16:25:41,103033.32,2488.75,174040.20,25.00,33.80,114,637
16:26:41,147218.08,2938.36,193461.55,24.80,33.80,108,597
16:27:42,119547.13,2608.97,176795.58,24.70,33.80,101,505
16:28:42,125631.53,2786.67,182739.22,24.90,33.80,111,348
16:29:43,126065.84,2834.90,182429.92,25.00,33.70,113,723
16:30:43,126065.84,2801.33,183146.09,25.00,33.80,102,470
16:31:44,121210.15,2785.37,183489.69,25.00,33.80,112,679
16:32:44,105152.52,2528.15,170652.16,24.80,33.80,104,601
16:33:45,134769.28,2781.78,185984.86,24.70,33.80,98,824
16:34:45,212437.48,3083.10,205148.52,24.60,33.80,101,551
16:35:46,176584.09,2946.79,194584.14,24.30,33.80,101,595
16:36:46,158048.03,2868.92,190458.02,24.50,33.80,95,636
16:37:47,177168.16,2891.85,196511.64,24.70,33.70,90,831
16:38:47,165550.02,2834.90,187500.00,24.70,33.80,113,870
16:39:48,147218.08,2768.21,187500.00,24.70,33.80,96,669
16:40:48,143485.33,2757.27,183864.92,24.70,33.80,104,727
16:41:49,113578.28,2402.45,155208.34,24.80,33.80,97,535
16:42:49,92826.52,2568.22,168648.64,24.90,33.80,125,759
16:43:50,82194.45,2588.51,168648.64,25.10,33.80,107,816
16:44:50,77145.38,2558.14,170652.16,25.20,33.90,99,581
16:45:51,87252.43,2660.91,177490.75,25.30,33.90,98,545
16:46:51,84663.51,2365.11,161484.09,25.50,34.00,148,952
16:47:52,78923.78,2528.15,169314.06,25.50,34.00,96,765
16:48:52,72962.02,2588.51,165357.14,25.40,34.00,95,619
16:49:53,83168.23,2640.00,175412.84,25.50,34.10,122,789
16:50:53,84663.51,2548.10,171324.84,25.20,34.10,100,684
16:51:54,132150.73,2880.36,186767.50,25.20,34.10,96,410
16:52:54,131102.09,2790.24,188235.31,24.90,34.00,98,748
16:53:55,135384.66,2801.33,187500.00,25.00,34.10,97,398
16:54:55,127893.38,2752.42,184934.09,25.30,34.00,118,589
16:55:56,116925.89,2703.27,180297.38,25.30,34.10,94,512
16:56:56,108848.82,2660.91,181716.44,25.20,34.00,93,402
16:57:57,117788.78,2703.27,181005.59,25.20,34.10,94,478
16:58:57,127600.05,2742.73,182739.22,25.10,34.10,101,652
16:59:58,119547.13,2724.73,179591.83,25.10,34.10,97,742
17:0:58,114399.97,2650.43,176795.58,25.00,34.10,98,747
17:1:59,92243.65,2374.39,164705.89,25.10,34.10,93,619
17:2:59,95218.74,2421.35,168648.64,25.20,34.10,92,380
17:4:0,91666.66,2450.00,173357.66,25.10,34.10,95,565
17:5:0,110388.21,2713.97,182429.92,25.20,34.10,100,876
17:6:1,94010.30,2421.35,169314.06,25.10,34.10,118,847
17:7:1,99178.37,2356.50,167207.20,25.10,34.10,93,389
17:8:2,130952.43,2796.44,189333.34,25.00,34.10,101,508
17:9:2,126065.84,2735.53,185310.75,25.00,34.10,86,464
17:10:3,125098.09,2768.21,183864.92,25.20,34.10,83,688
17:11:3,127600.05,2731.87,182739.22,25.10,34.10,88,591
17:12:4,128040.05,2757.27,184586.48,25.10,34.10,86,474
17:13:4,127046.41,2735.53,178888.88,25.10,34.10,86,459
17:14:5,121210.15,2687.83,183489.69,25.00,34.10,89,618
17:15:5,133062.11,2709.17,181343.31,25.20,34.10,93,650
17:16:6,131849.36,2758.50,180260.70,25.10,34.10,91,649
17:17:6,104067.40,2678.26,172943.31,25.10,34.10,90,787
17:18:7,105152.52,2703.27,177490.75,25.10,34.10,89,574
17:19:7,110388.21,2724.73,180297.38,25.10,34.20,90,590
17:20:8,122269.19,2746.37,183146.09,24.90,34.20,108,850
17:21:8,115231.68,2588.51,172000.00,24.70,34.20,88,984
17:22:9,107344.80,2629.61,176102.92,24.60,34.20,82,484
17:23:9,119547.13,2735.53,181716.44,24.60,34.20,104,710
17:24:10,95989.47,2265.74,149571.19,24.40,34.20,98,1024
17:25:10,99535.13,2635.27,177818.83,24.70,34.20,98,571
17:26:11,122269.19,2812.47,185310.75,24.50,34.20,86,629
17:27:11,117788.78,2768.21,181005.59,24.30,34.20,89,942
17:28:12,102342.53,2650.43,175412.84,24.30,34.20,87,651
17:29:12,101659.33,2713.97,178888.88,24.60,34.20,88,683
17:30:13,103731.83,2746.37,178188.52,24.50,34.20,96,640
17:31:13,99535.13,2719.91,178518.50,24.50,34.20,87,755
17:32:14,78473.22,2319.28,154592.73,24.60,34.20,107,599
17:33:14,75606.98,2576.07,166126.13,24.50,34.20,96,881
17:34:15,64229.88,2187.13,144444.42,24.50,34.20,94,483
17:35:15,76710.54,2355.87,160846.56,24.30,34.20,95,383
17:36:16,110650.86,2748.79,183082.72,23.90,34.30,95,570
17:37:16,134923.13,2831.39,187096.80,23.40,34.20,96,446
17:38:17,138757.19,2823.66,187500.00,23.30,34.20,97,411
17:39:17,119547.13,2608.97,177490.75,23.50,34.10,95,505
17:40:18,143485.33,2846.19,188973.39,23.90,34.10,99,541
17:41:18,136338.06,2910.00,190076.34,23.70,34.10,101,414
17:42:19,134291.70,2768.21,181005.59,23.70,34.10,108,870
17:43:19,100315.20,2619.27,167324.95,23.80,34.10,101,682
17:44:20,83661.98,2608.97,168648.64,24.00,34.10,102,652
17:45:20,92714.28,2687.83,174358.97,24.00,34.10,106,538
17:46:21,87248.78,2456.13,155322.88,24.10,34.20,102,804
17:47:21,122269.19,2812.47,184586.48,24.10,34.20,107,598
17:48:22,119547.13,2790.24,183146.09,23.40,34.20,102,738
17:49:22,124142.81,2779.20,179591.83,23.40,34.20,111,615
17:50:23,107344.80,2713.97,178188.52,23.20,34.20,104,478
17:51:23,110388.21,2724.73,178188.52,23.60,34.20,101,664
17:52:24,107344.80,2692.61,176795.58,23.70,34.20,130,592
17:53:24,98352.93,2619.27,175412.84,23.80,34.20,110,783
17:54:25,113578.28,2746.37,186767.50,23.90,34.20,113,606
17:55:25,135384.66,2846.19,191204.61,23.80,34.20,105,346
17:56:26,137617.06,2812.47,191204.61,23.80,34.10,102,636
17:57:26,133213.84,2779.20,189714.30,23.70,34.10,107,623
17:58:27,110388.21,2671.43,177490.75,23.90,34.10,107,1051
17:59:27,90530.00,2640.00,167324.95,24.00,34.10,97,477
18:0:28,80300.01,2568.22,160846.56,23.90,34.10,167,695
18:1:28,77145.38,2558.14,163410.31,23.90,34.10,100,383
18:2:29,105152.52,2703.27,175412.84,24.10,34.10,103,591
18:3:29,84663.51,2619.27,172000.00,23.90,34.10,103,704
18:4:30,93302.56,2656.16,175735.28,23.90,34.10,102,533
18:5:30,115231.68,2790.24,184586.48,23.80,34.20,102,581
18:6:31,116925.89,2779.20,181005.59,23.70,34.10,106,653
18:7:31,119547.13,2790.24,183146.09,23.60,34.10,108,544
18:8:32,95832.45,2650.43,171324.84,23.70,34.10,102,642
18:9:32,85578.95,2635.27,168288.28,23.70,34.10,113,605
18:10:33,80000.01,2636.21,169565.20,23.70,34.10,97,579
18:11:33,73364.40,2619.27,164705.89,23.70,34.10,99,709
18:12:34,73770.20,2640.00,168648.64,23.60,34.20,103,589
18:13:34,80767.13,2548.10,170652.16,23.70,34.20,101,777
18:14:35,82679.07,2598.72,173357.66,23.60,34.20,104,634
18:15:35,106605.70,2790.24,183146.09,23.80,34.20,103,480
18:16:36,116790.09,2785.37,183489.69,23.50,34.20,100,592
18:17:36,109614.02,2757.27,180297.38,23.50,34.20,96,772
18:18:37,105152.52,2735.53,180297.38,23.60,34.20,98,732
18:19:37,125098.09,2779.20,184586.48,23.70,34.20,98,573
18:20:38,114399.97,2746.37,177490.75,23.50,34.20,99,584
18:21:38,95218.74,2692.61,173357.66,23.50,34.10,99,659
18:22:39,107344.80,2779.20,179591.83,23.70,34.10,114,626
18:23:39,107344.80,2746.37,178888.88,23.80,34.10,109,762
18:24:40,102342.53,2713.97,176102.92,23.90,34.10,98,456
18:25:40,108092.46,2779.20,182429.92,24.00,34.10,96,551
18:26:41,118662.46,2768.21,185310.75,23.90,34.10,99,717
18:27:41,129047.02,2834.90,186037.73,24.00,34.10,104,731
18:28:42,124142.81,2790.24,182429.92,24.00,34.10,96,622
18:29:42,108848.82,2724.73,178188.52,24.20,34.10,107,620
18:30:43,97079.36,2713.97,176795.58,24.10,34.10,93,705
18:31:43,94155.44,2737.89,180934.56,24.10,34.10,109,706
18:32:44,86724.64,2383.71,159578.20,23.90,34.10,93,776
18:33:44,79239.83,2470.98,164516.14,23.90,34.10,93,861
18:34:45,86724.64,2578.34,172677.58,24.20,34.10,86,887
18:35:45,117788.78,2757.27,180297.38,24.00,34.10,85,680
18:36:46,118993.67,2792.87,183804.16,23.50,34.00,83,697
18:37:46,103731.83,2671.43,174040.20,23.60,34.10,90,709
18:38:47,87678.05,2604.27,166308.25,23.80,34.00,87,654
18:39:47,71774.99,2608.97,161484.09,23.90,34.10,121,808
18:40:48,71385.89,2450.00,157068.08,24.00,34.10,89,530
18:41:48,71385.89,2239.05,147368.41,24.20,34.10,98,909
18:42:49,87252.43,2310.22,153979.25,24.30,34.10,100,720
18:43:49,75852.19,2212.94,147959.19,24.20,34.10,97,714
18:44:50,70237.70,2153.19,141569.27,24.30,34.10,89,712
18:45:50,63900.76,2247.83,147368.41,24.50,34.10,112,806
18:46:51,64561.54,2355.87,155208.34,24.50,34.10,93,971
18:47:51,63900.76,2608.97,168648.64,24.50,34.00,90,797
18:48:52,68032.13,2559.66,167870.03,24.50,34.10,99,574
18:49:52,70999.99,2450.00,161484.09,24.40,34.10,94,838
18:50:53,72962.02,2383.71,157068.08,24.30,34.10,97,723
18:51:53,72167.35,2221.61,146192.89,24.40,34.10,113,756
18:52:54,73364.40,2247.83,146192.89,24.40,34.10,97,701
18:53:54,69117.41,2239.05,143288.59,24.40,34.10,98,772
18:54:55,74913.79,2278.88,150600.34,24.50,34.10,102,576
18:55:55,66606.30,2128.08,136513.16,24.40,34.10,99,811
18:56:56,68385.54,2292.22,150943.41,24.70,34.00,94,808
18:57:56,71774.99,2292.22,147368.41,24.40,34.10,104,1018
18:58:57,61665.43,1960.07,128938.91,24.40,34.00,95,991
18:59:57,61047.98,2006.73,132682.92,24.70,34.00,98,597
19:0:58,88323.52,2383.71,164056.95,24.60,34.00,98,421
19:1:58,106605.70,2538.11,172677.58,24.00,34.00,98,524
19:2:59,100983.59,2459.63,168648.64,23.60,33.90,96,506
19:3:59,100983.59,2588.51,171324.84,23.70,33.90,109,605
19:5:0,75428.56,2119.77,138741.72,23.60,33.90,110,602
19:6:0,72962.02,2256.63,149743.59,24.10,33.90,103,612
19:7:1,59543.48,2038.42,133224.77,24.10,33.90,103,607
19:8:1,73770.20,2402.45,160846.56,24.40,33.90,107,593
19:9:2,78529.16,2600.43,172577.69,24.00,33.90,103,470
19:10:2,66258.83,2187.13,144444.42,23.80,33.80,110,590
19:11:3,70617.27,2265.48,150342.47,24.20,33.90,100,678
19:12:3,66606.30,2095.04,139867.11,24.10,33.80,109,733
19:13:4,65914.06,2301.20,152758.63,24.30,33.80,98,473
19:14:4,64895.75,2508.37,164705.89,24.00,33.80,123,873
19:15:5,65571.98,2548.10,164705.89,23.80,33.80,110,870
19:16:5,57730.49,2296.80,153633.23,23.90,33.80,106,544
19:17:6,56145.83,2538.11,161484.09,24.40,33.80,167,801
19:18:6,60176.48,2659.13,171480.80,23.90,33.80,110,825
19:19:7,58378.58,2640.00,169314.06,24.00,33.70,125,702
19:20:7,54812.29,2498.54,162765.97,23.90,33.70,104,705
19:21:8,54033.78,2479.00,161484.09,24.10,33.70,102,528
19:22:8,60742.66,2660.91,174040.20,24.10,33.70,106,535
19:23:9,65062.02,2672.45,176058.92,24.10,33.70,126,662
19:24:9,68023.99,2671.43,176795.58,24.20,33.70,102,376
19:25:10,57448.76,2503.77,162411.36,24.20,33.70,113,906
19:26:10,55340.20,2383.71,158318.75,24.30,33.60,108,522
19:27:11,56692.30,2430.86,161484.09,24.60,33.60,101,770
19:28:11,53020.00,2283.27,150943.41,24.80,33.60,101,608
19:29:12,52059.41,2324.19,153552.88,25.00,33.60,104,761
19:30:12,51071.43,2355.87,153367.89,25.10,33.60,100,713
19:31:13,51986.80,2403.29,160070.67,25.00,33.50,106,453
19:32:13,64725.87,2620.17,174678.89,25.00,33.50,108,646
19:33:14,66258.83,2568.22,172677.58,25.00,33.50,103,768
19:34:14,58877.70,2445.45,164349.39,25.10,33.50,106,584
19:35:15,57246.47,2548.10,169981.91,25.20,33.40,106,565
19:36:15,60058.40,2563.56,168288.28,25.10,33.40,105,508
19:37:16,61355.56,2588.51,169314.06,25.20,33.40,102,557
19:38:16,55875.43,2568.22,167985.61,25.10,33.40,98,490
19:39:17,54812.29,2608.97,168648.64,25.20,33.40,109,609
19:40:17,55606.89,2619.27,174725.27,25.40,33.40,102,806
19:41:18,55264.60,2614.56,175735.28,25.50,33.40,100,654
19:42:18,55340.20,2598.72,169314.06,25.50,33.40,103,617
19:43:19,53020.00,2538.11,162765.97,25.40,33.40,116,742
19:44:19,49447.62,2430.86,156446.00,25.40,33.40,103,799
19:45:20,51237.79,2523.53,164349.39,25.60,33.30,101,756
19:46:20,57246.47,2629.61,172677.58,25.40,33.30,100,673
19:47:21,55606.89,2619.27,172677.58,25.30,33.30,105,634
19:48:21,54551.02,2578.34,168648.64,25.50,33.30,100,466
19:49:22,54033.78,2568.22,165357.14,25.70,33.30,97,430
19:50:22,53844.07,2570.58,165827.34,25.60,33.30,103,798
19:51:23,56145.83,2598.72,169314.06,25.50,33.30,94,810
19:52:23,58956.84,2598.72,172000.00,25.40,33.30,99,622
19:53:24,61420.08,2605.14,172943.31,25.40,33.30,97,537
19:54:24,61355.56,2629.61,174040.20,25.30,33.30,107,925
19:55:25,62292.14,2629.61,176102.92,25.30,33.20,101,712
19:56:25,63000.00,2657.14,177079.47,25.50,33.20,115,769
19:57:26,66956.52,2650.43,177490.75,25.40,33.20,94,540
19:58:26,66606.30,2619.27,173357.66,25.10,33.30,104,520
19:59:27,61355.56,2578.34,169981.91,25.30,33.20,97,694
20:0:27,61047.98,2588.51,171324.84,25.20,33.20,93,752
20:1:28,64229.88,2671.43,175412.84,25.20,33.10,90,748
20:2:28,65571.98,2650.43,177490.75,25.10,33.10,99,732
20:3:29,61977.62,2692.61,175412.84,25.20,33.10,89,751
20:4:29,62609.02,2671.43,175412.84,25.10,33.10,115,574
20:5:30,60138.69,2640.00,175412.84,25.10,33.10,98,594
20:6:30,58430.10,2657.14,176383.75,25.30,33.10,87,806
20:7:31,55875.43,2619.27,173357.66,25.30,33.10,91,561
20:8:31,55723.18,2620.17,170598.91,25.30,33.10,96,599
20:9:32,54067.79,2594.87,169565.20,25.00,33.00,98,647
20:10:32,53523.49,2588.51,168648.64,25.00,33.00,95,764
20:11:33,54033.78,2629.61,173357.66,25.10,33.00,92,645
20:12:33,54476.19,2645.69,176427.25,25.30,33.00,108,789
20:13:34,55647.05,2667.68,174311.92,25.30,33.00,101,405
20:14:34,54812.29,2650.43,173357.66,25.10,32.90,97,590
20:15:35,53736.48,2641.90,173260.06,25.00,32.90,94,686
20:16:35,52277.23,2629.61,171324.84,25.00,32.90,105,526
20:17:36,53020.00,2650.43,173357.66,25.00,32.90,97,388
20:18:36,51309.45,2619.27,169314.06,25.10,32.90,97,617
20:19:37,53154.36,2658.13,174264.70,25.20,32.90,98,697
20:20:37,52277.23,2660.91,174040.20,25.20,32.90,102,652
20:21:38,51071.43,2608.97,167324.95,25.10,32.90,108,770
20:22:38,49904.16,2588.51,164705.89,25.00,32.80,111,637
20:23:39,49151.90,2533.47,159226.72,25.00,32.90,137,1046
20:24:39,48275.87,2529.54,158172.23,25.20,32.80,104,722
20:25:40,47462.97,2508.37,158318.75,25.20,32.80,102,616
20:26:40,47894.41,2528.15,160211.28,25.20,32.80,112,659
20:27:41,49238.10,2584.65,165591.41,25.20,32.80,101,641
20:28:41,49221.52,2588.51,166010.73,25.20,32.70,114,583
20:29:42,49482.43,2570.58,163214.30,25.10,32.70,100,421
20:30:42,49151.90,2604.27,164349.39,25.20,32.70,112,912
20:31:43,48112.15,2558.14,162765.97,25.20,32.70,100,407
20:32:43,48996.85,2608.97,166010.73,25.30,32.70,98,547
20:33:44,48125.00,2574.47,161702.14,25.40,32.70,94,529
20:34:44,47462.97,2568.22,161484.09,25.60,32.70,102,615
20:35:45,48551.73,2578.34,164056.95,25.70,32.70,102,566
20:36:45,48125.00,2594.87,164285.72,25.80,32.70,98,660
20:37:46,47975.08,2589.34,164642.86,25.70,32.60,99,674
20:38:46,47249.23,2578.34,160211.28,25.80,32.60,97,583
20:39:47,47036.81,2568.22,160846.56,26.00,32.60,103,323
20:40:47,48773.59,2629.61,166666.67,26.00,32.50,107,805
20:41:48,47462.97,2558.14,164705.89,26.00,32.50,127,610
20:42:48,47678.02,2619.27,160846.56,26.20,32.50,103,966
20:43:49,47327.16,2579.15,162056.75,26.20,32.50,100,524
20:44:49,46825.69,2568.22,158318.75,26.20,32.50,111,913
20:45:50,46414.64,2564.33,157894.75,26.20,32.40,103,672
20:46:50,45794.55,2564.33,156020.95,26.30,32.40,95,724
20:47:51,45383.23,2538.11,154592.73,26.30,32.40,107,688
20:48:51,45585.58,2528.15,154592.73,26.20,32.40,104,872
20:49:52,44982.14,2518.24,152151.48,26.20,32.40,109,807
20:50:52,45182.09,2528.15,154592.73,26.50,32.30,109,768
20:51:53,45789.16,2548.10,155208.34,26.50,32.30,118,886
20:52:53,45182.09,2498.54,153979.25,26.70,32.30,102,551
20:53:54,44982.14,2488.75,152758.63,26.80,32.30,102,713
20:54:54,44982.14,2518.24,153367.89,26.80,32.30,101,629
20:55:55,45383.23,2518.24,155208.34,26.90,32.20,106,788
20:56:55,44982.14,2518.24,153979.25,26.80,32.20,109,843
20:57:56,45182.09,2488.75,154592.73,26.90,32.20,96,591
20:58:56,44982.14,2498.54,154592.73,26.90,32.20,114,1027
20:59:57,45585.58,2538.11,155826.09,27.00,32.10,102,459
21:0:57,45656.62,2518.91,157618.22,27.00,32.10,101,713
21:1:58,45182.09,2498.54,155826.09,27.00,32.10,101,706
21:2:58,44783.38,2508.37,157068.08,27.00,32.10,97,534
21:3:59,45383.23,2518.24,154592.73,27.10,32.10,99,1070
21:4:59,44982.14,2479.00,152758.63,27.00,32.10,97,775
21:6:0,44194.12,2488.75,152151.48,26.90,32.00,121,929
21:7:0,44389.38,2498.54,153367.89,27.00,32.00,109,832
21:8:1,44585.80,2498.54,153367.89,27.10,32.00,105,853
21:9:1,44652.82,2479.58,155749.14,27.20,32.00,97,675
21:10:2,44194.12,2498.54,153979.25,27.20,32.10,124,875
21:11:2,43615.16,2488.75,149743.59,27.30,32.10,98,685
21:12:3,42858.79,2450.00,148551.98,27.40,32.00,109,855
21:13:3,42487.11,2479.00,147368.41,27.10,31.90,108,854
21:14:4,41397.18,2402.45,143288.59,27.20,31.90,98,654
21:15:4,41576.27,2440.41,146192.89,27.30,31.90,95,662
21:16:5,40343.49,2440.41,144444.42,27.30,31.90,100,624
21:17:5,41219.10,2459.63,147368.41,27.40,31.90,101,880
21:18:6,40690.80,2402.45,145608.09,27.30,31.90,102,837
21:19:6,40171.27,2374.39,142140.47,27.20,31.90,95,967
21:20:7,40506.96,2407.80,144013.47,27.30,31.90,101,1004
21:21:7,40343.49,2393.06,142140.47,27.40,31.80,98,774
21:22:8,40272.22,2347.26,141946.31,27.50,31.80,137,957
21:23:8,40160.66,2370.26,141708.53,27.60,31.80,91,630
21:24:9,40000.00,2346.67,141000.00,27.70,31.80,93,795
21:25:9,40000.00,2328.37,137623.75,27.60,31.80,86,853
21:26:10,39097.83,2323.94,136184.22,27.70,31.80,86,878
21:27:10,39431.70,2342.22,139534.88,27.70,31.80,107,1050
21:28:11,39157.61,2319.28,137623.75,27.70,31.80,30102,30993
21:29:11,39829.67,2337.50,139867.11,27.70,31.80,98,956
21:30:12,38827.03,2292.22,138181.81,27.80,31.80,92,849
21:31:12,38708.11,2274.50,135855.27,27.80,31.70,89,993
21:32:13,38827.03,2239.05,135409.84,27.80,31.70,90,992
21:33:13,39157.61,2310.22,137623.75,27.80,31.70,92,696
21:34:14,39157.61,2292.22,139303.48,27.90,31.70,100,1060
21:35:14,38827.03,2256.63,135409.84,27.90,31.70,108,827
21:36:15,38827.03,2265.48,138181.81,28.00,31.70,92,1104
21:37:15,38663.07,2301.20,136513.16,28.00,31.70,91,656
21:38:16,38603.78,2296.80,137293.72,28.00,31.60,105,957
21:39:16,38978.27,2324.19,136633.66,28.10,31.70,94,763
21:40:17,37639.26,2191.41,131818.19,28.30,31.60,96,769
21:41:17,38663.07,2301.20,138741.72,28.30,31.60,97,712
21:42:18,38016.00,2274.35,136513.16,28.40,31.60,95,533
21:43:18,38753.39,2310.66,141946.31,28.30,31.60,92,562
21:44:19,38322.58,2296.99,138308.45,28.30,31.60,97,839
21:45:19,38663.07,2319.28,140432.61,28.30,31.60,98,716
21:46:20,38648.65,2296.99,140567.59,28.30,31.70,99,535
21:47:20,39491.80,2346.67,143865.55,28.30,31.60,117,968
21:48:21,40261.84,2399.18,147945.20,28.40,31.60,105,623
21:49:21,40333.33,2398.36,146938.77,28.40,31.60,98,813
21:50:22,40857.14,2407.80,152331.63,28.30,31.60,106,726
21:51:22,40690.80,2383.71,149146.77,28.30,31.60,104,478
21:52:23,41756.37,2430.86,153367.89,28.30,31.50,111,960
21:53:23,42119.66,2440.41,154592.73,28.30,31.50,113,614
21:54:24,40171.27,2221.61,143865.55,28.30,31.60,106,564
21:55:24,42672.41,2440.41,157692.31,28.30,31.50,109,1027
21:56:25,43615.16,2479.00,160211.28,28.40,31.50,140,672
21:57:25,42858.79,2383.71,157068.08,28.30,31.50,102,676
21:58:26,44389.38,2450.00,162123.91,28.30,31.50,101,782
21:59:26,44783.38,2488.75,166010.73,28.30,31.40,100,1037
22:0:27,44000.00,2440.41,160211.28,28.30,31.40,103,737
22:1:27,45789.16,2488.75,166010.73,28.30,31.50,102,1023
22:2:28,45789.16,2498.54,166010.73,28.30,31.40,100,619
22:3:28,45387.38,2475.00,167567.56,28.30,31.40,104,909
22:4:29,43807.02,2328.37,154592.73,28.20,31.40,111,555
22:5:29,45519.52,2445.45,163701.08,28.30,31.40,108,851
22:6:30,47678.02,2548.10,175412.84,28.30,31.40,97,792
22:7:30,45993.96,2450.00,166010.73,28.20,31.40,101,655
22:8:31,46615.86,2402.45,162765.97,28.20,31.40,103,991
22:9:31,47609.91,2523.53,170289.84,28.30,31.40,150,782
22:10:32,48858.05,2558.90,172627.73,28.20,31.40,119,719
22:11:32,47975.08,2469.85,166606.83,28.20,31.40,123,758
22:12:33,46969.33,2416.84,161130.75,28.20,31.40,155,808
22:13:33,46615.86,2393.06,159578.20,28.30,31.30,97,614
22:14:34,48566.04,2514.29,170909.09,28.30,31.30,99,785
22:15:34,49904.16,2528.15,168648.64,28.30,31.30,107,694
22:16:35,49904.16,2459.63,167324.95,28.30,31.30,105,678
22:17:35,50834.95,2548.10,173357.66,28.30,31.30,114,834
22:18:36,50083.61,2499.79,170545.45,28.30,31.30,102,824
22:19:36,48551.73,2440.41,167324.95,28.30,31.30,97,619
22:20:37,50834.95,2558.14,174040.20,28.20,31.30,102,731
22:21:37,51549.02,2488.75,171324.84,28.20,31.30,102,464
22:22:38,49221.52,2469.29,167324.95,28.30,31.20,97,546
22:23:38,50366.56,2538.11,172000.00,28.30,31.20,116,920
22:24:39,50857.14,2534.18,173626.38,28.30,31.20,106,816
22:25:39,51549.02,2568.22,172677.58,28.30,31.20,99,666
22:26:40,47462.97,2374.39,162123.91,28.30,31.20,96,601
22:27:40,51309.45,2548.10,172677.58,28.40,31.20,100,715
22:28:41,47678.02,2346.67,158318.75,28.30,31.20,102,717
22:29:41,49904.16,2498.54,169981.91,28.40,31.20,99,741
22:30:42,49447.62,2479.00,169314.06,28.30,31.10,98,671
22:31:42,49923.08,2484.76,169565.20,28.30,31.20,125,838
22:32:43,52277.23,2538.11,172677.58,28.30,31.20,100,747
22:33:43,46758.41,2360.65,159859.17,28.30,31.10,95,920
22:34:44,47894.41,2421.35,164056.95,28.40,31.10,100,577
22:35:44,50834.95,2528.15,169314.06,28.40,31.10,127,944
22:36:45,44194.12,2283.27,150342.47,28.30,31.10,96,561
22:37:45,47462.97,2440.41,164056.95,28.40,31.10,95,470
22:38:46,43806.45,2261.23,150515.48,28.40,31.10,100,455
22:39:46,44389.38,2265.48,151546.41,28.50,31.10,108,651
22:40:47,47036.81,2421.35,161484.09,28.40,31.10,93,755
22:41:47,46206.69,2333.33,157267.95,28.40,31.10,97,548
22:42:48,48289.31,2505.68,170127.50,28.40,31.10,90,772
22:43:48,48331.25,2528.15,168648.64,28.40,31.10,90,576
22:44:49,48551.73,2548.10,173357.66,28.40,31.10,87,678
22:45:49,45933.33,2403.29,163928.58,28.40,31.10,88,606
22:46:50,43171.01,2243.48,150600.34,28.60,31.10,84,537
22:47:50,45182.09,2393.06,159578.20,28.60,31.10,107,734
22:48:51,44585.80,2383.71,160211.28,28.50,31.00,108,861
22:49:51,46133.34,2474.43,168953.06,28.50,31.00,114,739
22:50:52,45993.96,2469.29,167985.61,28.60,31.00,89,693
22:51:52,45993.96,2450.00,167985.61,28.70,31.00,89,421
22:52:53,47249.23,2430.86,164705.89,28.60,31.00,85,779
22:53:53,43486.88,2265.61,150257.30,28.50,31.00,87,538
22:54:54,43234.78,2346.67,155826.09,28.60,31.00,89,563
22:55:54,44194.12,2393.06,160211.28,28.50,31.00,87,499
22:56:55,46834.36,2524.21,168231.03,28.50,31.00,93,584
22:57:55,45585.58,2383.71,163410.31,28.50,31.00,91,783
22:58:56,49447.62,2508.37,169981.91,28.50,31.00,93,513
22:59:56,52755.85,2586.30,177695.16,28.30,31.00,98,611
23:0:57,51189.54,2505.04,172212.05,27.90,30.90,104,500
23:1:57,48551.73,2411.89,162123.91,28.10,30.90,96,624
23:2:58,48112.15,2479.00,169314.06,28.10,30.80,94,739
23:3:58,50134.61,2488.75,167324.95,28.10,30.90,93,618
23:4:59,48482.76,2455.07,166308.25,28.10,30.80,95,349
23:5:59,53020.00,2619.27,176102.92,28.10,30.90,106,588
23:7:0,57215.54,2652.38,178810.39,28.00,30.80,181,786
23:8:0,60138.69,2619.27,174040.20,27.90,30.80,96,497
23:9:1,50529.03,2360.65,160493.83,28.00,30.80,117,609
23:10:1,53523.49,2479.00,170652.16,28.20,30.80,100,547
23:11:2,45585.58,2247.83,148551.98,28.10,30.80,107,517
23:12:2,50134.61,2528.15,173357.66,28.30,30.80,102,524
23:13:3,48996.85,2421.35,164056.95,28.00,30.80,103,438
23:14:3,47552.80,2389.34,160353.98,28.10,30.80,109,501
23:15:4,51549.02,2558.14,172000.00,28.10,30.90,94,540
23:16:4,56341.46,2594.03,178518.50,27.90,30.80,104,568
23:17:5,58378.58,2588.51,176795.58,27.80,30.80,96,459
23:18:5,54924.65,2630.54,178849.72,27.90,30.80,95,585
23:19:5,46615.86,2283.27,150943.41,28.00,30.80,149,681
23:20:6,46133.34,2379.23,158596.50,28.30,30.80,103,440
23:21:6,49447.62,2528.15,171324.84,28.20,30.80,128,496
23:22:7,53270.90,2629.61,178888.88,28.10,30.70,101,524
23:23:7,52032.89,2548.10,174040.20,28.00,30.70,100,344
23:24:8,54924.65,2609.85,180970.14,28.00,30.80,104,552
23:25:8,51000.00,2435.88,166308.25,27.90,30.80,105,460
23:26:9,52032.89,2538.11,173357.66,28.10,30.70,30115,30529
23:27:9,53777.77,2568.22,178188.52,28.00,30.70,104,983
23:28:10,50154.34,2296.99,153552.88,27.90,30.70,105,555
23:29:10,49904.16,2383.71,160211.28,28.10,30.70,105,345
23:30:11,47541.80,2310.44,155749.14,28.00,30.70,102,263
23:31:11,44389.38,2230.31,146779.64,28.00,30.70,101,332
23:32:12,44982.14,2301.20,152758.63,28.20,30.80,97,470
23:33:12,43486.88,2283.43,150859.13,28.10,30.70,103,309
23:34:13,42791.91,2248.02,150774.55,28.20,30.80,98,619
23:35:13,43234.78,2274.35,151546.41,28.20,30.80,102,589
23:36:14,49675.16,2598.72,175412.84,28.10,30.80,99,463
23:37:14,47036.81,2430.86,165357.14,27.70,30.80,102,731
23:38:15,48551.73,2459.63,169981.91,27.90,30.80,107,548
23:39:15,44982.14,2301.20,155208.34,27.90,30.80,99,606
23:40:16,47036.81,2402.45,162765.97,28.20,30.80,101,384
23:41:16,48331.25,2518.24,172000.00,28.00,30.70,102,335
23:42:17,45182.09,2337.50,157692.31,27.90,30.80,113,856
23:43:17,46987.66,2437.34,163506.27,28.10,30.70,99,599
23:44:18,48331.25,2469.29,165357.14,27.90,30.70,99,435
23:45:18,43234.78,2239.05,147959.19,27.80,30.70,98,423
23:46:19,50834.95,2588.51,177490.75,28.10,30.80,103,505
23:47:19,50692.56,2548.84,171948.98,27.60,30.70,99,455
23:48:20,57215.54,2631.47,180934.56,27.80,30.70,99,707
23:49:20,53777.77,2508.37,171324.84,27.60,30.70,99,463
23:50:21,50834.95,2498.54,171324.84,27.70,30.70,102,578
23:51:21,53270.90,2558.14,177490.75,27.80,30.70,99,574
23:52:22,53228.18,2403.29,163928.58,27.70,30.70,102,427
23:53:22,49221.52,2328.37,157068.08,27.80,30.70,96,525
23:54:23,53270.90,2538.11,172677.58,27.90,30.70,102,714
23:55:23,56968.41,2588.51,174040.20,27.60,30.70,99,494
23:56:24,54551.02,2508.37,168648.64,27.50,30.60,97,391
23:57:24,48566.04,2379.59,159154.94,27.80,30.70,94,525
23:58:25,47249.23,2402.45,158318.75,28.00,30.60,94,476
23:59:25,44389.38,2301.20,153367.89,28.30,30.60,91,385
