Hora,O3,NO2,CO,Humedad,Temperatura,P25,P10
0:0:26,43807.02,2292.22,152151.48,28.50,30.60,87,426
0:1:26,43234.78,2319.28,152151.48,28.60,30.60,93,517
0:2:27,44000.00,2370.26,157267.95,28.60,30.60,93,544
0:3:27,42731.99,2292.40,151463.02,28.70,30.60,92,493
0:4:28,40865.92,2247.83,146192.89,28.80,30.60,98,693
0:5:28,39829.67,2204.31,142140.47,28.80,30.60,90,606
0:6:29,42119.66,2355.87,153979.25,28.80,30.60,88,544
0:7:29,41042.02,2256.63,148551.98,28.70,30.60,91,700
0:8:30,40690.80,2265.48,148551.98,28.80,30.60,89,516
0:9:30,40171.27,2230.31,143865.55,28.80,30.60,93,652
0:10:31,41335.21,2314.86,150600.34,28.90,30.60,92,477
0:11:31,40865.92,2274.35,148551.98,28.90,30.60,85,698
0:12:32,40171.27,2247.83,145608.09,29.00,30.60,85,692
0:13:32,41033.71,2261.23,147529.80,29.00,30.60,92,528
0:14:33,40171.27,2256.63,145025.28,29.10,30.60,88,731
0:15:33,40000.00,2230.31,145025.28,29.10,30.60,89,618
0:16:34,40971.91,2292.58,148376.05,29.10,30.60,89,591
0:17:34,41576.27,2301.20,151546.41,29.10,30.60,105,744
0:18:35,40000.00,2247.83,146779.64,29.20,30.50,96,644
0:19:35,39769.23,2234.71,144688.02,29.20,30.50,97,796
0:20:36,39491.80,2239.05,143865.55,29.20,30.60,90,781
0:21:36,41397.18,2365.11,152758.63,29.30,30.50,96,30524
0:22:37,40343.49,2283.27,148551.98,29.40,30.50,117,979
0:23:37,39769.23,2252.28,147028.84,29.50,30.40,97,431
0:24:38,39157.61,2265.48,143865.55,29.50,30.40,182,603
0:25:38,39539.73,2274.50,147278.91,29.50,30.40,103,706
0:26:39,40000.00,2256.63,146779.64,29.50,30.40,100,610
0:27:39,40865.92,2337.50,153367.89,29.50,30.40,105,671
0:28:40,38991.87,2212.94,143288.59,29.60,30.40,98,882
0:29:40,38827.03,2221.61,143288.59,29.60,30.40,109,481
0:30:41,38991.87,2256.63,144444.42,29.60,30.40,100,682
0:31:41,39157.61,2247.83,144444.42,29.70,30.40,98,675
0:32:42,39818.18,2279.04,145762.70,29.70,30.30,93,630
0:33:42,39491.80,2247.83,144444.42,29.70,30.40,100,328
0:34:43,38978.27,2243.56,144594.58,29.70,30.30,99,590
0:35:43,38991.87,2239.05,146192.89,29.70,30.30,96,524
0:36:44,38663.07,2230.31,141569.27,29.70,30.30,97,534
0:37:44,40384.40,2261.35,149228.14,29.70,30.30,100,396
0:38:45,39660.27,2265.48,146192.89,29.80,30.30,156,574
0:39:45,39648.36,2279.04,148122.86,29.80,30.30,102,613
0:40:46,38337.80,2187.13,141000.00,29.90,30.30,117,678
0:41:46,38663.07,2230.31,143288.59,29.80,30.30,104,772
0:42:47,38663.07,2204.31,141569.27,30.00,30.30,115,575
0:43:47,37580.91,2153.10,136408.56,30.00,30.30,102,608
0:44:48,38016.00,2212.94,139867.11,29.90,30.30,115,868
0:45:48,37539.69,2178.60,140432.61,30.00,30.30,102,741
0:46:49,37226.32,2170.10,137067.55,30.00,30.30,98,613
0:47:49,37580.91,2204.31,139202.66,30.00,30.30,106,812
0:48:50,37697.62,2265.48,141569.27,30.00,30.30,108,766
0:49:50,37697.62,2204.31,139303.48,30.20,30.30,106,743
0:50:51,37639.26,2225.98,142378.55,30.10,30.30,117,819
0:51:51,38500.00,2247.83,143865.55,30.20,30.30,109,842
0:52:52,38978.27,2270.12,148717.95,30.30,30.30,111,798
0:53:52,39491.80,2319.28,149146.77,30.50,30.20,101,975
0:54:53,38991.87,2301.20,148551.98,30.60,30.20,99,775
0:55:53,38991.87,2230.31,146779.64,30.70,30.20,170,818
0:56:54,37539.69,2204.31,143865.55,30.50,30.20,112,793
0:57:54,38932.25,2305.81,148805.47,30.50,30.20,102,831
0:58:55,38693.77,2288.18,148630.13,30.70,30.20,107,662
0:59:55,37856.39,2265.48,145025.28,30.70,30.20,109,663
1:0:56,37226.32,2204.31,143288.59,30.70,30.20,110,877
1:1:56,36762.41,2195.70,141569.27,30.60,30.20,118,482
1:2:57,37697.62,2239.05,146779.64,30.60,30.10,117,625
1:3:57,39157.61,2292.22,150943.41,30.80,30.10,99,756
1:4:58,37070.87,2187.13,141569.27,30.80,30.10,101,626
1:5:58,38086.02,2234.92,145578.22,30.60,30.10,99,927
1:6:59,38337.80,2256.63,146192.89,30.50,30.10,102,769
1:7:59,37697.62,2212.94,143288.59,30.40,30.10,103,611
1:9:0,38117.65,2225.98,145270.25,30.30,30.10,101,523
1:10:0,38440.86,2234.71,148211.27,30.20,30.10,115,838
1:11:1,39829.67,2374.39,154592.73,30.20,30.10,96,891
1:12:1,40000.00,2292.22,150943.41,30.10,30.10,100,767
1:13:2,38500.00,2204.31,145025.28,30.10,30.10,101,730
1:14:2,41211.27,2379.59,157267.95,30.00,30.10,100,430
1:15:3,39324.25,2144.79,145025.28,30.10,30.10,102,30566
1:16:3,42858.79,2430.86,167324.95,29.70,30.10,128,641
1:17:4,39829.67,2265.48,151546.41,29.90,30.10,97,552
1:18:4,41451.98,2319.52,160141.09,30.00,30.10,99,373
1:19:5,39431.70,2217.29,149401.72,30.00,30.10,111,860
1:20:5,39600.00,2234.71,150000.00,30.00,30.00,101,480
1:21:6,41397.18,2301.20,158318.75,30.10,30.10,95,516
1:22:6,40516.66,2283.27,156446.00,30.00,30.10,97,540
1:23:7,41625.00,2306.24,156567.44,30.00,30.10,94,682
1:24:7,39157.61,2204.31,146779.64,30.10,30.00,91,569
1:25:8,38991.87,2221.61,149146.77,30.10,30.00,93,588
1:26:8,43424.41,2402.45,164056.95,30.10,30.10,92,456
1:27:9,41157.30,2278.88,157342.66,30.00,30.10,92,500
1:28:9,40690.80,2301.20,155208.34,30.10,30.10,88,621
1:29:10,40865.92,2283.27,154592.73,30.00,30.10,92,446
1:30:10,42855.49,2333.33,161702.14,30.00,30.10,90,488
1:31:11,43046.24,2383.71,164056.95,30.00,30.10,91,685
1:32:11,41087.32,2234.85,152249.16,30.00,30.10,80,375
1:33:12,43678.36,2374.75,163992.88,30.00,30.10,87,464
1:34:12,43807.02,2355.87,162765.97,30.00,30.10,86,574
1:35:13,46206.69,2445.96,171584.69,30.00,30.10,95,683
1:36:13,41219.10,2274.35,154592.73,30.00,30.10,90,432
1:37:14,42982.66,2314.86,159226.72,30.00,30.10,90,415
1:38:14,43046.24,2301.20,156446.00,30.00,30.00,89,582
1:39:15,45387.38,2379.59,167567.56,30.10,30.10,101,670
1:40:15,44000.00,2310.22,162765.97,30.10,30.00,86,505
1:41:16,44390.53,2324.19,161702.14,30.00,30.00,90,563
1:42:16,42302.86,2301.20,160846.56,30.20,30.00,92,546
1:43:17,41937.50,2328.37,158947.38,30.10,30.00,94,482
1:44:17,47894.41,2450.00,171324.84,30.20,30.00,113,427
1:45:18,47036.81,2393.06,166666.67,30.30,30.00,87,515
1:46:18,47894.41,2402.45,169314.06,30.30,30.00,88,472
1:47:19,45993.96,2346.67,164056.95,30.40,30.00,94,418
1:48:19,46407.30,2355.87,167324.95,30.40,30.00,89,323
1:49:20,44982.14,2328.37,165357.14,30.50,30.00,107,548
1:50:20,46414.64,2360.98,170909.09,30.40,30.00,99,343
1:51:20,44389.38,2265.48,160846.56,30.40,30.00,107,381
1:52:21,46206.69,2388.96,168896.92,30.50,30.00,103,526
1:53:21,44585.80,2265.48,158318.75,30.50,30.00,98,516
1:54:22,44194.12,2274.35,161484.09,30.50,30.00,96,408
1:55:22,45585.58,2365.11,168648.64,30.20,29.90,94,324
1:56:23,44585.80,2346.67,166666.67,30.20,29.90,95,373
1:57:23,44389.38,2337.50,167324.95,30.30,29.90,96,518
1:58:24,46556.58,2384.46,173260.06,30.60,30.00,95,339
1:59:24,51309.45,2498.54,180297.38,30.70,30.00,96,530
2:0:25,47036.81,2365.11,169981.91,30.50,29.90,97,394
2:1:25,45182.09,2346.67,166010.73,30.80,30.00,101,488
2:2:26,48996.85,2469.29,177490.75,30.80,30.00,95,631
2:3:26,45993.96,2337.50,166010.73,30.50,29.90,98,462
2:4:27,46200.00,2355.87,169314.06,30.50,29.90,116,503
2:5:27,45383.23,2402.45,169981.91,30.50,29.90,94,503
2:6:28,45585.58,2319.28,166010.73,30.60,29.90,96,263
2:7:28,47689.45,2407.80,175690.61,30.50,29.90,100,519
2:8:29,46407.30,2346.67,172000.00,30.60,29.90,96,322
2:9:29,44456.97,2333.60,168840.56,30.50,29.90,96,608
2:10:30,48996.85,2450.00,178188.52,30.60,29.80,97,329
2:11:30,48788.64,2436.36,179888.27,30.70,29.90,95,593
2:12:31,48112.15,2374.39,175412.84,30.70,29.80,108,460
2:13:31,47678.02,2411.89,174725.27,30.80,29.80,105,391
2:14:32,45182.09,2319.28,167324.95,30.70,29.80,98,391
2:15:32,45182.09,2319.28,170652.16,30.70,29.80,103,320
2:16:33,46200.00,2328.37,171324.84,30.70,29.80,106,498
2:17:33,48996.85,2374.39,175412.84,30.80,29.80,103,347
2:18:34,48551.73,2383.71,172677.58,30.90,29.90,97,401
2:19:34,47894.41,2374.39,174725.27,31.00,29.90,100,419
2:20:35,49221.52,2393.06,178188.52,31.10,29.80,109,486
2:21:35,46407.30,2346.67,170652.16,31.20,29.80,107,421
2:22:36,44390.53,2270.12,164285.72,31.10,29.80,100,442
2:23:36,45585.58,2346.67,172000.00,31.00,29.80,107,345
2:24:37,46615.86,2374.39,173357.66,31.10,29.80,98,279
2:25:37,49012.66,2445.96,179888.27,31.20,29.80,99,339
2:26:38,46200.00,2328.37,166666.67,31.50,29.80,97,367
2:27:38,48773.59,2488.75,181716.44,31.30,29.80,101,502
2:28:39,46200.00,2337.50,169981.91,31.60,29.80,101,409
2:29:39,45383.23,2383.71,172677.58,31.40,29.80,98,381
2:30:40,45383.23,2337.50,169314.06,31.50,29.80,105,484
2:31:40,45383.23,2319.28,167324.95,31.50,29.80,100,399
2:32:41,46206.69,2360.98,174311.92,31.50,29.80,100,393
2:33:41,43424.41,2301.20,166666.67,31.60,29.70,99,379
2:34:42,49377.78,2503.77,182771.56,31.50,29.70,102,401
2:35:42,46825.69,2365.11,171324.84,32.00,29.80,104,492
2:36:43,47249.23,2374.39,174040.20,31.70,29.80,97,389
2:37:43,50834.95,2402.45,176102.92,31.80,29.80,98,384
2:38:44,49151.90,2360.65,173674.58,32.00,29.70,98,507
2:39:44,49904.16,2393.06,179591.83,31.90,29.70,106,472
2:40:45,51790.16,2440.41,180297.38,32.00,29.70,95,519
2:41:45,55418.68,2451.56,185227.28,32.20,29.70,95,426
2:42:46,52770.76,2411.89,179591.83,32.20,29.70,96,407
2:43:46,56069.44,2493.95,188593.17,32.20,29.70,96,371
2:44:47,50600.00,2355.87,176795.58,32.50,29.70,103,344
2:45:47,50714.29,2379.96,178438.64,32.20,29.70,93,372
2:46:48,49675.16,2365.11,175412.84,32.20,29.70,91,484
2:47:48,47249.23,2301.20,171324.84,32.20,29.70,99,327
2:48:49,49942.13,2375.46,175970.41,32.00,29.70,98,354
2:49:49,48551.73,2365.11,172000.00,32.20,29.70,88,495
2:50:50,48996.85,2355.87,174040.20,32.10,29.60,90,506
2:51:50,49904.16,2393.06,176102.92,32.20,29.70,96,453
2:52:51,51790.16,2411.89,179591.83,32.30,29.70,88,549
2:53:51,51549.02,2421.35,180297.38,32.50,29.70,88,337
2:54:52,48773.59,2411.89,177490.75,32.50,29.70,87,368
2:55:52,48635.22,2384.08,180260.70,32.50,29.60,90,306
2:56:53,48331.25,2355.87,174725.27,32.50,29.70,91,385
2:57:53,47678.02,2393.06,176102.92,32.50,29.60,90,467
2:58:54,46200.00,2328.37,172000.00,32.60,29.60,91,462
2:59:54,49221.52,2421.35,181716.44,32.50,29.60,85,436
3:0:55,45993.96,2337.50,173357.66,32.80,29.60,89,358
3:1:55,45993.96,2355.87,173357.66,32.50,29.60,85,421
3:2:56,48331.25,2383.71,178188.52,32.60,29.60,86,452
3:3:56,46615.86,2365.11,177490.75,32.70,29.60,87,465
3:4:57,47462.97,2393.06,176795.58,32.80,29.60,87,474
3:5:57,49623.00,2412.76,180934.56,32.80,29.60,94,453
3:6:58,46200.00,2328.37,176102.92,32.90,29.60,89,477
3:7:58,46825.69,2310.22,172000.00,32.70,29.60,94,234
3:8:59,49221.52,2402.45,178888.88,32.70,29.60,87,442
3:9:59,50134.61,2383.71,175412.84,33.00,29.60,86,420
3:11:0,51309.45,2411.89,179591.83,32.90,29.60,88,314
3:12:0,48996.85,2365.11,177490.75,33.00,29.60,93,397
3:13:1,50600.00,2402.45,179591.83,32.90,29.60,90,331
3:14:1,48773.59,2365.11,178188.52,32.90,29.60,97,355
3:15:2,49675.16,2374.39,176795.58,33.00,29.60,98,301
3:16:2,48635.22,2356.19,178148.13,33.00,29.60,99,412
3:17:3,51071.43,2402.45,181716.44,33.00,29.60,95,371
3:18:3,53523.49,2450.00,185310.75,33.20,29.60,92,379
3:19:4,53777.77,2459.63,186037.73,33.20,29.60,94,483
3:20:4,58798.57,2558.90,195736.44,33.20,29.50,91,376
3:21:5,52770.76,2383.71,181716.44,33.50,29.50,94,272
3:22:5,49675.16,2337.50,174040.20,33.20,29.50,94,280
3:23:6,49605.10,2342.22,177121.75,33.10,29.50,92,388
3:24:6,48331.25,2337.50,176102.92,33.10,29.50,98,342
3:25:7,48551.73,2346.67,176795.58,33.00,29.50,98,408
3:26:7,48773.59,2355.87,178888.88,33.20,29.50,98,349
3:27:8,55000.00,2523.53,190076.34,33.10,29.60,94,338
3:28:8,51888.16,2412.32,180260.70,33.70,29.60,97,391
3:29:9,50763.75,2351.42,180633.14,33.40,29.60,93,389
3:30:9,48773.59,2355.87,176795.58,33.40,29.50,96,276
3:31:10,52086.09,2432.30,183050.86,33.30,29.60,97,235
3:32:10,53197.32,2407.38,182056.09,33.50,29.50,100,423
3:33:11,52277.23,2411.89,182429.92,33.60,29.50,99,366
3:34:11,49447.62,2337.50,176795.58,33.70,29.50,100,362
3:35:12,52032.89,2421.35,184586.48,33.50,29.50,98,302
3:36:12,53959.46,2464.73,185660.39,33.70,29.50,101,318
3:37:13,53523.49,2421.35,187500.00,33.90,29.60,99,396
3:38:13,50366.56,2346.67,178188.52,33.80,29.60,99,354
3:39:14,54662.11,2431.34,185283.03,33.70,29.50,102,331
3:40:14,52946.67,2426.34,186389.42,34.00,29.50,98,310
3:41:15,51071.43,2393.06,181716.44,34.00,29.50,110,388
3:42:15,51526.32,2418.18,187786.27,33.80,29.50,103,371
3:43:16,48773.59,2393.06,182429.92,34.00,29.50,104,419
3:44:16,50600.00,2411.89,184586.48,33.90,29.50,104,460
3:45:17,48551.73,2346.67,176795.58,34.10,29.50,103,368
3:46:17,48112.15,2355.87,177490.75,33.80,29.50,95,341
3:47:18,48112.15,2328.37,176795.58,33.80,29.50,99,496
3:48:18,49221.52,2365.11,182429.92,33.80,29.50,100,326
3:49:19,48704.41,2351.42,175735.28,34.10,29.50,101,547
3:50:19,48043.62,2369.92,180633.14,34.00,29.50,97,319
3:51:20,47678.02,2337.50,178888.88,34.00,29.50,96,476
3:52:20,49447.62,2374.39,179591.83,34.10,29.50,100,538
3:53:21,49221.52,2383.71,181716.44,34.10,29.50,99,259
3:54:21,52132.01,2440.91,183834.61,34.30,29.50,99,374
3:55:21,47894.41,2355.87,176795.58,34.70,29.40,99,294
3:56:22,48331.25,2365.11,178188.52,34.40,29.50,98,433
3:57:22,52259.13,2476.15,189272.03,34.30,29.50,98,576
3:58:23,51000.00,2426.34,183489.69,34.80,29.50,100,310
3:59:23,46200.00,2310.22,174725.27,34.70,29.40,98,333
4:0:24,48112.15,2393.06,180297.38,34.30,29.40,96,498
4:1:24,47689.45,2379.59,181308.39,34.70,29.40,98,261
4:2:25,47678.02,2393.06,181005.59,34.70,29.40,95,431
4:3:25,46825.69,2346.67,180297.38,34.80,29.40,97,443
4:4:26,48331.25,2411.89,182429.92,34.70,29.40,103,491
4:5:26,47894.41,2346.67,176795.58,35.00,29.40,95,359
4:6:27,47462.97,2365.11,180297.38,34.90,29.40,97,214
4:7:27,45789.16,2346.67,176102.92,34.90,29.40,97,345
4:8:28,47036.81,2374.39,180297.38,34.80,29.40,94,296
4:9:28,47462.97,2355.87,178188.52,34.80,29.40,100,291
4:10:29,48773.59,2402.45,183864.92,34.80,29.30,98,439
4:11:29,50134.61,2411.89,183864.92,35.10,29.40,97,501
4:12:30,49168.26,2384.46,183082.72,35.00,29.40,103,307
4:13:30,49675.16,2393.06,183864.92,34.90,29.40,95,317
4:14:31,48566.04,2342.51,178478.66,35.10,29.40,98,383
4:15:31,48331.25,2365.11,179591.83,34.80,29.40,96,323
4:16:32,48112.15,2346.67,178888.88,35.00,29.40,95,435
4:17:32,47621.12,2365.78,178810.39,35.00,29.40,101,399
4:18:33,49082.28,2393.46,180970.14,35.00,29.40,92,358
4:19:33,47906.55,2351.72,179888.27,35.20,29.40,96,468
4:20:34,49221.52,2393.06,180297.38,35.10,29.30,87,505
4:21:34,48858.05,2384.08,183834.61,35.20,29.30,92,313
4:22:35,48331.25,2383.71,181005.59,35.20,29.30,88,426
4:23:35,52132.01,2440.91,188952.39,35.30,29.40,97,397
4:24:36,53020.00,2450.00,185310.75,35.60,29.30,96,545
4:25:36,51071.43,2393.06,181005.59,35.60,29.30,96,415
4:26:37,52277.23,2421.35,182429.92,35.50,29.30,97,441
4:27:37,49904.16,2374.39,181005.59,35.60,29.20,95,329
4:28:38,50366.56,2383.71,180297.38,35.40,29.20,100,411
4:29:38,50366.56,2383.71,181716.44,35.60,29.20,94,386
4:30:39,53020.00,2421.35,183864.92,35.50,29.20,92,356
4:31:39,51333.33,2388.96,184905.67,35.70,29.20,88,327
4:32:40,52697.67,2426.34,187855.80,35.60,29.20,88,457
4:33:40,52032.89,2393.06,181716.44,35.80,29.20,94,467
4:34:41,52523.18,2393.06,181716.44,35.70,29.20,95,384
4:35:41,55037.80,2441.41,185984.86,35.80,29.20,96,265
4:36:42,51888.16,2374.75,178849.72,36.10,29.20,113,498
4:37:42,52032.89,2383.71,181005.59,35.80,29.20,99,352
4:38:43,50834.95,2383.71,181005.59,35.90,29.10,106,282
4:39:43,51309.45,2393.06,181005.59,35.80,29.10,102,488
4:40:44,50366.56,2374.39,176795.58,35.80,29.20,107,250
4:41:44,51333.33,2407.80,184905.67,35.70,29.20,108,293
4:42:45,51960.53,2416.84,183489.69,35.90,29.20,102,547
4:43:45,49377.78,2379.23,181343.31,36.10,29.20,100,297
4:44:46,47894.41,2346.67,177490.75,35.90,29.10,104,276
4:45:46,50600.00,2411.89,185310.75,35.80,29.10,100,332
4:46:47,48773.59,2393.06,183146.09,36.20,29.10,101,333
4:47:47,49675.16,2411.89,180297.38,36.10,29.10,106,367
4:48:48,50366.56,2450.00,183864.92,36.20,29.10,102,547
4:49:48,48719.24,2403.29,182363.98,36.40,29.10,102,401
4:50:49,50600.00,2450.00,186037.73,36.20,29.10,110,433
4:51:49,48773.59,2393.06,180297.38,36.30,29.10,98,355
4:52:50,49675.16,2411.89,183864.92,36.10,29.10,103,502
4:53:50,47473.69,2370.26,180597.00,36.30,29.10,98,207
4:54:51,48996.85,2383.71,177490.75,35.90,29.10,104,355
4:55:51,51573.77,2426.80,184905.67,36.20,29.10,109,441
4:56:52,52231.79,2422.27,183804.16,36.40,29.10,108,349
4:57:52,52032.89,2402.45,183864.92,36.40,29.10,105,320
4:58:53,49221.52,2402.45,181005.59,36.40,29.10,106,340
4:59:53,52770.76,2479.00,190458.02,36.30,29.10,100,257
5:0:54,52523.18,2430.86,183146.09,36.60,29.10,104,302
5:1:54,50785.71,2393.85,180934.56,36.50,29.10,104,375
5:2:55,50763.75,2407.38,182771.56,36.40,29.10,98,190
5:3:55,53270.90,2430.86,185310.75,36.50,29.10,100,316
5:4:56,53020.00,2421.35,187500.00,36.60,29.10,97,327
5:5:56,52770.76,2421.35,182429.92,36.40,29.00,98,227
5:6:57,52032.89,2402.45,188235.31,36.40,29.10,102,299
5:7:57,56418.11,2440.41,189714.30,36.40,29.10,102,383
5:8:58,55531.03,2474.43,190076.34,36.70,29.10,102,396
5:9:58,52277.23,2383.71,181716.44,36.90,29.10,98,348
5:10:59,53523.49,2469.29,188235.31,36.60,29.10,102,372
5:11:59,55916.66,2484.76,190804.61,37.00,29.10,115,381
5:13:0,52277.23,2421.35,183864.92,37.00,29.10,103,371
5:14:0,53629.63,2421.81,184557.45,36.80,29.10,111,414
5:15:1,55340.20,2469.29,187500.00,36.70,29.10,103,513
5:16:1,53020.00,2430.86,186037.73,37.10,29.10,102,259
5:17:2,52523.18,2421.35,185310.75,37.00,29.00,99,383
5:18:2,51888.16,2421.81,186011.36,37.00,29.00,100,258
5:19:3,51309.45,2383.71,180297.38,36.80,29.00,101,246
5:20:3,52032.89,2430.86,187500.00,36.80,29.00,103,603
5:21:4,50834.95,2421.35,184586.48,37.00,29.00,104,401
5:22:4,48773.59,2421.35,181716.44,37.00,29.00,101,390
5:23:5,49675.16,2440.41,183146.09,37.10,29.00,98,372
5:24:5,49221.52,2421.35,187500.00,37.00,29.00,102,287
5:25:6,47462.97,2411.89,181005.59,37.20,29.00,98,443
5:26:6,46834.36,2407.80,181308.39,37.20,29.00,100,295
5:27:7,47036.81,2430.86,182429.92,37.20,29.00,99,312
5:28:7,46200.00,2430.86,186037.73,37.10,28.90,101,309
5:29:8,47678.02,2479.00,190458.02,36.90,28.90,99,556
5:30:8,45590.36,2436.36,185633.28,37.30,28.90,98,451
5:31:9,45789.16,2450.00,183864.92,37.10,28.90,105,376
5:32:9,46139.81,2451.04,188931.30,37.40,28.90,106,467
5:33:10,45251.49,2412.32,182397.03,37.40,28.90,100,343
5:34:10,44916.66,2435.88,182771.56,37.20,28.80,100,462
5:35:11,44389.38,2440.41,183864.92,37.40,28.80,98,299
5:36:11,43807.02,2393.06,176102.92,37.50,28.80,92,449
5:37:12,43424.41,2421.35,181005.59,37.30,28.80,93,412
5:38:12,43807.02,2421.35,180297.38,37.40,28.80,97,369
5:39:13,42487.11,2393.06,178888.88,37.60,28.80,101,415
5:40:13,42487.11,2440.41,183146.09,37.60,28.80,99,443
5:41:13,43551.02,2455.07,186389.42,37.80,28.80,98,311
5:42:14,42672.41,2421.35,180297.38,37.90,28.80,92,425
5:43:14,42545.98,2384.08,178849.72,37.70,28.80,92,485
5:44:15,43043.48,2426.80,182739.22,37.60,28.80,99,498
5:45:15,42119.66,2421.35,178188.52,37.70,28.80,104,534
5:46:16,42361.03,2393.46,180260.70,37.60,28.80,96,513
5:47:16,43422.74,2436.36,184180.80,37.60,28.70,96,455
5:48:17,42668.59,2417.28,182022.50,37.70,28.80,96,360
5:49:17,42672.41,2411.89,181716.44,37.50,28.80,94,371
5:50:18,41576.27,2374.39,176795.58,37.60,28.80,92,668
5:51:18,42487.11,2421.35,183146.09,37.30,28.80,94,479
5:52:19,42119.66,2402.45,181005.59,37.50,28.80,93,582
5:53:19,44654.76,2456.13,185606.06,37.40,28.80,99,357
5:54:20,42672.41,2393.06,177490.75,37.40,28.80,95,368
5:55:20,43807.02,2411.89,183146.09,37.20,28.70,94,578
5:56:21,45182.09,2498.54,191954.03,37.30,28.70,96,505
5:57:21,47036.81,2568.22,193461.55,37.70,28.70,85,425
5:58:22,43742.69,2426.34,180633.14,38.00,28.60,92,532
5:59:22,46825.69,2488.75,186767.50,37.60,28.50,99,494
6:0:23,47249.23,2528.15,188973.39,37.90,28.40,92,441
6:1:23,47473.69,2514.29,188571.44,38.00,28.40,108,509
6:2:24,43807.02,2374.39,175412.84,37.90,28.30,111,466
6:3:24,46901.84,2509.01,194208.50,37.60,28.30,98,384
6:4:25,49151.90,2573.67,195357.84,37.70,28.30,96,310
6:5:25,51071.43,2588.51,193461.55,38.10,28.20,92,418
6:6:26,47405.58,2451.04,185255.22,38.40,28.20,99,520
6:7:26,46340.43,2445.45,182056.09,38.10,28.10,92,428
6:8:27,45182.09,2430.86,181005.59,38.10,28.10,100,609
6:9:27,44194.12,2393.06,177490.75,38.20,28.10,101,485
6:10:28,44000.00,2450.00,180297.38,38.10,28.10,105,306
6:11:28,45387.38,2494.56,187096.80,38.10,28.10,97,448
6:12:29,47678.02,2578.34,192706.33,38.20,28.20,104,498
6:13:29,46407.30,2459.63,180297.38,38.30,28.10,93,426
6:14:30,47894.41,2568.22,191954.03,38.10,28.10,92,464
6:15:30,45794.55,2426.80,184180.80,38.40,28.10,98,385
6:16:31,49307.94,2589.34,195736.44,38.10,28.00,102,321
6:17:31,48551.73,2568.22,193461.55,38.60,28.00,110,368
6:18:32,46825.69,2450.00,186767.50,38.60,28.00,106,416
6:19:32,47249.23,2469.29,183864.92,38.10,27.90,104,437
6:20:33,46825.69,2518.24,190458.02,38.10,27.90,105,303
6:21:33,48331.25,2568.22,192706.33,38.20,27.90,103,576
6:22:34,47036.81,2488.75,188973.39,38.30,27.90,108,508
6:23:34,47036.81,2518.24,188973.39,38.20,27.90,103,309
6:24:35,50600.00,2660.91,202755.91,38.30,27.90,116,393
6:25:35,48773.59,2578.34,196511.64,38.60,27.90,100,392
6:26:36,46133.34,2464.73,188593.17,38.50,27.80,104,404
6:27:36,48331.25,2578.34,198830.42,38.20,27.90,102,372
6:28:37,49675.16,2608.97,200391.39,38.60,27.90,107,406
6:29:37,50600.00,2619.27,201964.64,38.70,27.80,104,765
6:30:38,51071.43,2619.27,202755.91,38.90,27.80,106,708
6:31:38,50834.95,2619.27,202755.91,38.90,27.70,103,416
6:32:39,52032.89,2619.27,198830.42,39.30,27.60,103,443
6:33:39,52277.23,2629.61,202755.91,39.40,27.50,108,432
6:34:40,52523.18,2608.97,201176.48,39.50,27.50,103,573
6:35:40,51790.16,2588.51,200391.39,39.50,27.50,108,458
6:36:41,47826.09,2474.43,186389.42,39.50,27.40,97,378
6:37:41,47036.81,2488.75,191954.03,39.10,27.50,98,340
6:38:42,46825.69,2450.00,187500.00,39.00,27.60,99,573
6:39:42,50366.56,2588.51,201964.64,38.80,27.60,103,438
6:40:43,52204.62,2614.56,199218.75,39.10,27.60,98,382
6:41:43,49221.52,2508.37,191954.03,39.10,27.60,100,550
6:42:44,50134.61,2578.34,200391.39,38.80,27.60,102,419
6:43:44,48551.73,2508.37,188235.31,39.00,27.60,101,384
6:44:45,46825.69,2508.37,189714.30,38.90,27.60,100,512
6:45:45,45993.96,2488.75,185310.75,38.80,27.70,100,271
6:46:46,52523.18,2660.91,202755.91,38.60,27.70,94,359
6:47:46,50366.56,2548.10,194219.66,38.80,27.60,97,365
6:48:47,49221.52,2538.11,188973.39,38.80,27.60,95,455
6:49:47,47181.54,2474.43,188593.17,38.70,27.60,97,441
6:50:48,52032.89,2650.43,205952.38,38.60,27.70,99,519
6:51:48,51790.16,2588.51,198054.48,38.70,27.70,97,422
6:52:49,57730.49,2656.16,204752.47,38.60,27.70,93,581
6:53:49,57526.50,2660.91,203550.28,38.80,27.60,128,463
6:54:50,57246.47,2640.00,200391.39,38.80,27.60,98,441
6:55:50,52304.64,2524.21,190804.61,38.70,27.50,116,614
6:56:51,57526.50,2682.00,203550.28,38.70,27.50,97,395
6:57:51,53555.55,2584.65,200000.00,39.10,27.50,97,354
6:58:52,50529.03,2484.17,190822.19,39.00,27.50,97,571
6:59:52,60278.39,2693.68,205964.22,38.90,27.50,98,30406
7:0:53,55606.89,2558.14,191954.03,39.20,27.50,100,618
7:1:53,56968.41,2548.10,200391.39,39.10,27.40,99,436
7:2:54,61567.17,2689.96,203968.25,39.10,27.40,93,584
7:3:54,55875.43,2588.51,200391.39,39.50,27.40,94,461
7:4:55,55455.17,2620.17,201968.50,39.50,27.30,92,521
7:5:55,55606.89,2619.27,199609.38,39.70,27.40,92,489
7:6:56,50834.95,2508.37,192706.33,39.80,27.30,91,338
7:7:56,48331.25,2498.54,191204.61,39.50,27.30,90,522
7:8:56,46615.86,2450.00,186767.50,39.30,27.40,92,515
7:9:57,47473.69,2514.29,193063.58,39.10,27.40,91,442
7:10:57,45383.23,2450.00,184586.48,39.30,27.50,86,408
7:11:58,48331.25,2598.72,191954.03,38.90,27.60,88,517
7:12:58,47462.97,2538.11,188235.31,39.30,27.60,87,398
7:13:59,45794.55,2494.56,186363.64,39.00,27.60,89,683
7:14:59,45251.49,2460.17,183114.45,38.80,27.60,90,528
7:16:0,45519.52,2445.45,182771.56,38.70,27.70,30153,30603
7:17:0,47462.97,2558.14,189714.30,38.70,27.70,93,425
7:18:1,46414.64,2465.28,182739.22,38.90,27.70,87,593
7:19:1,45590.36,2465.28,184180.80,38.50,27.70,91,602
7:20:2,45383.23,2498.54,183864.92,38.50,27.80,91,547
7:21:2,49447.62,2608.97,196511.64,38.50,27.80,93,535
7:22:3,54551.02,2650.43,204347.81,38.70,27.80,89,492
7:23:3,51790.16,2548.10,191204.61,38.80,27.70,89,583
7:24:4,47249.23,2508.37,188235.31,38.80,27.70,90,714
7:25:4,52770.76,2629.61,196511.64,38.70,27.70,90,566
7:26:5,54326.53,2636.21,201574.80,39.00,27.70,98,598
7:27:5,54551.02,2629.61,203550.28,39.00,27.70,97,324
7:28:6,55606.89,2629.61,196511.64,39.10,27.60,93,362
7:29:6,56418.11,2660.91,198054.48,39.10,27.50,91,595
7:30:7,57246.47,2660.91,198830.42,39.30,27.50,88,590
7:31:7,55075.34,2588.51,194219.66,39.30,27.50,101,610
7:32:8,55916.66,2678.26,200000.00,39.20,27.50,107,405
7:33:8,54476.19,2614.56,195357.84,39.40,27.50,103,531
7:34:9,53375.84,2548.84,194971.00,39.40,27.50,101,484
7:35:9,53020.00,2548.10,190458.02,38.90,27.50,108,349
7:36:10,54033.78,2578.34,195744.69,39.10,27.60,108,481
7:37:10,51094.46,2524.21,188571.44,39.20,27.50,106,529
7:38:11,50064.10,2493.95,185660.39,39.00,27.60,108,513
7:39:11,48331.25,2528.15,187500.00,38.90,27.60,104,335
7:40:12,46133.34,2445.45,184934.09,38.80,27.70,101,300
7:41:12,46758.41,2484.17,190076.34,38.50,27.80,101,534
7:42:13,46548.79,2455.07,184210.55,38.50,27.80,101,431
7:43:13,45585.58,2488.75,186767.50,38.20,27.90,104,300
7:44:14,44585.80,2411.89,181005.59,38.60,28.00,101,236
7:45:14,44585.80,2421.35,178888.88,38.20,28.10,108,356
7:46:15,44783.38,2459.63,183864.92,38.00,28.10,101,710
7:47:15,43807.02,2430.86,179591.83,38.20,28.20,103,461
7:48:16,47769.47,2524.89,191538.48,37.90,28.30,101,566
7:49:16,47541.80,2528.84,188952.39,38.20,28.20,98,556
7:50:17,48996.85,2588.51,193461.55,38.30,28.20,97,483
7:51:17,46969.33,2503.77,185660.39,38.60,28.20,105,478
7:52:18,45789.16,2479.00,187500.00,38.40,28.20,105,422
7:53:18,47249.23,2558.14,189714.30,38.20,28.20,99,551
7:54:19,49904.16,2548.10,193461.55,38.80,28.30,114,450
7:55:19,47181.54,2484.17,187121.22,38.90,28.20,96,503
7:56:20,47473.69,2524.21,189312.98,38.60,28.20,101,416
7:57:20,46407.30,2479.00,186767.50,38.90,28.20,99,713
7:58:21,48773.59,2528.15,191204.61,38.70,28.20,99,445
7:59:21,47249.23,2479.00,188973.39,39.10,28.30,98,468
8:0:22,47036.81,2479.00,186037.73,38.90,28.30,111,589
8:1:22,47036.81,2469.29,186037.73,38.90,28.30,99,473
8:2:23,44585.80,2440.41,178188.52,38.90,28.40,100,372
8:3:23,44783.38,2421.35,179591.83,38.60,28.40,97,359
8:4:24,43615.16,2383.71,175412.84,38.70,28.40,101,438
8:5:24,43807.02,2430.86,176795.58,38.40,28.50,96,367
8:6:25,43807.02,2383.71,177490.75,38.60,28.50,96,362
8:7:25,47036.81,2518.24,185310.75,38.10,28.60,94,352
8:8:26,45182.09,2421.35,176795.58,39.40,28.60,96,288
8:9:26,43807.02,2411.89,176102.92,38.60,28.60,99,353
8:10:27,46133.34,2435.88,179925.64,38.60,28.60,102,395
8:11:27,45387.38,2445.96,180597.00,38.80,28.60,97,382
8:12:28,44585.80,2411.89,176102.92,38.80,28.60,99,300
8:13:28,47678.02,2488.75,180297.38,38.70,28.60,97,331
8:14:29,44000.00,2374.39,172000.00,39.50,28.60,96,634
8:15:29,44000.00,2469.29,178188.52,38.50,28.60,97,418
8:16:30,45317.36,2435.88,182056.09,39.30,28.60,104,494
8:17:30,45789.16,2440.41,176795.58,38.90,28.60,102,351
8:18:31,45993.96,2402.45,178188.52,38.70,28.60,102,313
8:19:31,46615.86,2459.63,179591.83,38.60,28.60,98,478
8:20:32,45391.56,2422.73,178770.94,38.70,28.70,98,340
8:21:32,44000.00,2411.89,176102.92,38.40,28.70,93,556
8:22:33,44585.80,2411.89,176795.58,38.50,28.70,98,321
8:23:33,44194.12,2393.06,176795.58,38.70,28.70,116,467
8:24:34,44389.38,2440.41,181716.44,38.50,28.80,98,454
8:25:34,44652.82,2431.34,177449.16,38.90,28.80,96,570
8:26:34,44389.38,2411.89,176795.58,38.70,28.70,110,568
8:27:35,45383.23,2430.86,178888.88,38.60,28.70,89,384
8:28:35,48331.25,2578.34,184586.48,39.00,28.70,93,314
8:29:36,46200.00,2479.00,181716.44,40.00,28.70,90,430
8:30:36,47249.23,2508.37,183864.92,39.20,28.70,101,425
8:31:37,44783.38,2393.06,176102.92,39.40,28.70,90,590
8:32:37,45182.09,2450.00,186767.50,38.60,28.80,88,465
8:33:38,48719.24,2393.85,181647.92,39.00,28.80,87,476
8:34:38,52277.23,2498.54,185310.75,38.90,28.70,90,481
8:35:39,57526.50,2568.22,191954.03,39.30,28.70,85,664
8:36:39,56692.30,2508.37,182429.92,40.10,28.60,87,30450
8:37:40,53523.49,2498.54,181716.44,39.60,28.60,96,516
8:38:40,48125.00,2398.36,176383.75,39.60,28.60,101,552
8:39:41,48551.73,2498.54,181005.59,39.00,28.70,87,306
8:40:41,53020.00,2498.54,183146.09,39.40,28.70,84,362
8:41:42,50600.00,2459.63,181005.59,39.50,28.70,87,568
8:42:42,55340.20,2578.34,187500.00,39.20,28.70,89,389
8:43:43,56736.84,2564.33,188571.44,40.40,28.80,87,581
8:44:43,50154.34,2436.36,180597.00,39.70,28.70,85,430
8:45:44,50834.95,2450.00,182429.92,39.20,28.70,92,381
8:46:44,51477.13,2474.43,184210.55,39.30,28.80,91,511
8:47:45,53629.63,2518.91,186742.44,39.20,28.80,90,507
8:48:45,51071.43,2440.41,174725.27,40.20,29.00,91,338
8:49:46,50366.56,2498.54,185310.75,39.10,29.30,90,397
8:50:46,51477.13,2503.77,184210.55,38.50,29.80,93,547
8:51:47,53523.49,2459.63,178888.88,37.30,30.40,95,462
8:52:47,62127.34,2509.01,186742.44,36.00,31.00,95,371
8:53:48,57418.43,2446.47,180560.73,35.20,31.50,102,380
8:54:48,58092.54,2578.34,191204.61,33.80,32.10,98,490
8:55:49,55075.34,2440.41,177490.75,33.80,32.60,95,299
8:56:49,53270.90,2450.00,181716.44,32.40,33.00,101,383
8:57:50,52770.76,2469.29,181716.44,31.70,33.40,96,416
8:58:50,55075.34,2528.15,186767.50,31.20,33.80,99,420
8:59:51,52032.89,2548.10,185310.75,31.10,34.10,100,386
9:0:51,60058.40,2533.47,186389.42,30.70,34.40,96,593
9:1:52,69117.41,2568.22,191204.61,29.90,34.70,95,372
9:2:52,74592.27,2629.61,191954.03,29.60,34.80,101,408
9:3:53,72962.02,2629.61,192706.33,29.60,34.90,92,865
9:4:53,68385.54,2619.27,192706.33,29.90,35.10,88,563
9:5:54,65486.38,2553.49,190076.34,29.90,35.10,93,397
9:6:54,66433.07,2538.82,188212.94,29.90,35.00,84,439
9:7:55,62292.14,2548.10,186767.50,29.60,34.80,82,372
9:8:55,65914.06,2568.22,189714.30,30.00,34.60,80,425
9:9:56,64895.75,2548.10,192706.33,30.50,34.40,81,399
9:10:56,62292.14,2518.24,185310.75,31.00,34.10,80,458
9:11:57,62044.95,2544.19,190804.61,30.90,33.80,80,389
9:12:57,70237.70,2578.34,193461.55,31.50,33.60,88,462
9:13:58,65914.06,2498.54,183146.09,32.10,33.40,80,384
9:14:58,61977.62,2498.54,187500.00,32.50,33.20,81,400
9:15:59,61047.98,2498.54,188235.31,32.70,33.10,80,519
9:16:59,61665.43,2498.54,186037.73,32.80,32.90,77,432
9:18:0,62609.02,2528.15,188973.39,32.90,32.90,79,337
9:19:0,63900.76,2538.11,189714.30,33.10,32.90,78,481
9:20:1,65232.56,2538.11,188973.39,33.10,32.80,78,404
9:21:1,63574.15,2488.75,186037.73,33.30,32.70,83,523
9:22:2,64561.54,2528.15,188235.31,33.30,32.70,79,392
9:23:2,64229.88,2508.37,188235.31,33.30,32.70,81,520
9:24:3,63250.00,2508.37,188235.31,33.20,32.70,82,595
9:25:3,62609.02,2528.15,193461.55,33.30,32.80,83,406
9:26:4,75852.19,2619.27,197281.56,33.40,32.80,83,390
9:27:4,59840.00,2498.54,182429.92,33.70,32.80,87,669
9:28:5,59249.10,2528.15,187500.00,33.50,32.80,88,667
9:29:5,58092.54,2548.10,185310.75,33.40,32.80,88,503
9:30:6,54216.95,2493.95,182771.56,33.40,32.80,86,403
9:31:6,60058.40,2573.67,189333.34,33.30,32.90,93,662
9:32:7,72167.35,2568.22,194219.66,33.20,32.90,85,407
9:33:7,68385.54,2558.14,191954.03,33.10,32.80,93,605
9:34:8,68023.99,2558.14,187500.00,33.00,32.90,91,446
9:35:8,57371.02,2479.58,179553.89,33.00,32.90,90,534
9:36:9,55875.43,2488.75,183146.09,33.20,32.90,87,339
9:37:9,53703.70,2493.95,180633.14,33.60,33.00,89,637
9:38:10,57246.47,2528.15,185310.75,33.80,33.00,103,530
9:39:10,56145.83,2498.54,188235.31,33.50,33.00,87,625
9:40:11,66611.11,2622.89,192649.91,33.40,33.10,86,551
9:41:11,72563.02,2588.51,188973.39,33.30,33.00,133,779
9:42:12,69502.04,2549.58,185984.86,33.20,33.00,97,609
9:43:12,63574.15,2488.75,182429.92,33.10,33.10,83,580
9:44:13,67309.52,2548.10,186037.73,33.30,33.10,82,591
9:45:13,59249.10,2469.29,178888.88,33.60,33.10,83,371
9:46:14,53228.18,2460.71,178107.59,33.40,33.10,90,499
9:47:14,59840.00,2518.24,182429.92,33.40,33.10,84,437
9:48:15,57526.50,2479.00,181005.59,33.00,33.10,95,706
9:49:15,56968.41,2498.54,183146.09,33.20,33.10,104,608
9:50:16,59279.99,2515.61,183396.23,33.30,33.00,88,537
9:51:16,57526.50,2469.29,182429.92,33.20,33.00,84,363
9:52:17,56615.38,2474.43,183489.69,33.10,33.00,84,689
9:53:17,57574.46,2494.56,184180.80,33.30,33.10,82,685
9:54:18,58666.68,2508.37,180297.38,33.40,33.10,80,725
9:55:18,51549.02,2450.00,180297.38,33.50,33.10,84,317
9:56:19,49904.16,2459.63,176102.92,33.40,33.10,81,426
9:57:19,50387.10,2484.76,179182.14,33.40,33.10,81,667
9:58:20,49675.16,2469.29,174725.27,33.60,33.10,83,391
9:59:20,47678.02,2459.63,174725.27,33.80,33.10,81,514
10:0:21,55340.20,2498.54,182429.92,33.50,33.10,78,454
10:1:21,61977.62,2548.10,185310.75,33.30,33.20,94,597
10:2:22,61111.11,2504.40,184180.80,33.30,33.10,82,550
10:3:22,59760.00,2484.17,179220.77,33.30,33.10,83,654
10:4:23,55611.11,2476.15,178398.50,33.50,33.10,94,611
10:5:23,51309.45,2328.37,166010.73,33.50,33.10,97,840
10:6:24,60439.56,2578.34,186037.73,33.20,33.10,83,715
10:7:24,66086.28,2528.84,186742.44,33.50,33.00,85,571
10:8:25,63900.76,2498.54,183146.09,33.30,32.90,151,587
10:9:25,58666.68,2459.63,177490.75,33.40,32.90,85,579
10:10:26,51261.44,2470.42,173944.95,34.00,33.00,85,416
10:11:26,51790.16,2498.54,177490.75,34.10,33.00,82,686
10:12:27,47462.97,2346.67,169314.06,34.30,33.00,86,397
10:13:27,53523.49,2518.24,180297.38,33.90,33.00,86,666
10:14:28,52204.62,2493.95,177121.75,34.10,33.00,88,560
10:15:28,69117.41,2578.34,185310.75,33.50,32.90,92,534
10:16:29,61047.98,2488.75,179591.83,33.80,32.90,87,538
10:17:29,59840.00,2488.75,179591.83,33.70,32.90,88,452
10:18:30,56968.41,2498.54,178888.88,34.00,32.90,85,345
10:19:30,58430.10,2243.56,159154.94,34.00,32.90,90,384
10:20:31,70237.70,2538.11,183146.09,33.20,32.90,87,435
10:21:31,68385.54,2558.14,187500.00,33.30,32.90,88,508
10:22:32,96452.63,2671.43,194980.70,33.60,32.90,88,406
10:23:32,84663.51,2528.15,182429.92,33.60,32.90,90,482
10:24:33,82679.07,2588.51,189714.30,33.40,32.80,90,458
10:25:33,87785.36,2598.72,190458.02,33.50,32.80,89,421
10:26:34,89860.70,2563.56,190076.34,33.80,32.80,104,418
10:27:34,85171.44,2598.72,188235.31,33.80,32.80,95,486
10:28:35,74592.27,2538.11,182429.92,33.80,32.90,92,610
10:29:35,75008.61,2548.10,182429.92,33.80,32.90,83,383
10:30:36,88323.52,2629.61,188235.31,33.80,32.90,89,446
10:31:36,78923.78,2528.15,183146.09,33.90,32.90,114,617
10:32:37,63900.76,2459.63,178888.88,33.80,32.90,87,626
10:33:37,78178.58,2646.65,197660.83,33.50,32.90,132,601
10:34:38,90530.00,2629.61,188973.39,33.50,32.90,100,685
10:35:38,88866.99,2629.61,191204.61,33.30,32.90,84,472
10:36:39,100983.59,2640.00,191954.03,33.60,32.80,85,717
10:37:39,91666.66,2619.27,187500.00,33.80,32.80,85,385
10:38:40,86724.64,2568.22,186767.50,34.10,32.80,89,489
10:39:40,81888.90,2574.47,182022.50,34.10,32.80,88,705
10:40:41,67665.34,2498.54,181005.59,34.50,32.80,105,719
10:41:41,68385.54,2508.37,183146.09,34.50,32.80,103,581
12:37:52,20868.57,1673.67,373109.25,39.00,30.40,0,0
12:38:52,31789.47,2107.28,324102.53,39.60,30.50,184,1306
12:39:53,37226.32,2274.35,302702.69,39.10,30.60,125,1181
12:40:53,41219.10,2328.37,278037.41,38.80,30.80,108,1062
12:41:54,44000.00,2393.06,280281.72,38.50,30.90,115,514
12:42:54,42672.41,2256.63,270344.81,38.60,31.10,117,436
12:43:55,44000.00,2221.61,247702.41,37.00,31.30,100,604
12:44:55,45317.36,2217.29,248245.61,36.50,31.50,112,520
12:45:55,58877.70,2523.53,270967.72,35.90,31.70,109,652
12:46:56,57808.50,2459.63,261851.02,35.80,31.80,112,509
12:47:56,56692.30,2355.87,245751.64,35.90,32.00,105,634
12:48:57,53777.77,2450.00,254666.64,35.70,32.00,135,552
12:49:57,64471.04,2585.47,262727.25,35.50,32.10,103,501
12:50:58,65914.06,2548.10,247702.41,35.40,32.30,114,493
12:51:58,59249.10,2538.11,241900.66,35.20,32.40,99,718
12:52:59,63900.76,2528.15,245751.64,34.90,32.50,108,421
12:53:59,67665.34,2568.22,245751.64,34.80,32.50,108,468
12:55:0,64561.54,2538.11,241900.66,34.90,32.60,104,594
12:56:0,63900.76,2508.37,237179.50,34.50,32.70,111,637
12:57:1,68023.99,2588.51,240948.28,34.20,32.80,96,553
12:58:1,70237.70,2588.51,243817.78,33.90,32.80,116,662
12:59:2,59840.00,2548.10,234394.92,34.10,32.90,105,542
13:0:2,56968.41,2538.11,235319.14,34.30,32.90,125,527
13:1:3,67665.34,2588.51,240948.28,34.60,33.00,98,597
13:2:3,65914.06,2528.15,238115.63,34.80,33.10,120,481
13:3:4,52770.76,2247.83,216700.59,34.60,33.10,106,535
13:4:4,60742.66,2346.67,224481.34,34.20,33.20,101,381
13:5:5,72167.35,2598.72,240000.00,33.90,33.30,101,656
13:6:5,80767.13,2629.61,237179.50,33.60,33.30,104,961
13:7:6,72563.02,2568.22,232558.16,33.70,33.40,105,413
13:8:6,75142.85,2625.81,238709.69,33.60,33.40,101,441
13:9:7,91666.66,2671.43,240000.00,33.20,33.50,98,502
13:10:7,86201.92,2598.72,233474.58,32.70,33.50,95,639
13:11:8,81714.29,2518.24,232558.16,32.70,33.60,99,485
13:12:8,78026.68,2558.14,233474.58,32.70,33.60,100,618
13:13:9,85684.21,2608.97,229831.95,32.60,33.60,98,389
13:14:9,81238.54,2608.97,233474.58,32.80,33.60,121,618
13:15:10,74592.27,2588.51,226250.00,32.70,33.60,109,752
13:16:10,89415.84,2640.00,228930.83,32.90,33.60,101,454
13:17:11,73897.43,2564.33,223236.53,33.10,33.60,93,626
13:18:11,62292.14,2508.37,214170.03,33.00,33.60,99,688
13:19:12,63574.15,2508.37,215010.13,32.80,33.70,94,598
13:20:12,65232.56,2538.11,220987.63,32.20,33.80,107,30604
13:21:13,56461.53,2370.26,213793.08,31.80,33.70,100,672
13:22:13,68385.54,2528.15,221855.70,32.20,33.80,99,408
13:23:14,69771.42,2503.77,222314.08,31.70,33.80,98,497
13:24:14,90530.00,2640.00,228033.48,31.70,33.80,100,633
13:25:15,100315.20,2692.61,233474.58,31.60,33.80,101,648
13:26:15,81714.29,2548.10,223602.50,31.60,33.90,106,492
13:27:16,62292.14,2247.83,205952.38,31.50,33.90,97,508
13:28:16,74724.13,2584.65,227672.97,32.70,34.00,93,588
13:29:17,62928.30,2402.45,214170.03,31.60,34.00,94,606
13:30:17,74179.48,2588.51,222727.30,31.80,34.00,97,605
13:31:18,75428.56,2558.14,221855.70,31.50,34.00,97,540
13:32:18,73770.20,2598.72,221855.70,31.50,34.00,98,723
13:33:19,72167.35,2598.72,220123.17,31.50,34.10,99,604
13:34:19,69967.21,2514.29,207185.63,31.70,34.10,107,464
13:35:20,58092.54,2588.51,213333.31,31.60,34.10,104,881
13:36:20,59249.10,2588.51,216700.59,31.40,34.20,109,575
13:37:21,54551.02,2548.10,213333.31,31.40,34.20,131,682
13:38:21,47249.23,2283.27,200391.39,31.50,34.30,125,664
13:39:22,47678.02,2365.11,205952.38,32.00,34.30,104,411
13:40:22,61665.43,2598.72,217551.02,31.40,34.40,106,524
13:41:23,75008.61,2660.91,225363.83,30.90,34.40,112,589
13:42:23,69487.80,2588.51,220123.17,30.80,34.40,114,668
13:43:24,51477.13,2165.83,190822.19,31.00,34.30,111,728
13:44:24,66956.52,2568.22,217551.02,32.20,34.40,106,628
13:45:25,75008.61,2578.34,215853.64,30.80,34.30,66,651
13:46:25,88323.52,2640.00,219262.27,30.70,34.40,110,720
13:47:26,92826.52,2629.61,219262.27,30.60,34.40,113,469
13:48:26,64229.88,2411.89,200391.39,30.30,34.30,110,661
13:49:27,77145.38,2568.22,219262.27,31.00,34.40,114,654
13:50:27,83558.69,2614.56,221443.28,30.20,34.40,123,602
13:51:28,78923.78,2608.97,214170.03,30.10,34.40,122,543
13:52:28,72962.02,2568.22,215853.64,30.20,34.40,114,675
13:53:29,69117.41,2498.54,212500.00,30.20,34.40,109,437
13:54:29,93415.38,2671.43,227139.89,30.60,34.40,105,685
13:55:30,98352.93,2640.00,219262.27,30.00,34.40,109,651
13:56:30,90530.00,2558.14,215853.64,30.00,34.40,113,499
13:57:31,66258.83,2144.79,184586.48,30.10,34.50,108,730
13:58:31,94645.83,2647.62,222406.61,31.10,34.50,105,642
13:59:32,94611.40,2578.34,218404.89,29.50,34.60,99,311
14:0:32,97079.36,2660.91,222727.30,29.50,34.50,139,788
14:1:33,95218.74,2650.43,221855.70,29.50,34.50,104,748
14:2:33,85171.44,2598.72,213333.31,29.60,34.50,113,670
14:3:34,61665.43,2119.77,183864.92,29.80,34.50,106,503
14:4:34,65232.56,2153.19,190458.02,31.00,34.60,101,691
14:5:35,81238.54,2518.24,216700.59,30.40,34.70,103,411
14:6:35,86201.92,2588.51,218404.89,29.20,34.70,100,666
14:7:36,81714.29,2548.10,217551.02,29.30,34.70,98,633
14:8:36,88323.52,2619.27,218404.89,29.40,34.60,102,428
14:9:37,75008.61,2402.45,206759.44,29.20,34.70,104,530
14:10:37,74179.48,2469.29,210843.36,29.60,34.70,105,572
14:11:38,97079.36,2671.43,220123.17,29.30,34.70,109,561
14:12:38,69117.41,2204.31,199609.38,28.60,34.70,109,502
14:13:39,89970.15,2619.27,220987.63,29.90,34.70,111,633
14:14:39,108848.82,2713.97,220987.63,28.70,34.70,107,589
14:15:40,83661.98,2588.51,212500.00,28.70,34.70,103,812
14:16:40,66258.83,2479.00,204347.81,28.80,34.70,105,527
14:17:41,70999.99,2650.43,215853.64,28.80,34.80,113,569
14:18:41,72962.02,2650.43,215010.13,28.50,34.80,101,479
14:19:42,66259.84,2590.17,207600.00,28.40,34.90,104,729
14:20:42,65914.06,2588.51,213333.31,28.80,35.00,103,482
14:21:43,58956.84,2518.24,208383.23,28.60,35.00,116,621
14:22:43,55075.34,2450.00,202755.91,28.80,35.10,102,617
14:23:44,87038.84,2683.04,218442.59,28.80,35.10,101,424
14:24:44,85684.21,2629.61,214170.03,28.00,35.10,102,463
14:25:45,81238.54,2578.34,210020.03,28.00,35.10,105,777
14:26:45,84663.51,2498.54,205952.38,28.00,35.10,100,548
14:27:46,60742.66,2195.70,194980.70,28.00,35.20,130,704
14:28:46,82194.45,2608.97,215010.13,29.10,35.20,101,627
14:29:47,86201.92,2619.27,214170.03,27.50,35.20,106,441
14:30:47,98352.93,2682.00,216700.59,27.60,35.20,116,637
14:31:48,105028.23,2730.70,215447.14,27.40,35.20,103,436
14:32:48,84663.51,2650.43,212500.00,27.30,35.10,106,520
14:33:49,100195.64,2709.17,218852.44,27.50,35.10,101,535
14:34:49,95104.16,2594.03,214604.44,27.50,35.10,104,709
14:35:50,98408.59,2658.13,212981.72,27.60,35.20,96,635
14:36:50,78473.22,2508.37,205952.38,27.50,35.20,97,953
14:37:51,86201.92,2640.00,208383.23,27.80,35.20,101,579
14:38:51,75428.56,2578.34,205952.38,27.30,35.20,99,782
14:39:52,73364.40,2538.11,205148.52,27.40,35.30,97,418
14:40:52,92243.65,2692.61,215010.13,27.50,35.30,100,326
14:41:53,89970.15,2619.27,211670.00,27.20,35.30,99,625
14:42:53,60439.56,2161.63,184586.48,27.30,35.30,101,652
14:43:54,76854.63,2584.65,208817.63,28.80,35.30,103,672
14:44:54,88323.52,2671.43,214170.03,27.20,35.30,107,536
14:45:55,76614.05,2323.94,197665.38,27.00,35.30,94,528
14:46:55,91666.66,2650.43,213333.31,27.70,35.30,93,575
14:47:56,100315.20,2735.53,215853.64,27.00,35.30,94,570
14:48:56,101659.33,2682.00,218404.89,27.00,35.20,99,499
14:49:57,97595.73,2573.67,210441.75,26.90,35.20,97,632
14:50:57,70999.99,2204.31,188235.31,27.10,35.20,99,597
14:51:58,61355.56,2128.08,177490.75,28.40,35.20,98,444
14:52:58,77584.08,2588.51,205952.38,28.90,35.20,107,644
14:53:59,75008.61,2588.51,204347.81,27.50,35.20,109,545
14:54:59,75008.61,2578.34,204347.81,27.60,35.20,106,415
14:56:0,70909.09,2553.49,203155.81,27.50,35.30,99,596
14:57:0,75008.61,2608.97,205952.38,27.50,35.30,99,486
14:58:1,88866.99,2682.00,209200.00,27.20,35.30,104,582
14:59:1,76279.48,2598.72,204347.81,27.00,35.40,107,573
15:0:2,59840.00,2274.35,188973.39,27.20,35.40,106,494
15:1:2,59840.00,2498.54,201176.48,27.90,35.40,105,693
15:2:3,69487.80,2650.43,206759.44,27.20,35.40,164,841
15:3:3,54551.02,2301.20,188973.39,26.90,35.40,109,590
15:4:4,57808.50,2195.70,183146.09,27.90,35.40,104,478
15:5:4,75428.56,2629.61,210843.36,28.30,35.40,100,271
15:6:5,85684.21,2640.00,211670.00,26.80,35.40,105,533
15:7:5,98352.93,2682.00,217551.02,26.80,35.40,106,547
15:8:6,95218.74,2650.43,207569.72,26.80,35.40,106,592
15:9:6,85171.44,2608.97,205148.52,26.80,35.50,112,566
15:10:7,106605.70,2703.27,208383.23,26.90,35.50,106,560
15:11:7,98352.93,2671.43,206759.44,26.60,35.50,105,490
15:12:8,89641.79,2636.21,206374.50,26.80,35.50,105,324
15:13:8,80300.01,2568.22,202755.91,26.90,35.60,106,600
15:14:9,61047.98,2247.83,188973.39,26.90,35.60,109,855
15:15:9,79837.11,2650.43,212500.00,27.80,35.70,106,342
15:16:10,66258.83,2411.89,195744.69,26.60,35.60,130,402
15:17:10,78923.78,2640.00,210020.03,27.20,35.60,110,30496
15:18:11,78923.78,2619.27,208383.23,26.60,35.60,110,440
15:19:11,92243.65,2682.00,211670.00,26.70,35.60,108,420
15:20:12,85684.21,2598.72,206759.44,26.60,35.60,108,478
15:21:12,100315.20,2682.00,211670.00,26.80,35.50,110,414
15:22:13,107218.37,2698.47,215447.14,26.60,35.50,108,568
15:23:13,115231.68,2682.00,212500.00,26.20,35.50,104,400
15:24:14,118662.46,2703.27,207569.72,26.40,35.60,105,594
15:25:14,103033.32,2640.00,206759.44,26.30,35.60,102,404
15:26:15,94611.40,2640.00,203550.28,26.40,35.70,101,464
15:27:15,92243.65,2498.54,182429.92,26.20,35.70,105,547
15:28:16,66606.30,2136.42,171324.84,26.60,35.70,109,674
15:29:16,91333.33,2646.65,208817.63,27.80,35.70,113,473
15:30:17,100315.20,2650.43,209200.00,26.00,35.70,116,653
15:31:17,116968.91,2750.00,213414.61,26.00,35.70,110,392
15:32:18,97079.36,2671.43,205148.52,25.90,35.70,108,472
15:33:18,91555.55,2645.69,203952.56,25.90,35.70,121,774
15:34:19,71294.60,2314.86,187855.80,25.80,35.70,107,557
15:35:19,97712.76,2660.91,210843.36,26.80,35.70,106,580
15:36:20,100983.59,2671.43,209200.00,25.50,35.70,107,675
15:37:20,105152.52,2608.97,210020.03,25.50,35.70,103,388
15:38:21,121350.27,2735.53,211670.00,25.50,35.60,105,465
15:39:21,83168.23,2346.67,193461.55,25.40,35.70,101,281
15:40:22,107965.30,2687.83,208800.00,26.40,35.70,105,547
15:41:22,90874.38,2528.84,202761.33,25.40,35.70,106,504
15:42:23,97712.76,2682.00,207569.72,25.90,35.70,100,614
15:43:23,96452.63,2703.27,205952.38,25.40,35.70,107,469
15:44:24,86724.64,2619.27,204347.81,25.50,35.80,105,682
15:45:24,82679.07,2588.51,201176.48,25.70,35.80,102,575
15:46:25,89415.84,2640.00,205148.52,25.80,35.80,122,605
15:47:25,64229.88,2153.19,178888.88,25.70,35.80,104,491
15:48:26,84663.51,2608.97,206759.44,26.90,35.90,106,555
15:49:26,95832.45,2640.00,205148.52,25.40,35.90,109,365
15:50:27,97712.76,2650.43,208383.23,25.50,35.90,126,565
15:51:27,108092.46,2692.61,209200.00,25.40,35.90,102,641
15:52:28,100315.20,2629.61,205952.38,25.40,35.90,212,548
15:53:28,99654.04,2640.00,203550.28,25.50,35.90,114,30722
15:54:29,122774.15,2764.60,210462.77,25.40,35.90,116,721
15:55:29,117788.78,2703.27,208383.23,25.10,35.90,103,389
15:56:30,129047.02,2801.33,211670.00,25.10,35.90,100,468
15:57:30,132150.73,2779.20,213333.31,24.80,35.90,116,785
15:58:31,111171.57,2671.43,208383.23,24.70,35.90,97,369
15:59:31,116925.89,2692.61,211670.00,25.00,35.90,99,478
16:0:32,132000.05,2774.34,212096.77,25.20,36.00,94,536
16:1:32,133213.84,2768.21,213333.31,25.20,36.00,96,535
16:2:33,134769.28,2770.73,211717.16,25.30,36.00,93,563
16:3:33,125098.09,2682.00,205952.38,25.20,36.00,98,667
16:4:34,145955.25,2768.21,210843.36,25.30,36.00,94,435
16:5:34,128604.07,2742.73,208817.63,25.20,36.00,95,444
16:6:35,120443.00,2724.73,207569.72,25.10,36.10,95,640
16:7:35,112502.96,2683.04,206772.91,24.90,36.10,91,579
16:8:36,113578.28,2703.27,206759.44,25.10,36.20,100,807
16:9:36,123199.95,2757.27,207569.72,25.10,36.20,101,847
16:10:37,116073.59,2640.00,199609.38,24.80,36.20,93,594
16:11:37,102342.53,2558.14,191204.61,25.10,36.30,94,468
16:12:38,98352.93,2598.72,199609.38,25.30,36.30,95,480
16:13:38,120369.38,2734.22,205588.83,25.30,36.20,101,715
16:14:39,126065.84,2682.00,201176.48,25.10,36.30,91,743
16:15:39,115097.53,2656.16,199218.75,25.10,36.40,108,438
16:16:40,88323.52,2568.22,191204.61,25.00,36.40,94,528
16:17:40,82194.45,2568.22,190458.02,25.10,36.40,98,724
16:18:41,91666.66,2640.00,198054.48,25.00,36.40,100,463
16:19:41,115231.68,2724.73,203550.28,24.70,36.40,95,540
16:20:42,117788.78,2768.21,208383.23,24.60,36.50,101,686
16:21:42,111964.26,2692.61,204347.81,24.50,36.50,101,532
16:22:43,100195.64,2388.57,174358.97,24.70,36.50,106,436
16:23:43,74592.27,2230.31,187500.00,25.10,36.50,106,408
16:24:44,114399.97,2703.27,207569.72,25.60,36.50,103,346
16:25:44,129621.67,2775.61,209638.55,24.20,36.50,107,504
16:26:45,130067.62,2735.53,210020.03,24.20,36.40,117,510
16:27:45,135384.66,2779.20,210843.36,24.30,36.40,105,505
16:28:46,130067.62,2768.21,207569.72,24.30,36.40,109,680
16:29:46,124142.81,2713.97,205148.52,24.30,36.50,120,585
16:30:47,121210.15,2741.54,209619.23,24.40,36.40,106,695
16:31:47,118662.46,2757.27,207569.72,24.40,36.50,103,499
16:32:48,118524.96,2719.91,204752.47,24.50,36.50,110,450
16:33:48,119547.13,2735.53,205952.38,24.30,36.60,109,469
16:34:49,120443.00,2713.97,204347.81,24.10,36.60,114,484
16:35:49,123199.95,2703.27,202755.91,24.10,36.60,115,609
16:36:50,108092.46,2660.91,199609.38,24.30,36.70,103,452
16:37:50,110388.21,2692.61,205148.52,24.70,36.60,108,588
16:38:51,108848.82,2724.73,205952.38,24.60,36.60,110,676
16:39:51,104314.59,2666.67,202362.20,24.70,36.60,109,444
16:40:52,104438.19,2660.91,201176.48,24.70,36.60,109,507
16:41:52,94010.30,2692.61,198830.42,24.70,36.60,112,365
16:42:53,95832.45,2660.91,195744.69,24.60,36.60,110,662
16:43:53,107218.37,2698.47,203155.81,24.40,36.60,105,624
16:44:54,105152.52,2682.00,200391.39,24.40,36.50,138,537
16:45:54,101856.34,2705.47,201181.09,24.50,36.60,115,538
16:46:55,93896.90,2666.67,194594.59,24.60,36.60,111,481
16:47:55,133680.59,2781.78,205168.98,24.60,36.60,110,403
16:48:56,95832.45,2598.72,193461.55,24.30,36.60,108,578
16:49:56,88323.52,2578.34,192706.33,24.70,36.70,103,573
16:50:57,113999.97,2731.87,201574.80,24.80,36.60,103,505
16:51:57,136493.00,2985.71,216700.59,24.20,36.60,104,731
16:52:58,134769.28,2662.91,181647.92,23.90,36.70,110,740
16:53:58,126463.53,2716.23,203564.36,24.30,36.70,108,505
16:54:59,98999.99,2365.11,186767.50,24.30,36.70,107,701
16:55:59,111171.57,2671.43,202755.91,24.80,36.70,104,574
16:57:0,92826.52,2703.27,201964.64,24.50,36.70,106,670
16:58:0,91095.48,2619.27,197281.56,24.60,36.70,102,687
16:59:1,95832.45,2650.43,198830.42,24.70,36.70,102,584
17:0:1,80767.13,2588.51,192706.33,24.70,36.60,107,536
17:1:2,79378.39,2619.27,194980.70,24.90,36.70,106,519
17:2:2,74592.27,2619.27,189714.30,24.80,36.70,102,631
17:3:3,64895.75,2568.22,186037.73,24.70,36.70,111,499
17:4:3,56418.11,2328.37,178188.52,24.80,36.80,104,506
17:5:4,56145.83,2528.15,183864.92,25.10,36.80,105,774
17:6:4,75756.52,2614.56,191570.89,24.70,36.80,112,502
17:7:5,74179.48,2640.00,191954.03,24.30,36.80,125,571
17:8:5,68750.00,2598.72,191954.03,24.30,36.90,110,573
17:9:6,69861.22,2588.51,191954.03,24.50,36.90,103,705
17:10:6,69398.38,2493.95,189333.34,24.50,36.90,101,502
17:11:7,65914.06,2558.14,191204.61,25.00,37.00,100,802
17:12:7,86193.23,2668.70,196108.95,24.60,36.90,134,474
17:13:8,81714.29,2650.43,196511.64,24.10,36.90,100,508
17:14:8,79378.39,2629.61,199609.38,24.30,36.90,100,580
17:15:9,89970.15,2640.00,192706.33,24.50,36.90,104,400
17:16:9,93415.38,2640.00,195744.69,24.40,36.90,102,533
17:17:10,116073.59,2682.00,193461.55,24.40,36.90,102,544
17:18:10,72563.02,2402.45,178188.52,23.90,36.90,100,712
17:19:11,64895.75,2548.10,183864.92,24.80,37.00,100,456
17:20:11,66956.52,2568.22,185310.75,24.40,37.00,98,729
17:21:12,80100.01,2599.57,195736.44,24.40,37.00,100,786
17:22:12,58956.84,2136.42,166010.73,24.40,37.10,99,598
17:23:13,109614.02,2724.73,202755.91,25.60,37.00,112,777
17:24:13,110258.80,2656.16,203155.81,24.00,37.00,105,516
17:25:14,103731.83,2629.61,197281.56,24.00,36.90,97,523
17:26:14,91666.66,2538.11,192706.33,24.10,36.90,95,701
17:27:15,113578.28,2713.97,201964.64,24.40,36.90,95,643
17:28:15,105874.98,2660.91,197281.56,24.00,36.80,93,556
17:29:16,103033.32,2588.51,195744.69,24.10,36.80,94,694
17:30:16,110388.21,2660.91,198054.48,24.10,36.80,91,689
17:31:17,102342.53,2578.34,191954.03,23.90,36.80,91,571
17:32:17,107344.80,2640.00,195744.69,23.80,36.80,93,663
17:33:18,105152.52,2640.00,195744.69,23.70,36.80,98,570
17:34:18,105374.98,2569.79,194961.25,24.00,36.80,100,505
17:35:19,125631.53,2764.60,202366.86,24.10,36.80,91,647
17:36:19,121210.15,2687.83,200784.33,23.90,36.70,91,629
17:37:20,110388.21,2650.43,196511.64,24.10,36.80,90,514
17:38:20,116073.59,2703.27,200391.39,24.10,36.80,91,585
17:39:21,127046.41,2779.20,205148.52,24.10,36.80,98,581
17:40:21,116073.59,2682.00,197281.56,24.00,36.80,97,625
17:41:22,122269.19,2724.73,201176.48,24.30,36.80,94,627
17:42:22,104438.19,2578.34,194219.66,24.00,36.80,100,691
17:43:23,110388.21,2671.43,200391.39,24.50,36.80,102,547
17:44:23,119547.13,2713.97,201176.48,24.30,36.80,104,404
17:45:24,130204.13,2783.07,201976.28,24.10,36.80,104,674
17:46:24,88866.99,2629.61,190458.02,24.10,36.80,109,738
17:47:25,89970.15,2629.61,183864.92,24.00,36.80,107,633
17:48:25,92826.52,2671.43,191954.03,24.00,36.80,106,852
17:49:26,86724.64,2619.27,189714.30,24.20,36.90,120,535
17:50:26,73770.20,2568.22,179591.83,24.10,36.90,105,643
17:51:27,77389.39,2630.54,188212.94,24.00,36.90,106,553
17:52:27,79378.39,2619.27,189714.30,24.10,36.90,105,529
17:53:28,80300.01,2608.97,184586.48,24.50,37.00,114,575
17:54:28,78783.80,2611.61,185227.28,24.30,37.00,104,531
17:55:29,73770.20,2608.97,188235.31,24.30,37.10,104,490
17:56:29,62209.74,2543.46,182771.56,24.20,37.00,105,666
17:57:30,57448.76,2191.41,156097.58,24.30,37.00,111,556
17:58:31,72563.02,2558.14,189714.30,25.00,37.00,113,354
17:59:31,85684.21,2650.43,195744.69,24.30,37.10,104,400
18:0:32,86201.92,2640.00,192706.33,24.30,37.00,105,366
18:1:32,75991.26,2564.33,187832.72,24.30,37.00,106,384
18:2:33,71774.99,2619.27,186767.50,24.50,37.00,109,626
18:3:33,65914.06,2578.34,183146.09,24.50,37.00,104,505
18:4:34,70617.27,2608.97,184586.48,24.60,37.00,102,516
18:5:34,79378.39,2671.43,189714.30,24.50,37.10,109,533
18:6:35,84663.51,2671.43,191954.03,24.60,37.10,109,788
18:7:35,80767.13,2629.61,189714.30,24.70,37.20,120,601
18:8:36,72167.35,2598.72,185310.75,24.80,37.20,119,684
18:9:36,78923.78,2682.00,191954.03,24.80,37.30,117,478
18:10:37,69487.80,2440.41,177490.75,24.50,37.20,105,512
18:11:37,80300.01,2619.27,188235.31,24.80,37.20,109,519
18:12:38,87785.36,2671.43,195744.69,24.70,37.20,107,509
18:13:38,95218.74,2682.00,198830.42,24.70,37.20,107,592
18:14:39,104438.19,2735.53,203550.28,24.90,37.30,102,433
18:15:39,102342.53,2703.27,199609.38,24.80,37.30,113,586
18:16:40,100983.59,2660.91,198830.42,24.80,37.20,119,617
18:17:40,86724.64,2346.67,162765.97,24.90,37.20,112,448
18:18:41,92243.65,2619.27,194980.70,25.30,37.20,115,467
18:19:41,103033.32,2660.91,195744.69,24.90,37.20,107,497
18:20:42,101417.57,2651.40,196504.86,24.80,37.20,105,507
18:21:42,95218.74,2608.97,188235.31,24.80,37.20,107,423
18:22:43,79837.11,2568.22,184586.48,25.00,37.10,108,710
18:23:43,78923.78,2578.34,183864.92,25.10,37.10,114,428
18:24:44,62443.61,2518.91,175367.64,25.20,37.10,107,636
18:25:44,68129.03,2576.07,184121.00,25.10,37.10,112,575
18:26:45,53270.90,2119.77,159578.20,25.20,37.10,108,678
18:27:45,67309.52,2578.34,188235.31,26.00,37.10,106,635
18:28:46,83168.23,2650.43,196511.64,25.10,37.10,107,610
18:29:46,97712.76,2735.53,200391.39,25.10,37.10,105,469
18:30:47,78923.78,2508.37,188235.31,25.10,37.10,104,526
18:31:47,82679.07,2629.61,189714.30,25.40,37.10,105,662
18:32:48,69487.80,2608.97,187500.00,25.20,37.00,104,725
18:33:48,65914.06,2588.51,186037.73,25.40,37.10,104,505
18:34:49,65571.98,2578.34,187500.00,25.50,37.00,106,438
18:35:49,55875.43,2204.31,167324.95,25.40,37.00,128,1108
18:36:50,62928.30,2558.14,188973.39,25.90,37.10,107,425
18:37:50,63574.15,2450.00,187500.00,25.30,37.10,103,713
18:38:51,73364.40,2640.00,191204.61,25.40,37.00,102,654
18:39:51,72563.02,2598.72,188235.31,25.10,37.00,101,608
18:40:52,82448.61,2723.35,200000.00,25.20,37.00,98,558
18:41:52,82194.45,2671.43,191204.61,25.00,37.10,102,454
18:42:53,82194.45,2640.00,188973.39,25.00,37.00,100,547
18:43:53,81612.91,2604.27,191570.89,24.90,37.00,102,604
18:44:54,82757.02,2641.90,190421.47,25.00,37.00,104,688
18:45:54,62609.02,2479.00,173357.66,24.90,37.00,103,770
18:46:55,60138.69,2548.10,177490.75,25.00,37.00,113,440
18:47:55,68120.48,2615.45,187096.80,24.90,37.00,99,677
18:48:56,61047.98,2430.86,178888.88,24.90,37.00,100,402
18:49:56,75852.19,2578.34,188235.31,25.40,37.00,112,733
18:50:57,94874.99,2699.56,196116.52,25.10,37.00,99,554
18:51:57,98999.99,2671.43,192706.33,24.70,36.90,97,328
18:52:58,95218.74,2479.00,177490.75,24.70,36.90,105,627
18:53:58,75008.61,2578.34,185310.75,24.90,36.90,99,493
18:54:59,65914.06,2598.72,187500.00,24.90,36.90,98,664
18:55:59,68023.99,2629.61,189714.30,25.00,36.90,97,627
18:57:0,67134.92,2599.57,184557.45,24.80,36.90,107,696
18:58:0,71385.89,2608.97,186767.50,24.80,36.90,99,641
18:59:1,62609.02,2528.15,180297.38,24.90,36.90,95,596
19:0:1,69130.08,2600.43,184528.31,25.10,36.90,98,696
19:1:2,65914.06,2558.14,182429.92,24.90,36.90,103,705
19:2:2,67665.34,2608.97,184586.48,24.90,36.90,105,638
19:3:3,70727.27,2636.21,189312.98,24.80,36.80,102,444
19:4:3,68750.00,2660.91,190458.02,24.70,36.80,102,380
19:5:4,49221.52,2212.94,157692.31,24.60,36.80,105,599
19:6:4,51790.16,2488.75,175412.84,25.10,36.80,101,456
19:7:5,52624.58,2569.00,178148.13,24.80,36.80,103,451
19:8:5,67665.34,2650.43,191204.61,24.90,36.80,103,441
19:9:6,76183.41,2656.16,193834.30,24.50,36.80,110,553
19:10:6,75428.56,2619.27,189714.30,24.70,36.80,105,489
19:11:7,71294.60,2645.69,189333.34,24.80,36.80,102,539
19:12:7,64229.88,2640.00,188973.39,24.70,36.80,103,413
19:13:8,60138.69,2588.51,183864.92,24.70,36.80,102,506
19:14:8,57652.48,2579.15,179553.89,24.80,36.80,109,721
19:15:9,51790.16,2548.10,176102.92,24.70,36.70,108,354
19:16:9,52032.89,2598.72,180297.38,24.70,36.70,108,488
19:17:10,51549.02,2558.14,176102.92,24.80,36.70,105,409
19:18:10,50316.13,2569.79,176014.73,24.80,36.70,108,403
19:19:11,48996.85,2578.34,178188.52,24.70,36.70,106,616
19:20:11,47894.41,2568.22,176795.58,24.80,36.70,109,519
19:21:12,57246.47,2578.34,187500.00,24.90,36.70,114,603
19:22:12,57808.50,2619.27,182429.92,24.80,36.60,105,448
19:23:13,50834.95,2578.34,175412.84,24.60,36.60,118,582
19:24:13,50600.00,2598.72,179591.83,24.70,36.60,108,635
19:25:14,56418.11,2650.43,186767.50,24.70,36.60,108,633
19:26:14,59840.00,2671.43,191204.61,24.70,36.60,107,522
19:27:15,60439.56,2640.00,191204.61,24.90,36.60,108,565
19:28:15,60742.66,2660.91,191204.61,24.90,36.50,108,437
19:29:16,65571.98,2660.91,194219.66,25.00,36.50,111,312
19:30:16,64229.88,2660.91,191954.03,25.00,36.50,110,565
19:31:17,69487.80,2671.43,193461.55,25.00,36.50,112,591
19:32:17,74179.48,2660.91,189714.30,24.90,36.50,105,605
19:33:18,74179.48,2650.43,189714.30,24.80,36.40,108,521
19:34:18,68750.00,2588.51,188235.31,24.90,36.50,112,702
19:35:19,71774.99,2598.72,190458.02,25.10,36.40,104,504
19:36:19,72962.02,2629.61,191204.61,25.10,36.40,108,477
19:37:20,63250.00,2619.27,181716.44,25.00,36.30,107,542
19:38:20,58092.54,2640.00,184586.48,25.00,36.30,105,527
19:39:21,56188.15,2646.65,186363.64,25.10,36.30,108,643
19:40:21,56145.83,2568.22,185310.75,25.30,36.30,107,492
19:41:22,54812.29,2558.14,186037.73,25.20,36.30,109,507
19:42:22,61047.98,2629.61,190458.02,25.40,36.30,110,851
19:43:23,59543.48,2640.00,188235.31,25.20,36.20,108,618
19:44:23,58956.84,2660.91,191954.03,25.20,36.20,107,464
19:45:24,60742.66,2660.91,191954.03,25.10,36.20,105,460
19:46:24,61256.51,2668.70,193050.20,25.20,36.20,106,453
19:47:25,64895.75,2703.27,193461.55,25.20,36.20,114,544
19:48:25,60439.56,2640.00,189714.30,25.10,36.20,108,598
19:49:26,56692.30,2650.43,187500.00,25.10,36.20,101,513
19:50:26,57808.50,2671.43,188973.39,25.20,36.20,103,489
19:51:27,55075.34,2660.91,188235.31,25.30,36.10,114,574
19:52:27,53270.90,2650.43,188235.31,25.50,36.10,107,722
19:53:28,54849.31,2625.81,186363.64,25.50,36.10,107,475
19:54:28,56145.83,2640.00,191204.61,25.50,36.10,107,655
19:55:29,56968.41,2671.43,192706.33,25.40,36.10,106,754
19:56:29,58719.43,2699.56,193063.58,25.20,36.10,105,592
19:57:30,57246.47,2682.00,191954.03,25.20,36.00,113,766
19:58:30,55916.66,2605.14,186363.64,25.20,36.00,102,514
19:59:31,58092.54,2671.43,191954.03,25.30,36.00,110,382
20:0:31,55340.20,2660.91,189714.30,25.20,36.00,105,548
20:1:32,52770.76,2640.00,188973.39,25.30,36.00,106,358
20:2:32,52277.23,2598.72,185310.75,25.40,36.00,106,358
20:3:33,52032.89,2619.27,186767.50,25.50,36.00,107,449
20:4:33,50834.95,2650.43,190458.02,25.10,35.90,113,620
20:5:34,50834.95,2682.00,191204.61,25.00,35.90,102,512
20:6:34,49377.78,2624.89,183489.69,25.00,35.90,104,689
20:7:35,48331.25,2619.27,183146.09,25.20,35.90,106,501
20:8:35,47894.41,2650.43,185310.75,25.40,35.90,101,561
20:9:36,47894.41,2650.43,184586.48,25.40,35.80,96,473
20:10:36,47462.97,2629.61,185310.75,25.60,35.80,101,492
20:11:37,47689.45,2657.14,184180.80,25.80,35.80,96,514
20:12:37,47249.23,2640.00,184586.48,25.90,35.80,102,643
20:13:38,47036.81,2608.97,183864.92,25.80,35.80,99,404
20:14:38,47046.16,2636.21,182739.22,25.70,35.70,101,625
20:15:39,46834.36,2615.45,181308.39,25.80,35.70,100,482
20:16:39,45383.23,2588.51,176102.92,25.80,35.70,105,698
20:17:40,44389.38,2548.10,172677.58,26.00,35.60,94,660
20:18:40,44585.80,2598.72,175412.84,26.20,35.60,102,690
20:19:41,45182.09,2578.34,176795.58,26.10,35.60,98,657
20:20:41,44783.38,2568.22,174725.27,26.20,35.50,94,587
20:21:42,44585.80,2578.34,173357.66,26.30,35.50,101,648
20:22:42,44000.00,2558.14,171324.84,26.10,35.50,97,542
20:23:43,44389.38,2558.14,174725.27,25.90,35.50,96,744
20:24:43,44520.71,2573.67,174358.97,26.10,35.50,103,639
20:25:44,44982.14,2568.22,176795.58,26.30,35.50,101,404
20:26:44,45182.09,2598.72,178188.52,26.50,35.50,102,703
20:27:45,44982.14,2578.34,175412.84,26.60,35.40,101,705
20:28:45,44585.80,2568.22,175412.84,26.60,35.40,120,893
20:29:46,44982.14,2598.72,175412.84,26.70,35.40,100,698
20:30:46,45119.75,2590.17,175322.28,26.80,35.40,115,706
20:31:47,44389.38,2578.34,174725.27,26.90,35.30,107,558
20:32:47,44783.38,2578.34,174040.20,27.00,35.30,110,678
20:33:48,43935.48,2553.49,171636.36,26.80,35.30,109,641
20:34:48,44390.53,2574.47,173626.38,26.80,35.20,107,630
20:35:49,44194.12,2568.22,174040.20,26.90,35.20,100,669
20:36:49,44194.12,2588.51,174040.20,27.10,35.20,105,581
20:37:50,44389.38,2588.51,175412.84,27.20,35.10,105,395
20:38:50,44783.38,2619.27,178188.52,27.00,35.20,109,686
20:39:51,44985.07,2594.87,173626.38,26.80,35.10,102,880
20:40:51,43807.02,2578.34,172677.58,27.00,35.10,107,528
20:41:52,43807.02,2568.22,170652.16,27.30,35.10,106,30851
20:42:52,43424.41,2568.22,170652.16,27.40,35.10,104,718
20:43:53,43424.41,2578.34,169981.91,27.50,35.00,107,518
20:44:53,43615.16,2548.10,171324.84,27.50,35.00,109,734
20:45:54,43043.48,2524.21,166906.48,27.60,35.00,109,726
20:46:54,42672.41,2558.14,166010.73,27.30,34.90,118,681
20:47:55,42302.86,2538.11,164056.95,27.70,35.00,126,1008
20:48:55,42119.66,2528.15,163410.31,27.30,34.90,111,718
20:49:56,42672.41,2548.10,168648.64,27.40,34.90,109,774
20:50:56,42858.79,2538.11,167324.95,27.50,34.90,144,988
20:51:57,42487.11,2548.10,167324.95,27.50,34.80,105,895
20:52:57,41576.27,2498.54,162765.97,27.50,34.80,108,852
20:53:58,42424.07,2523.53,167625.91,27.60,34.80,110,795
20:54:58,42302.86,2518.24,166010.73,27.70,34.70,110,826
20:55:59,42487.11,2568.22,167324.95,27.70,34.70,126,826
20:56:59,41756.37,2508.37,166010.73,27.80,34.70,109,657
20:58:0,41937.50,2538.11,165357.14,27.90,34.70,173,838
20:59:0,41988.57,2534.88,164874.56,27.90,34.70,110,1154
21:0:1,41576.27,2508.37,164056.95,28.00,34.70,103,837
21:1:1,41157.30,2503.77,161769.92,28.00,34.60,109,875
21:2:2,41576.27,2518.24,164056.95,28.10,34.60,30125,30668
21:3:2,41625.00,2534.88,165529.63,28.10,34.50,109,815
21:4:3,41042.02,2498.54,161484.09,28.10,34.50,114,1034
21:5:3,40857.14,2504.40,163636.38,28.20,34.50,105,716
21:6:4,40516.66,2469.29,160211.28,28.20,34.50,103,510
21:7:4,40000.00,2469.29,158947.38,28.30,34.50,105,937
21:8:5,40110.50,2474.43,158596.50,28.30,34.50,116,891
21:9:5,40804.47,2484.17,163055.06,28.40,34.40,111,770
21:10:6,40171.27,2469.29,159578.20,28.50,34.40,107,848
21:11:6,40343.49,2488.75,160211.28,28.50,34.40,114,815
21:12:7,40171.27,2469.29,159578.20,28.50,34.30,144,1131
21:13:7,39829.67,2459.63,158318.75,28.60,34.30,122,871
21:14:8,40000.00,2469.29,162123.91,28.60,34.30,106,898
21:15:8,40000.00,2459.63,160846.56,28.60,34.30,113,983
21:16:9,39829.67,2459.63,160211.28,28.60,34.20,114,829
21:17:9,40795.52,2489.96,164579.61,28.70,34.30,108,865
21:18:10,41042.02,2498.54,164705.89,28.70,34.30,131,788
21:19:10,40804.47,2493.95,162411.36,28.80,34.30,99,744
21:20:11,40795.52,2480.17,163928.58,28.90,34.20,115,756
21:21:11,39157.61,2430.86,155208.34,28.90,34.20,109,899
21:22:12,39769.23,2445.45,158596.50,28.80,34.10,108,704
21:23:12,39660.27,2450.00,158318.75,28.90,34.10,113,605
21:24:13,38827.03,2421.35,155826.09,29.00,34.10,104,997
21:25:13,38827.03,2411.89,154592.73,29.10,34.10,116,522
21:26:14,39479.45,2445.96,156643.36,29.20,34.10,100,635
21:27:14,38827.03,2411.89,155208.34,29.30,34.10,109,665
21:28:15,38663.07,2402.45,155208.34,29.30,34.00,97,582
21:29:15,38648.65,2407.80,154782.61,29.50,34.10,118,676
21:30:16,37697.62,2374.39,154592.73,29.60,34.00,104,497
21:31:16,38500.00,2393.06,157068.08,29.70,34.00,102,716
21:32:17,38337.80,2393.06,156446.00,29.70,34.00,102,727
21:33:17,38663.07,2402.45,157692.31,29.60,34.00,102,545
21:34:18,38663.07,2402.45,157692.31,29.70,34.00,103,736
21:35:18,38176.47,2393.06,159578.20,29.70,34.00,101,585
21:36:19,38485.18,2417.28,157894.75,29.70,34.00,99,809
21:37:19,38381.72,2412.32,158875.22,29.70,34.00,92,775
21:38:20,38753.39,2393.85,158172.23,29.80,34.00,97,675
21:39:20,38663.07,2440.41,161484.09,29.70,34.00,95,557
21:40:21,39939.39,2464.73,166308.25,29.60,34.00,113,687
21:41:21,40171.27,2479.00,166010.73,29.30,34.00,99,569
21:42:22,41157.30,2503.77,170289.84,29.30,34.00,175,873
21:43:22,40865.92,2479.00,170652.16,29.20,34.00,100,583
21:44:23,40690.80,2498.54,168648.64,29.20,34.00,100,594
21:45:23,41219.10,2508.37,172000.00,29.20,34.00,100,725
21:46:24,40558.66,2389.34,166187.06,29.00,34.00,114,1002
21:47:24,42609.20,2543.46,177121.75,29.00,34.00,100,916
21:48:25,41937.50,2469.29,173357.66,28.80,34.00,99,462
21:49:25,42858.79,2518.24,177490.75,29.00,34.00,103,863
21:50:26,44000.00,2568.22,180297.38,28.90,34.00,110,883
21:51:26,41937.50,2508.37,175412.84,28.80,34.00,103,652
21:52:27,43424.41,2538.11,179591.83,28.90,34.00,125,815
21:53:27,44783.38,2578.34,181716.44,28.80,34.00,109,834
21:54:28,46000.00,2605.14,184180.80,28.70,34.00,111,731
21:55:28,47462.97,2598.72,184586.48,28.60,34.00,126,876
21:56:29,50134.61,2629.61,188973.39,28.50,34.00,123,819
21:57:29,48112.15,2411.89,178888.88,28.10,33.90,113,430
21:58:30,46615.86,2488.75,182429.92,28.20,33.90,105,547
21:59:30,50134.61,2619.27,189714.30,28.30,33.90,101,402
22:0:31,48551.73,2459.63,180297.38,28.10,33.90,101,681
22:1:31,50134.61,2608.97,186767.50,28.10,33.90,123,727
22:2:32,49904.16,2578.34,186767.50,28.00,33.90,105,592
22:3:32,50064.10,2573.67,186389.42,28.00,33.80,109,870
22:4:33,47473.69,2524.21,184905.67,28.00,33.80,109,787
22:5:33,51309.45,2629.61,194219.66,28.10,33.80,110,622
22:6:34,52523.18,2650.43,190458.02,27.80,33.80,109,224
22:7:34,47894.41,2479.00,185310.75,27.80,33.80,105,573
22:8:35,49675.16,2588.51,190458.02,27.90,33.80,107,462
22:9:35,48112.15,2558.14,187500.00,27.90,33.80,102,564
22:10:36,52800.00,2667.68,192307.70,27.90,33.80,103,651
22:11:36,55647.05,2699.56,200000.00,27.60,33.80,109,457
22:12:37,59249.10,2692.61,195744.69,27.50,33.80,102,399
22:13:37,59897.82,2710.28,200000.00,27.60,33.80,109,308
22:14:38,75428.56,2812.47,207569.72,27.50,33.80,104,506
22:15:38,70617.27,2724.73,198054.48,27.30,33.70,105,476
22:16:39,74592.27,2768.21,202755.91,27.30,33.70,121,561
22:17:39,68385.54,2692.61,199609.38,27.30,33.60,107,523
22:18:40,68750.00,2735.53,199609.38,27.40,33.70,107,791
22:19:40,70237.70,2757.27,205952.38,27.50,33.70,113,568
22:20:41,71774.99,2779.20,204347.81,27.20,33.70,109,552
22:21:41,66956.52,2768.21,203550.28,27.20,33.70,114,454
22:22:42,62928.30,2650.43,198054.48,27.30,33.70,112,631
22:23:42,66606.30,2735.53,200391.39,27.30,33.70,108,598
22:24:43,56145.83,2459.63,184586.48,27.10,33.70,104,399
22:25:43,55606.89,2608.97,186767.50,27.50,33.70,118,547
22:26:44,52032.89,2588.51,185310.75,27.50,33.70,108,534
22:27:44,51549.02,2608.97,186767.50,27.80,33.70,106,556
22:28:45,53481.48,2652.38,197270.97,27.90,33.60,106,691
22:29:45,55075.34,2650.43,191204.61,27.80,33.70,118,612
22:30:46,55113.40,2646.65,193063.58,27.80,33.70,118,1041
22:31:46,54033.78,2682.00,200391.39,27.80,33.70,108,907
22:32:47,60742.66,2692.61,203550.28,27.80,33.70,194,1191
22:33:47,61977.62,2660.91,192706.33,27.60,33.70,102,649
22:34:48,65232.56,2735.53,199609.38,27.70,33.70,103,546
22:35:48,62292.14,2713.97,198830.42,27.70,33.70,108,816
22:36:49,60966.80,2741.54,197665.38,27.70,33.70,104,736
22:37:49,66258.83,2735.53,199609.38,27.70,33.60,106,528
22:38:50,59543.48,2421.35,183864.92,27.70,33.70,104,694
22:39:50,65914.06,2703.27,198054.48,27.80,33.60,103,30643
22:40:51,62928.30,2692.61,195744.69,27.60,33.70,104,678
22:41:51,57730.49,2614.56,188593.17,27.80,33.70,103,764
22:42:52,66956.52,2629.61,194219.66,28.00,33.60,109,594
22:43:52,73364.40,2746.37,199609.38,27.80,33.60,104,753
22:44:53,66956.52,2598.72,193461.55,27.80,33.60,106,650
22:45:53,69117.41,2703.27,194980.70,27.90,33.60,116,647
22:46:54,77584.08,2746.37,199609.38,27.90,33.60,103,623
22:47:54,75008.61,2703.27,195744.69,27.90,33.60,104,651
22:48:55,74592.27,2692.61,196511.64,28.10,33.50,114,725
22:49:55,80935.78,2678.26,200000.00,28.10,33.50,144,678
22:50:56,77584.08,2703.27,196511.64,28.10,33.50,108,532
22:51:56,74592.27,2598.72,191204.61,28.20,33.50,104,706
22:52:57,70237.70,2450.00,177490.75,28.20,33.50,113,753
22:53:57,71385.89,2703.27,196511.64,28.20,33.50,107,570
22:54:58,81238.54,2746.37,199609.38,28.30,33.40,112,772
22:55:58,99178.37,2770.73,203564.36,28.40,33.40,111,770
22:56:59,98999.99,2779.20,205148.52,28.40,33.40,105,521
22:57:59,95486.90,2554.24,190804.61,28.40,33.30,108,530
22:59:0,111964.26,2812.47,210020.03,28.50,33.30,109,636
23:0:0,94010.30,2640.00,200391.39,28.50,33.30,103,534
23:1:1,112766.44,2768.21,200391.39,28.60,33.20,96,732
23:2:1,98352.93,2713.97,198054.48,28.60,33.20,106,545
23:3:2,127046.41,2880.36,208383.23,28.60,33.20,98,519
23:4:2,108092.46,2508.37,179591.83,28.70,33.10,105,603
23:5:3,127046.41,2834.90,206759.44,28.80,33.10,103,581
23:6:3,118662.46,2801.33,205148.52,28.80,33.00,102,575
23:7:4,117788.78,2801.33,208383.23,28.80,33.00,101,441
23:8:4,151782.98,2965.44,217622.92,28.90,33.00,101,536
23:9:5,165550.02,2985.71,219262.27,28.60,32.90,100,428
23:10:5,141087.00,2880.36,209200.00,28.60,32.90,110,480
23:11:6,113578.28,2629.61,212500.00,28.70,32.80,111,392
23:12:6,121350.27,2568.22,191954.03,28.70,32.90,111,723
23:13:7,138757.19,2857.53,211670.00,28.70,32.80,98,745
23:14:7,172017.27,3083.10,225363.83,28.80,32.80,95,465
23:15:8,165550.02,2926.65,212500.00,29.00,32.70,100,516
23:16:8,137617.06,2857.53,206759.44,29.00,32.50,115,493
23:17:9,122269.19,2682.00,201176.48,29.20,32.50,110,476
23:18:9,131102.09,2857.53,210843.36,29.20,32.50,113,497
23:19:10,128040.05,2880.36,210020.03,29.30,32.50,108,443
23:20:10,117788.78,2823.66,205952.38,29.30,32.50,113,435
23:21:11,115231.68,2746.37,202755.91,29.40,32.50,114,746
23:22:11,97079.36,2629.61,208383.23,29.30,32.60,102,377
23:23:12,116073.59,2880.36,212500.00,29.20,32.50,130,561
23:24:12,135076.97,2905.00,215885.92,29.30,32.60,112,454
23:25:13,134291.70,2846.19,207569.72,29.20,32.60,115,427
23:26:13,121350.27,2812.47,204347.81,29.30,32.50,169,596
23:27:14,98235.28,2484.17,187855.80,29.30,32.60,115,30558
23:28:14,125098.09,2903.40,220123.17,29.30,32.60,157,685
23:29:15,130067.62,2823.66,213333.31,29.20,32.60,122,405
23:30:15,111964.26,2671.43,202755.91,29.20,32.50,110,471
23:31:16,112766.44,2834.90,210020.03,29.30,32.60,110,415
23:32:16,107344.80,2834.90,207569.72,29.30,32.60,105,393
23:33:17,123199.95,2880.36,216700.59,29.40,32.60,109,484
23:34:17,118249.96,2876.92,210462.77,29.30,32.60,111,450
23:35:18,139438.89,2923.29,214634.13,29.30,32.60,113,523
23:36:18,136493.00,2938.36,218404.89,29.30,32.60,107,381
23:37:19,118662.46,2703.27,209200.00,29.30,32.50,106,522
23:38:19,100983.59,2488.75,179591.83,29.30,32.50,112,469
23:39:20,108092.46,2823.66,209200.00,29.30,32.50,110,621
23:40:20,131102.09,2915.00,213333.31,29.40,32.60,105,384
23:41:21,120443.00,2857.53,210020.03,29.40,32.50,111,585
23:42:21,106605.70,2834.90,212500.00,29.40,32.50,112,492
23:43:22,113445.75,2863.96,213765.17,29.40,32.50,105,654
23:44:22,124142.81,2891.85,215853.64,29.50,32.50,110,448
23:45:23,118662.46,2857.53,212500.00,29.40,32.50,112,556
23:46:23,103731.83,2779.20,209200.00,29.50,32.50,105,547
23:47:24,87252.43,2713.97,200391.39,29.50,32.50,102,619
23:48:24,92243.65,2724.73,205148.52,29.80,32.50,105,784
23:49:25,94010.30,2790.24,210843.36,29.80,32.60,106,589
23:50:25,88323.52,2713.97,205148.52,29.60,32.60,113,458
23:51:26,90530.00,2801.33,208383.23,29.60,32.60,104,598
23:52:26,87570.73,2747.58,204356.44,29.60,32.60,105,475
23:53:27,98999.99,2834.90,214170.03,29.60,32.60,105,563
23:54:27,122269.19,2915.00,213333.31,29.20,32.60,105,471
23:55:28,111171.57,2846.19,209200.00,29.20,32.50,115,455
23:56:28,130653.11,2842.70,212121.20,29.40,32.40,124,666
23:57:29,108848.82,2779.20,205952.38,29.40,32.40,111,567
23:58:29,106965.49,2786.67,208817.63,29.50,32.40,105,578
23:59:30,109614.02,2903.40,213333.31,29.60,32.40,106,476
