Hora,O3,NO2,CO,Humedad,Temperatura,P25,P10
0:0:30,134291.70,2891.85,215010.13,29.60,32.40,104,409
0:1:31,114399.97,2834.90,207569.72,29.70,32.30,107,348
0:2:31,107344.80,2779.20,207569.72,29.80,32.30,109,631
0:3:32,138128.61,2895.00,211717.16,29.90,32.30,104,469
0:4:32,126065.84,2857.53,207569.72,29.80,32.30,105,397
0:5:33,118662.46,2846.19,210843.36,29.80,32.30,105,776
0:6:33,120443.00,2823.66,213333.31,29.80,32.30,102,500
0:7:34,107583.79,2860.50,208416.83,29.80,32.30,105,537
0:8:34,108848.82,2790.24,201964.64,29.80,32.30,102,500
0:9:35,128604.07,2911.62,213793.08,29.90,32.30,99,495
0:10:35,133213.84,2891.85,212500.00,29.80,32.30,101,408
0:11:36,113578.28,2812.47,206759.44,29.70,32.30,104,531
0:12:36,103731.83,2768.21,203550.28,29.80,32.30,101,612
0:13:37,100983.59,2779.20,201176.48,29.80,32.30,126,789
0:14:37,95218.74,2724.73,199609.38,29.80,32.30,100,563
0:15:38,106965.49,2808.93,207185.63,29.90,32.30,100,648
0:16:38,104655.34,2781.78,202766.80,29.80,32.30,98,508
0:17:39,108848.82,2801.33,204347.81,29.90,32.30,102,667
0:18:39,105874.98,2779.20,201176.48,29.80,32.30,103,515
0:19:40,128013.37,2974.07,213008.11,29.80,32.40,103,641
0:20:40,123571.38,2815.21,203564.36,29.80,32.30,107,524
0:21:41,123199.95,2823.66,207569.72,29.90,32.30,100,565
0:22:41,137617.06,2846.19,204347.81,29.80,32.30,97,624
0:23:42,147218.08,2903.40,209200.00,29.90,32.30,100,464
0:24:42,122269.19,2768.21,213333.31,29.90,32.30,103,546
0:25:43,125098.09,2801.33,205952.38,29.90,32.30,97,523
0:26:43,117788.78,2823.66,208383.23,29.90,32.30,100,647
0:27:44,118993.67,2849.10,208416.83,29.90,32.30,98,671
0:28:44,134291.70,2985.71,213333.31,30.00,32.30,93,663
0:29:45,122632.21,2804.02,206786.42,30.00,32.20,98,726
0:30:45,116925.89,2757.27,204347.81,30.00,32.20,102,475
0:31:46,123199.95,2834.90,203550.28,30.00,32.20,108,564
0:32:46,123199.95,2538.11,186767.50,30.00,32.20,112,576
0:33:47,133213.84,2834.90,205952.38,29.90,32.20,96,755
0:34:47,135384.66,2868.92,207569.72,30.00,32.20,104,591
0:35:48,137617.06,2801.33,211670.00,30.00,32.10,98,554
0:36:48,144711.16,2915.00,213333.31,30.00,32.10,121,534
0:37:49,159500.03,2938.36,217551.02,30.00,32.10,114,646
0:38:49,135384.66,2846.19,208383.23,30.10,32.10,102,620
0:39:50,146721.84,2900.00,212955.45,30.20,32.10,105,461
0:40:50,129047.02,2812.47,204347.81,30.30,32.10,115,527
0:41:51,130067.62,2834.90,207569.72,30.30,32.10,114,578
0:42:51,122774.15,2820.13,205566.61,30.20,32.10,111,320
0:43:52,121210.15,2818.75,204752.47,30.20,32.10,106,309
0:44:52,125098.09,2812.47,208383.23,30.20,32.10,106,530
0:45:53,122269.19,2823.66,203550.28,30.20,32.10,113,280
0:46:53,144711.16,2903.40,209200.00,30.10,32.20,108,476
0:47:54,132150.73,2834.90,204347.81,30.10,32.10,105,595
0:48:54,103731.83,2402.45,174040.20,30.20,32.10,110,266
0:49:55,108092.46,2692.61,200391.39,30.00,32.10,125,527
0:50:55,123714.24,2854.05,209638.55,30.00,32.10,110,447
0:51:56,138757.19,2834.90,205148.52,30.10,32.10,108,448
0:52:56,127046.41,2834.90,204347.81,30.20,32.10,103,512
0:53:57,107344.80,2578.34,194219.66,30.20,32.10,114,507
0:54:57,123199.95,2857.53,209200.00,30.00,32.10,111,545
0:55:58,129047.02,2880.36,210843.36,30.20,32.10,90,478
0:56:58,130067.62,2880.36,212500.00,30.30,32.10,105,628
0:57:59,130067.62,2880.36,212500.00,30.30,32.10,106,597
0:58:59,116925.89,2608.97,195744.69,30.30,32.10,111,621
1:0:0,133213.84,2903.40,211670.00,30.10,32.00,107,452
1:1:0,120443.00,2790.24,208383.23,30.20,32.10,128,658
1:2:1,132150.73,2926.65,210843.36,30.20,32.00,116,766
1:3:1,139913.70,2915.00,215853.64,30.40,32.00,105,486
1:4:2,123999.95,2829.98,207171.31,30.10,31.90,106,628
1:5:2,116925.89,2812.47,204347.81,30.20,31.90,109,442
1:6:3,109614.02,2779.20,203550.28,30.30,31.90,108,548
1:7:3,111171.57,2801.33,202755.91,30.70,32.00,108,503
1:8:4,106605.70,2790.24,201964.64,30.60,32.00,104,539
1:9:4,88323.52,2650.43,197281.56,30.60,32.00,104,465
1:10:5,88215.68,2752.42,200784.33,30.50,32.00,103,680
1:11:5,87252.43,2713.97,198054.48,30.60,32.10,105,538
1:12:6,88323.52,2757.27,201964.64,30.50,32.10,100,564
1:13:6,76279.48,2568.22,199609.38,30.50,32.10,94,303
1:14:7,72962.02,2518.24,192706.33,30.30,32.10,109,363
1:15:7,72962.02,2682.00,202755.91,30.20,32.10,106,441
1:16:8,84559.24,2886.88,214604.44,30.40,32.10,105,607
1:17:8,94611.40,2823.66,208383.23,30.70,32.10,106,506
1:18:9,95832.45,2779.20,207569.72,30.70,32.10,107,550
1:19:9,118662.46,2823.66,215853.64,30.80,32.10,108,361
1:20:10,139913.70,3021.81,221855.70,30.80,32.00,107,547
1:21:10,139913.70,2880.36,214170.03,30.60,31.90,104,447
1:22:11,118716.95,2750.00,205179.28,30.70,31.90,105,517
1:23:11,133213.84,2868.92,218404.89,30.90,31.90,107,541
1:24:12,122269.19,2823.66,209200.00,30.90,31.80,104,522
1:25:12,111571.40,2786.67,206374.50,30.90,31.80,103,314
1:26:13,119547.13,2713.97,194219.66,31.10,31.80,101,511
1:27:13,119547.13,2857.53,214170.03,31.00,31.80,105,715
1:28:14,119547.13,2834.90,207569.72,31.10,31.80,144,637
1:29:14,133680.59,2906.61,214227.63,31.20,31.70,103,30556
1:30:15,126065.84,2823.66,207569.72,31.30,31.70,101,669
1:31:15,127893.38,2852.58,209619.23,31.20,31.60,104,380
1:32:16,115668.68,2797.77,204761.91,31.40,31.60,123,570
1:33:16,138757.19,2915.00,215853.64,31.50,31.60,114,442
1:34:17,138757.19,2868.92,209200.00,31.50,31.60,102,613
1:35:17,122269.19,2801.33,205952.38,31.60,31.50,102,491
1:36:18,130067.62,2834.90,203550.28,31.80,31.50,102,651
1:37:18,151123.11,2973.79,217551.02,31.70,31.50,99,532
1:38:19,157520.03,3030.77,223236.53,31.60,31.40,105,668
1:39:19,166386.58,2989.35,215071.27,31.80,31.40,98,597
1:40:20,151123.11,2950.11,215853.64,31.80,31.40,102,466
1:41:20,178946.44,3021.81,215010.13,31.80,31.30,141,869
1:42:21,168728.83,2985.71,218404.89,32.00,31.30,106,441
1:43:21,170359.00,2950.11,213333.31,32.00,31.20,101,619
1:44:22,175421.08,3009.72,215010.13,32.20,31.10,106,462
1:45:22,162475.44,2950.11,213333.31,32.20,31.10,100,432
1:46:23,160975.64,2938.36,214170.03,32.30,31.10,97,695
1:47:23,135384.66,2812.47,207569.72,32.30,31.10,101,488
1:48:24,160975.64,2973.79,215010.13,32.50,31.10,101,493
1:49:24,155212.64,2926.65,212500.00,32.40,31.10,107,592
1:50:25,132150.73,2768.21,205148.52,32.40,31.10,101,689
1:51:25,125631.53,2797.77,206374.50,32.30,31.10,97,471
1:52:26,116073.59,2724.73,206759.44,32.60,31.10,95,611
1:53:26,124142.81,2834.90,210020.03,32.30,31.10,98,669
1:54:27,122128.16,2875.39,210441.75,32.50,31.10,97,615
1:55:27,133833.38,2935.01,213793.08,32.40,31.20,94,506
1:56:28,145462.72,2923.29,214634.13,32.30,31.20,99,532
1:57:28,133213.84,2846.19,210020.03,32.40,31.20,99,515
1:58:29,149129.81,2895.00,209236.94,32.50,31.20,103,616
1:59:29,138442.91,2870.43,214198.77,32.40,31.20,107,401
2:0:30,122269.19,2823.66,207569.72,32.60,31.20,115,539
2:1:30,118662.46,2779.20,205148.52,32.80,31.20,103,421
2:2:31,115231.68,2790.24,206759.44,32.90,31.20,109,550
2:3:31,129047.02,2834.90,205952.38,32.80,31.20,109,551
2:4:32,111964.26,2757.27,203550.28,32.90,31.20,104,505
2:5:32,113578.28,2746.37,205952.38,32.90,31.30,102,483
2:6:33,138128.61,2941.74,213387.41,32.60,31.30,108,412
2:7:33,136493.00,2868.92,213333.31,32.60,31.30,121,623
2:8:34,143485.33,2938.36,215853.64,32.50,31.30,120,643
2:9:34,149801.56,2915.00,215853.64,32.40,31.30,111,590
2:10:35,124142.81,2779.20,205952.38,32.20,31.20,98,277
2:11:35,138757.19,2915.00,214170.03,32.50,31.20,105,433
2:12:36,136493.00,2891.85,210843.36,32.20,31.20,115,447
2:13:36,116925.89,2757.27,206759.44,31.90,31.20,104,426
2:14:37,132150.73,2915.00,214170.03,31.90,31.20,107,329
2:15:37,148166.70,2963.68,220164.58,31.70,31.20,105,482
2:16:38,212437.48,3083.10,228033.48,31.30,31.20,108,427
2:17:38,190320.77,3009.72,224481.34,30.80,31.10,105,372
2:18:39,172017.27,2950.11,219262.27,31.00,31.10,103,390
2:19:39,162475.44,2926.65,216700.59,31.20,31.00,100,228
2:20:40,178946.44,3021.81,224481.34,31.30,31.00,106,408
2:21:40,178946.44,2950.11,218404.89,31.00,31.00,105,300
2:22:41,177168.16,2997.69,224481.34,31.40,31.00,99,345
2:23:41,182600.02,3046.15,224481.34,30.60,30.90,108,540
2:24:42,181400.02,2991.18,221991.67,31.10,31.00,106,538
2:25:42,132150.73,2746.37,210843.36,31.20,31.00,104,228
2:26:43,148500.03,2950.11,217551.02,30.90,30.90,108,499
2:27:43,151123.11,2938.36,215010.13,30.60,30.90,145,420
2:28:44,156619.08,2973.79,216700.59,30.60,30.90,101,347
2:29:44,177168.16,3095.53,223602.50,30.50,30.90,111,508
2:30:45,198647.05,3108.02,221855.70,30.50,30.90,102,394
2:31:45,188336.47,3046.15,222727.30,30.50,30.80,111,531
2:32:46,190113.22,3090.35,225833.34,30.50,30.80,102,339
2:33:46,180756.78,3058.41,222727.30,30.50,30.80,102,590
2:34:47,182600.02,3021.81,217551.02,30.70,30.80,104,296
2:35:47,178946.44,2997.69,216700.59,30.90,30.70,103,428
2:36:48,186388.91,3033.95,220123.17,30.90,30.70,108,410
2:37:48,183871.56,3042.99,223236.53,31.00,30.70,103,378
2:38:49,168728.83,2997.69,219262.27,30.90,30.70,120,579
2:39:49,165550.02,3046.15,218404.89,30.60,30.70,114,334
2:40:50,196504.86,3070.73,224481.34,30.40,30.60,111,317
2:41:50,185777.80,3067.61,222360.22,30.30,30.60,102,272
2:42:51,195650.50,3074.82,223700.64,30.30,30.50,107,400
2:43:51,188336.47,2997.69,217551.02,30.20,30.60,103,297
2:44:52,198647.05,3046.15,221855.70,30.20,30.50,108,404
2:45:52,160260.20,2815.21,220206.17,30.20,30.50,103,401
2:46:53,192342.88,3021.81,220987.63,30.30,30.60,107,569
2:47:53,186388.91,3046.15,223602.50,30.00,30.60,104,420
2:48:54,225318.66,3171.36,230736.84,29.80,30.60,109,291
2:49:54,228066.64,3083.10,225363.83,29.60,30.50,104,263
2:50:55,214905.25,3058.41,220987.63,29.70,30.40,105,290
2:51:55,205333.33,3108.02,224481.34,29.80,30.40,104,355
2:52:56,198647.05,2997.69,219262.27,29.90,30.40,107,339
2:53:56,210020.61,3133.18,225363.83,30.00,30.40,103,263
2:54:57,190320.77,3021.81,222727.30,29.90,30.40,96,353
2:55:57,190320.77,2997.69,217551.02,30.00,30.30,102,395
2:56:58,196504.86,3046.15,220123.17,30.20,30.40,105,336
2:57:58,159500.03,2834.90,213333.31,30.00,30.40,104,333
2:58:59,151123.11,2823.66,213333.31,30.00,30.40,104,336
2:59:59,186388.91,3033.95,220987.63,30.00,30.40,111,288
3:1:0,152465.16,2812.47,208383.23,29.90,30.40,103,319
3:2:0,168728.83,2997.69,215853.64,30.30,30.40,107,475
3:3:1,168355.95,2999.54,221900.81,30.00,30.40,104,291
3:4:1,159322.63,2945.08,219712.50,30.00,30.40,103,196
3:5:2,168728.83,3009.72,217551.02,30.00,30.40,101,361
3:6:2,177767.88,3052.11,220247.92,29.90,30.40,97,442
3:7:3,168728.83,2985.71,215010.13,29.90,30.40,99,435
3:8:3,172017.27,3009.72,217551.02,29.90,30.40,101,341
3:9:4,153828.16,2926.65,213333.31,30.00,30.40,100,400
3:10:4,155212.64,2950.11,212500.00,30.00,30.40,102,457
3:11:4,177375.02,3029.51,217695.45,30.00,30.40,100,402
3:12:5,159500.03,2938.36,211670.00,30.00,30.40,105,461
3:13:5,162475.44,2997.69,216700.59,30.00,30.40,95,315
3:14:6,137617.06,2823.66,209200.00,29.90,30.40,98,456
3:15:6,147218.08,2938.36,215853.64,30.50,30.40,91,487
3:16:7,128604.07,2615.45,201574.80,30.00,30.40,95,360
3:17:7,134291.70,2938.36,215853.64,29.90,30.40,95,337
3:18:8,138757.19,2926.65,211670.00,29.70,30.40,93,310
3:19:8,155212.64,2985.71,216700.59,30.00,30.40,93,280
3:20:9,158048.03,3009.72,218404.89,29.70,30.40,94,295
3:21:9,158048.03,2961.93,215010.13,29.70,30.40,100,357
3:22:10,137617.06,2891.85,210843.36,29.90,30.30,94,486
3:23:10,143485.33,2926.65,212500.00,30.00,30.30,96,434
3:24:11,140608.73,2900.00,212955.45,29.90,30.30,96,325
3:25:11,127046.41,2779.20,205952.38,29.90,30.40,100,416
3:26:12,151123.11,2985.71,216700.59,29.80,30.40,98,372
3:27:12,168728.83,2973.79,213333.31,29.50,30.30,100,256
3:28:13,160975.64,2997.69,218404.89,29.60,30.30,99,303
3:29:13,174649.14,3037.85,219341.53,29.50,30.30,103,230
3:30:14,160975.64,2985.71,215010.13,29.50,30.20,102,258
3:31:14,162475.44,2997.69,215010.13,29.60,30.20,100,340
3:32:15,162295.11,2992.61,216293.27,29.50,30.10,104,426
3:33:15,155212.64,2961.93,212500.00,29.50,30.20,102,419
3:34:16,159500.03,2950.11,211670.00,29.60,30.20,103,433
3:35:16,173321.77,3097.64,217586.89,29.70,30.20,106,349
3:36:17,168728.83,2985.71,215010.13,29.50,30.20,103,339
3:37:17,156619.08,2973.79,213333.31,29.60,30.10,107,299
3:38:18,182600.02,3083.10,220987.63,29.60,30.10,100,330
3:39:18,150446.19,2883.45,219341.53,29.50,30.10,104,340
3:40:19,159500.03,2997.69,216700.59,29.60,30.10,88,250
3:41:19,147218.08,2880.36,215853.64,29.60,30.10,113,332
3:42:20,172017.27,3095.53,223602.50,29.60,30.10,102,301
3:43:20,152465.16,2973.79,220987.63,29.60,30.00,106,314
3:44:21,153828.16,2961.93,223602.50,29.70,30.10,102,315
3:45:21,175421.08,3058.41,220123.17,29.70,30.00,108,305
3:46:22,139913.70,2857.53,209200.00,29.60,30.00,100,216
3:47:22,178946.44,3108.02,225363.83,30.10,30.00,106,434
3:48:23,178750.02,3077.93,223188.42,29.50,30.00,108,312
3:49:23,188336.47,3133.18,222727.30,29.30,29.90,104,313
3:50:24,148500.03,2757.27,212500.00,29.40,29.90,105,284
3:51:24,252463.36,3343.35,239055.80,29.50,29.90,99,385
3:52:25,210020.61,3145.84,229831.95,29.20,29.70,103,354
3:53:25,207653.05,3108.02,230736.84,29.50,29.60,102,280
3:54:26,207653.05,3083.10,233474.58,29.70,29.50,106,324
3:55:26,170359.00,2757.27,207569.72,29.60,29.50,110,392
3:56:27,225318.66,3289.27,244782.61,29.60,29.40,107,286
3:57:27,214905.25,3223.13,231645.58,29.50,29.30,105,317
3:58:28,252463.36,3426.50,249670.31,29.70,29.30,106,373
3:59:28,245928.52,3210.10,237179.50,29.70,29.20,103,430
4:0:29,278079.91,3454.77,248684.22,29.80,29.20,103,477
4:1:29,212437.48,2735.53,206759.44,29.90,29.10,104,352
4:2:30,244880.89,3201.93,240172.80,30.00,29.10,103,406
4:3:30,214905.25,3197.12,234394.92,30.00,29.10,104,195
4:4:31,266256.31,3297.31,237687.36,30.00,29.10,104,385
4:5:31,242517.61,3270.56,237687.36,30.10,29.10,111,340
4:6:32,255036.97,3207.23,232203.39,30.20,29.10,102,365
4:7:32,252463.36,3262.62,240000.00,30.20,29.10,101,328
4:8:33,259324.92,3210.10,228033.48,30.30,29.10,105,272
4:9:33,266538.38,3223.13,236247.34,30.40,29.00,103,193
4:10:34,249156.56,3223.13,235319.14,30.50,29.00,102,389
4:11:34,230876.38,3171.36,233474.58,30.60,29.10,105,322
4:12:35,245928.52,3210.10,234394.92,30.60,29.00,105,339
4:13:35,230876.38,3184.21,229831.95,30.70,29.10,99,318
4:14:36,217425.52,2857.53,217551.02,30.60,29.10,102,393
4:15:36,222630.41,3120.57,226250.00,30.50,29.00,109,532
4:16:37,225318.66,3046.15,220987.63,30.70,29.00,103,381
4:17:37,262050.55,3354.46,237768.23,30.70,29.00,102,515
4:18:38,290583.22,3316.18,229831.95,30.60,29.00,108,454
4:19:38,269999.91,3297.31,231223.64,30.60,29.00,100,346
4:20:39,280945.84,3349.01,238279.58,30.20,28.90,100,399
4:21:39,228066.64,3120.57,234394.92,30.30,28.90,104,469
4:22:40,225318.66,3083.10,222727.30,30.40,28.90,96,560
4:23:40,259324.92,3289.27,232558.16,30.30,28.90,95,442
4:24:41,239697.64,3223.13,227139.89,30.30,28.90,98,328
4:25:41,228066.64,3108.02,230736.84,30.30,28.90,99,341
4:26:42,186388.91,2746.37,207569.72,30.30,28.90,102,487
4:27:42,205111.09,3065.57,224066.41,30.30,28.90,101,388
4:28:43,254765.36,3254.50,232696.41,30.70,29.00,100,359
4:29:43,248626.44,3225.60,234468.08,30.80,29.00,110,482
4:30:44,252463.36,3108.02,236247.34,30.90,29.00,117,658
4:31:44,248096.33,3267.80,241125.55,30.60,28.90,155,508
4:32:45,245928.52,3249.39,234394.92,30.90,28.90,108,437
4:33:45,222630.41,3171.36,232558.16,31.20,28.80,102,526
4:34:46,233499.97,3153.33,232135.33,31.40,28.80,105,408
4:35:46,280648.53,3289.22,235974.31,31.60,28.80,106,486
4:36:47,226355.53,3084.16,225104.61,31.60,28.80,97,381
4:37:47,222630.41,3046.15,226250.00,31.70,28.80,93,294
4:38:48,236183.86,3238.74,235394.47,31.70,28.80,98,30339
4:39:48,258774.92,3225.60,231712.50,31.30,28.90,149,842
4:40:49,182600.02,2768.21,221855.70,31.20,28.80,94,597
4:41:49,217425.52,3095.53,234394.92,30.80,28.90,96,301
4:42:50,210020.61,3033.95,221855.70,30.70,28.80,101,609
4:43:50,188336.47,2823.66,223602.50,30.70,28.80,104,574
4:44:51,177168.16,2903.40,224481.34,30.40,28.80,96,670
4:45:51,192342.88,3070.73,221855.70,30.10,28.90,124,639
4:46:52,233749.95,3133.18,221855.70,30.20,28.80,100,622
4:47:52,216489.34,3050.12,227253.67,30.20,28.80,97,595
4:48:53,225318.66,3184.21,228930.83,30.30,28.80,121,739
4:49:53,210020.61,3046.15,207569.72,30.30,28.70,101,665
4:50:54,222152.16,3199.52,230801.70,30.40,28.70,105,686
4:51:54,233749.95,3210.10,228033.48,30.40,28.60,103,611
4:52:55,209113.39,2989.35,228151.28,30.70,28.60,124,769
4:53:55,245928.52,3275.91,234394.92,30.60,28.70,105,680
4:54:56,207653.05,3158.57,229831.95,30.60,28.60,102,551
4:55:56,225318.66,3158.57,228930.83,30.70,28.60,96,589
4:56:57,224593.38,3181.29,237768.23,30.80,28.70,97,463
4:57:57,210020.61,2950.11,232558.16,30.80,28.70,101,731
4:58:58,230876.38,3133.18,240948.28,30.70,28.70,102,386
4:59:58,230876.38,3095.53,228033.48,30.80,28.70,101,30483
5:0:59,207653.05,2973.79,217551.02,31.00,28.60,108,527
5:1:59,217425.52,3145.84,227139.89,31.00,28.60,108,557
5:3:0,259324.92,3262.62,235319.14,31.20,28.60,105,314
5:4:0,228066.64,2926.65,216700.59,31.20,28.60,105,410
5:5:1,281837.72,3406.98,241468.69,31.20,28.50,110,659
5:6:1,262886.00,3289.27,237179.50,31.60,28.50,107,457
5:7:1,282135.03,3223.13,240948.28,31.90,28.40,109,410
5:8:2,278079.91,3302.69,242857.14,31.90,28.40,111,481
5:9:2,273263.06,3313.51,238709.69,32.00,28.30,145,30888
5:10:3,249156.56,3343.35,244782.61,32.20,28.30,115,512
5:11:3,252463.36,3275.91,230736.84,32.50,28.30,108,450
5:12:4,230876.38,2926.65,228930.83,32.60,28.20,99,447
5:13:4,242258.78,3110.17,231712.50,32.50,28.20,104,458
5:14:5,274131.47,3223.13,236247.34,32.90,28.20,105,602
5:15:5,277786.56,3283.90,226722.34,33.60,28.20,139,778
5:16:6,248361.39,2946.79,227672.97,34.70,28.00,113,402
5:17:6,258774.92,3212.53,234468.08,34.40,27.90,112,606
5:18:7,262886.00,3316.18,240000.00,34.90,27.90,129,549
5:19:7,242776.42,2938.36,220123.17,35.50,27.80,123,377
5:20:8,230876.38,2915.00,237179.50,35.20,27.70,101,721
5:21:8,313910.28,3343.35,243817.78,36.00,27.70,104,548
5:22:9,217191.47,2796.44,221443.28,37.20,27.60,102,807
5:23:9,259324.92,3145.84,239055.80,36.10,27.50,103,830
5:24:10,268857.06,3170.74,242608.70,37.50,27.50,123,697
5:25:10,182600.02,2834.90,225363.83,37.70,27.50,107,632
5:26:11,239697.64,3070.73,240000.00,36.60,27.50,102,559
5:27:11,219999.98,3095.53,213333.31,37.40,27.50,121,833
5:28:12,221195.63,3127.14,230021.16,37.50,27.50,104,548
5:29:12,203060.00,3070.73,230736.84,37.90,27.50,107,482
5:30:13,242776.42,3145.84,233474.58,37.90,27.50,118,631
5:31:13,245666.61,3244.07,242424.25,38.50,27.50,104,458
5:32:14,245928.52,3223.13,239055.80,39.10,27.30,100,433
5:33:14,258499.92,3327.09,249339.20,39.40,27.30,110,1017
5:34:15,239697.64,3046.15,221855.70,39.70,27.30,130,652
5:35:15,249156.56,3223.13,243817.78,38.90,27.20,103,668
5:36:16,224835.14,2836.32,233545.66,40.00,27.20,102,474
5:37:16,239697.64,3145.84,240000.00,39.30,27.20,102,466
5:38:17,259324.92,3197.12,234394.92,40.50,27.20,103,469
5:39:17,222630.41,3021.81,220987.63,40.90,27.10,102,515
5:40:18,252463.36,3236.23,230736.84,40.20,27.10,107,395
5:41:18,245142.80,3155.61,234042.55,41.40,27.00,102,584
5:42:19,273263.06,3327.09,242516.27,41.20,27.00,101,488
5:43:19,255851.78,3275.91,238115.63,41.90,27.00,99,657
5:44:20,265692.22,3259.85,243478.27,41.40,26.90,98,546
5:45:20,249156.56,3033.95,222727.30,41.40,26.90,104,441
5:46:21,214905.25,2961.93,228930.83,40.70,26.90,110,315
5:47:21,255851.78,3145.84,231645.58,40.50,26.90,110,550
5:48:22,217425.52,2790.24,221855.70,41.20,26.90,98,306
5:49:22,224351.63,3001.39,237339.05,39.80,27.00,98,493
5:50:23,274131.47,3329.73,243817.78,40.70,27.00,97,371
5:51:23,222630.41,2938.36,228930.83,41.50,26.90,98,325
5:52:24,236689.61,3236.23,240000.00,40.50,26.90,99,345
5:53:24,259324.92,3289.27,238115.63,41.40,26.80,94,422
5:54:25,236689.61,3275.91,234394.92,40.80,26.90,94,384
5:55:25,225318.66,2857.53,233474.58,40.50,26.90,94,374
5:56:26,280945.84,3349.01,241125.55,39.30,26.90,102,478
5:57:26,205333.33,2903.40,231645.58,40.00,26.90,111,618
5:58:27,270285.63,3275.91,240000.00,39.30,26.90,97,672
5:59:27,262886.00,3262.62,239055.80,40.30,26.90,97,336
6:0:28,282135.03,3357.04,239055.80,40.20,26.90,97,706
6:1:28,259324.92,3249.39,223602.50,40.40,26.90,111,463
6:2:29,233749.95,3184.21,231645.58,39.20,26.90,103,647
6:3:29,233749.95,3171.36,238115.63,38.80,26.90,99,751
6:4:30,276906.56,3349.01,240172.80,39.00,27.00,98,584
6:5:30,249156.56,3316.18,237179.50,37.80,26.90,102,591
6:6:31,222630.41,3058.41,238115.63,38.10,27.00,105,518
6:7:31,228066.64,3158.57,237179.50,37.40,27.10,113,628
6:8:32,249156.56,3236.23,239055.80,37.70,27.10,95,559
6:9:32,236689.61,3184.21,236247.34,37.90,27.10,93,690
6:10:33,245404.70,3135.39,222774.34,37.60,27.10,107,512
6:11:33,255308.56,3291.93,237259.09,36.50,27.10,101,544
6:12:34,274131.47,3357.04,236247.34,36.70,27.10,108,626
6:13:34,249156.56,3384.62,244782.61,36.50,27.00,111,524
6:14:35,250585.31,2974.07,213008.11,35.90,26.90,116,503
6:15:35,262886.00,3275.91,245751.64,35.20,26.90,110,580
6:16:35,273552.53,3373.70,237259.09,36.00,27.00,101,491
6:17:36,259324.92,3316.18,245751.64,36.00,27.00,101,430
6:18:36,262329.03,3278.54,240086.22,35.40,26.90,99,521
6:19:37,298257.00,3404.50,247912.08,36.00,27.00,100,492
6:20:37,281837.72,3406.98,247264.78,36.20,26.90,102,582
6:21:38,249156.56,3302.69,242857.14,37.10,26.90,112,650
6:22:38,290583.22,3384.62,241900.66,37.70,26.90,100,493
6:23:39,228066.64,3095.53,235319.14,38.50,27.00,99,548
6:24:39,236689.61,3316.18,238115.63,37.70,26.90,97,560
6:25:40,207653.05,3083.10,218404.89,38.60,27.00,106,507
6:26:40,249156.56,3249.39,231645.58,37.70,27.00,103,395
6:27:41,270285.63,3316.18,243817.78,37.40,27.00,107,533
6:28:41,252195.06,3421.00,250220.25,37.30,27.00,111,522
6:29:42,308970.44,3440.60,248684.22,36.80,27.00,109,672
6:30:42,259324.92,3302.69,243817.78,36.50,27.00,108,544
6:31:43,262886.00,3357.04,242857.14,34.90,26.90,111,511
6:32:43,290277.66,3337.93,239569.89,34.90,26.90,115,405
6:33:44,242776.42,3158.57,236247.34,33.90,26.90,110,469
6:34:44,274131.47,3426.50,240948.28,33.50,26.90,122,761
6:35:45,241999.95,3181.29,224116.44,32.40,26.90,99,448
6:36:45,236689.61,2973.79,232558.16,31.90,26.90,220,862
6:37:46,274131.47,3343.35,244782.61,32.70,26.80,124,694
6:38:46,265692.22,3220.29,237768.23,33.30,26.80,106,585
6:39:47,249156.56,3262.62,244782.61,33.20,26.70,30109,30683
6:40:47,274131.47,3343.35,240948.28,33.00,26.70,120,448
6:41:48,286301.25,3412.47,242857.14,33.20,26.60,112,530
6:42:48,274131.47,3329.73,240948.28,33.50,26.60,114,706
6:43:49,249156.56,3329.73,249670.31,33.80,26.60,100,568
6:44:49,266538.38,3275.91,240948.28,34.20,26.60,106,428
6:45:50,249156.56,3357.04,243817.78,34.40,26.60,107,415
6:46:50,252463.36,3412.47,243817.78,34.70,26.60,100,424
6:47:51,233749.95,3033.95,221855.70,34.80,26.50,106,560
6:48:51,255036.97,3340.74,243478.27,34.20,26.50,106,657
6:49:52,226844.42,3119.72,244541.48,34.40,26.50,100,415
6:50:52,225318.66,3145.84,241900.66,34.20,26.60,101,733
6:51:53,222630.41,3197.12,229831.95,33.80,26.60,102,360
6:52:53,274131.47,3412.47,241900.66,34.00,26.60,103,554
6:53:54,233749.95,3171.36,215010.13,33.30,26.50,107,415
6:54:54,245928.52,3316.18,237179.50,33.20,26.40,107,676
6:55:55,235930.98,3327.09,240604.77,32.90,26.50,104,372
6:56:55,255851.78,3357.04,233474.58,32.90,26.40,106,586
6:57:56,249156.56,3275.91,232558.16,32.40,26.50,106,536
6:58:56,242776.42,3236.23,235319.14,32.20,26.30,100,723
6:59:57,262886.00,3412.47,246724.89,31.90,26.30,107,482
7:0:57,273842.00,3406.98,248245.61,31.60,26.20,109,428
7:1:58,259324.92,3329.73,241900.66,31.90,26.20,106,557
7:2:58,219999.98,3236.23,244782.61,31.80,26.10,95,520
7:3:59,274131.47,3426.50,248684.22,31.00,26.20,100,680
7:4:59,239697.64,3249.39,236247.34,30.60,26.20,96,419
7:6:0,236689.61,3357.04,240948.28,30.10,26.20,99,399
7:7:0,242776.42,3370.79,245751.64,30.00,26.20,112,436
7:8:1,205333.33,3210.10,241900.66,29.70,26.10,97,554
7:9:1,236689.61,3357.04,242857.14,29.80,26.20,98,453
7:10:2,239186.02,3346.17,240086.22,29.50,26.20,105,572
7:11:2,233749.95,3223.13,236247.34,29.30,26.20,95,317
7:12:3,230134.80,3340.74,241558.45,29.10,26.20,94,719
7:13:3,227577.75,3359.90,242950.11,28.60,26.30,109,398
7:14:3,222630.41,3210.10,235319.14,28.30,26.20,98,511
7:15:4,186388.91,3058.41,225363.83,28.20,26.30,96,518
7:16:4,180756.78,3197.12,236247.34,28.50,26.30,105,594
7:17:5,200178.22,3340.74,239655.17,28.30,26.30,97,603
7:18:5,178553.59,3199.52,229894.73,28.20,26.40,97,410
7:19:6,178750.02,3217.83,230315.80,28.30,26.40,95,447
7:20:6,165550.02,3158.57,227139.89,28.10,26.50,99,514
7:21:7,153828.16,3145.84,224481.34,28.10,26.60,108,547
7:22:7,143485.33,3158.57,224481.34,28.20,26.70,102,432
7:23:8,144711.16,3210.10,228033.48,27.80,26.70,97,494
7:24:8,172017.27,3275.91,235319.14,27.70,26.80,101,430
7:25:9,164000.02,3184.21,227139.89,27.60,26.80,100,724
7:26:9,155212.64,3108.02,216700.59,27.90,26.70,98,441
7:27:10,186388.91,3289.27,237179.50,28.10,26.80,94,442
7:28:10,160975.64,3133.18,223602.50,28.30,26.70,96,402
7:29:11,158048.03,3095.53,220123.17,28.70,26.60,94,578
7:30:11,155212.64,3070.73,228930.83,28.90,26.60,110,656
7:31:12,166941.20,3230.92,233970.30,29.30,26.60,90,518
7:32:12,178946.44,3145.84,230736.84,29.80,26.50,98,673
7:33:13,182600.02,3262.62,240948.28,30.70,26.40,93,483
7:34:13,145626.89,2836.32,216734.69,31.50,26.30,89,423
7:35:14,145462.72,3042.99,230379.77,31.60,26.10,97,763
7:36:14,156619.08,3145.84,228033.48,32.40,26.10,98,342
7:37:15,159500.03,3133.18,228033.48,33.00,26.10,102,567
7:38:15,141087.00,2938.36,222727.30,32.90,25.90,106,523
7:39:16,144711.16,3095.53,228930.83,32.90,25.90,105,454
7:40:16,139913.70,3095.53,228033.48,33.70,25.80,98,501
7:41:17,134291.70,3070.73,222727.30,34.10,25.70,106,442
7:42:17,135384.66,3095.53,230736.84,34.40,25.70,103,456
7:43:18,141087.00,3070.73,226250.00,34.40,25.80,109,379
7:44:18,145955.25,3108.02,234394.92,34.70,25.70,101,737
7:45:19,144548.19,3178.95,233970.30,34.10,25.70,102,412
7:46:19,153828.16,3083.10,215010.13,33.80,25.70,105,373
7:47:20,148000.05,3168.42,226778.25,33.50,25.60,112,464
7:48:20,145955.25,3083.10,215010.13,33.70,25.40,108,377
7:49:21,151123.11,3133.18,229831.95,33.70,25.40,113,377
7:50:21,161573.80,3183.65,229535.88,33.30,25.40,116,616
7:51:22,147218.08,3058.41,230736.84,33.00,25.40,105,367
7:52:22,155212.64,3158.57,228930.83,33.10,25.30,110,453
7:53:23,157872.03,3204.81,232135.33,33.50,25.30,111,272
7:54:23,152465.16,3197.12,228033.48,33.70,25.30,112,321
7:55:24,172017.27,3249.39,240948.28,33.80,25.30,114,336
7:56:24,159500.03,3210.10,237179.50,33.70,25.30,102,547
7:57:25,143485.33,3021.81,227139.89,33.90,25.30,110,504
7:58:25,136493.00,3133.18,228930.83,33.70,25.30,107,495
7:59:26,130067.62,3171.36,232558.16,33.70,25.40,104,396
8:0:26,124954.20,3166.11,233970.30,33.70,25.40,103,530
8:1:27,122128.16,3115.37,231223.64,33.80,25.40,109,584
8:2:27,126065.84,3133.18,225363.83,33.70,25.40,106,503
8:3:28,108465.09,2935.01,222360.22,33.10,25.50,101,479
8:4:28,116518.48,3155.61,228571.45,32.90,25.50,102,380
8:5:28,114399.97,3133.18,230736.84,33.10,25.60,103,399
8:6:29,107344.80,2961.93,225363.83,33.10,25.50,102,367
8:7:29,120025.27,3130.17,227672.97,32.80,25.50,98,310
8:8:30,120443.00,3171.36,230736.84,32.90,25.40,106,272
8:9:30,133833.38,3207.23,230379.77,32.80,25.40,97,427
8:10:31,115231.68,2973.79,220987.63,32.60,25.30,102,382
8:11:31,142116.81,3257.28,233970.30,32.70,25.30,97,330
8:12:32,116925.89,2938.36,216700.59,32.20,25.30,98,451
8:13:32,124142.81,3133.18,228930.83,32.30,25.30,97,357
8:14:33,127600.05,3155.61,228571.45,32.40,25.40,102,481
8:15:33,134291.70,3184.21,234394.92,32.30,25.40,106,532
8:16:34,141313.91,3243.80,236480.69,31.90,25.40,103,623
8:17:34,134291.70,3095.53,228930.83,31.80,25.30,104,374
8:18:35,127046.41,3184.21,241900.66,31.80,25.40,106,410
8:19:35,151123.11,3262.62,242857.14,31.70,25.40,105,365
8:20:36,134307.73,3109.26,229598.33,31.70,25.40,100,417
8:21:36,128899.37,3077.93,233050.84,31.80,25.40,98,497
8:22:37,124142.81,3133.18,226250.00,31.70,25.40,102,432
8:23:37,127893.38,3191.85,230315.80,31.80,25.40,100,422
8:24:38,135384.66,3184.21,231645.58,31.90,25.40,103,331
8:25:38,136028.20,3142.86,227672.97,31.90,25.30,104,366
8:26:39,129047.02,3145.84,228033.48,32.00,25.30,103,498
8:27:39,116925.89,2973.79,219262.27,32.10,25.30,100,514
8:28:40,119547.13,3046.15,219262.27,32.00,25.20,104,483
8:29:40,126065.84,3095.53,225363.83,32.00,25.20,106,462
8:30:41,128040.05,3171.36,228930.83,32.10,25.30,103,514
8:31:41,119886.04,3099.76,228151.28,32.10,25.30,101,452
8:32:42,123199.95,3171.36,234394.92,32.00,25.30,110,564
8:33:42,120303.76,3140.62,226722.34,32.20,25.30,100,380
8:34:43,118662.46,3108.02,230736.84,32.20,25.30,103,458
8:35:43,114399.97,3133.18,233474.58,32.10,25.30,96,445
8:36:44,132150.73,3275.91,234394.92,32.10,25.30,100,636
8:37:44,118249.96,3155.61,234042.55,31.90,25.30,107,463
8:38:45,113578.28,3145.84,224481.34,32.10,25.20,98,664
8:39:45,111171.57,3021.81,228930.83,32.30,25.30,105,439
8:40:46,120443.00,3158.57,230736.84,31.90,25.30,103,527
8:41:46,112766.44,2997.69,214170.03,32.00,25.30,103,495
8:42:47,122269.19,3145.84,228930.83,31.90,25.30,141,613
8:43:47,120025.27,3142.86,232203.39,32.10,25.30,102,451
8:44:48,124142.81,3171.36,232558.16,32.10,25.20,101,504
8:45:48,119547.13,3184.21,227139.89,32.20,25.20,99,470
8:46:49,119547.13,3197.12,233474.58,32.30,25.10,99,646
8:47:49,130067.62,3223.13,236247.34,32.30,25.10,95,454
8:48:50,136992.95,3241.26,235470.09,32.10,25.10,95,363
8:49:50,135384.66,3249.39,242857.14,32.20,25.10,101,541
8:50:51,130067.62,3197.12,231645.58,32.20,25.00,93,585
8:51:51,119132.04,3080.00,227672.97,32.60,25.00,95,438
8:52:52,109614.02,3070.73,227139.89,32.70,25.00,96,355
8:53:52,116654.28,3135.39,233545.66,32.50,25.00,94,633
8:54:52,113999.97,3130.17,231289.66,32.40,25.10,98,557
8:55:53,126065.84,3210.10,231645.58,32.40,25.10,107,417
8:56:53,124954.20,3270.56,233970.30,32.40,25.10,99,550
8:57:54,112371.23,3168.42,230379.77,32.50,25.00,99,496
8:58:54,109485.36,3191.85,230315.80,32.70,25.10,103,553
8:59:55,106605.70,3158.57,226250.00,32.50,25.10,106,400
9:0:55,105874.98,3145.84,229831.95,32.60,25.10,98,660
9:1:56,103731.83,3171.36,230736.84,32.60,25.10,104,382
9:2:56,106479.98,3115.37,228511.53,32.40,25.10,109,500
9:3:57,102788.88,3023.72,208400.00,32.10,25.20,115,367
9:4:57,98526.88,3013.49,226359.84,32.20,25.10,110,499
9:5:58,95832.45,3095.53,224481.34,32.00,25.20,111,523
9:6:58,100983.59,3120.57,222727.30,32.00,25.20,111,667
9:7:59,96336.84,3077.93,226722.34,31.90,25.20,110,546
9:8:59,91666.66,2926.65,213333.31,32.00,25.30,108,463
9:10:0,92826.52,3058.41,225363.83,31.80,25.30,99,453
9:11:0,100315.20,3120.57,227139.89,31.80,25.40,107,626
9:12:1,111171.57,3184.21,236247.34,31.90,25.30,109,698
9:13:1,110388.21,3210.10,235319.14,31.60,25.30,105,496
9:14:2,110258.80,3217.83,237687.36,31.70,25.30,105,601
9:15:2,113578.28,3070.73,215853.64,31.90,25.20,103,426
9:16:3,103731.83,3145.84,233474.58,31.80,25.20,106,557
9:17:3,116246.88,3157.90,215510.19,32.00,25.20,112,461
9:18:4,108848.82,3021.81,225363.83,31.60,25.20,111,388
9:19:4,107344.80,3145.84,226250.00,31.50,25.10,104,557
9:20:5,116073.59,3197.12,231645.58,31.60,25.20,109,705
9:21:5,116790.09,3178.95,231223.64,31.60,25.10,112,470
9:22:6,114829.24,3181.29,232203.39,31.70,25.10,106,536
9:23:6,108092.46,2985.71,218404.89,31.70,25.20,108,594
9:24:7,117652.13,3230.92,236752.14,31.60,25.20,110,592
9:25:7,120443.00,3236.23,238115.63,31.70,25.20,106,611
9:26:8,117788.78,3171.36,235319.14,31.60,25.10,113,587
9:27:8,127046.41,3171.36,234394.92,31.60,25.10,107,723
9:28:9,112766.44,3046.15,218404.89,31.40,25.10,102,718
9:29:9,117788.78,3184.21,240000.00,31.40,25.10,105,579
9:30:10,118524.96,3204.81,236752.14,31.50,25.20,117,519
9:31:10,130067.62,3009.72,241900.66,31.20,25.30,125,619
9:32:11,147218.08,3236.23,241900.66,30.70,25.40,102,512
9:33:11,144548.19,3217.83,236752.14,30.50,25.30,108,416
9:34:12,118662.46,2903.40,220987.63,30.70,25.30,100,406
9:35:12,143485.33,3249.39,240000.00,30.80,25.40,102,502
9:36:13,132150.73,3171.36,229831.95,30.80,25.40,101,545
9:37:13,134291.70,3223.13,234394.92,31.00,25.30,103,412
9:38:14,113578.28,3070.73,228033.48,31.20,25.40,112,629
9:39:14,123199.95,3120.57,226250.00,31.20,25.40,99,517
9:40:14,131102.09,3171.36,230736.84,31.30,25.40,96,560
9:41:15,124142.81,3095.53,227139.89,31.50,25.50,98,495
9:42:15,136338.06,3191.85,237687.36,31.30,25.60,108,378
9:43:16,134291.70,3145.84,225363.83,31.10,25.70,102,449
9:44:16,139438.89,3194.23,230379.77,31.20,25.70,94,507
9:45:17,132758.67,3006.50,211290.31,31.10,25.80,92,602
9:46:17,128040.05,2973.79,225363.83,30.30,25.90,116,733
9:47:18,135384.66,3070.73,233474.58,30.10,26.10,100,575
9:48:18,135384.66,3070.73,231645.58,29.90,26.10,100,584
9:49:19,151100.81,3286.49,236559.14,30.00,26.20,78,504
9:50:19,153828.16,3275.91,240948.28,29.90,26.20,100,560
9:51:20,159500.03,3210.10,225363.83,29.60,26.20,99,341
9:52:20,148500.03,2961.93,211670.00,29.60,26.20,99,584
9:53:21,137461.03,2956.88,224948.03,29.70,26.20,98,450
9:54:21,139438.89,3055.27,225000.02,29.60,26.20,97,380
9:55:22,144711.16,3120.57,227139.89,29.70,26.30,96,344
9:56:22,136493.00,3033.95,230736.84,29.30,26.40,93,449
9:57:23,148500.03,3171.36,229831.95,29.20,26.40,94,463
9:58:23,141087.00,3095.53,227139.89,29.20,26.40,108,648
9:59:24,143485.33,3197.12,227139.89,29.20,26.30,95,747
10:0:24,159500.03,3210.10,234394.92,29.10,26.40,91,491
10:1:25,158967.78,3207.23,228571.45,29.00,26.40,89,765
10:2:25,130067.62,2950.11,230736.84,29.10,26.40,96,630
10:3:26,141087.00,3145.84,228033.48,29.00,26.50,91,706
10:4:26,158048.03,3223.13,230736.84,28.70,26.60,91,495
10:5:27,143323.56,3115.37,230315.80,28.40,26.60,95,556
10:6:27,134291.70,3046.15,220123.17,28.60,26.70,94,610
10:7:28,127046.41,3009.72,220123.17,28.40,26.80,98,614
10:8:28,151123.11,3197.12,232558.16,28.30,26.90,92,287
10:9:29,139913.70,3070.73,214170.03,28.20,27.00,92,445
10:10:29,136493.00,3133.18,228930.83,28.40,27.00,93,471
10:11:30,139913.70,3133.18,235319.14,28.30,27.00,92,521
10:12:30,166571.45,3273.17,237768.23,27.80,27.10,93,530
10:13:31,162475.44,3236.23,232558.16,27.30,27.10,88,382
10:14:31,186388.91,3289.27,235319.14,27.20,27.20,87,433
10:15:32,141087.00,3046.15,220987.63,27.10,27.10,85,448
10:16:32,168728.83,3249.39,232558.16,27.40,27.20,87,534
10:17:33,149297.75,3030.77,227672.97,27.00,27.20,86,516
10:18:33,135384.66,2891.85,203550.28,27.10,27.30,91,586
10:19:34,135384.66,3095.53,226250.00,27.30,27.30,88,485
10:20:34,143485.33,2973.79,223602.50,27.10,27.40,85,392
10:21:35,149297.75,3117.54,234042.55,27.00,27.40,87,557
10:22:35,171448.30,3273.17,228571.45,26.80,27.40,87,431
10:23:36,167126.08,3197.12,222727.30,26.50,27.40,86,587
10:24:36,173513.06,3244.07,230315.80,26.70,27.20,92,376
10:25:37,178946.44,3145.84,227139.89,26.70,27.20,97,379
10:26:37,177168.16,3120.57,231645.58,26.60,27.20,92,595
10:27:38,152465.16,2973.79,215010.13,26.90,27.10,89,430
10:28:38,162475.44,3108.02,217551.02,27.10,27.20,93,452
10:29:38,137617.06,2868.92,202755.91,27.00,27.20,52,377
10:30:39,155212.64,3171.36,224481.34,27.30,27.20,95,480
10:31:39,168728.83,3158.57,228033.48,26.40,27.40,103,908
10:32:40,164000.02,3210.10,233474.58,26.10,27.40,95,573
10:33:40,178946.44,3262.62,233474.58,26.10,27.50,93,695
10:34:41,152465.16,3033.95,220987.63,25.90,27.50,95,517
10:35:41,168728.83,3210.10,231645.58,26.20,27.60,101,635
10:36:42,142277.41,2961.93,220123.17,25.80,27.60,95,386
10:37:42,136493.00,3095.53,220123.17,26.10,27.60,95,545
10:38:43,143000.03,2970.51,217177.89,26.00,27.80,94,489
10:39:43,149633.63,3102.83,226722.34,25.80,27.80,94,410
10:40:44,159500.03,3289.27,230736.84,25.40,27.90,98,676
10:41:44,156444.48,3053.27,207984.03,24.80,27.80,100,550
10:42:45,155212.64,3120.57,227139.89,25.30,27.90,99,568
10:43:45,173704.38,3302.69,228033.48,25.40,28.00,109,401
10:44:46,178946.44,3316.18,240948.28,24.90,27.90,96,395
10:45:46,165366.69,3257.28,232135.33,25.00,27.90,99,375
10:46:47,160975.64,3083.10,229831.95,25.20,27.90,102,586
10:47:47,194403.84,3329.73,232558.16,25.50,27.90,101,442
10:48:48,173704.38,3210.10,230736.84,25.20,27.90,103,636
10:49:48,165550.02,3083.10,224481.34,25.50,27.90,99,367
10:50:49,155212.64,2915.00,207569.72,25.70,27.90,97,462
10:51:49,168728.83,3158.57,230736.84,26.10,27.90,98,469
10:52:50,184477.08,3275.91,234394.92,26.10,28.00,96,582
10:53:50,168728.83,2950.11,224481.34,25.60,27.90,100,333
10:54:51,178750.02,3166.11,229411.78,26.30,28.00,99,482
10:55:51,207653.05,3343.35,243817.78,25.80,27.90,99,318
10:56:52,186388.91,3249.39,237179.50,25.40,27.90,112,426
10:57:52,198647.05,3343.35,237179.50,25.30,27.90,106,489
10:58:53,168728.83,3171.36,230736.84,25.10,27.80,100,550
10:59:53,182600.02,3236.23,228930.83,25.30,27.90,99,495
11:0:54,157696.03,2825.06,205158.73,25.70,28.00,97,260
11:1:54,175421.08,3145.84,235319.14,26.10,28.00,99,451
11:2:55,164000.02,3083.10,224481.34,25.20,28.10,98,623
11:3:55,190320.77,3171.36,219262.27,25.10,28.10,100,802
11:4:56,162295.11,3178.95,227615.08,25.30,28.00,96,573
11:5:56,184477.08,3275.91,240000.00,25.40,28.10,117,443
11:6:57,194403.84,3275.91,225363.83,25.10,28.20,97,354
11:7:57,180756.78,3210.10,228930.83,24.90,28.20,97,605
11:8:58,196504.86,3262.62,236247.34,25.00,28.20,98,511
11:9:58,162295.11,3065.57,223188.42,25.00,28.20,94,522
11:10:59,194403.84,3329.73,237179.50,25.40,28.10,116,573
11:11:59,188130.86,3297.31,239569.89,25.10,28.20,98,417
11:13:0,194403.84,3210.10,236247.34,25.20,28.20,99,553
11:14:0,180756.78,3223.13,234394.92,25.50,28.20,102,334
11:15:1,185981.50,3225.60,238197.42,25.30,28.20,99,446
11:16:1,160975.64,3120.57,216700.59,25.50,28.20,101,610
11:17:2,145462.72,3092.45,218032.77,25.80,28.20,97,517
11:18:2,144711.16,2985.71,202755.91,25.80,28.30,94,531
11:19:3,162475.44,3171.36,224481.34,25.70,28.40,95,374
11:20:3,182600.02,3197.12,228930.83,25.20,28.40,102,441
11:21:4,143485.33,3009.72,218404.89,25.30,28.40,92,384
11:22:4,159500.03,3095.53,220987.63,25.60,28.40,100,515
11:23:5,171448.30,3117.54,218891.14,25.50,28.40,92,552
11:24:5,186388.91,3210.10,224481.34,25.50,28.40,92,344
11:25:6,160975.64,2950.11,209200.00,25.30,28.40,93,519
11:26:6,160975.64,3210.10,227139.89,25.60,28.30,97,641
11:27:7,175421.08,3158.57,232558.16,25.40,28.40,95,377
11:28:7,180756.78,3184.21,238115.63,25.60,28.30,99,400
11:29:7,182600.02,3249.39,228930.83,25.20,28.20,115,551
11:30:8,186388.91,3197.12,235319.14,25.30,28.10,96,577
11:31:8,205111.09,3365.35,237687.36,25.40,28.10,94,506
11:32:9,212437.48,3329.73,237179.50,25.30,28.00,96,421
11:33:9,196504.86,3249.39,234394.92,25.20,28.00,96,591
11:34:10,205111.09,3365.35,241468.69,25.20,28.00,98,390
11:35:10,207653.05,3329.73,230736.84,25.40,28.00,109,510
11:36:11,190320.77,3223.13,226250.00,25.10,27.80,90,581
11:37:11,154692.95,3030.77,218891.14,25.40,27.90,89,646
11:38:12,144711.16,3095.53,216700.59,25.70,27.90,91,315
11:39:12,151123.11,3070.73,215853.64,25.80,28.10,91,481
11:40:13,153828.16,3171.36,228033.48,25.60,28.20,89,453
11:41:13,168728.83,3171.36,226250.00,25.30,28.30,125,545
11:42:14,144711.16,2973.79,215853.64,25.00,28.30,89,363
11:43:14,151123.11,3095.53,212500.00,25.20,28.30,91,290
11:44:15,139913.70,3058.41,214170.03,25.10,28.40,103,746
11:45:15,129621.67,3006.50,204761.91,25.10,28.50,98,396
11:46:16,139913.70,3083.10,220987.63,25.20,28.60,96,356
11:47:16,133213.84,3009.72,215853.64,24.80,28.70,98,256
11:48:17,148625.98,3147.37,214693.88,24.80,28.70,102,812
11:49:17,137617.06,3095.53,214170.03,24.60,28.80,101,396
11:50:18,135384.66,3120.57,215853.64,24.70,28.90,110,761
11:51:18,124142.81,3021.81,208383.23,24.50,28.90,105,480
11:52:19,124810.41,3023.72,210040.16,24.90,29.00,102,576
11:53:19,116073.59,2985.71,205148.52,24.80,29.00,102,419
11:54:20,113578.28,2926.65,205952.38,24.90,29.10,98,436
11:55:20,123199.95,2997.69,210020.03,25.00,29.20,99,698
11:56:21,104438.19,2903.40,200391.39,24.80,29.30,103,395
11:57:21,109614.02,2997.69,208383.23,25.00,29.40,104,382
11:58:22,95832.45,2903.40,198054.48,24.80,29.40,118,384
11:59:22,123714.24,3042.99,225000.02,25.00,29.40,109,628
12:0:23,138757.19,3133.18,222727.30,24.60,29.50,103,389
12:1:23,146887.27,3160.86,225416.67,24.60,29.40,100,521
12:2:24,156619.08,3236.23,223602.50,24.70,29.30,100,340
12:3:24,149801.56,3120.57,221855.70,24.60,29.30,100,464
12:4:25,124142.81,2938.36,210020.03,24.70,29.30,100,527
12:5:25,109485.36,2709.17,196124.05,25.20,29.40,97,280
12:6:26,116925.89,2834.90,201176.48,25.50,29.40,102,503
12:7:26,148500.03,3171.36,227139.89,24.80,29.50,102,288
12:8:27,118662.46,2735.53,202755.91,24.20,29.50,104,361
12:9:27,120025.27,3006.50,217177.89,25.20,29.50,119,419
12:10:28,111964.26,2779.20,201176.48,24.60,29.50,105,510
12:11:28,122269.19,3046.15,215853.64,24.70,29.50,100,416
12:12:29,115231.68,2891.85,205952.38,24.40,29.60,98,369
12:13:29,119547.13,3058.41,212500.00,24.60,29.60,99,488
12:14:30,117242.20,3074.82,216768.89,24.20,29.60,97,439
12:15:30,118662.46,2973.79,210843.36,24.10,29.60,100,251
12:16:31,116073.59,2868.92,200391.39,24.20,29.60,98,349
12:17:31,117378.84,2865.46,203162.05,24.30,29.70,170,755
12:18:32,118662.46,2961.93,210843.36,24.30,29.70,96,529
12:19:32,133062.11,3090.35,220576.11,24.00,29.70,100,339
12:20:33,111833.30,2886.88,207171.31,23.80,29.70,102,450
12:21:33,134291.70,3108.02,218404.89,23.90,29.80,107,441
12:22:34,140927.58,3204.81,230315.80,23.70,29.80,102,479
12:23:34,136493.00,2891.85,204347.81,23.50,29.80,101,234
12:24:35,132150.73,3033.95,217551.02,24.00,29.80,106,517
12:25:35,152465.16,3145.84,224481.34,23.80,29.90,98,386
12:26:36,128040.05,3033.95,215010.13,23.70,29.80,104,443
12:27:36,103731.83,2857.53,202755.91,23.80,29.90,97,550
12:28:37,107710.96,3018.60,212121.20,24.10,29.90,110,502
12:29:37,108848.82,3021.81,212500.00,24.20,30.00,110,536
12:30:38,111964.26,2985.71,206759.44,24.00,30.10,111,635
12:31:38,117788.78,3033.95,213333.31,24.20,30.10,108,888
12:32:39,114266.64,3028.84,211267.59,24.00,30.10,104,446
12:33:39,111833.30,3028.84,223188.42,24.00,30.20,102,681
12:34:40,118662.46,2746.37,190458.02,23.60,30.30,99,417
12:35:40,123199.95,2812.47,193461.55,24.10,30.20,99,429
12:36:41,135384.66,2961.93,212500.00,23.80,30.20,102,375
12:37:41,134138.94,3053.27,215447.14,23.60,30.10,102,618
12:38:41,141087.00,3021.81,210843.36,23.60,30.10,98,331
12:39:42,155212.64,3058.41,215010.13,23.50,30.10,96,267
12:40:42,162475.44,3158.57,217551.02,23.50,30.20,100,478
12:41:43,141087.00,3009.72,209200.00,23.40,30.10,103,488
12:42:43,152124.08,3135.39,219301.81,23.50,30.10,96,543
12:43:44,128040.05,2703.27,185310.75,23.30,30.10,97,481
12:44:44,144711.16,3083.10,210843.36,24.30,30.10,99,382
12:45:45,141087.00,3033.95,209200.00,23.40,30.10,97,542
12:46:45,141087.00,2926.65,209200.00,23.40,30.10,96,478
12:47:46,138442.91,3072.77,218442.59,23.70,30.10,100,559
12:48:46,111964.26,2757.27,198054.48,23.40,30.10,103,527
12:49:47,111171.57,2961.93,204347.81,24.00,30.10,98,395
12:50:47,121070.02,3035.90,208400.00,23.70,30.20,92,529
12:51:48,116925.89,2985.71,205952.38,23.60,30.20,94,450
12:52:48,105874.98,2757.27,203550.28,23.70,30.20,95,356
12:53:49,122269.19,2891.85,203550.28,24.20,30.30,96,485
12:54:49,143733.38,3152.63,217659.11,23.40,30.30,95,359
12:55:50,133213.84,2938.36,203550.28,23.10,30.30,94,479
12:56:50,126900.71,2992.61,209619.23,23.20,30.40,89,454
12:57:51,130067.62,2834.90,206759.44,22.80,30.40,91,453
12:58:51,112766.44,2768.21,208383.23,22.90,30.40,88,378
12:59:52,130067.62,2790.24,198830.42,23.30,30.30,100,513
13:0:52,135384.66,3021.81,208383.23,23.20,30.40,91,435
13:1:53,147218.08,3070.73,211670.00,22.80,30.40,88,397
13:2:53,149801.56,3184.21,219262.27,22.80,30.30,91,467
13:3:54,138757.19,3095.53,211670.00,22.90,30.20,102,572
13:4:54,142277.41,3070.73,214170.03,23.10,30.20,89,401
13:5:55,141087.00,3033.95,211670.00,23.20,30.30,99,516
13:6:55,123999.95,2841.26,207171.31,23.40,30.30,101,497
13:7:56,165550.02,3223.13,225363.83,23.80,30.40,100,326
13:8:56,168728.83,3083.10,210020.03,23.10,30.40,100,442
13:9:57,124954.20,2774.34,200000.02,23.30,30.30,100,506
13:10:57,124142.81,2834.90,198054.48,24.00,30.20,108,644
13:11:58,117788.78,2985.71,205952.38,23.90,30.30,93,572
13:12:58,108848.82,2868.92,197281.56,23.80,30.30,30147,30502
13:13:59,127046.41,3095.53,214170.03,23.90,30.30,116,476
13:14:59,141087.00,3095.53,210843.36,23.30,30.40,99,290
13:16:0,123199.95,3033.95,208383.23,23.20,30.40,103,377
13:17:0,103731.83,2985.71,201964.64,23.40,30.40,108,578
13:18:1,97712.76,2950.11,201964.64,23.70,30.40,98,307
13:19:1,116073.59,3070.73,210020.03,23.60,30.50,134,575
13:20:2,131698.67,3080.00,215478.59,23.00,30.60,103,361
13:21:2,130067.62,2985.71,208383.23,23.00,30.60,107,358
13:22:3,138757.19,3058.41,206759.44,23.00,30.60,106,388
13:23:3,134291.70,3033.95,210020.03,22.90,30.60,108,308
13:24:4,158258.11,3225.24,218106.97,22.90,30.70,112,479
13:25:4,168728.83,3120.57,217551.02,22.60,30.70,112,528
13:26:5,172017.27,3133.18,215853.64,22.70,30.60,107,534
13:27:5,155212.64,3095.53,219262.27,22.60,30.60,115,477
13:28:6,170359.00,3145.84,210843.36,22.80,30.60,99,506
13:29:6,168728.83,3158.57,219262.27,22.90,30.60,97,467
13:30:7,177168.16,3223.13,220987.63,22.80,30.70,113,375
13:31:7,158048.03,3070.73,211670.00,22.80,30.70,98,688
13:32:8,168728.83,3145.84,218404.89,22.90,30.60,98,238
13:33:8,170359.00,3158.57,217551.02,22.80,30.70,107,370
13:34:9,156444.48,3016.71,209619.23,22.80,30.60,105,475
13:35:9,137617.06,2915.00,196511.64,23.00,30.60,108,476
13:36:10,130653.11,3030.77,208817.63,23.50,30.70,108,325
13:37:10,148500.03,3070.73,214170.03,23.20,30.70,110,386
13:38:11,128040.05,2812.47,200391.39,22.90,30.70,103,391
13:39:11,153828.16,3120.57,214170.03,23.10,30.80,108,479
13:40:12,164000.02,3158.57,218404.89,22.60,30.80,102,390
13:41:12,158967.78,3117.54,217177.89,22.40,30.70,106,334
13:42:13,155212.64,3108.02,216700.59,22.70,30.70,102,382
13:43:13,127046.41,2973.79,211670.00,22.70,30.80,104,569
13:44:14,165550.02,3108.02,217551.02,23.00,30.80,101,429
13:45:14,147218.08,3070.73,213333.31,22.80,30.90,102,341
13:46:15,139913.70,2880.36,206759.44,23.00,30.90,30113,30397
13:47:15,155212.64,3236.23,218404.89,23.00,30.90,100,390
13:48:16,151123.11,3046.15,210843.36,23.00,31.00,104,438
13:49:16,141087.00,3033.95,209200.00,22.80,30.90,102,434
13:50:17,113445.75,2796.44,197665.38,22.80,30.90,104,431
13:51:17,143485.33,3120.57,212500.00,23.50,31.00,102,390
13:52:18,155212.64,3133.18,211670.00,23.00,31.00,100,287
13:53:18,142277.41,3058.41,203550.28,23.00,31.00,107,393
13:54:19,137617.06,3033.95,208383.23,22.90,30.90,107,425
13:55:19,143485.33,3046.15,206759.44,23.00,30.90,104,558
13:56:20,145955.25,3070.73,210843.36,23.20,30.90,102,548
13:57:20,118662.46,2834.90,200391.39,23.40,31.00,106,570
13:58:21,119547.13,2938.36,202755.91,23.60,31.10,102,579
13:59:21,134291.70,3046.15,208383.23,23.30,31.10,95,485
14:0:22,152465.16,3083.10,212500.00,23.10,31.20,98,528
14:1:22,139913.70,2973.79,202755.91,23.10,31.20,98,363
14:2:23,128040.05,2915.00,199609.38,23.20,31.30,102,481
14:3:23,142277.41,3046.15,206759.44,23.30,31.30,99,401
14:4:24,126065.84,2961.93,200391.39,22.80,31.30,99,694
14:5:24,121350.27,2779.20,194219.66,22.90,31.40,99,353
14:6:25,138757.19,3009.72,203550.28,22.90,31.40,98,417
14:7:25,116925.89,2846.19,205148.52,22.70,31.40,95,224
14:8:26,152465.16,3120.57,212500.00,23.10,31.40,97,359
14:9:26,145955.25,3021.81,205952.38,22.80,31.40,100,444
14:10:27,130067.62,2950.11,202755.91,23.00,31.40,96,474
14:11:27,127046.41,2985.71,207569.72,23.40,31.40,100,264
14:12:28,136493.00,2973.79,203550.28,23.30,31.40,100,402
14:13:28,147218.08,2926.65,191204.61,23.10,31.40,100,394
14:14:29,129918.97,2841.26,196124.05,23.20,31.40,96,510
14:15:29,131102.09,2903.40,194980.70,23.50,31.40,95,396
14:16:30,126609.23,2900.00,196887.17,23.60,31.40,98,386
14:17:30,126900.71,3016.71,203952.56,23.70,31.50,100,495
14:18:30,128604.07,2876.92,200785.86,23.70,31.50,92,399
14:19:31,130067.62,2973.79,203550.28,23.90,31.50,96,641
14:20:31,125098.09,2880.36,188973.39,24.00,31.60,96,646
14:21:32,136028.20,2958.62,210462.77,23.70,31.60,93,475
14:22:32,125098.09,2926.65,198054.48,23.70,31.60,86,392
14:23:33,126755.02,2951.83,200392.16,23.70,31.60,95,606
14:24:33,153828.16,3058.41,201964.64,23.80,31.60,93,400
14:25:34,139913.70,2973.79,210020.03,23.90,31.60,92,479
14:26:34,162114.78,3060.42,206772.91,23.80,31.70,104,594
14:27:35,165366.69,3065.57,212929.28,23.60,31.70,100,367
14:28:35,144548.19,2898.41,202362.20,23.60,31.70,96,579
14:29:36,145298.53,2860.50,197270.97,23.80,31.70,99,342
14:30:36,121846.11,2820.13,193822.41,23.90,31.70,97,417
14:31:37,119547.13,2846.19,187500.00,24.00,31.80,96,387
14:32:37,111171.57,2846.19,187500.00,24.00,31.80,96,336
14:33:38,105874.98,2834.90,191204.61,24.10,31.80,100,548
14:34:38,100983.59,2846.19,183864.92,24.10,31.90,96,365
14:35:39,105028.23,2829.98,182056.09,24.00,31.90,105,603
14:36:39,130067.62,2915.00,196511.64,24.30,32.00,105,451
14:37:40,130067.62,2926.65,194980.70,24.00,32.00,103,385
14:38:40,100315.20,2619.27,182429.92,23.90,31.90,101,385
14:39:41,103033.32,2868.92,193461.55,24.50,32.00,99,276
14:40:41,107344.80,2891.85,194219.66,24.30,32.00,102,407
14:41:42,131102.09,3009.72,203550.28,24.20,32.00,103,334
14:42:42,117788.78,2915.00,198830.42,23.90,32.00,101,395
14:43:43,120443.00,2915.00,197281.56,24.20,32.00,101,477
14:44:43,143485.33,3009.72,206759.44,24.10,32.00,105,389
14:45:44,132150.73,2926.65,197281.56,24.10,32.00,103,360
14:46:44,142277.41,3021.81,206759.44,23.90,31.90,97,480
14:47:45,125197.32,2955.30,198823.53,23.80,31.90,102,329
14:48:45,113578.28,2891.85,194219.66,24.30,32.00,99,462
14:49:46,102342.53,2857.53,191954.03,24.40,32.00,103,527
14:50:46,103731.83,2926.65,196511.64,24.30,32.10,101,575
14:51:47,108848.82,2950.11,198830.42,24.20,32.10,101,513
14:52:47,127046.41,3021.81,205148.52,24.20,32.10,106,352
14:53:48,125921.10,3004.63,214604.44,24.10,32.10,107,463
14:54:48,107344.80,2823.66,194980.70,23.90,32.20,102,385
14:55:49,118662.46,2961.93,201176.48,24.10,32.10,103,480
14:56:49,109614.02,2938.36,198054.48,23.90,32.10,104,308
14:57:50,134138.94,3016.71,207984.03,23.90,32.20,105,430
14:58:50,129047.02,2961.93,202755.91,23.80,32.20,97,462
14:59:51,134291.70,2961.93,198054.48,23.90,32.20,106,362
15:0:51,109228.05,2786.67,196887.17,23.90,32.20,102,522
15:1:52,107344.80,2915.00,196511.64,24.20,32.20,103,388
15:2:52,109485.36,2933.33,199218.75,24.10,32.20,106,446
15:3:53,105874.98,2891.85,195744.69,24.00,32.30,103,531
15:4:53,87785.36,2558.14,181716.44,24.00,32.30,111,481
15:5:54,97882.34,2705.47,183082.72,24.40,32.30,106,516
15:6:54,133213.84,2973.79,201176.48,24.10,32.30,105,482
15:7:55,129047.02,2950.11,201176.48,23.70,32.30,110,231
15:8:55,100983.59,2757.27,193461.55,23.70,32.30,106,346
15:9:56,116925.89,2973.79,203550.28,24.10,32.30,111,439
15:10:56,137617.06,3033.95,209200.00,23.60,32.30,108,340
15:11:57,148500.03,3021.81,218404.89,23.60,32.30,100,394
15:12:57,160975.64,3058.41,205952.38,23.70,32.20,104,374
15:13:58,123199.95,2903.40,199609.38,23.70,32.10,102,304
15:14:58,127046.41,2985.71,203550.28,24.00,32.10,105,325
15:15:59,115097.53,2921.64,201571.72,24.30,32.10,104,350
15:16:59,104314.59,2841.26,197665.38,24.40,32.10,107,488
15:18:0,102342.53,2880.36,202755.91,24.30,32.20,103,459
15:19:0,95218.74,2746.37,194219.66,24.20,32.30,103,441
15:20:1,92265.30,2866.97,197656.25,24.40,32.30,94,392
15:21:1,95218.74,2880.36,208383.23,24.40,32.30,102,382
15:22:2,108848.82,2903.40,193461.55,24.20,32.40,104,457
15:23:2,95832.45,2846.19,196511.64,23.80,32.50,106,434
15:24:3,84160.38,2568.22,186767.50,23.80,32.50,100,517
15:25:3,84663.51,2692.61,190458.02,24.20,32.60,97,306
15:26:4,130067.62,2950.11,198830.42,23.80,32.60,99,469
15:27:4,118662.46,2724.73,196511.64,23.30,32.60,103,390
15:28:5,147218.08,3009.72,205952.38,23.80,32.50,115,529
15:29:5,118662.46,2650.43,192706.33,23.40,32.50,97,430
15:30:6,137617.06,2915.00,201176.48,23.90,32.50,102,332
15:31:6,137617.06,2915.00,200391.39,23.50,32.50,103,30445
15:32:7,145955.25,2926.65,201176.48,23.40,32.50,120,373
15:33:7,171448.30,3092.45,208817.63,23.30,32.50,102,442
15:34:8,135384.66,2846.19,195744.69,23.30,32.40,116,324
15:35:8,159500.03,3021.81,204347.81,23.70,32.30,96,292
15:36:9,141087.00,2846.19,199609.38,23.60,32.30,98,508
15:37:9,161754.13,3025.64,206786.42,23.70,32.40,99,372
15:38:10,142277.41,2880.36,198830.42,23.50,32.40,94,492
15:39:10,178750.02,3053.27,206361.83,23.60,32.30,101,504
15:40:11,155212.64,2961.93,200391.39,23.50,32.30,96,352
15:41:11,138757.19,2868.92,195744.69,23.70,32.30,96,350
15:42:12,127046.41,2823.66,196511.64,23.90,32.30,146,604
15:43:12,128899.37,2945.08,196893.20,23.80,32.40,100,449
15:44:13,143485.33,2985.71,201176.48,23.80,32.40,93,310
15:45:13,114399.97,2528.15,183864.92,23.50,32.40,95,607
15:46:14,123199.95,2598.72,182429.92,24.00,32.50,92,329
15:47:14,138757.19,3009.72,209200.00,23.80,32.40,100,509
15:48:15,132150.73,2891.85,203550.28,23.40,32.50,93,560
15:49:15,125776.27,2791.56,204356.44,23.60,32.50,95,415
15:50:16,139913.70,2926.65,198830.42,23.60,32.50,86,581
15:51:16,145955.25,2950.11,200391.39,23.20,32.50,96,517
15:52:17,152294.61,2992.61,201571.72,23.30,32.50,92,377
15:53:17,155212.64,2973.79,199609.38,23.20,32.50,95,304
15:54:18,175421.08,3046.15,205148.52,23.30,32.50,94,367
15:55:18,172017.27,3009.72,203550.28,23.30,32.50,136,420
15:56:19,153828.16,3009.72,201176.48,23.20,32.50,103,241
15:57:19,137617.06,2926.65,198054.48,23.30,32.50,100,337
15:58:20,118662.46,2682.00,190458.02,23.30,32.60,103,483
15:59:20,138757.19,2985.71,199609.38,23.50,32.70,101,295
16:0:21,136493.00,2961.93,200391.39,23.00,32.60,98,458
16:1:21,119547.13,2619.27,183864.92,23.20,32.70,100,311
16:2:22,124142.81,2834.90,194980.70,23.60,32.60,105,372
16:3:22,158967.78,3055.27,211290.31,23.20,32.70,112,301
16:4:23,147218.08,2926.65,201176.48,23.10,32.70,112,355
16:5:23,144711.16,2985.71,201964.64,23.40,32.70,103,381
16:6:24,138757.19,2903.40,198830.42,23.40,32.70,99,397
16:7:24,121350.27,2926.65,198054.48,23.30,32.70,105,325
16:8:25,115231.68,2891.85,197281.56,23.40,32.70,109,441
16:9:25,121350.27,2880.36,194980.70,23.40,32.80,102,448
16:10:26,122269.19,2868.92,197281.56,23.30,32.80,103,443
16:11:26,106605.70,2402.45,173357.66,23.30,32.90,103,305
16:12:27,114399.97,2724.73,191204.61,24.10,33.00,137,539
16:13:27,126755.02,2951.83,205158.73,23.30,33.10,104,322
16:14:28,143485.33,2961.93,201964.64,23.00,33.10,137,493
16:15:28,145955.25,2985.71,204347.81,23.00,33.10,109,404
16:16:29,155212.64,2997.69,205952.38,23.10,33.10,111,387
16:17:29,139913.70,2857.53,202755.91,23.10,33.10,102,597
16:18:30,200831.69,3158.57,211670.00,23.20,33.10,105,467
16:19:30,194403.84,3083.10,206759.44,22.60,33.10,103,346
16:20:31,133213.84,2528.15,176102.92,22.60,32.90,116,507
16:21:31,133213.84,2823.66,193461.55,23.40,32.90,104,308
16:22:32,151123.11,2985.71,204347.81,23.30,33.00,107,366
16:23:32,178946.44,3083.10,209200.00,22.80,32.90,105,374
16:24:33,180756.78,2801.33,198054.48,22.50,32.90,103,316
16:25:33,236689.61,3249.39,219262.27,22.70,32.90,112,442
16:26:34,205333.33,3236.23,219262.27,22.50,32.90,105,374
16:27:34,158048.03,2598.72,186767.50,22.60,32.80,101,420
16:28:35,149801.56,2891.85,205952.38,23.40,32.70,101,373
16:29:35,182600.02,2926.65,203550.28,23.10,32.70,104,343
16:30:36,178946.44,2973.79,201964.64,22.90,32.70,105,408
16:31:36,214905.25,3133.18,218404.89,22.90,32.70,106,340
16:32:37,219999.98,3145.84,214170.03,22.80,32.60,101,280
16:33:37,214905.25,3184.21,216700.59,22.80,32.50,99,479
16:34:38,308646.91,3506.60,235820.91,22.80,32.50,105,293
16:35:38,255851.78,3171.36,220123.17,22.70,32.50,108,415
16:36:39,270285.63,3316.18,221855.70,23.10,32.30,166,246
16:37:39,198000.00,2958.62,205566.61,23.10,32.20,101,30568
16:38:40,194403.84,3033.95,207569.72,23.50,32.20,107,351
16:39:40,180756.78,3021.81,209200.00,23.60,32.30,103,379
16:40:41,153828.16,2757.27,193461.55,23.60,32.30,101,339
16:41:41,146721.84,2900.00,195348.84,23.80,32.40,101,407
16:42:42,153828.16,2961.93,199609.38,23.60,32.50,100,287
16:43:42,123199.95,2915.00,201176.48,23.50,32.60,103,414
16:44:43,134291.70,2903.40,197281.56,23.40,32.70,101,562
16:45:43,122128.16,2807.57,194594.59,23.30,32.70,111,588
16:46:44,155212.64,2985.71,202755.91,23.40,32.70,107,567
16:47:44,134769.28,2489.96,173944.95,23.20,32.80,101,431
16:48:45,124142.81,2671.43,188235.31,23.80,32.80,102,536
16:49:45,100315.20,2790.24,188973.39,23.50,32.90,104,556
16:50:46,103731.83,2724.73,186037.73,23.30,32.90,99,454
16:51:46,108092.46,2779.20,188973.39,23.40,32.90,98,393
16:52:47,93415.38,2479.00,174725.27,23.30,32.90,98,401
16:53:47,104438.19,2834.90,188973.39,23.80,32.80,97,504
16:54:48,117788.78,2903.40,194980.70,23.30,32.80,97,487
16:55:48,173704.38,3033.95,203550.28,23.00,32.80,101,421
16:56:49,142277.41,2891.85,195744.69,22.90,32.70,99,440
16:57:49,159500.03,2961.93,197281.56,23.40,32.60,96,317
16:58:50,164000.02,2997.69,201964.64,23.30,32.50,93,355
16:59:50,120303.76,2763.36,189333.34,23.30,32.50,96,299
17:0:51,123571.38,2941.74,195728.16,23.80,32.50,95,491
17:1:51,135384.66,2938.36,199609.38,23.70,32.50,100,609
17:2:52,132150.73,2768.21,191954.03,23.70,32.50,97,523
17:3:52,125098.09,2880.36,194980.70,23.80,32.50,93,481
17:4:53,145955.25,2950.11,197281.56,23.80,32.40,95,420
17:5:53,120443.00,2640.00,187500.00,23.70,32.40,101,446
17:6:54,175421.08,3033.95,201176.48,23.90,32.50,96,406
17:7:54,165550.02,2985.71,202755.91,23.70,32.50,94,335
17:8:55,149297.75,2923.29,196887.17,23.90,32.50,92,30561
17:9:55,126065.84,2812.47,191954.03,24.00,32.50,106,589
17:10:56,129047.02,2868.92,192706.33,24.20,32.50,97,403
17:11:56,108848.82,2857.53,186767.50,24.00,32.50,99,482
17:12:57,105874.98,2880.36,192706.33,24.10,32.60,106,462
17:13:57,123199.95,2926.65,194219.66,24.10,32.70,99,332
17:14:58,106605.70,2846.19,190458.02,23.90,32.70,106,320
17:15:58,103363.11,2854.05,190057.38,24.00,32.70,89,301
17:16:58,105749.98,2886.88,197665.38,23.90,32.80,95,354
17:17:59,126065.84,2915.00,196511.64,23.70,32.80,108,424
17:18:59,99654.04,2703.27,186037.73,23.40,32.80,107,266
17:20:0,98352.93,2713.97,190458.02,23.80,32.80,112,441
17:21:0,105749.98,2875.39,193076.94,23.80,32.80,100,372
17:22:1,95832.45,2834.90,187500.00,23.50,32.80,97,448
17:23:1,84559.24,2604.27,183489.69,23.60,32.90,102,339
17:24:2,115803.65,2928.31,194971.00,23.80,32.90,105,431
17:25:2,99297.29,2742.73,187832.72,23.30,32.90,99,428
17:26:3,182600.02,3210.10,222727.30,23.50,32.90,102,302
17:27:3,160975.64,3021.81,202755.91,22.90,32.80,101,393
17:28:4,142277.41,2834.90,192706.33,23.20,32.70,94,484
17:29:4,155212.64,2997.69,203550.28,23.50,32.70,98,448
17:30:5,149801.56,2801.33,194219.66,23.50,32.60,113,475
17:31:5,141087.00,2926.65,194980.70,23.50,32.60,100,407
17:32:6,132150.73,2915.00,196511.64,23.60,32.60,112,631
17:33:6,137461.03,2992.61,200000.02,23.80,32.60,110,440
17:34:7,107583.79,2716.23,185255.22,23.60,32.60,103,388
17:35:7,113578.28,2903.40,198054.48,23.90,32.60,103,589
17:36:8,119547.13,2926.65,194219.66,23.60,32.70,99,563
17:37:8,104067.40,2842.70,190057.38,23.60,32.70,102,479
17:38:9,108848.82,2915.00,193461.55,23.80,32.70,106,247
17:39:9,101296.69,2865.46,194584.14,23.70,32.80,108,276
17:40:10,111171.57,2857.53,192706.33,23.70,32.80,100,428
17:41:10,108848.82,2801.33,191204.61,23.60,32.80,104,314
17:42:11,143485.33,2973.79,202755.91,23.70,32.90,103,573
17:43:11,124142.81,2903.40,202755.91,23.20,32.80,107,306
17:44:12,112766.44,2868.92,194219.66,23.50,32.80,100,409
17:45:12,108848.82,2915.00,193461.55,23.50,32.90,104,567
17:46:13,125098.09,2938.36,198830.42,23.20,32.90,102,726
17:47:13,127600.05,2911.62,196887.17,23.20,32.90,109,528
17:48:14,137617.06,2973.79,201964.64,23.20,32.90,160,448
17:49:14,159500.03,2950.11,199609.38,23.00,32.90,97,496
17:50:15,139913.70,2891.85,196511.64,23.20,32.90,134,763
17:51:15,128040.05,2724.73,188235.31,23.20,32.90,111,449
17:52:16,116073.59,2779.20,189714.30,23.40,32.90,101,655
17:53:16,96452.63,2421.35,176795.58,23.30,32.90,100,731
17:54:17,129047.02,2846.19,198054.48,23.80,32.90,105,609
17:55:17,128040.05,2834.90,191954.03,23.20,32.90,106,434
17:56:18,142277.41,2880.36,194219.66,23.40,32.90,106,515
17:57:18,102666.66,2426.80,171584.69,23.40,32.90,105,532
17:58:19,117788.78,2779.20,190458.02,23.90,32.90,103,610
17:59:19,87785.36,2469.29,173357.66,23.50,32.90,102,471
18:0:20,84160.38,2724.73,180297.38,24.20,33.00,109,621
18:1:20,81238.54,2660.91,180297.38,24.00,33.00,106,531
18:2:21,80300.01,2692.61,181005.59,24.10,33.00,103,446
18:3:21,72962.02,2450.00,169314.06,23.80,32.90,113,532
18:4:22,75428.56,2538.11,167985.61,24.40,33.00,112,913
18:5:22,82194.45,2488.75,166666.67,24.20,33.00,104,615
18:6:23,75008.61,2440.41,162765.97,24.10,33.10,101,714
18:7:23,73770.20,2479.00,162765.97,24.20,33.10,97,631
18:8:24,70999.99,2508.37,162765.97,24.30,33.10,121,893
18:9:24,71385.89,2598.72,172677.58,24.20,33.10,109,624
18:10:25,69219.51,2564.33,170235.92,24.30,33.10,108,722
18:11:25,69877.05,2621.08,171897.80,24.30,33.10,103,650
18:12:26,66258.83,2498.54,163410.31,24.40,33.10,99,1591
18:13:26,75428.56,2650.43,170652.16,24.40,33.10,101,545
18:14:27,78080.37,2549.58,165232.98,24.10,33.10,93,1244
18:15:27,66258.83,2256.63,142713.56,24.20,33.10,125,801
18:16:28,62292.14,2221.61,150342.47,24.40,33.10,94,1147
18:17:28,61977.62,2103.25,132142.86,24.50,33.10,103,945
18:18:29,73770.20,2402.45,158947.38,24.50,33.10,97,992
18:19:29,63648.86,2217.32,144013.47,24.10,33.10,129,950
18:20:30,56968.41,1975.51,120689.66,24.40,33.10,203,2007
18:21:30,57808.50,2054.44,130533.13,24.40,33.10,98,1249
18:22:31,54291.52,2006.73,125796.18,24.30,33.10,91,710
18:23:31,54436.86,2234.85,142760.92,24.40,33.10,102,781
18:24:32,63900.76,2459.63,163410.31,24.20,33.10,128,666
18:25:32,56418.11,2239.05,145025.28,24.20,33.10,109,790
18:26:33,53777.77,2292.22,146192.89,24.40,33.10,92,646
18:27:33,54291.52,2301.20,146779.64,24.30,33.20,89,625
18:28:34,52523.18,2346.67,148551.98,24.40,33.10,105,670
18:29:34,53523.49,2393.06,157692.31,24.30,33.10,94,555
18:30:35,68939.27,2579.15,172627.73,24.40,33.10,109,623
18:31:35,85171.44,2682.00,176102.92,24.10,33.10,96,525
18:32:36,84160.38,2629.61,171324.84,24.00,33.00,96,858
18:33:36,66519.69,2333.06,148805.47,24.20,33.00,102,607
18:34:37,58142.85,2288.00,146938.77,24.50,33.00,97,886
18:35:37,56069.44,2252.28,143529.41,24.70,33.00,101,618
18:36:38,66346.45,2534.18,165591.41,24.60,33.00,114,645
18:37:38,62292.14,2479.00,158947.38,24.40,33.00,99,701
18:38:39,58931.41,2431.82,161347.53,24.50,33.00,91,425
18:39:39,59840.00,2568.22,166666.67,24.80,33.10,104,507
18:40:40,56968.41,2528.15,164056.95,24.50,33.00,110,559
18:41:40,55340.20,2383.71,157068.08,24.80,33.10,108,563
18:42:41,54216.95,2252.28,147028.84,25.10,33.10,119,1331
18:43:41,69117.41,2578.34,170652.16,25.00,33.10,107,1126
18:44:42,62609.02,2421.35,160846.56,24.10,33.10,101,1113
18:45:42,88541.87,2625.81,172943.31,24.70,33.10,91,982
18:46:43,100983.59,2713.97,179591.83,24.20,33.00,103,30635
18:47:43,118662.46,2746.37,184586.48,24.20,33.00,109,732
18:48:44,114399.97,2650.43,177490.75,23.90,32.90,109,880
18:49:44,83661.98,2548.10,166666.67,24.10,32.90,136,1541
18:50:45,80767.13,2548.10,168648.64,24.40,32.90,117,1094
18:51:45,68750.00,2459.63,160211.28,24.50,32.90,104,798
18:52:46,66258.83,2538.11,166010.73,24.60,32.90,104,713
18:53:46,65914.06,2578.34,168648.64,24.50,32.80,105,748
18:54:47,61047.98,2430.86,153979.25,24.50,32.90,105,886
18:55:47,63574.15,2508.37,162765.97,24.40,32.90,111,959
18:56:48,60138.69,2488.75,162123.91,24.40,32.90,102,723
18:57:48,56145.83,2319.28,153979.25,24.60,32.90,107,855
18:58:49,58092.54,2488.75,159578.20,24.60,32.90,106,488
18:59:49,71774.99,2671.43,173357.66,24.30,32.90,105,236
19:0:50,82679.07,2779.20,191204.61,23.90,32.90,105,431
19:1:50,80300.01,2713.97,178188.52,24.00,32.90,103,249
19:2:51,64561.54,2598.72,171324.84,24.20,32.80,103,624
19:3:51,75008.61,2724.73,178188.52,24.40,32.80,107,603
19:4:52,61583.64,2533.47,165652.95,24.20,32.80,113,420
19:5:52,61665.43,2598.72,170652.16,24.60,32.80,114,739
19:6:53,63564.89,2641.90,177407.39,24.40,32.90,104,688
19:7:53,71385.89,2746.37,183864.92,24.30,32.80,111,427
19:8:54,64640.93,2657.14,172943.31,24.10,32.80,96,437
19:9:54,64229.88,2650.43,172677.58,24.40,32.80,102,425
19:10:55,64229.88,2608.97,171324.84,24.50,32.80,103,610
19:11:55,59169.68,2342.22,151202.77,24.50,32.80,109,1093
19:12:56,56111.50,2274.65,153206.25,24.70,32.80,100,513
19:13:56,58092.54,2440.41,162765.97,24.50,32.90,100,472
19:14:57,55340.20,2355.87,162765.97,24.10,32.80,100,602
19:15:57,71774.99,2548.10,174725.27,24.40,32.80,116,564
19:16:58,80300.01,2660.91,178188.52,24.00,32.70,105,513
19:17:58,89970.15,2724.73,179591.83,24.20,32.70,110,442
19:18:59,77145.38,2650.43,177490.75,24.20,32.70,103,337
19:19:59,97079.36,2768.21,183864.92,24.60,32.60,102,493
19:21:0,126065.84,2834.90,186037.73,24.30,32.60,97,624
19:22:0,91095.48,2650.43,176102.92,24.30,32.50,102,491
19:23:1,79378.39,2629.61,176102.92,24.70,32.50,99,404
19:24:1,73364.40,2608.97,171324.84,25.00,32.50,109,570
19:25:2,69117.41,2608.97,172677.58,25.00,32.50,101,389
19:26:2,88215.68,2807.57,186389.42,25.00,32.50,107,681
19:27:3,77145.38,2650.43,175412.84,24.50,32.50,96,357
19:28:3,111964.26,2857.53,189714.30,24.90,32.50,99,284
19:29:4,86193.23,2679.30,178438.64,24.50,32.40,100,561
19:30:4,75008.61,2598.72,167324.95,25.10,32.40,98,453
19:31:5,66869.56,2553.49,170289.84,24.90,32.40,98,465
19:32:5,67665.34,2629.61,174725.27,25.20,32.40,98,558
19:33:6,62292.14,2568.22,166666.67,24.70,32.50,95,616
19:34:6,63574.15,2629.61,175412.84,24.90,32.50,101,474
19:35:7,62609.02,2608.97,173357.66,25.00,32.50,95,448
19:36:7,66258.83,2735.53,177490.75,25.10,32.50,95,459
19:37:8,78178.58,2786.67,184905.67,24.90,32.50,99,520
19:38:8,68385.54,2682.00,176795.58,24.80,32.40,95,362
19:39:9,67402.39,2657.14,176383.75,25.10,32.50,88,504
19:40:9,66346.45,2636.21,177079.47,25.00,32.40,99,540
19:41:10,60742.66,2578.34,169314.06,25.10,32.40,93,301
19:42:10,62360.90,2646.65,172262.77,25.20,32.40,90,674
19:43:11,70617.27,2703.27,178188.52,25.00,32.40,105,597
19:44:11,68385.54,2660.91,176102.92,24.80,32.40,82,614
19:45:12,65571.98,2528.15,163410.31,25.00,32.40,86,572
19:46:12,65232.56,2598.72,166666.67,25.00,32.40,92,557
19:47:13,62928.30,2578.34,169314.06,25.00,32.40,90,506
19:48:13,62513.21,2616.34,172212.05,25.10,32.40,103,604
19:49:14,63816.79,2614.56,170961.88,25.20,32.40,95,508
19:50:14,63250.00,2619.27,172000.00,25.10,32.40,116,571
19:51:15,60138.69,2619.27,170652.16,25.10,32.40,100,387
19:52:15,63083.34,2599.57,170598.91,25.20,32.40,91,659
19:53:16,65571.98,2660.91,175412.84,25.20,32.40,100,633
19:54:16,71799.16,2737.89,177407.39,25.00,32.30,104,629
19:55:17,75008.61,2713.97,177490.75,24.90,32.40,103,570
19:56:17,75047.61,2748.79,181647.92,25.00,32.40,106,605
19:57:18,71385.89,2703.27,176795.58,24.80,32.40,93,649
19:58:18,65742.19,2651.40,173308.94,25.00,32.30,98,712
19:59:19,69487.80,2682.00,178888.88,25.10,32.30,103,611
20:0:19,68385.54,2713.97,174725.27,25.00,32.30,112,493
20:1:20,70818.17,2758.50,179553.89,24.90,32.30,111,361
20:2:20,70237.70,2779.20,181716.44,24.90,32.20,105,495
20:3:21,65914.06,2757.27,177490.75,24.90,32.20,100,494
20:4:21,65914.06,2790.24,179591.83,25.00,32.10,107,497
20:5:22,61355.56,2619.27,177490.75,25.10,32.10,103,461
20:6:22,60742.66,2671.43,174040.20,25.40,32.10,100,428
20:7:23,61977.62,2650.43,178888.88,25.50,32.10,102,449
20:8:23,60138.69,2629.61,176102.92,25.60,32.10,111,514
20:9:24,60742.66,2660.91,176102.92,25.70,32.10,102,660
20:10:24,61355.56,2692.61,179591.83,25.50,32.10,122,505
20:11:25,56461.53,2574.47,169565.20,25.50,32.10,102,476
20:12:25,56968.41,2650.43,175412.84,25.70,32.10,104,511
20:13:26,55875.43,2682.00,176795.58,25.70,32.10,110,382
20:14:26,55875.43,2692.61,176795.58,25.50,32.10,116,816
20:15:27,63574.15,2779.20,187500.00,25.60,32.10,107,545
20:16:27,62928.30,2692.61,182429.92,25.30,32.10,110,542
20:17:28,59249.10,2640.00,174725.27,25.50,32.10,116,792
20:18:28,60138.69,2713.97,180297.38,25.80,32.10,116,693
20:19:29,57246.47,2640.00,174040.20,25.60,32.10,108,238
20:20:29,58956.84,2660.91,177490.75,25.80,32.10,100,547
20:21:30,58666.68,2660.91,178888.88,25.80,32.10,104,525
20:22:30,63574.15,2713.97,182429.92,25.70,32.10,105,601
20:23:31,62928.30,2703.27,181716.44,25.60,32.10,105,577
20:24:31,69487.80,2713.97,186767.50,25.60,32.10,105,491
20:25:32,65571.98,2692.61,178888.88,25.50,32.10,98,558
20:26:32,74179.48,2768.21,185310.75,25.70,32.10,87,515
20:27:33,84663.51,2812.47,190458.02,25.40,32.00,104,667
20:28:33,75428.56,2768.21,187500.00,25.30,32.00,103,509
20:29:34,71385.89,2724.73,183146.09,25.70,32.00,106,512
20:30:34,67665.34,2713.97,183146.09,25.70,32.00,105,648
20:31:35,63900.76,2692.61,181716.44,25.60,32.00,105,684
20:32:35,62609.02,2692.61,182429.92,25.70,32.00,108,531
20:33:36,63250.00,2768.21,186037.73,25.80,32.00,101,633
20:34:36,59249.10,2671.43,178188.52,25.70,32.00,114,755
20:35:37,60742.66,2735.53,187500.00,25.80,32.00,102,523
20:36:37,59543.48,2703.27,183146.09,25.70,32.00,109,647
20:37:38,57526.50,2703.27,178188.52,25.50,31.90,101,404
20:38:38,57808.50,2724.73,185310.75,25.60,32.00,100,399
20:39:39,57246.47,2703.27,178888.88,25.60,32.00,100,483
20:40:39,57526.50,2724.73,177490.75,25.40,31.90,97,852
20:41:40,56692.30,2671.43,176795.58,25.20,31.90,96,635
20:42:40,55875.43,2682.00,176102.92,25.50,31.90,101,478
20:43:41,56145.83,2682.00,179591.83,25.50,31.90,114,544
20:44:41,57246.47,2682.00,181716.44,25.50,31.80,107,256
20:45:42,56145.83,2682.00,177490.75,25.70,31.90,99,494
20:46:42,55875.43,2692.61,175412.84,25.70,31.90,101,527
20:47:43,54551.02,2682.00,172677.58,25.60,31.80,95,650
20:48:43,53270.90,2629.61,172000.00,25.70,31.80,102,748
20:49:44,53629.63,2661.90,173992.67,25.80,31.80,99,595
20:50:44,53523.49,2671.43,174725.27,25.70,31.80,96,547
20:51:45,53703.70,2666.67,176427.25,25.70,31.80,100,517
20:52:45,55340.20,2746.37,178188.52,25.80,31.80,116,799
20:53:46,55494.81,2754.87,179143.38,25.50,31.80,99,693
20:54:46,55075.34,2692.61,179591.83,25.60,31.70,96,471
20:55:47,54033.78,2682.00,175412.84,25.90,31.70,96,666
20:56:47,54812.29,2671.43,178888.88,25.90,31.70,100,763
20:57:48,55647.05,2710.28,178478.66,26.00,31.70,113,745
20:58:48,54551.02,2692.61,176102.92,25.90,31.60,66,389
20:59:49,56418.11,2757.27,180297.38,26.00,31.60,100,863
21:0:49,56145.83,2703.27,179591.83,25.60,31.70,100,632
21:1:50,55075.34,2682.00,174040.20,25.80,31.60,95,506
21:2:50,54812.29,2724.73,180297.38,25.90,31.70,96,752
21:3:51,54812.29,2703.27,179591.83,25.90,31.60,94,618
21:4:51,55340.20,2713.97,181716.44,25.80,31.60,91,544
21:5:52,55075.34,2713.97,179591.83,25.90,31.60,98,550
21:6:52,55340.20,2713.97,178188.52,25.90,31.70,91,597
21:7:53,55916.66,2721.05,181308.39,25.90,31.70,102,669
21:8:53,55606.89,2746.37,183146.09,26.00,31.60,92,643
21:9:54,54291.52,2703.27,177490.75,25.90,31.60,113,541
21:10:54,55075.34,2724.73,181716.44,26.00,31.60,98,950
21:11:55,55875.43,2735.53,181005.59,26.00,31.60,102,402
21:12:55,56692.30,2757.27,183146.09,26.00,31.60,105,501
21:13:56,55340.20,2735.53,181005.59,25.90,31.60,108,542
21:14:56,54662.11,2693.68,177449.16,26.10,31.60,107,622
21:15:57,54476.19,2698.47,182056.09,26.10,31.60,105,619
21:16:57,55075.34,2713.97,183146.09,26.00,31.60,101,530
21:17:58,55916.66,2721.05,182022.50,26.10,31.60,103,568
21:18:58,56145.83,2735.53,182429.92,26.10,31.60,102,702
21:19:59,55075.34,2703.27,181716.44,26.10,31.60,104,568
21:20:59,55916.66,2742.73,183458.66,26.10,31.60,117,655
21:22:0,56264.80,2736.70,185283.03,26.10,31.60,108,763
21:23:0,55606.89,2724.73,180297.38,26.10,31.60,108,706
21:24:1,56145.83,2735.53,181716.44,26.10,31.60,102,594
21:25:1,57246.47,2746.37,181716.44,26.20,31.60,108,597
21:26:2,56145.83,2713.97,181005.59,26.20,31.60,99,419
21:27:2,57526.50,2768.21,184586.48,26.20,31.60,112,656
21:28:3,57091.54,2780.49,186011.36,26.20,31.50,104,667
21:29:3,55075.34,2703.27,178888.88,26.30,31.50,97,622
21:30:4,55875.43,2768.21,185310.75,26.30,31.50,106,442
21:31:4,56307.68,2765.85,182706.78,26.30,31.50,108,583
21:32:4,56145.83,2746.37,185310.75,26.30,31.50,99,809
21:33:5,55875.43,2757.27,186767.50,26.40,31.50,118,600
21:34:5,55606.89,2746.37,183864.92,26.40,31.40,116,692
21:35:6,54812.29,2713.97,181005.59,26.50,31.40,109,384
21:36:6,54291.52,2703.27,178188.52,26.50,31.40,110,568
21:37:7,55418.68,2760.98,184499.06,26.60,31.40,104,675
21:38:7,55075.34,2757.27,184586.48,26.50,31.40,119,641
21:39:8,55340.20,2768.21,188235.31,26.50,31.40,124,835
21:40:8,54812.29,2724.73,183146.09,26.60,31.40,104,416
21:41:9,56034.84,2787.97,188549.63,26.70,31.40,108,405
21:42:9,54662.11,2736.70,183834.61,26.60,31.50,108,831
21:43:10,54812.29,2757.27,187500.00,26.70,31.40,142,920
21:44:10,55875.43,2790.24,187500.00,26.70,31.40,105,664
21:45:11,55875.43,2768.21,188235.31,26.80,31.40,100,428
21:46:11,55606.89,2768.21,186767.50,26.80,31.40,105,598
21:47:12,54551.02,2746.37,184586.48,26.80,31.40,130,656
21:48:12,54033.78,2724.73,181005.59,26.80,31.30,98,586
21:49:13,54291.52,2746.37,184586.48,26.80,31.30,108,740
21:50:13,53523.49,2703.27,182429.92,26.90,31.30,105,357
21:51:14,53523.49,2703.27,180297.38,26.90,31.40,97,762
21:52:14,52770.76,2692.61,182429.92,27.00,31.30,101,395
21:53:15,52032.89,2692.61,178188.52,27.00,31.30,104,731
21:54:15,53020.00,2692.61,183146.09,27.00,31.30,111,702
21:55:16,51790.16,2682.00,176102.92,27.00,31.30,123,826
21:56:16,51815.79,2646.65,177079.47,27.10,31.30,100,988
21:57:17,51309.45,2640.00,175412.84,27.10,31.30,109,978
21:58:17,48773.59,2619.27,172000.00,27.20,31.30,112,746
21:59:18,49904.16,2660.91,176102.92,27.20,31.20,113,611
22:0:18,49447.62,2640.00,174725.27,27.20,31.20,102,676
22:1:19,50600.00,2660.91,176102.92,27.30,31.20,116,781
22:2:19,49447.62,2660.91,172000.00,27.30,31.10,102,960
22:3:20,49447.62,2640.00,171324.84,27.40,31.10,107,552
22:4:20,50134.61,2671.43,176102.92,27.40,31.20,105,574
22:5:21,49675.16,2629.61,176102.92,27.40,31.10,101,505
22:6:21,50366.56,2671.43,175412.84,27.50,31.10,105,881
22:7:22,49675.16,2650.43,172000.00,27.40,31.10,104,807
22:8:22,49447.62,2629.61,171324.84,27.50,31.10,99,973
22:9:23,49675.16,2629.61,171324.84,27.50,31.10,106,631
22:10:23,49447.62,2650.43,172677.58,27.50,31.10,103,741
22:11:24,49447.62,2671.43,172677.58,27.60,31.10,106,807
22:12:24,49904.16,2640.00,173357.66,27.50,31.10,106,639
22:13:25,51071.43,2682.00,176795.58,27.50,31.10,106,804
22:14:25,50387.10,2667.68,173626.38,27.50,31.00,96,659
22:15:26,49675.16,2629.61,172000.00,27.60,31.00,98,753
22:16:26,49923.08,2646.65,174999.98,28.00,31.00,105,787
22:17:27,48996.85,2619.27,169314.06,27.70,31.00,97,660
22:18:27,49221.52,2629.61,169981.91,27.70,31.00,101,657
22:19:28,48112.15,2619.27,169314.06,27.80,31.00,94,656
22:20:28,49923.08,2636.21,174999.98,27.80,31.00,98,675
22:21:29,49221.52,2629.61,173357.66,27.50,30.90,112,949
22:22:29,49447.62,2640.00,172000.00,27.50,30.90,108,646
22:23:30,49675.16,2650.43,174725.27,27.40,30.90,97,472
22:24:30,48996.85,2640.00,173357.66,27.40,30.90,117,823
22:25:31,49447.62,2640.00,174040.20,27.50,30.80,95,711
22:26:31,50807.82,2680.35,179104.47,27.60,30.80,142,539
22:27:32,49535.04,2640.95,173992.67,27.60,30.80,110,731
22:28:32,48551.73,2650.43,173357.66,27.70,30.80,107,921
22:29:33,48927.45,2635.27,172992.69,27.70,30.80,100,511
22:30:33,48773.59,2608.97,171324.84,27.70,30.80,96,485
22:31:34,48773.59,2629.61,174040.20,27.80,30.70,103,821
22:32:34,48566.04,2605.14,172262.77,27.80,30.70,118,760
22:33:35,48858.05,2620.17,174678.89,27.90,30.70,99,500
22:34:35,48331.25,2588.51,172000.00,27.90,30.70,119,794
22:35:36,48112.15,2598.72,169981.91,28.00,30.70,115,593
22:36:36,48482.76,2614.56,173674.58,27.90,30.70,117,870
22:37:37,47894.41,2578.34,169981.91,27.90,30.70,97,536
22:38:37,48996.85,2629.61,175412.84,28.00,30.70,110,619
22:39:38,48331.25,2598.72,172000.00,27.90,30.60,110,693
22:40:38,48773.59,2629.61,172677.58,28.00,30.60,109,750
22:41:39,48773.59,2578.34,172677.58,28.00,30.60,102,527
22:42:39,48331.25,2588.51,170652.16,28.10,30.60,108,505
22:43:40,49221.52,2619.27,177490.75,28.10,30.60,107,30576
22:44:40,48996.85,2619.27,173357.66,28.10,30.60,108,633
22:45:41,49377.78,2624.89,176427.25,28.10,30.60,96,579
22:46:41,48996.85,2598.72,172677.58,28.10,30.60,120,567
22:47:42,48551.73,2619.27,172000.00,28.20,30.60,99,617
22:48:42,49993.59,2651.40,176058.92,28.20,30.60,105,498
22:49:43,48773.59,2608.97,173357.66,28.20,30.60,109,487
22:50:43,49151.90,2583.83,173674.58,28.20,30.50,103,537
22:51:44,49675.16,2629.61,176102.92,28.30,30.60,108,563
22:52:44,50600.00,2640.00,180297.38,28.20,30.50,122,682
22:53:45,50621.36,2636.21,179182.14,28.30,30.50,119,922
22:54:45,49221.52,2629.61,174040.20,28.30,30.50,107,440
22:55:46,48773.59,2619.27,174040.20,28.20,30.50,117,706
22:56:46,49904.16,2619.27,180297.38,28.30,30.50,108,485
22:57:47,51309.45,2660.91,183864.92,28.30,30.50,114,658
22:58:47,50600.00,2608.97,178188.52,28.30,30.50,101,393
22:59:48,50857.14,2636.21,177777.77,28.40,30.50,108,717
23:0:48,49221.52,2598.72,172677.58,28.40,30.50,111,615
23:1:49,49447.62,2598.72,174725.27,28.50,30.40,105,669
23:2:49,49904.16,2608.97,179591.83,28.40,30.40,105,421
23:3:50,50154.34,2615.45,176383.75,28.50,30.40,109,394
23:4:50,54033.78,2724.73,187500.00,28.50,30.40,105,631
23:5:51,53020.00,2671.43,185310.75,28.10,30.40,109,808
23:6:51,53270.90,2713.97,188973.39,28.20,30.40,103,436
23:7:52,54812.29,2746.37,188235.31,28.10,30.40,103,723
23:8:52,55075.34,2692.61,181716.44,28.00,30.30,101,659
23:9:53,53777.77,2640.00,180297.38,28.20,30.30,103,465
23:10:53,55840.27,2694.76,187452.48,28.30,30.30,123,882
23:11:54,57526.50,2568.22,169314.06,28.30,30.30,95,772
23:12:54,61355.56,2703.27,186037.73,27.90,30.30,114,746
23:13:55,58956.84,2640.00,183146.09,28.00,30.20,123,901
23:14:55,61731.35,2721.05,187096.80,28.30,30.20,109,504
23:15:56,57808.50,2671.43,181005.59,28.20,30.20,97,681
23:16:56,59543.48,2735.53,191954.03,28.30,30.10,98,615
23:17:57,58956.84,2619.27,186767.50,28.20,30.10,118,518
23:18:57,67671.99,2804.02,195728.16,28.10,30.20,98,349
23:19:58,75047.61,2826.46,198825.84,27.90,30.10,105,740
23:20:58,73770.20,2790.24,193461.55,27.90,30.10,101,687
23:21:59,66606.30,2746.37,194219.66,28.00,30.00,98,30413
23:22:59,60439.56,2671.43,183146.09,28.20,30.00,102,614
23:24:0,63574.15,2735.53,189714.30,28.30,30.00,94,609
23:25:0,60742.66,2724.73,188235.31,28.20,30.00,98,445
23:26:1,64976.75,2786.67,194584.14,28.40,30.00,160,554
23:27:1,64561.54,2746.37,191204.61,28.00,30.00,96,678
23:28:2,61977.62,2713.97,189714.30,28.10,30.00,106,702
23:29:2,62988.60,2767.11,193798.45,28.40,30.00,102,358
23:30:3,60742.66,2682.00,183864.92,28.10,29.90,94,418
23:31:3,61192.59,2672.45,186742.44,28.50,30.00,102,476
23:32:4,59840.00,2660.91,183864.92,28.50,30.00,115,531
23:33:4,61977.62,2713.97,189714.30,28.50,30.00,102,473
23:34:5,60742.66,2692.61,187500.00,28.40,30.00,103,552
23:35:5,60966.80,2666.67,184210.55,28.40,30.00,92,522
23:36:6,59010.84,2667.68,185633.28,28.40,30.00,96,534
23:37:6,58666.68,2671.43,186037.73,28.50,30.00,106,473
23:38:7,57652.48,2661.90,185283.03,28.30,30.00,94,384
23:39:7,56968.41,2660.91,184586.48,28.40,30.10,98,436
23:40:8,61192.59,2769.47,191938.58,28.40,30.10,103,524
23:41:8,59249.10,2671.43,186037.73,28.10,30.10,94,542
23:42:9,59760.00,2709.17,190822.19,28.30,30.10,99,460
23:43:9,61111.11,2742.73,190057.38,28.40,30.10,97,423
23:44:10,57808.50,2671.43,187500.00,28.20,30.10,94,705
23:45:10,57526.50,2650.43,185310.75,28.30,30.10,97,482
23:46:11,58092.54,2660.91,188235.31,28.30,30.10,107,547
23:47:11,62609.02,2713.97,189714.30,28.30,30.10,94,572
23:48:12,66434.78,2739.07,193423.61,28.10,30.10,102,550
23:49:12,65315.18,2753.64,193063.58,28.10,30.10,103,589
23:50:13,63574.15,2703.27,191204.61,28.10,30.10,112,561
23:51:13,62292.14,2724.73,189714.30,28.20,30.10,106,560
23:52:14,64895.75,2757.27,192706.33,28.20,30.10,105,534
23:53:14,64561.54,2768.21,191954.03,28.00,30.00,107,464
23:54:15,62292.14,2779.20,193461.55,28.10,30.00,111,608
23:55:15,61665.43,2724.73,188973.39,27.90,30.00,96,504
23:56:16,69117.41,2812.47,200391.39,27.90,29.90,96,365
23:57:16,66258.83,2608.97,188973.39,27.70,29.80,109,357
23:58:17,65232.56,2598.72,183864.92,27.60,29.80,111,447
23:59:17,72962.02,2823.66,204347.81,27.70,29.80,108,443
