Hora,O3,NO2,CO,Humedad,Temperatura,P25,P10
0:0:17,81714.29,2846.19,198830.42,27.90,29.70,98,438
0:1:18,73770.20,2757.27,191954.03,28.00,29.60,101,534
0:2:18,67665.34,2735.53,189714.30,28.40,29.60,114,462
0:3:19,66606.30,2735.53,192706.33,28.50,29.60,109,445
0:4:19,66258.83,2757.27,194219.66,28.40,29.60,109,491
0:5:20,66258.83,2779.20,191954.03,28.40,29.60,104,437
0:6:20,64640.93,2753.64,193063.58,28.40,29.60,117,574
0:7:21,66258.83,2735.53,196511.64,28.40,29.60,129,535
0:8:21,66258.83,2757.27,197281.56,28.00,29.60,117,441
0:9:22,69219.51,2842.70,200785.86,28.10,29.50,110,494
0:10:22,64229.88,2713.97,188973.39,28.20,29.50,104,261
0:11:23,67314.74,2826.46,198046.88,28.50,29.50,139,565
0:12:23,67309.52,2801.33,193461.55,28.20,29.50,110,698
0:13:24,71385.89,2834.90,200391.39,28.20,29.40,97,454
0:14:24,70617.27,2834.90,198830.42,28.30,29.40,114,404
0:15:25,64561.54,2757.27,194980.70,28.50,29.40,96,450
0:16:25,61501.86,2725.88,190439.78,28.80,29.40,107,525
0:17:26,61731.35,2808.93,198437.50,29.00,29.40,103,456
0:18:26,56692.30,2671.43,186767.50,28.70,29.50,124,424
0:19:27,56145.83,2671.43,184586.48,29.00,29.50,105,438
0:20:27,55875.43,2692.61,185310.75,29.00,29.50,104,412
0:21:28,55075.34,2682.00,186767.50,28.90,29.50,101,487
0:22:28,55340.20,2671.43,189714.30,29.00,29.50,105,347
0:23:29,54291.52,2671.43,186767.50,28.80,29.60,106,447
0:24:29,57526.50,2790.24,197281.56,28.90,29.60,102,419
0:25:30,55916.66,2731.87,190057.38,28.40,29.60,100,334
0:26:30,53959.46,2677.22,188593.17,28.60,29.60,107,333
0:27:31,57526.50,2779.20,196511.64,28.70,29.60,110,473
0:28:31,57293.28,2753.64,189312.98,28.40,29.60,107,374
0:29:32,55606.89,2703.27,185310.75,28.40,29.50,101,490
0:30:32,55606.89,2724.73,189714.30,28.70,29.60,98,411
0:31:33,54812.29,2703.27,189714.30,28.70,29.50,147,782
0:32:33,54587.03,2678.26,186363.64,28.90,29.50,105,462
0:33:34,53020.00,2650.43,183864.92,28.90,29.60,106,642
0:34:34,53662.16,2658.13,187072.25,29.00,29.60,106,374
0:35:35,52277.23,2629.61,179591.83,28.90,29.60,106,377
0:36:35,51549.02,2619.27,179591.83,28.80,29.70,105,427
0:37:36,52624.58,2640.95,183114.45,28.80,29.70,99,515
0:38:36,52158.94,2606.01,180560.73,28.80,29.70,100,382
0:39:37,51549.02,2598.72,180297.38,28.90,29.70,105,691
0:40:37,51549.02,2608.97,180297.38,28.80,29.80,96,438
0:41:38,52032.89,2608.97,183864.92,28.80,29.80,101,579
0:42:38,51477.13,2614.56,178518.50,28.70,29.80,99,596
0:43:39,50600.00,2568.22,177490.75,28.80,29.80,99,326
0:44:39,51071.43,2598.72,180297.38,28.80,29.80,97,401
0:45:40,50600.00,2578.34,181005.59,28.80,29.80,101,444
0:46:40,49605.10,2573.67,175735.28,28.80,29.80,107,709
0:47:41,50834.95,2629.61,181005.59,28.80,29.80,101,423
0:48:41,50600.00,2619.27,176102.92,28.60,29.90,101,462
0:49:42,49447.62,2558.14,174040.20,28.70,29.80,97,433
0:50:42,49993.59,2579.15,176752.75,28.90,29.80,103,508
0:51:43,49833.87,2583.83,177818.83,28.80,29.80,101,718
0:52:43,50785.71,2610.73,179515.83,28.80,29.80,101,496
0:53:44,50134.61,2598.72,176795.58,28.70,29.80,103,466
0:54:44,50366.56,2598.72,176102.92,28.70,29.80,98,375
0:55:45,52523.18,2682.00,183864.92,28.80,29.80,97,411
0:56:45,53523.49,2724.73,188973.39,28.60,29.80,100,570
0:57:46,53270.90,2713.97,187500.00,28.60,29.70,99,440
0:58:46,52770.76,2671.43,186767.50,28.70,29.50,99,445
0:59:47,51986.80,2641.90,183082.72,29.00,29.50,98,266
1:0:47,50366.56,2588.51,176795.58,29.20,29.50,99,430
1:1:48,51309.45,2650.43,181005.59,29.30,29.40,100,438
1:2:48,52032.89,2692.61,183864.92,29.20,29.40,103,525
1:3:49,51309.45,2640.00,180297.38,29.10,29.40,96,355
1:4:49,51309.45,2650.43,182429.92,29.30,29.40,99,30643
1:5:50,52770.76,2703.27,188235.31,29.30,29.30,94,551
1:6:50,51309.45,2660.91,181005.59,29.30,29.20,92,649
1:7:51,51477.13,2656.16,185660.39,29.60,29.20,95,401
1:8:51,52523.18,2660.91,183146.09,29.60,29.20,98,384
1:9:52,51071.43,2629.61,181005.59,29.50,29.20,101,497
1:10:52,52770.76,2713.97,186767.50,29.60,29.20,102,542
1:11:53,52770.76,2671.43,186037.73,29.40,29.20,104,679
1:12:53,51645.90,2630.54,180260.70,29.60,29.10,102,328
1:13:54,51309.45,2608.97,179591.83,29.80,29.10,102,398
1:14:54,50834.95,2650.43,182429.92,29.90,29.20,106,451
1:15:55,52132.01,2651.40,184557.45,29.60,29.20,97,493
1:16:55,51237.79,2614.56,180633.14,29.60,29.30,98,504
1:17:56,51000.00,2604.27,183489.69,29.50,29.30,99,370
1:18:56,52523.18,2650.43,184586.48,29.50,29.40,108,429
1:19:57,52770.76,2692.61,188973.39,29.30,29.40,105,477
1:20:57,54216.95,2677.22,188593.17,29.20,29.40,99,368
1:21:58,52377.48,2620.17,183834.61,29.20,29.40,101,651
1:22:58,52523.18,2619.27,182429.92,29.30,29.50,102,389
1:23:59,51549.02,2640.00,183864.92,29.30,29.50,104,372
1:24:59,51549.02,2660.91,183146.09,29.20,29.50,99,643
1:26:0,53270.90,2640.00,184586.48,29.10,29.50,102,509
1:27:0,53555.55,2667.68,188571.44,29.10,29.50,102,460
1:28:1,52726.67,2641.90,184528.31,29.20,29.50,100,371
1:29:1,52523.18,2619.27,181005.59,29.30,29.40,101,227
1:30:2,53020.00,2640.00,183146.09,29.30,29.50,115,389
1:31:2,53449.66,2645.69,184210.55,29.30,29.50,107,462
1:32:3,55606.89,2713.97,191954.03,29.20,29.50,104,290
1:33:3,57808.50,2746.37,194219.66,29.00,29.40,102,389
1:34:4,54551.02,2671.43,188235.31,29.10,29.40,109,324
1:35:4,54737.20,2677.22,190822.19,29.40,29.40,105,30490
1:36:5,55606.89,2640.00,191204.61,29.20,29.40,108,250
1:37:5,58378.58,2746.37,195744.69,29.00,29.40,101,504
1:38:6,58378.58,2768.21,195744.69,28.90,29.40,110,459
1:39:6,59463.78,2763.36,197665.38,29.10,29.40,98,350
1:40:7,61355.56,2746.37,195744.69,29.10,29.30,119,427
1:41:7,60742.66,2735.53,194980.70,29.10,29.30,106,426
1:42:8,62609.02,2746.37,194219.66,29.20,29.30,104,315
1:43:8,69487.80,2868.92,204347.81,29.20,29.30,110,375
1:44:8,83168.23,2915.00,206759.44,28.80,29.20,106,385
1:45:9,74592.27,2846.19,199609.38,28.80,29.10,107,484
1:46:9,65232.56,2768.21,194219.66,29.20,29.00,103,386
1:47:10,60742.66,2692.61,192706.33,29.50,29.00,109,422
1:48:10,58956.84,2682.00,191954.03,29.80,29.10,105,280
1:49:11,57246.47,2650.43,188235.31,29.70,29.10,100,402
1:50:11,57246.47,2671.43,190458.02,29.80,29.10,108,464
1:51:12,56418.11,2703.27,192706.33,29.60,29.10,103,400
1:52:12,56307.68,2711.40,194573.66,29.50,29.20,106,509
1:53:13,55606.89,2682.00,189714.30,29.50,29.20,104,535
1:54:13,55037.80,2684.10,191170.83,29.50,29.20,104,394
1:55:14,54812.29,2671.43,186767.50,29.60,29.20,104,348
1:56:14,54662.11,2704.37,191938.58,29.60,29.30,106,302
1:57:15,54067.79,2646.65,187832.72,29.50,29.30,106,442
1:58:15,52770.76,2629.61,184586.48,29.60,29.30,110,377
1:59:16,52277.23,2640.00,186037.73,29.60,29.30,114,618
2:0:16,53777.77,2682.00,185310.75,29.50,29.30,106,612
2:1:17,52697.67,2614.56,177818.83,29.40,29.30,103,522
2:2:17,52277.23,2598.72,179591.83,29.60,29.30,99,404
2:3:18,52697.67,2594.03,178518.50,29.60,29.30,110,551
2:4:18,52032.89,2598.72,174040.20,29.60,29.30,98,446
2:5:19,52697.67,2604.27,175735.28,29.60,29.30,99,364
2:6:19,53020.00,2650.43,176102.92,29.60,29.30,99,717
2:7:20,52032.89,2598.72,173357.66,29.50,29.30,97,489
2:8:20,50834.95,2568.22,172677.58,29.60,29.30,99,579
2:9:21,51071.43,2568.22,169314.06,29.70,29.30,96,351
2:10:21,49833.87,2553.49,172313.28,29.60,29.30,101,321
2:11:22,50834.95,2538.11,169314.06,29.70,29.30,101,338
2:12:22,49447.62,2538.11,167324.95,29.80,29.30,104,356
2:13:23,50225.08,2538.82,170598.91,29.70,29.30,104,600
2:14:23,52523.18,2608.97,175412.84,29.60,29.40,100,598
2:15:24,53020.00,2660.91,177490.75,29.30,29.30,100,326
2:16:24,53777.77,2660.91,182429.92,29.40,29.30,112,407
2:17:25,52770.76,2640.00,178888.88,29.40,29.20,106,487
2:18:25,52277.23,2608.97,178188.52,29.50,29.20,104,378
2:19:26,53270.90,2629.61,183146.09,29.60,29.20,103,465
2:20:26,52277.23,2598.72,178888.88,29.60,29.20,98,501
2:21:27,52523.18,2640.00,181005.59,29.70,29.20,99,471
2:22:27,51790.16,2598.72,178188.52,29.70,29.20,99,347
2:23:28,52032.89,2598.72,178888.88,29.70,29.20,100,493
2:24:28,55075.34,2713.97,188973.39,29.80,29.20,106,764
2:25:29,56188.15,2699.56,191554.70,29.50,29.20,98,442
2:26:29,56145.83,2660.91,182429.92,29.60,29.20,95,570
2:27:30,53020.00,2608.97,181716.44,29.70,29.10,97,372
2:28:30,53270.90,2598.72,181716.44,29.90,29.20,94,441
2:29:31,52450.33,2614.56,180633.14,29.90,29.10,93,442
2:30:31,52277.23,2619.27,182429.92,29.90,29.20,100,329
2:31:32,53523.49,2640.00,183146.09,29.80,29.20,104,403
2:32:32,52523.18,2629.61,181005.59,29.80,29.20,107,436
2:33:33,52523.18,2619.27,184586.48,29.90,29.20,98,396
2:34:33,53020.00,2640.00,182429.92,29.90,29.20,98,398
2:35:34,54033.78,2682.00,188973.39,29.90,29.20,102,383
2:36:34,55799.30,2709.17,191570.89,29.80,29.10,100,509
2:37:35,54551.02,2640.00,184586.48,29.70,29.10,101,381
2:38:35,54476.19,2635.27,186389.42,29.90,29.10,100,417
2:39:36,55875.43,2692.61,187500.00,29.90,29.10,97,380
2:40:36,60742.66,2790.24,197281.56,29.70,29.00,96,399
2:41:37,68385.54,2823.66,201176.48,29.60,29.00,96,545
2:42:37,67309.52,2801.33,201964.64,29.30,28.80,92,607
2:43:38,68850.20,2710.28,196887.17,29.50,28.80,101,381
2:44:38,73177.95,2847.64,203557.30,29.60,28.60,105,262
2:45:39,71774.99,2846.19,205148.52,29.80,28.50,112,415
2:46:39,72075.30,2841.26,202362.20,30.00,28.50,111,327
2:47:40,73770.20,2834.90,201964.64,30.00,28.30,114,255
2:48:40,72563.02,2846.19,201176.48,30.40,28.30,139,512
2:49:41,70617.27,2801.33,195744.69,30.60,28.20,112,423
2:50:41,69219.51,2786.67,197660.83,31.00,28.10,105,342
2:51:42,67665.34,2746.37,194219.66,31.00,28.10,108,308
2:52:42,67314.74,2770.73,198046.88,31.30,28.10,113,332
2:53:43,64640.93,2721.05,193822.41,31.20,28.10,111,593
2:54:43,65914.06,2768.21,194219.66,31.40,28.20,111,509
2:55:44,69681.63,2847.64,204356.44,31.20,28.10,110,413
2:56:44,72167.35,2834.90,204347.81,31.20,28.20,118,486
2:57:45,71774.99,2857.53,203550.28,31.10,28.10,107,373
2:58:45,68023.99,2746.37,198054.48,31.20,28.10,112,254
2:59:46,71385.89,2812.47,200391.39,31.40,28.10,107,571
3:0:46,69487.80,2746.37,194980.70,31.20,28.10,103,359
3:1:47,71385.89,2671.43,196511.64,30.70,28.10,107,526
3:2:47,73676.59,2829.98,205555.55,30.70,28.10,103,458
3:3:48,70617.27,2779.20,197281.56,31.00,28.10,107,549
3:4:48,74179.48,2768.21,205148.52,31.50,28.00,102,475
3:5:49,79378.39,2857.53,203550.28,31.00,28.10,160,554
3:6:49,81612.91,2875.39,206361.83,31.30,28.00,108,289
3:7:50,83168.23,2834.90,203550.28,30.90,27.90,113,412
3:8:50,75008.61,2779.20,197281.56,31.30,27.90,106,431
3:9:51,69117.41,2746.37,198830.42,31.60,27.90,106,326
3:10:51,71385.89,2779.20,199609.38,31.90,28.00,105,359
3:11:52,77486.73,2875.39,208800.00,31.70,28.10,104,346
3:12:52,77584.08,2857.53,204347.81,31.40,28.10,99,347
3:13:52,76279.48,2823.66,204347.81,31.40,28.10,105,326
3:14:53,81714.29,2880.36,206759.44,31.50,28.10,104,434
3:15:53,75008.61,2768.21,197281.56,31.60,28.00,101,390
3:16:54,71112.03,2764.60,196116.52,31.80,28.00,102,436
3:17:54,68750.00,2779.20,196511.64,31.90,28.00,101,325
3:18:55,70345.67,2764.60,198437.50,31.70,28.10,97,279
3:19:55,76710.54,2857.53,203550.28,31.80,28.10,100,483
3:20:56,77486.73,2841.26,203952.56,31.60,28.00,97,395
3:21:56,73770.20,2812.47,205952.38,31.60,28.00,98,511
3:22:57,78026.68,2834.90,200391.39,31.50,28.00,30128,30634
3:23:57,75428.56,2846.19,204347.81,31.90,28.00,100,472
3:24:58,76279.48,2823.66,205952.38,31.80,28.00,99,355
3:25:58,77584.08,2834.90,205148.52,31.50,27.90,106,513
3:26:59,78026.68,2812.47,204347.81,31.60,27.90,107,511
3:27:59,75008.61,2834.90,202755.91,31.80,27.90,105,518
3:29:0,76228.06,2832.81,205577.69,31.90,27.90,103,568
3:30:0,76710.54,2790.24,200391.39,31.80,27.90,104,551
3:31:1,73364.40,2768.21,200391.39,32.10,27.90,102,425
3:32:1,68385.54,2735.53,195744.69,32.10,27.80,101,328
3:33:2,66258.83,2703.27,197281.56,32.20,27.90,98,367
3:34:2,65914.06,2703.27,193461.55,32.50,28.00,101,319
3:35:3,70147.54,2774.34,198440.56,32.30,28.00,98,270
3:36:3,71774.99,2834.90,205952.38,32.20,28.10,99,540
3:37:4,66258.83,2703.27,197281.56,32.20,28.10,98,454
3:38:4,72563.02,2790.24,201964.64,32.40,28.10,99,396
3:39:5,72962.02,2790.24,202755.91,32.30,28.00,96,428
3:40:5,71385.89,2757.27,200391.39,32.20,28.00,98,292
3:41:6,68208.83,2715.10,199608.63,32.50,28.00,92,332
3:42:6,65232.56,2682.00,195744.69,32.60,28.00,98,367
3:43:7,65232.56,2735.53,198830.42,32.50,28.10,101,398
3:44:7,63900.76,2682.00,194980.70,32.40,28.10,95,535
3:45:8,63648.86,2678.26,197660.83,32.30,28.20,96,330
3:46:8,63250.00,2682.00,191204.61,32.20,28.30,90,383
3:47:9,63166.67,2687.83,194594.59,32.10,28.30,95,483
3:48:9,63900.76,2692.61,197281.56,32.00,28.30,95,288
3:49:10,68385.54,2823.66,205148.52,32.00,28.40,94,335
3:50:10,69398.38,2719.91,199218.75,31.80,28.40,98,351
3:51:11,65914.06,2692.61,195744.69,32.00,28.40,93,420
3:52:11,65914.06,2692.61,199609.38,32.00,28.40,92,331
3:53:12,63900.76,2671.43,192706.33,32.00,28.40,94,398
3:54:12,61977.62,2640.00,191204.61,31.90,28.50,145,485
3:55:13,61047.98,2682.00,192706.33,31.80,28.40,92,275
3:56:13,63648.86,2667.68,192307.70,31.80,28.50,93,443
3:57:14,62360.90,2678.26,195348.84,31.70,28.50,90,384
3:58:14,61047.98,2660.91,194219.66,31.70,28.50,92,293
3:59:15,61665.43,2682.00,194980.70,31.60,28.60,97,410
4:0:15,63574.15,2713.97,197281.56,31.50,28.60,97,381
4:1:16,69681.63,2758.50,199608.63,31.30,28.60,93,382
4:2:16,68483.87,2710.28,199217.23,31.40,28.60,98,338
4:3:17,68572.58,2725.88,198828.13,31.60,28.50,100,396
4:4:17,67490.04,2630.54,191938.58,31.60,28.50,110,498
4:5:18,80566.22,2836.32,209218.44,31.30,28.50,105,379
4:6:18,89970.15,2857.53,210843.36,31.50,28.40,108,394
4:7:19,101659.33,2950.11,214170.03,31.70,28.40,108,335
4:8:19,108848.82,2950.11,215853.64,31.90,28.30,103,313
4:9:20,123857.10,2951.83,215885.92,32.20,28.20,104,249
4:10:20,110388.21,2868.92,207569.72,32.40,28.00,107,387
4:11:21,92714.28,2752.42,202362.20,32.30,27.90,107,345
4:12:21,91908.63,2797.77,203960.39,32.60,27.90,103,422
4:13:22,86724.64,2757.27,199609.38,32.60,27.90,106,354
4:14:22,91095.48,2790.24,203550.28,32.60,27.90,101,329
4:15:23,97079.36,2812.47,207569.72,32.60,27.90,102,453
4:16:23,93415.38,2823.66,204347.81,32.70,27.90,100,344
4:17:24,86201.92,2713.97,198054.48,32.80,27.90,104,287
4:18:24,86201.92,2779.20,201176.48,32.70,27.90,102,407
4:19:25,84160.38,2757.27,198830.42,33.00,27.80,100,367
4:20:25,78026.68,2703.27,196511.64,32.90,27.90,102,435
4:21:26,74592.27,2703.27,195744.69,32.90,27.90,103,264
4:22:26,73770.20,2703.27,197281.56,33.20,28.00,113,305
4:23:27,72962.02,2703.27,197281.56,33.00,28.10,114,292
4:24:27,70617.27,2703.27,198054.48,32.90,28.10,106,257
4:25:28,73897.43,2753.64,201574.80,32.80,28.20,102,220
4:26:28,72563.02,2735.53,200391.39,32.60,28.20,102,303
4:27:29,74497.84,2741.54,200000.02,32.60,28.20,102,359
4:28:29,72962.02,2735.53,201176.48,32.50,28.30,102,465
4:29:30,74592.27,2703.27,198054.48,32.50,28.30,102,330
4:30:30,74592.27,2746.37,201964.64,32.50,28.20,98,433
4:31:30,80465.76,2831.39,209638.55,32.50,28.20,113,349
4:32:31,78473.22,2757.27,204347.81,32.40,28.20,109,340
4:33:31,79378.39,2801.33,204347.81,32.50,28.20,108,377
4:34:32,76951.55,2769.47,204356.44,32.70,28.10,108,331
4:35:32,92243.65,2868.92,210020.03,32.80,28.10,107,425
4:36:33,88980.20,2826.46,207600.00,33.10,28.00,106,388
4:37:33,97712.76,2868.92,208383.23,33.10,27.90,105,367
4:38:34,90200.00,2786.67,202366.86,33.40,27.70,109,369
4:39:34,86724.64,2790.24,209200.00,33.70,27.70,108,446
4:40:35,100315.20,2868.92,210020.03,33.80,27.70,105,305
4:41:35,82679.07,2735.53,203550.28,33.90,27.60,104,379
4:42:36,82194.45,2768.21,206759.44,34.00,27.60,104,350
4:43:36,77486.73,2741.54,203952.56,33.90,27.70,104,272
4:44:37,77584.08,2757.27,203550.28,33.80,27.70,117,565
4:45:37,78783.80,2772.00,207615.23,33.70,27.80,107,519
4:46:38,73364.40,2735.53,203550.28,33.70,27.80,107,504
4:47:38,75756.52,2763.36,208800.00,33.60,27.90,102,294
4:48:39,73364.40,2735.53,201176.48,33.40,27.90,103,357
4:49:39,75008.61,2757.27,204347.81,33.50,27.90,99,353
4:50:40,72167.35,2692.61,201964.64,33.50,27.90,99,374
4:51:40,78825.13,2829.98,208800.00,33.80,28.00,95,467
4:52:41,82194.45,2812.47,207569.72,33.70,28.00,102,295
4:53:41,73364.40,2735.53,201964.64,33.30,27.90,97,425
4:54:42,74179.48,2757.27,204347.81,33.40,27.90,97,334
4:55:42,72167.35,2703.27,198830.42,33.40,27.90,105,477
4:56:43,69487.80,2703.27,201964.64,33.40,27.90,99,279
4:57:43,70617.27,2724.73,198054.48,33.70,28.00,98,383
4:58:44,66258.83,2671.43,195744.69,33.70,28.00,100,346
4:59:44,69487.80,2713.97,198054.48,33.60,28.00,97,516
5:0:45,69861.22,2768.21,201176.48,33.60,28.10,98,485
5:1:45,66956.52,2703.27,198054.48,33.60,28.00,94,338
5:2:46,70345.67,2753.64,200785.86,33.60,28.00,96,334
5:3:46,66258.83,2692.61,198054.48,33.70,28.00,98,494
5:4:47,63574.15,2713.97,196511.64,33.80,28.00,95,429
5:5:47,63250.00,2682.00,193461.55,33.70,28.00,94,545
5:6:48,62526.32,2677.22,198440.56,33.70,28.00,97,444
5:7:48,62609.02,2703.27,195744.69,33.50,28.10,96,264
5:8:49,62928.30,2692.61,196511.64,33.40,28.10,102,503
5:9:49,63239.55,2705.47,199607.84,33.40,28.20,101,546
5:10:50,63250.00,2682.00,195744.69,33.30,28.20,101,315
5:11:50,64895.75,2692.61,195744.69,33.20,28.20,102,393
5:12:51,65571.98,2724.73,198054.48,33.30,28.20,99,483
5:13:51,64895.75,2671.43,197281.56,33.20,28.20,95,358
5:14:52,63574.15,2671.43,196511.64,33.20,28.20,100,294
5:15:52,64976.75,2710.28,201574.80,33.20,28.20,97,405
5:16:53,66258.83,2703.27,200391.39,33.00,28.30,95,381
5:17:53,72075.30,2852.58,208800.00,32.90,28.30,105,398
5:18:54,76279.48,2768.21,202755.91,32.50,28.30,98,630
5:19:54,72962.02,2757.27,204347.81,32.70,28.20,100,308
5:20:55,85684.21,2880.36,213333.31,32.70,28.20,104,390
5:21:55,91095.48,2846.19,208383.23,32.50,28.10,98,502
5:22:56,89415.84,2846.19,209200.00,32.40,27.90,93,383
5:23:56,84160.38,2812.47,209200.00,32.70,27.90,101,414
5:24:57,91333.33,2876.92,212121.20,32.70,27.80,101,255
5:25:57,88866.99,2790.24,206759.44,32.80,27.70,99,307
5:26:58,87785.36,2812.47,207569.72,33.10,27.70,106,424
5:27:58,98881.71,2898.41,212929.28,33.30,27.60,106,439
5:28:59,94269.43,2842.70,210462.77,33.10,27.60,107,548
5:29:59,87252.43,2812.47,208383.23,33.30,27.50,108,397
5:31:0,97478.71,2916.63,214198.77,33.50,27.50,109,433
5:32:0,100315.20,2915.00,215010.13,33.30,27.50,109,288
5:33:1,99535.13,2875.39,212929.28,33.50,27.40,107,288
5:34:1,86724.64,2790.24,210020.03,33.40,27.30,111,341
5:35:2,80767.13,2746.37,205952.38,34.00,27.30,111,400
5:36:2,75428.56,2768.21,204347.81,34.10,27.40,100,468
5:37:3,75756.52,2763.36,208800.00,34.00,27.40,101,256
5:38:3,76279.48,2757.27,206759.44,33.80,27.50,100,338
5:39:4,83168.23,2880.36,215010.13,33.70,27.50,101,281
5:40:4,87785.36,2857.53,210843.36,33.30,27.50,101,238
5:41:5,75852.19,2768.21,205952.38,33.60,27.50,99,464
5:42:5,73770.20,2779.20,210020.03,33.80,27.50,99,269
5:43:6,73364.40,2801.33,207569.72,33.70,27.50,105,383
5:44:6,74179.48,2846.19,213333.31,33.50,27.60,102,478
5:45:6,74592.27,2790.24,210020.03,33.40,27.60,103,315
5:46:7,73364.40,2790.24,210020.03,33.50,27.60,106,252
5:47:7,71774.99,2790.24,206759.44,33.40,27.60,99,279
5:48:8,67665.34,2757.27,207569.72,33.40,27.70,100,365
5:49:8,69028.34,2807.57,207171.31,33.30,27.80,106,421
5:50:9,66606.30,2757.27,206759.44,33.20,27.70,99,416
5:51:9,74761.90,2926.61,215541.91,33.20,27.80,100,281
5:52:10,86825.25,2929.98,212550.59,32.70,27.80,105,287
5:53:10,83661.98,2880.36,210020.03,33.10,27.70,103,335
5:54:11,94989.58,2963.68,223651.47,33.30,27.50,104,436
5:55:11,99654.04,2938.36,220987.63,33.60,27.40,105,301
5:56:12,93076.92,2876.92,218891.14,34.00,27.30,108,315
5:57:12,94611.40,2903.40,215853.64,34.00,27.20,105,336
5:58:13,98645.15,3018.60,227672.97,34.50,27.10,107,366
5:59:13,105874.98,2985.71,222727.30,34.40,27.10,105,269
6:0:14,100315.20,2868.92,218404.89,34.50,27.10,112,314
6:1:14,104438.19,2950.11,220987.63,34.60,27.00,101,481
6:2:15,114399.97,2973.79,224481.34,34.40,26.90,107,380
6:3:15,117515.49,2940.05,206772.91,34.70,26.90,110,452
6:4:16,98352.93,2857.53,202755.91,34.90,26.70,98,477
6:5:16,98235.28,2863.96,204752.47,35.00,26.70,98,309
6:6:17,92265.30,2866.97,202371.53,35.00,26.70,99,295
6:7:17,91111.11,2866.97,208016.03,35.10,26.70,144,597
6:8:18,91666.66,2834.90,202755.91,35.00,26.70,104,333
6:9:18,88866.99,2834.90,200391.39,34.80,26.80,100,366
6:10:19,87248.78,2810.29,200000.00,34.90,26.80,97,369
6:11:19,95218.74,2846.19,196511.64,34.90,26.80,103,283
6:12:20,97712.76,2823.66,195744.69,35.20,26.70,102,397
6:13:20,87252.43,2779.20,194980.70,35.50,26.60,101,376
6:14:21,81714.29,2735.53,194219.66,35.70,26.60,96,338
6:15:21,78473.22,2735.53,188235.31,35.70,26.60,96,428
6:16:22,75008.61,2724.73,190458.02,35.60,26.70,97,390
6:17:22,77584.08,2768.21,193461.55,35.30,26.80,96,288
6:18:23,75428.56,2768.21,187500.00,35.40,26.80,103,424
6:19:23,74179.48,2746.37,191204.61,35.50,26.80,97,305
6:20:24,75008.61,2746.37,186037.73,35.70,26.80,97,325
6:21:24,72075.30,2741.54,188593.17,35.70,26.70,97,494
6:22:25,68032.13,2673.48,181647.92,35.70,26.80,94,333
6:23:25,68023.99,2713.97,184586.48,35.30,26.80,98,434
6:24:26,65914.06,2671.43,184586.48,35.50,26.80,100,412
6:25:26,63574.15,2660.91,183864.92,35.50,26.90,106,561
6:26:27,66960.31,2727.03,185984.86,35.20,26.90,103,420
6:27:27,67490.04,2747.58,189694.66,35.50,27.00,102,265
6:28:28,62609.02,2713.97,186037.73,35.40,27.00,103,448
6:29:28,67047.62,2808.93,198437.50,35.30,27.00,103,478
6:30:29,64307.70,2731.87,197660.83,35.00,27.00,98,414
6:31:29,66608.70,2781.78,196498.06,34.70,27.10,102,377
6:32:30,67665.34,2812.47,201964.64,35.10,27.00,97,436
6:33:30,70237.70,2834.90,205952.38,35.10,27.00,96,287
6:34:31,69040.65,2787.97,198434.45,34.80,26.90,103,351
6:35:31,66258.83,2713.97,194980.70,35.00,26.90,95,456
6:36:32,63900.76,2713.97,192706.33,35.10,26.90,92,493
6:37:32,64229.88,2768.21,197281.56,35.50,27.00,91,464
6:38:33,63900.76,2768.21,194980.70,35.20,27.00,91,313
6:39:33,63564.89,2770.73,200392.94,35.30,27.00,93,452
6:40:34,66606.30,2812.47,201964.64,35.20,27.00,120,494
6:41:34,65914.06,2801.33,198054.48,34.90,27.10,98,447
6:42:35,65232.56,2790.24,199609.38,34.90,27.00,96,417
6:43:35,64307.70,2808.93,203960.39,35.00,27.00,96,503
6:44:36,61665.43,2746.37,196511.64,34.70,27.10,97,331
6:45:36,58666.68,2757.27,198830.42,35.00,27.10,100,310
6:46:37,61355.56,2757.27,197281.56,34.80,27.10,102,558
6:47:37,64061.30,2825.06,203557.30,34.70,27.20,94,514
6:48:37,66259.84,2871.95,208416.83,34.70,27.10,97,612
6:49:38,66519.69,2875.39,208800.00,34.70,27.10,98,456
6:50:38,65571.98,2735.53,205148.52,34.60,27.10,115,289
6:51:39,71774.99,2891.85,210843.36,34.30,27.00,96,30410
6:52:39,72167.35,2891.85,210020.03,34.50,26.90,99,407
6:53:40,70617.27,2880.36,210020.03,34.80,26.80,101,523
6:54:40,71774.99,2846.19,209200.00,34.90,26.70,100,510
6:55:41,72869.20,2898.41,212929.28,34.90,26.60,96,442
6:56:41,69117.41,2834.90,205952.38,35.20,26.60,100,389
6:57:42,68385.54,2891.85,206759.44,35.40,26.60,99,529
6:58:42,64561.54,2692.61,201176.48,35.40,26.60,98,469
6:59:43,65571.98,2801.33,200391.39,34.60,26.60,110,544
7:0:43,65232.56,2846.19,205952.38,35.50,26.50,100,366
7:1:44,64229.88,2790.24,198054.48,35.40,26.60,102,458
7:2:44,67759.99,2876.92,205566.61,35.50,26.60,104,414
7:3:45,67665.34,2857.53,203550.28,35.30,26.60,101,446
7:4:45,68750.00,2857.53,203550.28,35.50,26.50,101,253
7:5:46,69861.22,2868.92,204347.81,35.60,26.50,102,350
7:6:46,69591.84,2876.92,208817.63,35.80,26.40,101,581
7:7:47,68385.54,2868.92,206759.44,36.10,26.30,103,426
7:8:47,66433.07,2836.32,207584.83,36.10,26.40,103,357
7:9:48,64561.54,2779.20,201964.64,36.20,26.40,108,462
7:10:48,65486.38,2863.96,205555.55,36.10,26.50,107,367
7:11:49,63816.79,2829.98,201571.72,36.00,26.40,103,430
7:12:49,64976.75,2854.05,206374.50,36.00,26.50,110,378
7:13:50,63250.00,2834.90,204347.81,35.80,26.50,109,276
7:14:50,62928.30,2857.53,205148.52,35.80,26.50,107,305
7:15:51,64145.59,2886.88,212096.77,35.70,26.60,108,474
7:16:51,64229.88,2834.90,209200.00,35.70,26.50,117,692
7:17:52,60358.98,2785.37,203155.81,35.60,26.50,103,516
7:18:52,60138.69,2746.37,198830.42,35.40,26.50,102,426
7:19:53,59897.82,2786.67,200000.00,35.50,26.50,97,453
7:20:53,60742.66,2790.24,200391.39,35.80,26.60,99,556
7:21:54,59543.48,2801.33,201176.48,35.80,26.60,107,511
7:22:54,58378.58,2746.37,198054.48,35.70,26.60,103,370
7:23:55,57574.46,2764.60,200000.00,35.70,26.70,96,557
7:24:55,56968.41,2724.73,194980.70,35.60,26.80,100,360
7:25:56,56145.83,2713.97,197281.56,35.40,26.90,102,529
7:26:56,57808.50,2757.27,204347.81,35.50,27.00,99,357
7:27:57,58956.84,2768.21,205148.52,35.10,27.20,103,570
7:28:57,59169.68,2752.42,203952.56,34.90,27.20,98,415
7:29:58,58092.54,2768.21,201964.64,34.70,27.30,129,559
7:30:58,57526.50,2735.53,201964.64,34.60,27.40,104,456
7:31:59,56968.41,2746.37,200391.39,34.50,27.50,113,538
7:32:59,59543.48,2812.47,207569.72,34.50,27.50,109,397
7:34:0,62928.30,2834.90,204347.81,34.30,27.50,107,345
7:35:0,59840.00,2779.20,207569.72,34.40,27.50,103,321
7:36:1,58666.68,2746.37,201964.64,34.60,27.50,102,364
7:37:1,57246.47,2757.27,199609.38,34.70,27.50,104,500
7:38:2,55875.43,2692.61,195744.69,34.70,27.50,102,432
7:39:2,56692.30,2779.20,200391.39,34.60,27.50,102,469
7:40:3,57448.76,2774.34,202362.20,34.40,27.60,95,532
7:41:3,55606.89,2724.73,198830.42,34.30,27.60,99,582
7:42:4,55075.34,2692.61,195744.69,34.20,27.70,97,507
7:43:4,55340.20,2692.61,194219.66,34.00,27.80,99,368
7:44:5,55075.34,2713.97,196511.64,33.90,27.80,97,688
7:45:5,55075.34,2703.27,192706.33,33.80,27.90,98,615
7:46:6,55881.53,2723.35,198431.38,33.80,27.90,101,404
7:47:6,55075.34,2692.61,193461.55,33.80,27.90,96,442
7:48:7,55227.58,2722.20,196881.11,34.20,28.00,100,364
7:49:7,54291.52,2682.00,191954.03,34.30,28.00,101,571
7:50:7,54326.53,2699.56,193822.41,34.20,28.00,97,551
7:51:8,55455.17,2683.04,194971.00,34.20,28.00,97,562
7:52:8,53777.77,2682.00,194219.66,34.30,28.10,102,567
7:53:9,54142.37,2725.88,195736.44,34.30,28.10,97,348
7:54:9,54291.52,2692.61,194219.66,34.40,28.10,113,471
7:55:10,54291.52,2692.61,195744.69,34.30,28.20,101,549
7:56:10,54551.02,2713.97,195744.69,34.20,28.20,90,396
7:57:11,54587.03,2699.56,196887.17,34.10,28.20,92,460
7:58:11,53777.77,2692.61,193461.55,34.10,28.30,97,435
7:59:12,54812.29,2703.27,197281.56,34.30,28.30,90,432
8:0:12,54033.78,2692.61,194219.66,34.40,28.30,91,507
8:1:13,53777.77,2682.00,194219.66,34.40,28.30,90,644
8:2:13,53270.90,2660.91,192706.33,34.50,28.40,88,467
8:3:14,53523.49,2703.27,191954.03,34.40,28.40,87,373
8:4:14,54291.52,2682.00,189714.30,34.60,28.40,89,643
8:5:15,54033.78,2660.91,188235.31,34.70,28.40,101,338
8:6:15,53523.49,2660.91,188235.31,34.50,28.40,92,612
8:7:16,53523.49,2660.91,188235.31,34.50,28.40,94,350
8:8:16,55303.45,2684.10,193436.30,34.50,28.50,92,300
8:9:17,57828.57,2734.22,194563.11,34.70,28.50,93,607
8:10:17,57246.47,2713.97,194219.66,34.90,28.50,95,339
8:11:18,57526.50,2682.00,191954.03,35.00,28.50,90,583
8:12:18,56968.41,2692.61,191954.03,34.90,28.50,96,391
8:13:19,58798.57,2725.88,194208.50,34.80,28.50,93,611
8:14:19,56659.64,2694.76,192678.23,35.00,28.50,96,544
8:15:20,56145.83,2682.00,190458.02,34.80,28.60,105,415
8:16:20,57246.47,2692.61,195744.69,34.70,28.60,111,401
8:17:21,57526.50,2692.61,194219.66,35.10,28.70,88,339
8:18:21,65312.50,2767.11,196101.38,35.10,28.70,97,424
8:19:22,59384.07,2661.90,191938.58,35.30,28.60,99,409
8:20:22,62513.21,2733.04,196108.95,35.00,28.70,106,540
8:21:23,61274.07,2709.17,194594.59,35.40,28.70,108,396
8:22:23,61355.56,2713.97,192706.33,35.30,28.60,107,445
8:23:24,60500.01,2688.89,192307.70,35.40,28.60,107,367
8:24:24,58666.68,2671.43,191954.03,35.20,28.60,104,406
8:25:25,57526.50,2682.00,191954.03,35.20,28.60,100,318
8:26:25,56968.41,2671.43,189714.30,35.30,28.70,100,342
8:27:26,58956.84,2682.00,193461.55,35.20,28.70,106,321
8:28:26,56692.30,2650.43,191204.61,35.50,28.70,104,397
8:29:27,65147.29,2785.37,199218.75,35.30,28.80,103,325
8:30:27,61977.62,2757.27,198054.48,36.00,28.80,102,389
8:31:28,67309.52,2746.37,194980.70,35.80,28.80,100,421
8:32:28,64895.75,2724.73,198054.48,36.10,28.70,102,430
8:33:29,63900.76,2735.53,193461.55,35.90,28.80,101,333
8:34:29,61355.56,2735.53,197281.56,36.10,28.70,96,340
8:35:30,59249.10,2660.91,189714.30,36.50,28.70,101,337
8:36:30,57526.50,2660.91,192706.33,35.90,28.70,97,310
8:37:31,56968.41,2650.43,189714.30,35.80,28.70,101,310
8:38:31,55606.89,2671.43,188973.39,36.00,28.70,103,457
8:39:32,53777.77,2650.43,187500.00,35.90,28.80,101,423
8:40:32,54033.78,2692.61,191204.61,35.70,28.80,102,413
8:41:33,55340.20,2692.61,194219.66,36.10,28.90,30143,30445
8:42:33,55606.89,2703.27,189714.30,36.20,28.90,103,453
8:43:34,54737.20,2666.67,192322.45,36.00,28.90,100,443
8:44:34,56145.83,2703.27,192706.33,35.90,28.90,98,387
8:45:35,61092.94,2778.17,201581.02,36.50,29.00,98,300
8:46:35,58666.68,2703.27,191204.61,36.90,29.00,101,384
8:47:36,58956.84,2692.61,193461.55,36.70,29.00,98,335
8:48:36,61355.56,2746.37,195744.69,36.40,29.10,97,379
8:49:37,59543.48,2692.61,192706.33,36.50,29.20,103,403
8:50:37,57526.50,2682.00,190458.02,35.90,29.70,97,557
8:51:38,57137.80,2679.30,189292.56,35.20,30.30,97,524
8:52:38,56145.83,2682.00,186037.73,33.90,31.10,98,469
8:53:39,55075.34,2650.43,183864.92,32.40,31.90,99,485
8:54:39,58956.84,2671.43,188235.31,31.30,32.60,103,539
8:55:40,59249.10,2713.97,188973.39,30.40,33.20,128,586
8:56:40,58956.84,2682.00,191204.61,29.40,33.80,109,475
8:57:41,80666.67,2818.75,200784.33,28.90,34.30,99,593
8:58:41,70999.99,2692.61,194219.66,28.40,34.70,85,426
8:59:42,71774.99,2682.00,183864.92,28.10,35.00,103,462
9:0:42,65914.06,2703.27,192706.33,27.70,35.40,98,402
9:1:43,63900.76,2703.27,192706.33,27.20,35.60,93,328
9:2:43,61047.98,2682.00,191954.03,26.90,35.90,92,323
9:3:44,61977.62,2660.91,188973.39,26.60,36.20,89,587
9:4:44,64229.88,2619.27,187500.00,26.40,36.50,87,419
9:5:44,67665.34,2650.43,184586.48,26.00,36.70,89,620
9:6:45,60742.66,2578.34,181005.59,26.00,36.60,86,552
9:7:45,61355.56,2588.51,184586.48,26.00,36.40,84,417
9:8:46,58092.54,2548.10,178188.52,26.40,36.10,87,396
9:9:46,65914.06,2619.27,186037.73,26.60,35.70,83,420
9:10:47,61583.64,2573.67,187121.22,27.30,35.30,84,468
9:11:47,65914.06,2608.97,188973.39,27.40,34.90,92,547
9:12:48,64561.54,2598.72,188235.31,28.00,34.50,81,511
9:13:48,64229.88,2640.00,190458.02,28.40,34.20,90,823
9:14:49,67309.52,2692.61,195744.69,28.80,34.00,78,538
9:15:49,66956.52,2629.61,191954.03,29.20,33.60,81,538
9:16:50,70617.27,2660.91,190458.02,29.60,33.40,81,426
9:17:50,76710.54,2713.97,194980.70,29.80,33.30,80,700
9:18:51,74179.48,2660.91,191954.03,30.00,33.20,81,310
9:19:51,76854.63,2688.89,191554.70,30.30,33.10,79,562
9:20:52,75852.19,2746.37,194980.70,30.20,33.00,77,404
9:21:52,76710.54,2703.27,194980.70,29.90,32.90,80,552
9:22:53,85171.44,2724.73,198054.48,29.90,32.90,78,396
9:23:53,88000.00,2731.87,196887.17,30.00,32.90,80,343
9:24:54,83352.12,2678.26,193822.41,29.90,32.90,82,427
9:25:54,85171.44,2724.73,194980.70,29.90,32.90,80,454
9:26:55,78923.78,2703.27,194219.66,29.80,32.90,81,489
9:27:55,89970.15,2801.33,198830.42,29.90,32.90,86,602
9:28:56,93189.74,2758.50,197276.28,29.60,32.90,81,694
9:29:56,78923.78,2660.91,188973.39,29.70,32.90,81,509
9:30:57,76421.05,2699.56,195348.84,29.70,32.90,83,613
9:31:57,80200.01,2730.70,193076.94,29.70,32.90,82,507
9:32:58,84857.15,2753.64,193063.58,29.90,33.00,101,623
9:33:58,100315.20,2735.53,191954.03,29.90,33.00,81,433
9:34:59,96452.63,2724.73,194980.70,29.40,32.90,88,672
9:35:59,101659.33,2713.97,194219.66,29.40,32.90,91,692
9:37:0,112766.44,2735.53,194980.70,29.40,32.90,80,365
9:38:0,132150.73,2801.33,197281.56,29.20,32.90,89,748
9:39:1,117652.13,2741.54,196124.05,29.20,32.90,88,447
9:40:1,104438.19,2692.61,194980.70,29.50,32.80,89,586
9:41:2,100983.59,2640.00,189714.30,29.60,32.80,91,392
9:42:2,88866.99,2598.72,187500.00,29.60,32.90,99,586
9:43:3,86201.92,2629.61,191204.61,29.50,32.90,89,780
9:44:3,76279.48,2598.72,186767.50,29.80,33.00,92,510
9:45:4,87145.63,2709.17,192322.45,29.70,33.10,90,696
9:46:4,86201.92,2660.91,191204.61,29.60,33.10,99,484
9:47:5,83661.98,2650.43,190458.02,29.70,33.10,92,401
9:48:5,80300.01,2650.43,188973.39,29.80,33.10,88,431
9:49:6,78923.78,2650.43,188235.31,29.70,33.10,90,380
9:50:6,74309.01,2625.81,187832.72,29.70,33.10,94,443
9:51:7,71774.99,2608.97,188235.31,29.60,33.20,30102,30602
9:52:7,85368.42,2688.89,193822.41,29.50,33.20,96,424
9:53:8,80767.13,2650.43,191954.03,29.50,33.20,100,647
9:54:8,78923.78,2608.97,193461.55,29.60,33.20,97,254
9:55:9,78473.22,2660.91,188235.31,29.60,33.20,95,465
9:56:9,83661.98,2671.43,191954.03,29.60,33.10,99,519
9:57:10,80767.13,2660.91,191954.03,29.60,33.10,117,559
9:58:10,78473.22,2640.00,191954.03,29.70,33.10,100,558
9:59:11,90530.00,2671.43,191954.03,29.70,33.10,103,486
10:0:11,85684.21,2682.00,191204.61,29.60,33.00,99,721
10:1:12,80767.13,2660.91,189714.30,29.70,33.10,98,506
10:2:12,78178.58,2657.14,188571.44,29.70,33.10,92,600
10:3:13,70617.27,2671.43,186767.50,29.70,33.10,95,414
10:4:13,74592.27,2671.43,193461.55,29.60,33.10,94,440
10:5:14,83433.97,2734.22,192278.00,29.60,33.20,94,521
10:6:14,81238.54,2682.00,191204.61,29.50,33.10,99,590
10:7:15,76710.54,2640.00,187500.00,29.50,33.20,102,439
10:8:15,75428.56,2650.43,186037.73,29.50,33.20,107,534
10:9:16,93076.92,2753.64,199217.23,29.50,33.20,104,551
10:10:16,94611.40,2703.27,198054.48,29.10,33.20,99,351
10:11:17,112650.57,2811.66,202376.23,29.10,33.20,98,588
10:12:17,110388.21,2746.37,197281.56,29.10,33.10,102,375
10:13:18,113445.75,2774.34,200000.02,29.10,33.10,155,742
10:14:18,111964.26,2671.43,194980.70,29.10,33.10,97,419
10:15:19,126065.84,2823.66,204347.81,29.10,33.00,95,575
10:16:19,108848.82,2703.27,197281.56,29.10,33.00,101,420
10:17:20,101296.69,2688.89,195348.84,29.20,33.00,97,707
10:18:20,116925.89,2757.27,198054.48,29.30,33.10,96,370
10:19:21,105874.98,2713.97,194980.70,29.50,33.10,99,380
10:20:21,133213.84,2801.33,200391.39,29.40,33.10,99,434
10:21:22,118662.46,2768.21,194219.66,29.10,33.10,92,450
10:22:22,108092.46,2692.61,188973.39,29.20,33.10,107,740
10:23:23,98352.93,2682.00,188235.31,29.30,33.10,97,626
10:24:23,93415.38,2588.51,186037.73,29.30,33.10,95,731
10:25:24,101659.33,2724.73,188973.39,29.30,33.10,94,671
10:26:24,98352.93,2660.91,188973.39,29.20,33.10,95,528
10:27:25,92826.52,2660.91,186767.50,29.30,33.20,91,598
10:28:25,84857.15,2646.65,187832.72,29.30,33.20,93,461
10:29:26,86201.92,2660.91,188973.39,29.30,33.20,90,582
10:30:26,86201.92,2650.43,188235.31,29.30,33.30,91,487
10:31:27,98352.93,2660.91,188235.31,29.30,33.30,94,553
10:32:27,111964.26,2703.27,192706.33,29.00,33.30,91,433
10:33:28,86724.64,2450.00,178888.88,28.80,33.30,96,745
10:34:28,106605.70,2650.43,190458.02,29.10,33.20,88,388
10:35:29,137461.03,2719.91,193076.94,28.90,33.10,86,529
10:36:29,129621.67,2657.14,191554.70,28.90,33.20,88,561
10:37:30,158048.03,2671.43,191954.03,29.10,33.10,88,551
10:38:30,164000.02,2757.27,194219.66,29.10,33.10,88,479
10:39:31,131698.67,2636.21,187832.72,29.00,33.10,101,458
10:40:31,123714.24,2584.65,184905.67,29.10,33.10,86,278
10:41:32,105874.98,2450.00,173357.66,28.90,33.10,88,351
10:42:32,113445.75,2687.83,188593.17,28.90,33.10,87,447
10:43:33,104438.19,2640.00,186767.50,28.80,33.10,86,515
10:44:33,99956.51,2524.21,179182.14,28.90,33.20,81,728
10:45:34,93415.38,2598.72,181716.44,28.90,33.20,94,608
10:46:34,92826.52,2518.24,181005.59,29.00,33.20,83,484
10:47:35,84663.51,2430.86,177490.75,29.00,33.20,82,602
10:48:35,90200.00,2504.40,182739.22,29.10,33.30,81,619
10:49:36,94611.40,2568.22,186037.73,28.90,33.30,81,538
10:50:36,92826.52,2538.11,183864.92,28.90,33.30,78,476
10:51:37,88866.99,2469.29,180297.38,28.80,33.40,79,664
10:52:37,110388.21,2671.43,186767.50,28.70,33.40,82,624
10:53:38,97712.76,2374.39,177490.75,28.30,33.40,85,414
10:54:38,89415.84,2459.63,181005.59,28.40,33.40,83,578
10:55:39,88541.87,2407.80,175690.61,28.60,33.40,82,686
10:56:39,94497.41,2624.89,182771.56,28.40,33.40,88,333
10:57:40,100983.59,2619.27,183864.92,28.10,33.40,87,468
10:58:40,100983.59,2578.34,183146.09,28.20,33.40,86,711
10:59:41,94611.40,2568.22,182429.92,28.20,33.40,77,619
11:0:41,98352.93,2598.72,183864.92,28.40,33.40,89,609
11:1:42,89415.84,2558.14,181716.44,28.50,33.50,83,508
11:2:42,85684.21,2588.51,191204.61,28.50,33.50,93,402
11:3:43,145955.25,2735.53,194980.70,28.40,33.50,95,540
11:4:43,117788.78,2629.61,187500.00,28.20,33.40,92,563
11:5:44,100983.59,2488.75,181716.44,28.30,33.40,90,435
11:6:44,103033.32,2650.43,185310.75,28.40,33.30,87,468
11:7:45,133213.84,2790.24,198054.48,28.40,33.30,90,541
11:8:45,131102.09,2682.00,193461.55,28.30,33.30,91,383
11:9:46,116518.48,2710.28,192307.70,28.40,33.30,95,345
11:10:46,151123.11,2846.19,198830.42,28.50,33.20,97,468
11:11:47,124142.81,2619.27,191204.61,28.50,33.20,98,327
11:12:47,116073.59,2608.97,190458.02,28.70,33.10,101,333
11:13:48,115668.68,2625.81,190804.61,28.80,33.20,104,315
11:14:48,138757.19,2746.37,205952.38,28.60,33.20,101,358
11:15:49,135384.66,2703.27,194219.66,28.50,33.20,97,391
11:16:49,118662.46,2660.91,191204.61,28.50,33.20,96,373
11:17:50,111964.26,2671.43,189714.30,28.60,33.20,102,407
11:18:50,95832.45,2640.00,186037.73,28.70,33.20,94,457
11:19:51,102342.53,2692.61,188973.39,28.70,33.20,97,481
11:20:51,110388.21,2703.27,190458.02,28.60,33.20,105,432
11:21:52,79638.02,2499.16,172627.73,28.70,33.20,102,312
11:22:52,77584.08,2578.34,178188.52,28.80,33.20,100,446
11:23:53,81714.29,2660.91,186037.73,28.80,33.20,100,408
11:24:53,81714.29,2608.97,186037.73,28.70,33.20,103,265
11:25:54,118662.46,2779.20,198054.48,28.70,33.20,100,452
11:26:54,135384.66,2834.90,200391.39,28.60,33.20,99,366
11:27:55,131102.09,2713.97,193461.55,28.60,33.20,101,454
11:28:55,128040.05,2703.27,200391.39,28.80,33.10,104,293
11:29:56,138757.19,2812.47,203550.28,28.90,33.10,99,495
11:30:56,122269.19,2724.73,198054.48,29.10,33.10,95,537
11:31:57,111171.57,2692.61,195744.69,29.10,33.10,103,510
11:32:57,103033.32,2650.43,194219.66,29.10,33.10,101,406
11:33:58,119547.13,2768.21,198830.42,29.20,33.10,102,370
11:34:58,130067.62,2801.33,200391.39,29.20,33.10,101,279
11:35:59,119547.13,2713.97,197281.56,29.20,33.20,99,414
11:36:59,122269.19,2779.20,195744.69,29.20,33.20,98,412
11:38:0,128040.05,2779.20,196511.64,29.20,33.20,103,357
11:39:0,111171.57,2735.53,197281.56,29.20,33.20,104,522
11:40:1,107344.80,2703.27,193461.55,29.20,33.20,104,401
11:41:1,100076.08,2715.10,186011.36,29.10,33.30,108,572
11:42:2,97079.36,2671.43,188973.39,28.60,33.30,99,532
11:43:2,127893.38,2863.96,209619.23,28.30,33.30,112,317
11:44:3,108720.91,2624.89,192322.45,28.00,33.30,105,370
11:45:3,128040.05,2779.20,196511.64,28.30,33.30,104,467
11:46:4,145791.08,2841.26,200784.33,28.20,33.30,101,371
11:47:4,126065.84,2757.27,194980.70,28.30,33.30,103,442
11:48:5,118662.46,2735.53,194980.70,28.50,33.30,96,528
11:49:5,132150.73,2868.92,202755.91,28.60,33.30,96,316
11:50:6,125098.09,2812.47,192706.33,28.80,33.30,102,689
11:51:6,108092.46,2757.27,188973.39,28.80,33.30,101,359
11:52:7,104903.93,2736.70,193448.94,29.10,33.30,100,511
11:53:7,108970.74,2711.40,193050.20,28.80,33.20,99,316
11:54:8,198647.05,2950.11,205148.52,28.60,33.30,97,317
11:55:8,175421.08,2834.90,198054.48,28.60,33.20,103,631
11:56:8,162295.11,2796.44,195357.84,28.60,33.20,102,362
11:57:9,121350.27,2402.45,175412.84,28.70,33.20,96,610
11:58:9,155212.64,2790.24,201964.64,29.00,33.30,98,363
11:59:10,122128.16,2493.95,184934.09,28.70,33.20,95,379
12:0:10,126065.84,2640.00,191204.61,28.80,33.20,98,372
12:1:11,152465.16,2779.20,198054.48,28.80,33.30,95,535
12:2:11,184477.08,2891.85,201176.48,28.60,33.30,93,404
12:3:12,164000.02,2823.66,197281.56,28.60,33.20,94,557
12:4:12,151123.11,2801.33,198054.48,28.80,33.20,91,473
12:5:13,122774.15,2688.89,192307.70,28.80,33.20,109,491
12:6:13,117788.78,2757.27,193461.55,28.90,33.20,92,611
12:7:14,106605.70,2713.97,188973.39,29.00,33.30,95,472
12:8:14,119547.13,2779.20,196511.64,28.90,33.30,100,428
12:9:15,109614.02,2746.37,191954.03,28.60,33.30,95,348
12:10:15,126065.84,2801.33,196511.64,28.50,33.30,95,607
12:11:16,121350.27,2757.27,193461.55,28.40,33.30,95,515
12:12:16,103731.83,2310.22,169981.91,28.50,33.20,92,389
12:13:17,120303.76,2709.17,196124.05,28.80,33.30,96,457
12:14:17,111171.57,2421.35,176795.58,28.40,33.30,87,515
12:15:18,110388.21,2421.35,180297.38,28.60,33.30,87,414
12:16:18,116073.59,2713.97,191204.61,28.70,33.40,87,480
12:17:19,130067.62,2779.20,194980.70,28.70,33.40,86,509
12:18:19,120443.00,2724.73,190458.02,28.70,33.40,86,468
12:19:20,160081.33,2878.46,200000.00,28.80,33.40,87,410
12:20:20,138757.19,2757.27,194980.70,28.70,33.40,88,380
12:21:21,122269.19,2629.61,183146.09,28.70,33.30,89,576
12:22:21,153828.16,2812.47,190458.02,28.80,33.40,97,589
12:23:22,144059.30,2804.02,194961.25,28.70,33.40,104,435
12:24:22,147218.08,2823.66,193461.55,28.70,33.40,91,481
12:25:23,129047.02,2735.53,190458.02,28.60,33.30,98,495
12:26:23,115231.68,2692.61,188235.31,28.70,33.30,97,467
12:27:24,111833.30,2698.47,190822.19,28.60,33.40,101,370
12:28:24,103033.32,2735.53,198054.48,28.60,33.40,107,625
12:29:25,125921.10,2719.91,193834.30,28.50,33.40,107,405
12:30:25,133213.84,2724.73,197281.56,28.40,33.40,108,436
12:31:26,155212.64,2846.19,201176.48,28.40,33.40,100,327
12:32:26,162475.44,2757.27,197281.56,28.30,33.40,106,347
12:33:27,185777.80,2876.92,204761.91,28.40,33.30,109,559
12:34:27,203060.00,2779.20,185310.75,28.40,33.30,103,565
12:35:28,127046.41,2421.35,179591.83,28.30,33.30,103,400
12:36:28,156095.27,2742.73,194584.14,28.60,33.30,101,401
12:37:29,192342.88,2880.36,201176.48,28.50,33.30,102,562
12:38:29,178946.44,2857.53,200391.39,28.50,33.30,104,318
12:39:30,149801.56,2779.20,195744.69,28.70,33.30,102,458
12:40:30,178946.44,2857.53,206759.44,28.70,33.30,115,422
12:41:31,147218.08,2393.06,171324.84,28.70,33.30,104,319
12:42:31,127453.28,2338.06,171897.80,28.90,33.30,101,350
12:43:32,123199.95,2374.39,176102.92,28.90,33.30,96,418
12:44:32,141087.00,2629.61,197281.56,28.70,33.40,98,196
12:45:33,177168.16,2903.40,206759.44,28.40,33.40,97,396
12:46:33,149801.56,2598.72,195744.69,28.40,33.30,101,285
12:47:34,153828.16,2735.53,202755.91,28.60,33.30,98,612
12:48:34,188336.47,2903.40,201964.64,28.70,33.20,105,546
12:49:35,103731.83,2310.22,166666.67,28.70,33.20,107,497
12:50:35,104067.40,2667.68,184905.67,29.00,33.20,112,385
12:51:36,119547.13,2757.27,193461.55,28.80,33.30,102,277
12:52:36,118662.46,2713.97,188235.31,28.90,33.20,103,458
12:53:37,123199.95,2746.37,191204.61,28.90,33.20,104,382
12:54:37,110388.21,2660.91,188235.31,28.80,33.20,103,576
12:55:38,131698.67,2753.64,196116.52,28.90,33.20,111,735
12:56:38,141635.06,2815.21,198046.88,28.90,33.20,106,574
12:57:39,129047.02,2768.21,190458.02,28.90,33.20,118,802
12:58:39,121350.27,2735.53,190458.02,29.10,33.20,119,692
12:59:40,99654.04,2660.91,186037.73,29.00,33.20,112,570
13:0:40,124142.81,2757.27,191204.61,29.10,33.20,105,517
13:1:41,153828.16,2868.92,198054.48,28.90,33.20,100,376
13:2:41,148500.03,2671.43,176795.58,28.80,33.30,104,432
13:3:42,116073.59,2578.34,186767.50,28.80,33.30,100,533
13:4:42,137617.06,2891.85,201176.48,28.70,33.30,104,265
13:5:43,160975.64,2857.53,198830.42,28.40,33.30,103,572
13:6:43,178357.16,2876.92,211290.31,28.30,33.30,99,427
13:7:44,165550.02,2834.90,194980.70,28.20,33.30,97,364
13:8:44,214442.09,2987.53,204356.44,28.40,33.20,108,415
13:9:45,192342.88,2961.93,200391.39,28.30,33.20,100,412
13:10:45,168728.83,2823.66,194219.66,28.50,33.20,101,465
13:11:46,156444.48,2841.26,196893.20,28.60,33.20,107,405
13:12:46,133213.84,2703.27,188235.31,28.70,33.20,100,342
13:13:47,173704.38,2834.90,202755.91,28.80,33.30,102,430
13:14:47,153140.66,2748.79,191923.09,28.50,33.30,102,355
13:15:48,146391.02,2689.96,191538.48,28.40,33.30,100,656
13:16:48,108848.82,2365.11,171324.84,28.50,33.30,102,497
13:17:49,156619.08,2834.90,194219.66,28.80,33.30,107,538
13:18:49,121350.27,2355.87,167324.95,28.00,33.30,98,536
13:19:50,86724.64,2337.50,164705.89,28.40,33.40,120,752
13:20:50,87356.09,2412.76,180934.56,28.30,33.50,103,369
13:21:51,116073.59,2713.97,190458.02,27.80,33.50,100,394
13:22:51,103033.32,2393.06,164056.95,27.70,33.50,100,317
13:23:52,132758.67,2710.28,192307.70,28.20,33.50,101,450
13:24:52,120443.00,2430.86,181716.44,27.30,33.50,103,499
13:25:53,126065.84,2801.33,197281.56,27.60,33.50,99,677
13:26:53,163818.20,2886.88,198440.56,27.40,33.40,113,560
13:27:54,126065.84,2735.53,189714.30,27.60,33.40,99,519
13:28:54,131548.00,2727.03,192678.23,27.80,33.40,98,412
13:29:55,128040.05,2779.20,191204.61,28.20,33.50,95,416
13:30:55,106965.49,2678.26,187832.72,28.20,33.40,97,530
13:31:56,91095.48,2374.39,165357.14,28.30,33.50,94,480
13:32:56,103731.83,2703.27,188235.31,28.30,33.60,95,375
13:33:57,107218.37,2763.36,193834.30,28.00,33.60,122,548
13:34:57,172017.27,2903.40,198830.42,28.00,33.60,92,547
13:35:58,111171.57,2319.28,164705.89,27.80,33.60,100,461
13:36:58,108848.82,2558.14,188973.39,28.20,33.60,97,400
13:37:59,160975.64,2846.19,198830.42,27.80,33.60,107,473
13:38:59,165183.36,2836.32,202761.33,27.60,33.60,98,282
13:40:0,170359.00,2823.66,195744.69,27.60,33.60,94,418
13:41:0,160975.64,2834.90,196511.64,27.90,33.60,96,474
13:42:1,160260.20,2792.87,196498.06,27.90,33.60,91,517
13:43:1,108092.46,2319.28,173357.66,27.80,33.60,96,383
13:44:2,107091.93,2640.95,192692.33,28.10,33.60,92,485
13:45:2,95218.74,2319.28,167324.95,27.60,33.70,90,700
13:46:3,103033.32,2629.61,188235.31,27.80,33.70,91,369
13:47:3,163636.39,2905.00,198050.69,27.30,33.80,86,639
13:48:4,138757.19,2779.20,188973.39,27.10,33.70,93,509
13:49:4,133213.84,2790.24,198830.42,27.30,33.80,99,523
13:50:5,165000.02,2876.92,200785.86,27.30,33.80,112,630
13:51:5,245928.52,3046.15,206759.44,27.60,33.80,105,738
13:52:6,173513.06,2730.70,193834.30,27.40,33.80,108,497
13:53:6,151123.11,2768.21,191954.03,27.70,33.80,103,318
13:54:7,158048.03,2801.33,194219.66,27.70,33.80,100,454
13:55:7,145955.25,2768.21,191204.61,27.70,33.80,98,353
13:56:8,127746.72,2518.91,181682.27,27.70,33.80,105,403
13:57:8,145955.25,2812.47,194219.66,27.80,33.80,103,649
13:58:9,144711.16,2757.27,193461.55,27.40,33.80,102,499
13:59:9,138757.19,2768.21,189714.30,27.40,33.80,107,492
14:0:10,124142.81,2790.24,186767.50,27.50,33.80,108,303
14:1:10,156619.08,2801.33,189714.30,27.60,33.90,108,235
14:2:11,198000.00,2935.01,195348.84,27.30,33.90,115,499
14:3:11,145955.25,2812.47,191954.03,27.10,33.90,100,433
14:4:12,132910.39,2813.84,193448.94,27.30,33.90,101,409
14:5:12,149801.56,2834.90,194219.66,27.30,33.90,102,386
14:6:13,151123.11,2790.24,189714.30,27.30,33.90,100,275
14:7:13,203060.00,2926.65,203550.28,27.40,33.90,99,588
14:8:14,173704.38,2880.36,199609.38,27.20,33.90,98,688
14:9:14,177168.16,2834.90,198054.48,27.30,34.00,101,489
14:10:15,177168.16,2857.53,201176.48,27.40,34.00,98,613
14:11:15,202180.00,2895.00,203564.36,27.30,34.10,101,498
14:12:16,233749.95,2961.93,205148.52,27.20,34.10,107,570
14:13:16,152124.08,2672.45,188212.94,27.10,34.10,127,665
14:14:17,165550.02,2857.53,198054.48,27.30,34.00,111,437
14:15:17,145955.25,2757.27,188973.39,27.00,34.10,104,388
14:16:18,202180.00,2977.37,208416.83,27.00,34.10,115,334
14:17:18,270285.63,3171.36,212500.00,26.60,34.10,106,525
14:18:19,245928.52,3046.15,211670.00,26.60,34.00,109,481
14:19:19,255851.78,3083.10,212500.00,26.70,34.00,116,689
14:20:20,233749.95,2973.79,212500.00,26.50,33.90,106,651
14:21:20,273263.06,3018.60,218891.14,26.70,33.90,104,438
14:22:21,242776.42,2857.53,204347.81,26.50,33.90,106,544
14:23:21,245928.52,2926.65,209200.00,26.50,33.80,104,441
14:24:22,262886.00,3070.73,216700.59,26.60,33.90,97,289
14:25:22,196504.86,2479.00,188235.31,26.60,33.90,107,592
14:26:23,254493.75,2924.94,204771.38,27.00,33.80,106,504
14:27:23,239697.64,2950.11,205148.52,26.70,33.90,105,455
14:28:24,248096.33,2918.26,203564.36,26.90,33.90,106,343
14:29:24,225318.66,2926.65,203550.28,27.00,33.90,109,672
14:30:25,186897.22,2756.10,198431.38,27.30,34.00,103,422
14:31:25,162475.44,2578.34,197281.56,27.40,34.10,100,509
14:32:26,194403.84,2880.36,204347.81,27.40,34.10,108,416
14:33:26,222630.41,2926.65,205148.52,27.10,34.10,105,383
14:34:27,212437.48,2779.20,188973.39,27.10,34.20,106,325
14:35:27,214905.25,2868.92,201964.64,27.20,34.20,98,422
14:36:28,173704.38,2548.10,189714.30,27.00,34.30,101,420
14:37:28,141087.00,2247.83,167324.95,27.20,34.30,112,318
14:38:29,131698.67,2296.99,172943.31,27.40,34.40,108,337
14:39:29,152465.16,2660.91,196511.64,27.10,34.50,91,535
14:40:30,149801.56,2682.00,194219.66,26.70,34.50,106,406
14:41:30,173704.38,2823.66,200391.39,26.70,34.50,111,600
14:42:31,138757.19,2328.37,169314.06,26.70,34.40,104,521
14:43:31,153828.16,2578.34,188973.39,27.10,34.50,102,556
14:44:32,151123.11,2671.43,195744.69,26.70,34.50,100,495
14:45:32,170359.00,2790.24,199609.38,26.70,34.50,103,416
14:46:33,170359.00,2671.43,197281.56,26.60,34.50,98,438
14:47:33,210020.61,2938.36,207569.72,26.70,34.60,103,494
14:48:34,252463.36,2997.69,205952.38,26.40,34.50,97,517
14:49:34,178946.44,2650.43,193461.55,26.50,34.50,103,542
14:50:35,201740.00,2783.07,200393.70,26.50,34.50,101,586
14:51:35,128040.05,2274.35,167324.95,26.30,34.50,98,647
14:52:36,200613.86,2875.39,202362.20,26.90,34.50,97,377
14:53:36,160975.64,2411.89,180297.38,25.90,34.50,99,450
14:54:37,224351.63,2906.61,204365.08,26.50,34.50,95,348
14:55:37,153484.41,2384.08,178148.13,26.40,34.50,97,458
14:56:38,166386.58,2815.21,194961.25,26.90,34.50,101,499
14:57:38,170359.00,2857.53,198830.42,26.60,34.50,96,642
14:58:39,188130.86,2829.98,196893.20,26.20,34.60,96,518
14:59:39,222630.41,2903.40,200391.39,26.20,34.60,98,775
15:0:40,219999.98,2973.79,205148.52,26.10,34.60,96,460
15:1:40,266538.38,3021.81,204347.81,25.90,34.60,96,390
15:2:41,249156.56,2997.69,205148.52,25.80,34.60,121,609
15:3:41,149801.56,2337.50,177490.75,26.00,34.50,94,661
15:4:42,182600.02,2692.61,195744.69,26.70,34.60,94,613
15:5:42,242776.42,2903.40,201964.64,26.10,34.60,96,547
15:6:43,245928.52,2926.65,197281.56,26.00,34.70,93,446
15:7:43,188336.47,2790.24,198830.42,25.90,34.70,95,630
15:8:44,198431.36,2841.26,195357.84,25.80,34.70,92,515
15:9:44,212437.48,2812.47,202755.91,25.80,34.70,102,519
15:10:45,157872.03,2323.94,166965.89,25.60,34.70,91,309
15:11:45,138757.19,2292.22,167985.61,26.20,34.80,95,401
15:12:46,130067.62,2301.20,171324.84,25.90,34.80,99,792
15:13:46,170359.00,2746.37,194219.66,25.70,34.90,95,551
15:14:47,142277.41,2319.28,169981.91,25.10,34.90,98,394
15:15:47,142277.41,2548.10,191204.61,26.00,35.00,105,379
15:16:48,173704.38,2790.24,198830.42,25.40,35.00,105,507
15:17:48,200831.69,2915.00,204347.81,24.90,35.00,106,328
15:18:49,167126.08,2823.66,198830.42,24.40,35.00,102,30631
15:19:49,150784.64,2460.17,183114.45,24.60,35.00,105,481
15:20:50,130067.62,2274.35,170652.16,25.10,35.00,109,420
15:21:50,138757.19,2440.41,174725.27,25.70,35.00,123,490
15:22:51,136992.95,2529.54,186717.28,25.20,35.10,99,518
15:23:51,118662.46,2230.31,165357.14,25.30,35.10,98,466
15:24:52,116925.89,2221.61,164056.95,26.00,35.10,105,503
15:25:52,111171.57,2230.31,164705.89,26.00,35.20,114,416
15:26:53,104438.19,2488.75,184586.48,26.10,35.20,106,541
15:27:53,124142.81,2735.53,199609.38,25.60,35.20,107,469
15:28:54,116073.59,2518.24,186037.73,25.30,35.20,107,485
15:29:54,108092.46,2528.15,187500.00,25.60,35.20,106,345
15:30:55,105152.52,2724.73,191954.03,25.70,35.20,109,442
15:31:55,130952.43,2829.98,200000.02,25.70,35.20,105,499
15:32:56,151123.11,2834.90,198054.48,25.60,35.20,107,389
15:33:56,114399.97,2292.22,170652.16,25.70,35.10,107,428
15:34:57,101856.34,2230.43,162633.45,26.30,35.20,102,599
15:35:57,111964.26,2187.13,162123.91,26.40,35.30,103,558
15:36:58,124142.81,2488.75,186767.50,26.10,35.40,108,497
15:37:58,175421.08,2548.10,185310.75,25.40,35.40,102,426
15:38:59,170359.00,2757.27,193461.55,25.50,35.40,101,323
15:39:59,180756.78,2790.24,195744.69,25.60,35.40,118,498
15:41:0,172747.86,2821.52,199215.69,25.70,35.40,115,509
15:42:0,126065.84,2713.97,188973.39,25.80,35.40,92,535
15:43:1,114695.09,2737.89,192678.23,26.00,35.50,115,443
15:44:1,123199.95,2713.97,190458.02,26.00,35.50,107,644
15:45:2,121350.27,2757.27,194219.66,25.80,35.50,103,555
15:46:2,108848.82,2619.27,186767.50,25.60,35.50,108,406
15:47:3,125098.09,2801.33,193461.55,25.70,35.50,103,429
15:48:3,117788.78,2713.97,191954.03,25.50,35.50,108,572
15:49:4,132910.39,2683.04,186742.44,25.60,35.60,103,472
15:50:4,141087.00,2724.73,191954.03,25.60,35.60,112,484
15:51:5,130503.45,2621.08,185984.86,25.50,35.60,110,310
15:52:5,145791.08,2730.70,194594.59,25.50,35.70,104,521
15:53:6,153828.16,2757.27,194980.70,25.30,35.70,107,499
15:54:6,110388.21,2724.73,188235.31,25.30,35.70,107,525
15:55:7,108092.46,2703.27,188973.39,25.60,35.70,104,295
15:56:7,102666.66,2605.14,190804.61,25.70,35.70,103,438
15:57:8,130067.62,2757.27,193461.55,25.80,35.70,116,428
15:58:8,138757.19,2779.20,191954.03,25.70,35.80,105,533
15:59:9,109614.02,2292.22,162123.91,25.70,35.80,104,354
16:0:9,92602.03,2221.65,159507.05,26.10,35.70,100,416
16:1:10,111964.26,2671.43,189714.30,26.10,35.90,104,344
16:2:10,124142.81,2735.53,191204.61,25.40,35.90,93,721
16:3:11,123714.24,2731.87,191554.70,25.40,35.80,98,488
16:4:11,166571.45,2842.70,199217.23,25.40,35.80,101,540
16:5:12,194403.84,2868.92,198830.42,25.10,35.80,101,460
16:6:12,202180.00,2883.45,199607.84,25.10,35.80,100,341
16:7:13,168728.83,2779.20,190458.02,25.20,35.70,98,502
16:8:13,130067.62,2692.61,188973.39,25.50,35.70,100,557
16:9:14,130067.62,2692.61,188235.31,26.00,35.70,87,235
16:10:14,175421.08,2823.66,196511.64,25.80,35.70,85,515
16:11:15,190320.77,2857.53,197281.56,25.30,35.80,85,501
16:12:15,117788.78,2204.31,159578.20,25.20,35.80,95,357
16:13:16,118662.46,2430.86,180297.38,26.00,35.90,95,270
16:14:16,166756.33,2758.50,197276.28,25.90,36.00,96,406
16:15:17,190320.77,2812.47,194980.70,25.30,35.90,96,568
16:16:17,142277.41,2393.06,175412.84,25.60,35.90,94,463
16:17:18,109614.02,2283.27,170652.16,25.90,35.90,94,569
16:18:18,123571.38,2610.73,188931.30,26.30,36.00,96,385
16:19:19,120443.00,2650.43,189714.30,25.90,36.00,93,408
16:20:19,122269.19,2619.27,189714.30,25.80,36.00,94,568
16:21:20,122269.19,2365.11,174040.20,25.80,36.00,92,560
16:22:20,180756.78,2857.53,195744.69,26.20,36.00,91,569
16:23:21,156269.88,2747.58,191938.58,25.60,36.00,88,427
16:24:21,119547.13,2274.35,167985.61,25.80,36.10,88,645
16:25:22,102666.66,2342.51,172943.31,26.20,36.10,87,560
16:26:22,128040.05,2703.27,191954.03,26.10,36.10,89,477
16:27:23,144222.27,2753.64,196116.52,25.80,36.10,92,550
16:28:23,130067.62,2598.72,185310.75,25.70,36.10,95,383
16:29:24,133213.84,2692.61,189714.30,25.70,36.10,92,541
16:30:24,141087.00,2735.53,191204.61,25.80,36.00,92,481
16:31:25,145955.25,2757.27,191204.61,25.80,36.00,101,579
16:32:25,194403.84,2880.36,197281.56,25.90,36.00,92,605
16:33:26,199960.39,2883.45,200392.94,25.50,35.90,94,464
16:34:26,184275.23,2818.75,200000.02,25.50,35.80,97,461
16:35:27,194403.84,2834.90,191954.03,25.70,35.70,104,433
16:36:27,128040.05,2568.22,179591.83,25.80,35.60,101,619
16:37:28,149801.56,2768.21,198054.48,26.10,35.50,103,707
16:38:28,170359.00,2812.47,193461.55,26.00,35.50,101,633
16:39:29,133213.84,2568.22,183146.09,25.90,35.50,99,482
16:40:29,116925.89,2479.00,179591.83,26.00,35.50,113,547
16:41:30,145955.25,2757.27,193461.55,26.00,35.50,100,566
16:42:30,196504.86,2891.85,200391.39,25.70,35.50,102,467
16:43:31,217425.52,2903.40,201964.64,25.50,35.50,105,342
16:44:31,194403.84,2834.90,195744.69,25.70,35.50,109,386
16:45:32,147218.08,2724.73,191204.61,25.80,35.50,118,484
16:46:32,148000.05,2786.67,193063.58,26.00,35.50,108,556
16:47:33,170359.00,2790.24,192706.33,26.10,35.50,107,574
16:48:33,158048.03,2746.37,189714.30,26.00,35.60,97,494
16:49:34,123199.95,2629.61,183146.09,26.00,35.70,97,435
16:50:34,148500.03,2713.97,186767.50,26.10,35.70,101,367
16:51:35,145955.25,2724.73,189714.30,25.70,35.70,102,581
16:52:35,158048.03,2746.37,188235.31,25.60,35.70,102,506
16:53:36,143485.33,2724.73,188235.31,25.70,35.80,100,514
16:54:36,116925.89,2640.00,185310.75,25.80,35.70,108,559
16:55:37,137617.06,2746.37,194219.66,25.80,35.80,101,521
16:56:37,147218.08,2735.53,194219.66,25.40,35.80,102,543
16:57:38,133213.84,2735.53,191204.61,25.50,35.70,103,456
16:58:38,116925.89,2724.73,190458.02,25.70,35.70,104,537
16:59:39,115231.68,2790.24,193461.55,26.00,35.70,104,586
17:0:39,94611.40,2619.27,178888.88,26.30,35.70,111,547
17:1:40,89860.70,2614.56,179925.64,26.20,35.80,104,421
17:2:40,118524.96,2741.54,188593.17,26.10,35.80,105,475
17:3:41,100983.59,2650.43,182429.92,25.90,35.80,106,373
17:4:41,98999.99,2568.22,174725.27,26.10,35.80,104,541
17:5:42,111171.57,2538.11,168648.64,26.10,35.80,108,377
17:6:42,120443.00,2713.97,189714.30,26.00,35.80,108,518
17:7:43,153828.16,2812.47,193461.55,25.90,35.80,101,489
17:8:43,185981.50,2859.01,204356.44,25.90,35.70,100,361
17:9:44,167126.08,2790.24,195744.69,26.00,35.70,100,425
17:10:44,167126.08,2790.24,198054.48,26.10,35.70,102,555
17:11:45,149801.56,2735.53,192706.33,26.10,35.70,109,459
17:12:45,131102.09,2713.97,186037.73,26.20,35.70,102,569
17:13:46,157520.03,2797.77,196887.17,26.30,35.70,104,350
17:14:46,214905.25,2926.65,205952.38,26.00,35.70,109,553
17:15:47,222630.41,2903.40,209200.00,25.90,35.60,99,320
17:16:47,219999.98,2950.11,205952.38,26.00,35.50,104,383
17:17:48,196504.86,2801.33,197281.56,26.30,35.50,111,387
17:18:48,177168.16,2823.66,195744.69,26.70,35.40,102,561
17:19:49,159500.03,2757.27,196511.64,26.20,35.40,101,395
17:20:49,139913.70,2703.27,187500.00,26.50,35.30,105,407
17:21:50,109485.36,2677.22,185660.39,26.60,35.30,134,466
17:22:50,106605.70,2735.53,186037.73,26.80,35.30,103,348
17:23:51,101659.33,2703.27,186037.73,26.50,35.20,91,398
17:24:51,88866.99,2660.91,182429.92,26.60,35.20,96,644
17:25:52,88323.52,2640.00,180297.38,26.60,35.20,90,505
17:26:52,86724.64,2692.61,181005.59,26.30,35.20,105,656
17:27:53,81238.54,2619.27,178188.52,26.40,35.20,102,550
17:28:53,78923.78,2660.91,183146.09,26.70,35.10,173,1119
17:29:54,93415.38,2757.27,186767.50,26.70,35.10,102,643
17:30:54,101659.33,2757.27,188235.31,26.20,35.10,107,619
17:31:55,94611.40,2724.73,187500.00,26.30,35.10,108,665
17:32:55,96452.63,2724.73,188973.39,26.60,35.00,109,715
17:33:56,102911.09,2730.70,188593.17,26.60,35.00,98,534
17:34:56,105874.98,2713.97,184586.48,26.60,35.00,97,434
17:35:57,114399.97,2735.53,184586.48,26.10,34.90,97,760
17:36:57,112766.44,2735.53,186767.50,26.00,34.90,98,481
17:37:58,114399.97,2724.73,188235.31,26.10,34.90,100,462
17:38:58,103731.83,2682.00,185310.75,26.10,34.90,110,771
17:39:59,124142.81,2812.47,194980.70,26.40,34.90,93,640
17:40:59,129918.97,2796.44,190076.34,26.00,34.80,93,422
17:42:0,120443.00,2757.27,189714.30,26.00,34.80,94,518
17:43:0,134291.70,2857.53,193461.55,26.10,34.80,103,745
17:44:1,98352.93,2629.61,181005.59,25.80,34.70,90,462
17:45:1,85684.21,2640.00,180297.38,26.80,34.70,100,620
17:46:2,95832.45,2703.27,185310.75,26.60,34.70,93,505
17:47:2,129047.02,2823.66,196511.64,26.40,34.70,90,707
17:48:3,102342.53,2650.43,183864.92,26.10,34.70,103,650
17:49:3,94497.41,2656.16,173674.58,26.50,34.70,93,817
17:50:4,103033.32,2746.37,183864.92,26.40,34.60,93,540
17:51:4,95832.45,2735.53,183864.92,26.20,34.60,92,461
17:52:5,108465.09,2808.93,190057.38,26.40,34.60,93,602
17:53:5,108848.82,2746.37,186037.73,26.40,34.60,95,402
17:54:6,91908.63,2625.81,179888.27,26.40,34.60,148,618
17:55:6,90530.00,2650.43,179591.83,27.30,34.60,98,558
17:56:7,110388.21,2757.27,186037.73,27.20,34.60,97,558
17:57:7,117242.20,2759.73,186717.28,26.90,34.60,88,510
17:58:8,119547.13,2757.27,188235.31,26.90,34.60,107,577
17:59:8,116925.89,2801.33,191204.61,26.90,34.50,106,665
18:0:9,100983.59,2735.53,187500.00,27.00,34.50,103,563
18:1:9,100983.59,2746.37,186767.50,27.00,34.50,140,612
18:2:10,98999.99,2671.43,182429.92,27.10,34.50,102,288
18:3:10,78026.68,2528.15,174725.27,27.60,34.40,105,474
18:4:11,97595.73,2709.17,185660.39,28.40,34.40,104,658
18:5:11,88433.49,2694.76,183082.72,27.30,34.40,105,518
18:6:12,82194.45,2650.43,178888.88,27.30,34.40,102,479
18:7:12,97712.76,2692.61,183146.09,27.80,34.40,100,492
18:8:13,80767.13,2588.51,178188.52,27.50,34.40,101,549
18:9:13,65147.29,2333.06,164349.39,28.00,34.40,101,954
18:10:14,76279.48,2629.61,179591.83,28.40,34.30,101,595
18:11:14,88323.52,2660.91,186037.73,27.70,34.40,98,424
18:12:15,98645.15,2688.89,184180.80,27.60,34.30,106,475
18:13:15,92489.79,2625.81,179182.14,27.70,34.30,121,629
18:14:16,81714.29,2578.34,178188.52,28.00,34.40,98,510
18:15:16,75852.19,2588.51,176795.58,28.30,34.30,115,630
18:16:17,68385.54,2538.11,174040.20,28.40,34.30,158,891
18:17:17,75142.85,2615.45,177777.77,28.70,34.40,104,519
18:18:18,67665.34,2518.24,172000.00,28.20,34.40,97,461
18:19:18,66258.83,2538.11,175412.84,28.50,34.40,107,803
18:20:19,72711.85,2586.30,176994.42,28.30,34.40,110,675
18:21:19,87785.36,2713.97,183146.09,28.10,34.40,102,406
18:22:20,93076.92,2742.73,186363.64,27.50,34.40,108,680
18:23:20,89970.15,2713.97,181005.59,27.60,34.40,106,536
18:24:21,78026.68,2619.27,179591.83,27.50,34.40,112,493
18:25:21,53020.00,2337.50,162123.91,27.90,34.40,113,744
18:26:22,57137.80,2315.32,164874.56,28.90,34.40,106,498
18:27:22,56069.44,2397.95,166965.89,28.00,34.40,104,451
18:28:23,61665.43,2459.63,170652.16,28.00,34.40,103,519
18:29:23,69861.22,2671.43,176795.58,27.90,34.40,100,461
18:30:24,65828.13,2543.46,162411.36,27.50,34.50,103,596
18:31:24,63900.76,2598.72,171324.84,27.40,34.50,104,555
18:32:25,63732.82,2548.84,171272.72,27.30,34.60,101,498
18:33:25,61977.62,2528.15,170652.16,27.60,34.60,110,1013
18:34:26,44000.00,2256.63,150943.41,28.00,34.60,101,539
18:35:26,51071.43,2450.00,163410.31,29.20,34.70,115,31079
18:36:27,50834.95,2411.89,160846.56,28.50,34.70,97,559
18:37:27,50366.56,2393.06,161484.09,28.90,34.70,110,536
18:38:28,48773.59,2337.50,152151.48,29.10,34.70,104,536
18:39:28,50834.95,2459.63,165357.14,28.60,34.70,108,946
18:40:29,61355.56,2568.22,167324.95,28.30,34.70,99,437
18:41:29,67309.52,2619.27,172677.58,27.60,34.70,117,1003
18:42:30,68750.00,2640.00,172000.00,27.10,34.70,105,528
18:43:30,42609.20,2157.36,133986.92,27.20,34.80,99,813
18:44:31,50600.00,2411.89,155826.09,28.90,34.70,106,723
18:45:31,41514.12,2287.82,141806.02,28.20,34.80,108,563
18:46:32,42302.86,2411.89,142140.47,28.70,34.80,98,782
18:47:32,41937.50,2204.31,138741.72,29.00,34.70,101,654
18:48:33,47462.97,2402.45,152758.63,28.60,34.70,103,598
18:49:33,43046.24,2337.50,145608.09,28.10,34.80,109,597
18:50:34,43424.41,2383.71,145608.09,29.20,34.80,102,761
18:51:34,43615.16,2393.06,142713.56,29.00,34.80,100,642
18:52:35,43296.51,2265.61,142043.55,29.00,34.80,119,1031
18:53:35,45585.58,2440.41,150943.41,29.00,34.80,109,814
18:54:36,46200.00,2393.06,146192.89,28.10,34.90,117,670
18:55:36,46200.00,2319.28,145025.28,27.80,34.90,109,560
18:56:37,42302.86,2221.61,141000.00,28.00,34.90,93,961
18:57:37,46969.33,2426.34,151202.77,28.80,35.00,96,649
18:58:38,44389.38,2161.63,137067.55,28.30,35.00,97,667
18:59:38,44389.38,2230.31,138181.81,28.40,35.00,98,642
19:0:39,44585.80,2256.63,141569.27,28.50,35.00,97,746
19:1:39,47894.41,2256.63,146779.64,28.60,35.00,102,837
19:2:40,43742.69,2217.29,138971.80,28.30,35.00,114,855
19:3:40,43807.02,2239.05,136513.16,28.90,35.00,96,718
19:4:41,43614.04,2165.76,136079.08,29.00,35.10,93,872
19:5:41,42119.66,2170.10,132142.86,28.90,35.10,93,756
19:6:42,39660.27,2136.42,131604.53,29.10,35.10,98,583
19:7:42,47462.97,2337.50,150943.41,29.10,35.10,106,1017
19:8:43,61111.11,2398.36,159788.36,27.60,35.10,110,581
19:9:43,46615.86,2221.61,143288.59,26.90,35.10,110,901
19:10:44,45182.09,2283.27,142140.47,27.70,35.10,87,457
19:11:44,44389.38,2274.35,139303.48,28.30,35.10,97,1112
19:12:45,46901.84,2274.50,142043.55,28.50,35.20,91,936
19:13:45,46200.00,2247.83,141000.00,28.20,35.30,95,989
19:14:46,47462.97,2292.22,142713.56,28.30,35.30,91,658
19:15:46,49012.66,2333.33,144013.47,28.30,35.40,102,549
19:16:47,49693.29,2398.36,148122.86,28.30,35.40,105,601
19:17:47,49447.62,2301.20,147959.19,27.90,35.50,98,778
19:18:48,44194.12,2221.61,141569.27,27.20,35.40,97,674
19:19:48,70617.27,2488.75,159578.20,28.30,35.50,111,661
19:20:49,52132.01,2518.91,163345.20,26.90,35.50,102,512
19:21:49,54551.02,2528.15,160846.56,26.70,35.40,101,528
19:22:50,52059.41,2379.59,154166.69,27.10,35.40,108,721
19:23:50,52032.89,2283.27,146779.64,27.60,35.40,107,544
19:24:51,50366.56,2365.11,150943.41,27.70,35.40,112,803
19:25:51,53523.49,2469.29,155826.09,28.60,35.40,103,584
19:26:52,49675.16,2365.11,146779.64,27.60,35.40,103,976
19:27:52,53020.00,2440.41,152758.63,28.20,35.40,115,938
19:28:53,51309.45,2337.50,147959.19,27.40,35.40,118,670
19:29:53,48331.25,2239.05,142140.47,27.90,35.40,112,913
19:30:54,47036.81,2230.31,140432.61,28.80,35.40,116,642
19:31:54,48331.25,2221.61,142140.47,29.00,35.50,100,795
19:32:55,47894.41,2212.94,142713.56,28.30,35.50,103,586
19:33:55,52032.89,2421.35,154592.73,28.70,35.50,102,548
19:34:56,51790.16,2479.00,157068.08,28.10,35.50,99,463
19:35:56,49904.16,2319.28,145608.09,27.00,35.50,106,536
19:36:57,46200.00,2178.60,134313.72,27.90,35.50,104,463
19:37:57,46615.86,2265.48,140432.61,28.10,35.50,122,727
19:38:58,48125.00,2252.38,141708.53,28.40,35.50,106,464
19:39:58,44783.38,2103.25,133768.36,28.00,35.50,103,416
19:40:59,48496.86,2338.06,146598.63,28.50,35.50,113,794
19:41:59,59249.10,2187.13,140432.61,27.90,35.50,118,680
19:43:0,48996.85,2178.60,138181.81,28.00,35.50,112,715
19:44:0,45789.16,2239.05,141569.27,28.20,35.60,106,648
19:45:1,46066.67,2144.68,135303.78,28.00,35.60,106,958
19:46:1,46200.00,2256.63,144444.42,28.30,35.60,114,697
19:47:2,58956.84,2650.43,171324.84,27.30,35.60,109,524
19:48:2,44000.00,2247.83,143288.59,25.70,35.50,107,466
19:49:3,48773.59,2450.00,151546.41,27.20,35.50,115,656
19:50:3,51573.77,2484.76,154782.61,27.30,35.50,103,906
19:51:4,48331.25,2301.20,145025.28,27.20,35.50,116,539
19:52:4,46066.67,2247.92,142617.45,27.80,35.50,150,1011
19:53:5,47678.02,2365.11,143288.59,28.30,35.50,111,474
19:54:5,53050.17,2445.96,156020.95,27.50,35.60,104,652
19:55:6,50366.56,2355.87,144444.42,26.70,35.50,128,582
19:56:6,53777.77,2508.37,157068.08,27.20,35.60,115,770
19:57:7,56418.11,2548.10,159578.20,26.60,35.60,114,446
19:58:7,53020.00,2469.29,150342.47,26.60,35.60,107,894
19:59:8,50600.00,2283.27,144444.42,26.90,35.60,171,620
20:0:8,48996.85,2310.22,144444.42,27.50,35.50,102,660
20:1:9,49675.16,2274.35,142140.47,27.90,35.60,109,651
20:2:9,46623.86,2208.64,135526.31,27.50,35.60,105,449
20:3:10,45789.16,2239.05,135409.84,27.50,35.60,103,712
20:4:10,45993.96,2265.48,138741.72,27.20,35.70,141,677
20:5:11,42672.41,2195.70,133224.77,27.40,35.60,102,1153
20:6:11,41576.27,2144.79,130000.00,27.50,35.60,124,791
20:7:12,42791.91,2283.60,146010.17,27.40,35.60,117,644
20:8:12,44000.00,2256.63,138741.72,27.20,35.60,104,787
20:9:13,44585.80,2274.35,140432.61,27.00,35.50,105,631
20:10:13,44194.12,2301.20,141569.27,26.80,35.50,128,856
20:11:14,42482.76,2140.43,134975.36,27.00,35.50,113,794
20:12:14,48331.25,2374.39,148551.98,27.60,35.50,106,778
20:13:15,47689.45,2360.98,148122.86,26.90,35.50,113,570
20:14:15,57808.50,2479.00,158318.75,27.10,35.40,96,704
20:15:16,52204.62,2397.95,152413.80,26.90,35.30,103,576
20:16:16,53302.01,2465.28,152941.19,27.30,35.30,114,623
20:17:17,47473.69,2379.59,147529.80,27.20,35.20,99,30699
20:18:17,45119.75,2356.50,145423.72,28.10,35.20,109,960
20:19:18,41397.18,2204.31,139867.11,28.40,35.10,115,844
20:20:18,42482.76,2279.04,147529.80,28.60,35.10,98,684
20:21:19,46133.34,2287.82,142378.55,28.50,35.10,95,536
20:22:19,46615.86,2161.63,141000.00,28.20,35.00,100,777
20:23:20,54401.36,2431.34,163345.20,28.00,35.00,136,1121
20:24:20,55799.30,2416.84,158596.50,27.40,34.80,126,912
20:25:21,70617.27,2568.22,176102.92,27.60,34.70,99,785
20:26:21,100983.59,2779.20,191204.61,27.00,34.60,94,931
20:27:22,95218.74,2488.75,167985.61,26.70,34.40,165,1272
20:28:22,74179.48,2440.41,167324.95,27.30,34.20,114,1474
20:29:23,83168.23,2629.61,189714.30,27.50,34.20,93,686
20:30:23,88866.99,2650.43,176102.92,27.20,34.10,102,805
20:31:24,75428.56,2469.29,169314.06,27.40,34.00,88,657
20:32:24,87252.43,2660.91,169981.91,27.50,33.80,114,994
20:33:25,113578.28,2790.24,197281.56,27.30,33.70,30114,30690
20:34:25,97595.73,2604.27,175045.88,27.10,33.60,96,30715
20:35:26,91666.66,2650.43,174040.20,27.60,33.40,93,685
20:36:26,72167.35,2402.45,163410.31,27.70,33.30,93,616
20:37:27,76279.48,2650.43,179591.83,28.00,33.30,95,780
20:38:27,78923.78,2346.67,163410.31,27.60,33.30,96,593
20:39:28,87252.43,2682.00,178188.52,27.60,33.30,96,537
20:40:28,74818.96,2579.15,180970.14,27.70,33.30,107,801
20:41:29,96452.63,2479.00,160846.56,27.90,33.30,92,612
20:42:29,108848.82,2660.91,172677.58,27.60,33.20,100,482
20:43:30,94155.44,2431.82,162633.45,27.50,33.10,98,619
20:44:30,63250.00,2450.00,160846.56,27.60,33.00,112,823
20:45:31,58956.84,2393.06,155208.34,28.40,33.00,99,602
20:46:31,56936.62,2499.79,160070.67,28.30,33.00,104,458
20:47:32,62292.14,2365.11,156446.00,28.40,33.10,106,478
20:48:32,57091.54,2283.43,152068.98,27.80,33.10,104,508
20:49:33,66606.30,2608.97,171324.84,28.00,33.10,101,415
20:50:33,61665.43,2498.54,160846.56,27.60,33.20,110,430
20:51:34,64561.54,2538.11,169981.91,27.90,33.20,101,641
20:52:34,57526.50,2498.54,158947.38,27.60,33.10,110,698
20:53:35,56538.45,2402.87,155749.14,28.20,33.20,111,852
20:54:35,65914.06,2640.00,172677.58,27.90,33.30,101,639
20:55:36,89970.15,2757.27,184586.48,27.50,33.20,116,527
20:56:36,75142.85,2388.96,148717.95,27.50,33.10,107,435
20:57:37,116925.89,2891.85,194980.70,27.60,32.90,108,494
20:58:37,75852.19,2488.75,172677.58,27.30,32.80,102,550
20:59:38,106605.70,2692.61,186767.50,28.10,32.60,108,318
21:0:38,100983.59,2671.43,179591.83,28.00,32.40,105,274
21:1:39,132150.73,2834.90,194219.66,28.50,32.40,108,512
21:2:39,148500.03,2801.33,192706.33,28.30,32.30,109,560
21:3:40,180756.78,2961.93,214170.03,28.80,32.10,117,461
21:4:40,205333.33,3021.81,207569.72,28.90,31.90,100,583
21:5:41,255851.78,3120.57,214170.03,29.40,31.70,103,467
21:6:41,203060.00,2757.27,198830.42,30.00,31.40,98,456
21:7:42,184477.08,2746.37,190458.02,30.60,31.40,102,547
21:8:42,153312.53,2820.13,200000.00,31.20,31.40,102,468
21:9:43,135384.66,2568.22,182429.92,31.90,31.30,102,542
21:10:43,95218.74,2588.51,176795.58,31.50,31.20,102,447
21:11:44,91666.66,2619.27,173357.66,32.20,31.40,105,498
21:12:44,83168.23,2619.27,178188.52,32.10,31.40,106,453
21:13:45,70617.27,2588.51,171324.84,32.30,31.50,115,696
21:14:45,104438.19,2703.27,183146.09,32.60,31.60,121,655
21:15:46,80300.01,2508.37,176102.92,32.10,31.60,107,517
21:16:46,115533.71,2694.76,182363.98,31.60,31.60,107,324
21:17:47,87785.36,2619.27,174725.27,31.90,31.50,100,376
21:18:47,101538.45,2774.34,182771.56,32.30,31.50,103,690
21:19:48,86201.92,2724.73,178188.52,32.20,31.60,107,421
21:20:48,77584.08,2713.97,175412.84,32.40,31.60,103,483
21:21:49,83168.23,2735.53,177490.75,32.70,31.60,106,475
21:22:49,75008.61,2619.27,174040.20,32.40,31.70,115,436
21:23:50,68939.27,2589.34,172627.73,32.00,31.80,102,715
21:24:50,66258.83,2578.34,171324.84,31.80,31.90,109,586
21:25:51,59840.00,2498.54,162123.91,31.80,31.90,105,482
21:26:51,62928.30,2528.15,164056.95,32.20,32.00,101,687
21:27:52,60138.69,2328.37,155208.34,32.00,32.10,99,590
21:28:52,62666.67,2485.95,162210.34,30.80,32.10,97,444
21:29:53,57808.50,2548.10,161484.09,31.30,32.20,104,552
21:30:53,59840.00,2578.34,168648.64,31.70,32.30,116,537
21:31:54,58378.58,2518.24,161484.09,31.30,32.30,100,497
21:32:54,68023.99,2682.00,182429.92,31.30,32.30,132,543
21:33:55,91095.48,2812.47,181716.44,31.10,32.30,163,474
21:34:55,86724.64,2629.61,183864.92,30.90,32.10,105,399
21:35:56,103033.32,2790.24,185310.75,30.50,32.10,102,488
21:36:56,76710.54,2558.14,174725.27,30.60,31.90,98,306
21:37:57,75852.19,2629.61,174040.20,30.90,31.80,99,704
21:38:57,65232.56,2548.10,166010.73,30.90,31.80,101,562
21:39:58,63900.76,2598.72,166666.67,31.40,31.90,100,513
21:40:58,75008.61,2703.27,177490.75,31.30,31.90,114,479
21:41:59,61665.43,2421.35,160846.56,30.80,32.00,122,678
21:42:59,62292.14,2518.24,168648.64,30.90,32.10,97,471
21:44:0,63250.00,2629.61,172677.58,30.70,32.10,100,480
21:45:0,64895.75,2518.24,166666.67,30.90,32.10,97,444
21:46:1,58587.82,2583.83,168953.06,30.70,32.10,99,510
21:47:1,58378.58,2488.75,162123.91,30.90,32.10,93,392
21:48:2,53270.90,2450.00,157692.31,30.60,32.20,99,459
21:49:2,49447.62,2374.39,149743.59,30.80,32.30,99,621
21:50:3,46347.57,2375.10,148376.05,30.60,32.40,108,636
21:51:3,44585.80,2337.50,145025.28,31.00,32.40,97,601
21:52:4,41937.50,2212.94,138181.81,30.90,32.50,102,528
21:53:4,41937.50,2265.48,143288.59,30.80,32.50,91,682
21:54:5,39988.95,2243.56,138870.42,30.30,32.60,115,589
21:55:5,41219.10,2319.28,144444.42,30.40,32.60,111,813
21:56:6,43168.60,2356.50,150171.83,30.20,32.60,100,646
21:57:6,44391.69,2413.20,149484.55,30.00,32.70,113,762
21:58:7,45590.36,2342.51,148717.95,30.30,32.70,93,442
21:59:7,48704.41,2523.53,159226.72,30.00,32.70,94,633
22:0:8,51071.43,2568.22,163410.31,30.00,32.80,93,422
22:1:8,50763.75,2543.46,159859.17,30.00,32.80,91,794
22:2:9,47678.02,2328.37,150342.47,30.00,32.80,94,395
22:3:9,47462.97,2421.35,153367.89,29.80,32.90,94,440
22:4:10,50366.56,2538.11,156446.00,29.80,32.90,100,499
22:5:10,47181.54,2360.65,151807.25,29.80,32.90,101,574
22:6:11,48551.73,2450.00,155826.09,29.80,32.90,101,592
22:7:11,47462.97,2469.29,156446.00,29.80,32.80,105,476
22:8:12,47405.58,2338.06,150774.55,29.90,32.80,102,401
22:9:12,45993.96,2346.67,146192.89,29.80,32.80,103,737
22:10:13,46407.30,2402.45,146192.89,30.00,32.90,103,436
22:11:13,44000.00,2355.87,145025.28,30.10,32.90,101,586
22:12:14,45383.23,2365.11,145608.09,30.00,32.90,107,383
22:13:14,45993.96,2393.06,145608.09,29.90,32.90,118,670
22:14:15,47838.01,2403.29,148376.05,30.00,32.90,106,455
22:15:15,47181.54,2351.42,147028.84,30.40,33.00,107,639
22:16:16,48996.85,2430.86,153367.89,30.40,33.00,108,517
22:17:16,49447.62,2421.35,154592.73,30.10,33.00,114,509
22:18:17,47249.23,2374.39,150342.47,30.10,33.00,128,612
22:19:17,46615.86,2365.11,149743.59,30.00,33.00,112,429
22:20:18,46825.69,2383.71,150943.41,30.00,33.00,112,443
22:21:18,46825.69,2365.11,148551.98,30.00,33.00,110,689
22:22:19,51022.80,2590.17,164579.61,30.10,33.00,108,490
22:23:19,50834.95,2528.15,156446.00,30.20,33.00,117,490
22:24:20,46615.86,2365.11,147368.41,30.00,32.90,110,438
22:25:20,46407.30,2383.71,147959.19,29.90,32.90,113,445
22:26:21,48551.73,2488.75,155208.34,30.00,32.90,144,561
22:27:21,48331.25,2430.86,152758.63,30.40,33.00,104,445
22:28:22,48551.73,2393.06,153979.25,30.40,33.00,115,572
22:29:22,44389.38,2365.11,146192.89,30.20,33.00,106,703
22:30:23,45794.55,2398.36,150515.48,30.20,33.00,108,518
22:31:23,44982.14,2355.87,151546.41,30.00,33.10,107,486
22:32:24,48996.85,2548.10,162765.97,29.50,33.00,109,403
22:33:24,47327.16,2460.17,160141.09,29.40,33.00,110,467
22:34:25,48331.25,2469.29,160846.56,29.40,32.90,112,444
22:35:25,49675.16,2498.54,165357.14,29.60,32.90,97,323
22:36:26,50834.95,2588.51,171324.84,29.50,32.90,107,463
22:37:26,48773.59,2518.24,166010.73,29.40,32.80,110,439
22:38:27,48056.25,2451.04,161989.34,29.60,32.80,106,715
22:39:27,48773.59,2598.72,169981.91,29.80,32.80,112,431
22:40:28,52059.41,2554.24,168231.03,29.70,32.70,114,381
22:41:28,50366.56,2548.10,169314.06,29.50,32.70,111,727
22:42:29,49904.16,2578.34,167324.95,29.70,32.70,100,635
22:43:29,50834.95,2568.22,170652.16,29.90,32.70,108,650
22:44:30,49605.10,2583.83,164349.39,29.60,32.70,100,583
22:45:30,48112.15,2440.41,155826.09,29.90,32.70,129,754
22:46:31,50366.56,2548.10,166010.73,30.00,32.70,104,586
22:47:31,54551.02,2650.43,176102.92,29.70,32.70,106,690
22:48:32,54291.52,2608.97,166666.67,29.40,32.70,104,598
22:49:32,56968.41,2660.91,171324.84,29.60,32.50,102,425
22:50:33,55570.93,2621.08,174632.34,29.40,32.40,117,608
22:51:33,57526.50,2650.43,171324.84,29.50,32.40,30151,30542
22:52:34,59010.84,2646.65,179182.14,29.60,32.30,106,559
22:53:34,59520.00,2621.08,176014.73,29.40,32.20,111,540
22:54:35,58092.54,2608.97,174725.27,29.80,32.10,108,918
22:55:35,58378.58,2598.72,173357.66,29.80,32.10,100,343
22:56:36,53523.49,2598.72,172000.00,29.70,32.00,104,421
22:57:36,57246.47,2421.35,160846.56,30.00,32.10,102,355
22:58:37,57828.57,2525.58,165467.63,29.10,32.00,110,391
22:59:37,91666.66,2823.66,186767.50,29.50,32.00,101,409
23:0:38,79279.29,2563.56,173674.58,28.10,31.90,104,513
23:1:38,59840.00,2508.37,162123.91,28.50,31.90,101,806
23:2:39,66956.52,2479.00,161484.09,29.10,31.90,101,424
23:3:39,82194.45,2671.43,182429.92,28.60,31.90,108,413
23:4:40,103033.32,2779.20,181716.44,28.20,31.90,98,493
23:5:40,95717.27,2709.17,178518.50,28.30,31.80,100,485
23:6:41,68023.99,2459.63,161484.09,28.50,31.70,124,476
23:7:41,73770.20,2518.24,169981.91,29.10,31.70,96,418
23:8:42,72563.02,2459.63,166666.67,28.60,31.80,96,499
23:9:42,73770.20,2608.97,188973.39,28.50,31.80,97,467
23:10:43,98999.99,2692.61,181005.59,28.40,31.80,97,536
23:11:43,102544.43,2610.73,178810.39,28.10,31.80,95,413
23:12:44,130067.62,2834.90,191954.03,28.30,31.70,99,429
23:13:44,118662.46,2588.51,178188.52,28.10,31.70,112,431
23:14:45,95832.45,2488.75,176795.58,28.20,31.50,96,458
23:15:45,97079.36,2538.11,178188.52,28.40,31.60,95,608
23:16:46,108465.09,2820.13,197660.83,28.50,31.50,109,554
23:17:46,148500.03,2938.36,204347.81,28.60,31.60,94,367
23:18:47,117515.49,2469.85,170598.91,28.60,31.50,107,672
23:19:47,135384.66,2868.92,197281.56,29.20,31.40,93,30416
23:20:48,167126.08,2891.85,194219.66,29.20,31.40,94,497
23:21:48,145955.25,2880.36,202755.91,29.60,31.10,100,509
23:22:49,138757.19,2629.61,179591.83,29.90,31.10,95,329
23:23:49,162295.11,2841.26,199218.75,30.00,31.00,97,561
23:24:50,203060.00,3046.15,204347.81,29.70,30.90,93,355
23:25:50,188336.47,2868.92,202755.91,29.60,30.80,94,529
23:26:51,202400.00,2958.62,205566.61,29.90,30.70,99,589
23:27:51,172017.27,2768.21,191954.03,30.00,30.60,97,360
23:28:52,194192.31,2898.41,198440.56,30.30,30.60,96,547
23:29:52,209340.19,2994.44,212121.20,30.10,30.50,104,585
23:30:53,230876.38,3070.73,211670.00,30.00,30.50,108,449
23:31:53,266538.38,3046.15,207569.72,30.00,30.50,110,316
23:32:54,214905.25,2801.33,200391.39,30.00,30.30,122,508
23:33:54,217425.52,2961.93,200391.39,30.30,30.30,99,285
23:34:55,198647.05,2846.19,198054.48,30.50,30.30,99,391
23:35:55,205333.33,2938.36,205952.38,30.80,30.30,143,403
23:36:56,176778.78,2538.82,184557.45,30.70,30.30,101,442
23:37:56,202840.00,2921.64,207171.31,30.20,30.30,102,493
23:38:57,165550.02,2660.91,191204.61,30.10,30.40,102,438
23:39:57,200831.69,2857.53,201964.64,30.00,30.30,102,375
23:40:58,245928.52,3033.95,213333.31,29.90,30.40,97,331
23:41:58,228066.64,2915.00,202755.91,30.00,30.30,101,233
23:42:59,221434.77,2960.37,204771.38,30.00,30.20,99,237
23:43:59,238674.38,3037.85,209236.94,30.10,30.20,106,328
23:45:0,200831.69,2915.00,197281.56,29.80,30.20,106,369
23:46:0,259324.92,3033.95,202755.91,29.70,30.10,114,349
23:47:1,214905.25,2903.40,196511.64,29.40,30.10,102,386
23:48:1,207653.05,2915.00,205148.52,29.60,30.10,101,561
23:49:2,207653.05,2891.85,202755.91,29.70,30.20,104,417
