Hora,O3,NO2,CO,Humedad,Temperatura,P25,P10
0:0:44,87252.43,3197.12,233474.58,17.30,26.20,107,344
0:1:45,91666.66,3223.13,239055.80,17.30,26.20,101,459
0:2:45,96452.63,3236.23,233474.58,17.30,26.20,99,382
0:3:46,97712.76,3223.13,231645.58,17.30,26.20,104,438
0:4:46,108092.46,3357.04,241900.66,17.30,26.20,108,356
0:5:47,178946.44,3454.77,249670.31,17.10,26.20,97,384
0:6:47,142277.41,3223.13,240000.00,16.90,26.10,105,470
0:7:48,116073.59,3384.62,247702.41,17.20,26.10,112,406
0:8:48,130067.62,3398.51,248684.22,17.10,26.00,103,340
0:9:49,104067.40,3168.42,226778.25,17.00,25.90,94,508
0:10:49,101538.45,3244.07,240517.25,17.20,25.90,97,307
0:11:50,103033.32,3275.91,236247.34,17.20,25.90,100,297
0:12:50,113180.70,3396.01,247368.42,17.30,25.90,106,329
0:13:51,118662.46,3412.47,246724.89,17.00,25.80,119,476
0:14:51,124142.81,3526.72,256696.41,17.10,25.80,109,453
0:15:52,141956.23,3530.10,253777.77,17.00,25.70,107,500
0:16:52,144222.27,3539.13,253333.31,17.10,25.60,106,487
0:17:53,140927.58,3521.12,257270.69,17.30,25.50,103,600
0:18:53,168728.83,3483.33,254666.64,17.30,25.40,97,380
0:19:54,153312.53,3568.64,263636.34,17.50,25.40,99,403
0:20:54,111964.26,3497.72,251655.63,17.50,25.30,102,349
0:21:55,132150.73,3497.72,251655.63,17.60,25.20,105,613
0:22:55,139438.89,3509.92,251327.42,17.60,25.30,104,446
0:23:56,134291.70,3469.02,250660.78,17.70,25.20,99,449
0:24:56,135384.66,3469.02,254666.64,17.80,25.10,98,433
0:25:57,141474.48,3587.08,263781.31,17.80,25.20,107,399
0:26:57,126065.84,3469.02,248684.22,17.80,25.10,105,533
0:27:58,124142.81,3541.33,258744.38,17.90,25.10,115,452
0:28:58,125098.09,3526.72,260810.78,17.80,25.10,109,474
0:29:59,124142.81,3541.33,259775.27,17.80,25.10,100,324
0:30:59,124810.41,3501.02,259909.89,17.90,25.00,97,305
0:32:0,126065.84,3497.72,251655.63,17.90,25.00,97,372
0:33:0,128040.05,3526.72,253658.52,17.90,25.00,105,338
0:34:1,139280.63,3592.76,259008.98,17.90,25.00,97,310
0:35:1,131102.09,3384.62,251655.63,17.90,25.00,100,350
0:36:2,153828.16,3645.71,267123.28,18.10,24.90,105,355
0:37:2,186185.20,3670.50,259325.83,17.90,24.90,105,491
0:38:3,166571.45,3327.09,247368.42,17.80,24.80,109,528
0:39:3,173513.06,3624.87,256249.98,18.20,24.70,106,483
0:40:4,155212.64,3556.01,256696.41,17.90,24.80,107,395
0:41:4,145955.25,3541.33,254666.64,18.00,24.70,119,429
0:42:5,143485.33,3526.72,255679.27,18.10,24.70,105,400
0:43:5,135384.66,3497.72,255679.27,18.20,24.70,116,345
0:44:6,141795.66,3568.64,257399.09,18.20,24.70,101,492
0:45:6,139913.70,3541.33,254666.64,18.10,24.60,107,403
0:46:6,134291.70,3497.72,259775.27,18.10,24.60,107,543
0:47:7,134291.70,3556.01,259775.27,18.20,24.60,98,467
0:48:7,126065.84,3497.72,258744.38,18.20,24.60,95,429
0:49:8,119547.13,3497.72,255679.27,18.30,24.60,97,420
0:50:8,112766.44,3440.60,246724.89,18.40,24.50,99,562
0:51:9,107965.30,3421.00,247264.78,18.50,24.60,99,443
0:52:9,108848.82,3384.62,240948.28,18.60,24.50,98,384
0:53:10,105874.98,3370.79,240948.28,18.60,24.60,98,536
0:54:10,102099.44,3332.51,239139.78,18.60,24.60,97,392
0:55:11,95832.45,3289.27,236247.34,18.80,24.60,97,580
0:56:11,101977.89,3424.06,252328.14,19.00,24.60,100,298
0:57:12,99654.04,3249.39,245751.64,18.80,24.70,103,505
0:58:12,114399.97,3440.60,250660.78,18.90,24.70,98,450
0:59:13,117788.78,3440.60,250660.78,18.60,24.60,96,284
1:0:13,123199.95,3497.72,255679.27,18.70,24.50,94,387
1:1:14,119886.04,3418.55,253897.53,18.70,24.40,99,373
1:2:14,118662.46,3426.50,248684.22,18.90,24.40,96,356
1:3:15,113578.28,3398.51,246724.89,19.00,24.30,106,506
1:4:15,105874.98,3440.60,244782.61,19.00,24.30,94,426
1:5:16,100315.20,3357.04,240000.00,19.20,24.30,96,528
1:6:16,99416.20,3387.56,244880.17,19.30,24.30,97,500
1:7:17,98645.15,3368.24,244444.45,19.20,24.30,97,375
1:8:17,101659.33,3357.04,241900.66,19.30,24.30,97,633
1:9:18,101175.81,3390.52,244008.72,19.30,24.30,91,432
1:10:18,98235.28,3351.60,240517.25,19.30,24.30,92,530
1:11:19,100983.59,3370.79,242857.14,19.30,24.30,96,383
1:12:19,91666.66,3033.95,230736.84,19.30,24.30,90,432
1:13:20,103731.83,3370.79,243817.78,19.80,24.30,94,502
1:14:20,107344.80,3426.50,247702.41,19.40,24.30,95,550
1:15:21,110258.80,3421.00,247264.78,19.30,24.20,95,416
1:16:21,109614.02,3398.51,246724.89,19.40,24.10,98,745
1:17:22,108092.46,3412.47,247702.41,19.40,24.00,100,581
1:18:22,122916.08,3501.02,255803.55,19.60,24.00,96,395
1:19:23,130802.77,3472.22,255803.55,19.50,24.00,96,536
1:20:23,143485.33,3497.72,254666.64,19.50,23.90,93,512
1:21:24,132150.73,3398.51,251655.63,19.60,23.90,98,442
1:22:24,128040.05,3370.79,251655.63,19.70,23.90,94,451
1:23:25,127046.41,3262.62,239055.80,19.90,23.90,96,529
1:24:25,143000.03,3438.19,253333.31,19.80,23.80,107,578
1:25:26,118662.46,3197.12,241900.66,19.80,23.80,94,374
1:26:26,131548.00,3376.62,247912.08,20.00,23.80,91,380
1:27:27,129026.97,3305.42,249557.52,19.90,23.70,96,498
1:28:27,128040.05,3440.60,248684.22,20.00,23.70,96,367
1:29:28,124142.81,3440.60,247702.41,19.90,23.70,106,322
1:30:28,118662.46,3440.60,245751.64,19.90,23.70,106,331
1:31:29,113578.28,3412.47,247702.41,20.00,23.70,109,354
1:32:29,118249.96,3495.43,258426.95,20.10,23.70,105,466
1:33:29,111171.57,3454.77,254666.64,20.20,23.70,109,452
1:34:30,115231.68,3454.77,249670.31,20.20,23.70,105,266
1:35:30,108720.91,3421.00,253215.06,20.20,23.70,104,328
1:36:31,108848.82,3483.33,256696.41,20.30,23.70,107,404
1:37:31,107218.37,3435.09,253215.06,20.30,23.70,107,331
1:38:32,108848.82,3454.77,250660.78,20.20,23.60,106,516
1:39:32,100983.59,3412.47,251655.63,20.30,23.70,106,424
1:40:33,118249.96,3539.13,262585.00,20.30,23.70,109,240
1:41:33,129770.32,3457.93,249779.73,20.10,23.60,109,362
1:42:34,132758.67,3524.49,255357.13,20.00,23.60,102,422
1:43:34,134291.70,3497.72,255679.27,20.00,23.60,95,406
1:44:35,138757.19,3526.72,253658.52,20.00,23.60,100,316
1:45:35,153828.16,3556.01,257718.13,19.90,23.60,97,260
1:46:36,177168.16,3630.57,263945.56,19.90,23.60,101,408
1:47:36,178160.73,3622.86,261085.95,19.80,23.60,96,363
1:48:37,162475.44,3526.72,255679.27,19.90,23.50,99,499
1:49:37,159500.03,3497.72,255679.27,20.00,23.50,99,310
1:50:38,182600.02,3615.50,269266.03,20.10,23.50,102,430
1:51:38,207653.05,3691.62,275813.97,20.00,23.50,100,426
1:52:39,222630.41,3722.63,275813.97,19.90,23.40,103,331
1:53:39,198647.05,3541.33,267123.28,20.00,23.30,104,436
1:54:40,212437.48,3615.50,269266.03,20.10,23.40,103,482
1:55:40,193769.23,3598.45,271131.63,20.10,23.30,101,340
1:56:41,180756.78,3526.72,267123.28,20.10,23.40,105,457
1:57:41,203060.00,3691.62,274710.00,20.20,23.40,101,416
1:58:42,192342.88,3615.50,269266.03,20.10,23.30,101,330
1:59:42,186388.91,3630.57,269266.03,20.20,23.40,101,324
2:0:43,159500.03,3512.18,262895.91,20.20,23.40,109,421
2:1:43,168728.83,3526.72,267123.28,20.20,23.40,106,446
2:2:44,150953.88,3579.95,264545.44,20.20,23.40,107,436
2:3:44,164000.02,3600.52,263945.56,20.20,23.40,106,393
2:4:45,177571.45,3636.03,272558.09,20.20,23.40,104,612
2:5:45,167126.08,3556.01,260810.78,20.10,23.40,99,458
2:6:46,177767.88,3641.77,269745.94,20.10,23.40,103,452
2:7:46,156444.48,3492.15,260360.34,20.20,23.50,101,545
2:8:47,147218.08,3526.72,254666.64,20.20,23.40,107,358
2:9:47,152465.16,3526.72,255679.27,20.20,23.40,100,421
2:10:48,150276.95,3602.07,258558.53,20.30,23.40,99,481
2:11:48,143485.33,3526.72,253658.52,20.20,23.40,99,305
2:12:49,139755.44,3521.12,253215.06,20.30,23.30,101,361
2:13:49,143485.33,3512.18,253658.52,20.40,23.30,104,451
2:14:49,135384.66,3512.18,254666.64,20.40,23.30,102,508
2:15:50,129047.02,3398.51,249670.31,20.50,23.30,102,499
2:16:50,134291.70,3497.72,255679.27,20.50,23.30,100,425
2:17:51,149633.63,3594.84,259325.83,20.50,23.30,131,604
2:18:51,148500.03,3585.60,258744.38,20.40,23.20,101,358
2:19:52,142277.41,3570.77,263945.56,20.50,23.10,110,495
2:20:52,135384.66,3497.72,256696.41,20.60,23.20,95,617
2:21:53,137617.06,3497.72,256696.41,20.70,23.10,100,446
2:22:53,128040.05,3483.33,256696.41,20.70,23.10,96,389
2:23:54,126065.84,3302.69,248684.22,20.80,23.10,99,444
2:24:54,133213.84,3556.01,262895.91,20.90,23.20,95,596
2:25:55,127046.41,3497.72,261851.02,20.70,23.20,98,421
2:26:55,138757.19,3512.18,258744.38,20.80,23.20,95,495
2:27:56,127893.38,3477.78,254222.20,20.80,23.20,92,420
2:28:56,123714.24,3424.06,253333.31,20.90,23.10,93,443
2:29:57,117788.78,3426.50,249670.31,21.00,23.10,96,541
2:30:57,116925.89,3412.47,245751.64,21.00,23.10,106,543
2:31:58,109614.02,3412.47,245751.64,21.10,23.00,92,406
2:32:58,106605.70,3398.51,246724.89,21.20,23.00,96,649
2:33:59,110388.21,3384.62,244782.61,21.30,23.00,98,472
2:34:59,121846.11,3396.01,246389.50,21.50,23.00,98,463
2:36:0,87785.36,3357.04,245751.64,21.60,23.00,104,658
2:37:0,90530.00,3343.35,247702.41,21.70,23.00,95,485
2:38:1,90530.00,3343.35,244782.61,21.80,23.00,90,680
2:39:1,90984.92,3379.16,244347.83,21.90,23.10,91,406
2:40:2,88650.24,3359.90,249779.73,22.00,23.10,86,552
2:41:2,87785.36,3329.73,245751.64,22.00,23.10,91,406
2:42:3,91666.66,3398.51,250660.78,22.00,23.10,94,564
2:43:3,95832.45,3426.50,253658.52,21.90,23.20,94,554
2:44:4,101659.33,3426.50,250660.78,21.70,23.10,88,576
2:45:4,101659.33,3469.02,255679.27,21.60,23.20,91,368
2:46:5,111964.26,3454.77,250660.78,21.60,23.20,91,432
2:47:5,122269.19,3469.02,253658.52,21.50,23.20,91,503
2:48:6,132150.73,3526.72,258744.38,21.40,23.20,92,294
2:49:6,158048.03,3645.71,260810.78,21.30,23.30,96,445
2:50:7,169982.94,3574.29,261990.92,21.10,23.30,100,504
2:51:7,207653.05,3707.09,264999.97,21.20,23.30,100,413
2:52:8,219999.98,3676.24,264999.97,21.00,23.30,99,327
2:53:8,205111.09,3640.00,262443.41,21.00,23.20,101,303
2:54:8,182200.02,3559.49,257847.52,21.10,23.20,112,372
2:55:9,160617.92,3515.52,255803.55,21.30,23.20,118,496
2:56:9,160975.64,3541.33,255679.27,21.40,23.30,107,322
2:57:10,153312.53,3553.85,258426.95,21.30,23.20,113,357
2:58:10,152465.16,3541.33,254666.64,21.40,23.20,107,544
2:59:11,146391.02,3557.33,260633.47,21.40,23.20,106,405
3:0:11,141087.00,3512.18,254666.64,21.50,23.20,108,361
3:1:12,142277.41,3526.72,257718.13,21.60,23.20,118,427
3:2:12,143485.33,3526.72,256696.41,21.60,23.20,104,350
3:3:13,139913.70,3526.72,257718.13,21.60,23.20,109,394
3:4:13,155212.64,3615.50,266059.22,21.60,23.10,108,540
3:5:14,135384.66,3370.79,249670.31,21.50,23.10,100,400
3:6:14,170359.00,3630.57,272517.34,21.70,23.10,101,303
3:7:15,212437.48,3738.26,274710.00,21.30,23.10,106,304
3:8:15,282135.03,3769.76,273611.13,21.00,23.00,107,307
3:9:16,230629.17,3732.45,275348.88,21.10,22.90,103,594
3:10:16,259324.92,3722.63,272517.34,21.20,22.90,106,394
3:11:17,212208.31,3640.00,276456.91,21.30,22.90,106,344
3:12:17,180756.78,3570.77,267123.28,21.40,22.90,105,446
3:13:18,169230.80,3611.43,270833.31,21.60,22.90,112,456
3:14:18,158967.78,3553.85,259459.44,21.80,23.00,109,405
3:15:19,160617.92,3530.10,258876.39,21.80,23.00,97,310
3:16:19,156095.27,3410.00,250331.13,21.80,23.00,97,393
3:17:20,138600.05,3406.98,248245.61,21.70,23.00,95,535
3:18:20,136028.20,3396.01,249339.20,21.80,23.00,100,257
3:19:21,130067.62,3384.62,247702.41,21.80,23.00,96,544
3:20:21,130353.79,3455.56,253452.09,21.70,23.00,96,489
3:21:22,115231.68,3343.35,243817.78,21.80,23.10,97,302
3:22:22,117242.20,3349.01,244008.72,22.00,23.10,102,371
3:23:23,112371.23,3382.09,248351.64,22.00,23.10,94,344
3:24:23,108720.91,3379.16,248245.61,22.20,23.20,104,612
3:25:24,106965.49,3396.01,250331.13,22.30,23.20,105,533
3:26:24,102220.98,3406.98,254222.20,22.40,23.20,99,611
3:27:25,105874.98,3412.47,254666.64,22.50,23.20,102,498
3:28:25,101659.33,3384.62,257718.13,22.60,23.20,101,503
3:29:26,100315.20,3343.35,247702.41,22.60,23.20,98,413
3:30:26,98881.71,3393.03,256249.98,22.60,23.20,99,580
3:31:27,98999.99,3398.51,253658.52,22.60,23.20,99,538
3:32:27,96497.34,3399.00,247472.52,22.60,23.20,96,354
3:33:27,94010.30,3357.04,246724.89,22.70,23.10,102,563
3:34:28,105725.70,3458.73,250554.31,22.70,23.10,96,574
3:35:28,99654.04,3398.51,250660.78,22.70,23.10,98,536
3:36:29,104438.19,3440.60,250660.78,22.70,23.00,99,505
3:37:29,111041.40,3449.25,252212.38,22.70,23.00,100,380
3:38:30,111571.40,3438.19,252328.14,22.80,23.00,98,345
3:39:30,104779.64,3273.17,246389.50,22.80,22.90,100,479
3:40:31,108092.46,3412.47,252654.84,22.80,22.90,109,653
3:41:31,124142.81,3512.18,263945.56,22.80,22.80,101,421
3:42:32,131397.31,3572.16,262727.25,23.00,22.70,124,427
3:43:32,126065.84,3483.33,257718.13,23.10,22.60,106,545
3:44:33,124142.81,3469.02,259775.27,23.20,22.50,98,516
3:45:33,121350.27,3454.77,256696.41,23.30,22.50,105,442
3:46:34,128604.07,3553.85,262585.00,23.40,22.50,99,434
3:47:34,116073.59,3454.77,257718.13,23.40,22.40,100,513
3:48:35,119547.13,3469.02,257718.13,23.50,22.40,100,581
3:49:35,133213.84,3526.72,262895.91,23.50,22.40,97,633
3:50:36,128456.42,3518.88,257977.52,23.50,22.40,97,584
3:51:36,125098.09,3440.60,252654.84,23.60,22.30,96,429
3:52:37,112766.44,3223.13,246724.89,23.60,22.30,95,435
3:53:37,120025.27,3495.43,256375.84,23.50,22.30,105,584
3:54:38,117788.78,3483.33,254666.64,23.70,22.30,100,512
3:55:38,111833.30,3435.09,255233.83,23.70,22.30,106,495
3:56:39,105152.52,3171.36,239055.80,23.80,22.30,100,469
3:57:39,107091.93,3305.39,250772.63,23.40,22.40,96,580
3:58:40,105152.52,3412.47,253658.52,23.50,22.30,104,517
3:59:40,102342.53,3384.62,251655.63,23.70,22.30,94,522
4:0:41,105874.98,3440.60,250660.78,23.70,22.30,102,439
4:1:41,106965.49,3327.09,243478.27,23.70,22.30,92,776
4:2:42,103731.83,3384.62,253658.52,23.70,22.40,95,581
4:3:42,111171.57,3512.18,258744.38,23.70,22.30,94,789
4:4:43,111171.57,3440.60,255679.27,23.80,22.30,94,387
4:5:43,114399.97,3469.02,255679.27,23.80,22.40,96,520
4:6:44,111964.26,3483.33,256696.41,23.90,22.40,96,489
4:7:44,111964.26,3440.60,256696.41,23.90,22.30,102,590
4:8:45,120649.64,3513.27,257528.08,24.00,22.30,113,560
4:9:45,117788.78,3440.60,253658.52,23.90,22.30,98,509
4:10:46,113180.70,3438.19,254342.97,23.90,22.30,104,504
4:11:46,108092.46,3398.51,253658.52,24.00,22.30,104,521
4:12:46,108848.82,3440.60,254666.64,24.10,22.30,104,342
4:13:47,114266.64,3463.48,254222.20,24.10,22.30,114,346
4:14:47,114560.95,3484.26,260633.47,24.10,22.30,107,446
4:15:48,113445.75,3463.48,257270.69,24.00,22.30,108,481
4:16:48,114399.97,3469.02,258744.38,24.00,22.30,109,465
4:17:49,114399.97,3483.33,263945.56,24.00,22.30,118,527
4:18:49,119746.80,3527.88,265903.88,24.00,22.40,102,376
4:19:50,113445.75,3449.25,260360.34,24.00,22.40,104,465
4:20:50,126065.84,3512.18,261851.02,24.00,22.40,103,440
4:21:51,116925.89,3497.72,255679.27,23.90,22.40,132,932
4:22:51,114399.97,3483.33,259775.27,24.00,22.40,110,505
4:23:52,121350.27,3497.72,259775.27,23.90,22.40,109,510
4:24:52,122916.08,3515.52,260948.08,23.80,22.40,105,518
4:25:53,131849.36,3544.76,259909.89,23.80,22.40,97,447
4:26:53,130067.62,3497.72,257718.13,23.80,22.40,97,518
4:27:54,127046.41,3469.02,257718.13,23.90,22.50,99,394
4:28:54,135384.66,3497.72,260810.78,23.80,22.40,105,434
4:29:55,141087.00,3556.01,258744.38,23.90,22.50,112,329
4:30:55,137461.03,3506.60,262443.41,23.80,22.50,105,391
4:31:56,143485.33,3541.33,259775.27,23.80,22.50,104,396
4:32:56,139913.70,3512.18,262895.91,23.80,22.50,104,386
4:33:57,153828.16,3483.33,258744.38,23.80,22.50,102,482
4:34:57,149801.56,3497.72,263945.56,23.80,22.50,104,375
4:35:58,159500.03,3526.72,267123.28,23.80,22.50,160,413
4:36:58,144711.16,3497.72,264999.97,23.90,22.50,100,431
4:37:59,159500.03,3526.72,270344.81,23.90,22.60,95,446
4:38:59,156619.08,3556.01,273611.13,23.90,22.50,101,388
4:40:0,165000.02,3568.64,273317.88,23.90,22.60,101,392
4:41:0,151123.11,3483.33,260810.78,23.80,22.60,102,366
4:42:1,170359.00,3600.52,275813.97,23.80,22.60,125,606
4:43:1,190320.77,3615.50,275813.97,23.70,22.50,102,296
4:44:2,178750.02,3565.13,272055.44,23.80,22.50,98,245
4:45:2,172017.27,3570.77,264999.97,23.90,22.50,99,495
4:46:3,159500.03,3497.72,264999.97,23.80,22.50,103,398
4:47:3,168728.83,3556.01,264999.97,23.80,22.50,101,429
4:48:4,196504.86,3645.71,276923.09,23.70,22.60,102,442
4:49:4,194403.84,3600.52,267123.28,23.70,22.50,98,364
4:50:4,173704.38,3541.33,267123.28,23.80,22.50,101,485
4:51:5,178946.44,3556.01,266059.22,24.00,22.50,101,359
4:52:5,170359.00,3497.72,266059.22,24.00,22.50,101,263
4:53:6,177168.16,3526.72,266059.22,24.20,22.50,100,427
4:54:6,175421.08,3526.72,268192.19,24.10,22.40,100,370
4:55:7,178946.44,3541.33,268192.19,24.10,22.40,105,528
4:56:7,160975.64,3454.77,266059.22,24.20,22.50,97,524
4:57:8,168728.83,3497.72,263945.56,24.20,22.40,98,397
4:58:8,156444.48,3477.78,262443.41,24.10,22.40,95,397
4:59:9,153828.16,3454.77,260810.78,24.10,22.40,98,405
5:0:9,149465.69,3443.72,263038.53,24.10,22.40,105,416
5:1:10,144711.16,3412.47,258744.38,24.30,22.50,95,330
5:2:10,156619.08,3512.18,266059.22,24.30,22.50,98,347
5:3:11,165000.02,3539.13,260496.61,24.10,22.40,97,593
5:4:11,166941.20,3463.48,261399.55,24.00,22.50,91,398
5:5:12,173704.38,3526.72,263945.56,24.00,22.40,101,490
5:6:12,161934.45,3539.13,266819.19,24.00,22.40,108,472
5:7:13,155212.64,3497.72,261851.02,24.10,22.40,104,419
5:8:13,155212.64,3497.72,259775.27,24.20,22.40,107,380
5:9:14,148500.03,3343.35,252654.84,24.30,22.40,98,436
5:10:14,148500.03,3512.18,267123.28,24.30,22.30,102,549
5:11:15,149801.56,3512.18,264999.97,24.40,22.30,99,337
5:12:15,144711.16,3497.72,262895.91,24.40,22.20,101,662
5:13:16,128040.05,3249.39,250660.78,24.50,22.20,99,583
5:14:16,125098.09,3398.51,256696.41,24.40,22.20,81,317
5:15:17,131102.09,3454.77,256696.41,24.50,22.20,95,439
5:16:17,127600.05,3327.09,251327.42,24.60,22.20,96,597
5:17:18,119547.13,3384.62,252654.84,24.60,22.20,96,491
5:18:18,120443.00,3329.73,253658.52,24.80,22.20,107,640
5:19:19,127746.72,3472.22,258876.39,24.60,22.20,97,453
5:20:19,134291.70,3454.77,259775.27,24.70,22.10,99,409
5:21:20,127046.41,3469.02,260810.78,24.70,22.10,96,520
5:22:20,127046.41,3454.77,258744.38,24.80,22.10,99,489
5:23:21,130067.62,3398.51,255679.27,24.80,22.00,90,621
5:24:21,135230.81,3477.78,262443.41,24.80,22.00,86,549
5:25:21,129047.02,3469.02,259775.27,24.80,22.00,86,573
5:26:22,121350.27,3412.47,257718.13,24.80,22.00,88,458
5:27:22,125098.09,3469.02,258744.38,24.80,22.00,87,591
5:28:23,127046.41,3512.18,262895.91,24.80,22.00,90,625
5:29:23,137617.06,3556.01,262895.91,24.80,21.90,93,381
5:30:24,142838.28,3562.98,267431.16,24.80,21.90,92,562
5:31:24,143485.33,3526.72,261851.02,24.80,21.80,93,373
5:32:25,137617.06,3512.18,264999.97,24.80,21.80,104,427
5:33:25,131102.09,3483.33,260810.78,25.00,21.80,102,576
5:34:26,130067.62,3440.60,259775.27,25.10,21.80,96,442
5:35:26,119547.13,3469.02,267123.28,25.20,21.80,103,336
5:36:27,121846.11,3568.64,271131.63,25.20,21.80,99,471
5:37:27,119547.13,3526.72,268192.19,24.90,21.80,98,393
5:38:28,130067.62,3556.01,268192.19,24.80,21.80,99,361
5:39:28,141087.00,3585.60,274710.00,24.70,21.80,100,507
5:40:29,144059.30,3622.86,270669.72,24.60,21.80,94,350
5:41:29,153828.16,3615.50,268192.19,24.50,21.80,99,417
5:42:30,168728.83,3645.71,268192.19,24.40,21.80,94,308
5:43:30,158048.03,3600.52,269266.03,24.50,21.80,105,376
5:44:31,172017.27,3645.71,268192.19,24.50,21.80,99,436
5:45:31,167126.08,3615.50,270344.81,24.50,21.70,106,421
5:46:32,174456.16,3662.83,271296.28,24.50,21.70,105,350
5:47:32,155039.41,3579.95,267734.53,24.60,21.70,101,448
5:48:33,151123.11,3556.01,268192.19,24.70,21.70,103,306
5:49:33,143485.33,3541.33,268192.19,24.70,21.70,106,524
5:50:34,138600.05,3579.95,268807.31,24.70,21.70,113,288
5:51:34,148500.03,3645.71,270344.81,24.70,21.70,110,446
5:52:35,147218.08,3600.52,274710.00,24.60,21.70,101,344
5:53:35,153828.16,3526.72,260810.78,24.50,21.70,95,519
5:54:36,193134.63,3719.05,277464.81,24.40,21.70,97,452
5:55:36,196291.27,3716.84,272055.44,24.30,21.70,98,484
5:56:37,196504.86,3645.71,272517.34,24.30,21.70,100,389
5:57:37,192342.88,3630.57,268192.19,24.30,21.60,98,445
5:58:38,193557.69,3683.99,277283.38,24.40,21.60,103,280
5:59:38,177168.16,3630.57,272517.34,24.50,21.70,102,349
6:0:39,156444.48,3579.95,266666.66,24.60,21.70,113,409
6:1:39,153828.16,3556.01,263945.56,24.70,21.70,106,312
6:2:39,141795.66,3598.45,274418.63,24.80,21.70,109,359
6:3:40,141087.00,3585.60,276923.09,24.80,21.70,94,542
6:4:40,132150.73,3600.52,276923.09,24.80,21.70,103,338
6:5:41,127046.41,3570.77,276923.09,24.90,21.70,160,582
6:6:41,131848.22,3639.79,279432.66,25.00,21.70,103,371
6:7:42,124142.81,3570.77,276923.09,25.00,21.60,128,553
6:8:42,118662.46,3556.01,274710.00,25.10,21.60,106,497
6:9:43,112766.44,3526.72,276923.09,25.10,21.60,99,501
6:10:43,111964.26,3570.77,267123.28,25.10,21.60,96,442
6:11:44,106605.70,3526.72,270344.81,25.10,21.60,98,519
6:12:44,110129.39,3574.29,271593.50,25.20,21.60,95,584
6:13:45,102220.98,3506.60,270967.72,25.30,21.60,93,604
6:14:45,99416.20,3501.02,261990.92,25.40,21.60,100,541
6:15:46,100195.64,3492.15,261399.55,25.50,21.60,97,357
6:16:46,97361.69,3495.43,259459.44,25.50,21.60,101,509
6:17:47,95832.45,3469.02,267123.28,25.60,21.50,99,270
6:18:47,97712.76,3541.33,263945.56,25.60,21.50,105,375
6:19:48,94497.41,3477.78,265603.63,25.70,21.60,102,589
6:20:48,92243.65,3483.33,260810.78,25.70,21.50,97,761
6:21:49,92489.79,3509.92,261538.44,25.60,21.50,99,635
6:22:49,92714.28,3463.48,263492.03,25.70,21.50,98,540
6:23:50,91666.66,3497.72,262895.91,25.60,21.50,96,406
6:24:50,92243.65,3512.18,262895.91,25.70,21.50,98,378
6:25:51,91685.27,3527.88,269124.41,25.60,21.50,91,550
6:26:51,87785.36,3497.72,261851.02,25.50,21.60,93,412
6:27:52,89415.84,3497.72,262895.91,25.40,21.60,98,283
6:28:52,92243.65,3526.72,263945.56,25.20,21.50,97,367
6:29:53,91095.48,3497.72,263945.56,25.20,21.60,99,412
6:30:53,94383.41,3544.76,263038.53,25.20,21.50,95,478
6:31:54,92826.52,3512.18,261851.02,25.10,21.60,104,375
6:32:54,101734.80,3602.07,266972.44,25.10,21.60,91,410
6:33:55,98999.99,3570.77,264999.97,25.00,21.60,98,411
6:34:55,103731.83,3556.01,267123.28,24.90,21.60,93,405
6:35:55,112766.44,3585.60,271428.59,24.80,21.60,101,467
6:36:56,119547.13,3615.50,273611.13,24.80,21.60,112,389
6:37:56,128040.05,3615.50,267123.28,24.80,21.60,101,393
6:38:57,123058.02,3609.82,270967.72,24.80,21.50,108,598
6:39:57,115231.68,3556.01,269266.03,24.90,21.50,105,421
6:40:58,113599.97,3641.77,270833.31,25.00,21.50,104,377
6:41:58,117788.78,3645.71,269266.03,25.00,21.50,94,596
6:42:59,123428.53,3662.83,273488.34,24.80,21.50,91,500
6:43:59,128040.05,3615.50,268192.19,24.60,21.40,92,375
6:45:0,134291.70,3600.52,269266.03,24.60,21.40,95,367
6:46:0,126065.84,3615.50,267123.28,24.70,21.50,87,516
6:47:1,123199.95,3585.60,267123.28,24.80,21.50,93,554
6:48:1,134291.70,3630.57,264999.97,24.80,21.50,92,532
6:49:2,131102.09,3585.60,264999.97,24.70,21.50,91,306
6:50:2,135384.66,3645.71,269266.03,24.70,21.40,98,560
6:51:3,142277.41,3645.71,269266.03,24.70,21.40,93,393
6:52:3,150276.95,3647.52,271296.28,24.60,21.40,91,477
6:53:4,139913.70,3600.52,269266.03,24.70,21.50,91,563
6:54:4,137617.06,3615.50,269266.03,24.70,21.40,94,356
6:55:5,132150.73,3615.50,271428.59,24.80,21.50,99,556
6:56:5,142116.81,3670.50,269885.03,24.90,21.50,85,435
6:57:6,141087.00,3615.50,271428.59,24.90,21.50,93,519
6:58:6,148500.03,3645.71,272517.34,24.80,21.50,91,339
6:59:7,166571.45,3689.76,271131.63,24.70,21.50,105,536
7:0:7,181600.02,3772.27,271296.28,24.60,21.50,115,499
7:1:8,196077.67,3758.09,272685.22,24.40,21.60,110,296
7:2:8,192342.88,3676.24,269266.03,24.50,21.60,111,304
7:3:9,177168.16,3660.94,270344.81,24.40,21.60,107,391
7:4:9,182000.02,3705.26,273317.88,24.50,21.60,113,504
7:5:10,182600.02,3707.09,282547.19,24.50,21.60,103,412
7:6:10,190320.77,3676.24,275813.97,24.50,21.60,104,370
7:7:11,188452.84,3764.71,285167.50,24.50,21.60,96,473
7:8:11,180756.78,3738.26,279156.91,24.50,21.60,101,397
7:9:12,190113.22,3732.45,280941.19,24.60,21.60,100,467
7:10:12,200613.86,3748.15,278688.53,24.60,21.60,97,387
7:11:12,188336.47,3691.62,280281.72,24.60,21.60,98,370
7:12:13,188336.47,3707.09,280281.72,24.60,21.60,96,341
7:13:13,188130.86,3685.86,270967.72,24.60,21.60,92,603
7:14:14,194403.84,3753.97,281411.78,24.70,21.60,103,511
7:15:14,182600.02,3722.63,276923.09,24.80,21.60,103,381
7:16:15,165550.02,3630.57,272517.34,24.80,21.60,100,339
7:17:15,167126.08,3645.71,275813.97,24.80,21.60,99,487
7:18:16,167126.08,3707.09,282547.19,24.80,21.70,95,401
7:19:16,185574.09,3715.04,280660.41,24.90,21.70,102,469
7:20:17,160975.64,3469.02,268192.19,24.90,21.70,104,323
7:21:17,173704.38,3691.62,275813.97,24.70,21.70,105,465
7:22:18,167126.08,3645.71,272517.34,24.80,21.70,102,581
7:23:18,162475.44,3645.71,268192.19,24.90,21.70,95,400
7:24:19,165550.02,3676.24,278037.41,25.10,21.70,101,279
7:25:19,152465.16,3615.50,273611.13,25.40,21.70,101,437
7:26:20,146721.84,3674.35,275524.50,25.50,21.70,102,398
7:27:20,145626.89,3695.54,280470.63,25.60,21.70,109,477
7:28:21,130067.62,3630.57,279156.91,25.70,21.70,100,430
7:29:21,133213.84,3615.50,274710.00,25.80,21.60,94,532
7:30:22,125098.09,3585.60,276923.09,25.80,21.60,96,235
7:31:22,127046.41,3600.52,278037.41,25.90,21.60,93,450
7:32:23,122269.19,3570.77,264999.97,25.90,21.60,102,298
7:33:23,124142.81,3630.57,278037.41,25.90,21.60,98,521
7:34:24,126065.84,3645.71,276923.09,25.90,21.60,101,531
7:35:24,125921.10,3624.87,277570.13,25.90,21.60,100,390
7:36:25,128040.05,3615.50,276923.09,25.80,21.60,98,553
7:37:25,120443.00,3615.50,273611.13,25.80,21.60,102,357
7:38:26,119547.13,3556.01,273611.13,25.90,21.70,102,431
7:39:26,106605.70,3526.72,271428.59,26.10,21.70,104,351
7:40:27,102342.53,3497.72,258744.38,26.20,21.70,103,726
7:41:27,103033.32,3497.72,261851.02,26.30,21.70,95,441
7:42:28,101659.33,3512.18,261851.02,26.40,21.70,103,612
7:43:28,99654.04,3469.02,258744.38,26.50,21.80,103,554
7:44:28,101175.81,3533.50,261085.95,26.50,21.80,104,541
7:45:29,100983.59,3483.33,258744.38,26.40,21.80,97,346
7:46:29,106965.49,3524.49,261538.44,26.30,21.80,98,536
7:47:30,113866.64,3577.83,266361.53,26.20,21.80,103,478
7:48:30,118662.46,3526.72,262895.91,26.10,21.90,99,332
7:49:31,124142.81,3600.52,267123.28,26.00,21.90,105,516
7:50:31,127046.41,3541.33,264999.97,25.90,22.00,100,401
7:51:32,125631.53,3553.85,268965.50,25.90,22.00,102,536
7:52:32,119547.13,3526.72,264999.97,26.00,22.00,96,567
7:53:33,114399.97,3541.33,267123.28,26.00,22.00,98,427
7:54:33,111964.26,3512.18,264999.97,26.10,22.10,96,487
7:55:34,109356.70,3515.52,264090.88,26.00,22.10,94,630
7:56:34,104438.19,3483.33,260810.78,26.00,22.10,95,477
7:57:35,131102.09,3676.24,269266.03,25.80,22.20,96,339
7:58:35,143485.33,3660.94,264999.97,25.10,22.20,96,394
7:59:36,155212.64,3645.71,264999.97,24.90,22.20,88,392
8:0:36,178946.44,3645.71,268192.19,24.90,22.20,128,477
8:1:37,165550.02,3600.52,262895.91,24.80,22.30,89,481
8:2:37,158967.78,3628.57,263636.34,24.90,22.30,92,500
8:3:38,157520.03,3598.45,265753.41,25.00,22.30,95,417
8:4:38,137617.06,3526.72,259775.27,25.10,22.30,93,471
8:5:39,132758.67,3553.85,261538.44,25.30,22.30,98,681
8:6:39,125098.09,3512.18,262895.91,25.50,22.30,93,439
8:7:40,125098.09,3526.72,262895.91,25.50,22.30,98,440
8:8:40,126463.53,3504.33,260045.14,25.40,22.40,97,472
8:9:41,131397.31,3557.33,260633.47,25.40,22.40,85,610
8:10:41,120443.00,3483.33,256696.41,25.20,22.40,100,492
8:11:42,119547.13,3483.33,258744.38,25.40,22.40,93,351
8:12:42,119547.13,3469.02,256696.41,25.50,22.50,97,518
8:13:43,130503.45,3548.20,261085.95,25.50,22.50,96,390
8:14:43,128040.05,3526.72,259775.27,25.50,22.50,96,470
8:15:44,125098.09,3497.72,258744.38,25.60,22.60,93,490
8:16:44,126609.23,3481.01,259459.44,25.70,22.60,94,578
8:17:45,118662.46,3412.47,252654.84,25.60,22.60,96,460
8:18:45,121350.27,3426.50,252654.84,25.60,22.70,86,511
8:19:45,126065.84,3454.77,254666.64,25.50,22.70,83,448
8:20:46,121564.06,3413.03,256502.23,25.40,22.80,85,377
8:21:46,126065.84,3454.77,256696.41,25.10,22.90,86,483
8:22:47,128040.05,3497.72,254666.64,25.10,22.90,90,497
8:23:47,138285.77,3524.49,257399.09,24.90,22.90,92,403
8:24:48,141087.00,3512.18,253658.52,24.90,22.90,95,459
8:25:48,142116.81,3521.12,254222.20,25.00,22.90,92,375
8:26:49,138757.19,3526.72,261851.02,25.20,22.90,100,531
8:27:49,128040.05,3454.77,254666.64,25.40,22.90,110,504
8:28:50,156816.03,3666.67,269284.03,25.50,22.90,100,442
8:29:50,164000.02,3570.77,261851.02,24.90,23.00,100,415
8:30:51,160975.64,3556.01,261851.02,24.80,22.90,107,409
8:31:51,160439.06,3568.64,260496.61,24.90,22.90,106,352
8:32:52,144222.27,3481.01,256375.84,25.20,22.90,106,399
8:33:52,143485.33,3512.18,257718.13,25.50,23.00,108,525
8:34:53,145955.25,3526.72,254666.64,25.20,23.00,107,530
8:35:53,136183.14,3457.93,251769.89,25.10,23.00,98,518
8:36:54,126065.84,3440.60,250660.78,25.10,23.00,98,499
8:37:54,128040.05,3440.60,250660.78,25.30,23.00,100,593
8:38:55,122269.19,3454.77,249670.31,25.30,23.00,100,375
8:39:55,119547.13,3497.72,257718.13,25.50,23.00,102,503
8:40:56,111964.26,3426.50,253658.52,25.60,23.00,108,405
8:41:56,116925.89,3440.60,253658.52,25.80,23.10,106,510
8:42:57,113048.16,3404.50,255928.41,25.90,23.10,111,584
8:43:57,118662.46,3483.33,257718.13,25.70,23.10,116,555
8:44:58,118662.46,3343.35,244782.61,25.60,23.20,110,589
8:45:58,129918.97,3535.71,258295.95,25.20,23.20,92,438
8:46:59,130067.62,3512.18,255679.27,25.20,23.20,104,30674
8:47:59,138600.05,3550.38,255233.83,25.30,23.30,106,516
8:49:0,145955.25,3512.18,255679.27,25.10,23.30,107,543
8:50:0,138757.19,3454.77,254666.64,25.20,23.30,109,478
8:51:1,149129.81,3504.33,257977.52,25.20,23.60,105,621
8:52:1,155571.47,3507.65,258108.09,24.80,24.20,99,466
8:53:2,149801.56,3454.77,256696.41,24.10,25.00,100,430
8:54:2,155212.64,3556.01,263945.56,23.00,25.80,100,527
8:55:3,158048.03,3512.18,262895.91,22.30,26.70,95,565
8:56:3,159322.63,3535.71,265603.63,21.60,27.50,98,485
8:57:3,180756.78,3526.72,264999.97,20.90,28.10,97,390
8:58:4,166941.20,3521.12,260360.34,20.10,28.70,99,538
8:59:4,143485.33,3370.79,244782.61,19.90,29.30,94,490
9:0:5,142116.81,3406.98,246288.20,19.50,29.70,101,534
9:1:5,119547.13,3262.62,236247.34,19.10,30.20,105,628
9:2:6,130067.62,3384.62,244782.61,18.70,30.60,93,461
9:3:6,131102.09,3370.79,251655.63,18.20,30.90,94,336
9:4:7,148500.03,3469.02,250660.78,18.20,31.10,91,455
9:5:7,138757.19,3384.62,247702.41,18.10,31.00,88,496
9:6:8,136493.00,3412.47,249670.31,18.00,30.80,87,556
9:7:8,134291.70,3302.69,244782.61,18.40,30.50,100,732
9:8:9,132150.73,3329.73,241900.66,18.70,30.30,81,556
9:9:9,131102.09,3329.73,242857.14,18.80,30.10,77,764
9:10:10,136493.00,3370.79,241900.66,18.80,29.80,75,586
9:11:10,142277.41,3302.69,239055.80,19.10,29.50,91,698
9:12:11,140608.73,3340.74,241558.45,19.50,29.10,93,595
9:13:11,151123.11,3329.73,238115.63,19.60,28.80,77,658
9:14:12,144711.16,3316.18,239055.80,19.80,28.50,79,426
9:15:12,143323.56,3324.32,241468.69,20.30,28.30,78,629
9:16:13,150953.88,3310.78,241468.69,20.50,28.20,83,536
9:17:13,143485.33,3289.27,240948.28,20.60,28.20,79,482
9:18:14,158048.03,3343.35,244782.61,20.70,28.20,87,587
9:19:14,165550.02,3370.79,244782.61,20.40,28.20,79,629
9:20:15,164000.02,3329.73,240948.28,20.70,28.10,94,546
9:21:15,153828.16,3289.27,240000.00,20.90,28.00,81,518
9:22:16,132150.73,3223.13,234394.92,21.10,28.00,75,691
9:23:16,128456.42,3241.26,240172.80,21.00,28.00,84,457
9:24:17,147218.08,3343.35,240948.28,21.10,28.00,83,583
9:25:17,164000.02,3316.18,240000.00,20.90,28.00,86,371
9:26:18,160975.64,3316.18,240000.00,20.90,27.90,88,30629
9:27:18,151123.11,3316.18,243817.78,21.20,27.80,81,485
9:28:19,147218.08,3357.04,241900.66,21.40,27.80,80,635
9:29:19,151953.53,3313.51,241558.45,21.60,27.80,80,690
9:30:20,145955.25,3302.69,240000.00,21.60,27.90,76,550
9:31:20,144711.16,3275.91,237179.50,21.40,27.90,78,470
9:32:21,146721.84,3313.51,244444.45,21.30,27.80,80,655
9:33:21,156095.27,3424.06,247368.42,21.20,27.80,79,346
9:34:22,155212.64,3329.73,242857.14,21.00,27.80,82,420
9:35:22,179369.39,3402.00,245614.05,21.00,27.80,82,518
9:36:23,188130.86,3435.09,246288.20,20.90,27.90,85,652
9:37:23,200831.69,3398.51,245751.64,20.70,27.90,86,606
9:38:23,212437.48,3412.47,243817.78,21.00,28.00,87,555
9:39:24,190320.77,3343.35,244782.61,21.30,28.00,83,383
9:40:24,190320.77,3289.27,237179.50,21.30,28.00,82,795
9:41:25,190113.22,3379.16,246288.20,21.30,28.10,84,400
9:42:25,212437.48,3398.51,244782.61,20.80,28.20,85,461
9:43:26,196504.86,3357.04,244782.61,20.80,28.20,83,436
9:44:26,212437.48,3398.51,245751.64,20.90,28.20,86,497
9:45:27,203060.00,3370.79,247702.41,20.60,28.20,84,558
9:46:27,228066.64,3454.77,246724.89,20.70,28.30,88,488
9:47:28,214905.25,3454.77,246724.89,20.60,28.30,92,339
9:48:28,274131.47,3526.72,255679.27,20.60,28.30,85,299
9:49:29,245666.61,3406.98,252212.38,20.60,28.30,85,472
9:50:29,262886.00,3526.72,252654.84,20.70,28.20,88,434
9:51:30,323230.59,3553.85,254342.97,20.60,28.20,90,487
9:52:30,294985.78,3512.18,253658.52,20.70,28.20,90,464
9:53:31,304173.78,3541.33,252654.84,20.70,28.20,98,586
9:54:31,350899.78,3581.40,253006.66,20.70,28.20,89,354
9:55:32,386799.66,3624.87,255233.83,20.40,28.20,83,400
9:56:32,324245.97,3469.02,248684.22,20.30,28.30,87,375
9:57:33,278079.91,3426.50,241900.66,20.60,28.20,97,502
9:58:33,294056.22,3509.92,251327.42,20.80,28.20,91,347
9:59:34,290583.22,3497.72,249670.31,20.50,28.20,93,250
10:0:34,262886.00,3398.51,251655.63,20.60,28.30,96,393
10:1:35,289666.53,3524.49,251327.42,20.80,28.20,91,420
10:2:35,304173.78,3541.33,251655.63,20.60,28.20,94,404
10:3:36,290583.22,3512.18,250660.78,20.40,28.20,94,244
10:4:36,306705.72,3546.02,256629.20,20.50,28.20,95,381
10:5:37,308970.44,3483.33,252654.84,20.70,28.20,94,366
10:6:37,285397.16,3539.13,259459.44,21.00,28.20,92,420
10:7:38,259324.92,3329.73,251655.63,20.50,28.20,95,408
10:8:38,262329.03,3387.56,252771.61,20.50,28.20,91,489
10:9:39,290583.22,3556.01,259775.27,20.60,28.20,94,426
10:10:39,242776.42,3440.60,250660.78,20.20,28.10,136,483
10:11:40,274131.47,3600.52,254666.64,20.30,28.10,99,459
10:12:40,304173.78,3645.71,255679.27,20.20,28.10,94,272
10:13:41,299199.84,3624.87,261399.55,20.20,28.10,95,371
10:14:41,329656.06,3600.52,260810.78,20.30,28.10,94,330
10:15:42,313910.28,3526.72,261851.02,20.60,28.00,95,504
10:16:42,323907.50,3550.38,254222.20,20.90,28.00,99,551
10:17:43,262886.00,3440.60,255679.27,21.10,28.00,94,347
10:18:43,282135.03,3512.18,253658.52,21.20,28.00,94,314
10:19:44,252463.36,3454.77,254666.64,21.00,28.10,95,548
10:20:44,289972.09,3544.76,253777.77,20.80,28.10,93,365
10:21:45,274131.47,3483.33,256696.41,20.70,28.10,91,347
10:22:45,282135.03,3570.77,256696.41,20.70,28.20,94,414
10:23:46,312925.19,3628.57,261538.44,20.60,28.10,89,552
10:24:46,308970.44,3526.72,255679.27,20.60,28.10,91,428
10:25:47,307676.31,3548.20,261085.95,20.80,28.20,83,323
10:26:47,308970.44,3469.02,251655.63,20.90,28.10,84,461
10:27:48,282135.03,3483.33,254666.64,21.00,28.10,88,403
10:28:48,252463.36,3384.62,243817.78,21.00,28.10,87,446
10:29:49,252463.36,3426.50,245751.64,21.20,28.10,86,395
10:30:49,249156.56,3497.72,246724.89,21.00,28.20,86,30419
10:31:49,270285.63,3440.60,244782.61,20.80,28.20,87,373
10:32:50,269999.91,3406.98,242424.25,20.70,28.20,88,302
10:33:50,294675.94,3477.78,246288.20,20.70,28.30,86,382
10:34:51,270285.63,3412.47,246724.89,20.80,28.30,84,447
10:35:51,236689.61,3262.62,243817.78,21.00,28.40,84,351
10:36:52,242776.42,3440.60,249670.31,21.00,28.50,92,632
10:37:52,274131.47,3454.77,247702.41,20.80,28.50,84,399
10:38:53,242776.42,3384.62,241900.66,20.80,28.50,93,625
10:39:53,245928.52,3370.79,243817.78,20.90,28.50,80,591
10:40:54,219999.98,3384.62,249670.31,21.10,28.50,83,651
10:41:54,252463.36,3275.91,240000.00,21.10,28.60,83,547
10:42:55,249156.56,3357.04,235319.14,20.90,28.60,80,646
10:43:55,258774.92,3305.39,234468.08,20.90,28.60,87,471
10:44:56,273552.53,3135.39,220164.58,20.80,28.60,91,739
10:45:56,225318.66,3236.23,235319.14,20.80,28.60,81,412
10:46:57,192342.88,2973.79,223602.50,20.80,28.60,80,629
10:47:57,236689.61,3370.79,245751.64,20.90,28.70,78,349
10:48:58,282135.03,3497.72,246724.89,20.00,28.70,76,454
10:49:58,290583.22,3497.72,245751.64,19.60,28.70,74,429
10:50:59,262886.00,3440.60,246724.89,19.50,28.70,77,275
10:51:59,225318.66,3236.23,234394.92,19.60,28.70,79,525
10:53:0,266256.31,3506.60,247264.78,19.90,28.70,78,485
10:54:0,345868.63,3568.64,243478.27,19.30,28.70,81,440
10:55:1,249156.56,2973.79,224481.34,19.10,28.70,76,469
10:56:1,329656.06,3645.71,249670.31,19.80,28.70,76,374
10:57:2,410807.31,3691.62,253658.52,18.70,28.60,78,462
10:58:2,328281.06,3533.50,250884.94,18.70,28.70,79,472
10:59:3,299514.16,3512.18,246724.89,18.80,28.60,78,380
11:0:3,304173.78,3454.77,242857.14,19.20,28.60,84,577
11:1:4,294675.94,3393.03,242424.25,19.50,28.60,80,461
11:2:4,290583.22,3384.62,242857.14,19.60,28.60,76,365
11:3:5,317666.47,3489.85,244978.16,19.70,28.70,78,484
11:4:5,303217.25,3410.00,240604.77,19.60,28.70,87,610
11:5:6,262886.00,3343.35,235319.14,19.60,28.70,87,451
11:6:6,304173.78,3370.79,237179.50,19.70,28.70,85,424
11:7:7,281837.72,3365.35,238626.61,19.70,28.80,97,484
11:8:7,298571.28,3396.01,238709.69,19.80,28.80,89,472
11:9:8,278079.91,3302.69,235319.14,20.00,28.80,90,525
11:10:8,286301.25,3469.02,240948.28,20.10,28.90,89,401
11:11:9,299199.84,3421.00,244347.83,20.00,28.80,89,574
11:12:9,299514.16,3357.04,240948.28,20.10,28.80,91,333
11:13:10,236689.61,2985.71,238115.63,20.10,28.80,87,399
11:14:10,329656.06,3526.72,251655.63,20.30,28.90,97,319
11:15:11,329656.06,3526.72,250660.78,20.00,28.80,84,451
11:16:11,318999.81,3454.77,252654.84,19.80,28.80,84,533
11:17:12,372841.81,3660.94,257718.13,19.80,28.80,85,433
11:18:12,340999.78,3570.77,255679.27,19.70,28.70,84,379
11:19:13,353099.75,3469.02,250660.78,19.90,28.70,90,267
11:20:13,233749.95,3009.72,227139.89,20.10,28.70,86,364
11:21:14,313910.28,3570.77,251655.63,20.40,28.80,92,314
11:22:14,329656.06,3483.33,244782.61,19.90,28.70,99,478
11:23:15,282135.03,3021.81,215010.13,20.00,28.80,91,343
11:24:15,273263.06,3246.60,239655.17,20.20,28.80,95,424
11:25:16,308970.44,3454.77,242857.14,20.10,28.80,94,248
11:26:16,236689.61,2938.36,219262.27,20.00,28.70,95,359
11:27:17,329656.06,3440.60,242857.14,20.20,28.80,94,323
11:28:17,329656.06,3412.47,238115.63,19.60,28.70,96,297
11:29:18,339935.25,3598.45,248351.64,19.80,28.70,95,407
11:30:18,258499.92,3067.61,235897.44,19.50,28.70,100,400
11:31:18,274131.47,3329.73,247702.41,20.30,28.70,101,451
11:32:19,318333.13,3619.17,254788.39,20.00,28.70,104,390
11:33:19,335237.88,3512.18,249670.31,19.80,28.70,101,355
11:34:20,318666.47,3379.16,233050.84,20.00,28.70,103,468
11:35:20,366034.22,3526.72,253658.52,20.20,28.70,98,374
11:36:21,379892.53,3469.02,247702.41,19.90,28.70,95,454
11:37:21,335237.88,3570.77,256696.41,19.60,28.70,96,471
11:38:22,273552.53,3097.64,238197.42,19.60,28.70,97,501
11:39:22,269999.91,2945.08,225833.34,19.90,28.70,93,352
11:40:23,335237.88,3556.01,260810.78,19.80,28.80,95,461
11:41:23,359457.34,3676.24,260810.78,19.10,28.80,98,312
11:42:24,402641.13,3738.26,263945.56,19.10,28.70,97,336
11:43:24,437306.56,3676.24,266059.22,19.20,28.70,96,172
11:44:25,428120.44,3645.71,260810.78,19.40,28.60,97,299
11:45:25,286301.25,3171.36,239055.80,19.70,28.60,96,314
11:46:26,294056.22,3382.09,241558.45,20.10,28.70,106,485
11:47:26,286301.25,3469.02,244782.61,20.00,28.70,111,485
11:48:27,335237.88,3526.72,251655.63,20.00,28.60,99,333
11:49:27,340999.78,3585.60,253658.52,20.00,28.70,100,320
11:50:28,366034.22,3526.72,248684.22,20.00,28.70,101,410
11:51:28,322892.13,3446.85,246929.83,20.40,28.70,100,349
11:52:29,335237.88,3469.02,245751.64,20.40,28.70,102,327
11:53:29,385999.66,3598.45,248351.64,20.40,28.70,98,318
11:54:30,236689.61,2961.93,221855.70,20.30,28.70,100,362
11:55:30,328624.81,3509.92,251327.42,20.80,28.80,97,388
11:56:31,262886.00,3210.10,248684.22,20.00,28.80,95,363
11:57:31,299514.16,3483.33,241900.66,19.90,28.90,97,266
11:58:32,329656.06,3512.18,241900.66,19.70,28.90,95,332
11:59:32,286301.25,3398.51,240000.00,19.80,28.90,94,455
12:0:33,313910.28,3426.50,239055.80,20.10,28.90,93,220
12:1:33,239697.64,3289.27,232558.16,20.10,28.90,95,453
12:2:34,248891.50,3337.93,236752.14,20.50,28.90,94,248
12:3:34,230876.38,3302.69,232558.16,20.40,28.90,96,264
12:4:35,227577.75,3318.92,233545.66,20.90,29.00,93,344
12:5:35,180756.78,3120.57,228033.48,20.80,28.90,94,438
12:6:36,219999.98,3262.62,234394.92,21.30,29.00,95,280
12:7:36,329656.06,3541.33,243817.78,21.20,29.00,94,458
12:8:37,357965.81,3562.98,250884.94,20.80,29.00,93,567
12:9:37,329656.06,3556.01,246724.89,20.70,29.00,94,559
12:10:38,329656.06,3512.18,245751.64,20.80,29.00,91,474
12:11:38,290583.22,3316.18,239055.80,20.90,29.00,93,461
12:12:39,278079.91,3469.02,244782.61,21.20,29.00,92,354
12:13:39,273842.00,3435.09,242424.25,21.20,29.00,90,439
12:14:40,265692.22,3368.24,241558.45,21.10,29.10,95,480
12:15:40,274131.47,3426.50,239055.80,21.20,29.10,88,440
12:16:41,282135.03,3357.04,234394.92,21.30,29.10,88,336
12:17:41,318999.81,3469.02,237179.50,21.10,29.10,88,372
12:18:42,278079.91,3412.47,233474.58,20.80,29.10,87,490
12:19:42,318333.13,3415.50,239139.78,20.80,29.10,86,463
12:20:43,262886.00,3262.62,233474.58,20.70,29.20,85,426
12:21:43,302898.41,3489.85,242082.42,20.90,29.20,85,476
12:22:44,294366.06,3443.72,238197.42,20.70,29.20,89,389
12:23:44,248891.50,3310.78,233970.30,20.70,29.20,87,398
12:24:45,217191.47,3090.35,227615.08,20.80,29.20,97,503
12:25:45,274131.47,3469.02,240948.28,20.70,29.20,94,520
12:26:46,353099.75,3556.01,244782.61,20.30,29.30,87,531
12:27:46,282135.03,3398.51,240000.00,20.20,29.30,89,257
12:28:47,281243.13,3300.00,238709.69,20.30,29.20,86,457
12:29:47,335237.88,3541.33,242857.14,20.20,29.30,88,402
12:30:48,335237.88,3454.77,241900.66,20.20,29.20,88,380
12:31:48,358338.69,3509.92,244444.45,20.30,29.20,103,597
12:32:49,329656.06,3483.33,239055.80,20.60,29.20,99,378
12:33:49,265974.28,3122.75,234468.08,20.80,29.10,107,450
12:34:50,266538.38,3343.35,240000.00,21.00,29.10,96,375
12:35:50,249156.56,3058.41,240000.00,20.90,29.20,95,443
12:36:51,290583.22,3329.73,233474.58,21.10,29.20,99,520
12:37:51,282135.03,3440.60,237179.50,21.10,29.20,100,369
12:38:51,298571.28,3300.00,234042.55,21.10,29.30,106,329
12:39:52,366034.22,3469.02,240000.00,20.70,29.30,101,604
12:40:52,329656.06,3426.50,240000.00,20.60,29.30,99,399
12:41:53,270285.63,3384.62,237179.50,20.30,29.20,106,432
12:42:53,270285.63,3454.77,241900.66,20.50,29.20,100,487
12:43:54,236689.61,3236.23,244782.61,20.50,29.30,96,329
12:44:54,304173.78,3483.33,246724.89,20.70,29.30,101,367
12:45:55,281837.72,3449.25,243383.94,20.40,29.30,94,387
12:46:55,259324.92,3184.21,232558.16,20.50,29.30,97,294
12:47:56,239697.64,3171.36,238115.63,20.70,29.30,91,461
12:48:56,269428.47,3233.41,231289.66,20.40,29.40,97,446
12:49:57,262886.00,3289.27,240000.00,20.50,29.40,99,236
12:50:57,236689.61,2961.93,226250.00,20.20,29.40,95,401
12:51:58,228066.64,3095.53,232558.16,20.30,29.40,94,290
12:52:58,230876.38,2868.92,213333.31,20.10,29.50,99,337
12:53:59,299514.16,3512.18,250660.78,20.10,29.50,98,419
12:54:59,308970.44,3483.33,243817.78,19.60,29.50,99,541
12:56:0,242517.61,3324.32,242424.25,19.80,29.50,101,479
12:57:0,259324.92,3398.51,242857.14,20.00,29.50,103,202
12:58:1,269999.91,3297.31,238626.61,19.90,29.50,102,371
12:59:1,294985.78,3526.72,246724.89,20.20,29.50,98,354
13:0:2,233749.95,2973.79,226250.00,19.80,29.50,101,544
13:1:2,252463.36,3329.73,241900.66,20.20,29.50,102,341
13:2:3,214905.25,2926.65,224481.34,19.90,29.50,99,481
13:3:3,262886.00,3343.35,242857.14,20.00,29.60,123,465
13:4:4,323230.59,3539.13,244444.45,19.50,29.60,103,498
13:5:4,308970.44,3316.18,237179.50,19.60,29.60,100,427
13:6:5,329656.06,3541.33,246724.89,19.60,29.60,102,338
13:7:5,304173.78,3454.77,245751.64,19.60,29.60,103,348
13:8:6,476178.28,3730.69,252888.88,19.60,29.60,104,425
13:9:6,335237.88,3556.01,246724.89,19.10,29.60,98,339
13:10:7,262886.00,3145.84,234394.92,19.40,29.60,102,272
13:11:7,346229.28,3530.10,246827.14,19.80,29.60,98,326
13:12:8,282135.03,3302.69,234394.92,19.30,29.60,98,274
13:13:8,329656.06,3570.77,242857.14,19.80,29.70,95,259
13:14:9,294985.78,3329.73,235319.14,19.00,29.70,94,288
13:15:9,353099.75,3570.77,239055.80,19.50,29.70,94,417
13:16:10,365275.59,3544.76,240086.22,18.90,29.70,96,435
13:17:10,335237.88,3497.72,238115.63,18.80,29.70,97,383
13:18:11,329656.06,3398.51,230736.84,18.90,29.70,101,277
13:19:11,278079.91,3440.60,233474.58,19.20,29.70,100,340
13:20:12,318999.81,3412.47,234394.92,19.20,29.70,96,379
13:21:12,335237.88,3497.72,240000.00,19.50,29.70,98,357
13:22:13,294985.78,3398.51,238115.63,19.60,29.70,98,352
13:23:13,266538.38,2926.65,206759.44,19.70,29.70,93,453
13:24:14,262886.00,3021.81,236247.34,19.90,29.80,98,319
13:25:14,266538.38,2938.36,221855.70,19.50,29.90,96,494
13:26:15,346589.94,3535.71,247264.78,19.50,29.90,98,417
13:27:15,346589.94,3492.15,241468.69,18.90,29.90,97,289
13:28:16,323907.50,3477.78,239569.89,19.10,29.80,94,212
13:29:16,308323.38,3443.72,238197.42,19.50,29.80,90,357
13:30:17,255851.78,3158.57,229831.95,19.60,29.80,92,442
13:31:17,252463.36,3184.21,226250.00,19.70,29.90,92,453
13:32:18,278079.91,3329.73,234394.92,19.70,29.90,90,335
13:33:18,359084.47,3640.00,240517.25,19.50,30.00,92,388
13:34:19,353099.75,3454.77,238115.63,19.00,29.90,95,283
13:35:19,294985.78,3329.73,230736.84,19.10,29.90,93,347
13:36:20,410807.31,3676.24,247702.41,19.40,29.90,89,382
13:37:20,335237.88,3398.51,238115.63,19.10,29.90,93,30408
13:38:21,299514.16,3171.36,234394.92,19.20,29.90,97,492
13:39:21,344426.00,3444.44,242701.53,19.30,29.90,96,346
13:40:22,372841.81,3615.50,246724.89,19.20,29.90,87,405
13:41:22,329656.06,3197.12,228033.48,19.10,29.90,96,281
13:42:23,308970.44,3289.27,236247.34,19.30,29.90,86,243
13:43:23,379892.53,3526.72,240948.28,19.40,29.90,92,538
13:44:24,329312.31,3492.15,237687.36,19.40,29.90,93,492
13:45:24,278079.91,3398.51,232558.16,19.70,30.00,92,740
13:46:25,324245.97,3556.01,243817.78,19.80,30.00,84,367
13:47:25,294985.78,3412.47,237179.50,19.50,30.00,86,408
13:48:26,371683.91,3613.47,247368.42,19.50,30.00,102,447
13:49:26,366034.22,3512.18,240948.28,19.30,30.00,88,330
13:50:27,379892.53,3512.18,243817.78,19.50,30.00,90,442
13:51:27,335237.88,3483.33,237179.50,19.50,30.00,92,367
13:52:28,352366.44,3429.57,236324.80,19.50,30.10,102,309
13:53:28,386399.66,3634.29,248791.20,19.60,30.10,155,640
13:54:28,426799.56,3628.57,243478.27,19.50,30.10,93,296
13:55:29,419294.53,3676.24,244782.61,19.50,30.10,97,570
13:56:29,329656.06,3095.53,224481.34,19.30,30.20,85,397
13:57:30,294985.78,3145.84,215010.13,19.70,30.20,90,299
13:58:30,270285.63,2903.40,215010.13,19.40,30.30,99,475
13:59:31,352733.09,3421.00,237687.36,19.30,30.40,90,338
14:0:31,278079.91,3275.91,229831.95,18.90,30.40,89,385
14:1:32,324245.97,3440.60,235319.14,19.50,30.40,92,340
14:2:32,351633.09,3376.62,228151.28,19.30,30.40,89,291
14:3:33,359457.34,3440.60,246724.89,19.50,30.40,94,251
14:4:33,353099.75,3357.04,230736.84,19.40,30.40,92,295
14:5:34,308970.44,3210.10,228930.83,19.20,30.50,101,513
14:6:34,290583.22,3095.53,225363.83,19.20,30.40,106,401
14:7:35,353099.75,3497.72,245751.64,19.20,30.40,99,360
14:8:35,394370.00,3685.86,242424.25,18.60,30.40,101,312
14:9:36,410384.22,3655.21,241468.69,18.60,30.40,104,436
14:10:36,366034.22,3600.52,239055.80,19.00,30.30,106,447
14:11:37,394777.44,3615.50,239055.80,19.10,30.30,104,265
14:12:37,379892.53,3512.18,240000.00,19.20,30.30,100,424
14:13:38,366034.22,3440.60,240000.00,19.40,30.30,100,436
14:14:38,477644.94,3779.79,252212.38,19.40,30.30,103,260
14:15:39,359457.34,3526.72,243817.78,19.40,30.30,98,307
14:16:39,346950.59,3357.04,239055.80,19.70,30.30,103,437
14:17:40,358711.59,3515.52,243913.05,19.50,30.30,95,285
14:18:40,385599.66,3504.33,244978.16,19.50,30.40,93,255
14:19:41,335237.88,3454.77,241900.66,19.50,30.40,102,277
14:20:41,353099.75,3483.33,240000.00,19.60,30.50,98,280
14:21:42,335237.88,3526.72,243817.78,19.40,30.50,98,342
14:22:42,446875.44,3691.62,243817.78,19.30,30.60,94,322
14:23:43,407845.78,3560.82,248565.13,19.30,30.60,99,337
14:24:43,366034.22,3440.60,239055.80,19.60,30.50,100,409
14:25:44,334539.47,3443.72,239139.78,19.60,30.60,97,197
14:26:44,366034.22,3526.72,241900.66,19.60,30.70,108,457
14:27:45,371683.91,3509.92,243478.27,19.40,30.70,100,305
14:28:45,346950.59,3454.77,240948.28,19.30,30.70,95,523
14:29:46,378713.97,3524.49,243478.27,19.20,30.70,98,353
14:30:46,329656.06,3171.36,241900.66,19.30,30.80,99,417
14:31:47,428120.44,3645.71,249670.31,19.20,30.80,103,216
14:32:47,410807.31,3645.71,249670.31,18.50,30.80,101,337
14:33:48,387199.66,3676.24,248684.22,18.50,30.70,103,311
14:34:48,437306.56,3615.50,250660.78,18.50,30.70,106,523
14:35:49,290583.22,2790.24,210843.36,19.10,30.70,108,353
14:36:49,313910.28,3184.21,221855.70,19.70,30.70,105,478
14:37:50,299514.16,2961.93,220987.63,19.10,30.80,100,376
14:38:50,334190.28,3410.00,241558.45,19.20,30.80,102,482
14:39:51,274131.47,2724.73,205952.38,18.90,30.90,106,483
14:40:51,323230.59,3313.51,239655.17,19.70,31.00,97,314
14:41:52,259324.92,2915.00,215010.13,18.80,31.00,94,261
14:42:52,222630.41,2671.43,201964.64,19.20,31.00,138,663
14:43:53,278079.91,3497.72,245751.64,19.30,31.10,97,349
14:44:53,239697.64,2846.19,209200.00,18.30,31.10,109,579
14:45:54,251926.78,2951.83,222774.34,18.90,31.10,99,384
14:46:54,294675.94,3379.16,233970.30,18.80,31.00,100,376
14:47:55,313910.28,3384.62,233474.58,18.90,31.00,102,494
14:48:55,290277.66,3365.35,229411.78,19.20,31.10,103,467
14:49:56,255851.78,3171.36,215010.13,19.20,31.10,96,586
14:50:56,294056.22,3368.24,226778.25,19.40,31.10,94,354
14:51:57,312596.84,3404.50,230866.83,19.20,31.10,94,415
14:52:57,281540.44,3225.60,222774.34,19.10,31.10,91,427
14:53:58,230134.80,2888.44,213793.08,19.30,31.10,94,373
14:54:58,286301.25,3398.51,229831.95,19.30,31.20,90,217
14:55:59,278079.91,3289.27,227139.89,18.80,31.20,95,379
14:56:59,304173.78,3440.60,230736.84,18.80,31.30,94,442
14:58:0,233749.95,2801.33,210020.03,18.60,31.30,92,500
14:59:0,219999.98,3033.95,226250.00,19.20,31.30,91,424
15:0:1,249156.56,3021.81,223602.50,18.80,31.30,93,353
15:1:1,245142.80,3018.60,221487.59,18.80,31.30,91,363
15:2:2,299514.16,3483.33,238115.63,18.80,31.30,88,380
15:3:2,329656.06,3469.02,233474.58,18.50,31.30,86,329
15:4:3,289666.53,3181.29,228571.45,18.50,31.40,82,621
15:5:3,214905.25,2768.21,206759.44,18.70,31.30,90,419
15:6:4,266538.38,3197.12,226250.00,19.10,31.40,90,373
15:7:4,282135.03,3384.62,233474.58,18.40,31.50,88,333
15:8:5,266538.38,3158.57,226250.00,18.30,31.50,88,334
15:9:5,318666.47,3492.15,234893.61,18.50,31.50,88,355
15:10:6,333841.06,3446.85,235470.09,18.10,31.50,90,407
15:11:6,324245.97,3426.50,237179.50,18.10,31.50,91,336
15:12:7,313910.28,3526.72,237179.50,18.10,31.50,89,336
15:13:7,372841.81,3556.01,239055.80,18.10,31.50,90,414
15:14:8,346950.59,3497.72,238115.63,18.10,31.50,90,324
15:15:8,236689.61,2671.43,205148.52,18.20,31.50,91,359
15:16:9,241999.95,2808.93,214634.13,19.00,31.60,91,309
15:17:9,266538.38,3058.41,207569.72,18.60,31.60,87,444
15:18:10,366034.22,3384.62,237179.50,18.30,31.60,89,367
15:19:10,323907.50,3204.81,224066.41,17.70,31.60,85,359
15:20:11,401395.84,3613.47,241558.45,17.70,31.60,96,249
15:21:11,419294.53,3707.09,243817.78,17.30,31.50,98,373
15:22:12,353099.75,3483.33,236247.34,17.60,31.50,98,330
15:23:12,387199.66,3541.33,234394.92,17.70,31.50,102,349
15:24:13,366034.22,3454.77,232558.16,17.70,31.40,102,376
15:25:13,335237.88,3483.33,235319.14,17.90,31.50,116,695
15:26:14,366034.22,3585.60,240000.00,17.70,31.50,117,337
15:27:14,308970.44,2938.36,215853.64,17.70,31.50,97,327
15:28:14,393555.19,3613.47,248351.64,18.30,31.50,100,358
15:29:15,379499.69,3521.12,239569.89,17.70,31.60,93,254
15:30:15,282135.03,2671.43,209200.00,17.90,31.60,94,330
15:31:16,294675.94,3102.83,227615.08,18.50,31.60,93,351
15:32:16,290583.22,2857.53,202755.91,17.80,31.70,97,337
15:33:17,290583.22,3249.39,227139.89,18.20,31.70,94,377
15:34:17,313910.28,3357.04,231645.58,17.80,31.80,98,431
15:35:18,274131.47,2961.93,218404.89,17.70,31.80,99,330
15:36:18,252463.36,2713.97,210020.03,18.10,31.80,98,376
15:37:19,233749.95,2713.97,212500.00,18.50,31.90,96,293
15:38:19,282135.03,3021.81,209200.00,18.50,32.00,94,398
15:39:20,335237.88,3440.60,242857.14,18.10,32.00,110,373
15:40:20,329656.06,3357.04,240000.00,17.80,32.00,99,315
15:41:21,294985.78,3223.13,236247.34,18.20,32.00,102,280
15:42:21,236689.61,2768.21,204347.81,18.20,32.00,100,320
15:43:22,236689.61,3083.10,230736.84,18.80,32.10,102,30508
15:44:22,210020.61,2746.37,210020.03,18.30,32.10,116,340
15:45:23,255851.78,3210.10,235319.14,18.70,32.10,106,391
15:46:23,214905.25,2768.21,211670.00,18.00,32.10,106,246
15:47:24,259324.92,3249.39,236247.34,18.50,32.10,102,473
15:48:24,318999.81,3426.50,239055.80,18.10,32.10,112,204
15:49:25,366034.22,3676.24,249670.31,18.10,32.10,103,415
15:50:25,394777.44,3570.77,245751.64,17.70,32.10,104,301
15:51:26,289055.44,3057.28,229535.88,17.80,32.00,108,411
15:52:26,366034.22,3512.18,243817.78,18.30,32.00,111,353
15:53:27,335237.88,3357.04,236247.34,17.90,31.90,102,436
15:54:27,270285.63,3108.02,230736.84,18.10,31.90,99,307
15:55:28,378713.97,3568.64,252328.14,18.50,32.00,97,388
15:56:28,340644.94,3351.60,241468.69,18.20,32.00,99,357
15:57:29,446875.44,3645.71,253658.52,17.90,31.90,99,322
15:58:29,262886.00,3083.10,220123.17,17.80,31.90,103,453
15:59:30,299199.84,3351.60,232135.33,18.20,31.90,102,380
16:0:30,233749.95,2926.65,219262.27,18.10,31.90,100,308
16:1:31,329656.06,3384.62,240948.28,18.70,32.00,102,384
16:2:31,294985.78,3343.35,237179.50,18.20,32.00,104,375
16:3:32,324245.97,3454.77,238115.63,18.30,32.10,112,452
16:4:32,346589.94,3421.00,237687.36,18.40,32.10,103,410
16:5:33,329656.06,3289.27,229831.95,18.40,32.10,98,448
16:6:33,350533.09,3444.44,236989.25,18.40,32.10,98,578
16:7:34,379892.53,3412.47,234394.92,18.20,32.20,101,510
16:8:34,304173.78,3343.35,229831.95,17.90,32.30,101,449
16:9:35,266538.38,2926.65,215010.13,17.90,32.30,98,512
16:10:35,313253.56,3318.92,233545.66,18.10,32.30,99,315
16:11:36,329656.06,3343.35,229831.95,17.70,32.30,101,235
16:12:36,333841.06,3390.52,232696.41,17.70,32.40,99,446
16:13:37,259324.92,2746.37,196511.64,17.70,32.30,97,372
16:14:37,329656.06,3370.79,230736.84,18.20,32.40,96,291
16:15:38,299514.16,3184.21,229831.95,17.60,32.40,96,287
16:16:38,335237.88,3370.79,229831.95,17.70,32.40,105,620
16:17:39,329656.06,3370.79,231645.58,17.50,32.40,93,275
16:18:39,359457.34,3398.51,232558.16,17.50,32.50,95,385
16:19:40,329656.06,3384.62,230736.84,17.50,32.50,96,355
16:20:40,304173.78,3184.21,219262.27,17.40,32.50,95,399
16:21:41,245928.52,2790.24,196511.64,17.50,32.50,96,261
16:22:41,282135.03,3197.12,223602.50,17.80,32.50,91,532
16:23:42,372841.81,3497.72,231645.58,17.10,32.60,94,321
16:24:42,394777.44,3440.60,238115.63,16.90,32.60,94,468
16:25:43,335237.88,3357.04,228033.48,17.00,32.60,94,490
16:26:43,236689.61,2629.61,197281.56,17.20,32.50,95,426
16:27:44,258774.92,2672.45,196504.86,18.00,32.60,104,548
16:28:44,335237.88,3343.35,232558.16,17.70,32.70,98,386
16:29:45,290583.22,2938.36,218404.89,16.90,32.70,97,393
16:30:45,372841.81,3483.33,234394.92,17.20,32.60,95,350
16:31:46,379892.53,3497.72,237179.50,16.90,32.60,92,337
16:32:46,379892.53,3469.02,233474.58,17.10,32.50,137,613
16:33:47,318999.81,3120.57,223602.50,17.30,32.50,90,456
16:34:47,294985.78,3370.79,230736.84,17.70,32.50,88,407
16:35:48,307999.84,3396.01,232203.39,17.60,32.50,92,366
16:36:48,299199.84,3365.35,227615.08,17.80,32.50,93,686
16:37:49,304173.78,3262.62,227139.89,17.90,32.50,107,584
16:38:49,308970.44,3249.39,228033.48,17.90,32.50,90,373
16:39:50,286301.25,3412.47,232558.16,17.90,32.60,98,273
16:40:50,313910.28,3440.60,234394.92,17.70,32.60,89,363
16:41:51,304173.78,3329.73,231645.58,17.70,32.50,96,635
16:42:51,334539.47,3387.56,232627.13,17.70,32.60,93,313
16:43:52,359457.34,3454.77,232558.16,17.70,32.70,91,470
16:44:52,335237.88,3384.62,228930.83,17.80,32.70,88,313
16:45:53,259324.92,2713.97,203550.28,17.80,32.70,95,284
16:46:53,274131.47,3223.13,221855.70,18.40,32.70,97,222
16:47:54,294985.78,3357.04,226250.00,17.80,32.70,100,251
16:48:54,346950.59,3483.33,232558.16,17.60,32.80,100,246
16:49:55,419294.53,3454.77,229831.95,17.50,32.80,98,248
16:50:55,446875.44,3585.60,238115.63,17.40,32.80,99,533
16:51:56,410807.31,3440.60,233474.58,17.20,32.80,102,435
16:52:56,308970.44,2997.69,220987.63,17.20,32.80,104,198
16:53:57,281243.13,3092.45,227672.97,17.50,32.90,103,298
16:54:57,353099.75,3398.51,229831.95,17.40,32.90,103,422
16:55:58,313910.28,3289.27,228930.83,17.10,32.90,104,273
16:56:58,329656.06,3249.39,226250.00,17.00,32.90,106,324
16:57:59,366034.22,3440.60,232558.16,16.90,32.90,102,398
16:58:59,299514.16,2903.40,194219.66,16.70,32.90,105,322
17:0:0,335237.88,3440.60,229831.95,17.20,32.90,106,465
17:1:0,299514.16,2950.11,207569.72,16.40,32.90,106,300
17:2:1,282135.03,3262.62,222727.30,16.90,32.90,96,217
17:3:1,353099.75,3469.02,233474.58,16.80,32.80,103,303
17:4:2,358338.69,3452.39,233121.03,16.70,32.80,111,473
17:5:2,304173.78,3058.41,218404.89,16.90,32.80,98,316
17:6:3,340999.78,3412.47,238115.63,17.10,32.90,105,335
17:7:3,239697.64,2619.27,198830.42,16.90,32.90,103,310
17:8:4,249156.56,2650.43,201964.64,17.70,32.90,106,338
17:9:4,222630.41,2682.00,202755.91,17.40,32.90,107,281
17:10:5,299514.16,3357.04,237179.50,17.50,32.90,105,242
17:11:5,294985.78,3275.91,234394.92,16.70,32.90,103,273
17:12:6,329656.06,3426.50,234394.92,16.90,32.90,103,453
17:13:6,255851.78,3223.13,227139.89,17.00,32.90,111,401
17:14:7,281243.13,3327.09,225000.02,17.20,32.80,100,404
17:15:7,299514.16,3398.51,228930.83,17.20,32.80,104,268
17:16:8,294056.22,3382.09,229473.69,17.20,32.80,104,400
17:17:8,318999.81,3426.50,231645.58,17.20,32.80,105,301
17:18:9,230876.38,2619.27,196511.64,17.30,32.90,99,411
17:19:9,286301.25,3236.23,224481.34,17.90,32.90,103,342
17:20:10,318999.81,3236.23,227139.89,17.50,33.00,102,371
17:21:10,335237.88,3412.47,233474.58,17.10,32.90,104,286
17:22:11,304173.78,3357.04,231645.58,17.30,33.00,108,371
17:23:11,359457.34,3469.02,238115.63,17.20,32.90,102,529
17:24:12,290583.22,3009.72,223602.50,17.60,33.00,105,439
17:25:12,329656.06,3426.50,237179.50,17.60,32.90,97,378
17:26:13,290277.66,3153.33,220576.11,17.50,33.00,98,273
17:27:13,324245.97,3384.62,228930.83,17.60,33.00,98,314
17:28:14,351999.78,3466.67,231289.66,17.40,33.00,100,360
17:29:14,299514.16,3370.79,226250.00,17.20,33.00,99,448
17:30:15,273263.06,3092.45,218891.14,17.30,33.00,99,304
17:31:15,304173.78,3440.60,231645.58,17.60,33.00,99,413
17:32:16,324245.97,3426.50,230736.84,17.40,33.10,105,357
17:33:16,359457.34,3526.72,234394.92,17.30,33.00,98,298
17:34:17,329656.06,3412.47,232558.16,17.40,33.00,118,554
17:35:17,262886.00,2926.65,208383.23,17.40,33.00,98,433
17:36:18,328624.81,3313.51,225887.28,17.80,33.00,114,382
17:37:18,304173.78,3384.62,228930.83,17.60,33.10,97,225
17:38:19,318999.81,3426.50,228033.48,17.50,33.00,97,426
17:39:19,290583.22,3343.35,226250.00,17.60,33.10,92,392
17:40:20,428120.44,3556.01,237179.50,17.60,33.10,94,381
17:41:20,313910.28,3412.47,228033.48,17.30,33.10,94,598
17:42:21,329656.06,3384.62,226250.00,17.40,33.10,101,401
17:43:21,266538.38,3145.84,215853.64,17.40,33.10,100,530
17:44:22,323907.50,3406.98,230315.80,17.50,33.10,101,412
17:45:22,379892.53,3440.60,231645.58,17.40,33.10,97,419
17:46:23,351999.78,3438.19,232203.39,17.30,33.10,97,368
17:47:23,410807.31,3660.94,240000.00,17.40,33.10,114,536
17:48:24,377142.53,3444.44,229598.33,17.50,33.10,93,302
17:49:24,318999.81,3357.04,224481.34,17.60,33.10,94,400
17:50:25,318999.81,3384.62,225363.83,17.70,33.10,90,372
17:51:25,304173.78,3329.73,224481.34,17.60,33.10,91,454
17:52:26,409115.00,3518.88,237339.05,17.60,33.10,90,499
17:53:26,394777.44,3412.47,228033.48,17.30,33.10,96,365
17:54:27,366034.22,3262.62,223602.50,17.30,33.10,95,485
17:55:27,351999.78,3410.00,230379.77,17.40,33.10,149,459
17:56:28,340999.78,3357.04,226250.00,17.20,33.10,98,341
17:57:28,358338.69,3466.67,232203.39,17.20,33.10,95,533
17:58:29,317999.81,3194.23,221487.59,17.10,33.10,88,567
17:59:29,308970.44,3316.18,222727.30,17.40,33.10,88,422
18:0:29,353099.75,3483.33,234394.92,17.30,33.10,93,437
18:1:30,329656.06,3426.50,227139.89,17.10,33.10,91,484
18:2:30,304173.78,3357.04,226250.00,17.20,33.10,101,584
18:3:31,214905.25,2703.27,198830.42,17.30,33.10,91,375
18:4:31,225318.66,3120.57,217551.02,17.90,33.10,91,347
18:5:32,212208.31,3191.85,221443.28,17.40,33.20,90,361
18:6:32,210020.61,3120.57,215853.64,17.00,33.20,93,434
18:7:33,228066.64,3171.36,218404.89,17.00,33.10,96,364
18:8:33,289666.53,3438.19,227672.97,16.70,33.10,95,411
18:9:34,294985.78,3426.50,228033.48,16.50,33.10,109,612
18:10:34,266256.31,3379.16,225833.34,16.50,33.10,99,324
18:11:35,266256.31,3379.16,225833.34,16.60,33.10,99,321
18:12:35,252463.36,3329.73,224481.34,16.60,33.10,101,301
18:13:36,245928.52,3370.79,224481.34,16.60,33.10,103,387
18:14:36,281837.72,3393.03,225833.34,16.50,33.10,101,285
18:15:37,262886.00,3454.77,229831.95,16.50,33.10,109,495
18:16:37,299514.16,3412.47,224481.34,16.40,33.10,108,434
18:17:38,278079.91,3370.79,228033.48,16.50,33.10,107,346
18:18:38,277786.56,3283.90,222314.08,16.50,33.10,95,427
18:19:39,327937.31,3469.87,234115.16,16.70,33.10,92,457
18:20:39,299514.16,3426.50,226250.00,16.40,33.10,98,366
18:21:40,313910.28,3469.02,226250.00,16.30,33.10,101,376
18:22:40,329656.06,3497.72,228930.83,16.20,33.00,100,396
18:23:41,214905.25,2660.91,195744.69,16.30,33.10,102,483
18:24:41,274131.47,3343.35,222727.30,17.30,33.10,99,326
18:25:42,324245.97,3469.02,237179.50,16.50,33.10,103,380
18:26:42,372841.81,3526.72,235319.14,16.60,33.10,102,396
18:27:43,345507.97,3592.76,235470.09,16.40,33.00,103,384
18:28:43,299514.16,3370.79,226250.00,16.40,33.00,104,377
18:29:44,259324.92,3343.35,223602.50,16.70,33.00,102,383
18:30:44,242776.42,3262.62,219262.27,16.70,33.00,101,366
18:31:45,262886.00,3145.84,215853.64,16.90,33.00,99,405
18:32:45,294985.78,3426.50,227139.89,17.20,33.00,100,354
18:33:46,308970.44,3412.47,224481.34,17.00,33.00,101,365
18:34:46,290583.22,3370.79,228033.48,17.10,33.00,101,507
18:35:47,212437.48,2812.47,206759.44,17.20,33.00,108,393
18:36:47,178946.44,2650.43,197281.56,17.70,33.00,102,385
18:37:48,203060.00,2915.00,213333.31,18.00,33.10,105,285
18:38:48,385999.66,3659.01,250331.13,17.60,33.00,104,340
18:39:49,236689.61,2903.40,212500.00,17.00,33.00,102,370
18:40:49,245928.52,3275.91,229831.95,17.20,32.90,128,403
18:41:50,304173.78,3469.02,235319.14,16.90,32.90,117,527
18:42:50,217425.52,2834.90,210843.36,16.90,32.90,100,428
18:43:51,294985.78,3343.35,228930.83,17.40,32.90,104,377
18:44:51,304173.78,3454.77,233474.58,16.90,32.90,113,419
18:45:52,282135.03,3412.47,230736.84,16.80,32.90,105,514
18:46:52,278079.91,3384.62,227139.89,16.80,32.90,107,421
18:47:53,249156.56,3343.35,227139.89,16.80,32.90,105,428
18:48:53,290583.22,3469.02,230736.84,16.70,32.90,104,343
18:49:54,242776.42,2629.61,192706.33,16.60,32.90,105,284
18:50:54,329656.06,3357.04,228033.48,17.60,33.00,101,392
18:51:55,245142.80,2911.62,212955.45,16.60,33.00,102,276
18:52:55,308970.44,3440.60,233474.58,16.90,32.90,102,379
18:53:56,304173.78,3469.02,229831.95,16.30,32.90,99,261
18:54:56,329656.06,3512.18,229831.95,16.30,32.90,99,418
18:55:57,345507.97,3504.33,229957.83,16.30,32.90,100,244
18:56:57,308970.44,3384.62,221855.70,16.40,32.80,96,388
18:57:58,265692.22,3067.61,213793.08,16.60,32.80,98,389
18:58:58,270285.63,3329.73,220987.63,16.90,32.80,101,399
18:59:59,276906.56,3390.52,222821.55,16.80,32.80,98,419
19:0:59,212437.48,2857.53,205952.38,16.80,32.80,98,277
19:2:0,321876.75,3458.73,229598.33,17.20,32.80,100,504
19:3:0,307999.84,3340.74,229473.69,16.70,32.80,100,364
19:4:1,308970.44,3454.77,230736.84,16.80,32.80,97,416
19:5:1,205333.33,2640.00,186037.73,17.00,32.80,92,348
19:6:2,222391.28,2709.17,203952.56,17.70,32.80,93,399
19:7:2,236689.61,3158.57,220123.17,17.30,32.80,94,430
19:8:3,329656.06,3440.60,229831.95,16.70,32.80,96,438
19:9:3,340999.78,3541.33,230736.84,16.40,32.70,89,428
19:10:4,335237.88,3384.62,226250.00,16.40,32.70,96,339
19:11:4,266538.38,3357.04,228033.48,16.60,32.70,92,306
19:12:5,230876.38,3329.73,222727.30,16.80,32.70,98,326
19:13:5,214905.25,3262.62,222727.30,16.90,32.70,94,459
19:14:6,198647.05,3133.18,216700.59,17.10,32.60,96,289
19:15:6,191923.83,3199.52,221030.92,17.20,32.60,111,563
19:16:7,210020.61,3316.18,222727.30,17.40,32.60,91,525
19:17:7,212437.48,3343.35,223602.50,17.20,32.60,87,400
19:18:8,248891.50,3351.60,226722.34,17.20,32.50,87,425
19:19:8,214905.25,3184.21,217551.02,17.20,32.50,86,375
19:20:9,217191.47,3337.93,224066.41,17.40,32.50,92,526
19:21:9,232999.97,3354.46,224116.44,17.30,32.50,96,489
19:22:10,222630.41,3370.79,225363.83,17.40,32.50,91,673
19:23:10,182600.02,3316.18,220987.63,17.50,32.50,89,603
19:24:11,172017.27,3275.91,220123.17,17.50,32.50,88,483
19:25:11,146721.84,3259.85,219753.06,17.60,32.50,95,361
19:26:12,158790.36,3308.11,222821.55,17.60,32.50,92,410
19:27:12,147218.08,3058.41,211670.00,17.60,32.50,89,401
19:28:13,167126.08,3302.69,218404.89,17.90,32.40,92,467
19:29:13,200831.69,3357.04,220123.17,17.80,32.40,92,374
19:30:14,200831.69,3262.62,215010.13,17.80,32.40,105,436
19:31:14,207428.56,3310.78,221443.28,17.90,32.40,104,552
19:32:15,262886.00,3454.77,226250.00,18.00,32.30,102,423
19:33:15,196504.86,3095.53,211670.00,17.80,32.30,101,379
19:34:16,207653.05,3171.36,213333.31,18.10,32.30,100,233
19:35:16,278079.91,3526.72,229831.95,18.00,32.30,102,318
19:36:17,273842.00,3406.98,226722.34,17.40,32.30,101,383
19:37:17,245928.52,3357.04,220123.17,17.40,32.30,98,480
19:38:18,245142.80,3354.46,219753.06,17.30,32.30,99,384
19:39:18,196504.86,3158.57,207569.72,17.30,32.30,93,30341
19:40:19,165550.02,3171.36,206759.44,17.70,32.30,99,362
19:41:19,152465.16,3210.10,210843.36,17.80,32.20,100,361
19:42:20,139913.70,3210.10,210020.03,17.80,32.20,137,483
19:43:20,134291.70,3210.10,211670.00,17.80,32.20,98,309
19:44:21,133986.16,3251.94,215885.92,17.70,32.20,103,279
19:45:21,136338.06,3230.92,218852.44,17.70,32.20,103,30279
19:46:22,125098.09,3197.12,214170.03,17.60,32.20,100,289
19:47:22,125631.53,3117.54,209638.55,17.70,32.10,102,340
19:48:23,155212.64,3370.79,220987.63,17.60,32.10,98,412
19:49:23,162114.78,3278.54,216734.69,17.10,32.10,95,402
19:50:24,173704.38,3249.39,209200.00,17.00,32.10,100,310
19:51:24,153484.41,3048.13,205158.73,16.90,32.10,98,314
19:52:25,144385.22,3199.52,210040.16,17.30,32.10,97,30354
19:53:25,133213.84,3083.10,205148.52,17.20,32.10,104,442
19:54:26,151953.53,3259.85,214634.13,17.30,32.10,105,365
19:55:26,137617.06,3262.62,214170.03,17.30,32.10,105,468
19:56:27,135384.66,3275.91,220123.17,17.30,32.00,109,335
19:57:27,119408.77,3310.78,220576.11,17.30,32.00,101,333
19:58:28,107838.13,3060.42,211693.55,17.30,32.00,104,341
19:59:28,108848.82,3184.21,214170.03,17.90,32.00,101,409
20:0:29,98999.99,2938.36,203550.28,17.50,31.90,100,299
20:1:29,100983.59,3095.53,213333.31,18.90,31.90,102,422
20:2:30,103033.32,3249.39,216700.59,17.90,31.90,99,401
20:3:30,98352.93,3184.21,213333.31,17.70,31.90,102,308
20:4:31,97079.36,3262.62,220987.63,18.00,31.90,101,247
20:5:31,92131.98,3217.83,212096.77,17.90,31.90,96,386
20:6:32,88758.62,3153.33,207171.31,18.00,31.90,101,327
20:7:32,86724.64,3133.18,206759.44,18.30,31.80,101,336
20:8:33,86724.64,3210.10,210020.03,18.30,31.80,109,461
20:9:33,86405.80,3207.23,212955.45,18.30,31.80,107,261
20:10:34,86201.92,3249.39,215010.13,18.60,31.70,104,412
20:11:34,84663.51,3210.10,215010.13,18.70,31.70,104,350
20:12:35,88323.52,3223.13,212500.00,18.80,31.70,102,499
20:13:35,84857.15,3207.23,216326.52,18.80,31.70,101,367
20:14:36,80200.01,3178.95,207984.03,19.10,31.60,101,527
20:15:36,80000.01,3194.23,208817.63,19.30,31.60,103,518
20:16:37,81238.54,3171.36,210020.03,19.50,31.60,102,450
20:17:37,81238.54,3171.36,213333.31,19.50,31.60,106,409
20:18:38,80834.87,3188.94,210060.34,19.60,31.50,106,437
20:19:38,80300.01,3223.13,213333.31,19.70,31.50,102,372
20:20:39,77389.39,3186.57,209218.44,19.60,31.50,104,447
20:21:39,77145.38,3171.36,210020.03,19.80,31.50,104,362
20:22:40,75852.19,3158.57,206759.44,20.00,31.40,106,549
20:23:40,73770.20,3120.57,203550.28,20.10,31.40,30113,30416
20:24:41,72563.02,3120.57,202755.91,20.30,31.40,95,355
20:25:41,73364.40,3133.18,202755.91,20.50,31.40,106,523
20:26:42,72167.35,3108.02,202755.91,20.60,31.30,100,441
20:27:42,72563.02,3108.02,201964.64,20.60,31.30,98,363
20:28:43,73271.17,3191.85,207171.31,20.80,31.30,105,734
20:29:43,72776.37,3122.75,207584.83,20.80,31.30,99,494
20:30:44,72167.35,3145.84,206759.44,21.00,31.20,97,446
20:31:44,73364.40,3171.36,204347.81,21.00,31.10,97,294
20:32:45,71385.89,3120.57,201964.64,20.90,31.20,100,451
20:33:45,70617.27,3095.53,199609.38,21.00,31.10,90,494
20:34:46,71408.33,3112.32,201181.09,21.00,31.10,101,538
20:35:46,71020.74,3137.62,204365.08,21.10,31.00,92,510
20:36:47,69487.80,3120.57,201176.48,21.30,31.00,92,362
20:37:47,69487.80,3120.57,200391.39,21.00,30.90,92,610
20:38:48,69487.80,3120.57,201176.48,21.10,30.90,92,441
20:39:48,68385.54,3108.02,201176.48,21.20,30.90,95,322
20:40:49,68023.99,3120.57,201176.48,21.20,30.90,100,515
20:41:49,69861.22,3145.84,204347.81,21.30,30.90,102,585
20:42:50,70237.70,3133.18,204347.81,21.30,30.90,96,336
20:43:50,71408.33,3150.36,205976.09,21.40,30.80,95,631
20:44:51,70237.70,3120.57,204347.81,21.50,30.80,97,440
20:45:51,71615.05,3152.63,206800.00,21.50,30.70,98,394
20:46:52,68385.54,3108.02,201964.64,21.60,30.70,92,521
20:47:52,70147.54,3127.96,203155.81,21.60,30.70,89,375
20:48:53,69786.88,3132.38,203968.25,21.60,30.70,93,360
20:49:53,68750.00,3120.57,200391.39,21.70,30.70,96,376
20:50:54,69861.22,3120.57,201176.48,21.80,30.70,95,407
20:51:54,68385.54,3108.02,199609.38,21.90,30.60,102,493
20:52:55,68385.54,3108.02,200391.39,21.90,30.60,96,485
20:53:55,68023.99,3083.10,198830.42,21.90,30.60,100,364
20:54:56,68385.54,3095.53,198054.48,22.00,30.50,99,542
20:55:56,67935.99,3077.93,196893.20,22.00,30.50,96,30531
20:56:57,67309.52,3033.95,194219.66,22.10,30.50,111,521
20:57:57,65914.06,2950.11,184586.48,22.10,30.50,97,411
20:58:58,65571.98,2915.00,181005.59,22.20,30.40,107,487
20:59:58,64561.54,2891.85,181005.59,22.20,30.40,90,545
21:0:59,66519.69,2968.74,187121.22,22.20,30.40,104,578
21:1:59,65571.98,2950.11,186037.73,22.30,30.40,107,414
21:2:59,64810.81,2956.88,187121.22,22.40,30.40,107,711
21:4:0,64229.88,2973.79,185310.75,22.40,30.30,105,454
21:5:0,63574.15,2961.93,186037.73,22.50,30.30,107,333
21:6:1,65232.56,2997.69,187500.00,22.50,30.30,110,350
21:7:1,65571.98,2997.69,187500.00,22.60,30.20,108,430
21:8:2,66346.45,3042.99,194584.14,22.60,30.20,109,401
21:9:2,65914.06,3046.15,193461.55,22.70,30.20,108,621
21:10:3,64229.88,3046.15,190458.02,22.70,30.20,107,527
21:11:3,65486.38,3016.71,190822.19,22.80,30.10,103,369
21:12:4,65571.98,2997.69,188235.31,22.80,30.10,122,501
21:13:4,65232.56,3021.81,188235.31,22.80,30.10,102,519
21:14:5,64561.54,3009.72,188235.31,22.90,30.10,103,601
21:15:5,63900.76,2985.71,186767.50,22.90,30.00,118,603
21:16:6,64895.75,3009.72,188235.31,22.90,30.00,109,581
21:17:6,65232.56,2997.69,188235.31,23.00,30.10,106,454
21:18:7,65828.13,3004.63,190822.19,23.10,30.00,111,566
21:19:7,64895.75,3021.81,191954.03,23.10,30.00,111,404
21:20:8,65914.06,3009.72,194219.66,23.10,30.00,117,412
21:21:8,65232.56,3021.81,194219.66,23.10,30.00,111,477
21:22:9,63574.15,2997.69,188973.39,23.20,30.00,99,658
21:23:9,65232.56,3046.15,192706.33,22.90,29.90,96,394
21:24:10,63574.15,2985.71,189714.30,22.90,29.90,98,563
21:25:10,63816.79,2992.61,190076.34,23.00,29.90,98,360
21:26:11,63574.15,2961.93,188235.31,23.00,29.90,109,596
21:27:11,62928.30,2961.93,186767.50,23.00,29.90,103,628
21:28:12,63574.15,2961.93,189714.30,23.10,29.90,102,424
21:29:12,64229.88,2961.93,188235.31,23.10,29.90,101,481
21:30:13,63072.25,2955.30,188167.94,23.10,29.90,109,358
21:31:13,60742.66,2880.36,182429.92,23.20,29.80,97,529
21:32:14,60138.69,2891.85,184586.48,23.20,29.80,98,465
21:33:14,60439.56,2880.36,182429.92,23.20,29.80,100,227
21:34:15,58666.68,2857.53,181005.59,23.30,29.80,109,433
21:35:15,57246.47,2812.47,178888.88,23.30,29.80,99,348
21:36:16,57014.08,2764.60,175690.61,23.40,29.80,104,514
21:37:16,57246.47,2801.33,179591.83,23.40,29.80,102,269
21:38:17,58430.10,2854.05,188571.44,23.50,29.80,106,445
21:39:17,57808.50,2868.92,186767.50,23.30,29.80,108,734
21:40:18,61192.59,2951.83,194971.00,22.90,29.80,101,583
21:41:18,61355.56,2891.85,191204.61,22.60,29.80,103,544
21:42:19,61977.62,2857.53,190458.02,22.60,29.80,96,535
21:43:19,61895.53,2945.08,195357.84,22.30,29.80,101,493
21:44:20,61274.07,2875.39,190076.34,22.30,29.80,97,494
21:45:20,62609.02,2891.85,191954.03,22.20,29.80,98,336
21:46:21,64229.88,2985.71,199609.38,22.10,29.80,103,493
21:47:21,65232.56,2985.71,201176.48,22.00,29.80,116,495
21:48:22,65828.13,2980.65,200000.02,21.90,29.70,117,711
21:49:22,70999.99,3046.15,204347.81,21.90,29.70,93,492
21:50:23,72563.02,3033.95,201964.64,21.60,29.70,96,542
21:51:23,74592.27,3070.73,203550.28,21.40,29.70,97,567
21:52:24,80465.76,3080.00,207185.63,21.20,29.70,93,438
21:53:24,81238.54,3046.15,203550.28,21.10,29.70,94,444
21:54:25,82474.42,3085.18,205964.22,21.10,29.70,95,662
21:55:25,85171.44,3058.41,205952.38,20.90,29.70,94,683
21:56:26,85473.69,3048.13,208400.00,20.90,29.70,98,534
21:57:26,90530.00,3095.53,211670.00,20.80,29.70,98,578
21:58:27,97712.76,3108.02,207569.72,20.70,29.70,95,593
21:59:27,91666.66,3083.10,210843.36,20.70,29.70,96,469
22:0:28,94611.40,3070.73,206759.44,20.70,29.60,92,314
22:1:28,89415.84,3033.95,205148.52,20.90,29.60,88,314
22:2:29,96452.63,3120.57,209200.00,21.00,29.60,90,565
22:3:29,101296.69,3168.42,215478.59,20.60,29.60,91,504
22:4:30,110388.21,3197.12,215010.13,20.30,29.70,90,341
22:5:30,115938.62,3257.28,221443.28,20.20,29.70,96,495
22:6:31,113578.28,3236.23,216700.59,20.10,29.60,89,504
22:7:31,114829.24,3259.85,218032.77,20.00,29.60,90,399
22:8:32,116925.89,3249.39,218404.89,20.00,29.60,92,513
22:9:32,110388.21,3236.23,216700.59,19.90,29.60,90,473
22:10:33,122269.19,3249.39,216700.59,19.90,29.60,90,341
22:11:33,124142.81,3095.53,214170.03,19.90,29.50,88,441
22:12:34,136493.00,3249.39,217551.02,20.00,29.50,91,374
22:13:34,136028.20,3220.29,218032.77,19.90,29.50,89,280
22:14:35,129047.02,3046.15,210843.36,20.10,29.50,99,402
22:15:35,153828.16,3329.73,222727.30,20.10,29.50,118,428
22:16:36,152465.16,3289.27,220123.17,19.80,29.50,114,684
22:17:36,147218.08,3249.39,217551.02,19.90,29.40,91,592
22:18:37,155039.41,3324.32,221443.28,20.00,29.40,108,372
22:19:37,158967.78,3313.51,221487.59,19.90,29.40,107,284
22:20:38,156619.08,3302.69,220123.17,20.00,29.40,106,466
22:21:38,155920.67,3267.80,220206.17,20.00,29.40,105,346
22:22:39,150953.88,3257.28,222314.08,20.10,29.40,107,246
22:23:39,143485.33,3184.21,217551.02,20.30,29.40,100,338
22:24:40,141087.00,3158.57,215010.13,20.20,29.40,98,438
22:25:40,139913.70,3275.91,224481.34,20.10,29.40,98,399
22:26:41,148333.38,3297.31,224066.41,19.90,29.40,96,343
22:27:41,145955.25,3316.18,224481.34,20.00,29.40,99,392
22:28:42,136493.00,3236.23,221855.70,20.00,29.40,96,462
22:29:42,136493.00,3236.23,220987.63,20.10,29.40,99,458
22:30:43,136493.00,3262.62,221855.70,20.20,29.30,99,549
22:31:43,124142.81,3120.57,210020.03,20.20,29.30,97,474
22:32:44,134291.70,3210.10,215010.13,20.80,29.30,107,392
22:33:44,147833.38,3308.11,220206.17,20.40,29.30,108,269
22:34:45,153828.16,3302.69,220987.63,20.20,29.30,111,415
22:35:45,152124.08,3291.93,219301.81,20.20,29.30,107,526
22:36:46,169042.77,3346.40,228692.00,20.40,29.20,102,499
22:37:46,188336.47,3370.79,229831.95,20.30,29.30,93,490
22:38:47,190113.22,3379.16,233050.84,20.20,29.20,105,504
22:39:47,188336.47,3370.79,228033.48,20.30,29.20,101,478
22:40:48,182600.02,3343.35,227139.89,20.30,29.20,100,494
22:41:48,214905.25,3357.04,228033.48,20.30,29.20,104,327
22:42:49,194403.84,3316.18,228033.48,20.30,29.20,107,557
22:43:49,198647.05,3316.18,228033.48,20.40,29.20,110,653
22:44:50,199960.39,3362.78,229052.64,20.40,29.20,112,613
22:45:50,188336.47,3275.91,222727.30,20.40,29.20,100,524
22:46:51,194403.84,3316.18,226250.00,20.50,29.10,103,446
22:47:51,194403.84,3249.39,218404.89,20.50,29.10,109,561
22:48:51,210020.61,3302.69,220123.17,20.60,29.10,98,741
22:49:52,207428.56,3283.90,225833.34,20.50,29.10,103,504
22:50:52,222630.41,3275.91,220987.63,20.60,29.10,105,517
22:51:53,210020.61,3289.27,226250.00,20.60,29.10,103,452
22:52:53,233749.95,3329.73,225363.83,20.60,29.10,98,477
22:53:54,210020.61,3302.69,228930.83,20.70,29.10,99,517
22:54:54,196504.86,3184.21,220123.17,20.70,29.00,99,345
22:55:55,188336.47,3210.10,213333.31,21.00,29.00,102,343
22:56:55,184477.08,3171.36,212500.00,20.90,29.00,99,350
22:57:56,202400.00,3273.17,222360.22,20.90,29.00,123,598
22:58:56,200831.69,3210.10,214170.03,20.80,29.00,100,363
22:59:57,207653.05,3223.13,215853.64,20.80,29.00,115,411
23:0:57,190113.22,3191.85,216293.27,20.80,29.00,102,524
23:1:58,177168.16,3184.21,215853.64,21.00,29.00,101,376
23:2:58,180162.19,3207.23,216326.52,21.10,29.00,99,329
23:3:59,167126.08,3158.57,214170.03,21.10,29.00,103,511
23:4:59,173704.38,3171.36,215853.64,20.90,28.90,118,746
23:6:0,172017.27,3171.36,215010.13,20.90,28.90,110,249
23:7:0,167126.08,3145.84,215853.64,21.00,28.90,106,573
23:8:1,153828.16,3120.57,210020.03,21.20,28.90,104,488
23:9:1,148500.03,3083.10,210020.03,21.30,28.90,98,607
23:10:2,161754.13,3150.36,213387.41,21.40,28.90,96,536
23:11:2,155212.64,3120.57,211670.00,21.30,28.90,103,441
23:12:3,165550.02,3158.57,210843.36,21.20,28.90,98,251
23:13:3,162475.44,3120.57,210843.36,21.20,28.90,99,507
23:14:4,156619.08,3120.57,209200.00,21.20,28.90,96,510
23:15:4,160439.06,3142.86,212955.45,21.30,28.90,97,480
23:16:5,174842.13,3142.86,212955.45,21.20,28.90,30100,30369
23:17:5,170359.00,3158.57,212500.00,21.20,28.90,93,459
23:18:6,176973.47,3140.62,212929.28,21.30,28.90,91,547
23:19:6,172017.27,3120.57,210020.03,21.30,28.90,97,407
23:20:7,168169.50,3117.54,212121.20,21.30,28.90,98,367
23:21:7,170359.00,3108.02,210020.03,21.40,28.90,108,779
23:22:8,168355.95,3122.75,213360.31,21.50,28.90,97,451
23:23:8,168355.95,3122.75,210865.17,21.50,28.90,98,297
23:24:9,162475.44,3133.18,211670.00,21.50,28.90,96,478
23:25:9,174842.13,3168.42,216326.52,21.50,28.80,92,452
23:26:10,178946.44,3120.57,210020.03,21.50,28.80,86,393
23:27:10,178946.44,3120.57,210020.03,21.40,28.80,88,393
23:28:11,173704.38,3145.84,211670.00,21.40,28.80,91,563
23:29:11,186388.91,3158.57,210843.36,21.40,28.80,95,507
23:30:12,186388.91,3108.02,209200.00,21.50,28.80,95,522
23:31:12,180756.78,3070.73,209200.00,21.60,28.80,97,443
23:32:13,177168.16,3046.15,206759.44,21.70,28.80,97,539
23:33:13,167126.08,3033.95,206759.44,21.80,28.70,100,445
23:34:14,178946.44,3058.41,207569.72,21.90,28.70,90,395
23:35:14,158048.03,3009.72,202755.91,21.90,28.70,85,623
23:36:15,163272.75,3074.82,208416.83,22.10,28.70,97,617
23:37:15,152124.08,2987.53,204356.44,22.10,28.60,96,484
23:38:16,149801.56,3083.10,211670.00,22.50,28.60,92,427
23:39:16,155212.64,3070.73,213333.31,22.30,28.60,97,455
23:40:17,158048.03,3083.10,210020.03,22.30,28.60,96,330
23:41:17,151123.11,3070.73,206759.44,22.30,28.60,97,699
23:42:18,149801.56,3108.02,208383.23,22.30,28.60,97,510
23:43:18,147218.08,3083.10,205952.38,22.40,28.60,96,520
23:44:19,153828.16,3120.57,210020.03,22.50,28.50,96,368
23:45:19,144711.16,3070.73,210843.36,22.50,28.50,104,469
23:46:20,153828.16,3108.02,213333.31,22.60,28.50,101,30492
23:47:20,148333.38,3077.93,213765.17,22.70,28.50,104,338
23:48:21,151123.11,3083.10,212500.00,22.80,28.50,101,360
23:49:21,137617.06,3083.10,214170.03,22.80,28.50,101,370
23:50:22,142277.41,3108.02,213333.31,22.90,28.50,99,329
23:51:22,136493.00,3083.10,215010.13,22.90,28.40,99,667
23:52:23,138757.19,3070.73,212500.00,23.00,28.40,97,460
23:53:23,142277.41,3058.41,207569.72,23.00,28.40,99,366
23:54:24,139913.70,3083.10,210843.36,23.00,28.40,116,481
23:55:24,149801.56,3083.10,213333.31,23.10,28.40,103,488
23:56:25,137617.06,3070.73,211670.00,23.10,28.40,104,331
23:57:25,132150.73,3070.73,211670.00,23.10,28.40,102,468
23:58:26,141087.00,3083.10,210843.36,23.20,28.40,103,382
23:59:26,133986.16,3097.64,213360.31,23.20,28.30,109,495
