Hora,O3,NO2,CO,Humedad,Temperatura,P25,P10
0:0:27,136338.06,3053.27,211267.59,23.30,28.30,108,499
0:1:27,139913.70,3108.02,213333.31,23.40,28.30,105,520
0:2:28,132150.73,3046.15,214170.03,23.50,28.30,102,505
0:3:28,136493.00,3058.41,213333.31,23.50,28.30,101,562
0:4:29,128040.05,3046.15,209200.00,23.60,28.20,102,404
0:5:29,126065.84,3046.15,207569.72,23.70,28.20,104,338
0:6:30,126609.23,3055.27,211290.31,23.70,28.20,100,472
0:7:30,123199.95,3046.15,210020.03,23.70,28.20,96,387
0:8:31,118662.46,3033.95,211670.00,23.80,28.20,107,465
0:9:31,116790.09,3016.71,210441.75,23.90,28.20,103,668
0:10:32,116925.89,3033.95,210843.36,24.00,28.20,103,427
0:11:32,114399.97,3009.72,209200.00,24.00,28.20,106,440
0:12:33,109614.02,2997.69,209200.00,24.00,28.10,103,478
0:13:33,103731.83,2973.79,205952.38,24.00,28.10,120,567
0:14:33,102342.53,2961.93,201964.64,24.10,28.10,103,585
0:15:34,102342.53,2950.11,203550.28,24.20,28.10,100,439
0:16:34,103731.83,2985.71,204347.81,24.30,28.10,100,747
0:17:35,100315.20,2961.93,205148.52,24.30,28.10,96,555
0:18:35,100315.20,2985.71,206759.44,24.30,28.10,99,469
0:19:36,95832.45,2938.36,202755.91,24.30,28.00,90,344
0:20:36,92489.79,2946.79,202366.86,24.40,28.00,102,503
0:21:37,93670.09,2946.79,205566.61,24.50,28.00,101,394
0:22:37,92826.52,2950.11,204347.81,24.40,28.00,100,400
0:23:38,88000.00,2900.00,199217.23,24.40,28.00,97,433
0:24:38,85066.67,2898.41,198440.56,24.60,28.00,104,555
0:25:39,81714.29,2903.40,198830.42,24.60,28.00,96,514
0:26:39,83168.23,2926.65,203550.28,24.60,28.00,97,670
0:27:40,83168.23,2938.36,201964.64,24.60,28.00,101,439
0:28:40,78923.78,2880.36,197281.56,24.60,28.00,100,521
0:29:41,74592.27,2834.90,192706.33,24.60,28.00,105,525
0:30:41,75008.61,2846.19,191954.03,24.60,28.00,102,420
0:31:42,75008.61,2891.85,197281.56,24.60,28.00,97,489
0:32:42,72962.02,2891.85,196511.64,24.70,28.00,94,347
0:33:43,72312.23,2845.60,193036.77,24.80,28.00,99,618
0:34:43,70255.14,2871.95,196498.06,24.80,28.00,100,506
0:35:44,69487.80,2868.92,193461.55,24.80,28.00,94,326
0:36:44,67665.34,2823.66,194980.70,24.80,28.00,94,553
0:37:45,67309.52,2846.19,190458.02,24.90,28.00,96,593
0:38:45,66608.70,2849.10,193436.30,24.80,28.00,93,623
0:39:46,65914.06,2834.90,189714.30,24.80,28.00,92,554
0:40:46,65062.02,2836.32,189694.66,24.70,27.90,97,621
0:41:47,62928.30,2790.24,186037.73,24.80,27.90,99,701
0:42:47,62679.25,2786.67,187832.72,24.90,27.90,91,508
0:43:48,61665.43,2757.27,184586.48,25.00,27.90,99,698
0:44:48,61977.62,2779.20,183146.09,25.00,27.90,100,580
0:45:49,61665.43,2768.21,182429.92,25.10,27.90,96,546
0:46:49,61649.26,2770.73,187452.48,25.10,27.90,94,538
0:47:50,62430.19,2794.20,188910.16,25.20,27.90,98,595
0:48:50,61047.98,2757.27,186037.73,25.30,27.80,99,539
0:49:51,60742.66,2768.21,186037.73,25.30,27.90,103,789
0:50:51,60742.66,2757.27,186037.73,25.40,27.80,90,517
0:51:52,60966.80,2785.37,187121.22,25.40,27.80,90,30440
0:52:52,59840.00,2779.20,184586.48,25.50,27.80,89,567
0:53:53,60058.40,2752.42,185660.39,25.60,27.80,87,664
0:54:53,61731.35,2775.61,187096.80,25.70,27.80,87,516
0:55:54,61047.98,2757.27,185310.75,25.80,27.80,88,471
0:56:54,61665.43,2779.20,186767.50,26.00,27.80,95,525
0:57:55,63000.00,2797.77,190057.38,26.00,27.80,101,555
0:58:55,62928.30,2801.33,186767.50,26.20,27.80,95,399
0:59:56,64640.93,2831.39,193063.58,26.30,27.80,100,466
1:0:56,64561.54,2812.47,188235.31,26.50,27.80,95,507
1:1:57,65913.73,2826.46,192678.23,26.60,27.80,98,474
1:2:57,64895.75,2801.33,191204.61,26.70,27.80,99,448
1:3:58,65914.06,2801.33,194219.66,26.80,27.80,97,488
1:4:58,66606.30,2823.66,194980.70,26.70,27.80,107,348
1:5:59,68483.87,2831.39,196887.17,26.90,27.80,95,544
1:6:59,70147.54,2829.98,196124.05,27.10,27.80,99,359
1:8:0,73364.40,2857.53,198054.48,27.20,27.80,93,497
1:9:0,73582.97,2836.32,197276.28,27.30,27.80,98,453
1:10:1,76710.54,2846.19,198054.48,27.30,27.80,101,460
1:11:1,79378.39,2868.92,199609.38,27.40,27.80,102,412
1:12:2,85171.44,2915.00,200391.39,27.60,27.80,94,414
1:13:2,82194.45,2857.53,199609.38,27.60,27.80,102,354
1:14:3,84857.15,2888.44,200000.00,27.70,27.80,103,531
1:15:3,82679.07,2868.92,201964.64,27.80,27.80,103,342
1:16:4,86512.08,2893.42,201968.50,27.90,27.80,97,658
1:17:4,91095.48,2938.36,201176.48,27.90,27.80,100,459
1:18:5,91095.48,2857.53,199609.38,27.70,27.80,99,365
1:19:5,92826.52,2880.36,202755.91,27.60,27.80,94,385
1:20:6,96846.55,2928.31,203557.30,27.70,27.80,97,573
1:21:6,99956.51,2958.62,208817.63,27.80,27.80,97,408
1:22:7,95832.45,2915.00,206759.44,27.80,27.80,103,468
1:23:7,89415.84,2915.00,203550.28,27.90,27.80,95,591
1:24:8,90763.82,2946.79,206374.50,27.90,27.80,99,527
1:25:8,86724.64,2915.00,204347.81,27.90,27.80,113,288
1:26:9,90200.00,2958.62,208817.63,27.90,27.80,101,384
1:27:9,91666.66,2938.36,205952.38,28.00,27.80,106,548
1:28:10,94416.66,2974.07,210505.05,28.00,27.70,104,599
1:29:10,95218.74,2973.79,210020.03,28.00,27.70,104,547
1:30:10,91095.48,2926.65,210020.03,28.10,27.70,104,366
1:31:11,95218.74,2973.79,210020.03,28.10,27.70,103,457
1:32:11,96264.54,2998.14,216393.42,28.10,27.70,105,538
1:33:12,94497.41,2980.65,212929.28,28.20,27.70,114,546
1:34:12,95218.74,2997.69,216700.59,28.20,27.70,97,565
1:35:13,93415.38,2973.79,212500.00,28.40,27.70,98,304
1:36:13,94010.30,2997.69,216700.59,28.40,27.60,102,433
1:37:14,94010.30,2985.71,217551.02,28.50,27.60,104,472
1:38:14,94611.40,2985.71,217551.02,28.60,27.70,97,351
1:39:15,93302.56,2968.74,215447.14,28.60,27.70,98,464
1:40:15,97712.76,3021.81,218404.89,28.60,27.70,97,433
1:41:16,95832.45,2973.79,215853.64,28.70,27.70,101,373
1:42:16,95832.45,2961.93,213333.31,28.80,27.70,98,390
1:43:17,99535.13,3004.63,218852.44,28.80,27.60,101,430
1:44:17,99654.04,3009.72,220123.17,28.90,27.60,105,442
1:45:18,96336.84,3004.63,219712.50,28.80,27.60,101,356
1:46:18,91555.55,2980.65,214604.44,29.00,27.60,100,414
1:47:19,94010.30,3009.72,215853.64,29.00,27.60,98,382
1:48:19,95832.45,2997.69,215010.13,29.00,27.60,104,431
1:49:20,90763.82,2970.51,210462.77,29.00,27.60,98,381
1:50:20,86724.64,2950.11,213333.31,29.10,27.60,98,482
1:51:21,85171.44,2950.11,210020.03,29.10,27.60,99,419
1:52:21,85884.62,2958.62,214634.13,29.00,27.60,98,380
1:53:22,84857.15,2970.51,212955.45,29.10,27.60,104,376
1:54:22,85684.21,2961.93,212500.00,29.20,27.60,98,378
1:55:23,82194.45,2938.36,210020.03,29.20,27.50,105,402
1:56:23,80767.13,2950.11,210843.36,29.20,27.60,97,390
1:57:24,81888.90,2946.79,212121.20,29.30,27.50,101,509
1:58:24,82194.45,2973.79,211670.00,29.40,27.60,101,450
1:59:25,80767.13,2950.11,211670.00,29.50,27.50,110,491
2:0:25,84160.38,2950.11,211670.00,29.40,27.50,100,620
2:1:26,86201.92,2997.69,215853.64,29.50,27.50,100,366
2:2:26,84454.98,2975.58,214198.77,29.60,27.50,94,361
2:3:27,80767.13,2950.11,212500.00,29.60,27.50,96,502
2:4:27,82679.07,2961.93,215010.13,29.60,27.50,95,294
2:5:28,82372.09,2982.45,216326.52,29.50,27.50,100,508
2:6:28,82194.45,2950.11,212500.00,29.70,27.50,142,440
2:7:29,78923.78,2938.36,210843.36,29.70,27.50,90,427
2:8:29,82092.60,2980.65,212096.77,29.80,27.50,88,481
2:9:30,77145.38,2950.11,210020.03,29.90,27.50,92,400
2:10:30,75008.61,2926.65,209200.00,29.90,27.40,101,692
2:11:31,72167.35,2938.36,210020.03,29.90,27.40,97,519
2:12:31,69117.41,2938.36,209200.00,30.00,27.40,96,408
2:13:32,68750.00,2961.93,209200.00,30.10,27.40,105,373
2:14:32,67309.52,2938.36,209200.00,30.10,27.40,97,345
2:15:33,64229.88,2926.65,208383.23,30.00,27.40,96,371
2:16:33,65914.06,2950.11,210020.03,30.20,27.40,93,486
2:17:34,64561.54,2938.36,209200.00,30.20,27.40,100,621
2:18:34,63648.86,2958.62,208817.63,30.30,27.40,92,546
2:19:35,62360.90,2900.00,208000.00,30.20,27.30,96,353
2:20:35,61355.56,2915.00,208383.23,30.20,27.40,95,376
2:21:36,62443.61,2940.05,210865.17,30.30,27.40,98,484
2:22:36,61977.62,2938.36,208383.23,30.40,27.40,90,311
2:23:37,61355.56,2926.65,209200.00,30.40,27.40,91,438
2:24:37,61895.53,2933.33,209619.23,30.30,27.30,99,497
2:25:38,61977.62,2973.79,211670.00,30.50,27.30,101,740
2:26:38,61977.62,2961.93,212500.00,30.60,27.30,92,356
2:27:39,61583.64,2921.64,208800.00,30.60,27.30,115,630
2:28:39,61665.43,2926.65,208383.23,30.50,27.30,97,491
2:29:40,60742.66,2903.40,205148.52,30.50,27.30,97,509
2:30:40,59249.10,2903.40,203550.28,30.50,27.30,107,484
2:31:41,59840.00,2880.36,201176.48,30.80,27.30,108,666
2:32:41,59543.48,2915.00,202755.91,30.80,27.30,112,478
2:33:42,60138.69,2915.00,204347.81,31.00,27.30,107,537
2:34:42,59543.48,2903.40,205952.38,31.10,27.30,107,512
2:35:43,60500.01,2911.62,207185.63,31.20,27.30,96,413
2:36:43,59249.10,2846.19,202755.91,31.10,27.20,101,433
2:37:44,61977.62,2926.65,204347.81,30.70,27.30,110,434
2:38:44,62292.14,2938.36,209200.00,31.40,27.30,107,331
2:39:44,63648.86,2970.51,210462.77,31.30,27.30,102,595
2:40:45,65147.29,2968.74,217142.84,31.50,27.40,105,418
2:41:45,66956.52,2973.79,215010.13,31.60,27.40,102,419
2:42:46,67665.34,2961.93,218404.89,31.60,27.40,100,527
2:43:46,71385.89,3021.81,219262.27,31.40,27.40,98,289
2:44:47,71112.03,2994.44,217177.89,32.00,27.40,102,339
2:45:47,73364.40,2997.69,218404.89,32.00,27.40,103,407
2:46:48,72962.02,2961.93,216700.59,31.80,27.40,114,476
2:47:48,77145.38,3021.81,223602.50,31.30,27.40,104,373
2:48:49,77145.38,3033.95,226250.00,32.00,27.40,100,354
2:49:49,76710.54,3021.81,224481.34,32.20,27.40,98,378
2:50:50,74818.96,3035.90,221900.81,32.20,27.40,100,334
2:51:50,73364.40,3009.72,223602.50,32.30,27.40,102,460
2:52:51,72167.35,3033.95,225363.83,32.20,27.40,113,390
2:53:51,70999.99,2985.71,222727.30,32.30,27.40,102,359
2:54:52,70617.27,3033.95,223602.50,32.10,27.40,103,656
2:55:52,70999.99,3046.15,226250.00,32.30,27.30,102,562
2:56:53,69861.22,3033.95,222727.30,32.30,27.40,100,366
2:57:53,70237.70,3046.15,225363.83,32.30,27.40,100,327
2:58:54,69861.22,3021.81,222727.30,32.30,27.30,97,425
2:59:54,68023.99,2985.71,223602.50,32.50,27.30,98,428
3:0:55,69117.41,2997.69,220123.17,32.10,27.30,94,510
3:1:55,71774.99,3046.15,227139.89,32.40,27.30,114,463
3:2:56,74818.96,3048.13,223651.47,32.20,27.30,93,255
3:3:56,73770.20,3033.95,224481.34,32.40,27.30,98,362
3:4:57,78473.22,3021.81,225363.83,32.30,27.30,98,345
3:5:57,77584.08,3033.95,227139.89,32.40,27.30,101,522
3:6:58,72563.02,2997.69,220123.17,32.50,27.30,96,323
3:7:58,69487.80,2938.36,215853.64,32.40,27.30,94,455
3:8:59,70999.99,2997.69,219262.27,32.00,27.30,97,369
3:9:59,70617.27,2997.69,217551.02,32.40,27.30,97,346
3:11:0,70237.70,2985.71,220123.17,32.50,27.30,97,350
3:12:0,69117.41,2985.71,219262.27,32.40,27.30,99,468
3:13:1,67309.52,2973.79,215853.64,32.60,27.30,96,370
3:14:1,69487.80,2961.93,216700.59,32.70,27.20,95,291
3:15:2,68023.99,2961.93,215010.13,32.70,27.30,100,439
3:16:2,67759.99,2982.45,218891.14,32.70,27.20,97,431
3:17:3,64895.75,2938.36,214170.03,32.80,27.20,106,525
3:18:3,64061.30,2951.83,216734.69,32.90,27.20,103,458
3:19:4,63250.00,2938.36,215010.13,32.90,27.10,101,279
3:20:4,62443.61,2951.83,214198.77,33.00,27.10,102,387
3:21:5,60742.66,2903.40,211670.00,33.10,27.10,102,426
3:22:5,60742.66,2903.40,210843.36,33.10,27.10,100,617
3:23:6,59840.00,2926.65,210843.36,33.00,27.10,105,445
3:24:6,59543.48,2938.36,212500.00,33.20,27.10,100,443
3:25:7,59760.00,2956.88,215447.14,33.30,27.10,128,628
3:26:7,59249.10,2926.65,211670.00,33.20,27.10,98,593
3:27:8,59249.10,2938.36,211670.00,33.40,27.10,96,468
3:28:8,58956.84,2915.00,209200.00,33.50,27.00,92,509
3:29:9,58378.58,2903.40,209200.00,33.50,27.00,96,707
3:30:9,60117.22,2918.26,215071.27,33.60,27.00,98,577
3:31:10,58378.58,2880.36,207569.72,33.70,27.00,97,551
3:32:10,58430.10,2888.44,211290.31,33.80,27.00,97,503
3:33:11,58221.42,2905.00,212525.23,33.40,26.90,98,386
3:34:11,58798.57,2916.63,210040.16,33.20,26.90,102,522
3:35:12,58378.58,2903.40,213333.31,33.20,26.90,100,462
3:36:12,58666.68,2903.40,212500.00,33.50,27.00,90,464
3:37:13,58378.58,2926.65,212500.00,33.60,27.00,102,506
3:38:13,58142.85,2911.62,215478.59,33.20,26.90,95,504
3:39:14,58378.58,2926.65,211670.00,33.30,26.90,90,468
3:40:14,58877.70,2933.33,213765.17,33.30,26.90,88,291
3:41:15,58666.68,2903.40,211670.00,33.30,26.90,89,531
3:42:15,58142.85,2900.00,215478.59,33.20,26.90,94,451
3:43:16,58956.84,2926.65,215010.13,33.30,26.90,88,432
3:44:16,57246.47,2880.36,205148.52,33.30,26.90,90,520
3:45:17,55606.89,2834.90,202755.91,33.40,26.80,92,593
3:46:17,56418.11,2846.19,204347.81,33.40,26.90,102,422
3:47:17,56145.83,2868.92,204347.81,33.50,26.90,101,517
3:48:18,56145.83,2846.19,203550.28,33.40,26.90,100,490
3:49:18,55606.89,2868.92,205952.38,33.40,26.90,103,351
3:50:19,56145.83,2846.19,203550.28,33.40,26.90,105,497
3:51:19,56418.11,2880.36,206759.44,33.50,26.80,99,559
3:52:20,56968.41,2857.53,205952.38,33.50,26.80,104,440
3:53:20,57808.50,2915.00,210020.03,33.40,26.90,103,413
3:54:21,57526.50,2880.36,210843.36,33.50,26.80,96,445
3:55:21,58719.43,2923.29,211290.31,33.40,26.80,98,336
3:56:22,57808.50,2891.85,208383.23,33.60,26.80,96,550
3:57:22,57808.50,2903.40,210843.36,33.60,26.80,136,568
3:58:23,57169.01,2863.96,208800.00,33.50,26.80,98,555
3:59:23,56341.46,2829.98,205555.55,33.50,26.80,102,663
4:0:24,55875.43,2834.90,202755.91,33.60,26.70,100,508
4:1:24,56615.38,2875.39,205555.55,33.30,26.80,94,473
4:2:25,56145.83,2846.19,201964.64,33.20,26.80,96,397
4:3:25,57169.01,2886.88,206361.83,33.30,26.80,102,444
4:4:26,56692.30,2846.19,208383.23,33.20,26.70,108,569
4:5:26,58092.54,2891.85,209200.00,33.10,26.80,99,673
4:6:27,56692.30,2868.92,207569.72,33.10,26.80,118,484
4:7:27,57808.50,2880.36,209200.00,33.20,26.80,100,569
4:8:28,57246.47,2891.85,209200.00,33.10,26.80,110,604
4:9:28,57246.47,2857.53,208383.23,33.00,26.80,101,501
4:10:29,58014.23,2910.00,211267.59,32.80,26.80,95,517
4:11:29,58666.68,2891.85,212500.00,33.10,26.70,100,435
4:12:30,59249.10,2903.40,214170.03,33.10,26.70,102,321
4:13:30,58587.82,2886.88,210441.75,33.00,26.70,101,386
4:14:31,58378.58,2891.85,211670.00,33.10,26.70,101,468
4:15:31,57730.49,2852.58,209619.23,33.50,26.70,105,549
4:16:32,57808.50,2880.36,209200.00,33.40,26.70,108,523
4:17:32,57246.47,2857.53,207569.72,33.50,26.70,107,677
4:18:33,57371.02,2825.06,205158.73,33.60,26.70,113,833
4:19:33,56891.22,2829.98,205555.55,33.80,26.70,108,404
4:20:34,57526.50,2846.19,203550.28,33.70,26.70,108,481
4:21:34,57169.01,2852.58,211267.59,33.80,26.60,106,564
4:22:35,58378.58,2891.85,211670.00,33.80,26.60,100,568
4:23:35,56968.41,2846.19,209200.00,33.80,26.60,97,442
4:24:36,57808.50,2834.90,207569.72,33.70,26.60,96,478
4:25:36,56968.41,2812.47,203550.28,33.80,26.70,98,388
4:26:37,56891.22,2818.75,200784.33,34.00,26.60,97,441
4:27:37,57246.47,2857.53,209200.00,34.00,26.60,96,338
4:28:38,57246.47,2834.90,205952.38,33.80,26.60,97,384
4:29:38,56968.41,2834.90,205952.38,33.80,26.60,94,350
4:30:39,56145.83,2812.47,200391.39,34.10,26.60,95,496
4:31:39,57246.47,2834.90,207569.72,34.00,26.60,105,566
4:32:40,56968.41,2846.19,206759.44,34.10,26.60,96,467
4:33:40,58092.54,2880.36,211670.00,34.10,26.60,103,681
4:34:41,58092.54,2891.85,212500.00,34.00,26.50,104,454
4:35:41,57808.50,2868.92,210020.03,33.80,26.50,102,648
4:36:42,58508.97,2881.90,213360.31,33.80,26.50,103,404
4:37:42,58378.58,2915.00,212500.00,33.80,26.50,103,482
4:38:43,57169.01,2875.39,212096.77,33.80,26.50,99,445
4:39:43,58956.84,2903.40,213333.31,33.80,26.50,101,345
4:40:44,58142.85,2900.00,211290.31,33.70,26.50,124,727
4:41:44,57808.50,2891.85,208383.23,33.90,26.40,93,518
4:42:45,56968.41,2880.36,208383.23,34.00,26.40,96,607
4:43:45,57857.64,2888.44,209638.55,34.00,26.40,121,752
4:44:46,56968.41,2880.36,209200.00,34.10,26.40,97,364
4:45:46,58142.85,2900.00,211290.31,34.10,26.40,96,424
4:46:47,58092.54,2891.85,212500.00,34.00,26.40,96,355
4:47:47,58587.82,2921.64,213765.17,34.10,26.40,99,701
4:48:48,58378.58,2926.65,214170.03,34.10,26.40,100,426
4:49:48,59543.48,2926.65,215853.64,34.10,26.30,104,613
4:50:48,59249.10,2926.65,216700.59,34.10,26.30,98,399
4:51:49,58666.68,2880.36,213333.31,34.20,26.30,97,548
4:52:49,58014.23,2886.88,216293.27,34.40,26.30,92,380
4:53:50,57246.47,2857.53,208383.23,34.40,26.30,96,578
4:54:50,58092.54,2846.19,209200.00,34.40,26.30,97,438
4:55:51,57526.50,2915.00,214170.03,33.80,26.30,97,533
4:56:51,58378.58,2903.40,214170.03,34.40,26.30,93,490
4:57:52,58092.54,2903.40,210843.36,34.40,26.30,98,515
4:58:52,57808.50,2891.85,213333.31,34.70,26.30,95,529
4:59:53,58092.54,2915.00,210843.36,34.80,26.20,85,459
5:0:53,58142.85,2911.62,213793.08,34.80,26.20,88,383
5:1:54,58092.54,2891.85,211670.00,34.80,26.20,85,451
5:2:54,58092.54,2891.85,210843.36,34.90,26.20,86,665
5:3:55,58666.68,2880.36,210843.36,34.90,26.20,87,398
5:4:55,58956.84,2891.85,214170.03,34.90,26.20,91,420
5:5:56,57730.49,2886.88,210441.75,35.00,26.20,87,609
5:6:56,57246.47,2880.36,210843.36,35.00,26.20,98,620
5:7:57,58014.23,2898.41,211267.59,35.00,26.20,110,559
5:8:57,58666.68,2891.85,215853.64,35.00,26.20,101,369
5:9:58,58378.58,2926.65,215010.13,35.10,26.10,96,578
5:10:58,58092.54,2880.36,213333.31,35.20,26.10,95,431
5:11:59,59760.00,2910.00,216293.27,35.10,26.10,93,517
5:12:59,58877.70,2910.00,217142.84,35.10,26.10,94,553
5:14:0,59543.48,2938.36,218404.89,35.10,26.10,94,432
5:15:0,58666.68,2880.36,213333.31,35.10,26.10,95,333
5:16:1,59543.48,2938.36,219262.27,34.80,26.10,96,382
5:17:1,60138.69,2938.36,223602.50,35.10,26.10,96,554
5:18:2,59978.11,2951.83,216734.69,34.80,26.00,87,249
5:19:2,60723.25,2941.74,217622.92,35.00,26.00,99,397
5:20:3,60742.66,2973.79,217551.02,34.70,26.00,98,500
5:21:3,61665.43,2973.79,218404.89,35.00,26.00,97,434
5:22:4,61962.55,2918.26,217622.92,34.60,25.90,103,378
5:23:4,62360.90,3006.50,225000.02,33.80,25.90,102,495
5:24:5,64561.54,3009.72,224481.34,34.50,25.90,106,592
5:25:5,65914.06,3046.15,228930.83,34.50,25.80,103,527
5:26:6,66172.55,3016.71,232135.33,34.60,25.80,102,425
5:27:6,67309.52,3033.95,227139.89,34.80,25.80,104,370
5:28:7,66346.45,2982.45,225887.28,34.90,25.80,103,361
5:29:7,68120.48,3055.27,229473.69,34.20,25.80,113,427
5:30:8,66956.52,3021.81,228930.83,34.80,25.80,111,442
5:31:8,66606.30,3033.95,223602.50,34.90,25.80,111,402
5:32:9,66606.30,2985.71,225363.83,34.70,25.80,113,474
5:33:9,68750.00,3058.41,228930.83,34.30,25.80,109,400
5:34:10,67309.52,3046.15,225363.83,34.70,25.80,104,377
5:35:10,66956.52,3009.72,225363.83,34.60,25.80,98,446
5:36:11,71112.03,3092.45,234968.03,34.60,25.80,115,266
5:37:11,72962.02,3120.57,237179.50,34.60,25.70,100,599
5:38:12,71499.99,3104.96,237768.23,34.60,25.80,102,535
5:39:12,73770.20,3095.53,239055.80,34.50,25.80,115,388
5:40:13,76279.48,3120.57,240000.00,34.70,25.70,105,437
5:41:13,73770.20,3058.41,235319.14,34.60,25.70,99,549
5:42:14,70999.99,3021.81,224481.34,34.70,25.70,98,444
5:43:14,72193.27,3062.44,230866.83,34.80,25.70,100,422
5:44:15,77584.08,3095.53,240000.00,34.70,25.70,100,439
5:45:15,79378.39,3120.57,241900.66,34.40,25.70,102,528
5:46:15,79378.39,3120.57,235319.14,34.30,25.80,102,284
5:47:16,81481.49,3084.16,244638.95,34.30,25.80,100,423
5:48:16,86724.64,3133.18,237179.50,33.80,25.80,107,441
5:49:17,92243.65,3108.02,237179.50,34.10,25.70,102,668
5:50:17,98352.93,3145.84,237179.50,34.00,25.70,102,439
5:51:18,100571.41,3188.41,245714.28,34.20,25.60,103,478
5:52:18,96452.63,3120.57,236247.34,34.40,25.60,98,516
5:53:19,93415.38,3133.18,236247.34,34.50,25.60,99,265
5:54:19,97079.36,3145.84,238115.63,34.50,25.60,102,498
5:55:20,95218.74,3145.84,235319.14,34.50,25.60,103,271
5:56:20,91095.48,3108.02,235319.14,34.60,25.60,98,493
5:57:21,90530.00,3095.53,232558.16,34.60,25.60,100,368
5:58:21,85578.95,3077.93,231223.64,34.60,25.60,104,556
5:59:22,84160.38,3083.10,229831.95,34.50,25.60,102,366
6:0:22,79837.11,3070.73,230736.84,34.50,25.60,96,534
6:1:23,82194.45,3108.02,232558.16,34.50,25.60,101,429
6:2:23,81238.54,3046.15,232558.16,34.50,25.60,104,428
6:3:24,84160.38,3120.57,233474.58,34.00,25.60,103,515
6:4:24,86724.64,3120.57,238115.63,34.40,25.60,103,375
6:5:25,90530.00,3171.36,239055.80,34.50,25.60,96,387
6:6:25,89415.84,3120.57,240948.28,34.60,25.60,102,402
6:7:26,93415.38,3108.02,240948.28,34.70,25.50,99,554
6:8:26,102342.53,3197.12,243817.78,34.60,25.50,100,476
6:9:27,111047.59,3212.11,252561.23,34.60,25.50,95,377
6:10:27,111833.30,3077.93,230315.80,34.50,25.40,106,481
6:11:28,107344.80,3184.21,243817.78,33.70,25.40,98,445
6:12:28,116073.59,3223.13,244782.61,34.50,25.40,96,339
6:13:29,113578.28,3184.21,242857.14,34.70,25.40,124,488
6:14:29,106605.70,3158.57,238115.63,34.80,25.40,96,323
6:15:30,105874.98,3108.02,237179.50,34.80,25.40,97,546
6:16:30,94611.40,3058.41,235319.14,34.70,25.40,103,385
6:17:31,95218.74,3070.73,232558.16,34.40,25.40,100,331
6:18:31,96452.63,3171.36,240000.00,34.10,25.40,106,526
6:19:32,98645.15,3155.61,241558.45,34.80,25.40,98,475
6:20:32,100315.20,3171.36,237179.50,34.70,25.30,98,495
6:21:33,94611.40,3120.57,236247.34,35.00,25.30,95,676
6:22:33,89415.84,3083.10,236247.34,35.00,25.30,96,458
6:23:34,86618.36,3102.83,232135.33,34.80,25.40,94,352
6:24:34,84559.24,3102.83,233970.30,35.20,25.30,93,417
6:25:35,83168.23,3070.73,228930.83,35.30,25.30,89,523
6:26:35,80767.13,3058.41,228930.83,35.40,25.30,91,519
6:27:36,80000.01,3080.00,231289.66,35.50,25.30,88,395
6:28:36,78473.22,3046.15,227139.89,35.50,25.30,93,571
6:29:37,76279.48,3033.95,228033.48,35.50,25.30,94,488
6:30:37,75660.86,3048.13,228991.61,35.60,25.30,98,442
6:31:38,75852.19,3058.41,231645.58,35.60,25.40,98,594
6:32:38,77145.38,3046.15,228930.83,35.60,25.40,97,367
6:33:39,75428.56,3033.95,229831.95,35.60,25.30,91,545
6:34:39,72470.58,3028.84,227615.08,35.80,25.30,90,591
6:35:40,74818.96,3097.64,228092.25,35.80,25.40,93,469
6:36:40,74403.42,3072.77,227196.66,35.80,25.30,112,451
6:37:41,73364.40,3058.41,225363.83,35.90,25.30,109,488
6:38:41,72962.02,3058.41,225363.83,36.00,25.30,113,354
6:39:41,72470.58,3053.27,228511.53,36.00,25.20,112,586
6:40:42,71774.99,3046.15,228930.83,36.00,25.20,109,496
6:41:42,70617.27,3046.15,230736.84,36.00,25.20,101,370
6:42:43,69861.22,3058.41,230736.84,36.00,25.20,97,419
6:43:43,69487.80,3046.15,232558.16,36.00,25.30,96,477
6:44:44,68750.00,3095.53,233474.58,36.00,25.30,98,445
6:45:44,68750.00,3070.73,234394.92,36.10,25.30,97,775
6:46:45,68385.54,3070.73,233474.58,36.20,25.30,102,628
6:47:45,68385.54,3083.10,237179.50,36.10,25.30,95,426
6:48:46,68750.00,3108.02,234394.92,36.10,25.30,95,427
6:49:46,72008.40,3101.90,235546.05,36.10,25.30,98,418
6:50:47,68750.00,3021.81,224481.34,35.50,25.30,95,435
6:51:47,70909.09,3065.57,225833.34,35.70,25.30,113,362
6:52:48,70999.99,3058.41,228930.83,35.80,25.30,110,356
6:53:48,70237.70,3046.15,230736.84,35.90,25.30,105,582
6:54:49,70617.27,3083.10,231645.58,36.00,25.30,101,441
6:55:49,71774.99,3083.10,231645.58,36.00,25.30,120,484
6:56:50,75991.26,3092.45,233121.03,35.70,25.40,106,372
6:57:50,72962.02,3095.53,234394.92,35.60,25.30,107,434
6:58:51,72869.20,3077.93,233970.30,35.80,25.40,102,453
6:59:51,73364.40,3095.53,234394.92,35.90,25.30,109,378
7:0:52,72962.02,3095.53,240000.00,35.90,25.40,100,420
7:1:52,70999.99,3108.02,239055.80,36.00,25.30,132,519
7:2:53,72167.35,3108.02,241900.66,36.00,25.30,98,445
7:3:53,75008.61,3158.57,241900.66,35.90,25.30,102,441
7:4:54,75756.52,3166.11,242424.25,35.70,25.40,95,341
7:5:54,76710.54,3158.57,241900.66,35.60,25.40,99,395
7:6:55,81238.54,3145.84,243817.78,35.60,25.30,111,659
7:7:55,81238.54,3145.84,242857.14,35.60,25.30,98,313
7:8:56,78923.78,3133.18,243817.78,35.70,25.30,103,445
7:9:56,79378.39,3133.18,238115.63,35.60,25.30,103,429
7:10:57,77733.34,3104.96,235897.44,35.70,25.40,100,30495
7:11:57,77635.57,3087.26,234541.59,35.80,25.30,97,515
7:12:58,76421.05,3080.00,235897.44,35.90,25.30,93,545
7:13:58,78923.78,3083.10,234394.92,36.00,25.30,92,626
7:14:59,83661.98,3108.02,235319.14,36.00,25.30,97,439
7:15:59,85368.42,3130.17,234968.03,35.90,25.30,98,474
7:17:0,88323.52,3158.57,240000.00,35.90,25.30,180,521
7:18:0,88866.99,3145.84,242857.14,36.00,25.20,100,447
7:19:1,89970.15,3145.84,235319.14,35.90,25.20,106,391
7:20:1,92826.52,3120.57,237179.50,35.90,25.20,109,374
7:21:2,98352.93,3145.84,236247.34,36.10,25.20,95,649
7:22:2,98352.93,3133.18,238115.63,36.10,25.20,96,438
7:23:3,103033.32,3095.53,233474.58,36.00,25.20,97,487
7:24:3,94611.40,3120.57,240000.00,35.50,25.20,97,440
7:25:4,88323.52,3009.72,226250.00,35.70,25.20,96,337
7:26:4,95218.74,3133.18,237179.50,34.80,25.20,97,330
7:27:5,100315.20,3171.36,238115.63,35.50,25.30,100,360
7:28:5,106605.70,3145.84,240000.00,35.50,25.30,96,530
7:29:6,104314.59,3140.62,235820.91,35.70,25.20,94,291
7:30:6,98999.99,3108.02,235319.14,35.60,25.20,101,355
7:31:6,102666.66,3130.17,237768.23,35.60,25.20,95,385
7:32:7,110388.21,3145.84,237179.50,35.50,25.30,98,411
7:33:7,108848.82,3145.84,237179.50,35.60,25.30,98,320
7:34:8,103033.32,2880.36,220987.63,35.60,25.40,95,428
7:35:8,108092.46,3133.18,234394.92,33.50,25.40,96,331
7:36:9,111571.40,3142.86,238709.69,35.40,25.40,98,442
7:37:9,111440.45,3150.36,236402.58,35.80,25.40,100,641
7:38:10,113578.28,3145.84,238115.63,35.90,25.40,101,441
7:39:10,113180.70,3142.86,240604.77,35.90,25.40,95,467
7:40:11,109614.02,3083.10,234394.92,35.80,25.40,102,468
7:41:11,106605.70,3145.84,234394.92,35.80,25.50,91,369
7:42:12,105874.98,3033.95,226250.00,35.90,25.50,92,587
7:43:12,105152.52,3095.53,230736.84,35.50,25.50,93,307
7:44:13,102788.88,3085.18,231712.50,36.00,25.50,93,298
7:45:13,98352.93,3058.41,229831.95,36.00,25.50,101,607
7:46:14,102544.43,3112.32,235470.09,36.10,25.50,119,626
7:47:14,97712.76,3058.41,232558.16,36.20,25.60,95,470
7:48:15,97595.73,3090.35,231223.64,36.30,25.60,89,615
7:49:15,100076.08,3085.18,232627.13,36.30,25.60,90,466
7:50:16,98999.99,3070.73,228930.83,36.30,25.60,92,370
7:51:16,96336.84,3065.57,228511.53,36.80,25.70,89,457
7:52:17,92243.65,3058.41,225363.83,36.90,25.70,92,470
7:53:17,94760.41,3062.44,226359.84,37.00,25.70,90,595
7:54:18,88866.99,3009.72,224481.34,37.00,25.70,101,569
7:55:18,90653.27,3037.85,226359.84,36.90,25.70,99,357
7:56:19,89089.11,3006.50,228571.45,37.30,25.80,98,472
7:57:19,86724.64,3021.81,228033.48,37.20,25.80,91,354
7:58:20,87145.63,3028.84,225833.34,37.50,25.80,95,343
7:59:20,90200.00,3055.27,226778.25,38.00,25.80,97,555
8:0:21,87678.05,3004.63,227615.08,38.20,25.90,96,549
8:1:21,83248.83,2989.35,223700.64,37.90,25.90,99,459
8:2:22,84160.38,2985.71,220987.63,36.80,25.90,102,430
8:3:22,85171.44,2961.93,221855.70,37.90,26.00,101,473
8:4:23,89306.93,3028.84,229411.78,37.10,26.00,115,361
8:5:23,93302.56,3077.93,228511.53,38.10,26.00,96,417
8:6:24,95486.90,3055.27,230379.77,38.30,26.10,97,390
8:7:24,92826.52,2950.11,222727.30,38.40,26.10,96,802
8:8:25,95873.68,3069.65,226834.39,37.50,26.10,107,725
8:9:25,97712.76,3033.95,225363.83,38.00,26.10,105,598
8:10:26,101417.57,3072.77,228092.25,38.10,26.10,106,482
8:11:26,100983.59,3046.15,228033.48,38.40,26.10,109,574
8:12:27,104655.34,3074.82,229957.83,38.40,26.20,104,391
8:13:27,104438.19,3058.41,226250.00,38.40,26.20,108,478
8:14:28,103731.83,3058.41,228930.83,38.40,26.20,113,603
8:15:28,108848.82,3083.10,233474.58,38.40,26.20,109,302
8:16:29,111171.57,3083.10,233474.58,38.00,26.20,100,546
8:17:29,111041.40,3090.35,237687.36,38.00,26.20,99,419
8:18:30,122774.15,3155.61,245414.84,38.40,26.20,97,483
8:19:30,143485.33,3184.21,243817.78,38.60,26.20,101,418
8:20:30,143485.33,3120.57,240000.00,38.30,26.20,99,358
8:21:31,139913.70,3133.18,241900.66,37.90,26.20,99,389
8:22:31,151123.11,3171.36,242857.14,38.20,26.20,97,484
8:23:32,157696.03,3212.53,248791.20,38.30,26.30,102,629
8:24:32,142277.41,3108.02,237179.50,38.30,26.30,98,425
8:25:33,158967.78,3194.23,240604.77,37.80,26.30,100,298
8:26:33,168728.83,3223.13,248684.22,37.90,26.30,104,269
8:27:34,156269.88,3186.57,245851.53,37.70,26.40,106,362
8:28:34,159500.03,3120.57,240948.28,37.60,26.40,98,510
8:29:35,173513.06,3230.92,248245.61,37.00,26.50,99,386
8:30:35,177168.16,3171.36,246724.89,37.30,26.50,100,504
8:31:36,187514.03,3254.50,249889.63,37.50,26.50,102,465
8:32:36,194403.84,3249.39,248684.22,37.50,26.50,111,248
8:33:37,173704.38,3158.57,238115.63,37.60,26.50,107,471
8:34:37,153828.16,2926.65,222727.30,37.20,26.50,118,531
8:35:38,165550.02,3095.53,235319.14,35.60,26.60,94,202
8:36:38,178946.44,3210.10,242857.14,37.20,26.60,97,243
8:37:39,175421.08,3095.53,234394.92,37.60,26.60,101,356
8:38:39,187925.25,3225.60,243913.05,37.00,26.60,99,396
8:39:40,182600.02,3197.12,242857.14,37.50,26.60,101,236
8:40:40,182600.02,3184.21,244782.61,37.20,26.70,98,409
8:41:41,190320.77,3197.12,244782.61,37.00,26.70,122,438
8:42:41,233249.97,3332.51,250772.63,36.90,26.70,100,322
8:43:42,192342.88,2997.69,240000.00,37.10,26.70,99,340
8:44:42,238930.19,3300.00,251327.42,35.60,26.70,103,456
8:45:43,236689.61,3249.39,248684.22,37.00,26.70,98,299
8:46:43,230876.38,3275.91,248684.22,37.20,26.70,97,351
8:47:44,227822.20,3257.28,245315.91,37.20,26.70,96,398
8:48:44,259324.92,3275.91,244782.61,37.20,26.70,100,434
8:49:45,259324.92,3275.91,247702.41,37.20,26.70,97,430
8:50:45,225318.66,3070.73,239055.80,37.10,26.70,94,365
8:51:46,265410.19,3294.61,246929.83,36.70,27.10,95,429
8:52:46,242776.42,3197.12,242857.14,35.90,27.70,98,274
8:53:47,255851.78,3184.21,241900.66,34.60,28.50,95,286
8:54:47,277493.25,3332.51,246827.14,33.10,29.30,107,334
8:55:48,282135.03,3184.21,242857.14,32.20,30.10,101,424
8:56:48,245928.52,3095.53,234394.92,30.50,30.90,99,464
8:57:49,273263.06,3273.17,245414.84,29.50,31.60,97,369
8:58:49,266538.38,3223.13,240000.00,29.10,32.20,97,366
8:59:50,254765.36,3241.26,243043.48,28.10,32.70,96,371
9:0:50,282135.03,3197.12,240948.28,27.70,33.20,99,605
9:1:51,273842.00,3204.81,242424.25,27.10,33.60,90,368
9:2:51,284493.03,3204.35,243137.27,26.70,33.90,87,459
9:3:52,270285.63,3145.84,234394.92,26.50,34.20,83,440
9:4:52,259324.92,3158.57,233474.58,26.40,34.30,80,418
9:5:53,225318.66,3133.18,233474.58,26.40,34.30,80,429
9:6:53,242776.42,3145.84,234394.92,26.70,34.10,78,366
9:7:54,233749.95,3083.10,229831.95,26.70,33.80,78,518
9:8:54,216723.38,3080.00,231289.66,27.00,33.60,77,325
9:9:55,222630.41,3083.10,232558.16,27.10,33.50,74,438
9:10:55,247831.27,3157.90,233191.48,27.50,33.20,79,464
9:11:56,255851.78,3197.12,234394.92,27.60,32.90,77,408
9:12:56,249156.56,3108.02,231645.58,28.10,32.50,75,448
9:13:57,249156.56,3133.18,232558.16,28.60,32.20,83,446
9:14:57,249156.56,3145.84,234394.92,28.90,32.00,77,406
9:15:58,266538.38,3184.21,235319.14,28.80,31.90,80,440
9:16:58,259324.92,3145.84,236247.34,29.00,31.80,78,445
9:17:59,252463.36,3095.53,233474.58,28.90,31.90,74,390
9:18:59,241999.95,3142.86,236830.83,28.80,31.90,78,365
9:19:59,255851.78,3158.57,233474.58,28.80,31.90,78,375
9:21:0,269142.78,3241.26,239224.14,28.90,31.90,80,391
9:22:0,266538.38,3184.21,238115.63,28.90,31.80,80,448
9:23:1,262886.00,3171.36,234394.92,29.10,31.70,87,494
9:24:1,262886.00,3158.57,235319.14,29.30,31.60,89,541
9:25:2,285999.88,3191.85,234893.61,29.50,31.40,81,468
9:26:2,249156.56,3083.10,232558.16,29.60,31.40,85,359
9:27:3,249156.56,3095.53,233474.58,29.60,31.40,86,446
9:28:3,274131.47,3145.84,232558.16,29.70,31.40,89,451
9:29:4,266538.38,3184.21,234394.92,29.90,31.30,91,458
9:30:4,262050.55,3181.29,234968.03,29.90,31.30,97,434
9:31:5,262050.55,3181.29,234968.03,29.90,31.30,90,419
9:32:5,230876.38,3120.57,238115.63,29.90,31.30,94,334
9:33:6,239697.64,3158.57,235319.14,29.90,31.40,90,374
9:34:6,241482.31,3196.63,235042.75,29.70,31.40,92,307
9:35:7,262886.00,3289.27,239055.80,29.70,31.50,91,538
9:36:7,262886.00,3302.69,238115.63,29.50,31.40,88,404
9:37:8,294985.78,3236.23,239055.80,29.60,31.40,89,461
9:38:8,270285.63,3275.91,236247.34,29.70,31.30,88,419
9:39:9,308646.91,3127.96,230315.80,29.80,31.20,89,252
9:40:9,249156.56,3145.84,232558.16,29.80,31.10,88,321
9:41:10,262886.00,3223.13,240948.28,30.00,31.10,92,313
9:42:10,266538.38,3184.21,237179.50,30.20,31.10,91,317
9:43:11,225318.66,3223.13,240948.28,30.30,31.10,92,333
9:44:11,245928.52,3108.02,236247.34,30.00,31.10,89,371
9:45:12,249156.56,3158.57,241900.66,30.00,31.20,92,358
9:46:12,286301.25,3275.91,244782.61,29.80,31.30,91,591
9:47:13,266538.38,3108.02,237179.50,29.80,31.20,90,450
9:48:13,252463.36,3171.36,240948.28,29.90,31.20,91,334
9:49:14,242776.42,3120.57,240948.28,29.90,31.30,94,230
9:50:14,230876.38,3108.02,237179.50,29.70,31.30,94,402
9:51:15,242776.42,3145.84,238115.63,29.70,31.40,95,503
9:52:15,214905.25,3095.53,235319.14,29.80,31.40,89,340
9:53:16,259324.92,3262.62,244782.61,29.50,31.40,92,350
9:54:16,273842.00,3230.92,242424.25,29.40,31.50,91,309
9:55:17,278079.91,3184.21,240000.00,29.50,31.40,93,386
9:56:17,278079.91,3249.39,241900.66,29.60,31.40,97,405
9:57:18,274131.47,3197.12,238115.63,29.60,31.50,95,276
9:58:18,259324.92,3133.18,235319.14,29.60,31.40,94,294
9:59:19,270285.63,3197.12,235319.14,29.50,31.50,97,349
10:0:19,276906.56,3188.94,240172.80,29.50,31.50,93,264
10:1:20,281540.44,3199.52,240086.22,29.60,31.50,98,383
10:2:20,269714.19,3135.39,239139.78,29.60,31.50,96,365
10:3:21,312268.50,3249.15,239740.83,29.50,31.50,96,318
10:4:21,278079.91,3171.36,239055.80,29.50,31.50,97,406
10:5:22,329656.06,3289.27,248684.22,29.50,31.40,96,377
10:6:22,318999.81,3289.27,239055.80,29.70,31.40,97,314
10:7:23,353099.75,3249.39,239055.80,29.70,31.30,93,376
10:8:23,313910.28,3302.69,239055.80,30.00,31.30,96,264
10:9:24,274131.47,3095.53,230736.84,30.10,31.20,110,381
10:10:24,299514.16,3197.12,233474.58,29.90,31.20,96,304
10:11:25,294985.78,3197.12,235319.14,29.90,31.20,99,357
10:12:25,308646.91,3077.93,235820.91,30.00,31.20,96,377
10:13:26,339935.25,3259.85,239655.17,30.00,31.20,96,362
10:14:26,308970.44,3184.21,234394.92,30.30,31.10,97,283
10:15:27,313910.28,3210.10,242857.14,30.40,31.10,93,380
10:16:27,379892.53,3249.39,239055.80,30.50,31.10,92,362
10:17:28,273263.06,2842.70,240604.77,30.40,31.10,92,500
10:18:28,335237.88,3289.27,245751.64,30.00,31.10,103,309
10:19:29,313910.28,3302.69,243817.78,30.50,31.00,94,325
10:20:29,334888.69,3283.90,242424.25,30.80,31.00,91,335
10:21:30,308970.44,3210.10,239055.80,30.50,30.90,91,311
10:22:30,340999.78,3210.10,234394.92,30.60,30.90,85,384
10:23:31,318999.81,3210.10,237179.50,30.60,30.90,90,318
10:24:31,359457.34,3197.12,234394.92,30.70,30.90,86,363
10:25:32,308323.38,3225.60,241991.34,30.60,30.90,84,407
10:26:32,323907.50,3230.92,238626.61,31.00,31.00,85,419
10:27:33,351633.09,3188.94,235470.09,30.90,31.00,81,378
10:28:33,353099.75,3223.13,237179.50,31.00,31.00,80,263
10:29:34,313581.91,3191.85,234893.61,31.20,31.00,83,476
10:30:34,290583.22,3083.10,229831.95,31.20,31.10,82,422
10:31:35,286301.25,3145.84,233474.58,31.00,31.10,84,339
10:32:35,278079.91,3133.18,229831.95,31.00,31.10,78,400
10:33:36,274131.47,3095.53,228930.83,30.90,31.20,78,271
10:34:36,274131.47,3133.18,229831.95,30.90,31.30,81,426
10:35:37,270285.63,3171.36,232558.16,31.00,31.30,88,432
10:36:37,278079.91,3095.53,231645.58,31.00,31.30,82,357
10:37:38,274131.47,3095.53,228930.83,30.90,31.30,83,452
10:38:38,255851.78,3033.95,226250.00,30.90,31.40,77,515
10:39:39,262607.50,3090.35,230315.80,30.80,31.40,81,386
10:40:39,225318.66,2938.36,230736.84,30.90,31.40,83,318
10:41:40,236689.61,3145.84,231645.58,30.40,31.50,82,343
10:42:40,266538.38,3108.02,229831.95,30.30,31.50,81,388
10:43:41,252195.06,3053.27,226722.34,30.30,31.50,83,469
10:44:41,252463.36,3058.41,225363.83,30.40,31.50,81,406
10:45:42,286301.25,3108.02,228033.48,30.50,31.50,84,354
10:46:42,249156.56,3021.81,224481.34,30.60,31.50,95,465
10:47:43,262050.55,3067.61,228571.45,30.50,31.50,89,585
10:48:43,259324.92,3070.73,226250.00,30.70,31.60,90,394
10:49:44,252463.36,3009.72,226250.00,30.70,31.60,86,386
10:50:44,265974.28,3135.39,231712.50,30.50,31.60,131,464
10:51:45,262886.00,3120.57,231645.58,30.40,31.60,85,492
10:52:45,266538.38,3158.57,229831.95,30.10,31.60,89,491
10:53:45,259324.92,3145.84,230736.84,30.30,31.60,86,425
10:54:46,266538.38,3171.36,231645.58,30.10,31.60,90,379
10:55:46,294675.94,3204.81,233970.30,30.10,31.50,91,279
10:56:47,298571.28,3142.86,233121.03,30.40,31.50,91,440
10:57:47,286301.25,3120.57,228930.83,30.50,31.50,90,304
10:58:48,266538.38,3070.73,227139.89,30.40,31.40,92,556
10:59:48,230381.98,2999.54,228092.25,30.50,31.40,87,394
11:0:49,278079.91,3275.91,237179.50,30.40,31.40,90,296
11:1:49,249156.56,3133.18,238115.63,30.60,31.50,88,270
11:2:50,290583.22,3197.12,239055.80,30.40,31.50,92,310
11:3:50,353099.75,3275.91,239055.80,30.60,31.40,90,318
11:4:51,313910.28,3171.36,237179.50,30.80,31.40,92,415
11:5:51,313910.28,3210.10,239055.80,30.90,31.40,94,297
11:6:52,290583.22,3158.57,233474.58,31.10,31.40,95,297
11:7:52,290583.22,3108.02,231645.58,31.20,31.40,93,368
11:8:53,286301.25,3145.84,233474.58,31.20,31.40,95,349
11:9:53,329656.06,3197.12,232558.16,31.20,31.40,99,394
11:10:54,308970.44,3145.84,230736.84,31.20,31.50,93,376
11:11:54,245928.52,2926.65,222727.30,31.20,31.50,95,358
11:12:55,258499.92,3080.00,237768.23,30.90,31.50,93,392
11:13:55,262886.00,3223.13,234394.92,30.60,31.50,95,309
11:14:56,290583.22,3158.57,231645.58,30.40,31.50,94,260
11:15:56,308970.44,3120.57,231645.58,30.40,31.60,94,300
11:16:57,285397.16,3142.86,235897.44,30.60,31.60,96,338
11:17:57,273263.06,3080.00,227672.97,30.60,31.60,98,382
11:18:58,245928.52,2997.69,226250.00,30.60,31.60,102,335
11:19:58,286301.25,3171.36,235319.14,30.60,31.60,95,480
11:20:59,290583.22,3158.57,229831.95,30.20,31.70,98,253
11:21:59,242258.78,2847.64,218442.59,30.00,31.60,103,347
11:23:0,282135.03,3210.10,239055.80,30.00,31.60,101,540
11:24:0,282135.03,3184.21,240000.00,30.40,31.60,99,355
11:25:1,329656.06,3223.13,234394.92,30.40,31.60,98,236
11:26:1,317999.81,3233.41,239655.17,30.50,31.50,108,500
11:27:2,329656.06,3249.39,234394.92,30.80,31.50,97,272
11:28:2,299514.16,3184.21,228930.83,30.80,31.50,106,487
11:29:3,269428.47,3092.45,228571.45,30.90,31.50,97,369
11:30:3,259324.92,3046.15,225363.83,30.90,31.50,103,365
11:31:4,265692.22,3067.61,228571.45,30.40,31.50,99,320
11:32:4,286301.25,3197.12,232558.16,30.40,31.50,105,402
11:33:5,313910.28,3210.10,232558.16,30.40,31.50,98,321
11:34:5,281837.72,3127.96,230315.80,30.50,31.50,100,329
11:35:6,299514.16,3083.10,229831.95,30.70,31.60,101,276
11:36:6,313910.28,3158.57,230736.84,30.70,31.50,101,352
11:37:7,278079.91,3046.15,226250.00,30.80,31.50,98,343
11:38:7,214905.25,2671.43,200391.39,30.80,31.50,96,261
11:39:8,233749.95,2915.00,227139.89,30.00,31.60,121,383
11:40:8,278079.91,3158.57,231645.58,30.00,31.60,99,222
11:41:9,290583.22,3158.57,233474.58,30.00,31.60,92,413
11:42:9,329312.31,3115.37,233970.30,30.30,31.60,97,351
11:43:10,299514.16,3158.57,230736.84,30.60,31.50,94,406
11:44:10,262886.00,3083.10,228033.48,30.70,31.50,94,339
11:45:11,318999.81,3262.62,235319.14,30.40,31.50,92,468
11:46:11,323230.59,3194.23,230379.77,30.20,31.50,92,339
11:47:12,278079.91,3108.02,226250.00,30.20,31.50,101,572
11:48:12,262886.00,3046.15,223602.50,30.20,31.50,105,444
11:49:13,245666.61,2921.64,223188.42,30.20,31.50,97,309
11:50:13,259324.92,2985.71,220987.63,30.30,31.50,99,365
11:51:14,290583.22,3108.02,228033.48,30.30,31.60,94,255
11:52:14,274131.47,2997.69,230736.84,30.10,31.50,92,459
11:53:15,266538.38,3095.53,230736.84,29.90,31.60,95,288
11:54:15,328281.06,3267.80,237339.05,29.20,31.60,90,321
11:55:16,318999.81,3210.10,233474.58,29.40,31.60,92,337
11:56:16,333841.06,3214.98,231779.67,29.70,31.60,87,406
11:57:17,294985.78,3095.53,227139.89,29.80,31.50,90,425
11:58:17,318999.81,3158.57,230736.84,29.90,31.60,86,274
11:59:18,227333.31,2605.14,200000.00,30.00,31.50,86,457
12:0:18,245928.52,2950.11,223602.50,29.70,31.60,86,334
12:1:19,278079.91,3145.84,228033.48,29.90,31.70,85,373
12:2:19,288749.88,3114.49,226415.11,30.00,31.70,86,447
12:3:20,274131.47,3070.73,224481.34,29.90,31.70,86,370
12:4:20,255851.78,2973.79,223602.50,30.00,31.70,89,317
12:5:21,217425.52,2724.73,204347.81,29.90,31.70,97,434
12:6:21,282135.03,3133.18,228033.48,29.60,31.80,97,351
12:7:22,290277.66,3204.81,233050.84,29.70,31.80,92,438
12:8:22,299514.16,3158.57,231645.58,29.80,31.70,120,521
12:9:23,282135.03,3108.02,226250.00,30.00,31.70,94,362
12:10:23,262886.00,3095.53,225363.83,30.00,31.60,100,324
12:11:24,217191.47,2829.98,218852.44,30.10,31.70,97,299
12:12:24,266538.38,3083.10,227139.89,30.00,31.80,98,484
12:13:25,207653.05,2735.53,211670.00,29.80,31.80,105,347
12:14:25,270285.63,3108.02,226250.00,29.40,31.80,104,383
12:15:26,294056.22,3155.61,230379.77,28.90,31.80,101,386
12:16:26,222630.41,2650.43,202755.91,28.60,31.80,101,273
12:17:27,239697.64,2950.11,219262.27,28.70,31.90,102,499
12:18:27,259049.92,3053.27,224066.41,28.50,31.90,107,250
12:19:28,278079.91,3158.57,228930.83,28.40,31.90,104,385
12:20:28,313910.28,3223.13,234394.92,28.10,31.90,101,213
12:21:29,308970.44,3197.12,228930.83,27.90,31.90,100,328
12:22:29,324245.97,3236.23,228930.83,27.90,31.90,105,242
12:23:30,353099.75,3262.62,233474.58,28.20,32.00,101,355
12:24:30,299514.16,3133.18,228033.48,28.30,32.00,99,290
12:25:31,308970.44,3171.36,228930.83,28.10,32.00,100,230
12:26:31,328624.81,3273.17,239655.17,27.80,32.00,105,208
12:27:32,318999.81,3210.10,234394.92,27.80,32.00,114,499
12:28:32,335237.88,3262.62,237179.50,28.00,32.00,99,401
12:29:33,313581.91,3140.62,232135.33,28.10,32.00,104,534
12:30:33,329656.06,3210.10,233474.58,28.10,32.00,101,315
12:31:34,262050.55,3006.50,225887.28,28.20,32.00,98,290
12:32:34,242776.42,3070.73,228033.48,28.30,32.00,96,406
12:33:35,282135.03,3145.84,227139.89,28.30,32.10,104,296
12:34:35,269999.91,3153.33,229411.78,28.20,32.10,102,411
12:35:36,290583.22,3223.13,227139.89,28.00,32.10,109,375
12:36:36,262886.00,3145.84,227139.89,27.20,32.10,102,310
12:37:37,274131.47,3021.81,222727.30,26.10,32.10,102,327
12:38:37,307676.31,3214.98,234541.59,25.10,32.20,100,365
12:39:38,278079.91,2703.27,201964.64,24.30,32.20,98,354
12:40:38,298571.28,3220.29,239655.17,25.20,32.20,99,310
12:41:39,353099.75,3370.79,244782.61,23.50,32.30,98,257
12:42:39,378713.97,3273.17,237768.23,23.00,32.30,100,331
12:43:40,366034.22,3370.79,237179.50,24.10,32.20,103,332
12:44:40,312596.84,2906.61,221946.14,24.30,32.20,99,357
12:45:41,225318.66,2891.85,227139.89,24.50,32.10,98,242
12:46:41,294985.78,3236.23,237179.50,24.50,32.20,99,282
12:47:42,294985.78,3275.91,234394.92,23.50,32.30,96,324
12:48:42,290583.22,2846.19,210020.03,23.30,32.30,102,413
12:49:43,262886.00,3171.36,227139.89,24.00,32.30,101,237
12:50:43,290583.22,3197.12,228033.48,23.60,32.30,105,377
12:51:44,350533.09,3346.40,236989.25,24.00,32.30,116,336
12:52:44,233749.95,2757.27,215010.13,24.00,32.30,103,393
12:53:45,294056.22,3220.29,232203.39,24.90,32.30,109,306
12:54:45,225318.66,2790.24,214170.03,24.50,32.30,104,381
12:55:46,290583.22,3197.12,229831.95,25.30,32.30,102,330
12:56:46,286301.25,3108.02,225363.83,25.20,32.30,101,424
12:57:47,294985.78,3009.72,229831.95,25.30,32.30,105,248
12:58:47,304173.78,3275.91,234394.92,25.70,32.30,104,299
12:59:48,308970.44,3223.13,237179.50,25.70,32.30,99,336
13:0:48,274131.47,3120.57,228930.83,25.90,32.30,104,460
13:1:48,225318.66,2790.24,217551.02,26.10,32.40,101,382
13:2:49,262886.00,3145.84,229831.95,26.40,32.40,103,489
13:3:49,290583.22,3171.36,232558.16,26.10,32.40,102,338
13:4:50,303536.09,3186.57,232627.13,25.90,32.50,100,365
13:5:50,328624.81,3233.41,234042.55,26.00,32.50,103,276
13:6:51,351999.78,3327.09,234042.55,26.00,32.50,99,375
13:7:51,266256.31,3115.37,224066.41,25.50,32.50,96,418
13:8:52,252463.36,3058.41,220123.17,25.50,32.50,95,366
13:9:52,333841.06,3390.52,237339.05,25.30,32.50,98,342
13:10:53,409538.06,3466.67,244444.45,24.80,32.60,95,194
13:11:53,359457.34,3426.50,237179.50,24.80,32.50,94,431
13:12:54,318999.81,2857.53,215010.13,25.20,32.50,94,498
13:13:54,352366.44,3173.68,227196.66,25.70,32.50,96,321
13:14:55,324245.97,3223.13,228033.48,25.60,32.50,95,276
13:15:55,290583.22,3033.95,224481.34,25.80,32.40,90,325
13:16:56,308970.44,3249.39,234394.92,26.00,32.50,95,561
13:17:56,313910.28,3236.23,230736.84,25.90,32.50,97,421
13:18:57,290583.22,3133.18,225363.83,25.90,32.50,91,589
13:19:57,266538.38,3133.18,225363.83,25.80,32.50,90,293
13:20:58,222630.41,2985.71,218404.89,25.60,32.50,90,388
13:21:58,266256.31,3217.83,230315.80,25.60,32.60,88,325
13:22:59,265410.19,3188.94,229052.64,24.80,32.70,91,460
13:23:59,255851.78,3095.53,222727.30,24.70,32.60,87,377
13:25:0,274131.47,3145.84,223602.50,24.70,32.70,92,312
13:26:0,313910.28,3223.13,227139.89,24.70,32.70,91,407
13:27:1,299514.16,3133.18,231645.58,24.70,32.70,93,425
13:28:1,290583.22,3158.57,228930.83,24.70,32.70,96,263
13:29:2,252463.36,3033.95,224481.34,24.60,32.70,92,563
13:30:2,207653.05,2640.00,206759.44,24.70,32.70,90,409
13:31:3,249156.56,3223.13,231645.58,25.20,32.80,90,351
13:32:3,312925.19,3300.00,234968.03,24.40,32.80,95,368
13:33:4,207653.05,2598.72,203550.28,24.50,32.80,92,382
13:34:4,299514.16,3223.13,235319.14,25.20,32.90,27,542
13:35:5,259324.92,2950.11,221855.70,24.40,32.90,108,427
13:36:5,221913.02,2775.61,216326.52,24.70,32.80,103,372
13:37:6,286301.25,3262.62,235319.14,24.90,32.90,108,322
13:38:6,259324.92,2950.11,222727.30,24.60,32.80,104,367
13:39:7,294985.78,3302.69,232558.16,24.80,32.80,106,315
13:40:7,318999.81,3289.27,235319.14,24.70,32.80,105,358
13:41:8,294985.78,3236.23,228930.83,25.00,32.80,103,229
13:42:8,255851.78,2834.90,212500.00,25.10,32.80,100,360
13:43:9,294985.78,3223.13,228033.48,25.40,32.90,112,417
13:44:9,278079.91,3197.12,225363.83,25.00,32.90,106,346
13:45:10,308970.44,3184.21,225363.83,25.50,33.00,105,288
13:46:10,329656.06,3210.10,231645.58,25.40,33.00,103,414
13:47:11,328968.56,3265.21,231712.50,25.20,33.10,106,394
13:48:11,318666.47,3178.95,228511.53,25.10,33.10,106,293
13:49:12,318999.81,3197.12,228930.83,25.20,33.10,99,280
13:50:12,313910.28,3210.10,229831.95,25.20,33.10,99,280
13:51:13,308970.44,3223.13,228930.83,25.30,33.10,104,354
13:52:13,437306.56,3483.33,242857.14,25.30,33.10,105,262
13:53:14,364137.66,3262.44,238793.11,24.80,33.10,97,253
13:54:14,318666.47,3166.11,233050.84,24.60,33.20,103,193
13:55:15,282135.03,2926.65,218404.89,24.70,33.10,102,431
13:56:15,270285.63,3046.15,225363.83,25.00,33.20,101,426
13:57:16,346950.59,3275.91,243817.78,25.10,33.20,99,252
13:58:16,335237.88,3120.57,239055.80,24.80,33.20,101,262
13:59:17,304173.78,3210.10,237179.50,25.00,33.10,101,314
14:0:17,346950.59,3236.23,229831.95,25.20,33.10,99,343
14:1:18,456851.53,3440.60,242857.14,25.30,33.00,106,370
14:2:18,402641.13,3370.79,240000.00,25.10,33.00,104,292
14:3:19,379892.53,3210.10,231645.58,25.00,32.90,112,390
14:4:19,317666.47,3025.64,226359.84,25.50,33.00,101,261
14:5:20,329656.06,3197.12,227139.89,25.60,33.00,99,298
14:6:20,299514.16,3223.13,231645.58,25.70,33.10,105,263
14:7:21,313910.28,3184.21,228930.83,25.80,33.10,101,333
14:8:21,299199.84,3204.81,241468.69,25.70,33.10,106,345
14:9:22,324245.97,3262.62,229831.95,25.70,33.20,109,362
14:10:22,335237.88,3236.23,229831.95,25.50,33.20,103,401
14:11:23,255851.78,2735.53,215010.13,25.30,33.30,105,339
14:12:23,259324.92,2938.36,224481.34,25.60,33.30,104,562
14:13:24,290583.22,3133.18,221855.70,25.10,33.40,104,401
14:14:24,255851.78,2692.61,214170.03,24.90,33.40,98,317
14:15:25,335237.88,3329.73,240000.00,25.20,33.40,108,381
14:16:25,366034.22,3249.39,235319.14,24.70,33.40,102,402
14:17:26,282135.03,2903.40,216700.59,24.70,33.50,93,256
14:18:26,335237.88,3210.10,233474.58,24.70,33.40,103,345
14:19:27,359457.34,3302.69,228930.83,24.40,33.40,101,456
14:20:27,379892.53,3275.91,230736.84,24.30,33.40,99,283
14:21:28,329656.06,3197.12,230736.84,24.40,33.40,99,512
14:22:28,329656.06,3184.21,225363.83,24.50,33.40,97,345
14:23:29,346950.59,3223.13,229831.95,24.50,33.40,100,425
14:24:29,394777.44,3398.51,236247.34,24.60,33.30,104,519
14:25:30,346229.28,3265.21,229894.73,24.50,33.40,98,304
14:26:30,286301.25,3223.13,222727.30,24.60,33.40,98,284
14:27:31,371683.91,3246.60,226778.25,24.60,33.40,95,382
14:28:31,270285.63,3033.95,218404.89,24.60,33.40,96,403
14:29:32,262886.00,3095.53,218404.89,24.70,33.60,97,532
14:30:32,329656.06,3197.12,221855.70,24.50,33.60,97,316
14:31:33,334888.69,3230.92,224948.03,24.50,33.60,99,360
14:32:33,269428.47,2923.29,217177.89,24.30,33.60,98,420
14:33:34,304173.78,3197.12,221855.70,24.40,33.70,94,325
14:34:34,259324.92,2801.33,214170.03,23.80,33.70,92,370
14:35:35,259324.92,2868.92,208383.23,24.10,33.70,101,420
14:36:35,290583.22,3021.81,209200.00,23.70,33.80,96,379
14:37:36,294985.78,3070.73,221855.70,23.10,33.80,92,512
14:38:36,236689.61,2868.92,210843.36,23.10,33.80,94,438
14:39:37,274131.47,2973.79,214170.03,23.20,33.80,95,328
14:40:37,329656.06,3275.91,224481.34,22.80,33.90,99,429
14:41:38,266538.38,2891.85,214170.03,22.40,33.90,93,470
14:42:38,308970.44,3158.57,219262.27,23.00,33.90,94,337
14:43:39,307999.84,3194.23,220618.55,22.70,33.90,90,362
14:44:39,299514.16,3197.12,222727.30,22.80,33.90,92,422
14:45:40,307999.84,3181.29,222360.22,22.80,33.90,96,506
14:46:40,273263.06,3194.23,225887.28,22.70,33.90,88,436
14:47:41,249156.56,2973.79,215010.13,22.70,34.00,97,398
14:48:41,242776.42,3021.81,214170.03,22.50,33.90,95,268
14:49:42,266538.38,3145.84,221855.70,22.90,34.00,96,496
14:50:42,278079.91,3145.84,222727.30,22.90,34.00,96,373
14:51:43,353099.75,3316.18,228033.48,22.80,34.00,92,307
14:52:43,308970.44,3184.21,223602.50,22.80,34.10,87,384
14:53:44,313910.28,3223.13,226250.00,22.70,34.10,92,270
14:54:44,252463.36,2518.24,186037.73,22.60,34.10,100,382
14:55:45,200831.69,2548.10,198054.48,23.50,34.10,104,448
14:56:45,218580.63,2728.19,200393.70,23.30,34.20,91,361
14:57:46,190320.77,2498.54,188235.31,22.90,34.20,96,303
14:58:46,230876.38,3046.15,220123.17,23.50,34.30,100,271
14:59:47,286301.25,3236.23,234394.92,22.20,34.30,104,324
15:0:47,294985.78,3120.57,220987.63,22.10,34.20,106,373
15:1:48,308646.91,3217.83,227615.08,22.30,34.20,102,405
15:2:48,340999.78,3329.73,229831.95,22.10,34.20,100,342
15:3:49,290277.66,3153.33,221443.28,22.30,34.10,95,472
15:4:49,262886.00,3058.41,219262.27,22.50,34.20,99,353
15:5:50,346589.94,3324.32,234893.61,22.60,34.20,102,370
15:6:50,335237.88,3249.39,228930.83,22.20,34.20,107,391
15:7:51,489500.47,3483.33,244782.61,22.20,34.20,101,389
15:8:51,394777.44,3275.91,223602.50,21.90,34.10,106,377
15:9:52,366034.22,3384.62,232558.16,22.20,34.10,99,423
15:10:52,378713.97,3327.09,231289.66,22.20,34.20,106,348
15:11:53,329656.06,3223.13,223602.50,22.20,34.20,103,403
15:12:53,323907.50,3178.95,225833.34,22.20,34.20,110,400
15:13:54,329656.06,3133.18,220123.17,22.20,34.30,105,502
15:14:54,323907.50,3244.07,229411.78,22.30,34.40,99,358
15:15:55,308970.44,3184.21,225363.83,22.30,34.40,105,224
15:16:55,324245.97,3236.23,223602.50,22.30,34.40,111,332
15:17:56,313910.28,3197.12,219262.27,22.20,34.50,97,307
15:18:56,308970.44,3210.10,224481.34,22.10,34.50,107,454
15:19:57,299514.16,3197.12,227139.89,21.90,34.60,105,316
15:20:57,239697.64,2588.51,197281.56,21.90,34.60,105,299
15:21:58,266256.31,3004.63,224948.03,22.80,34.60,104,368
15:22:58,222630.41,2508.37,192706.33,21.80,34.70,107,337
15:23:59,249156.56,2938.36,219262.27,22.80,34.70,105,349
15:24:59,294985.78,3095.53,225363.83,21.70,34.70,100,293
15:26:0,238930.19,2820.13,211290.31,21.60,34.70,110,463
15:27:0,210020.61,2548.10,195744.69,22.00,34.70,104,306
15:28:1,245928.52,2915.00,206759.44,22.70,34.70,109,226
15:29:1,233749.95,2938.36,213333.31,21.80,34.70,106,352
15:30:2,184477.08,2568.22,194219.66,21.70,34.70,104,326
15:31:2,177168.16,2608.97,198830.42,22.20,34.80,107,372
15:32:3,228066.64,3021.81,215010.13,22.20,34.80,103,257
15:33:3,282135.03,3158.57,222727.30,21.40,34.80,107,341
15:34:4,233749.95,2938.36,219262.27,21.50,34.80,104,371
15:35:4,259324.92,3021.81,215853.64,21.60,34.80,106,408
15:36:5,286301.25,2950.11,220123.17,21.30,34.70,103,339
15:37:5,335237.88,3357.04,231645.58,21.40,34.70,110,293
15:38:6,329656.06,3289.27,224481.34,20.90,34.70,104,343
15:39:6,335237.88,3329.73,228033.48,20.90,34.70,108,386
15:40:7,352733.09,3297.31,226722.34,20.80,34.60,107,350
15:41:7,299514.16,3223.13,221855.70,21.10,34.50,103,423
15:42:8,274131.47,2846.19,211670.00,21.30,34.60,111,312
15:43:8,304173.78,3171.36,223602.50,21.70,34.60,104,302
15:44:9,299199.84,3166.11,219712.50,21.10,34.60,111,418
15:45:9,294985.78,3145.84,226250.00,21.00,34.70,105,450
15:46:10,351999.78,3327.09,230379.77,21.00,34.70,100,347
15:47:10,324245.97,3249.39,221855.70,21.00,34.70,100,255
15:48:11,313910.28,3249.39,221855.70,21.00,34.70,104,311
15:49:11,242776.42,2588.51,194219.66,21.00,34.70,98,370
15:50:12,233749.95,2857.53,208383.23,21.90,34.80,95,468
15:51:12,285397.16,3055.27,217177.89,21.30,34.80,96,434
15:52:13,286301.25,3145.84,218404.89,21.00,34.80,102,372
15:53:13,196504.86,2558.14,191204.61,20.80,34.90,96,325
15:54:14,259324.92,3108.02,214170.03,22.00,35.00,94,383
15:55:14,259324.92,2973.79,215853.64,20.80,35.00,98,348
15:56:15,307676.31,3150.36,219341.53,21.10,35.00,97,374
15:57:15,255851.78,2857.53,211670.00,20.80,35.10,96,505
15:58:16,262886.00,3095.53,215853.64,21.20,35.10,100,382
15:59:16,259324.92,3095.53,212500.00,20.80,35.10,92,425
16:0:17,308970.44,3249.39,220123.17,20.80,35.10,95,401
16:1:17,262886.00,3108.02,221855.70,20.60,35.10,97,408
16:2:18,211520.81,2652.38,200392.94,20.70,35.10,94,350
16:3:18,222630.41,2608.97,194219.66,21.30,35.20,97,362
16:4:19,184477.08,2459.63,183864.92,21.30,35.20,89,452
16:5:19,205333.33,2903.40,209200.00,21.70,35.20,88,409
16:6:20,236689.61,3120.57,216700.59,20.50,35.20,90,492
16:7:20,249156.56,3009.72,213333.31,20.20,35.20,99,495
16:8:21,239441.83,2785.37,187855.80,20.50,35.20,99,357
16:9:21,266538.38,3108.02,220987.63,20.90,35.20,97,401
16:10:22,203060.00,2650.43,197281.56,20.30,35.20,92,371
16:11:22,178946.44,2450.00,181716.44,21.10,35.20,96,403
16:12:23,228066.64,2903.40,210020.03,21.70,35.30,94,494
16:13:23,214905.25,2812.47,188973.39,20.20,35.20,97,496
16:14:24,217425.52,3095.53,215010.13,20.50,35.30,100,344
16:15:24,214905.25,3033.95,212500.00,20.20,35.30,101,485
16:16:25,222630.41,2790.24,199609.38,20.20,35.30,101,210
16:17:25,245928.52,3083.10,215853.64,20.60,35.40,101,387
16:18:26,278079.91,3210.10,223602.50,20.10,35.40,102,342
16:19:26,259324.92,3009.72,212500.00,19.90,35.40,106,367
16:20:27,308970.44,3184.21,220123.17,20.10,35.40,105,343
16:21:27,251926.78,3097.64,217586.89,20.00,35.40,102,306
16:22:28,278079.91,3262.62,226250.00,20.10,35.40,100,386
16:23:28,238674.38,2929.98,207600.00,19.90,35.40,102,338
16:24:29,308970.44,3197.12,220987.63,20.10,35.40,101,288
16:25:29,290583.22,3171.36,216700.59,19.70,35.40,104,374
16:26:30,379892.53,3357.04,233474.58,19.60,35.40,105,531
16:27:30,358338.69,3286.55,228571.45,19.60,35.40,107,325
16:28:31,262886.00,2880.36,222727.30,19.70,35.40,103,339
16:29:31,273552.53,2769.47,201968.50,20.20,35.40,97,301
16:30:32,366034.22,3262.62,225363.83,20.20,35.40,105,465
16:31:32,299514.16,3210.10,220987.63,19.80,35.40,108,405
16:32:33,274131.47,3046.15,224481.34,19.70,35.40,107,319
16:33:33,387199.66,3570.77,233474.58,19.90,35.40,103,357
16:34:34,359457.34,3357.04,227139.89,19.30,35.40,114,406
16:35:34,329312.31,3217.83,220576.11,19.60,35.40,106,375
16:36:35,340999.78,3236.23,223602.50,19.90,35.40,111,371
16:37:35,379892.53,3289.27,225363.83,19.80,35.40,107,396
16:38:36,239697.64,2538.11,194219.66,19.70,35.50,107,400
16:39:36,304173.78,3145.84,223602.50,20.80,35.50,102,382
16:40:37,329656.06,3262.62,226250.00,19.50,35.50,104,392
16:41:37,278079.91,2834.90,204347.81,19.20,35.50,107,453
16:42:38,317666.47,3176.02,221946.14,19.80,35.50,105,339
16:43:38,313910.28,3120.57,216700.59,19.40,35.50,105,524
16:44:39,329656.06,3197.12,223602.50,19.40,35.50,104,321
16:45:39,324245.97,3210.10,222727.30,19.40,35.50,115,330
16:46:40,286301.25,3083.10,218404.89,19.30,35.50,108,326
16:47:40,278079.91,3223.13,219262.27,19.60,35.60,109,323
16:48:41,312925.19,3368.24,231289.66,19.20,35.60,100,233
16:49:41,353099.75,3316.18,226250.00,19.20,35.60,105,426
16:50:42,230876.38,2548.10,190458.02,19.00,35.50,100,448
16:51:42,255308.56,2951.83,214198.77,20.30,35.50,107,335
16:52:43,282135.03,3108.02,214170.03,19.30,35.60,108,400
16:53:43,286301.25,3197.12,220987.63,19.20,35.60,105,392
16:54:44,308970.44,3083.10,220123.17,19.10,35.60,107,350
16:55:44,359457.34,3275.91,220987.63,19.10,35.60,106,398
16:56:45,359457.34,3329.73,224481.34,18.90,35.60,105,389
16:57:45,249156.56,2578.34,191204.61,19.00,35.50,106,419
16:58:46,282135.03,3120.57,213333.31,20.20,35.60,101,574
16:59:46,317999.81,3246.60,223236.53,19.10,35.60,104,312
17:0:47,359457.34,3249.39,222727.30,19.10,35.60,106,352
17:1:47,303854.94,3166.11,216293.27,19.10,35.60,106,459
17:2:48,269428.47,2982.45,210462.77,19.20,35.60,102,310
17:3:48,259324.92,3009.72,211670.00,19.40,35.70,105,409
17:4:49,303217.25,3246.60,219753.06,19.30,35.70,101,301
17:5:49,329656.06,3370.79,224481.34,19.00,35.70,100,363
17:6:50,394777.44,3275.91,223602.50,19.00,35.70,106,515
17:7:50,308970.44,3171.36,215853.64,19.00,35.70,103,359
17:8:51,299199.84,3230.92,216293.27,19.10,35.80,100,336
17:9:51,304173.78,3120.57,215853.64,19.10,35.80,102,459
17:10:52,290583.22,3046.15,210843.36,19.10,35.80,100,366
17:11:52,329656.06,2997.69,210020.03,19.20,35.90,99,374
17:12:53,313581.91,3153.33,219712.50,19.00,35.80,104,267
17:13:53,262886.00,2768.21,201964.64,18.90,35.80,95,372
17:14:54,294056.22,3055.27,212121.20,19.30,35.90,95,397
17:15:54,307999.84,3194.23,218891.14,18.90,35.80,99,398
17:16:55,329656.06,3275.91,220987.63,18.90,35.80,100,337
17:17:55,262886.00,2508.37,181716.44,18.70,35.80,90,284
17:18:56,307029.25,3064.47,215950.91,20.00,35.70,95,433
17:19:56,274131.47,3033.95,211670.00,19.00,35.80,90,296
17:20:57,241999.95,2544.19,179888.27,19.00,35.70,99,389
17:21:57,304173.78,3145.84,215010.13,19.90,35.70,93,363
17:22:58,278079.91,3095.53,215010.13,18.90,35.70,94,392
17:23:58,294985.78,3133.18,215010.13,19.10,35.70,97,450
17:24:59,303217.25,3207.23,218891.14,19.10,35.70,95,323
17:25:59,303536.09,3173.68,215885.92,19.10,35.70,91,335
17:27:0,294985.78,3184.21,215010.13,19.20,35.70,92,552
17:28:0,248361.39,2524.21,176383.75,19.10,35.70,97,456
17:29:1,205333.33,2548.10,183864.92,20.20,35.70,92,348
17:30:1,290583.22,2973.79,231645.58,19.80,35.80,92,374
17:31:2,340999.78,3343.35,224481.34,18.70,35.80,90,302
17:32:2,299514.16,3158.57,218404.89,18.30,35.70,96,387
17:33:3,262886.00,2938.36,205148.52,18.60,35.70,102,516
17:34:3,266538.38,3184.21,216700.59,18.90,35.70,94,426
17:35:4,259324.92,2950.11,210020.03,18.70,35.60,100,541
17:36:4,232499.97,3020.51,206387.23,19.00,35.70,107,341
17:37:5,225318.66,3158.57,210843.36,19.00,35.70,101,378
17:38:5,228066.64,2746.37,182429.92,18.60,35.60,101,452
17:39:6,236689.61,3070.73,210020.03,19.10,35.70,105,481
17:40:6,274131.47,3120.57,214170.03,18.90,35.70,109,336
17:41:7,274131.47,3108.02,213333.31,18.80,35.70,104,429
17:42:7,259324.92,2997.69,210020.03,18.90,35.70,102,283
17:43:8,239186.02,2704.37,195736.44,19.10,35.70,97,421
17:44:8,219999.98,2790.24,191954.03,19.50,35.70,102,317
17:45:9,222630.41,2973.79,206759.44,19.30,35.70,109,446
17:46:9,248361.39,2982.45,209638.55,19.10,35.70,101,260
17:47:10,277786.56,3166.11,214604.44,19.00,35.70,96,353
17:48:10,294985.78,3158.57,211670.00,18.80,35.70,108,371
17:49:11,340290.09,3225.60,222774.34,18.70,35.70,110,313
17:50:11,230876.38,2671.43,194219.66,18.70,35.70,104,361
17:51:12,239697.64,2926.65,198830.42,19.50,35.70,103,268
17:52:12,252463.36,3083.10,207569.72,19.00,35.70,104,354
17:53:13,242776.42,3120.57,208383.23,18.70,35.70,108,423
17:54:13,249156.56,3120.57,207569.72,18.70,35.70,101,259
17:55:14,233749.95,3095.53,209200.00,18.80,35.70,108,407
17:56:14,214905.25,3083.10,209200.00,18.80,35.70,104,340
17:57:15,252463.36,3120.57,217551.02,18.70,35.70,102,252
17:58:15,277493.25,3199.52,228991.61,18.70,35.70,107,372
17:59:16,282135.03,3009.72,207569.72,18.40,35.70,108,249
18:0:16,302579.56,3183.65,218930.02,18.70,35.70,107,357
18:1:17,214905.25,2440.41,181005.59,18.70,35.70,109,515
18:2:17,228066.64,2846.19,209200.00,19.90,35.70,104,324
18:3:18,249156.56,2938.36,214170.03,18.70,35.70,108,389
18:4:18,286301.25,3262.62,223602.50,18.40,35.70,107,316
18:5:19,328281.06,3294.61,223700.64,18.30,35.70,104,328
18:6:19,323230.59,3207.23,223236.53,18.50,35.60,104,372
18:7:20,290583.22,3033.95,215010.13,18.50,35.60,106,311
18:8:20,294985.78,3158.57,215010.13,18.70,35.60,104,424
18:9:21,299514.16,3171.36,215853.64,18.60,35.70,103,599
18:10:21,318666.47,3257.28,223188.42,18.60,35.60,103,272
18:11:22,335237.88,3289.27,224481.34,18.50,35.60,106,258
18:12:22,350533.09,3305.42,223333.30,18.60,35.70,103,390
18:13:23,313910.28,3210.10,220123.17,18.70,35.70,99,289
18:14:23,328281.06,3176.02,216768.89,18.70,35.70,103,387
18:15:24,313910.28,3236.23,217551.02,18.80,35.70,105,307
18:16:24,299514.16,3083.10,214170.03,18.60,35.70,101,391
18:17:25,308970.44,3171.36,213333.31,18.80,35.80,99,321
18:18:25,308970.44,3210.10,218404.89,18.70,35.70,102,314
18:19:26,308970.44,3249.39,220987.63,18.60,35.80,103,411
18:20:26,274131.47,3158.57,214170.03,18.60,35.80,103,328
18:21:27,329656.06,3398.51,221855.70,18.70,35.80,100,344
18:22:27,324245.97,3223.13,216700.59,18.40,35.70,101,460
18:23:28,317333.16,3262.44,218069.78,18.40,35.80,103,327
18:24:28,270285.63,3145.84,212500.00,18.50,35.70,97,314
18:25:29,222152.16,2725.88,195736.44,18.50,35.80,107,428
18:26:29,225076.89,3053.27,210441.75,19.20,35.80,103,365
18:27:30,270285.63,3236.23,219262.27,18.90,35.80,96,585
18:28:30,290583.22,3058.41,210020.03,18.50,35.70,105,338
18:29:31,214905.25,2508.37,175412.84,18.70,35.80,100,359
18:30:31,248361.39,3030.77,218032.77,19.50,35.80,98,386
18:31:32,270285.63,2997.69,210020.03,18.40,35.80,103,283
18:32:32,294985.78,3171.36,214170.03,18.30,35.70,95,342
18:33:33,318999.81,3302.69,222727.30,18.20,35.70,98,339
18:34:33,351266.44,3316.26,221532.06,18.10,35.60,99,316
18:35:34,353099.75,3316.18,220987.63,18.10,35.60,97,363
18:36:34,335237.88,3370.79,223602.50,18.30,35.60,93,403
18:37:35,345868.63,3327.09,219753.06,18.30,35.60,95,310
18:38:35,335237.88,3329.73,219262.27,18.50,35.50,100,372
18:39:36,308646.91,3178.95,213765.17,18.40,35.60,92,302
18:40:36,262886.00,3133.18,210020.03,18.60,35.60,95,429
18:41:37,266538.38,2997.69,210020.03,18.60,35.60,94,381
18:42:37,252463.36,3108.02,209200.00,18.80,35.60,95,481
18:43:38,248361.39,2923.29,204761.91,18.70,35.60,91,395
18:44:38,290583.22,3262.62,220123.17,18.80,35.50,100,464
18:45:39,286301.25,3275.91,217551.02,18.30,35.50,95,340
18:46:39,249156.56,3158.57,209200.00,18.30,35.50,112,503
18:47:40,255851.78,3120.57,208383.23,18.40,35.50,94,355
18:48:40,233749.95,3108.02,208383.23,18.60,35.50,100,420
18:49:41,252463.36,3158.57,212500.00,18.60,35.50,96,346
18:50:41,277199.91,3246.60,219753.06,18.60,35.50,95,383
18:51:42,299514.16,3236.23,212500.00,18.60,35.50,92,378
18:52:42,192342.88,2508.37,179591.83,18.60,35.50,99,432
18:53:43,203777.77,3034.66,207214.42,19.70,35.50,98,291
18:54:43,186388.91,2926.65,201964.64,19.00,35.50,105,398
18:55:44,180756.78,2961.93,201964.64,19.00,35.50,100,398
18:56:44,205333.33,3070.73,209200.00,19.00,35.50,107,372
18:57:45,191714.30,2854.05,198437.50,18.90,35.50,103,401
18:58:45,186388.91,2903.40,200391.39,19.10,35.50,100,365
18:59:46,190320.77,2790.24,191954.03,19.10,35.50,103,504
19:0:46,149633.63,2513.63,179925.64,19.20,35.50,101,427
19:1:47,167126.08,2857.53,195744.69,19.70,35.50,97,288
19:2:47,233749.95,3171.36,210843.36,19.20,35.40,103,299
19:3:48,329656.06,3343.35,215853.64,18.70,35.40,107,380
19:4:48,255851.78,3171.36,210020.03,18.70,35.40,126,429
19:5:49,265692.22,3142.86,213793.08,18.90,35.40,109,300
19:6:49,228066.64,3070.73,208383.23,19.00,35.30,110,389
19:7:50,217425.52,3133.18,210020.03,19.00,35.40,102,461
19:8:50,188336.47,2997.69,202755.91,19.00,35.40,108,440
19:9:51,196077.67,2975.58,205964.22,19.20,35.40,111,314
19:10:51,191923.83,3011.60,206772.91,19.30,35.30,107,350
19:11:52,224351.63,3150.36,213387.41,19.20,35.40,104,325
19:12:52,219999.98,3058.41,205952.38,19.10,35.40,98,321
19:13:53,255851.78,3171.36,211670.00,19.10,35.40,105,375
19:14:53,198647.05,2801.33,195744.69,18.90,35.30,106,358
19:15:54,245928.52,3095.53,206759.44,19.30,35.30,102,273
19:16:54,217425.52,3120.57,213333.31,19.10,35.30,109,343
19:17:55,225318.66,3133.18,209200.00,19.10,35.30,104,372
19:18:55,236436.73,3115.37,210441.75,18.90,35.30,108,394
19:19:56,200396.03,3110.17,208400.00,19.10,35.30,104,441
19:20:56,225076.89,3191.85,210441.75,19.10,35.20,111,387
19:21:57,162114.78,2599.57,188212.94,19.00,35.20,105,530
19:22:57,166201.70,3069.65,220661.14,19.90,35.20,105,369
19:23:58,171827.61,3140.62,210441.75,19.20,35.20,105,397
19:24:58,178946.44,3184.21,217551.02,18.90,35.10,106,233
19:25:59,180162.19,3194.23,215478.59,19.00,35.10,111,398
19:26:59,167126.08,3158.57,212500.00,19.00,35.10,110,470
19:28:0,160081.33,3069.65,212981.72,19.00,35.10,104,359
19:29:0,182600.02,3184.21,220123.17,19.40,35.10,105,355
19:30:1,164000.02,3033.95,211670.00,19.20,35.10,102,420
19:31:1,148500.03,2903.40,201964.64,19.50,35.10,108,366
19:32:2,162475.44,3009.72,201176.48,19.70,35.10,105,517
19:33:2,224593.38,3273.17,214634.13,19.40,35.00,104,343
19:34:3,274131.47,3357.04,220987.63,18.60,35.00,100,329
19:35:3,192342.88,2598.72,184586.48,18.50,35.00,104,279
19:36:4,212437.48,3070.73,203550.28,19.60,35.00,100,310
19:37:4,222630.41,3108.02,207569.72,18.90,35.00,107,433
19:38:5,219763.42,3127.96,207171.31,18.90,35.00,106,405
19:39:5,242776.42,3210.10,215853.64,18.70,34.90,98,260
19:40:6,298571.28,3300.00,218891.14,18.70,34.90,105,439
19:41:6,230629.17,3178.95,211267.59,18.60,34.90,101,498
19:42:7,198647.05,3158.57,210843.36,18.80,34.90,101,400
19:43:7,182400.02,3140.62,211267.59,18.80,34.90,105,432
19:44:8,175421.08,3145.84,210843.36,18.80,34.90,100,409
19:45:8,188336.47,3184.21,211670.00,18.80,34.90,102,291
19:46:9,198647.05,3197.12,209200.00,18.80,34.80,106,490
19:47:9,164000.02,2997.69,202755.91,18.90,34.90,100,256
19:48:10,165550.02,3058.41,205148.52,19.20,34.90,103,382
19:49:10,156619.08,3046.15,201964.64,19.10,34.80,95,448
19:50:11,151123.11,3021.81,203550.28,19.10,34.80,101,366
19:51:11,126065.84,2757.27,191954.03,19.20,34.80,97,351
19:52:12,127046.41,2891.85,193461.55,19.60,34.80,97,427
19:53:12,122269.19,2768.21,188973.39,19.50,34.80,98,518
19:54:13,151123.11,3108.02,205952.38,19.60,34.80,98,439
19:55:13,155212.64,3171.36,207569.72,19.10,34.70,101,508
19:56:14,144711.16,3083.10,201964.64,19.30,34.70,98,390
19:57:14,135384.66,3083.10,205148.52,19.40,34.70,93,438
19:58:15,134291.70,3058.41,203550.28,19.50,34.70,98,266
19:59:15,124142.81,3046.15,198830.42,19.60,34.70,94,432
20:0:16,120443.00,3058.41,200391.39,19.70,34.70,93,436
20:1:16,116925.89,3083.10,200391.39,19.60,34.70,78,374
20:2:17,103731.83,3083.10,202755.91,19.70,34.60,90,379
20:3:17,104438.19,3083.10,205952.38,19.80,34.60,96,332
20:4:18,102342.53,3083.10,204347.81,20.00,34.60,98,512
20:5:18,98999.99,3033.95,201964.64,20.00,34.60,91,545
20:6:19,94611.40,2926.65,194980.70,20.10,34.50,99,537
20:7:19,95218.74,2961.93,196511.64,20.20,34.50,94,356
20:8:20,92826.52,2985.71,199609.38,20.10,34.60,88,307
20:9:20,111171.57,3108.02,206759.44,20.10,34.50,96,453
20:10:21,119270.40,3122.75,206772.91,19.90,34.40,96,321
20:11:21,121350.27,3120.57,205148.52,19.90,34.40,90,509
20:12:22,108848.82,3095.53,203550.28,19.90,34.40,101,646
20:13:22,109228.05,3092.45,204761.91,19.80,34.40,106,456
20:14:23,105152.52,3058.41,205148.52,19.80,34.40,101,430
20:15:23,103731.83,3083.10,208383.23,19.90,34.40,105,371
20:16:24,106479.98,3090.35,203952.56,20.10,34.40,100,332
20:17:24,100315.20,3058.41,203550.28,20.00,34.40,101,400
20:18:25,100315.20,3108.02,208383.23,20.20,34.40,104,342
20:19:25,101175.81,3062.44,202766.80,20.30,34.30,104,337
20:20:26,97712.76,3046.15,199609.38,20.30,34.30,107,422
20:21:26,102342.53,3120.57,207569.72,20.20,34.30,104,346
20:22:27,104190.99,3110.17,202761.33,20.30,34.20,99,303
20:23:27,95218.74,3083.10,206759.44,20.20,34.20,99,443
20:24:28,95218.74,3108.02,204347.81,20.40,34.20,104,406
20:25:28,87785.36,3083.10,201176.48,20.60,34.20,111,394
20:26:29,92243.65,3108.02,205148.52,20.70,34.20,111,401
20:27:29,86724.64,3046.15,207569.72,20.60,34.10,107,497
20:28:30,82679.07,3070.73,201964.64,21.00,34.10,116,593
20:29:30,83168.23,3108.02,206759.44,21.10,34.10,99,379
20:30:31,81714.29,3095.53,205148.52,21.10,34.00,109,489
20:31:31,81238.54,3083.10,206759.44,21.00,34.00,109,378
20:32:32,78923.78,3070.73,203550.28,21.20,34.00,103,426
20:33:32,76279.48,3083.10,201176.48,21.00,34.00,103,341
20:34:33,76279.48,3070.73,205952.38,21.10,34.00,106,413
20:35:33,75008.61,3083.10,205952.38,21.00,33.90,109,482
20:36:34,74214.59,3074.82,204365.08,21.20,33.90,103,375
20:37:34,75852.19,3083.10,204347.81,21.20,33.90,106,394
20:38:35,73489.35,3080.00,204761.91,21.20,33.80,105,397
20:39:35,73364.40,3083.10,207569.72,21.20,33.80,104,409
20:40:36,74344.82,3071.70,207214.42,21.20,33.80,108,442
20:41:36,73364.40,3021.81,200391.39,21.30,33.80,103,328
20:42:37,71891.20,3067.61,206374.50,21.30,33.70,103,320
20:43:37,72167.35,3083.10,205952.38,21.40,33.70,104,406
20:44:38,73084.73,3117.54,212121.20,21.40,33.70,101,506
20:45:38,70999.99,3070.73,205148.52,21.40,33.70,101,351
20:46:39,72563.02,3070.73,210020.03,21.50,33.70,104,360
20:47:39,69487.80,3070.73,204347.81,21.50,33.60,108,448
20:48:40,70999.99,3058.41,203550.28,21.60,33.60,102,318
20:49:40,71385.89,3083.10,208383.23,21.80,33.60,122,592
20:50:41,69861.22,3083.10,205952.38,21.60,33.50,105,342
20:51:41,70818.17,3097.64,209218.44,21.70,33.50,103,421
20:52:42,70237.70,3070.73,205952.38,21.80,33.50,108,635
20:53:42,69487.80,3070.73,201964.64,21.80,33.40,112,850
20:54:43,70909.09,3090.35,206361.83,21.70,33.40,104,501
20:55:43,69487.80,3095.53,203550.28,21.80,33.40,106,432
20:56:44,70237.70,3070.73,205148.52,21.90,33.40,99,290
20:57:44,70345.67,3104.96,206374.50,21.90,33.40,103,269
20:58:45,68750.00,3033.95,198830.42,21.90,33.30,101,496
20:59:45,69028.34,3065.57,204752.47,21.90,33.30,103,606
21:0:46,69487.80,3070.73,204347.81,21.90,33.30,105,364
21:1:46,71499.99,3104.96,208000.00,21.90,33.30,90,520
21:2:47,68750.00,3058.41,202755.91,22.00,33.20,108,347
21:3:47,68385.54,3046.15,201176.48,22.00,33.20,98,239
21:4:48,70363.63,3109.26,205588.83,22.10,33.20,98,401
21:5:48,68385.54,3070.73,201176.48,22.00,33.20,101,424
21:6:49,68750.00,3083.10,203550.28,22.00,33.10,98,571
21:7:49,68385.54,3108.02,203550.28,22.10,33.10,101,292
21:8:50,68023.99,3046.15,199609.38,22.20,33.10,97,416
21:9:50,68023.99,3058.41,202755.91,22.30,33.10,96,505
21:10:51,66956.52,3058.41,201176.48,22.30,33.00,102,364
21:11:51,67665.34,3046.15,200391.39,22.50,33.00,96,480
21:12:52,68750.00,3070.73,201964.64,22.40,33.00,97,446
21:13:52,68572.58,3072.77,203557.30,22.50,33.00,97,328
21:14:53,66956.52,3058.41,201176.48,22.20,32.90,98,407
21:15:53,67309.52,3058.41,201964.64,22.30,32.90,96,369
21:16:54,68129.03,3109.26,201581.02,22.30,32.90,102,515
21:17:54,67047.62,3030.77,199217.23,22.30,32.90,95,399
21:18:55,66258.83,3033.95,198830.42,22.40,32.90,99,318
21:19:55,66258.83,3046.15,198830.42,22.50,32.80,100,701
21:20:56,66258.83,3021.81,198054.48,22.50,32.80,90,559
21:21:56,66258.83,3033.95,200391.39,22.50,32.80,98,447
21:22:57,65914.06,3021.81,198830.42,22.60,32.70,104,475
21:23:57,66695.66,3042.99,202366.86,22.50,32.80,150,500
21:24:58,66258.83,3046.15,198830.42,22.60,32.70,98,589
21:25:58,64895.75,2997.69,195744.69,22.70,32.70,102,540
21:26:59,65571.98,3033.95,198054.48,22.70,32.70,111,477
21:27:59,65571.98,3021.81,197281.56,22.70,32.70,97,447
21:29:0,64561.54,3009.72,194980.70,22.80,32.60,99,583
21:30:0,65656.25,3042.99,198437.50,22.80,32.60,100,418
21:31:1,63574.15,3009.72,193461.55,22.80,32.60,95,381
21:32:1,65400.78,3023.72,197276.28,22.80,32.50,110,526
21:33:2,64561.54,3021.81,194219.66,22.90,32.50,104,488
21:34:2,63900.76,3009.72,194219.66,22.90,32.50,98,572
21:35:3,65656.25,3030.77,193822.41,23.00,32.50,108,566
21:36:3,63574.15,2973.79,191204.61,22.90,32.50,108,496
21:37:4,64229.88,2985.71,193461.55,23.00,32.40,109,646
21:38:4,65914.06,3009.72,198830.42,23.00,32.40,102,495
21:39:5,63900.76,2973.79,190458.02,23.10,32.40,99,372
21:40:5,64561.54,2997.69,196511.64,23.10,32.40,103,595
21:41:6,64061.30,2963.68,192692.33,23.20,32.40,107,423
21:42:6,66960.31,3013.49,196498.06,23.20,32.30,112,446
21:43:7,65914.06,3009.72,197281.56,23.20,32.30,108,568
21:44:7,64561.54,2985.71,195744.69,23.20,32.40,101,466
21:45:8,66000.00,3006.50,200000.00,23.30,32.30,106,522
21:46:8,65914.06,2985.71,195744.69,23.30,32.30,110,453
21:47:9,65147.29,2992.61,196124.05,23.40,32.30,103,449
21:48:9,66086.28,2951.83,194971.00,23.40,32.30,113,415
21:49:10,67678.71,3029.51,201980.20,23.50,32.30,102,532
21:50:10,66258.83,2985.71,198830.42,23.50,32.30,103,587
21:51:11,64561.54,2950.11,191954.03,23.40,32.30,110,447
21:52:11,63900.76,2961.93,193461.55,23.50,32.30,104,520
21:53:12,64476.93,2968.74,195357.84,23.40,32.20,105,409
21:54:12,65571.98,2985.71,195744.69,23.40,32.30,105,668
21:55:13,65914.06,2985.71,195744.69,23.50,32.30,101,403
21:56:13,64229.88,2926.65,194219.66,23.60,32.20,109,611
21:57:14,63900.76,2891.85,188235.31,23.70,32.20,112,360
21:58:14,63490.50,2921.64,190076.34,23.70,32.20,101,433
21:59:15,63900.76,2891.85,192706.33,23.70,32.20,112,505
22:0:15,63250.00,2880.36,190458.02,23.80,32.20,94,509
22:1:16,65232.56,2915.00,197281.56,23.80,32.20,107,511
22:2:16,65232.56,2903.40,197281.56,23.80,32.20,105,552
22:3:17,65232.56,2938.36,196511.64,23.90,32.20,99,453
22:4:17,64972.76,2914.87,195330.75,23.80,32.20,105,30525
22:5:18,64223.08,2906.61,192678.23,23.90,32.10,100,646
22:6:18,63574.15,2915.00,197281.56,23.80,32.20,104,439
22:7:19,64229.88,2903.40,195744.69,23.90,32.10,113,533
22:8:19,64392.31,2963.68,201178.78,24.00,32.10,112,631
22:9:20,63574.15,2926.65,195744.69,23.80,32.10,136,554
22:10:20,63900.76,2915.00,194980.70,23.90,32.10,107,513
22:11:21,64229.88,2891.85,196511.64,24.00,32.10,108,539
22:12:21,64392.31,2905.00,198828.13,24.00,32.10,97,394
22:13:22,64561.54,2891.85,200391.39,24.10,32.10,114,691
22:14:22,64561.54,2926.65,196511.64,24.10,32.10,111,606
22:15:23,62609.02,2834.90,190458.02,24.10,32.10,95,684
22:16:23,63250.00,2880.36,195744.69,24.20,32.10,96,612
22:17:24,62609.02,2834.90,194980.70,24.20,32.10,124,687
22:18:24,63250.00,2857.53,193461.55,24.30,32.10,98,356
22:19:25,61047.98,2812.47,191954.03,24.40,32.00,105,721
22:20:25,61355.56,2812.47,190458.02,24.40,32.10,94,590
22:21:26,62988.60,2891.57,196875.00,24.40,32.00,100,693
22:22:26,60742.66,2857.53,191954.03,24.40,32.00,108,832
22:23:27,61355.56,2891.85,192706.33,24.40,32.00,104,575
22:24:27,61355.56,2903.40,194980.70,24.30,32.00,122,709
22:25:28,61192.59,2881.90,195736.44,24.00,31.90,97,612
22:26:28,61047.98,2903.40,196511.64,24.30,32.00,101,353
22:27:29,60439.56,2823.66,193461.55,24.40,32.00,104,458
22:28:29,60966.80,2807.57,193834.30,24.50,32.00,96,579
22:29:30,61715.36,2857.01,193798.45,24.70,32.00,97,392
22:30:30,60804.43,2775.61,190804.61,24.30,31.90,99,496
22:31:31,60742.66,2846.19,193461.55,24.50,31.90,96,522
22:32:31,61047.98,2801.33,189714.30,24.50,32.00,94,618
22:33:32,60138.69,2790.24,186037.73,24.30,31.90,103,353
22:34:32,59840.00,2790.24,186767.50,24.30,31.90,103,645
22:35:33,60742.66,2768.21,186767.50,24.20,31.90,114,682
22:36:33,59543.48,2724.73,184586.48,24.30,31.90,94,30730
22:37:34,61665.43,2757.27,194980.70,24.30,31.90,95,560
22:38:34,66956.52,2961.93,202755.91,24.10,31.90,92,430
22:39:35,71020.74,2965.44,202766.80,23.90,31.90,99,713
22:40:35,66258.83,2578.34,182429.92,23.80,31.90,95,356
22:41:36,63574.15,2619.27,186037.73,24.10,32.00,93,326
22:42:36,72962.02,2950.11,204347.81,24.00,32.00,90,507
22:43:37,67665.34,2692.61,191204.61,24.00,32.00,96,552
22:44:37,69861.22,2903.40,201964.64,24.30,32.00,89,473
22:45:38,73770.20,2961.93,207569.72,24.10,32.00,91,425
22:46:38,77486.73,2992.61,207984.03,24.10,32.00,89,374
22:47:39,76614.05,3004.63,209619.23,24.20,32.00,88,357
22:48:39,75008.61,2997.69,210843.36,24.20,32.00,95,567
22:49:40,72563.02,2973.79,207569.72,24.10,32.00,94,593
22:50:40,70526.74,2921.64,207984.03,24.20,32.10,96,422
22:51:41,73364.40,2985.71,210843.36,24.30,32.00,98,401
22:52:41,71112.03,2970.51,207185.63,24.30,32.10,104,396
22:53:42,67309.52,2857.53,201964.64,24.30,32.00,99,561
22:54:42,71499.99,2958.62,208000.00,24.20,32.00,102,430
22:55:43,69861.22,2950.11,207569.72,24.30,32.10,89,344
22:56:43,66956.52,2961.93,205148.52,24.40,32.00,107,250
22:57:44,67047.62,2982.45,206374.50,24.40,32.10,108,419
22:58:44,66258.83,2950.11,204347.81,24.40,32.10,111,464
22:59:45,64561.54,2926.65,202755.91,24.50,32.00,100,308
23:0:45,65143.97,2948.51,203168.31,24.40,31.90,98,465
23:1:46,64229.88,2973.79,205952.38,24.40,31.90,99,336
23:2:46,63574.15,2950.11,204347.81,24.40,31.90,107,404
23:3:47,63900.76,2938.36,202755.91,24.40,31.90,101,455
23:4:47,64561.54,2926.65,205148.52,24.50,31.90,106,390
23:5:48,62928.30,2880.36,199609.38,24.70,31.90,103,513
23:6:48,63648.86,2888.44,202366.86,24.70,31.80,121,537
23:7:49,63574.15,2926.65,201176.48,24.80,31.90,113,481
23:8:49,63969.23,2950.23,203976.14,24.90,31.80,99,357
23:9:50,63648.86,2946.79,202366.86,24.90,31.80,106,543
23:10:50,62928.30,2950.11,205952.38,24.90,31.80,116,461
23:11:51,64223.08,2977.37,207600.00,24.90,31.80,98,483
23:12:51,64229.88,2915.00,202755.91,24.90,31.70,101,372
23:13:52,63250.00,2938.36,202755.91,25.00,31.80,112,326
23:14:52,63900.76,2973.79,210843.36,25.00,31.80,106,452
23:15:53,62845.28,2933.33,203155.81,25.00,31.70,105,518
23:16:53,63323.20,2900.00,200785.86,25.10,31.70,94,295
23:17:54,64061.30,2951.83,207584.83,25.20,31.70,109,382
23:18:54,65828.13,2968.74,212929.28,25.20,31.70,107,469
23:19:55,63892.72,2906.61,201972.38,25.20,31.70,99,443
23:20:55,65232.56,2950.11,205148.52,25.30,31.60,97,398
23:21:56,63323.20,2865.46,200785.86,25.30,31.60,105,381
23:22:56,64561.54,2961.93,203550.28,25.50,31.60,98,604
23:23:57,63250.00,2891.85,200391.39,25.40,31.60,103,406
23:24:57,62609.02,2834.90,195744.69,25.40,31.60,106,487
23:25:58,62360.90,2888.44,198437.50,25.60,31.60,102,425
23:26:58,62609.02,2903.40,198054.48,25.60,31.60,99,474
23:27:58,62762.27,2893.42,202761.33,25.60,31.50,112,361
23:28:59,63574.15,2938.36,207569.72,25.70,31.60,108,529
23:29:59,62292.14,2823.66,200391.39,25.70,31.50,106,379
23:31:0,62928.30,2868.92,200391.39,25.80,31.50,107,500
23:32:0,62209.74,2863.96,201571.72,25.80,31.50,106,394
23:33:1,62609.02,2868.92,199609.38,25.80,31.40,116,527
23:34:1,61731.35,2876.92,196116.52,25.80,31.50,104,737
23:35:2,62609.02,2868.92,198054.48,25.80,31.40,104,340
23:36:2,60439.56,2823.66,191204.61,25.80,31.40,103,609
23:37:3,58956.84,2812.47,188235.31,25.90,31.40,99,371
23:38:3,60138.69,2823.66,191204.61,25.90,31.40,119,572
23:39:4,60742.66,2846.19,190458.02,26.00,31.40,102,526
23:40:4,58378.58,2790.24,183864.92,26.00,31.40,99,486
23:41:5,58666.68,2790.24,186767.50,26.10,31.40,103,426
23:42:5,58587.82,2807.57,187855.80,26.10,31.40,102,680
23:43:6,58666.68,2857.53,191954.03,26.10,31.40,103,362
23:44:6,59840.00,2857.53,194980.70,26.00,31.40,104,464
23:45:7,58956.84,2857.53,191204.61,26.00,31.40,95,452
23:46:7,59249.10,2857.53,191204.61,26.00,31.30,99,483
23:47:8,60479.71,2800.45,190769.25,26.10,31.30,101,608
23:48:8,60138.69,2846.19,191954.03,26.20,31.30,100,421
23:49:9,58956.84,2823.66,194219.66,26.10,31.30,112,624
23:50:9,59543.48,2880.36,192706.33,26.10,31.30,105,343
23:51:10,58430.10,2636.21,182022.50,26.10,31.30,99,513
23:52:10,57808.50,2801.33,188235.31,26.10,31.30,97,414
23:53:11,58956.84,2823.66,188973.39,26.20,31.30,101,590
23:54:11,59249.10,2834.90,193461.55,26.10,31.30,98,687
23:55:12,58666.68,2857.53,194219.66,26.20,31.30,94,394
23:56:12,58092.54,2790.24,188235.31,26.20,31.30,97,332
23:57:13,59600.00,2764.60,187096.80,26.30,31.20,95,513
23:58:13,58877.70,2829.98,189333.34,26.40,31.20,95,355
23:59:14,58666.68,2823.66,188235.31,26.30,31.20,95,477
