Hora,O3,NO2,CO,Humedad,Temperatura,P25,P10
0:0:14,58666.68,2846.19,191954.03,26.20,31.20,90,554
0:1:15,59169.68,2875.39,193076.94,26.30,31.20,98,559
0:2:15,59249.10,2868.92,191954.03,26.40,31.20,98,375
0:3:16,60138.69,2891.85,194219.66,26.40,31.20,97,513
0:4:16,58956.84,2768.21,188973.39,26.50,31.20,99,673
0:5:17,58956.84,2834.90,188973.39,26.70,31.20,91,415
0:6:17,58092.54,2857.53,191204.61,26.70,31.20,94,658
0:7:18,58877.70,2829.98,193834.30,26.60,31.20,137,556
0:8:18,59543.48,2857.53,194219.66,26.70,31.10,94,30564
0:9:19,58666.68,2768.21,188973.39,26.70,31.10,99,315
0:10:19,58092.54,2823.66,190458.02,26.90,31.10,95,366
0:11:20,58378.58,2779.20,185310.75,26.80,31.10,104,433
0:12:20,59543.48,2812.47,187500.00,26.90,31.00,106,305
0:13:21,60138.69,2834.90,191954.03,26.90,31.10,106,546
0:14:21,58221.42,2715.10,184557.45,26.80,31.00,101,305
0:15:22,58956.84,2834.90,188235.31,27.00,31.10,104,496
0:16:22,58956.84,2790.24,188235.31,26.90,31.10,97,278
0:17:23,58956.84,2834.90,191204.61,26.90,31.00,99,266
0:18:23,58092.54,2779.20,186767.50,26.90,31.00,98,552
0:19:24,59520.00,2837.75,191170.83,27.00,31.00,97,428
0:20:24,59840.00,2846.19,190458.02,27.00,31.00,103,462
0:21:25,59090.26,2836.32,189694.66,27.10,31.00,102,284
0:22:25,58378.58,2790.24,183864.92,27.10,31.00,102,312
0:23:26,59543.48,2823.66,191204.61,27.20,31.00,103,497
0:24:26,60138.69,2801.33,188235.31,26.70,30.90,102,349
0:25:27,58956.84,2801.33,186767.50,26.80,30.90,101,389
0:26:27,59249.10,2812.47,186037.73,26.90,30.90,101,370
0:27:28,59169.68,2774.34,187855.80,26.90,30.90,109,325
0:28:28,59543.48,2801.33,187500.00,27.00,30.90,117,328
0:29:29,60439.56,2834.90,189714.30,27.00,30.90,108,483
0:30:29,58877.70,2807.57,188593.17,26.90,30.90,104,267
0:31:30,60358.98,2852.58,194594.59,26.90,30.90,103,505
0:32:30,59249.10,2857.53,194980.70,27.00,30.90,104,362
0:33:31,60138.69,2868.92,191954.03,27.00,30.90,104,412
0:34:31,59543.48,2846.19,189714.30,27.00,30.90,102,385
0:35:32,58666.68,2880.36,188973.39,27.00,30.90,107,334
0:36:32,60439.56,2880.36,195744.69,27.00,30.80,100,287
0:37:33,61355.56,2868.92,190458.02,27.10,30.80,108,445
0:38:33,60419.13,2837.75,190421.47,27.10,30.80,106,460
0:39:34,60742.66,2834.90,186767.50,27.10,30.80,106,396
0:40:34,58378.58,2790.24,186037.73,27.20,30.80,109,488
0:41:35,60138.69,2823.66,188973.39,27.20,30.80,108,544
0:42:35,59440.00,2821.52,188549.63,27.20,30.80,123,454
0:43:36,58092.54,2801.33,184586.48,27.30,30.80,107,487
0:44:36,58508.97,2791.56,188212.94,27.30,30.80,105,504
0:45:37,58666.68,2746.37,183864.92,27.30,30.80,105,232
0:46:37,57526.50,2768.21,180297.38,27.30,30.80,103,432
0:47:38,57808.50,2746.37,180297.38,27.30,30.80,108,369
0:48:38,57526.50,2779.20,184586.48,27.30,30.80,103,350
0:49:39,58430.10,2820.13,187096.80,27.40,30.80,99,416
0:50:39,58640.28,2837.75,188931.30,27.40,30.80,108,553
0:51:40,58666.68,2846.19,187500.00,27.40,30.80,102,423
0:52:40,58092.54,2834.90,188973.39,27.40,30.80,102,30404
0:53:41,58378.58,2857.53,186767.50,27.40,30.70,99,568
0:54:41,57526.50,2823.66,188235.31,27.50,30.70,103,477
0:55:42,59543.48,2868.92,193461.55,27.50,30.70,105,322
0:56:42,60439.56,2903.40,195744.69,27.50,30.70,105,364
0:57:43,59249.10,2868.92,195744.69,27.60,30.60,106,603
0:58:43,59840.00,2891.85,196511.64,27.60,30.70,101,437
0:59:44,60642.07,2924.94,199215.69,27.70,30.60,105,332
1:0:44,60439.56,2891.85,196511.64,27.70,30.60,103,572
1:1:45,59384.07,2916.63,195736.44,27.70,30.60,104,343
1:2:45,58956.84,2903.40,194980.70,27.70,30.60,100,464
1:3:46,59249.10,2891.85,195744.69,27.90,30.60,101,640
1:4:46,58956.84,2891.85,193461.55,27.80,30.50,102,436
1:5:47,58142.85,2900.00,192307.70,27.90,30.50,99,385
1:6:47,58092.54,2880.36,194980.70,27.90,30.50,95,492
1:7:48,58378.58,2880.36,194980.70,27.90,30.50,97,462
1:8:48,58508.97,2881.90,193448.94,28.10,30.50,101,695
1:9:49,58092.54,2801.33,189714.30,28.10,30.50,97,449
1:10:49,58378.58,2823.66,189714.30,28.10,30.50,96,462
1:11:50,58092.54,2846.19,191204.61,28.10,30.50,99,472
1:12:50,60723.25,2895.00,198825.84,28.00,30.50,96,373
1:13:51,59249.10,2880.36,197281.56,27.90,30.50,98,465
1:14:51,59840.00,2891.85,198054.48,27.90,30.50,81,184
1:15:52,60439.56,2915.00,198054.48,27.90,30.50,107,399
1:16:52,60439.56,2891.85,197281.56,27.90,30.50,105,627
1:17:53,60661.77,2921.64,200784.33,28.00,30.50,100,394
1:18:53,59840.00,2880.36,199609.38,28.00,30.50,100,408
1:19:54,60661.77,2875.39,200000.02,28.10,30.40,95,449
1:20:54,61047.98,2903.40,198830.42,28.10,30.40,98,476
1:21:55,60742.66,2915.00,201964.64,28.20,30.40,97,435
1:22:55,59840.00,2880.36,201964.64,28.30,30.40,97,496
1:23:56,60742.66,2903.40,199609.38,28.30,30.40,95,569
1:24:56,60138.69,2891.85,199609.38,28.40,30.40,95,303
1:25:57,60138.69,2903.40,198054.48,28.40,30.40,97,639
1:26:57,59840.00,2903.40,196511.64,28.40,30.40,97,483
1:27:58,59249.10,2891.85,198830.42,28.50,30.30,90,541
1:28:58,59978.11,2905.00,198828.13,28.60,30.30,92,286
1:29:59,58666.68,2857.53,195744.69,28.70,30.30,95,495
1:30:59,58092.54,2846.19,194219.66,28.80,30.30,98,516
1:32:0,58666.68,2846.19,194219.66,28.90,30.30,97,445
1:33:0,59169.68,2841.26,197665.38,28.90,30.20,95,436
1:34:1,58666.68,2823.66,193461.55,29.00,30.30,98,399
1:35:1,60036.63,2855.53,195339.81,29.10,30.20,96,477
1:36:2,59543.48,2823.66,195744.69,29.20,30.20,100,435
1:37:2,58378.58,2823.66,194980.70,29.20,30.20,106,671
1:38:3,61092.94,2891.57,198431.38,29.20,30.10,96,504
1:39:3,59840.00,2868.92,198054.48,29.20,30.10,111,553
1:40:4,58798.57,2847.64,200392.16,29.20,30.10,108,423
1:41:4,59794.88,2886.56,198039.22,29.20,30.10,106,455
1:42:5,58378.58,2857.53,194219.66,29.20,30.20,108,673
1:43:5,58956.84,2857.53,199609.38,29.20,30.20,110,321
1:44:6,59543.48,2891.85,200391.39,29.20,30.20,107,511
1:45:6,60138.69,2891.85,202755.91,29.20,30.20,105,563
1:46:7,59249.10,2880.36,198830.42,29.20,30.20,107,358
1:47:7,59543.48,2880.36,201176.48,29.10,30.10,184,382
1:48:8,61420.08,2911.62,202366.86,29.00,30.10,94,30439
1:49:8,61977.62,2915.00,205148.52,29.00,30.10,99,374
1:50:9,61977.62,2891.85,201964.64,29.00,30.10,97,380
1:51:9,62928.30,2903.40,210843.36,29.00,30.10,108,448
1:52:10,63000.00,2923.29,205566.61,28.90,30.10,112,320
1:53:10,64471.04,2948.51,212145.75,29.00,30.10,99,231
1:54:11,64229.88,2915.00,207569.72,29.10,30.00,97,439
1:55:11,64229.88,2950.11,210020.03,29.00,30.00,99,346
1:56:12,64561.54,2973.79,210020.03,29.00,30.00,97,384
1:57:12,65147.29,2968.74,214604.44,29.00,30.00,101,297
1:58:13,65147.29,2945.08,210441.75,28.90,30.00,104,308
1:59:13,65486.38,2992.61,212096.77,29.00,30.00,100,400
2:0:14,65232.56,2950.11,215010.13,28.80,29.90,101,467
2:1:14,64561.54,2950.11,208383.23,28.80,29.90,103,370
2:2:15,65232.56,2973.79,210843.36,28.80,29.90,104,299
2:3:15,65656.25,2970.51,209638.55,28.80,29.80,106,331
2:4:16,68750.00,3009.72,220987.63,28.70,29.80,98,341
2:5:16,67935.99,2980.65,212096.77,28.60,29.80,101,469
2:6:17,68023.99,2926.65,208383.23,28.50,29.80,105,460
2:7:17,70999.99,3009.72,219262.27,28.60,29.80,109,510
2:8:18,70999.99,3009.72,220987.63,28.60,29.80,107,407
2:9:18,71385.89,3009.72,217551.02,28.50,29.80,111,477
2:10:19,69117.41,2973.79,209200.00,28.50,29.80,104,309
2:11:19,71385.89,2985.71,214170.03,28.50,29.80,101,361
2:12:19,74179.48,2997.69,215010.13,28.40,29.80,102,366
2:13:20,72962.02,2997.69,217551.02,28.30,29.80,102,299
2:14:20,73770.20,3033.95,216700.59,28.30,29.80,101,347
2:15:21,73364.40,3009.72,218404.89,28.30,29.80,105,277
2:16:21,77145.38,3021.81,218404.89,28.20,29.80,102,343
2:17:22,77145.38,3021.81,215853.64,28.20,29.80,105,297
2:18:22,82194.45,3058.41,220123.17,28.20,29.70,103,256
2:19:23,84663.51,3046.15,223602.50,28.10,29.80,103,344
2:20:23,94010.30,3070.73,217551.02,28.00,29.70,104,482
2:21:24,102342.53,3108.02,220987.63,27.80,29.70,101,334
2:22:24,111171.57,3083.10,222727.30,27.70,29.70,104,400
2:23:25,112766.44,3058.41,219262.27,27.70,29.80,101,242
2:24:25,133833.38,3130.17,226778.25,27.50,29.70,104,326
2:25:26,141087.00,3133.18,222727.30,27.60,29.70,105,347
2:26:26,142277.41,3145.84,226250.00,27.70,29.70,103,374
2:27:27,150276.95,3170.74,233191.48,27.90,29.60,98,430
2:28:27,149297.75,3155.61,225887.28,28.00,29.50,101,366
2:29:28,142277.41,3083.10,222727.30,28.10,29.50,101,338
2:30:28,134291.70,3095.53,220987.63,28.10,29.50,98,260
2:31:29,127893.38,3090.35,222314.08,28.30,29.40,98,290
2:32:29,121350.27,3046.15,217551.02,28.30,29.50,98,400
2:33:30,115231.68,3021.81,218404.89,28.40,29.40,97,342
2:34:30,116073.59,3046.15,216700.59,28.40,29.40,97,377
2:35:31,117242.20,3062.44,222821.55,28.30,29.40,99,381
2:36:31,111964.26,3021.81,215853.64,28.30,29.40,93,398
2:37:32,105874.98,2997.69,215853.64,28.30,29.50,165,523
2:38:32,105874.98,3033.95,215010.13,28.30,29.40,96,353
2:39:33,115231.68,3046.15,220123.17,28.40,29.50,108,542
2:40:33,116073.59,3083.10,220123.17,28.40,29.50,96,462
2:41:34,112766.44,3058.41,216700.59,28.40,29.40,104,387
2:42:34,114399.97,3021.81,216700.59,28.40,29.40,108,441
2:43:35,114399.97,3009.72,215010.13,28.50,29.40,95,285
2:44:35,119547.13,3058.41,218404.89,28.50,29.40,95,463
2:45:36,120443.00,3070.73,221855.70,28.50,29.40,94,398
2:46:36,114399.97,3009.72,218404.89,28.50,29.40,94,445
2:47:37,114399.97,3009.72,215853.64,28.60,29.40,94,411
2:48:37,114399.97,3033.95,216700.59,28.60,29.40,94,399
2:49:38,121350.27,3009.72,216700.59,28.60,29.30,92,438
2:50:38,122632.21,2977.37,216768.89,28.50,29.30,102,376
2:51:39,133213.84,3083.10,219262.27,28.50,29.30,93,515
2:52:39,138757.19,3095.53,221855.70,28.60,29.20,97,568
2:53:40,138285.77,3067.61,222360.22,28.60,29.20,93,428
2:54:40,132150.73,3058.41,218404.89,28.70,29.20,95,376
2:55:41,132150.73,3033.95,217551.02,28.70,29.20,93,376
2:56:41,134923.13,3067.61,223236.53,28.70,29.20,98,396
2:57:42,123199.95,2997.69,219262.27,28.70,29.20,99,420
2:58:42,129047.02,3033.95,219262.27,28.70,29.30,102,525
2:59:43,129047.02,3033.95,220123.17,28.80,29.20,100,258
3:0:43,129770.32,3060.42,220164.58,28.80,29.30,119,407
3:1:44,124142.81,3009.72,215853.64,28.80,29.30,102,303
3:2:44,124142.81,3033.95,218404.89,28.90,29.30,112,419
3:3:45,119547.13,3009.72,215010.13,29.00,29.30,104,358
3:4:45,121350.27,3009.72,216700.59,29.00,29.20,108,279
3:5:46,122269.19,3021.81,218404.89,29.00,29.30,105,475
3:6:46,122128.16,3016.71,217995.89,28.90,29.20,105,219
3:7:47,124142.81,3058.41,218404.89,28.90,29.20,101,333
3:8:47,124142.81,3009.72,220987.63,28.90,29.20,101,384
3:9:48,129047.02,3095.53,227139.89,28.90,29.20,99,277
3:10:48,130067.62,3058.41,225363.83,28.80,29.20,97,239
3:11:49,138757.19,3083.10,224481.34,28.70,29.20,102,444
3:12:49,156619.08,3158.57,229831.95,28.60,29.20,103,299
3:13:50,151953.53,3018.60,223236.53,28.50,29.20,104,282
3:14:50,175421.08,3171.36,225363.83,28.30,29.20,100,348
3:15:51,178946.44,3158.57,230736.84,28.50,29.20,101,257
3:16:51,165366.69,3090.35,221443.28,28.70,29.20,103,263
3:17:52,158967.78,3104.96,223236.53,28.90,29.00,30109,30313
3:18:52,153828.16,3095.53,225363.83,29.00,29.10,100,315
3:19:53,153828.16,3120.57,226250.00,29.00,29.10,99,348
3:20:53,149801.56,3070.73,228930.83,29.10,29.10,100,316
3:21:54,143323.56,3053.27,224066.41,29.20,29.10,105,262
3:22:54,143161.80,3085.18,228092.25,29.20,29.10,102,416
3:23:55,134769.28,3037.85,222821.55,29.20,29.00,98,213
3:24:55,136338.06,3077.93,227615.08,29.30,29.00,101,353
3:25:56,132150.73,3070.73,227139.89,29.20,29.00,102,477
3:26:56,140608.73,3117.54,229473.69,29.40,29.00,104,331
3:27:57,129047.02,3046.15,226250.00,29.30,29.00,107,308
3:28:57,131102.09,3070.73,226250.00,29.30,29.00,102,280
3:29:58,130067.62,3058.41,231645.58,29.30,29.00,101,441
3:30:58,145955.25,3197.12,233474.58,29.10,29.10,96,345
3:31:59,164000.02,3210.10,239055.80,29.00,29.10,101,449
3:32:59,180756.78,3223.13,240000.00,28.90,29.00,97,258
3:34:0,180756.78,3210.10,238115.63,28.90,29.00,101,309
3:35:0,186388.91,3184.21,233474.58,29.00,29.00,97,368
3:36:1,177168.16,3184.21,237179.50,29.00,29.00,102,260
3:37:1,167126.08,3108.02,230736.84,29.10,29.00,107,252
3:38:2,156619.08,3083.10,223602.50,28.80,28.90,111,323
3:39:2,156619.08,3095.53,234394.92,29.20,29.00,100,301
3:40:3,143485.33,3070.73,230736.84,28.90,28.90,106,321
3:41:3,171827.61,3178.95,237687.36,28.90,28.90,98,250
3:42:4,174842.13,3142.86,227672.97,28.80,28.90,99,344
3:43:4,167126.08,3120.57,227139.89,28.80,28.90,96,340
3:44:5,198647.05,3158.57,233474.58,28.80,28.90,131,535
3:45:5,184477.08,3095.53,226250.00,28.80,28.90,104,251
3:46:6,194403.84,3158.57,229831.95,28.80,28.90,101,342
3:47:6,209340.19,3220.29,235897.44,28.80,28.90,95,400
3:48:7,196504.86,3236.23,233474.58,28.90,28.80,101,291
3:49:7,200831.69,3120.57,227139.89,28.80,28.90,95,359
3:50:8,200831.69,3158.57,231645.58,29.00,28.80,97,338
3:51:8,219763.42,3217.83,239569.89,29.00,28.80,98,345
3:52:9,232749.97,3176.02,229957.83,29.00,28.80,102,387
3:53:9,207653.05,3120.57,224481.34,29.00,28.70,103,432
3:54:10,245928.52,3158.57,225363.83,29.10,28.70,101,328
3:55:10,196504.86,3145.84,229831.95,29.10,28.70,102,310
3:56:11,209793.80,3153.33,226722.34,29.20,28.70,101,400
3:57:11,199960.39,3150.36,227253.67,29.30,28.70,98,277
3:58:12,194403.84,3120.57,225363.83,29.40,28.70,101,397
3:59:12,193769.23,3130.17,226778.25,29.40,28.70,96,373
4:0:12,193557.69,3150.36,229957.83,29.40,28.70,98,524
4:1:13,203060.00,3158.57,230736.84,29.40,28.70,102,311
4:2:13,180756.78,3120.57,229831.95,29.40,28.70,99,370
4:3:14,188336.47,3145.84,228930.83,29.40,28.60,94,588
4:4:14,219999.98,3223.13,234394.92,29.40,28.60,106,386
4:5:15,222630.41,3210.10,230736.84,29.40,28.60,92,456
4:6:15,214905.25,3171.36,230736.84,29.50,28.60,98,426
4:7:16,225318.66,3210.10,232558.16,29.60,28.50,94,348
4:8:16,214905.25,3184.21,229831.95,29.80,28.50,95,337
4:9:17,233749.95,3158.57,231645.58,29.80,28.50,88,342
4:10:17,212437.48,3120.57,227139.89,29.90,28.50,89,283
4:11:18,225318.66,3145.84,228930.83,29.90,28.50,98,425
4:12:18,212437.48,3120.57,224481.34,29.90,28.50,98,314
4:13:19,210020.61,3120.57,225363.83,29.90,28.40,99,407
4:14:19,227333.31,3194.23,230379.77,29.90,28.50,105,357
4:15:20,219999.98,3158.57,227139.89,29.80,28.50,98,486
4:16:20,212437.48,3145.84,226250.00,29.70,28.50,99,326
4:17:21,214905.25,3171.36,226250.00,29.70,28.40,97,511
4:18:21,212437.48,3120.57,224481.34,29.70,28.50,97,471
4:19:22,224351.63,3137.62,228151.28,29.70,28.50,105,330
4:20:22,212437.48,3133.18,223602.50,29.60,28.50,95,368
4:21:23,222630.41,3145.84,226250.00,29.60,28.50,94,399
4:22:23,214905.25,3145.84,226250.00,29.60,28.50,98,341
4:23:24,214905.25,3145.84,226250.00,29.70,28.50,95,310
4:24:24,214905.25,3145.84,227139.89,29.70,28.60,97,380
4:25:25,212208.31,3102.83,224948.03,29.70,28.50,101,382
4:26:25,218580.63,3139.86,227310.94,29.70,28.50,102,459
4:27:26,194403.84,3120.57,224481.34,29.70,28.50,106,366
4:28:26,192342.88,3133.18,226250.00,29.70,28.50,105,339
4:29:27,222630.41,3210.10,230736.84,29.60,28.50,110,437
4:30:27,232749.97,3201.93,229957.83,29.60,28.60,111,324
4:31:28,214905.25,3145.84,230736.84,29.60,28.50,105,305
4:32:28,214905.25,3133.18,226250.00,29.60,28.60,113,348
4:33:29,216957.42,3148.10,230801.70,29.70,28.60,111,385
4:34:29,233749.95,3184.21,233474.58,29.70,28.50,108,324
4:35:30,233749.95,3171.36,227139.89,29.90,28.50,109,247
4:36:30,217425.52,3133.18,224481.34,30.00,28.50,111,253
4:37:31,245666.61,3191.85,229411.78,30.00,28.40,108,280
4:38:31,225318.66,3145.84,230736.84,30.00,28.40,110,281
4:39:32,233749.95,3210.10,232558.16,30.00,28.40,108,274
4:40:32,227333.31,3155.61,234968.03,30.00,28.40,109,314
4:41:33,236689.61,3210.10,234394.92,30.00,28.40,101,374
4:42:33,245928.52,3249.39,233474.58,30.10,28.40,105,336
4:43:34,259324.92,3197.12,231645.58,30.20,28.30,103,379
4:44:34,239697.64,3158.57,232558.16,30.10,28.30,103,299
4:45:35,255851.78,3262.62,239055.80,30.10,28.30,105,393
4:46:35,259324.92,3236.23,239055.80,30.20,28.20,103,241
4:47:36,290583.22,3289.27,242857.14,30.20,28.20,100,381
4:48:36,259324.92,3223.13,238115.63,30.40,28.20,100,352
4:49:37,236689.61,3223.13,240000.00,30.40,28.10,103,304
4:50:37,290583.22,3302.69,246724.89,30.30,28.20,102,335
4:51:38,259324.92,3223.13,238115.63,30.30,28.10,101,331
4:52:38,299514.16,3275.91,246724.89,30.40,28.10,103,284
4:53:39,281837.72,3310.78,246288.20,30.40,28.10,105,258
4:54:39,266538.38,3262.62,239055.80,30.40,28.00,107,305
4:55:40,266538.38,3249.39,243817.78,30.30,28.10,107,422
4:56:40,249156.56,3223.13,235319.14,30.20,28.10,110,285
4:57:41,245928.52,3223.13,239055.80,30.10,28.10,102,215
4:58:41,225318.66,3009.72,228033.48,30.00,28.10,102,256
4:59:42,255036.97,3273.17,249339.20,29.60,28.10,100,406
5:0:42,249156.56,3262.62,239055.80,29.80,28.20,104,308
5:1:43,245928.52,3249.39,238115.63,29.80,28.20,103,340
5:2:43,290277.66,3297.31,238626.61,29.80,28.20,102,378
5:3:44,245928.52,3223.13,235319.14,29.80,28.20,105,430
5:4:44,255580.17,3257.28,240517.25,29.80,28.20,96,328
5:5:45,282135.03,3329.73,243817.78,29.60,28.20,110,348
5:6:45,273263.06,3220.29,239655.17,29.30,28.20,101,258
5:7:46,262886.00,3302.69,245751.64,29.50,28.10,103,271
5:8:46,277786.56,3310.78,240517.25,29.30,28.10,124,310
5:9:47,265974.28,3291.93,235394.47,29.30,28.10,104,281
5:10:47,324245.97,3343.35,243817.78,29.10,28.10,102,383
5:11:48,303217.25,3382.09,245414.84,29.10,28.10,99,384
5:12:48,294985.78,3370.79,242857.14,29.10,28.00,101,436
5:13:49,324245.97,3370.79,243817.78,29.00,28.00,106,323
5:14:49,281540.44,3373.70,249779.73,29.00,28.00,101,304
5:15:50,318999.81,3384.62,240948.28,28.90,28.00,102,288
5:16:50,328624.81,3424.06,252328.14,28.90,28.00,101,334
5:17:51,294985.78,3329.73,240948.28,28.90,28.00,100,385
5:18:51,318999.81,3398.51,246724.89,29.00,28.00,110,320
5:19:52,372841.81,3440.60,250660.78,28.90,28.00,98,412
5:20:52,308970.44,3329.73,241900.66,28.60,27.90,96,379
5:21:53,306705.72,3374.06,246593.39,28.60,27.90,103,408
5:22:53,294056.22,3340.74,246389.50,28.60,27.90,98,297
5:23:54,294985.78,3384.62,240948.28,28.70,27.90,96,330
5:24:54,299514.16,3329.73,237179.50,28.60,27.80,95,368
5:25:54,251658.48,2935.01,218032.77,28.60,27.80,96,345
5:26:55,252463.36,3302.69,238115.63,28.30,27.90,99,427
5:27:55,233749.95,3275.91,236247.34,28.60,27.90,101,362
5:28:56,278079.91,3289.27,236247.34,28.60,27.90,94,293
5:29:56,290583.22,3329.73,237179.50,28.60,27.90,94,429
5:30:57,299514.16,3370.79,239055.80,28.50,27.90,93,243
5:31:57,278079.91,3275.91,235319.14,28.50,27.90,77,229
5:32:58,308970.44,3329.73,241900.66,28.70,27.90,99,429
5:33:58,346950.59,3469.02,248684.22,28.60,27.90,96,413
5:34:59,334190.28,3452.39,250331.13,28.50,27.90,93,288
5:35:59,329656.06,3412.47,241900.66,28.50,27.90,96,254
5:37:0,294985.78,3343.35,240948.28,28.50,27.80,96,472
5:38:0,323569.06,3429.57,250772.63,28.60,27.90,98,347
5:39:1,259324.92,2903.40,215010.13,28.50,27.90,100,345
5:40:1,307999.84,3424.06,248351.64,28.00,27.90,99,434
5:41:2,323230.59,3396.01,246389.50,28.40,27.90,100,309
5:42:2,282135.03,3302.69,242857.14,28.50,27.90,90,380
5:43:3,262886.00,3249.39,240000.00,28.60,27.80,93,425
5:44:3,323230.59,3452.39,243478.27,28.40,27.90,91,339
5:45:4,294985.78,3302.69,239055.80,28.50,27.80,89,261
5:46:4,366034.22,3556.01,248684.22,28.60,27.80,95,416
5:47:5,313910.28,3398.51,245751.64,28.60,27.80,94,314
5:48:5,294985.78,3223.13,237179.50,28.60,27.80,100,297
5:49:6,353099.75,3440.60,243817.78,28.50,27.80,108,373
5:50:6,335237.88,3483.33,250660.78,28.60,27.70,107,458
5:51:7,339935.25,3340.74,241558.45,28.60,27.80,112,272
5:52:7,353099.75,3469.02,244782.61,28.60,27.70,107,487
5:53:8,329656.06,3398.51,243817.78,28.60,27.70,105,232
5:54:8,415842.75,3630.29,262414.56,28.70,27.80,102,468
5:55:9,437306.56,3454.77,243817.78,28.60,27.80,103,282
5:56:9,402641.13,3541.33,252654.84,28.60,27.80,101,324
5:57:10,308970.44,3184.21,245751.64,28.60,27.70,101,292
5:58:10,370526.00,3393.50,253006.66,28.50,27.80,101,274
5:59:11,394777.44,3541.33,252654.84,28.60,27.80,105,323
6:0:11,335237.88,3440.60,247702.41,28.60,27.80,98,390
6:1:12,365654.91,3477.78,245315.91,28.70,27.80,105,399
6:2:12,282135.03,3262.62,237179.50,28.70,27.80,100,338
6:3:13,335237.88,3469.02,247702.41,28.80,27.80,104,460
6:4:13,364516.97,3577.83,250884.94,28.60,27.80,105,406
6:5:14,334888.69,3406.98,244347.83,28.60,27.80,96,326
6:6:14,299199.84,3379.16,238626.61,28.70,27.80,101,347
6:7:15,294985.78,3398.51,242857.14,28.70,27.80,113,256
6:8:15,298885.56,3251.94,237259.09,28.60,27.90,100,357
6:9:16,327937.31,3316.26,244541.48,28.40,27.90,97,293
6:10:16,318999.81,3329.73,240000.00,28.40,27.90,105,359
6:11:17,304173.78,3343.35,241900.66,28.40,27.90,107,279
6:12:17,286301.25,3302.69,238115.63,28.60,28.00,106,422
6:13:18,308970.44,3343.35,243817.78,28.80,28.00,105,320
6:14:18,329656.06,3384.62,240948.28,28.60,28.00,105,369
6:15:19,352733.09,3463.48,251214.13,28.40,28.00,109,300
6:16:19,446875.44,3556.01,254666.64,28.50,28.00,107,360
6:17:20,400565.66,3357.32,243572.98,28.30,27.90,107,356
6:18:20,329656.06,3398.51,253658.52,28.20,27.80,107,311
6:19:21,359457.34,3570.77,259775.27,28.30,27.80,106,277
6:20:21,329656.06,3197.12,243817.78,28.50,27.80,100,435
6:21:22,318666.47,3463.48,255233.83,28.40,27.80,101,261
6:22:22,366034.22,3497.72,251655.63,28.60,27.80,101,254
6:23:23,318333.13,3457.93,252771.61,28.60,27.80,101,315
6:24:23,353099.75,3570.77,258744.38,28.50,27.80,100,391
6:25:24,329656.06,3469.02,259775.27,28.50,27.80,102,251
6:26:24,372841.81,3526.72,244782.61,28.50,27.80,165,634
6:27:25,345868.63,3368.24,248351.64,28.30,27.80,100,272
6:28:25,318999.81,3440.60,257718.13,28.30,27.80,108,212
6:29:26,416274.09,3444.44,259728.48,28.00,27.80,105,388
6:30:26,346950.59,3512.18,256696.41,27.90,27.80,102,388
6:31:27,428120.44,3600.52,255679.27,28.00,27.70,105,425
6:32:27,365654.91,3449.25,251214.13,28.00,27.70,107,473
6:33:28,445500.44,3553.85,254342.97,28.00,27.70,100,272
6:34:28,372841.81,3630.57,259775.27,27.90,27.70,104,435
6:35:29,446875.44,3570.77,257718.13,27.80,27.70,104,596
6:36:29,372841.81,3556.01,252654.84,27.80,27.70,102,404
6:37:29,378713.97,3481.01,246389.50,27.80,27.60,102,409
6:38:30,446875.44,3630.57,256696.41,27.90,27.70,93,442
6:39:30,446875.44,3556.01,248684.22,27.80,27.60,97,377
6:40:31,445500.44,3643.75,260496.61,27.90,27.60,96,376
6:41:31,428120.44,3469.02,229831.95,27.90,27.60,101,478
6:42:32,402641.13,3645.71,255679.27,27.90,27.50,95,311
6:43:32,387199.66,3343.35,234394.92,27.90,27.50,96,419
6:44:33,426799.56,3628.57,253333.31,27.90,27.50,93,287
6:45:33,385999.66,3495.43,246389.50,28.00,27.60,96,310
6:46:34,446875.44,3497.72,244782.61,28.10,27.50,94,383
6:47:34,359457.34,3541.33,251655.63,28.10,27.60,99,464
6:48:35,402226.03,3492.15,245315.91,28.10,27.60,96,493
6:49:35,346950.59,3440.60,242857.14,28.00,27.50,96,407
6:50:36,379499.69,3492.15,252212.38,28.00,27.50,100,457
6:51:36,371683.91,3466.67,245414.84,28.10,27.60,97,355
6:52:37,410807.31,3454.77,243817.78,28.10,27.60,97,498
6:53:37,437306.56,3512.18,237179.50,27.90,27.60,119,486
6:54:38,436408.59,3680.10,258876.39,27.90,27.60,99,491
6:55:38,401395.84,3438.19,245414.84,27.90,27.60,93,251
6:56:39,410807.31,3585.60,249670.31,27.90,27.60,90,344
6:57:39,334888.69,3365.35,244347.83,27.90,27.60,122,521
6:58:40,364896.28,3233.41,236830.83,27.90,27.60,89,463
6:59:40,353099.75,3249.39,240000.00,27.70,27.60,91,315
7:0:41,465826.53,3643.75,256375.84,27.80,27.60,88,338
7:1:41,464390.75,3478.68,234615.39,28.00,27.60,92,447
7:2:42,372455.84,3283.90,242424.25,27.90,27.50,98,527
7:3:42,379892.53,3570.77,254666.64,28.00,27.60,92,278
7:4:43,486500.47,3493.13,259142.20,28.10,27.50,99,414
7:5:43,419294.53,3526.72,248684.22,28.20,27.50,102,428
7:6:44,467261.34,3691.62,255679.27,28.30,27.50,97,442
7:7:44,488000.47,3689.76,262585.00,28.50,27.40,108,509
7:8:45,394370.00,3521.12,259325.83,28.60,27.40,97,448
7:9:45,465348.28,3699.47,260045.14,28.50,27.50,104,410
7:10:46,446875.44,3585.60,248684.22,28.60,27.40,106,270
7:11:46,526927.38,3691.62,246724.89,28.60,27.40,109,382
7:12:47,387199.66,3645.71,255679.27,28.60,27.40,112,347
7:13:47,417999.59,3539.13,249339.20,28.70,27.40,115,543
7:14:48,426799.56,3659.01,252328.14,28.70,27.40,114,429
7:15:48,446875.44,3497.72,247702.41,28.80,27.40,102,436
7:16:49,379892.53,3440.60,240948.28,28.70,27.40,108,275
7:17:49,410807.31,3541.33,247702.41,28.60,27.40,105,294
7:18:50,428120.44,3600.52,250660.78,28.60,27.50,109,358
7:19:50,387199.66,3585.60,250660.78,28.30,27.50,112,244
7:20:51,428120.44,3426.50,247702.41,28.30,27.50,106,390
7:21:51,387199.66,3556.01,249670.31,28.20,27.60,107,332
7:22:52,372455.84,3449.25,240517.25,28.20,27.60,106,487
7:23:52,387199.66,3615.50,250660.78,27.90,27.60,108,317
7:24:53,489500.47,3738.26,253658.52,28.00,27.60,106,417
7:25:53,428120.44,3691.62,259775.27,27.90,27.70,107,327
7:26:54,488000.47,3736.51,261538.44,27.90,27.60,107,544
7:27:54,417136.84,3222.76,255480.98,27.90,27.70,99,470
7:28:55,394777.44,3615.50,255679.27,27.50,27.80,104,280
7:29:55,387199.66,3600.52,256696.41,27.60,27.80,105,285
7:30:56,456851.53,3645.71,253658.52,27.70,27.80,104,423
7:31:56,359457.34,3497.72,253658.52,27.80,27.80,102,392
7:32:57,379892.53,3440.60,251655.63,27.90,27.80,92,475
7:33:57,308646.91,3310.78,250220.25,27.90,27.80,97,332
7:34:58,379892.53,3660.94,256696.41,27.90,27.90,104,374
7:35:58,379892.53,3541.33,254666.64,27.70,27.90,100,366
7:36:59,329656.06,3289.27,248684.22,27.60,27.90,100,344
7:37:59,352733.09,3594.84,256249.98,27.60,27.90,99,553
7:39:0,372841.81,3600.52,258744.38,27.40,27.90,102,502
7:40:0,359457.34,3357.04,235319.14,26.90,27.90,123,443
7:41:1,410384.22,3477.78,255233.83,26.90,27.80,105,546
7:42:1,526927.38,3556.01,258744.38,26.90,27.80,106,477
7:43:1,410384.22,3310.78,253215.06,27.00,27.80,104,418
7:44:2,410807.31,3541.33,250660.78,26.90,27.80,105,561
7:45:2,402641.13,3585.60,253658.52,27.00,27.80,101,352
7:46:3,446875.44,3707.09,256696.41,26.90,27.70,101,445
7:47:3,402641.13,3454.77,250660.78,26.80,27.70,101,442
7:48:4,456851.53,3691.62,251655.63,26.80,27.70,97,513
7:49:4,402641.13,3630.57,254666.64,26.60,27.70,101,390
7:50:5,446875.44,3676.24,252654.84,26.60,27.70,98,473
7:51:5,394777.44,3585.60,251655.63,26.50,27.70,120,585
7:52:6,555077.44,3676.24,256696.41,26.60,27.70,103,374
7:53:6,446875.44,3615.50,250660.78,26.60,27.70,71,338
7:54:7,501395.84,3785.64,264999.97,26.50,27.70,102,323
7:55:7,540650.56,3769.76,267123.28,26.30,27.70,103,364
7:56:8,478133.81,3753.97,263945.56,26.40,27.60,100,249
7:57:8,409538.06,3452.39,254342.97,26.50,27.60,109,477
7:58:9,409538.06,3568.64,254342.97,26.60,27.60,103,400
7:59:9,437306.56,3600.52,257718.13,26.50,27.70,107,269
8:0:10,426799.56,3286.55,250331.13,26.40,27.70,102,353
8:1:10,394777.44,3483.33,252654.84,26.40,27.70,102,403
8:2:11,437306.56,3570.77,249670.31,26.40,27.80,104,388
8:3:11,335237.88,3454.77,246724.89,26.30,27.70,100,404
8:4:12,393147.78,3592.76,259008.98,26.10,27.80,103,294
8:5:12,387199.66,3600.52,255679.27,26.10,27.80,98,494
8:6:13,335237.88,3343.35,245751.64,26.10,27.80,100,474
8:7:13,353099.75,3570.77,247702.41,26.00,27.80,102,281
8:8:14,478133.81,3630.57,253658.52,25.60,27.80,116,432
8:9:14,455447.28,3752.25,252328.14,25.50,27.90,95,471
8:10:15,476667.16,3752.25,251327.42,25.20,27.90,95,423
8:11:15,387199.66,3615.50,250660.78,24.90,27.90,97,492
8:12:16,509667.19,3691.82,259276.00,25.20,28.00,96,396
8:13:16,446875.44,3676.24,246724.89,24.90,28.00,96,424
8:14:17,379892.53,3497.72,252654.84,24.80,28.00,95,482
8:15:17,417999.59,3598.45,250331.13,24.70,28.10,97,493
8:16:18,526927.38,3615.50,248684.22,24.70,28.00,102,576
8:17:18,435958.72,3674.35,252328.14,24.80,28.00,105,403
8:18:19,437306.56,3722.63,254666.64,24.60,28.00,88,389
8:19:19,410807.31,3691.62,250660.78,24.50,28.00,101,489
8:20:20,445500.44,3689.76,245414.84,24.30,28.00,89,377
8:21:20,366034.22,3343.35,233474.58,24.30,28.00,99,608
8:22:21,478133.81,3630.57,250660.78,24.30,28.10,91,408
8:23:21,436857.59,3521.12,249230.77,24.10,28.10,95,521
8:24:22,478133.81,3660.94,254666.64,24.00,28.10,94,504
8:25:22,466783.06,3779.79,263492.03,23.90,28.10,110,417
8:26:23,554513.38,3844.09,259325.83,23.90,28.00,95,486
8:27:23,394777.44,3357.04,241900.66,23.90,28.10,94,464
8:28:24,387199.66,3585.60,256696.41,24.10,28.10,92,448
8:29:24,582703.31,3863.41,260180.97,23.80,28.10,97,441
8:30:25,446875.44,3357.04,227139.89,23.70,28.00,93,582
8:31:25,387199.66,3556.01,250660.78,23.90,28.10,89,341
8:32:26,401810.94,3387.56,248791.20,23.70,28.10,90,447
8:33:26,410807.31,3343.35,233474.58,23.80,28.20,95,404
8:34:27,446875.44,3526.72,231645.58,23.60,28.20,96,515
8:35:27,366034.22,3357.04,233474.58,23.40,28.20,95,423
8:36:28,437306.56,3541.33,242857.14,23.40,28.30,100,369
8:37:28,410807.31,3645.71,246724.89,23.10,28.30,100,321
8:38:29,366034.22,3440.60,245751.64,22.90,28.30,100,353
8:39:29,436857.59,3732.45,249230.77,23.10,28.30,94,404
8:40:30,401395.84,3495.43,252328.14,22.80,28.30,101,402
8:41:30,372841.81,3384.62,240000.00,22.90,28.40,104,375
8:42:31,410807.31,3615.50,249670.31,22.90,28.40,96,384
8:43:31,393962.59,3443.72,243913.05,22.70,28.40,96,372
8:44:32,365654.91,3406.98,242424.25,22.80,28.40,119,555
8:45:32,359457.34,3184.21,224481.34,22.80,28.50,98,402
8:46:32,394777.44,3691.62,253658.52,22.80,28.40,91,241
8:47:33,410807.31,3357.04,238115.63,22.40,28.50,102,351
8:48:33,387199.66,3556.01,250660.78,22.80,28.50,103,313
8:49:34,436857.59,3685.86,260360.34,22.70,28.50,112,400
8:50:34,335237.88,3120.57,225363.83,22.60,28.50,102,218
8:51:35,410807.31,3630.57,257718.13,22.90,28.70,101,688
8:52:35,335237.88,3615.50,249670.31,22.60,29.00,105,374
8:53:36,329656.06,3249.39,221855.70,21.80,29.50,111,551
8:54:36,351999.78,3438.19,234968.03,21.80,30.10,106,291
8:55:37,353099.75,3541.33,241900.66,20.70,30.90,101,563
8:56:37,334888.69,3204.81,224948.03,20.30,31.40,100,383
8:57:38,318999.81,3412.47,238115.63,20.10,31.80,98,481
8:58:38,351633.09,3390.52,231779.67,19.70,32.30,93,370
8:59:39,353099.75,3426.50,237179.50,19.10,32.50,99,421
9:0:39,401810.94,3530.10,242950.11,18.80,32.90,108,573
9:1:40,318999.81,3302.69,228930.83,18.60,33.30,102,504
9:2:40,372841.81,3275.91,231645.58,18.50,33.50,102,317
9:3:41,366034.22,3512.18,238115.63,18.50,33.30,107,416
9:4:41,379892.53,3615.50,252654.84,18.30,33.40,104,405
9:5:42,328624.81,3327.09,241558.45,18.20,33.30,97,485
9:6:42,359457.34,3541.33,256696.41,18.60,33.40,259,759
9:7:43,437306.56,3357.04,251655.63,18.20,33.50,95,298
9:8:43,419294.53,3600.52,253658.52,18.60,33.10,95,490
9:9:44,446875.44,3541.33,247702.41,18.80,32.60,93,659
9:10:44,335237.88,3223.13,243817.78,19.00,32.70,88,369
9:11:45,402641.13,3249.39,239055.80,19.30,32.50,88,468
9:12:45,346950.59,3454.77,240948.28,19.30,32.40,88,346
9:13:46,379892.53,3384.62,240000.00,19.40,32.20,89,629
9:14:46,340644.94,3406.98,237687.36,19.40,31.90,86,435
9:15:47,353099.75,3329.73,228930.83,19.70,31.80,88,482
9:16:47,299199.84,3230.92,244347.83,19.90,31.70,89,408
9:17:48,372841.81,3469.02,244782.61,20.00,31.60,87,352
9:18:48,327249.81,3444.44,237931.05,19.90,31.30,91,408
9:19:49,308970.44,3426.50,240000.00,20.30,31.20,88,407
9:20:49,304173.78,3357.04,238115.63,20.30,31.30,89,459
9:21:50,353099.75,3512.18,245751.64,20.30,31.20,89,481
9:22:50,359457.34,3426.50,237179.50,20.20,31.20,83,445
9:23:51,346950.59,3526.72,240000.00,20.40,31.00,85,421
9:24:51,366034.22,3497.72,231645.58,20.10,30.90,95,465
9:25:52,335237.88,3556.01,246724.89,20.20,30.70,86,306
9:26:52,339935.25,3368.24,222360.22,20.40,30.70,89,407
9:27:53,318666.47,3337.93,243383.94,20.60,30.70,91,458
9:28:53,410807.31,3570.77,245751.64,20.40,30.80,89,591
9:29:54,394777.44,3630.57,241900.66,20.00,30.60,90,390
9:30:54,446875.44,3676.24,253658.52,20.10,30.60,93,351
9:31:55,410807.31,3343.35,229831.95,20.20,30.40,90,394
9:32:55,402641.13,3556.01,247702.41,20.50,30.40,93,410
9:33:56,371683.91,3424.06,246389.50,20.40,30.40,88,489
9:34:56,379499.69,3463.48,233970.30,20.60,30.40,87,475
9:35:57,329656.06,3133.18,231645.58,20.50,30.50,86,315
9:36:57,402226.03,3579.95,238626.61,20.70,30.50,87,389
9:37:58,387199.66,3630.57,246724.89,20.10,30.50,84,380
9:38:58,418862.34,3640.00,237687.36,20.00,30.40,90,336
9:39:59,446875.44,3289.27,232558.16,20.20,30.40,83,465
9:40:59,379892.53,3426.50,234394.92,20.50,30.40,89,281
9:42:0,364896.28,3300.00,242516.27,20.10,30.50,83,388
9:43:0,379892.53,3426.50,244782.61,20.00,30.40,95,463
9:44:1,335237.88,3412.47,244782.61,19.90,30.50,90,527
9:45:1,346950.59,3384.62,241900.66,19.90,30.40,88,486
9:46:2,318999.81,3210.10,225363.83,20.10,30.50,87,481
9:47:2,313910.28,3384.62,235319.14,20.10,30.60,88,397
9:48:3,351633.09,3349.01,234541.59,19.80,30.70,85,451
9:49:3,371683.91,3583.50,249339.20,20.00,30.80,79,662
9:50:4,393147.78,3607.77,244978.16,19.50,30.70,93,646
9:51:4,353099.75,3615.50,246724.89,19.60,30.60,95,386
9:52:5,351633.09,3335.31,226359.84,19.70,30.40,85,585
9:53:5,294985.78,3158.57,229831.95,20.20,30.40,90,433
9:54:6,329656.06,3412.47,243817.78,20.30,30.50,87,499
9:55:6,417136.84,3724.87,251441.23,20.00,30.60,85,398
9:56:7,359457.34,3497.72,242857.14,19.80,30.60,89,384
9:57:7,365275.59,3515.52,249779.73,20.20,30.50,85,304
9:58:8,399735.47,3388.00,239826.84,20.30,30.40,88,445
9:59:8,313910.28,3316.18,237179.50,20.50,30.40,86,410
10:0:9,313910.28,3412.47,233474.58,20.60,30.40,87,362
10:1:9,379106.81,3443.72,239139.78,20.50,30.50,90,366
10:2:10,313910.28,3302.69,235319.14,20.20,30.50,101,439
10:3:10,278079.91,3184.21,235319.14,20.30,30.50,147,498
10:4:10,302898.41,3062.44,220206.17,20.50,30.60,94,503
10:5:11,282135.03,3210.10,225363.83,20.70,30.60,94,324
10:6:11,299514.16,3275.91,227139.89,20.60,30.60,98,547
10:7:12,286301.25,3145.84,226250.00,20.50,30.60,98,362
10:8:12,333491.88,3455.56,228631.58,20.70,30.70,99,450
10:9:13,366034.22,3302.69,233474.58,20.70,30.60,107,528
10:10:13,317999.81,3396.01,236830.83,20.90,30.70,105,343
10:11:14,308970.44,3302.69,223602.50,20.90,30.60,99,551
10:12:14,299199.84,3421.00,236752.14,21.10,30.60,91,418
10:13:15,285698.50,3346.17,238197.42,21.00,30.70,166,590
10:14:15,259324.92,2903.40,206759.44,21.00,30.70,100,410
10:15:16,273263.06,3327.09,232203.39,21.30,30.70,100,415
10:16:16,308970.44,3249.39,232558.16,20.80,30.70,102,498
10:17:17,313910.28,3289.27,225363.83,20.80,30.70,106,427
10:18:17,273263.06,3327.09,227672.97,20.90,30.60,99,617
10:19:18,214905.25,3145.84,222727.30,21.00,30.60,102,488
10:20:18,214905.25,3184.21,225363.83,21.30,30.70,93,485
10:21:19,236689.61,3384.62,237179.50,21.30,30.80,100,568
10:22:19,313910.28,3497.72,243817.78,21.10,30.90,98,466
10:23:20,294675.94,3257.28,239569.89,21.30,30.80,98,418
10:24:20,346950.59,3171.36,218404.89,21.70,30.70,104,353
10:25:21,352366.44,3486.58,246827.14,21.90,30.60,97,316
10:26:21,304173.78,3095.53,215010.13,21.90,30.60,97,271
10:27:22,340644.94,3521.12,243383.94,22.10,30.50,96,260
10:28:22,318666.47,3435.09,239569.89,21.90,30.60,99,284
10:29:23,318666.47,3393.03,233970.30,21.90,30.60,98,234
10:30:23,308970.44,3426.50,237179.50,21.90,30.60,94,390
10:31:24,340999.78,3384.62,231645.58,21.90,30.60,109,331
10:32:24,335237.88,3343.35,228930.83,21.80,30.60,93,336
10:33:25,379892.53,3275.91,231645.58,21.90,30.70,97,292
10:34:25,378713.97,3524.49,239655.17,22.10,30.60,95,274
10:35:26,372841.81,3526.72,240000.00,22.20,30.60,89,355
10:36:26,303854.94,2933.33,212096.77,22.30,30.60,98,309
10:37:27,304173.78,3302.69,229831.95,22.70,30.60,98,338
10:38:27,307676.31,3124.94,209236.94,22.60,30.60,98,481
10:39:28,346950.59,3384.62,231645.58,22.80,30.60,100,283
10:40:28,290277.66,3351.60,238626.61,22.60,30.60,96,345
10:41:29,366034.22,3370.79,242857.14,22.70,30.70,99,510
10:42:29,313253.56,3122.75,228991.61,22.70,30.70,93,401
10:43:30,335237.88,3316.18,233474.58,22.80,30.70,94,526
10:44:30,317999.81,3354.46,228571.45,22.80,30.70,101,456
10:45:31,259324.92,3033.95,220123.17,22.80,30.80,98,441
10:46:31,329656.06,3329.73,226250.00,22.80,30.90,96,246
10:47:32,308970.44,3275.91,234394.92,22.60,30.90,94,357
10:48:32,298571.28,3233.41,237768.23,22.50,30.90,99,305
10:49:33,335237.88,3329.73,236247.34,22.80,31.00,98,431
10:50:33,346950.59,3197.12,218404.89,22.50,30.90,96,303
10:51:34,259049.92,2992.61,221443.28,22.60,30.80,99,488
10:52:34,278079.91,3289.27,230736.84,22.80,30.80,93,364
10:53:35,262886.00,3275.91,229831.95,22.80,30.80,94,341
10:54:35,282135.03,3058.41,228033.48,22.80,30.90,88,470
10:55:36,351999.78,3424.06,233121.03,22.70,30.90,88,261
10:56:36,372841.81,3145.84,219262.27,22.60,30.70,86,480
10:57:37,304173.78,2985.71,221855.70,22.80,30.70,89,452
10:58:37,308970.44,3021.81,215010.13,22.90,30.60,97,496
10:59:38,299514.16,3197.12,220987.63,23.00,30.50,85,578
11:0:38,294985.78,3357.04,232558.16,23.10,30.50,88,397
11:1:39,318666.47,3406.98,235820.91,23.10,30.60,86,439
11:2:39,340644.94,3406.98,233970.30,23.20,30.50,85,483
11:3:40,318999.81,3083.10,222727.30,23.10,30.50,90,255
11:4:40,299514.16,3184.21,220123.17,23.10,30.60,95,461
11:5:41,294985.78,3398.51,229831.95,23.10,30.60,90,437
11:6:41,294985.78,3236.23,227139.89,23.10,30.70,95,422
11:7:42,317666.47,3087.26,228151.28,23.20,30.70,90,294
11:8:42,329656.06,3343.35,240000.00,23.30,30.70,92,587
11:9:43,286301.25,3210.10,232558.16,23.10,30.70,86,441
11:10:43,313910.28,3316.18,225363.83,23.20,30.70,85,522
11:11:44,328968.56,3359.90,234468.08,23.40,30.70,87,405
11:12:44,290583.22,3046.15,214170.03,23.50,30.60,86,401
11:13:45,274131.47,3316.18,229831.95,23.40,30.60,95,648
11:14:45,252463.36,3236.23,227139.89,23.40,30.60,91,503
11:15:46,286301.25,3289.27,225363.83,23.40,30.70,91,586
11:16:46,323907.50,3270.56,226722.34,23.30,30.80,92,428
11:17:47,394370.00,3609.82,248245.61,23.20,30.80,97,341
11:18:47,409115.00,3548.20,244978.16,23.00,30.70,100,427
11:19:48,318999.81,3236.23,225363.83,23.30,30.60,112,431
11:20:48,274131.47,3262.62,217551.02,23.50,30.60,99,281
11:21:49,290583.22,3249.39,223602.50,23.60,30.70,100,330
11:22:49,258499.92,3220.29,218891.14,23.60,30.80,97,272
11:23:50,238930.19,3104.96,219753.06,23.50,30.90,97,437
11:24:50,329656.06,3483.33,233474.58,23.70,31.00,114,491
11:25:51,294985.78,3289.27,231645.58,23.60,31.00,108,541
11:26:51,274131.47,3302.69,226250.00,23.70,31.00,100,308
11:27:52,307999.84,3354.46,225000.02,23.60,31.10,100,342
11:28:52,259324.92,3120.57,220123.17,23.70,31.10,103,385
11:29:53,274131.47,3329.73,224481.34,23.70,31.20,97,258
11:30:53,257674.92,3257.07,224634.67,23.60,31.20,97,365
11:31:54,259324.92,3302.69,220123.17,23.70,31.30,97,287
11:32:54,255851.78,3210.10,219262.27,23.60,31.30,99,574
11:33:55,261772.08,3281.17,223700.64,23.60,31.30,105,391
11:34:55,233249.97,2769.47,200392.16,23.70,31.40,101,267
11:35:56,245666.61,3090.35,219712.50,23.50,31.40,98,311
11:36:56,249156.56,3158.57,219262.27,23.30,31.40,98,273
11:37:57,265974.28,3265.21,224532.23,23.50,31.30,102,406
11:38:57,249156.56,3184.21,222727.30,23.70,31.40,109,391
11:39:57,265692.22,3273.17,231289.66,23.70,31.40,100,296
11:40:58,278079.91,3033.95,210843.36,23.70,31.40,118,415
11:41:58,242776.42,3171.36,227139.89,23.70,31.40,101,245
11:42:59,304173.78,3357.04,232558.16,23.70,31.40,98,275
11:43:59,329656.06,3512.18,251655.63,23.70,31.40,101,284
11:45:0,303536.09,3346.17,234468.08,23.60,31.40,102,390
11:46:0,282135.03,3275.91,229831.95,23.70,31.30,102,281
11:47:1,236689.61,3197.12,226250.00,24.10,31.30,95,490
11:48:1,266538.38,3184.21,226250.00,24.30,31.30,98,326
11:49:2,286301.25,3370.79,233474.58,24.20,31.30,101,504
11:50:2,308970.44,3370.79,239055.80,24.30,31.30,98,451
11:51:3,356847.19,3251.71,222453.19,24.40,31.40,98,386
11:52:3,245928.52,3033.95,224481.34,24.20,31.40,106,373
11:53:4,277786.56,3337.93,238626.61,24.10,31.40,98,376
11:54:4,274131.47,3316.18,232558.16,24.00,31.40,102,294
11:55:5,276319.91,3230.58,229113.94,24.00,31.40,107,472
11:56:5,245928.52,3249.39,227139.89,24.00,31.50,104,405
11:57:6,299514.16,3223.13,221855.70,24.10,31.50,103,352
11:58:6,242776.42,3210.10,225363.83,24.30,31.50,108,278
11:59:7,273842.00,3270.56,227615.08,24.30,31.60,104,369
12:0:7,304173.78,3398.51,235319.14,24.40,31.60,103,365
12:1:8,273263.06,3286.55,228571.45,24.40,31.60,102,368
12:2:8,205333.33,2823.66,210843.36,24.50,31.60,101,298
12:3:9,259324.92,3223.13,224481.34,24.30,31.60,105,438
12:4:9,273263.06,3246.60,224116.44,24.10,31.60,98,266
12:5:10,214905.25,2997.69,214170.03,24.50,31.60,108,564
12:6:10,233749.95,3158.57,215010.13,24.40,31.60,102,293
12:7:11,205333.33,2880.36,207569.72,24.50,31.60,102,224
12:8:11,216255.30,2832.81,200000.00,24.40,31.60,101,356
12:9:12,230876.38,3262.62,224481.34,24.30,31.70,104,351
12:10:12,281243.13,3286.55,225887.28,24.10,31.70,108,424
12:11:13,278079.91,3158.57,219262.27,24.20,31.70,99,273
12:12:13,282135.03,3262.62,223602.50,24.30,31.70,101,304
12:13:14,304173.78,3302.69,228033.48,24.30,31.70,103,305
12:14:14,299514.16,3046.15,212500.00,24.20,31.60,99,271
12:15:15,304173.78,3171.36,220123.17,24.30,31.60,103,355
12:16:15,290583.22,3171.36,218404.89,24.40,31.60,95,335
12:17:16,242776.42,3108.02,215010.13,24.60,31.60,94,321
12:18:16,313910.28,3412.47,227139.89,24.70,31.70,96,327
12:19:17,282135.03,3145.84,219262.27,24.40,31.60,98,409
12:20:17,282135.03,3249.39,219262.27,24.50,31.60,95,411
12:21:18,270285.63,3083.10,205952.38,24.50,31.60,95,412
12:22:18,249156.56,3070.73,206759.44,24.50,31.70,95,284
12:23:19,228066.64,3120.57,211670.00,24.60,31.70,95,299
12:24:19,207653.05,3009.72,205148.52,24.70,31.70,89,307
12:25:20,194403.84,3095.53,210020.03,24.60,31.80,92,418
12:26:20,168728.83,3058.41,206759.44,24.70,31.80,97,444
12:27:21,198647.05,2868.92,191204.61,24.70,31.80,99,352
12:28:21,192133.34,3077.93,208800.00,24.40,31.90,92,468
12:29:22,189905.67,3072.77,208400.00,24.60,32.00,97,486
12:30:22,186388.91,3058.41,208383.23,24.60,32.00,107,563
12:31:23,184477.08,3058.41,208383.23,24.60,32.10,90,523
12:32:23,155212.64,2915.00,194980.70,24.60,32.10,86,352
12:33:24,176973.47,3028.84,211267.59,24.60,32.10,98,473
12:34:24,228066.64,3357.04,232558.16,24.20,32.10,90,312
12:35:25,198647.05,2950.11,210843.36,24.10,32.10,85,293
12:36:25,219999.98,3009.72,211670.00,24.20,32.10,91,309
12:37:26,230876.38,3046.15,198830.42,24.10,32.00,88,442
12:38:26,259324.92,3289.27,221855.70,24.10,32.00,99,564
12:39:27,262886.00,3249.39,222727.30,24.10,32.00,91,355
12:40:27,225318.66,3249.39,223602.50,24.20,32.00,87,496
12:41:28,239186.02,3212.53,223651.47,24.00,31.90,87,266
12:42:28,261493.59,3222.76,224166.67,24.10,31.90,93,322
12:43:29,274131.47,3210.10,219262.27,24.30,31.90,107,529
12:44:29,245928.52,3210.10,219262.27,24.20,31.90,95,371
12:45:30,219999.98,3171.36,219262.27,24.20,31.90,96,367
12:46:30,180756.78,3033.95,205952.38,24.50,32.00,95,555
12:47:31,164000.02,2973.79,201176.48,24.60,32.00,99,315
12:48:31,143485.33,3021.81,205148.52,24.70,32.10,102,403
12:49:32,150784.64,2999.54,207584.83,24.70,32.10,97,524
12:50:32,165550.02,3120.57,207569.72,24.50,32.10,102,469
12:51:33,170359.00,3009.72,205148.52,24.40,32.20,107,350
12:52:33,162475.44,2880.36,200391.39,24.20,32.10,106,258
12:53:34,164000.02,3070.73,204347.81,24.20,32.20,108,436
12:54:34,160975.64,3070.73,205148.52,24.10,32.20,107,431
12:55:35,146721.84,3030.77,202366.86,24.10,32.30,102,351
12:56:35,138757.19,2997.69,201964.64,24.30,32.30,106,449
12:57:36,120303.76,2763.36,192322.45,24.20,32.30,109,488
12:58:36,131102.09,2790.24,194980.70,24.20,32.40,102,280
12:59:37,139913.70,3095.53,215010.13,24.00,32.40,104,353
13:0:37,139755.44,3041.03,210441.75,24.00,32.50,95,332
13:1:38,148500.03,3108.02,208383.23,24.00,32.40,102,352
13:2:38,178946.44,3184.21,212500.00,23.90,32.50,106,306
13:3:39,174649.14,3163.16,215071.27,24.10,32.40,104,229
13:4:39,212437.48,3249.39,217551.02,24.30,32.40,100,450
13:5:40,221913.02,3220.29,219753.06,24.00,32.30,103,228
13:6:40,224835.14,3199.52,222774.34,24.10,32.30,106,316
13:7:41,245928.52,3223.13,222727.30,24.40,32.40,117,378
13:8:41,203060.00,2950.11,217551.02,24.50,32.30,105,232
13:9:42,194192.31,3115.37,217995.89,24.50,32.30,106,318
13:10:42,191714.30,3130.17,216326.52,24.60,32.40,102,281
13:11:43,167126.08,2997.69,205952.38,24.90,32.40,102,315
13:12:43,158967.78,3080.00,210462.77,25.00,32.50,102,257
13:13:44,143485.33,2985.71,201176.48,25.00,32.50,99,472
13:14:44,162295.11,3090.35,218852.44,25.00,32.60,100,311
13:15:45,177168.16,2880.36,199609.38,24.70,32.60,99,495
13:16:45,203060.00,3133.18,210843.36,24.30,32.60,102,477
13:17:46,210020.61,3223.13,217551.02,24.40,32.50,101,409
13:18:46,197568.63,3196.63,219793.80,24.20,32.60,103,346
13:19:47,236689.61,3289.27,228930.83,24.00,32.60,103,367
13:20:47,198647.05,3158.57,218404.89,24.00,32.50,101,387
13:21:48,167126.08,3108.02,213333.31,24.10,32.50,105,391
13:22:48,175421.08,2857.53,204347.81,24.30,32.50,103,302
13:23:49,180756.78,3108.02,221855.70,24.20,32.60,102,365
13:24:49,190320.77,2812.47,194219.66,24.10,32.60,105,240
13:25:50,196291.27,2898.41,206361.83,24.10,32.60,108,305
13:26:50,235930.98,3006.50,220618.55,24.00,32.60,104,250
13:27:51,255851.78,3249.39,223602.50,24.00,32.50,105,369
13:28:51,270285.63,3262.62,221855.70,24.20,32.40,102,295
13:29:52,230876.38,3171.36,213333.31,24.40,32.40,107,239
13:30:52,195650.50,3087.26,210060.34,24.70,32.40,104,341
13:31:53,194403.84,3095.53,211670.00,24.90,32.40,101,404
13:32:53,142277.41,2768.21,193461.55,25.10,32.50,98,426
13:33:54,134291.70,2973.79,198830.42,24.90,32.50,103,383
13:34:54,119547.13,2950.11,195744.69,25.00,32.60,103,365
13:35:55,111171.57,2801.33,194980.70,25.10,32.60,105,525
13:36:55,126065.84,2985.71,202755.91,24.80,32.70,100,384
13:37:56,134291.70,2973.79,205148.52,24.70,32.80,163,578
13:38:56,164000.02,3046.15,207569.72,24.00,32.80,108,446
13:39:57,169794.91,3030.77,212955.45,23.50,32.80,98,495
13:40:57,195650.50,3188.94,216768.89,23.70,32.80,96,358
13:41:58,202620.00,3122.75,215885.92,23.60,32.80,97,418
13:42:58,205333.33,3095.53,209200.00,23.90,32.80,101,315
13:43:59,184477.08,3083.10,208383.23,24.10,32.80,100,309
13:44:59,178946.44,3095.53,210843.36,24.30,32.80,100,430
13:46:0,195864.09,3155.61,213793.08,24.40,32.80,95,427
13:47:0,155212.64,2834.90,198054.48,24.50,32.90,101,256
13:48:1,175421.08,3249.39,225363.83,24.50,32.90,97,262
13:49:1,214905.25,3223.13,220987.63,24.00,32.90,95,292
13:50:2,266538.38,3316.18,225363.83,23.80,32.90,93,322
13:51:2,273263.06,3340.74,224116.44,23.70,32.80,97,351
13:52:3,248891.50,3257.28,222314.08,23.90,32.70,101,465
13:53:3,266538.38,3316.18,222727.30,23.90,32.70,88,443
13:54:4,270285.63,3262.62,220123.17,23.80,32.70,98,382
13:55:4,379892.53,3469.02,228033.48,23.80,32.60,94,392
13:56:5,308970.44,3329.73,221855.70,24.00,32.50,98,501
13:57:5,282135.03,3145.84,213333.31,24.20,32.50,89,317
13:58:6,259324.92,3197.12,215010.13,24.50,32.50,91,291
13:59:6,210020.61,3021.81,207569.72,24.70,32.50,87,205
14:0:7,198000.00,3080.00,209638.55,24.70,32.60,98,375
14:1:7,178946.44,3033.95,205148.52,24.90,32.70,99,623
14:2:8,144711.16,3021.81,202755.91,24.80,32.80,95,349
14:3:8,135384.66,2973.79,201176.48,24.80,32.80,95,445
14:4:9,170359.00,3083.10,213333.31,24.80,32.90,95,495
14:5:9,153828.16,2650.43,188235.31,24.90,33.00,97,368
14:6:10,148500.03,2985.71,205952.38,24.70,33.00,98,487
14:7:10,124142.81,2891.85,197281.56,24.80,33.10,97,476
14:8:11,113578.28,2973.79,197281.56,24.90,33.10,91,394
14:9:11,119132.04,2888.44,190804.61,24.90,33.10,92,344
14:10:12,131102.09,3046.15,205148.52,24.90,33.20,94,485
14:11:12,161573.80,3082.08,208835.33,24.40,33.30,102,370
14:12:13,139913.70,2768.21,195744.69,23.90,33.30,109,312
14:13:13,135384.66,2997.69,205952.38,24.00,33.30,101,367
14:14:13,145955.25,3108.02,208383.23,24.10,33.30,105,312
14:15:14,139913.70,2961.93,205952.38,24.40,33.30,103,271
14:16:14,138757.19,2746.37,195744.69,24.30,33.30,101,270
14:17:15,158048.03,3058.41,214170.03,24.30,33.30,103,323
14:18:15,176389.41,2953.56,201972.38,24.30,33.30,99,396
14:19:16,155746.06,2960.37,202371.53,24.30,33.40,99,464
14:20:16,147218.08,2973.79,204347.81,24.30,33.40,101,360
14:21:17,145955.25,3058.41,205952.38,24.50,33.40,101,308
14:22:17,153828.16,3095.53,209200.00,24.30,33.30,77,339
14:23:18,149801.56,3033.95,202755.91,24.20,33.40,98,298
14:24:18,138285.77,2888.44,194584.14,24.20,33.40,109,232
14:25:19,212437.48,3302.69,226250.00,24.30,33.40,109,388
14:26:19,286301.25,3426.50,237179.50,23.90,33.40,108,335
14:27:20,259324.92,3108.02,212500.00,23.90,33.30,109,386
14:28:20,198647.05,3070.73,211670.00,24.20,33.10,104,271
14:29:21,204444.44,3112.32,217622.92,24.40,33.20,110,435
14:30:21,262886.00,3329.73,228033.48,24.60,33.20,121,389
14:31:22,274131.47,3316.18,223602.50,24.40,33.20,108,275
14:32:22,318999.81,3316.18,231645.58,24.40,33.20,102,363
14:33:23,294985.78,3249.39,221855.70,24.10,33.20,102,476
14:34:23,299514.16,3289.27,226250.00,24.30,33.10,103,330
14:35:24,214905.25,3033.95,210843.36,24.50,33.10,98,368
14:36:24,180756.78,3058.41,214170.03,24.60,33.20,98,373
14:37:25,167126.08,3033.95,210020.03,24.70,33.30,98,349
14:38:25,153828.16,2985.71,206759.44,24.60,33.30,111,428
14:39:26,203060.00,3184.21,221855.70,24.50,33.40,99,409
14:40:26,228066.64,3197.12,220123.17,24.00,33.50,104,386
14:41:27,250585.31,3212.11,218106.97,23.90,33.50,102,345
14:42:27,181800.02,2759.73,196498.06,24.00,33.60,108,373
14:43:28,217425.52,3095.53,217551.02,24.10,33.60,109,459
14:44:28,229640.41,3094.56,221532.06,24.10,33.60,107,390
14:45:29,259324.92,3210.10,220987.63,24.00,33.70,104,327
14:46:29,193769.23,3104.96,215478.59,24.10,33.60,105,445
14:47:30,170359.00,2834.90,201176.48,24.40,33.70,109,320
14:48:30,171068.98,3107.11,215510.19,24.30,33.60,103,298
14:49:31,180756.78,3108.02,213333.31,24.30,33.70,103,504
14:50:31,158048.03,3033.95,214170.03,24.10,33.70,104,329
14:51:32,148500.03,2997.69,212500.00,24.30,33.80,99,433
14:52:32,183871.56,3104.96,212955.45,24.00,33.80,104,379
14:53:33,167126.08,2880.36,204347.81,23.80,33.80,101,279
14:54:33,217425.52,3223.13,220123.17,23.90,33.80,112,553
14:55:34,210020.61,3108.02,220123.17,23.80,33.80,105,363
14:56:34,217425.52,3083.10,213333.31,23.90,33.80,110,478
14:57:35,168355.95,2651.40,180970.14,24.00,33.80,101,391
14:58:35,164000.02,2985.71,203550.28,24.30,33.80,96,457
14:59:36,182600.02,3120.57,210843.36,24.10,33.90,101,382
15:0:36,170359.00,2823.66,192706.33,24.10,33.90,99,429
15:1:37,194403.84,3058.41,208383.23,24.00,33.90,102,330
15:2:37,184477.08,3009.72,204347.81,24.10,34.00,98,522
15:3:38,178946.44,2985.71,203550.28,24.10,34.00,111,419
15:4:38,206979.58,2994.44,212121.20,24.40,34.00,101,357
15:5:39,180756.78,2692.61,198054.48,23.90,33.90,98,336
15:6:39,270285.63,3171.36,219262.27,24.30,34.00,102,286
15:7:40,219053.75,3062.44,212550.59,24.10,33.90,99,414
15:8:40,153828.16,2926.65,196511.64,24.30,33.90,97,338
15:9:41,173704.38,3108.02,210020.03,24.40,33.90,94,401
15:10:41,167126.08,3058.41,210020.03,24.60,34.00,98,368
15:11:42,162475.44,3046.15,210020.03,24.50,34.00,96,356
15:12:42,158048.03,3070.73,207569.72,24.50,34.10,94,415
15:13:43,152465.16,3009.72,206759.44,24.50,34.10,91,279
15:14:43,165550.02,2997.69,213333.31,24.50,34.20,94,326
15:15:44,191714.30,3080.00,208000.00,24.40,34.20,93,439
15:16:44,152465.16,2779.20,194219.66,24.30,34.20,95,355
15:17:45,151123.11,2880.36,201964.64,24.30,34.20,96,438
15:18:45,165550.02,2985.71,206759.44,24.10,34.20,85,333
15:19:46,151953.53,2946.79,209638.55,24.20,34.10,95,469
15:20:46,147833.38,2918.26,206786.42,24.50,34.10,98,500
15:21:47,175421.08,2973.79,190458.02,24.50,34.10,109,543
15:22:47,198647.05,2973.79,206759.44,24.40,34.10,95,299
15:23:48,207653.05,3083.10,205952.38,24.10,34.10,91,303
15:24:48,184477.08,2973.79,199609.38,24.20,34.10,93,540
15:25:49,170359.00,2985.71,204347.81,24.40,34.00,99,342
15:26:49,182600.02,3095.53,209200.00,24.50,34.10,98,383
15:27:50,180756.78,3108.02,210020.03,24.60,34.10,99,437
15:28:50,203060.00,3083.10,210020.03,24.50,34.10,99,341
15:29:51,203060.00,2891.85,210020.03,24.30,34.10,121,584
15:30:51,233749.95,3145.84,211670.00,24.20,34.10,98,318
15:31:52,308970.44,3370.79,225363.83,24.20,34.10,99,390
15:32:52,212437.48,2846.19,200391.39,24.10,34.00,97,335
15:33:53,200831.69,3070.73,209200.00,24.30,34.00,100,388
15:34:53,233749.95,3070.73,206759.44,24.30,33.90,98,335
15:35:54,219053.75,3013.49,205976.09,24.60,34.10,102,338
15:36:54,182600.02,2857.53,215853.64,24.60,34.10,102,30352
15:37:55,173704.38,2961.93,200391.39,24.60,34.10,103,376
15:38:55,159500.03,2973.79,202755.91,24.60,34.10,98,418
15:39:56,156619.08,2915.00,201964.64,24.70,34.20,100,420
15:40:56,159500.03,2938.36,200391.39,24.50,34.20,107,371
15:41:57,168728.83,3009.72,202755.91,24.50,34.30,109,558
15:42:57,149801.56,2961.93,200391.39,24.40,34.30,101,365
15:43:58,142277.41,3009.72,199609.38,24.60,34.40,103,388
15:44:58,122269.19,2660.91,187500.00,24.60,34.40,102,593
15:45:59,139913.70,2997.69,203550.28,24.40,34.40,121,388
15:46:59,142277.41,2997.69,201964.64,24.30,34.40,111,374
15:48:0,139597.17,2951.83,206772.91,24.40,34.40,109,371
15:49:0,165550.02,2891.85,200391.39,24.60,34.30,105,359
15:50:1,177168.16,3070.73,208383.23,24.40,34.20,109,545
15:51:1,184275.23,3053.27,204752.47,24.60,34.10,105,324
15:52:2,198431.36,3204.81,216293.27,24.70,34.10,104,346
15:53:2,214905.25,3058.41,211670.00,24.70,34.00,111,279
15:54:3,190113.22,3028.84,205555.55,24.50,33.90,112,398
15:55:3,206755.09,3087.26,210060.34,24.60,33.90,100,363
15:56:4,177168.16,3070.73,209200.00,24.60,33.90,105,415
15:57:4,210020.61,3158.57,212500.00,24.70,33.90,105,411
15:58:5,259324.92,3145.84,210843.36,24.50,33.90,108,325
15:59:5,178553.59,2715.10,191938.58,24.70,34.00,117,373
16:0:6,180756.78,3058.41,212500.00,24.80,34.00,103,212
16:1:6,180756.78,3021.81,204347.81,24.80,34.10,107,345
16:2:7,192923.08,3071.70,213008.11,24.80,34.10,105,436
16:3:7,190320.77,2834.90,200391.39,24.60,34.20,105,355
16:4:8,210020.61,3184.21,219262.27,24.40,34.20,113,717
16:5:8,196504.86,3108.02,210843.36,24.20,34.20,106,351
16:6:9,196504.86,3095.53,216700.59,24.20,34.20,99,524
16:7:9,242776.42,3210.10,221855.70,24.00,34.10,101,388
16:8:10,242776.42,2985.71,213333.31,24.00,34.10,103,422
16:9:10,236689.61,3033.95,216700.59,24.20,34.00,113,478
16:10:11,233499.97,2829.98,204752.47,24.10,33.90,132,497
16:11:11,207653.05,3070.73,208383.23,24.30,33.90,104,322
16:12:12,192342.88,3058.41,205952.38,24.40,33.90,104,319
16:13:12,175421.08,2997.69,202755.91,24.60,33.90,106,630
16:14:13,203060.00,3145.84,218404.89,25.00,34.00,105,357
16:15:13,188336.47,3058.41,207569.72,24.80,34.00,99,368
16:16:14,178946.44,3046.15,205952.38,24.70,34.10,101,389
16:17:14,175421.08,3009.72,201964.64,24.80,34.10,100,371
16:18:15,178946.44,2997.69,202755.91,24.80,34.20,102,563
16:19:15,163272.75,3050.12,206786.42,24.70,34.30,104,358
16:20:16,194403.84,3108.02,211670.00,24.70,34.40,102,321
16:21:16,166571.45,3030.77,210462.77,24.70,34.40,102,335
16:22:17,175228.09,3090.35,210441.75,24.60,34.50,102,390
16:23:17,168728.83,3009.72,204347.81,24.40,34.40,96,542
16:24:18,156444.48,3016.71,204752.47,24.60,34.40,96,499
16:25:18,160260.20,3037.85,204365.08,24.60,34.40,96,317
16:26:19,137617.06,2903.40,198830.42,24.50,34.40,97,368
16:27:19,132150.73,2938.36,196511.64,24.50,34.40,98,406
16:28:20,134291.70,2961.93,200391.39,24.50,34.40,99,479
16:29:20,126065.84,2950.11,201964.64,24.50,34.40,98,569
16:30:21,118662.46,2950.11,198054.48,24.60,34.40,98,443
16:31:21,114399.97,2985.71,201964.64,24.60,34.40,97,578
16:32:22,122269.19,2961.93,203550.28,24.70,34.40,98,468
16:33:22,134291.70,2997.69,200391.39,24.50,34.30,98,296
16:34:23,116925.89,2938.36,195744.69,24.30,34.30,92,437
16:35:23,106479.98,2945.08,195357.84,24.50,34.30,93,396
16:36:24,99654.04,2891.85,191204.61,24.50,34.30,95,384
16:37:24,103117.30,2924.94,196881.11,24.60,34.30,97,332
16:38:25,104438.19,2938.36,196511.64,24.60,34.30,97,388
16:39:25,110781.04,2970.51,196887.17,24.40,34.30,98,439
16:40:26,116925.89,2650.43,181005.59,24.60,34.30,94,374
16:41:26,125098.09,2961.93,198830.42,24.30,34.30,97,469
16:42:27,135384.66,2938.36,201964.64,24.20,34.20,90,398
16:43:27,139913.70,2938.36,201964.64,24.20,34.20,93,499
16:44:28,130067.62,2938.36,196511.64,24.30,34.20,84,207
16:45:28,111964.26,2578.34,182429.92,24.40,34.20,92,524
16:46:29,142277.41,3083.10,206759.44,24.40,34.20,97,537
16:47:29,128040.05,2903.40,197281.56,24.10,34.20,91,357
16:48:30,127046.41,2926.65,195744.69,24.30,34.20,98,439
16:49:30,207653.05,3223.13,217551.02,24.40,34.20,96,420
16:50:31,210020.61,3108.02,211670.00,24.00,34.10,93,322
16:51:31,225318.66,3133.18,214170.03,24.10,34.10,89,323
16:52:32,203060.00,3058.41,205952.38,24.30,34.00,90,449
16:53:32,159500.03,2768.21,191204.61,24.60,34.00,92,392
16:54:33,158048.03,2985.71,202755.91,24.80,34.00,104,413
16:55:33,147052.67,2980.65,202362.20,24.70,34.00,100,331
16:56:34,134291.70,2903.40,205148.52,24.80,34.00,107,375
16:57:34,160439.06,2935.01,205566.61,24.80,34.00,99,396
16:58:35,164000.02,3033.95,205148.52,24.30,33.90,98,358
16:59:35,151953.53,3030.77,203162.05,24.30,33.90,99,410
17:0:36,128899.37,2980.65,198440.56,24.40,33.90,103,494
17:1:36,136493.00,3021.81,205148.52,24.50,33.90,105,458
17:2:37,124142.81,2790.24,189714.30,24.60,33.80,103,479
17:3:37,143323.56,3065.57,204752.47,24.60,33.90,97,256
17:4:38,142277.41,3021.81,201176.48,24.70,33.90,102,351
17:5:38,123199.95,2950.11,195744.69,24.70,33.90,92,393
17:6:39,138757.19,2985.71,199609.38,25.00,34.00,105,442
17:7:39,159500.03,3108.02,204347.81,25.20,34.00,104,356
17:8:40,150953.88,3004.63,203952.56,25.00,34.10,102,327
17:9:40,142277.41,2692.61,187500.00,24.90,34.10,109,353
17:10:41,151123.11,2846.19,201176.48,24.90,34.10,108,256
17:11:41,180756.78,3070.73,209200.00,24.60,34.20,103,446
17:12:42,200396.03,3135.39,215040.63,24.60,34.20,102,489
17:13:42,198647.05,3009.72,205148.52,24.70,34.20,102,394
17:14:43,172017.27,3070.73,207569.72,24.80,34.30,104,398
17:15:43,175421.08,3058.41,209200.00,24.80,34.40,105,421
17:16:44,144711.16,2868.92,198054.48,24.80,34.40,113,653
17:17:44,141087.00,3033.95,202755.91,24.80,34.50,105,581
17:18:45,153828.16,2973.79,200391.39,24.50,34.50,102,401
17:19:45,178946.44,3083.10,208383.23,24.20,34.50,103,365
17:20:46,151123.11,2790.24,193461.55,24.00,34.50,102,371
17:21:46,139913.70,2961.93,198830.42,24.00,34.60,101,329
17:22:47,124142.81,2671.43,186037.73,24.10,34.60,100,396
17:23:47,125098.09,3009.72,202755.91,24.30,34.60,101,284
17:24:48,134291.70,2857.53,211670.00,23.90,34.70,115,594
17:25:48,147218.08,2926.65,194980.70,23.80,34.70,107,434
17:26:49,128040.05,3009.72,201964.64,23.70,34.70,110,472
17:27:49,115803.65,2999.54,205158.73,23.70,34.70,105,283
17:28:50,126065.84,2997.69,204347.81,23.90,34.70,103,378
17:29:50,122269.19,3033.95,206759.44,23.80,34.80,102,284
17:30:51,206755.09,3321.67,221946.14,23.70,34.80,103,509
17:31:51,229887.61,3294.61,218480.47,23.30,34.80,104,386
17:32:52,222630.41,3108.02,210020.03,23.20,34.70,107,416
17:33:52,233749.95,3145.84,210020.03,23.30,34.70,102,315
17:34:53,171448.30,2544.19,174999.98,23.50,34.70,102,351
17:35:53,165550.02,2834.90,200391.39,23.80,34.60,105,318
17:36:54,239697.64,3249.39,217551.02,23.60,34.70,105,421
17:37:54,225318.66,3133.18,211670.00,23.40,34.70,98,350
17:38:55,180756.78,2608.97,187500.00,23.50,34.60,111,429
17:39:55,144711.16,2985.71,200391.39,23.80,34.60,104,273
17:40:56,149801.56,3046.15,209200.00,23.70,34.70,103,332
17:41:56,143485.33,2891.85,198054.48,23.70,34.70,103,416
17:42:57,128040.05,2538.11,174725.27,23.70,34.70,100,371
17:43:57,139913.70,2903.40,200391.39,23.80,34.70,98,485
17:44:58,156619.08,3033.95,203550.28,23.40,34.70,103,359
17:45:58,192923.08,3121.91,212170.38,23.40,34.70,111,426
17:46:59,178946.44,3070.73,210020.03,23.40,34.70,104,427
17:47:59,167126.08,3021.81,205952.38,23.40,34.70,103,339
17:49:0,154866.17,2975.58,201178.78,23.40,34.70,99,565
17:50:0,138757.19,2915.00,194980.70,23.70,34.70,97,304
17:51:1,136338.06,2956.88,200784.33,23.70,34.70,96,353
17:52:1,173704.38,3070.73,205148.52,23.30,34.70,97,352
17:53:2,194403.84,3058.41,203550.28,23.30,34.70,96,422
17:54:2,197784.31,3037.85,206786.42,23.40,34.70,96,384
17:55:3,233749.95,3158.57,209200.00,23.30,34.70,97,292
17:56:3,207428.56,3065.57,207171.31,23.30,34.70,99,357
17:57:4,172017.27,3033.95,204347.81,23.40,34.70,98,257
17:58:4,141087.00,2891.85,197281.56,23.40,34.70,94,439
17:59:5,121350.27,2891.85,192706.33,23.50,34.70,96,492
18:0:5,128040.05,2985.71,201176.48,23.50,34.80,95,321
18:1:6,146721.84,3055.27,206374.50,23.20,34.80,97,382
18:2:6,152465.16,3070.73,206759.44,23.00,34.80,92,456
18:3:7,188336.47,3197.12,210020.03,23.00,34.80,93,515
18:4:7,192342.88,3145.84,210020.03,22.70,34.70,97,417
18:5:8,164000.02,2746.37,176795.58,22.80,34.70,96,349
18:6:8,158048.03,3108.02,210843.36,23.20,34.60,93,419
18:7:9,151123.11,3033.95,201964.64,22.90,34.60,96,409
18:8:9,125098.09,2671.43,188235.31,23.00,34.50,96,482
18:9:10,214905.25,3316.18,222727.30,23.20,34.50,94,502
18:10:10,194403.84,2660.91,183146.09,22.70,34.50,96,392
18:11:11,236689.61,3145.84,214170.03,23.10,34.40,94,547
18:12:11,265692.22,3181.29,212955.45,23.00,34.40,86,315
18:13:12,233749.95,3171.36,214170.03,23.10,34.40,101,357
18:14:12,266538.38,3236.23,218404.89,23.20,34.40,99,376
18:15:13,281243.13,3246.60,218891.14,23.20,34.30,111,532
18:16:13,308970.44,3223.13,217551.02,23.20,34.20,108,370
18:17:14,282135.03,3249.39,222727.30,23.30,34.20,104,529
18:18:14,261772.08,3176.02,216768.89,23.40,34.10,107,384
18:19:15,245928.52,3158.57,212500.00,23.50,34.10,114,362
18:20:15,228066.64,3133.18,210843.36,23.40,34.10,109,416
18:21:16,210020.61,3095.53,205952.38,23.50,34.10,104,353
18:22:16,212437.48,3197.12,206759.44,23.50,34.10,106,341
18:23:17,191923.83,3060.42,203557.30,23.60,34.10,109,522
18:24:17,184477.08,3145.84,206759.44,23.60,34.10,110,342
18:25:18,212437.48,3108.02,207569.72,23.60,34.20,106,356
18:26:18,245928.52,3275.91,222727.30,23.50,34.20,106,411
18:27:19,270285.63,3236.23,221855.70,23.60,34.20,106,338
18:28:19,262886.00,3275.91,218404.89,23.60,34.20,106,299
18:29:20,307999.84,3259.85,218032.77,23.70,34.10,114,422
18:30:20,266256.31,3191.85,216293.27,23.70,34.10,107,355
18:31:21,233749.95,3046.15,210843.36,23.70,34.10,102,321
18:32:21,198647.05,2903.40,213333.31,24.00,34.10,103,321
18:33:22,205333.33,2985.71,205952.38,24.00,34.10,104,287
18:34:22,242776.42,3171.36,210020.03,24.00,34.10,104,383
18:35:23,251658.48,3194.23,214634.13,23.90,34.00,105,378
18:36:23,255851.78,3197.12,212500.00,24.00,34.10,101,234
18:37:24,212437.48,3021.81,205952.38,24.00,34.10,111,386
18:38:24,214905.25,3108.02,211670.00,24.20,34.10,104,307
18:39:25,205333.33,3009.72,198830.42,24.10,34.10,109,322
18:40:25,192342.88,3133.18,212500.00,24.10,34.10,107,512
18:41:26,177168.16,2812.47,204347.81,24.00,34.10,111,317
18:42:26,157872.03,2677.22,193076.94,24.10,34.00,106,413
18:43:27,207653.05,3120.57,210843.36,24.10,34.00,108,455
18:44:27,168728.83,2671.43,192706.33,23.70,33.90,100,288
18:45:28,198000.00,3155.61,209638.55,23.90,33.90,105,475
18:46:28,190320.77,3133.18,210020.03,23.90,33.80,107,299
18:47:29,178946.44,3108.02,215853.64,24.00,33.80,102,449
18:48:29,233749.95,3275.91,216700.59,24.00,33.80,101,340
18:49:30,239441.83,3191.85,215447.14,23.80,33.80,107,389
18:50:30,252463.36,3275.91,218404.89,23.90,33.70,106,379
18:51:31,217425.52,2938.36,210843.36,24.00,33.80,107,382
18:52:31,286301.25,3262.62,221855.70,24.00,33.80,105,268
18:53:32,242776.42,3197.12,219262.27,24.00,33.70,131,416
18:54:32,282135.03,3316.18,226250.00,24.00,33.80,103,415
18:55:33,272105.16,3265.04,227789.48,23.90,33.70,103,353
18:56:33,262886.00,3145.84,219262.27,23.90,33.80,108,352
18:57:34,217425.52,2846.19,206759.44,23.80,33.80,101,453
18:58:34,266538.38,3316.18,225363.83,23.80,33.80,105,254
18:59:35,293746.34,3362.78,230866.83,23.80,33.80,102,474
19:0:35,266538.38,3197.12,215010.13,23.90,33.70,105,392
19:1:36,274131.47,3236.23,220123.17,23.90,33.60,103,300
19:2:36,329656.06,3357.04,235319.14,23.90,33.60,102,430
19:3:37,269999.91,2933.33,209619.23,23.90,33.60,112,359
19:4:37,299199.84,3406.98,231223.64,24.10,33.50,123,398
19:5:38,290583.22,3249.39,222727.30,24.00,33.50,112,387
19:6:38,255851.78,3223.13,220123.17,24.10,33.50,104,435
19:7:39,245928.52,3197.12,216700.59,24.20,33.50,88,404
19:8:39,219999.98,3120.57,206759.44,24.20,33.50,99,375
19:9:40,207653.05,3095.53,207569.72,24.30,33.50,99,317
19:10:40,200831.69,3058.41,207569.72,24.30,33.50,103,498
19:11:41,180558.58,2886.88,198440.56,24.30,33.60,100,304
19:12:41,188867.94,2926.61,208032.13,24.30,33.60,105,320
19:13:42,225318.66,3184.21,214170.03,24.20,33.60,100,414
19:14:42,225318.66,3184.21,215853.64,24.10,33.60,99,389
19:15:43,233749.95,3184.21,213333.31,24.00,33.60,98,325
19:16:43,225076.89,3178.95,213765.17,24.20,33.60,103,547
19:17:44,210020.61,3108.02,209200.00,24.10,33.60,99,233
19:18:44,180756.78,2938.36,201176.48,24.10,33.60,99,268
19:19:45,198647.05,3133.18,207569.72,24.20,33.60,99,296
19:20:45,186388.91,3145.84,210843.36,24.00,33.60,92,319
19:21:46,178946.44,3070.73,205148.52,24.00,33.60,96,419
19:22:46,159500.03,2834.90,198830.42,24.00,33.60,95,462
19:23:47,186388.91,3120.57,207569.72,24.10,33.60,99,330
19:24:47,197784.31,3124.94,209236.94,24.20,33.60,98,380
19:25:48,173704.38,3083.10,205148.52,24.30,33.60,94,389
19:26:48,143485.33,2985.71,195744.69,24.30,33.60,101,506
19:27:49,140608.73,3018.60,202366.86,24.50,33.60,93,449
19:28:49,132000.05,3016.71,201571.72,24.60,33.60,99,427
19:29:50,114399.97,2903.40,194219.66,24.90,33.60,93,489
19:30:50,114399.97,3009.72,204347.81,25.20,33.60,152,481
19:31:51,113578.28,2973.79,200391.39,25.60,33.60,88,320
19:32:51,100983.59,2903.40,192706.33,25.60,33.60,89,446
19:33:52,116925.89,2903.40,198054.48,25.80,33.60,100,543
19:34:52,127046.41,2915.00,197281.56,25.90,33.50,86,569
19:35:53,119547.13,3009.72,201964.64,25.90,33.40,94,381
19:36:53,119547.13,3009.72,201964.64,26.00,33.40,99,302
19:37:54,126065.84,2985.71,194219.66,26.20,33.40,108,545
19:38:54,121350.27,2985.71,201176.48,26.30,33.40,100,607
19:39:55,108848.82,2961.93,200391.39,26.30,33.40,92,550
19:40:55,128040.05,3046.15,201964.64,26.30,33.40,115,445
19:41:56,122269.19,3009.72,200391.39,26.40,33.30,106,250
19:42:56,116073.59,2997.69,196511.64,26.50,33.30,102,439
19:43:57,110388.21,2938.36,194980.70,26.50,33.30,104,365
19:44:57,116246.88,3032.71,204771.38,26.50,33.30,101,298
19:45:58,110388.21,3009.72,201964.64,26.50,33.30,99,405
19:46:58,98881.71,2992.61,196124.05,26.60,33.30,97,448
19:47:59,95218.74,2868.92,196511.64,26.70,33.30,95,378
19:48:59,99416.20,2999.54,200392.16,26.60,33.30,106,381
19:50:0,92020.30,2569.00,176058.92,26.60,33.30,95,324
19:51:0,94611.40,2938.36,198054.48,26.20,33.30,95,396
19:52:1,100983.59,2973.79,200391.39,26.50,33.30,98,274
19:53:1,94611.40,2950.11,196511.64,26.50,33.20,99,270
19:54:2,88541.87,2923.29,195348.84,26.60,33.30,103,577
19:55:2,98352.93,2973.79,199609.38,26.60,33.20,101,370
19:56:3,100983.59,2950.11,198830.42,26.50,33.20,104,317
19:57:3,102342.53,3009.72,205148.52,26.50,33.20,109,482
19:58:4,86724.64,2903.40,190458.02,26.50,33.20,112,466
19:59:4,95218.74,2985.71,200391.39,26.70,33.20,108,377
20:0:5,100983.59,3009.72,206759.44,26.50,33.20,105,321
20:1:5,111964.26,3046.15,203550.28,26.60,33.20,109,445
20:2:6,116073.59,3033.95,208383.23,26.50,33.10,108,472
20:3:6,128040.05,3046.15,205952.38,26.50,33.10,107,367
20:4:7,127746.72,3048.13,210040.16,26.50,33.10,105,267
20:5:7,114399.97,2857.53,199609.38,26.60,33.10,107,294
20:6:8,126065.84,3070.73,210843.36,26.60,33.10,104,361
20:7:8,136493.00,3095.53,215010.13,26.60,33.00,104,356
20:8:9,134138.94,2709.17,185660.39,26.60,33.00,108,392
20:9:9,134291.70,3070.73,211670.00,26.10,32.90,105,427
20:10:10,193980.77,3305.39,227196.66,26.60,33.00,108,531
20:11:10,177168.16,3108.02,210843.36,26.20,32.90,105,303
20:12:11,163272.75,3112.32,215918.36,26.30,32.90,110,587
20:13:11,160439.06,2994.44,194584.14,26.30,32.80,121,678
20:14:12,135384.66,2682.00,191204.61,26.30,32.80,108,281
20:15:12,192342.88,3197.12,216700.59,26.20,32.70,104,399
20:16:13,192342.88,3171.36,212500.00,26.40,32.70,105,490
20:17:13,194403.84,3184.21,215853.64,26.60,32.60,107,292
20:18:14,196504.86,3158.57,211670.00,26.60,32.50,109,394
20:19:14,191923.83,3097.64,214198.77,26.70,32.50,118,492
20:20:15,198647.05,3158.57,214170.03,26.80,32.50,114,404
20:21:15,197137.25,3160.19,222453.19,26.90,32.50,107,601
20:22:16,178946.44,2868.92,203550.28,26.90,32.50,105,544
20:23:16,174842.13,3092.45,212955.45,26.80,32.40,113,560
20:24:17,143485.33,2926.65,203550.28,27.00,32.40,102,447
20:25:17,121846.11,2888.44,204761.91,27.00,32.40,99,282
20:26:18,126065.84,2834.90,201964.64,27.00,32.40,106,527
20:27:18,139755.44,3041.03,217995.89,27.00,32.40,104,519
20:28:19,155212.64,3108.02,214170.03,27.20,32.30,106,355
20:29:19,134291.70,2768.21,201964.64,27.30,32.30,108,475
20:30:20,132000.05,2741.54,198440.56,27.10,32.30,103,254
20:31:20,165550.02,3108.02,215853.64,27.20,32.30,93,412
20:32:21,148500.03,2790.24,197281.56,27.70,32.30,98,582
20:33:21,148500.03,3046.15,214170.03,27.60,32.30,97,311
20:34:22,180162.19,3006.50,212121.20,28.10,32.20,98,294
20:35:22,194403.84,3133.18,214170.03,28.20,32.20,125,457
20:36:23,167126.08,2926.65,206759.44,28.50,32.10,100,500
20:37:23,164000.02,2823.66,201964.64,28.30,32.10,101,346
20:38:24,160975.64,3046.15,213333.31,28.30,32.00,108,462
20:39:24,164000.02,3108.02,220123.17,28.50,32.00,101,317
20:40:25,167126.08,3070.73,210020.03,28.50,31.90,109,403
20:41:25,162475.44,3083.10,213333.31,28.70,31.90,95,434
20:42:26,153828.16,2801.33,195744.69,28.70,31.90,95,413
20:43:26,165550.02,2880.36,197281.56,28.60,31.90,93,419
20:44:27,182600.02,3108.02,213333.31,28.90,31.80,96,332
20:45:27,175421.08,3083.10,211670.00,29.20,31.80,96,372
20:46:28,178946.44,2985.71,213333.31,29.30,31.70,98,486
20:47:28,165000.02,3006.50,208817.63,29.20,31.70,95,302
20:48:29,194403.84,3197.12,221855.70,29.40,31.60,98,411
20:49:29,186388.91,3046.15,216700.59,29.70,31.60,101,371
20:50:30,212208.31,3065.57,224066.41,29.80,31.50,99,414
20:51:30,205333.33,3083.10,215010.13,30.00,31.30,126,553
20:52:31,207653.05,3095.53,219262.27,30.20,31.20,94,422
20:53:31,194192.31,2933.33,213765.17,30.40,31.20,94,478
20:54:32,195009.72,2962.12,211336.03,30.20,31.10,102,681
20:55:32,180756.78,2997.69,216700.59,30.60,31.10,98,487
20:56:33,212437.48,3095.53,215010.13,31.10,31.00,99,487
20:57:33,212437.48,3108.02,220987.63,31.00,30.90,99,461
20:58:34,212437.48,3058.41,217551.02,31.10,30.90,104,475
20:59:34,187514.03,3087.26,217622.92,31.00,30.90,87,347
21:0:35,202400.00,3142.86,217177.89,31.20,30.90,88,309
21:1:35,212437.48,3145.84,212500.00,31.60,30.80,92,312
21:2:36,162475.44,2768.21,198830.42,31.60,30.80,98,398
21:3:36,168355.95,3035.90,210865.17,30.40,30.80,105,340
21:4:37,171827.61,3090.35,214604.44,31.20,30.80,105,299
21:5:37,194403.84,3145.84,215010.13,31.30,30.80,104,360
21:6:38,192923.08,3134.61,218106.97,31.40,30.80,108,451
21:7:38,172017.27,2950.11,206759.44,31.30,30.80,108,272
21:8:39,164000.02,3046.15,213333.31,30.80,30.80,107,345
21:9:39,158048.03,3083.10,210843.36,31.40,30.90,107,314
21:10:40,163818.20,3090.35,216293.27,31.30,30.80,97,342
21:11:40,162475.44,3108.02,213333.31,31.20,30.90,108,396
21:12:41,168728.83,2790.24,195744.69,31.30,30.90,109,577
21:13:41,175421.08,3095.53,211670.00,30.20,30.90,114,433
21:14:42,161934.45,2854.05,203960.39,31.10,30.90,110,287
21:15:42,156619.08,2812.47,204347.81,30.40,30.90,112,575
21:16:43,162475.44,3083.10,217551.02,30.00,30.80,107,339
21:17:43,172017.27,3083.10,214170.03,31.00,30.80,106,405
21:18:44,136493.00,2938.36,211670.00,31.00,30.80,108,314
21:19:44,134291.70,2713.97,191954.03,30.50,30.90,109,336
21:20:45,139438.89,3104.96,218891.14,29.70,30.90,112,338
21:21:45,132150.73,2857.53,205148.52,30.60,30.90,109,432
21:22:46,123199.95,2985.71,212500.00,30.00,30.80,105,361
21:23:46,121350.27,2891.85,205952.38,30.30,30.80,95,449
21:24:47,112766.44,2961.93,206759.44,30.10,30.80,108,384
21:25:47,115668.68,3055.27,211290.31,30.50,30.70,116,325
21:26:48,113578.28,3070.73,211670.00,30.80,30.80,109,307
21:27:48,130067.62,3083.10,218404.89,31.00,30.80,110,294
21:28:49,167126.08,3120.57,215853.64,31.00,30.80,101,438
21:29:49,145955.25,3021.81,220123.17,31.30,30.70,104,329
21:30:50,148500.03,2938.36,215853.64,31.30,30.70,104,411
21:31:50,166941.20,3102.83,223188.42,30.60,30.70,100,323
21:32:51,155212.64,3108.02,223602.50,32.10,30.60,102,429
21:33:51,155212.64,3083.10,218404.89,32.00,30.60,116,459
21:34:52,157872.03,3090.35,218852.44,31.90,30.60,122,395
21:35:52,160975.64,3070.73,219262.27,32.10,30.60,107,519
21:36:53,135076.97,2870.43,206772.91,32.40,30.60,99,466
21:37:53,153828.16,3070.73,217551.02,32.20,30.60,104,365
21:38:54,131102.09,2834.90,207569.72,32.70,30.60,102,387
21:39:54,142277.41,3046.15,216700.59,31.60,30.50,116,391
21:40:55,142277.41,3046.15,217551.02,32.70,30.60,105,353
21:41:55,134291.70,2915.00,202755.91,33.50,30.50,105,341
21:42:55,135384.66,3033.95,213333.31,33.30,30.40,104,246
21:43:56,126900.71,2898.41,202362.20,34.30,30.30,163,801
21:44:56,124666.62,2923.29,208000.00,34.10,30.30,100,245
21:45:57,122269.19,2985.71,207569.72,34.70,30.10,110,362
21:46:57,113578.28,2915.00,205148.52,34.90,30.10,101,504
21:47:58,115668.68,2876.92,205566.61,34.50,30.00,99,583
21:48:58,123199.95,2997.69,209200.00,33.70,30.00,105,363
21:49:59,124666.62,3042.99,212121.20,34.00,29.90,103,449
21:50:59,121564.06,3032.71,214663.94,34.10,29.90,110,406
21:52:0,134291.70,3095.53,217551.02,34.00,29.80,101,292
21:53:0,139438.89,3092.45,224116.44,33.60,29.80,101,419
21:54:1,140927.58,3041.03,212096.77,33.40,29.60,101,445
21:55:1,144711.16,3009.72,212500.00,33.40,29.60,104,367
21:56:2,145955.25,3095.53,216700.59,33.30,29.50,100,343
21:57:2,149801.56,3046.15,215010.13,33.70,29.50,101,481
21:58:3,145955.25,3009.72,215853.64,34.00,29.50,106,525
21:59:3,155212.64,3120.57,216700.59,33.90,29.40,104,363
22:0:4,146721.84,2958.62,222360.22,33.90,29.30,103,387
22:1:4,145955.25,3046.15,215010.13,33.10,29.30,92,344
22:2:5,152465.16,3095.53,219262.27,33.50,29.20,95,359
22:3:5,151123.11,3158.57,219262.27,33.60,29.20,96,492
22:4:6,128040.05,2834.90,208383.23,33.40,29.10,100,561
22:5:6,148500.03,3108.02,215853.64,32.30,29.10,99,317
22:6:7,143485.33,3083.10,218404.89,32.60,29.10,102,386
22:7:7,132150.73,3033.95,215853.64,32.90,29.10,99,262
22:8:8,134291.70,3058.41,215853.64,32.50,29.20,101,369
22:9:8,146556.44,3188.94,226359.84,32.20,29.20,105,348
22:10:9,135384.66,3009.72,214170.03,32.10,29.30,101,334
22:11:9,148166.70,3085.18,219301.81,31.60,29.30,94,249
22:12:10,141087.00,2985.71,215010.13,32.30,29.20,94,504
22:13:10,145462.72,3104.96,221487.59,32.60,29.20,95,420
22:14:11,137617.06,3046.15,215010.13,33.50,29.10,96,473
22:15:11,133213.84,3033.95,215010.13,33.80,29.10,93,390
22:16:12,142277.41,3108.02,220987.63,34.80,29.10,93,482
22:17:12,139280.63,3050.12,218480.47,35.00,29.10,95,568
22:18:13,148500.03,3070.73,221855.70,35.50,29.10,105,886
22:19:13,141087.00,3009.72,214170.03,35.40,28.90,106,501
22:20:14,137617.06,3033.95,215853.64,36.60,28.80,104,622
22:21:14,118662.46,2891.85,204347.81,38.40,28.80,100,569
22:22:15,113999.97,2831.39,204761.91,37.70,28.80,108,401
22:23:15,109870.56,2781.78,198046.88,37.40,28.80,102,382
22:24:16,111964.26,2891.85,210843.36,36.20,28.80,110,597
22:25:16,111171.57,2915.00,213333.31,40.00,28.80,102,550
22:26:17,117788.78,2926.65,210843.36,42.40,28.70,98,631
22:27:17,119270.40,2928.31,214198.77,43.80,28.70,100,661
22:28:18,114133.30,2870.43,212525.23,43.30,28.60,89,601
22:29:18,115231.68,2915.00,212500.00,42.70,28.60,101,342
22:30:19,111171.57,2915.00,211670.00,44.40,28.50,106,359
22:31:19,111964.26,2938.36,213333.31,44.70,28.40,106,508
22:32:20,113578.28,2938.36,215010.13,44.10,28.40,102,433
22:33:20,118662.46,2997.69,216700.59,44.80,28.30,99,320
22:34:21,118662.46,2950.11,217551.02,45.30,28.20,101,462
22:35:21,116073.59,2938.36,216700.59,45.10,28.20,100,580
22:36:22,117378.84,2958.62,214634.13,44.90,28.20,98,645
22:37:22,114399.97,2950.11,217551.02,45.50,28.10,103,409
22:38:23,108720.91,2921.64,217142.84,46.70,28.00,106,466
22:39:23,101659.33,2857.53,211670.00,47.60,27.90,110,415
22:40:24,100315.20,2903.40,215010.13,46.40,27.90,106,424
22:41:24,97079.36,2891.85,212500.00,47.50,27.90,110,681
22:42:25,95218.74,2868.92,207569.72,48.40,27.90,100,769
22:43:25,91095.48,2834.90,208383.23,49.70,27.80,119,624
22:44:26,84663.51,2812.47,208383.23,49.10,27.80,108,479
22:45:26,85578.95,2852.58,212929.28,48.20,27.90,110,437
22:46:27,84160.38,2823.66,210843.36,48.60,27.80,99,478
22:47:27,84160.38,2823.66,213333.31,47.40,27.70,92,717
22:48:28,81714.29,2801.33,205148.52,47.20,27.70,103,574
22:49:28,84160.38,2812.47,214170.03,45.50,27.70,103,462
22:50:29,82194.45,2768.21,212500.00,46.40,27.60,102,358
22:51:29,85684.21,2846.19,218404.89,43.30,27.60,112,438
22:52:30,87252.43,2812.47,205148.52,46.90,27.50,108,492
22:53:30,84350.71,2854.05,212121.20,45.40,27.50,107,397
22:54:31,91666.66,2868.92,209200.00,46.60,27.40,112,370
22:55:31,90530.00,2868.92,211670.00,46.50,27.40,103,495
22:56:32,93415.38,2891.85,213333.31,46.40,27.40,108,474
22:57:32,98999.99,2903.40,215010.13,47.00,27.30,108,350
22:58:33,99654.04,2891.85,215010.13,47.20,27.30,109,473
22:59:33,103731.83,2915.00,215853.64,47.10,27.20,106,426
23:0:34,108092.46,2903.40,217551.02,47.40,27.10,105,386
23:1:34,112634.70,2921.64,216293.27,47.40,27.10,100,402
23:2:35,105152.52,2846.19,214170.03,48.20,27.00,106,311
23:3:35,97712.76,2846.19,207569.72,48.90,27.00,100,366
23:4:36,99297.29,2865.46,210462.77,48.80,27.00,100,366
23:5:36,91666.66,2812.47,205952.38,49.40,27.00,99,367
23:6:37,92243.65,2823.66,209200.00,49.40,27.00,106,361
23:7:37,92964.10,2849.10,210060.34,49.40,27.00,105,501
23:8:38,89415.84,2834.90,208383.23,49.10,27.00,106,279
23:9:38,86201.92,2823.66,210020.03,49.00,27.00,103,406
23:10:39,84663.51,2857.53,211670.00,48.80,27.00,106,452
23:11:39,86724.64,2846.19,209200.00,48.40,27.00,103,321
23:12:40,86201.92,2812.47,205952.38,47.40,27.00,99,444
23:13:40,87252.43,2834.90,206759.44,47.50,27.10,99,271
23:14:41,90530.00,2846.19,209200.00,47.80,27.10,97,392
23:15:41,93415.38,2846.19,211670.00,47.90,27.10,98,380
23:16:41,90530.00,2724.73,210020.03,45.80,27.10,104,329
23:17:42,95218.74,2768.21,206759.44,42.60,27.00,98,376
23:18:42,100076.08,2881.90,214198.77,43.20,26.90,128,416
23:19:43,100315.20,2846.19,208383.23,45.90,26.90,105,420
23:20:43,96962.95,2829.98,211267.59,46.60,26.70,95,311
23:21:44,100983.59,2880.36,211670.00,46.50,26.70,99,374
23:22:44,100315.20,2846.19,211670.00,45.50,26.70,105,278
23:23:45,97079.36,2857.53,211670.00,44.70,26.70,106,383
23:24:45,105152.52,2903.40,216700.59,46.60,26.70,102,384
23:25:46,93415.38,2801.33,205952.38,46.60,26.60,96,429
23:26:46,95832.45,2846.19,210843.36,46.00,26.60,93,265
23:27:47,98999.99,2868.92,210020.03,47.00,26.60,102,436
23:28:47,97361.69,2854.05,208817.63,46.30,26.60,95,420
23:29:48,90530.00,2812.47,204347.81,45.20,26.60,97,478
23:30:48,92489.79,2842.70,212121.20,44.70,26.70,95,282
23:31:49,94874.99,2842.70,213793.08,44.10,26.70,95,419
23:32:49,97079.36,2938.36,216700.59,42.60,26.70,96,327
23:33:50,97079.36,2926.65,216700.59,44.50,26.80,96,400
23:34:50,101659.33,2997.69,221855.70,43.50,26.80,93,493
23:35:51,124954.20,3065.57,224066.41,42.60,26.80,94,375
23:36:51,118993.67,2965.44,221946.14,40.90,26.70,93,265
23:37:52,137617.06,3133.18,228930.83,40.60,26.70,90,267
23:38:52,152465.16,3108.02,223602.50,40.50,26.70,89,330
23:39:53,148500.03,3095.53,223602.50,40.80,26.60,88,499
23:40:53,153312.53,3042.99,229473.69,40.80,26.60,88,514
23:41:54,174649.14,3188.94,230866.83,38.60,26.60,102,352
23:42:54,170359.00,3133.18,225363.83,38.20,26.60,105,354
23:43:55,186388.91,3184.21,229831.95,39.20,26.60,99,466
23:44:55,170359.00,3120.57,228033.48,38.80,26.60,101,322
23:45:56,185981.50,3072.77,228991.61,38.70,26.60,102,292
23:46:56,214905.25,3249.39,232558.16,37.60,26.60,101,370
23:47:57,210020.61,3223.13,221855.70,37.00,26.50,101,341
23:48:57,205333.33,3223.13,233474.58,35.50,26.60,97,366
23:49:58,203060.00,3133.18,229831.95,34.10,26.60,101,326
23:50:58,188336.47,3171.36,228033.48,35.20,26.60,103,309
23:51:59,266538.38,3483.33,246724.89,34.20,26.60,100,256
23:52:59,274131.47,3497.72,247702.41,32.50,26.60,100,241
23:54:0,286301.25,3384.62,249670.31,31.50,26.60,102,394
23:55:0,273842.00,3351.60,251214.13,32.20,26.60,105,460
23:56:1,308970.44,3440.60,244782.61,32.30,26.60,116,330
23:57:1,308970.44,3541.33,252654.84,31.60,26.60,110,314
23:58:2,377142.53,3575.71,244638.95,31.70,26.60,112,258
23:59:2,351999.78,3509.92,244444.45,31.90,26.60,114,271
