Hora,O3,NO2,CO,Humedad,Temperatura,P25,P10
0:0:3,304173.78,3398.51,242857.14,32.10,26.60,111,325
0:1:3,308970.44,3289.27,233474.58,32.30,26.50,113,384
0:2:4,294985.78,3197.12,244782.61,32.60,26.40,104,286
0:3:4,313910.28,3440.60,240000.00,32.40,26.50,122,428
0:4:5,278079.91,3343.35,237179.50,32.90,26.40,112,337
0:5:5,324245.97,3384.62,242857.14,33.20,26.40,114,252
0:6:6,351999.78,3553.85,256375.84,33.70,26.40,100,263
0:7:6,335237.88,3454.77,252654.84,33.40,26.40,106,360
0:8:7,357965.81,3418.55,247912.08,33.60,26.30,102,349
0:9:7,351633.09,3461.11,242082.42,33.60,26.30,98,332
0:10:8,346589.94,3492.15,255233.83,33.60,26.30,102,352
0:11:8,340644.94,3492.15,248245.61,33.70,26.30,98,417
0:12:9,323230.59,3233.41,246389.50,34.20,26.20,105,389
0:13:9,329656.06,3210.10,240000.00,34.20,26.20,103,294
0:14:10,324245.97,3197.12,234394.92,34.30,26.10,102,240
0:15:10,329656.06,3426.50,245751.64,34.20,26.10,104,401
0:16:11,340290.09,3332.51,246827.14,34.50,26.00,102,258
0:17:11,285698.50,3212.53,241036.73,33.90,25.90,109,370
0:18:12,379892.53,3526.72,237179.50,33.80,25.90,105,271
0:19:12,387199.66,3585.60,259775.27,33.80,25.80,106,392
0:20:13,379892.53,3329.73,258744.38,34.30,25.70,106,269
0:21:13,359457.34,3426.50,243817.78,34.30,25.70,103,397
0:22:13,435958.72,3598.45,255357.13,34.50,25.60,114,525
0:23:14,294985.78,3120.57,225363.83,34.80,25.50,104,555
0:24:14,304173.78,3171.36,237179.50,34.40,25.40,106,389
0:25:15,366034.22,3357.04,231645.58,34.30,25.30,103,323
0:26:15,359457.34,3615.50,262895.91,34.00,25.40,101,354
0:27:16,428120.44,3630.57,260810.78,35.00,25.20,117,387
0:28:16,335237.88,3469.02,244782.61,35.60,25.10,106,349
0:29:17,372455.84,3230.92,246288.20,36.10,25.10,100,478
0:30:17,340290.09,3429.57,252771.61,35.10,25.10,97,415
0:31:18,379892.53,3469.02,242857.14,35.90,25.10,100,280
0:32:18,299514.16,3329.73,240948.28,35.60,25.10,105,454
0:33:19,351633.09,3607.77,253897.53,35.70,25.10,97,367
0:34:19,379892.53,3541.33,259775.27,35.80,25.10,100,331
0:35:20,445958.75,3742.33,260948.08,35.60,25.10,103,245
0:36:20,428120.44,3541.33,248684.22,35.50,25.00,102,466
0:37:21,303854.94,3191.85,233970.30,36.10,24.80,98,329
0:38:21,329656.06,3384.62,243817.78,35.60,24.90,98,323
0:39:22,359457.34,3497.72,240000.00,36.10,25.00,101,304
0:40:22,372455.84,3406.98,247264.78,36.20,25.00,99,360
0:41:23,353099.75,3440.60,250660.78,36.00,25.00,98,449
0:42:23,371683.91,3568.64,256375.84,36.30,25.00,105,372
0:43:24,318666.47,3365.35,230315.80,36.50,24.90,102,428
0:44:24,436857.59,3579.95,252212.38,36.10,25.00,99,309
0:45:25,346950.59,3275.91,232558.16,36.60,25.00,101,305
0:46:25,366034.22,3426.50,245751.64,35.90,25.10,96,446
0:47:26,359457.34,3398.51,249670.31,36.40,25.10,103,424
0:48:26,358338.69,3481.01,247368.42,36.30,25.10,99,421
0:49:27,294985.78,3329.73,240000.00,36.50,25.10,96,326
0:50:27,328968.56,3401.50,239139.78,36.80,25.10,101,450
0:51:28,340290.09,3486.58,247807.02,37.30,25.20,94,454
0:52:28,366034.22,3469.02,246724.89,37.00,25.30,104,458
0:53:29,335237.88,3483.33,241900.66,37.20,25.30,99,527
0:54:29,345868.63,3452.39,249339.20,37.10,25.20,101,390
0:55:30,318999.81,3384.62,234394.92,37.20,25.20,102,302
0:56:30,318999.81,3275.91,232558.16,37.10,25.30,96,485
0:57:31,340290.09,3457.93,246827.14,36.60,25.20,96,451
0:58:31,371683.91,3438.19,249339.20,37.30,25.30,90,332
0:59:32,379106.81,3415.50,239139.78,37.10,25.30,92,393
1:0:32,304173.78,3275.91,243817.78,37.10,25.20,89,312
1:1:33,387199.66,3512.18,248684.22,37.00,25.20,89,380
1:2:33,335237.88,3440.60,251655.63,37.60,25.00,89,338
1:3:34,304173.78,3108.02,230736.84,37.60,25.00,94,481
1:4:34,329656.06,3440.60,245751.64,36.50,25.10,96,400
1:5:35,299514.16,3262.62,243817.78,37.70,25.10,93,444
1:6:35,318999.81,3398.51,241900.66,37.30,25.10,96,349
1:7:36,346229.28,3530.10,252771.61,37.60,25.10,99,424
1:8:36,329656.06,3316.18,240000.00,37.90,25.20,98,321
1:9:37,324245.97,3236.23,232558.16,37.20,25.10,96,345
1:10:37,278079.91,3316.18,238115.63,36.50,25.20,102,400
1:11:37,262886.00,3289.27,238115.63,36.80,25.10,98,447
1:12:38,299514.16,3236.23,227139.89,37.10,25.20,100,381
1:13:38,294056.22,3424.06,243478.27,36.60,25.30,115,438
1:14:39,313910.28,3440.60,243817.78,36.80,25.30,92,291
1:15:39,329656.06,3440.60,246724.89,36.30,25.30,96,376
1:16:40,308970.44,3343.35,239055.80,36.30,25.40,98,300
1:17:40,266538.38,3133.18,224481.34,36.40,25.30,101,288
1:18:41,236689.61,3329.73,239055.80,35.60,25.40,98,428
1:19:41,262329.03,3148.10,220164.58,36.50,25.40,96,319
1:20:42,262886.00,3357.04,240948.28,34.80,25.40,97,324
1:21:42,313581.91,3421.00,238626.61,35.50,25.50,98,359
1:22:43,286301.25,3440.60,249670.31,35.60,25.50,93,355
1:23:43,294985.78,3357.04,240000.00,35.20,25.40,109,440
1:24:44,294985.78,3440.60,253658.52,35.00,25.40,109,349
1:25:44,324245.97,3454.77,250660.78,35.40,25.40,106,336
1:26:45,304173.78,3343.35,231645.58,35.00,25.40,106,390
1:27:45,318999.81,3236.23,234394.92,34.60,25.30,103,367
1:28:46,335237.88,3483.33,251655.63,35.00,25.40,107,299
1:29:46,351999.78,3509.92,253333.31,35.20,25.40,109,393
1:30:47,308970.44,3329.73,242857.14,34.90,25.30,110,434
1:31:47,274131.47,3384.62,241900.66,34.90,25.30,111,332
1:32:48,329656.06,3556.01,251655.63,35.40,25.40,107,355
1:33:48,290583.22,3440.60,242857.14,35.00,25.40,109,380
1:34:49,308646.91,3379.16,232135.33,34.90,25.40,107,451
1:35:49,308970.44,3357.04,241900.66,34.90,25.50,110,318
1:36:50,299514.16,3483.33,250660.78,35.50,25.50,109,308
1:37:50,294985.78,3483.33,237179.50,35.60,25.40,107,283
1:38:51,302579.56,3316.26,241648.58,35.80,25.40,104,372
1:39:51,262886.00,3343.35,241900.66,35.80,25.30,108,361
1:40:52,255851.78,3145.84,245751.64,35.70,25.40,109,332
1:41:52,313910.28,3426.50,239055.80,35.30,25.40,102,369
1:42:53,281837.72,3351.60,256249.98,35.20,25.30,103,330
1:43:53,340999.78,3526.72,255679.27,35.50,25.30,101,333
1:44:54,335237.88,3483.33,256696.41,36.00,25.30,95,336
1:45:54,359084.47,3521.12,254222.20,36.20,25.30,105,295
1:46:55,370140.06,3319.01,247577.09,36.40,25.30,99,352
1:47:55,329656.06,3316.18,244782.61,35.40,25.30,98,408
1:48:56,346950.59,3454.77,256696.41,35.80,25.30,100,349
1:49:56,299514.16,3426.50,243817.78,35.70,25.20,100,347
1:50:57,299514.16,3249.39,240000.00,36.00,25.30,103,360
1:51:57,285397.16,3233.41,240604.77,35.60,25.30,102,324
1:52:58,299514.16,3469.02,246724.89,35.30,25.30,100,244
1:53:58,308646.91,3421.00,238626.61,35.70,25.40,99,412
1:54:59,270285.63,3262.62,232558.16,35.60,25.40,97,360
1:55:59,249156.56,3357.04,240948.28,35.50,25.40,101,514
1:57:0,266538.38,3343.35,239055.80,35.60,25.50,117,397
1:58:0,249156.56,3329.73,235319.14,35.60,25.40,109,478
1:59:1,249156.56,3357.04,236247.34,35.50,25.50,104,230
2:0:1,277493.25,3515.52,255803.55,35.70,25.60,98,314
2:1:1,304173.78,3398.51,245751.64,35.20,25.50,100,307
2:2:2,270285.63,3329.73,242857.14,35.10,25.60,99,325
2:3:2,294366.06,3443.72,246827.14,35.30,25.60,99,310
2:4:3,281837.72,3379.16,244347.83,35.20,25.60,100,339
2:5:3,308323.38,3443.72,246827.14,35.50,25.60,102,314
2:6:4,273552.53,3346.17,238197.42,35.40,25.70,105,407
2:7:4,252463.36,3329.73,235319.14,35.40,25.70,96,386
2:8:5,276906.56,3188.94,234541.59,35.20,25.70,94,280
2:9:5,290583.22,3483.33,247702.41,34.70,25.70,99,371
2:10:6,329656.06,3526.72,247702.41,34.90,25.70,98,298
2:11:6,308970.44,3384.62,237179.50,35.20,25.60,100,447
2:12:7,366034.22,3541.33,246724.89,35.20,25.40,97,237
2:13:7,393962.59,3486.58,245851.53,35.70,25.20,101,475
2:14:8,385999.66,3568.64,254342.97,35.70,25.20,99,407
2:15:8,323907.50,3351.60,244347.83,36.10,25.10,104,408
2:16:9,318999.81,3302.69,237179.50,35.90,25.10,98,487
2:17:9,329656.06,3469.02,243817.78,35.80,25.20,102,305
2:18:10,308970.44,3329.73,236247.34,36.10,25.20,97,385
2:19:10,266538.38,3329.73,237179.50,36.20,25.20,104,355
2:20:11,290583.22,3329.73,236247.34,36.50,25.30,97,322
2:21:11,282135.03,3302.69,236247.34,36.60,25.40,99,358
2:22:12,318999.81,3357.04,236247.34,36.60,25.40,98,463
2:23:12,262050.55,3181.29,232203.39,36.60,25.40,98,324
2:24:13,255036.97,3286.55,236830.83,35.90,25.50,98,389
2:25:13,266538.38,3343.35,235319.14,36.30,25.60,98,368
2:26:14,249156.56,3357.04,242857.14,36.40,25.70,97,442
2:27:14,281540.44,3346.17,238197.42,36.20,25.70,100,412
2:28:15,278079.91,3275.91,244782.61,35.90,25.60,99,447
2:29:15,276906.56,3376.62,242082.42,35.90,25.60,100,474
2:30:16,294675.94,3393.03,242424.25,36.20,25.60,96,442
2:31:16,290583.22,3384.62,239055.80,36.30,25.60,100,227
2:32:17,286301.25,3412.47,246724.89,36.40,25.60,107,427
2:33:17,273842.00,3310.78,237687.36,36.40,25.60,102,306
2:34:18,274131.47,3289.27,252654.84,36.10,25.50,104,369
2:35:18,281837.72,3324.32,250220.25,35.60,25.70,102,476
2:36:19,339580.41,3461.11,246929.83,35.80,25.40,105,347
2:37:19,282135.03,3343.35,243817.78,36.20,25.40,108,274
2:38:20,329656.06,3398.51,228033.48,36.00,25.40,105,318
2:39:20,313910.28,3343.35,240948.28,36.20,25.30,99,263
2:40:21,312925.19,3452.39,251327.42,36.40,25.20,100,351
2:41:21,307999.84,3382.09,244444.45,36.70,25.10,100,393
2:42:22,335237.88,3343.35,241900.66,36.90,25.10,107,239
2:43:22,274131.47,3210.10,236247.34,37.00,25.10,104,314
2:44:23,308970.44,3412.47,243817.78,36.70,25.10,107,286
2:45:23,285999.88,3477.78,253215.06,37.20,25.10,105,292
2:46:24,282135.03,3158.57,239055.80,37.20,25.10,99,346
2:47:24,303536.09,3472.22,250772.63,36.50,25.10,96,428
2:48:25,259324.92,3145.84,223602.50,37.40,25.10,97,321
2:49:25,249156.56,3370.79,249670.31,36.50,25.10,99,303
2:50:25,290583.22,3426.50,246724.89,37.40,25.20,99,312
2:51:26,255851.78,3223.13,223602.50,37.50,25.10,94,415
2:52:26,272684.13,3413.03,243572.98,36.80,25.10,97,264
2:53:27,233749.95,3343.35,239055.80,37.60,25.10,100,298
2:54:27,255580.17,3310.78,245315.91,37.50,25.20,97,231
2:55:28,255851.78,3223.13,249670.31,37.30,25.20,99,309
2:56:28,262886.00,3370.79,248684.22,36.20,25.20,106,291
2:57:29,276613.25,3441.31,246491.23,36.90,25.20,107,446
2:58:29,274131.47,3370.79,252654.84,36.60,25.20,105,368
2:59:30,308970.44,3483.33,252654.84,36.50,25.20,93,363
3:0:30,270285.63,3412.47,249670.31,36.60,25.20,101,335
3:1:31,289972.09,3443.72,250772.63,36.90,25.20,107,463
3:2:31,304173.78,3440.60,250660.78,36.80,25.20,103,289
3:3:32,255851.78,3384.62,241900.66,36.40,25.20,108,375
3:4:32,259324.92,3158.57,236247.34,36.10,25.20,103,262
3:5:33,255851.78,3398.51,251655.63,35.50,25.30,97,224
3:6:33,245928.52,3357.04,246724.89,36.40,25.30,95,362
3:7:34,252463.36,3412.47,250660.78,36.50,25.30,100,318
3:8:34,239441.83,3365.35,244347.83,36.30,25.30,107,452
3:9:35,259324.92,3384.62,248684.22,36.60,25.40,101,339
3:10:35,262886.00,3469.02,253658.52,35.60,25.30,99,339
3:11:36,278079.91,3412.47,252654.84,35.50,25.30,99,370
3:12:36,270285.63,3454.77,251655.63,35.50,25.20,96,258
3:13:37,290277.66,3421.00,247264.78,35.60,25.20,107,361
3:14:37,277199.91,3410.00,246389.50,35.80,25.20,108,424
3:15:38,255851.78,3384.62,247702.41,36.20,25.20,100,269
3:16:38,244880.89,3241.26,243043.48,36.20,25.20,108,352
3:17:39,225318.66,3343.35,241900.66,35.10,25.20,101,304
3:18:39,248891.50,3435.09,242424.25,35.20,25.20,98,343
3:19:40,212437.48,3329.73,241900.66,35.40,25.20,99,263
3:20:40,204888.88,3265.21,229894.73,35.30,25.20,103,371
3:21:41,172017.27,3133.18,223602.50,35.00,25.10,101,332
3:22:41,178946.44,3262.62,230736.84,34.70,25.20,96,438
3:23:42,159500.03,3236.23,229831.95,35.10,25.20,94,362
3:24:42,147218.08,3289.27,230736.84,35.20,25.20,96,298
3:25:43,145462.72,3142.86,224116.44,35.30,25.20,97,437
3:26:43,135384.66,3236.23,228033.48,34.80,25.30,105,329
3:27:44,135230.81,3244.07,231223.64,35.20,25.40,96,380
3:28:44,136028.20,3300.00,233121.03,34.90,25.40,105,361
3:29:45,128040.05,3262.62,228033.48,34.80,25.40,100,278
3:30:45,122269.19,3210.10,229831.95,35.20,25.50,100,344
3:31:46,122269.19,3249.39,236247.34,35.30,25.60,102,483
3:32:46,119547.13,3289.27,233474.58,34.50,25.60,101,430
3:33:47,116073.59,3289.27,230736.84,34.60,25.60,103,334
3:34:47,115231.68,3262.62,228930.83,35.00,25.60,92,281
3:35:48,115231.68,3275.91,232558.16,34.90,25.60,93,422
3:36:48,112766.44,3236.23,231645.58,34.90,25.70,94,360
3:37:49,115668.68,3286.55,238709.69,34.60,25.70,96,260
3:38:49,112766.44,3329.73,236247.34,34.50,25.70,96,334
3:39:50,120443.00,3329.73,232558.16,34.10,25.70,93,453
3:40:50,130653.11,3354.46,238709.69,34.20,25.70,91,328
3:41:50,130503.45,3335.31,236402.58,34.20,25.70,94,355
3:42:51,139913.70,3370.79,237179.50,34.10,25.70,93,319
3:43:51,165550.02,3171.36,224481.34,33.70,25.70,91,379
3:44:52,186388.91,3343.35,232558.16,33.30,25.70,88,377
3:45:52,198431.36,3324.32,229411.78,33.30,25.80,91,381
3:46:53,214905.25,3426.50,241900.66,33.30,25.70,136,364
3:47:53,214905.25,3398.51,241900.66,33.40,25.70,91,442
3:48:54,222630.41,3289.27,227139.89,33.60,25.70,88,379
3:49:54,205333.33,3370.79,240948.28,33.30,25.70,111,421
3:50:55,227577.75,3291.93,244880.17,33.50,25.70,94,447
3:51:55,277786.56,3463.48,243383.94,33.10,25.80,93,379
3:52:56,232999.97,3018.60,223236.53,33.20,25.70,97,290
3:53:56,233749.95,3145.84,230736.84,32.80,25.80,97,558
3:54:57,242776.42,3370.79,241900.66,32.70,25.80,91,301
3:55:57,249156.56,3469.02,245751.64,33.00,25.80,97,396
3:56:58,278079.91,3483.33,251655.63,33.00,25.80,95,447
3:57:58,274131.47,3440.60,243817.78,32.90,25.80,98,466
3:58:59,290583.22,3454.77,245751.64,33.10,25.80,109,322
3:59:59,308970.44,3497.72,241900.66,33.10,25.80,110,437
4:1:0,304173.78,3426.50,250660.78,32.90,25.70,109,386
4:2:0,297942.72,3132.38,231355.94,32.90,25.80,110,291
4:3:1,294366.06,3305.39,250772.63,32.60,25.70,110,344
4:4:1,335237.88,3497.72,250660.78,32.60,25.70,108,363
4:5:2,286301.25,3357.04,250660.78,32.80,25.70,112,324
4:6:2,358711.59,3589.18,256823.27,32.60,25.70,111,446
4:7:3,313910.28,3329.73,248684.22,32.70,25.70,110,249
4:8:3,286301.25,3108.02,231645.58,32.80,25.60,115,212
4:9:4,294056.22,3194.23,224116.44,32.70,25.60,111,347
4:10:4,353099.75,3600.52,250660.78,32.70,25.70,115,405
4:11:5,335237.88,3570.77,250660.78,32.80,25.70,109,304
4:12:5,335237.88,3440.60,252654.84,32.90,25.60,110,350
4:13:6,333841.06,3254.50,241125.55,32.90,25.60,94,276
4:14:6,400980.75,3653.26,262131.50,32.90,25.60,100,290
4:15:7,313910.28,3210.10,232558.16,33.00,25.60,104,325
4:16:7,358711.59,3589.18,255803.55,32.90,25.60,109,362
4:17:8,372841.81,3526.72,246724.89,33.10,25.60,116,388
4:18:8,426799.56,3553.85,258426.95,33.10,25.60,103,312
4:19:9,340999.78,3526.72,252654.84,33.20,25.60,100,352
4:20:9,387199.66,3615.50,262895.91,33.20,25.70,94,414
4:21:10,394370.00,3579.95,257270.69,33.10,25.70,95,432
4:22:10,359457.34,3556.01,246724.89,33.10,25.70,97,293
4:23:11,359457.34,3469.02,255679.27,33.00,25.70,100,316
4:24:11,346950.59,3329.73,250660.78,32.90,25.70,96,373
4:25:12,394370.00,3716.84,265603.63,32.80,25.70,99,286
4:26:12,410807.31,3630.57,264999.97,32.80,25.70,97,285
4:27:13,335237.88,3440.60,257718.13,33.00,25.70,100,356
4:28:13,353099.75,3426.50,250660.78,32.90,25.70,101,181
4:29:14,340644.94,3492.15,261399.55,32.90,25.70,106,329
4:30:14,359457.34,3630.57,256696.41,33.00,25.70,103,284
4:31:15,416274.09,3682.10,262870.16,32.90,25.70,105,285
4:32:15,387199.66,3526.72,255679.27,32.90,25.60,106,333
4:33:15,329656.06,3398.51,258744.38,33.10,25.60,108,368
4:34:16,366034.22,3454.77,247702.41,33.00,25.70,110,308
4:35:16,346950.59,3426.50,248684.22,33.00,25.60,105,348
4:36:17,335237.88,3469.02,253658.52,32.80,25.70,104,292
4:37:17,334888.69,3379.16,243383.94,32.80,25.70,104,289
4:38:18,278079.91,3426.50,245751.64,32.80,25.80,99,248
4:39:18,379892.53,3454.77,245751.64,32.80,25.80,100,293
4:40:19,294985.78,3120.57,236247.34,32.70,25.80,101,385
4:41:19,346589.94,3477.78,247264.78,32.40,25.90,101,355
4:42:20,289972.09,3110.17,230801.70,32.60,25.90,96,281
4:43:20,294985.78,3412.47,245751.64,32.40,25.90,97,355
4:44:21,290583.22,3302.69,240948.28,32.60,25.90,99,415
4:45:21,294366.06,3148.10,227196.66,32.50,25.90,100,357
4:46:22,290583.22,3398.51,241900.66,32.40,25.90,99,315
4:47:22,282135.03,3398.51,242857.14,32.50,25.90,95,330
4:48:23,307676.31,3446.85,244008.72,32.60,25.90,90,288
4:49:23,329656.06,3412.47,242857.14,32.80,25.90,94,311
4:50:24,290583.22,3343.35,241900.66,33.00,25.90,97,369
4:51:24,278079.91,3370.79,241900.66,33.20,25.90,95,334
4:52:25,294985.78,3426.50,242857.14,32.70,25.90,98,260
4:53:25,290583.22,3384.62,240948.28,32.80,25.90,99,307
4:54:26,323230.59,3424.06,243478.27,33.00,26.00,96,365
4:55:26,294985.78,3412.47,240948.28,33.00,26.00,95,442
4:56:27,273263.06,3327.09,240604.77,32.90,26.00,93,311
4:57:27,299514.16,3412.47,241900.66,32.90,26.10,93,344
4:58:28,249156.56,3302.69,241900.66,32.80,26.10,99,344
4:59:28,282135.03,3343.35,240948.28,32.70,26.00,97,445
5:0:29,299199.84,3463.48,246288.20,32.50,26.10,100,367
5:1:29,317999.81,3481.01,244444.45,32.50,26.00,98,432
5:2:30,308646.91,3449.25,243383.94,32.50,26.00,99,288
5:3:30,308970.44,3440.60,248684.22,32.70,26.00,97,400
5:4:31,262886.00,3398.51,246724.89,32.70,26.00,96,260
5:5:31,299514.16,3440.60,244782.61,32.70,26.00,96,382
5:6:32,312925.19,3424.06,241558.45,32.60,26.00,97,322
5:7:32,304173.78,3384.62,241900.66,32.70,26.10,96,360
5:8:33,313910.28,3384.62,241900.66,32.90,26.00,94,272
5:9:33,289360.97,3390.52,244008.72,32.80,26.10,90,407
5:10:34,255851.78,3357.04,238115.63,33.10,26.00,93,437
5:11:34,286301.25,3329.73,237179.50,33.00,26.10,91,385
5:12:35,255851.78,3329.73,236247.34,32.80,26.10,94,467
5:13:35,242776.42,3171.36,231645.58,32.60,26.10,90,439
5:14:36,249156.56,3370.79,235319.14,32.30,26.20,106,417
5:15:36,281243.13,3368.24,234968.03,32.40,26.10,93,375
5:16:37,252463.36,3316.18,233474.58,32.60,26.20,91,551
5:17:37,277493.25,3346.17,234468.08,32.70,26.20,104,413
5:18:38,245928.52,3302.69,232558.16,32.60,26.20,93,386
5:19:38,262050.55,3354.46,236830.83,32.60,26.20,94,328
5:20:39,242776.42,3316.18,231645.58,32.50,26.10,94,354
5:21:39,236689.61,3316.18,235319.14,32.80,26.20,94,371
5:22:40,245928.52,3357.04,237179.50,33.00,26.20,99,358
5:23:40,249156.56,3343.35,235319.14,33.00,26.20,114,370
5:24:41,245142.80,3340.74,237768.23,32.80,26.20,99,366
5:25:41,222630.41,2985.71,218404.89,32.80,26.20,102,439
5:26:41,236689.61,3316.18,238115.63,32.50,26.20,103,388
5:27:42,239441.83,3337.93,237687.36,32.40,26.20,100,198
5:28:42,228066.64,3329.73,235319.14,32.50,26.20,103,379
5:29:43,194403.84,3262.62,236247.34,33.20,26.20,104,396
5:30:43,194403.84,3302.69,239055.80,33.60,26.20,107,316
5:31:44,173513.06,3244.07,234893.61,33.80,26.20,99,428
5:32:44,162475.44,3249.39,236247.34,34.00,26.20,95,314
5:33:45,165550.02,3289.27,239055.80,34.20,26.20,95,338
5:34:45,156619.08,3249.39,234394.92,34.10,26.20,100,319
5:35:46,168728.83,3316.18,239055.80,33.90,26.20,96,351
5:36:46,186388.91,3289.27,233474.58,33.30,26.10,94,359
5:37:47,184477.08,3316.18,237179.50,33.50,26.10,96,370
5:38:47,186388.91,3316.18,240948.28,33.30,26.10,98,382
5:39:48,167126.08,3236.23,230736.84,33.80,26.10,95,366
5:40:48,158048.03,3275.91,231645.58,34.40,26.10,99,370
5:41:49,148500.03,3223.13,231645.58,34.70,26.10,104,313
5:42:49,139913.70,3210.10,230736.84,34.90,26.00,101,350
5:43:50,138600.05,3217.83,232135.33,34.90,26.00,99,319
5:44:50,131102.09,3210.10,229831.95,34.90,26.00,106,293
5:45:51,129047.02,3223.13,232558.16,34.90,26.00,102,253
5:46:51,132150.73,3275.91,240948.28,35.00,26.00,101,487
5:47:52,127046.41,3262.62,238115.63,34.80,26.00,99,315
5:48:52,121846.11,3233.41,237768.23,34.50,26.00,110,421
5:49:53,121350.27,3236.23,231645.58,34.80,26.00,110,438
5:50:53,111964.26,3197.12,228930.83,35.00,26.00,111,548
5:51:54,112239.49,3214.98,229052.64,34.90,26.00,96,394
5:52:54,110129.39,3225.60,232627.13,34.90,26.10,100,320
5:53:55,106605.70,3184.21,228930.83,35.00,26.00,80,198
5:54:55,104438.19,3197.12,227139.89,35.00,26.10,99,386
5:55:56,100983.59,3158.57,228033.48,35.10,26.10,98,276
5:56:56,100983.59,3171.36,225363.83,35.30,26.10,95,353
5:57:57,98881.71,3166.11,231223.64,35.40,26.10,99,316
5:58:57,102342.53,3197.12,234394.92,35.40,26.00,104,432
5:59:58,100983.59,3184.21,229831.95,35.30,26.00,106,376
6:0:58,98352.93,3171.36,225363.83,35.20,26.00,100,324
6:1:59,101659.33,3184.21,228930.83,35.30,26.00,106,448
6:2:59,103033.32,3197.12,229831.95,35.00,25.90,106,385
6:4:0,98999.99,3158.57,225363.83,35.30,25.90,104,424
6:5:0,96336.84,3153.33,226722.34,35.90,26.00,107,389
6:6:1,93415.38,3120.57,226250.00,35.80,26.00,101,374
6:7:1,95218.74,3171.36,228033.48,35.50,25.90,107,298
6:8:2,92020.30,3173.68,235394.47,36.10,26.00,101,228
6:9:2,91095.48,3158.57,227139.89,36.20,26.00,97,417
6:10:3,88323.52,3145.84,228930.83,36.40,26.00,102,458
6:11:3,87678.05,3077.93,224066.41,36.70,26.00,102,554
6:12:4,87252.43,3145.84,223602.50,36.50,26.00,97,360
6:13:4,84663.51,3083.10,219262.27,37.00,26.10,95,572
6:14:5,88215.68,3140.62,222314.08,36.90,26.10,96,521
6:15:5,82679.07,3083.10,220123.17,37.10,26.10,95,562
6:16:6,81714.29,3095.53,218404.89,37.30,26.00,103,497
6:17:6,81714.29,3070.73,218404.89,37.20,26.00,93,335
6:18:7,84160.38,3070.73,215010.13,37.40,26.00,100,372
6:19:7,83933.65,3096.68,220703.91,37.40,26.10,101,445
6:20:8,81238.54,3070.73,216700.59,37.50,26.00,96,467
6:21:8,82372.09,3080.00,226778.25,37.50,26.10,104,401
6:22:8,83661.98,3058.41,222727.30,37.70,26.00,99,515
6:23:9,82679.07,3070.73,223602.50,37.80,26.10,94,271
6:24:9,82194.45,3058.41,220987.63,37.90,26.00,93,471
6:25:10,80300.01,3033.95,220987.63,38.00,26.00,92,391
6:26:10,78923.78,3033.95,220123.17,37.80,26.00,96,426
6:27:11,81238.54,3021.81,220987.63,38.10,26.00,93,442
6:28:11,80300.01,2997.69,219262.27,37.90,26.00,100,366
6:29:12,78473.22,3009.72,221855.70,38.20,26.00,95,504
6:30:12,78473.22,3021.81,225363.83,37.90,25.90,102,623
6:31:13,76183.41,2992.61,225833.34,38.40,26.00,100,424
6:32:13,78430.51,3044.97,231355.94,38.00,25.90,97,506
6:33:14,77584.08,3021.81,228033.48,38.30,25.90,105,452
6:34:14,78825.13,3065.57,233970.30,38.40,25.90,93,425
6:35:15,76279.48,3009.72,228930.83,38.60,25.90,96,485
6:36:15,76710.54,3021.81,229831.95,38.80,25.90,88,378
6:37:16,73770.20,2985.71,230736.84,38.80,25.80,95,500
6:38:16,75008.61,3009.72,233474.58,38.80,25.80,88,476
6:39:17,75008.61,3021.81,232558.16,38.90,25.80,85,410
6:40:17,75008.61,3009.72,235319.14,38.80,25.70,90,364
6:41:18,75428.56,3033.95,236247.34,38.60,25.80,91,530
6:42:18,78473.22,3046.15,236247.34,38.60,25.80,89,539
6:43:19,80300.01,3108.02,240948.28,38.50,25.70,88,393
6:44:19,80767.13,3070.73,240948.28,38.50,25.70,87,331
6:45:20,81410.14,3055.27,241558.45,38.40,25.80,93,384
6:46:20,80767.13,3095.53,241900.66,38.30,25.70,94,286
6:47:21,83168.23,3108.02,240000.00,38.50,25.70,90,430
6:48:21,86825.25,3150.36,246929.83,38.20,25.70,95,505
6:49:22,89760.00,3173.08,246593.39,38.10,25.70,101,367
6:50:22,88758.62,3065.57,241468.69,38.00,25.70,114,409
6:51:23,91095.48,3120.57,243817.78,37.70,25.70,107,314
6:52:23,95218.74,3197.12,250660.78,37.70,25.70,102,415
6:53:24,96730.15,3155.61,251327.42,37.50,25.70,94,355
6:54:24,99297.29,3207.23,252328.14,37.60,25.70,98,388
6:55:25,98999.99,3210.10,257718.13,37.50,25.70,100,337
6:56:25,98352.93,3145.84,246724.89,37.50,25.60,99,393
6:57:26,94611.40,3083.10,248684.22,37.80,25.60,92,569
6:58:26,100983.59,3158.57,252654.84,37.30,25.60,97,338
6:59:27,100315.20,3210.10,256696.41,37.40,25.60,95,218
7:0:27,100983.59,3210.10,254666.64,37.40,25.50,93,229
7:1:28,98352.93,3184.21,252654.84,37.40,25.50,95,310
7:2:28,95832.45,3133.18,243817.78,37.50,25.50,97,465
7:3:29,104438.19,3262.62,256696.41,37.30,25.50,101,368
7:4:29,94010.30,2973.79,240000.00,37.30,25.50,104,442
7:5:30,96105.26,3233.41,256375.84,36.20,25.60,102,395
7:6:30,93216.49,3186.02,253571.41,37.00,25.50,103,523
7:7:31,88758.62,3115.37,243383.94,37.40,25.50,104,317
7:8:31,87038.84,2999.54,241036.73,37.50,25.50,106,262
7:9:32,87785.36,3197.12,245751.64,36.40,25.60,95,464
7:10:32,84663.51,3133.18,247702.41,36.90,25.60,95,433
7:11:33,86201.92,3184.21,244782.61,37.10,25.60,97,387
7:12:33,88000.00,3181.29,247368.42,37.10,25.60,101,383
7:13:34,86724.64,3184.21,245751.64,37.10,25.50,99,280
7:14:34,88323.52,3145.84,239055.80,36.90,25.50,108,428
7:15:35,88107.84,3186.57,243913.05,36.80,25.50,104,356
7:16:35,88541.87,3181.29,244444.45,36.80,25.50,107,462
7:17:35,84160.38,3145.84,243817.78,37.00,25.50,102,594
7:18:36,85066.67,3191.85,244347.83,37.20,25.50,105,388
7:19:36,85884.62,3168.42,247368.42,37.30,25.50,107,392
7:20:37,84663.51,3158.57,246724.89,37.50,25.50,110,488
7:21:37,84663.51,3083.10,245751.64,37.60,25.40,102,461
7:22:38,85684.21,3171.36,242857.14,37.40,25.50,100,340
7:23:38,84160.38,3120.57,239055.80,37.50,25.50,100,277
7:24:39,85884.62,3117.54,240604.77,37.60,25.50,99,336
7:25:39,80566.22,3011.60,240086.22,37.80,25.50,94,440
7:26:40,80767.13,3108.02,240000.00,37.30,25.50,101,495
7:27:40,83248.83,3137.62,243043.48,37.80,25.50,100,296
7:28:41,82194.45,3133.18,240000.00,37.80,25.50,99,379
7:29:41,83661.98,3095.53,240948.28,37.80,25.50,107,524
7:30:42,82092.60,3090.35,242424.25,37.80,25.50,106,389
7:31:42,86405.80,3181.29,248351.64,37.60,25.50,102,326
7:32:43,85171.44,2938.36,237179.50,37.50,25.60,101,337
7:33:43,82194.45,2950.11,237179.50,36.20,25.60,97,223
7:34:44,92243.65,3210.10,248684.22,36.20,25.60,99,270
7:35:44,94611.40,3197.12,253658.52,36.30,25.60,101,421
7:36:45,94010.30,3197.12,251655.63,36.30,25.60,93,405
7:37:45,94155.44,3201.93,248898.67,36.50,25.60,96,437
7:38:46,86724.64,3058.41,239055.80,36.40,25.60,94,342
7:39:46,86201.92,2985.71,240000.00,36.10,25.60,94,284
7:40:47,89970.15,3171.36,248684.22,35.50,25.70,87,395
7:41:47,97647.05,3217.43,253006.66,35.60,25.70,98,489
7:42:48,92243.65,3184.21,247702.41,35.80,25.70,100,323
7:43:48,91333.33,3142.86,249339.20,36.10,25.60,100,394
7:44:49,92826.52,3223.13,250660.78,36.10,25.60,97,431
7:45:49,97712.76,3249.39,250660.78,35.70,25.70,99,319
7:46:50,97079.36,3184.21,248684.22,35.50,25.70,99,413
7:47:50,99535.13,3191.85,253215.06,35.60,25.70,98,449
7:48:51,101538.45,3191.85,254222.20,35.70,25.70,99,325
7:49:51,102099.44,3225.60,255803.55,35.20,25.70,98,390
7:50:52,110388.21,3249.39,257718.13,35.00,25.70,92,416
7:51:52,114399.97,3262.62,255679.27,34.80,25.70,88,329
7:52:53,111964.26,3171.36,249670.31,34.80,25.70,93,412
7:53:53,117788.78,3275.91,258744.38,34.70,25.70,89,218
7:54:54,110388.21,3145.84,250660.78,34.70,25.70,89,340
7:55:54,107344.80,3236.23,253658.52,34.70,25.80,89,299
7:56:55,106605.70,3171.36,251655.63,34.70,25.80,89,421
7:57:55,104314.59,3016.71,244347.83,34.50,25.80,87,418
7:58:56,98645.15,3042.99,244444.45,34.30,25.80,85,351
7:59:56,104903.93,3251.94,252771.61,34.10,25.90,96,371
8:0:57,110388.21,3197.12,247702.41,34.00,25.90,86,444
8:1:57,110388.21,3262.62,252654.84,34.10,25.90,88,398
8:2:58,118662.46,3275.91,254666.64,33.80,25.90,94,391
8:3:58,114266.64,3028.84,239569.89,33.60,25.90,98,360
8:4:59,112766.44,3236.23,253658.52,33.60,25.90,96,436
8:5:59,105874.98,2997.69,239055.80,33.70,25.90,95,537
8:7:0,109614.02,3223.13,252654.84,33.90,25.90,97,545
8:8:0,105874.98,3158.57,246724.89,34.10,26.00,95,290
8:9:1,110388.21,3210.10,254666.64,34.10,26.00,96,374
8:10:1,105874.98,3210.10,254666.64,34.00,26.00,94,523
8:11:1,100983.59,3184.21,250660.78,34.10,26.00,95,438
8:12:2,105874.98,3249.39,257718.13,34.40,26.00,91,377
8:13:2,104438.19,3262.62,257718.13,34.20,26.00,97,433
8:14:3,95218.74,3009.72,241900.66,34.30,26.00,98,458
8:15:3,97712.76,3171.36,245751.64,34.20,26.10,91,394
8:16:4,95486.90,3233.41,248351.64,34.60,26.10,95,390
8:17:4,89415.84,3120.57,240000.00,34.70,26.10,91,263
8:18:5,88323.52,2950.11,232558.16,34.70,26.10,93,442
8:19:5,95218.74,3145.84,251655.63,34.00,26.20,102,422
8:20:6,104438.19,3262.62,249670.31,33.70,26.10,104,295
8:21:6,108465.09,3273.17,255357.13,33.60,26.10,103,277
8:22:7,103731.83,3223.13,248684.22,33.80,26.10,104,398
8:23:7,98999.99,3145.84,243817.78,34.20,26.10,102,236
8:24:8,95832.45,3108.02,245751.64,34.50,26.10,106,317
8:25:8,99654.04,3133.18,239055.80,34.20,26.10,106,291
8:26:9,100983.59,3133.18,240948.28,34.50,26.10,106,414
8:27:9,103731.83,3133.18,246724.89,34.10,26.20,105,494
8:28:10,107344.80,3249.39,253658.52,33.80,26.20,99,382
8:29:10,103033.32,3197.12,246724.89,34.00,26.30,101,356
8:30:11,98352.93,3095.53,246724.89,34.10,26.30,100,581
8:31:11,100315.20,3249.39,252654.84,34.10,26.30,96,410
8:32:12,97079.36,3236.23,255679.27,34.10,26.30,103,369
8:33:12,95717.27,3204.81,251214.13,33.90,26.20,98,397
8:34:13,91095.48,3171.36,246724.89,34.20,26.30,95,427
8:35:13,102666.66,3067.61,241558.45,34.20,26.30,96,498
8:36:14,106605.70,3095.53,240000.00,33.20,26.30,100,310
8:37:14,109999.98,3042.99,240604.77,33.10,26.40,96,460
8:38:15,110520.69,3209.66,252444.42,32.50,26.40,101,356
8:39:15,117652.13,3283.90,250220.25,32.70,26.40,103,489
8:40:16,123999.95,3310.78,252212.38,32.20,26.40,94,302
8:41:16,120929.89,3194.23,248351.64,32.00,26.50,94,357
8:42:17,112766.44,3184.21,243817.78,32.10,26.40,93,212
8:43:17,109614.02,3223.13,252654.84,32.20,26.50,100,281
8:44:18,101659.33,3133.18,250660.78,32.20,26.50,95,333
8:45:18,108848.82,3316.18,259775.27,32.10,26.50,94,307
8:46:19,118716.95,3365.67,265446.19,31.70,26.50,97,390
8:47:19,112766.44,3302.69,256696.41,31.80,26.50,99,349
8:48:20,110388.21,3210.10,252654.84,31.70,26.50,104,231
8:49:20,105152.52,3289.27,255679.27,32.20,26.50,102,491
8:50:21,106228.55,3313.51,256375.84,32.00,26.60,103,287
8:51:21,95832.45,2961.93,244782.61,31.90,26.60,101,310
8:52:22,102342.53,3223.13,250660.78,31.80,26.80,104,468
8:53:22,98352.93,3133.18,248684.22,31.30,27.30,100,320
8:54:23,100743.16,3199.52,246827.14,30.90,28.00,103,432
8:55:23,95486.90,3042.99,232203.39,29.40,28.90,101,474
8:56:24,96452.63,3083.10,230736.84,28.40,29.70,98,411
8:57:24,91666.66,2757.27,212500.00,27.50,30.60,91,524
8:58:25,115533.71,3201.93,238279.58,26.70,31.30,91,413
8:59:25,116073.59,3021.81,220123.17,25.60,31.80,94,324
9:0:26,129047.02,3210.10,239055.80,25.30,32.30,95,222
9:1:26,111171.57,2857.53,217551.02,24.50,32.70,90,362
9:2:27,116925.89,3133.18,227139.89,24.60,33.10,90,475
9:3:27,115231.68,3133.18,233474.58,24.00,33.40,102,357
9:4:28,108092.46,3120.57,236247.34,23.70,33.70,87,467
9:5:28,104438.19,3095.53,234394.92,23.40,33.90,87,388
9:6:28,95832.45,3058.41,227139.89,23.50,33.90,83,549
9:7:29,98352.93,3083.10,228033.48,23.60,33.90,83,475
9:8:29,97712.76,2903.40,210843.36,23.40,33.80,139,507
9:9:30,98352.93,3083.10,228033.48,23.60,33.70,98,733
9:10:30,93415.38,2973.79,227139.89,23.50,33.50,81,379
9:11:31,99654.04,3083.10,228033.48,24.00,33.10,134,454
9:12:31,99654.04,3058.41,224481.34,24.00,32.70,73,480
9:13:32,97712.76,3033.95,223602.50,24.60,32.30,73,471
9:14:32,103033.32,3070.73,225363.83,25.20,32.00,75,364
9:15:33,103033.32,3033.95,222727.30,25.30,31.70,75,511
9:16:33,96962.95,3016.71,224948.03,25.60,31.50,78,511
9:17:34,97079.36,3046.15,223602.50,25.90,31.40,77,442
9:18:34,98352.93,3070.73,225363.83,25.80,31.30,78,442
9:19:35,100622.94,3055.27,226778.25,25.90,31.30,75,518
9:20:35,103033.32,3070.73,225363.83,25.90,31.30,77,310
9:21:36,98999.99,3070.73,226250.00,25.80,31.40,72,568
9:22:36,103033.32,3070.73,227139.89,25.80,31.30,77,463
9:23:37,116073.59,3158.57,232558.16,25.70,31.20,76,470
9:24:37,116925.89,3133.18,231645.58,25.60,31.20,74,414
9:25:38,122269.19,3108.02,230736.84,25.80,31.10,78,409
9:26:38,120443.00,3120.57,228033.48,25.90,31.00,82,477
9:27:39,117652.13,3090.35,230315.80,25.90,31.00,80,418
9:28:39,111171.57,3058.41,230736.84,25.90,31.00,81,414
9:29:40,114399.97,3033.95,224481.34,26.10,31.00,83,516
9:30:40,119547.13,3197.12,237179.50,25.80,30.90,81,333
9:31:41,118662.46,2868.92,223602.50,25.50,30.90,82,519
9:32:41,131102.09,3236.23,240948.28,26.20,30.80,90,429
9:33:42,138757.19,3223.13,239055.80,25.60,30.80,83,391
9:34:42,141313.91,3217.43,242173.92,25.70,30.70,84,379
9:35:43,143000.03,3194.23,239655.17,25.80,30.70,82,283
9:36:43,139913.70,3249.39,240948.28,26.00,30.70,82,352
9:37:44,142277.41,3223.13,240948.28,25.90,30.70,85,346
9:38:44,148166.70,3225.60,240086.22,25.90,30.70,84,358
9:39:45,137617.06,3145.84,234394.92,26.00,30.70,82,346
9:40:45,129047.02,3120.57,229831.95,26.10,30.70,85,324
9:41:46,120443.00,3145.84,235319.14,26.30,30.80,81,333
9:42:46,121350.27,3171.36,238115.63,26.30,30.80,86,426
9:43:47,118662.46,3133.18,235319.14,26.20,30.90,91,308
9:44:47,107218.37,3016.71,229411.78,26.20,30.90,90,493
9:45:48,105152.52,3070.73,228033.48,26.60,31.00,90,535
9:46:48,99654.04,3021.81,223602.50,26.50,31.10,91,415
9:47:49,94611.40,3009.72,223602.50,26.50,31.20,91,402
9:48:49,89415.84,2985.71,223602.50,26.40,31.20,90,286
9:49:50,95218.74,3083.10,227139.89,26.40,31.30,92,497
9:50:50,102342.53,3108.02,227139.89,26.20,31.40,91,355
9:51:51,100315.20,3046.15,226250.00,26.10,31.40,88,470
9:52:51,104067.40,3104.96,232203.39,26.30,31.40,89,319
9:53:52,111964.26,3095.53,229831.95,26.20,31.40,92,286
9:54:52,101659.33,2926.65,224481.34,26.40,31.40,91,468
9:55:53,113578.28,3133.18,233474.58,26.60,31.40,90,328
9:56:53,111571.40,3042.99,234042.55,26.20,31.30,89,449
9:57:54,121350.27,3133.18,237179.50,26.50,31.30,93,400
9:58:54,136493.00,3197.12,240948.28,26.30,31.20,92,290
9:59:55,135384.66,3171.36,240000.00,26.50,31.10,94,486
10:0:55,121350.27,2903.40,220123.17,26.60,31.00,97,609
10:1:56,123058.02,3115.37,231223.64,26.90,31.00,92,481
10:2:56,117788.78,3021.81,224481.34,26.80,31.00,95,272
10:3:57,116073.59,3021.81,231645.58,27.00,31.00,98,406
10:4:57,114399.97,2926.65,229831.95,27.10,31.00,95,336
10:5:58,112766.44,2985.71,229831.95,27.20,31.10,103,419
10:6:58,110388.21,3009.72,228033.48,27.30,31.10,95,457
10:7:59,110129.39,2940.05,226304.81,27.30,31.10,98,348
10:8:59,112502.96,2963.68,225416.67,27.20,31.10,97,375
10:10:0,114266.64,2980.65,223188.42,27.20,31.10,95,332
10:11:0,120443.00,2938.36,222727.30,27.20,31.10,97,360
10:12:1,112766.44,2868.92,219262.27,27.20,31.10,95,314
10:13:1,109614.02,2790.24,215010.13,27.30,31.10,94,351
10:14:2,116073.59,2857.53,222727.30,27.30,31.10,78,302
10:15:2,108848.82,2757.27,220123.17,27.30,31.10,94,302
10:16:3,105874.98,2746.37,221855.70,27.40,31.20,94,282
10:17:3,104438.19,2868.92,220123.17,27.50,31.20,96,308
10:18:4,105874.98,2846.19,220987.63,27.50,31.20,95,355
10:19:4,100983.59,2757.27,215010.13,27.50,31.20,99,404
10:20:5,100983.59,2790.24,217551.02,27.50,31.30,95,397
10:21:5,98999.99,2880.36,219262.27,27.40,31.20,97,461
10:22:6,101659.33,2868.92,214170.03,27.20,31.30,94,374
10:23:6,104779.64,2923.29,219753.06,27.10,31.30,96,528
10:24:7,111171.57,2846.19,215853.64,27.20,31.20,92,422
10:25:7,117788.78,2790.24,217551.02,27.00,31.10,91,341
10:26:8,125098.09,2724.73,206759.44,27.00,31.10,88,331
10:27:8,140768.16,3011.60,223651.47,27.00,31.00,89,427
10:28:9,147218.08,3021.81,230736.84,26.30,30.90,93,463
10:29:9,149801.56,3158.57,232558.16,26.40,30.90,87,297
10:30:9,168728.83,3120.57,227139.89,26.30,30.90,85,345
10:31:10,160796.78,3053.27,224948.03,26.50,30.80,85,374
10:32:10,157696.03,3023.72,214198.77,26.70,30.90,82,374
10:33:11,155212.64,3108.02,225363.83,26.90,30.80,83,386
10:34:11,155212.64,3145.84,227139.89,26.50,30.80,79,357
10:35:12,158048.03,3070.73,221855.70,26.50,30.80,81,414
10:36:12,160439.06,3055.27,226778.25,26.60,30.80,83,298
10:37:13,158048.03,3095.53,228033.48,26.60,30.90,79,343
10:38:13,155212.64,3046.15,226250.00,26.50,30.90,82,351
10:39:14,162475.44,2950.11,222727.30,26.50,30.90,80,334
10:40:14,168728.83,3223.13,237179.50,26.90,31.00,80,341
10:41:15,165550.02,2973.79,226250.00,26.40,31.00,80,319
10:42:15,189905.67,3186.57,233545.66,26.60,31.00,77,475
10:43:16,182600.02,3095.53,226250.00,25.90,30.90,79,394
10:44:16,188336.47,3095.53,230736.84,26.00,30.90,80,276
10:45:17,200396.03,3085.18,225416.67,26.10,30.90,76,378
10:46:17,182600.02,3058.41,221855.70,26.30,30.90,84,410
10:47:18,193346.16,3069.65,225941.44,26.50,30.90,76,374
10:48:18,156444.48,2818.75,216293.27,26.60,30.90,79,381
10:49:19,178946.44,3095.53,226250.00,26.80,30.90,78,381
10:50:19,182600.02,3133.18,225363.83,26.20,30.90,77,450
10:51:20,172017.27,3033.95,220987.63,26.00,30.90,76,408
10:52:20,156619.08,3070.73,222727.30,26.20,30.90,82,487
10:53:21,153828.16,3070.73,225363.83,26.30,30.90,92,474
10:54:21,178946.44,3133.18,229831.95,26.30,30.90,80,262
10:55:22,203060.00,3275.91,233474.58,26.20,30.90,79,350
10:56:22,204666.66,3194.23,229473.69,26.10,30.90,90,421
10:57:23,182600.02,2985.71,222727.30,26.20,30.90,91,430
10:58:23,167126.08,3108.02,227139.89,26.40,30.90,87,396
10:59:24,165550.02,3108.02,227139.89,26.30,30.90,84,317
11:0:24,158048.03,3033.95,228930.83,26.20,30.90,88,389
11:1:25,171827.61,3230.92,234893.61,26.30,30.90,90,352
11:2:25,180756.78,3120.57,227139.89,26.10,30.90,90,371
11:3:26,165550.02,3021.81,222727.30,26.20,30.90,87,261
11:4:26,172017.27,3108.02,226250.00,26.50,30.90,78,253
11:5:27,165550.02,3083.10,222727.30,26.90,31.00,88,463
11:6:27,155212.64,3009.72,222727.30,27.00,31.00,90,418
11:7:28,160975.64,3070.73,224481.34,27.00,31.10,91,343
11:8:28,149801.56,3033.95,223602.50,27.00,31.10,91,242
11:9:29,160260.20,3099.76,223700.64,27.00,31.10,94,325
11:10:29,138757.19,2961.93,218404.89,26.90,31.20,91,318
11:11:30,134291.70,2768.21,208383.23,27.20,31.20,94,344
11:12:30,139913.70,3046.15,223602.50,27.40,31.20,94,424
11:13:31,126065.84,2961.93,213333.31,27.10,31.20,98,392
11:14:31,115668.68,2994.44,224116.44,27.30,31.20,92,396
11:15:32,119547.13,3046.15,219262.27,27.40,31.20,104,294
11:16:32,125776.27,3097.64,224532.23,27.20,31.20,94,402
11:17:33,121350.27,3095.53,221855.70,27.20,31.20,96,367
11:18:33,131102.09,3083.10,221855.70,27.20,31.20,95,275
11:19:34,133213.84,3033.95,219262.27,27.10,31.20,93,458
11:20:34,141087.00,3083.10,219262.27,27.10,31.20,97,356
11:21:35,162475.44,3120.57,220123.17,27.10,31.30,98,323
11:22:35,161934.45,3220.29,238709.69,27.10,31.30,97,372
11:23:36,160975.64,3083.10,222727.30,27.10,31.30,96,275
11:24:36,177168.16,3184.21,228930.83,27.10,31.20,96,193
11:25:37,175421.08,3145.84,231645.58,27.10,31.20,101,268
11:26:37,196504.86,3249.39,236247.34,27.20,31.20,97,255
11:27:38,196504.86,3158.57,233474.58,27.00,31.10,98,247
11:28:38,190320.77,3145.84,232558.16,27.10,31.10,95,350
11:29:39,190320.77,3108.02,228930.83,27.20,31.10,99,271
11:30:39,164000.02,3095.53,221855.70,27.30,31.10,98,314
11:31:40,145955.25,3095.53,226250.00,27.40,31.10,96,384
11:32:40,149801.56,3108.02,221855.70,27.30,31.20,94,381
11:33:41,138757.19,3046.15,215853.64,27.10,31.20,96,269
11:34:41,134291.70,3070.73,219262.27,27.20,31.10,100,300
11:35:42,126065.84,3058.41,220123.17,27.30,31.10,101,331
11:36:42,116925.89,3033.95,210843.36,27.40,31.10,98,326
11:37:43,118662.46,3058.41,217551.02,27.60,31.10,98,564
11:38:43,118662.46,3058.41,220987.63,27.50,31.10,98,382
11:39:44,115231.68,2926.65,214170.03,27.40,31.10,103,225
11:40:44,132150.73,3158.57,227139.89,27.40,31.20,104,397
11:41:45,124142.81,2801.33,200391.39,27.10,31.20,100,275
11:42:45,144711.16,3095.53,223602.50,27.50,31.20,99,302
11:43:46,153828.16,3120.57,220123.17,27.10,31.20,97,429
11:44:46,132150.73,2768.21,215010.13,27.20,31.20,99,356
11:45:47,164000.02,3158.57,230736.84,27.60,31.20,98,242
11:46:47,180756.78,3133.18,228930.83,27.00,31.20,98,289
11:47:48,168728.83,3120.57,222727.30,27.10,31.20,98,376
11:48:48,160975.64,3095.53,228033.48,27.20,31.20,125,511
11:49:49,150953.88,3065.57,219712.50,27.20,31.20,96,332
11:50:49,138757.19,3021.81,214170.03,27.30,31.20,96,259
11:51:50,132150.73,3009.72,215010.13,27.30,31.20,91,258
11:52:50,129621.67,3055.27,214634.13,27.30,31.30,95,317
11:53:51,132150.73,3171.36,221855.70,27.20,31.30,99,499
11:54:51,130067.62,2973.79,215853.64,27.00,31.30,91,275
11:55:52,142277.41,3158.57,223602.50,27.10,31.20,93,241
11:56:52,147052.67,3077.93,219712.50,26.90,31.20,93,257
11:57:53,139913.70,2903.40,212500.00,27.00,31.20,94,205
11:58:53,134923.13,3067.61,222360.22,27.20,31.20,100,300
11:59:54,129047.02,3046.15,216700.59,27.20,31.20,94,294
12:0:54,126065.84,3021.81,217551.02,27.40,31.30,93,359
12:1:55,131102.09,3070.73,220987.63,27.40,31.30,94,351
12:2:55,129918.97,3102.83,218852.44,27.40,31.30,94,399
12:3:56,121210.15,2624.89,200000.02,27.20,31.30,92,372
12:4:56,137617.06,2961.93,218404.89,27.50,31.30,88,309
12:5:57,135384.66,2713.97,196511.64,26.80,31.30,85,309
12:6:57,182400.02,3244.07,228511.53,27.30,31.30,87,422
12:7:58,182000.02,3130.17,226778.25,26.60,31.20,83,280
12:8:58,206979.58,3220.29,229473.69,26.90,31.10,149,506
12:9:59,183871.56,3104.96,224116.44,27.00,31.10,90,380
12:10:59,165366.69,3127.96,224948.03,27.30,31.10,89,496
12:12:0,170359.00,3120.57,223602.50,27.40,31.10,91,540
12:13:0,160975.64,3095.53,220123.17,27.40,31.10,88,431
12:14:1,170359.00,3120.57,222727.30,27.40,31.10,101,507
12:15:1,153828.16,3083.10,220987.63,27.40,31.20,89,299
12:16:2,173704.38,3120.57,225363.83,27.40,31.20,97,371
12:17:2,178946.44,3108.02,220987.63,27.10,31.20,98,335
12:18:3,167126.08,3158.57,222727.30,27.00,31.10,93,548
12:19:3,170359.00,3120.57,220123.17,27.10,31.10,86,354
12:20:4,159322.63,3102.83,221443.28,27.20,31.10,85,472
12:21:4,149801.56,3033.95,216700.59,27.10,31.20,88,365
12:22:4,165550.02,3108.02,222727.30,27.20,31.10,91,257
12:23:5,175421.08,3184.21,224481.34,27.10,31.30,97,246
12:24:5,168728.83,3083.10,220987.63,27.00,31.30,93,415
12:25:6,164000.02,3108.02,215010.13,27.10,31.30,91,262
12:26:6,164000.02,3095.53,214170.03,27.10,31.30,90,305
12:27:7,165366.69,3115.37,222314.08,27.00,31.30,94,317
12:28:7,155212.64,2834.90,198830.42,27.00,31.30,100,334
12:29:8,161934.45,2935.01,217177.89,27.50,31.30,100,460
12:30:8,141087.00,2629.61,194219.66,27.40,31.30,102,313
12:31:9,144711.16,3009.72,217551.02,27.70,31.30,102,250
12:32:9,164000.02,3108.02,222727.30,26.80,31.30,101,285
12:33:10,180756.78,3133.18,227139.89,26.60,31.30,105,214
12:34:10,155212.64,2997.69,219262.27,26.70,31.30,105,237
12:35:11,174842.13,3168.42,223236.53,26.80,31.30,103,370
12:36:11,165550.02,3033.95,215853.64,26.70,31.30,106,331
12:37:12,178946.44,3158.57,223602.50,26.80,31.30,102,354
12:38:12,203999.98,3230.58,230932.20,26.40,31.30,105,314
12:39:13,233749.95,3197.12,221855.70,26.10,31.30,102,293
12:40:13,178946.44,2682.00,198054.48,25.90,31.20,107,308
12:41:14,167126.08,2703.27,202755.91,26.90,31.30,105,434
12:42:14,198647.05,3184.21,228930.83,26.90,31.30,111,332
12:43:15,214905.25,3289.27,231645.58,26.60,31.30,106,240
12:44:15,184477.08,2985.71,229831.95,26.60,31.30,102,337
12:45:16,225318.66,3343.35,241900.66,26.80,31.30,101,261
12:46:16,268571.34,3379.55,242173.92,26.40,31.20,102,198
12:47:17,239697.64,3249.39,232558.16,26.60,31.10,102,368
12:48:17,222630.41,3210.10,225363.83,26.80,31.10,97,255
12:49:18,203060.00,3197.12,229831.95,27.40,31.20,120,419
12:50:18,192342.88,3145.84,223602.50,27.50,31.10,102,328
12:51:19,181200.02,3186.02,226890.78,27.80,31.10,105,472
12:52:19,162475.44,3083.10,217551.02,27.90,31.20,104,288
12:53:20,161573.80,3107.11,221532.06,27.70,31.20,106,199
12:54:20,159500.03,3108.02,217551.02,28.00,31.20,101,350
12:55:21,158967.78,3092.45,219753.06,27.80,31.20,109,371
12:56:21,139913.70,3058.41,213333.31,27.80,31.20,97,372
12:57:22,145955.25,3083.10,215010.13,27.90,31.20,101,380
12:58:22,156095.27,3104.96,218032.77,27.80,31.30,101,279
12:59:23,178946.44,3197.12,224481.34,27.90,31.30,104,325
13:0:23,207653.05,3171.36,223602.50,28.00,31.30,104,240
13:1:24,186388.91,3083.10,221855.70,28.20,31.30,102,329
13:2:24,167126.08,2997.69,216700.59,27.90,31.30,103,272
13:3:25,172017.27,2834.90,205148.52,27.90,31.30,99,296
13:4:25,178750.02,3115.37,225833.34,28.40,31.30,103,297
13:5:26,160975.64,2713.97,198054.48,28.20,31.40,114,342
13:6:26,184477.08,3083.10,228033.48,28.30,31.40,101,299
13:7:27,225318.66,3262.62,233474.58,27.90,31.50,98,311
13:8:27,228066.64,3184.21,228033.48,27.70,31.50,95,275
13:9:28,159500.03,2746.37,207569.72,27.90,31.50,99,327
13:10:28,244880.89,3321.67,231779.67,28.00,31.50,93,261
13:11:29,219999.98,3145.84,220987.63,27.40,31.50,98,322
13:12:29,235678.11,3241.26,227253.67,27.50,31.50,100,255
13:13:30,228066.64,3133.18,222727.30,27.90,31.50,101,289
13:14:30,188336.47,3046.15,216700.59,28.00,31.50,100,334
13:15:31,178946.44,3058.41,216700.59,27.90,31.50,96,250
13:16:31,182600.02,3033.95,215010.13,27.70,31.50,102,261
13:17:32,163636.39,3060.42,215885.92,27.60,31.60,97,297
13:18:32,127046.41,2650.43,190458.02,27.60,31.60,97,354
13:19:33,168728.83,3083.10,220123.17,27.90,31.60,94,398
13:20:33,153828.16,3021.81,214170.03,27.50,31.70,94,329
13:21:34,147833.38,2883.45,205168.98,27.50,31.70,108,435
13:22:34,186388.91,3120.57,219262.27,27.60,31.70,93,437
13:23:35,158048.03,3021.81,216700.59,27.10,31.70,91,387
13:24:35,171637.95,3110.17,217586.89,27.20,31.60,91,379
13:25:36,150615.42,2982.45,212121.20,27.60,31.60,88,245
13:26:36,180756.78,3108.02,214170.03,27.60,31.60,86,354
13:27:37,194403.84,3145.84,217551.02,27.20,31.60,94,382
13:28:37,192342.88,3120.57,220123.17,27.50,31.60,92,258
13:29:38,180756.78,2985.71,216700.59,27.50,31.60,94,297
13:30:38,224593.38,3207.23,225887.28,27.50,31.60,95,343
13:31:39,198647.05,2891.85,202755.91,27.20,31.70,96,345
13:32:39,162475.44,2692.61,197281.56,27.40,31.80,91,441
13:33:40,207653.05,3021.81,217551.02,27.40,31.80,92,455
13:34:40,228066.64,3236.23,228930.83,26.80,31.80,30122,30404
13:35:41,175228.09,3028.84,220576.11,26.80,31.80,88,348
13:36:41,155212.64,2834.90,207569.72,26.80,31.80,85,333
13:37:42,192342.88,3145.84,219262.27,27.00,31.80,87,381
13:38:42,150784.64,2672.45,197276.28,26.70,31.80,87,302
13:39:43,141087.00,2757.27,203550.28,27.20,31.90,99,377
13:40:43,155212.64,3033.95,215010.13,27.10,31.90,89,420
13:41:44,227822.20,3230.92,224948.03,26.70,31.90,91,386
13:42:44,194192.31,3004.63,217142.84,26.40,31.90,92,348
13:43:45,194403.84,3058.41,217551.02,26.40,31.90,96,301
13:44:45,212437.48,2985.71,218404.89,26.70,32.00,95,294
13:45:46,205333.33,2880.36,209200.00,26.70,32.00,100,30320
13:46:46,178946.44,2713.97,205952.38,26.70,32.00,97,300
13:47:47,184477.08,3046.15,218404.89,27.00,32.00,97,275
13:48:47,152124.08,2715.10,204356.44,26.80,32.00,104,297
13:49:48,163818.20,3004.63,214604.44,27.20,32.00,105,290
13:50:48,170170.97,3090.35,215447.14,26.90,32.00,103,266
13:51:49,145955.25,2823.66,206759.44,27.20,32.00,102,266
13:52:49,165000.02,3030.77,218032.77,27.20,32.10,103,418
13:53:50,155212.64,3009.72,211670.00,27.10,32.10,108,331
13:54:50,164000.02,3070.73,215010.13,26.90,32.10,109,230
13:55:51,175421.08,3058.41,214170.03,27.00,32.10,107,265
13:56:51,192342.88,3133.18,212500.00,26.80,32.20,101,346
13:57:52,167126.08,3009.72,218404.89,26.60,32.20,95,382
13:58:52,159500.03,2768.21,191204.61,26.60,32.20,101,294
13:59:53,155212.64,2961.93,212500.00,26.80,32.30,97,268
14:0:53,183064.23,3134.61,219834.70,26.40,32.40,97,241
14:1:54,162475.44,3009.72,211670.00,26.20,32.30,106,410
14:2:54,139913.70,2961.93,212500.00,26.30,32.40,99,316
14:3:55,141087.00,3083.10,220123.17,26.30,32.40,97,235
14:4:55,130067.62,3046.15,207569.72,26.40,32.50,95,413
14:5:56,133680.59,3087.26,215071.27,26.70,32.40,106,352
14:6:56,155212.64,3083.10,214170.03,26.70,32.50,104,254
14:7:57,148500.03,2868.92,207569.72,26.70,32.40,103,299
14:8:57,207653.05,3236.23,223602.50,26.80,32.40,103,350
14:9:58,198000.00,3130.17,221487.59,26.80,32.40,108,245
14:10:58,165550.02,3021.81,210020.03,26.90,32.40,104,201
14:11:59,156619.08,3058.41,215010.13,26.80,32.40,107,351
14:12:59,139913.70,2985.71,210843.36,27.00,32.40,101,348
14:14:0,139913.70,2650.43,197281.56,26.80,32.40,110,404
14:15:0,144385.22,2928.31,216734.69,27.10,32.50,102,254
14:16:1,158048.03,3083.10,224481.34,26.50,32.50,102,312
14:17:1,214905.25,3223.13,227139.89,26.30,32.50,102,329
14:18:2,168169.50,3092.45,214634.13,26.10,32.50,98,366
14:19:2,128040.05,2997.69,205148.52,26.20,32.50,104,350
14:20:3,153828.16,3197.12,217551.02,26.30,32.50,96,388
14:21:3,160975.64,3120.57,215010.13,26.00,32.50,103,381
14:22:4,149633.63,3115.37,215447.14,25.90,32.50,101,402
14:23:4,127046.41,3033.95,212500.00,26.00,32.50,99,308
14:24:5,130067.62,3046.15,207569.72,26.20,32.50,102,450
14:25:5,134291.70,2997.69,205148.52,26.10,32.50,102,418
14:26:6,168728.83,3133.18,216700.59,25.90,32.50,102,315
14:27:6,135384.66,2692.61,196511.64,25.60,32.50,102,284
14:28:7,180756.78,3158.57,218404.89,26.30,32.50,100,385
14:29:7,160975.64,3095.53,216700.59,25.90,32.50,97,373
14:30:8,151123.11,3046.15,213333.31,26.00,32.50,98,438
14:31:8,177168.16,3158.57,217551.02,26.00,32.50,99,311
14:32:9,188336.47,3120.57,215853.64,25.80,32.50,99,264
14:33:9,176778.78,3097.64,214198.77,25.80,32.50,133,379
14:34:10,174456.16,2996.29,208016.03,25.70,32.60,102,368
14:35:10,149801.56,2558.14,182429.92,25.80,32.60,100,313
14:36:11,198431.36,3102.83,217142.84,26.40,32.70,96,230
14:37:11,206979.58,3067.61,214634.13,25.50,32.70,99,355
14:38:12,212437.48,2846.19,202755.91,25.70,32.70,96,348
14:39:12,174842.13,2667.68,193822.41,25.80,32.70,98,244
14:40:13,162114.78,2518.91,187476.30,25.90,32.70,94,300
14:41:13,212437.48,3058.41,217551.02,25.80,32.80,98,289
14:42:14,212437.48,2973.79,216700.59,24.40,32.80,95,374
14:43:14,233749.95,3120.57,224481.34,24.60,32.70,101,342
14:44:15,236689.61,3197.12,221855.70,24.70,32.70,97,256
14:45:15,242258.78,2999.54,212525.23,25.20,32.70,96,419
14:46:16,217425.52,3058.41,218404.89,25.70,32.60,95,318
14:47:16,182600.02,2713.97,203550.28,25.80,32.70,99,376
14:48:17,178750.02,2774.34,190076.34,26.20,32.70,94,335
14:49:17,165000.02,2564.33,186363.64,26.30,32.70,87,384
14:50:17,180756.78,2857.53,209200.00,26.30,32.90,89,452
14:51:18,194403.84,2598.72,186767.50,25.80,32.90,93,338
14:52:18,198647.05,2846.19,206759.44,26.20,32.90,95,418
14:53:19,198647.05,2801.33,199609.38,25.40,32.90,90,388
14:54:19,212437.48,3120.57,219262.27,25.40,32.80,89,329
14:55:20,222152.16,3135.39,217586.89,25.30,32.80,92,338
14:56:20,239697.64,3184.21,220123.17,25.40,32.80,94,318
14:57:21,210020.61,2746.37,191204.61,25.80,32.70,97,387
14:58:21,193557.69,2737.89,207600.00,26.30,32.80,94,349
14:59:22,167126.08,2768.21,204347.81,25.80,32.90,92,375
15:0:22,194403.84,3058.41,213333.31,25.70,32.90,91,256
15:1:23,230876.38,3184.21,219262.27,25.40,32.90,96,325
15:2:23,170170.97,2774.34,202362.20,25.30,32.90,89,412
15:3:24,177168.16,3058.41,213333.31,25.60,32.90,99,454
15:4:24,162475.44,2846.19,203550.28,25.70,33.00,114,475
15:5:25,190320.77,3070.73,210843.36,26.00,33.00,97,276
15:6:25,194403.84,2903.40,197281.56,25.50,33.10,94,325
15:7:26,167126.08,2757.27,200391.39,25.60,33.00,95,346
15:8:26,198647.05,3133.18,221855.70,25.50,33.10,95,412
15:9:27,172017.27,2518.24,180297.38,25.20,33.10,199,2036
15:10:27,145955.25,2469.29,178888.88,26.10,33.10,136,1166
15:11:28,139913.70,2608.97,192706.33,25.90,33.20,122,1315
15:12:28,168542.39,2945.08,212929.28,25.60,33.30,129,1144
15:13:29,174649.14,3050.12,210887.09,25.00,33.20,105,668
15:14:29,139913.70,2558.14,183146.09,25.20,33.20,96,1019
15:15:30,162114.78,3035.90,209218.44,26.00,33.10,96,664
15:16:30,180756.78,3046.15,211670.00,25.10,33.10,130,933
15:17:31,212437.48,3133.18,220123.17,25.00,33.10,233,2220
15:18:31,196504.86,3120.57,216700.59,24.90,33.10,127,612
15:19:32,153828.16,2608.97,189714.30,25.20,33.10,101,708
15:20:32,178946.44,3120.57,224481.34,26.00,33.20,98,479
15:21:33,200831.69,3083.10,215010.13,25.10,33.20,100,321
15:22:33,182600.02,2985.71,212500.00,25.20,33.20,118,402
15:23:34,144711.16,2568.22,191204.61,25.30,33.30,105,605
15:24:34,159500.03,2868.92,209200.00,25.70,33.30,99,251
15:25:35,136493.00,2660.91,194980.70,25.20,33.30,97,327
15:26:35,145955.25,2938.36,208383.23,25.50,33.40,101,337
15:27:36,149801.56,2915.00,205952.38,25.10,33.40,102,281
15:28:36,162475.44,3070.73,219262.27,25.10,33.40,103,328
15:29:37,165550.02,3108.02,220123.17,25.00,33.40,103,305
15:30:37,167126.08,2915.00,211670.00,24.90,33.40,112,378
