8:36:55,19600.74,833.15,517894.69,29.80,28.10,0,0
8:37:56,30945.63,1162.76,463192.19,29.70,28.20,185,844
8:38:56,37539.69,1412.52,439375.03,30.60,28.20,122,2079
8:39:57,41756.37,1640.61,423780.50,31.00,28.30,111,657
8:40:57,44000.00,1833.33,403539.81,30.90,28.50,104,989
8:41:58,46407.30,2046.42,401764.69,30.60,28.60,104,1222
8:42:58,47894.41,2128.08,377966.09,30.00,28.80,103,749
8:43:59,49993.59,2292.40,364088.41,29.30,28.90,128,563
8:44:59,50834.95,2355.87,365193.38,29.50,29.00,117,780
8:46:0,48193.75,2319.52,330389.59,29.00,29.10,108,604
8:47:0,50763.75,2474.43,350943.41,29.20,29.20,103,625
8:48:1,50857.14,2514.29,344000.03,29.00,29.30,98,596
8:49:1,54737.20,2656.16,355434.81,29.00,29.50,113,728
8:50:2,53270.90,2588.51,332812.47,28.50,29.60,111,709
8:51:2,52277.23,2619.27,331428.56,28.30,29.70,104,673
8:52:3,51790.16,2598.72,327319.56,28.20,29.70,95,451
8:53:3,53050.17,2657.14,329870.09,28.30,29.80,100,602
8:54:4,53020.00,2660.91,320610.66,28.20,30.20,105,601
8:55:4,53020.00,2671.43,316666.66,27.20,30.90,103,498
8:56:5,53020.00,2703.27,317974.66,26.40,31.70,100,413
8:57:5,56188.15,2764.60,336842.16,25.60,32.60,109,516
8:58:6,54476.19,2719.91,322762.13,24.60,33.40,125,615
8:59:6,54737.20,2741.54,317468.31,23.90,34.20,97,568
9:0:7,53523.49,2735.53,311500.00,23.00,34.80,103,687
9:1:7,52523.18,2735.53,303940.91,22.60,35.50,102,452
9:2:8,53020.00,2735.53,310224.41,22.20,36.00,96,590
9:3:8,61047.98,2812.47,316666.66,21.60,36.50,107,710
9:4:9,59543.48,2779.20,310224.41,20.80,37.00,93,432
9:5:9,55875.43,2735.53,297810.22,20.50,37.30,95,613
9:6:10,56968.41,2746.37,303940.91,20.30,37.60,91,544
9:7:10,55075.34,2703.27,296601.94,20.20,37.70,85,531
9:8:11,55264.60,2730.70,293719.81,20.30,37.60,85,591
9:9:11,54812.29,2703.27,289473.72,20.40,37.50,85,625
9:10:12,55075.34,2735.53,291826.91,20.40,37.40,82,648
9:11:12,56418.11,2746.37,291826.91,20.40,37.30,89,546
9:12:13,55606.89,2724.73,283687.97,20.50,37.10,79,376
9:13:13,58378.58,2692.61,280281.72,20.50,36.90,78,682
9:14:14,57526.50,2629.61,274710.00,20.70,36.50,87,571
9:15:14,57808.50,2713.97,284834.13,21.20,36.20,80,456
9:16:15,61665.43,2746.37,282547.19,21.30,35.90,76,476
9:17:15,58956.84,2713.97,280281.72,21.50,35.60,74,583
9:18:15,61977.62,2768.21,282547.19,21.80,35.50,77,457
9:19:16,62609.02,2757.27,282547.19,21.90,35.40,75,577
9:20:16,64640.93,2753.64,284560.56,22.00,35.40,80,484
9:21:17,72167.35,2823.66,282547.19,22.00,35.50,79,553
9:22:17,64895.75,2682.00,280281.72,21.90,35.40,78,432
9:23:18,63574.15,2735.53,281411.78,22.30,35.40,81,657
9:24:18,61355.56,2713.97,278037.41,22.30,35.40,77,701
9:25:19,60742.66,2757.27,280281.72,22.50,35.40,75,507
9:26:19,59840.00,2757.27,274710.00,22.60,35.40,77,594
9:27:20,58666.68,2757.27,273611.13,22.50,35.30,79,530
9:28:20,65914.06,2823.66,279156.91,22.50,35.30,91,30717
9:29:21,63250.00,2812.47,280281.72,22.20,35.20,83,496
9:30:21,60661.77,2730.70,274245.97,22.50,35.20,82,545
9:31:22,61665.43,2812.47,278037.41,22.70,35.10,84,558
9:32:22,64145.59,2818.75,277570.13,22.60,35.10,85,322
9:33:23,66606.30,2790.24,274710.00,22.50,35.10,89,472
9:34:23,60966.80,2730.70,273148.16,22.50,35.10,84,641
9:35:24,59169.68,2763.36,272055.44,22.70,35.10,91,496
9:36:24,58587.82,2774.34,272055.44,22.70,35.10,87,334
9:37:25,60439.56,2757.27,270344.81,22.70,35.10,93,564
9:38:25,59543.48,2790.24,273611.13,22.70,35.20,97,548
9:39:26,59543.48,2790.24,272517.34,22.60,35.20,91,467
9:40:26,61977.62,2790.24,272517.34,22.50,35.20,94,555
9:41:27,61665.43,2801.33,273611.13,22.50,35.10,89,393
9:42:27,65914.06,2846.19,279156.91,22.60,35.20,87,437
9:43:28,68385.54,2880.36,281411.78,22.60,35.20,90,379
9:44:28,68120.48,2854.05,280000.03,22.60,35.20,87,475
9:45:29,64561.54,2834.90,275813.97,22.60,35.20,87,558
9:46:29,63574.15,2846.19,273611.13,22.50,35.20,85,525
9:47:30,70999.99,2891.85,275813.97,22.60,35.20,87,411
9:48:30,67665.34,2880.36,276923.09,22.50,35.20,88,509
9:49:31,73364.40,2938.36,280281.72,22.40,35.20,87,459
9:50:31,74592.27,2938.36,285985.75,22.40,35.10,90,452
9:51:32,74913.79,2910.00,278688.53,22.60,35.10,88,534
9:52:32,66956.52,2880.36,275813.97,22.60,35.10,89,394
9:53:33,72167.35,2868.92,271428.59,22.50,35.10,97,514
9:54:33,68385.54,2857.53,267123.28,22.50,35.00,98,390
9:55:34,66258.83,2823.66,267123.28,22.60,35.00,99,338
9:56:34,66606.30,2891.85,269266.03,22.70,35.00,99,396
9:57:35,93896.90,3041.03,285510.69,22.50,35.00,98,574
9:58:35,102342.53,3046.15,283687.97,22.10,34.90,98,347
9:59:36,112766.44,3046.15,283687.97,22.10,34.90,102,278
10:0:36,123058.02,3041.03,284360.22,22.20,34.70,102,452
10:1:37,118662.46,3083.10,289473.72,22.40,34.70,102,481
10:2:37,98352.93,2938.36,276923.09,22.60,34.70,94,606
10:3:38,88323.52,2938.36,276923.09,22.80,34.70,100,535
10:4:38,77584.08,2880.36,278037.41,23.10,34.60,100,321
10:5:39,82576.75,2980.65,277570.13,23.40,34.70,99,410
10:6:39,77584.08,2926.65,279156.91,23.10,34.60,99,436
10:7:40,76710.54,2938.36,275813.97,23.30,34.60,100,357
10:8:40,76279.48,2903.40,279156.91,23.40,34.70,95,413
10:9:41,81238.54,2961.93,279156.91,23.30,34.60,96,357
10:10:41,81714.29,2985.71,279156.91,23.10,34.60,96,512
10:11:42,98999.99,3058.41,281411.78,23.30,34.50,94,379
10:12:42,88000.00,2970.51,278873.25,23.20,34.50,107,601
10:13:43,83168.23,2903.40,273611.13,23.40,34.50,109,566
10:14:43,91095.48,2973.79,273611.13,23.50,34.40,108,658
10:15:44,82679.07,2915.00,269266.03,23.30,34.40,114,634
10:16:44,75008.61,2938.36,264999.97,23.40,34.40,106,606
10:17:45,89415.84,3021.81,274710.00,23.50,34.40,120,701
10:18:45,93415.38,2973.79,272517.34,23.30,34.40,99,389
10:19:46,95218.74,2997.69,275813.97,23.50,34.40,97,352
10:20:46,88215.68,2968.74,275348.88,23.50,34.40,99,488
10:21:47,84056.61,2945.08,270967.72,23.60,34.40,98,310
10:22:47,83168.23,2985.71,274710.00,23.50,34.40,96,478
10:23:48,83168.23,2891.85,268192.19,23.60,34.40,96,258
10:24:48,88323.52,2985.71,269266.03,23.70,34.50,93,270
10:25:49,87463.41,2946.79,271131.63,23.60,34.50,94,608
10:26:49,85171.44,2891.85,264999.97,23.50,34.60,91,534
10:27:50,83168.23,2926.65,266059.22,23.60,34.60,90,354
10:28:50,94989.58,2987.53,277102.84,23.40,34.70,88,321
10:29:51,90530.00,2868.92,260810.78,23.30,34.70,87,348
10:30:51,83168.23,2903.40,266059.22,23.40,34.60,86,589
10:31:52,73770.20,2915.00,264999.97,23.50,34.60,89,448
10:32:52,67665.34,2891.85,263945.56,23.50,34.60,85,433
10:33:53,65232.56,2903.40,259775.27,23.70,34.60,85,693
10:34:53,63250.00,2846.19,260810.78,23.70,34.60,88,608
10:35:54,69117.41,2961.93,264999.97,23.70,34.70,84,431
10:36:54,76710.54,2926.65,268192.19,23.40,34.70,85,556
10:37:55,88866.99,2961.93,264999.97,23.30,34.70,82,466
10:38:55,95218.74,2961.93,264999.97,23.40,34.70,80,370
10:39:56,98645.15,2982.45,266819.19,23.30,34.70,80,255
10:40:56,95832.45,2950.11,268192.19,23.50,34.70,80,580
10:41:57,91666.66,2880.36,260810.78,23.60,34.70,80,462
10:42:57,86201.92,2950.11,259775.27,23.70,34.70,82,568
10:43:58,73364.40,2857.53,250660.78,23.70,34.70,75,605
10:44:58,82194.45,2868.92,262895.91,23.80,34.80,82,530
10:45:59,79378.39,2903.40,254666.64,23.40,34.80,79,417
10:46:59,92826.52,2961.93,267123.28,23.30,34.70,79,423
10:48:0,83661.98,2823.66,251655.63,23.30,34.80,77,476
10:49:0,80300.01,2857.53,248684.22,23.60,34.70,79,470
10:50:1,81238.54,2938.36,259775.27,23.50,34.70,78,766
10:51:1,95218.74,2997.69,264999.97,23.50,34.70,79,677
10:52:2,90530.00,2880.36,259775.27,23.50,34.80,81,741
10:53:2,84160.38,2891.85,257718.13,23.60,34.80,79,538
10:54:3,92826.52,2938.36,258744.38,23.60,34.80,80,536
10:55:3,100622.94,2982.45,264692.47,23.50,34.80,83,483
10:56:4,98999.99,2950.11,263945.56,23.30,34.80,83,541
10:57:4,95218.74,2973.79,263945.56,23.50,34.80,77,519
10:58:5,105152.52,3070.73,267123.28,23.30,34.80,80,399
10:59:5,106479.98,3053.27,267734.53,23.10,34.80,80,511
11:0:6,112766.44,3021.81,264999.97,23.20,34.70,82,709
11:1:6,95832.45,2915.00,260810.78,23.40,34.70,91,449
11:2:7,98172.03,2998.14,262870.16,23.80,34.70,82,402
11:3:7,79378.39,2891.85,254666.64,23.80,34.70,82,496
11:4:8,80767.13,2973.79,259775.27,23.90,34.70,82,533
11:5:8,80767.13,2973.79,257718.13,23.60,34.70,86,459
11:6:9,79837.11,2950.11,257718.13,23.60,34.70,83,555
11:7:9,79837.11,2985.71,257718.13,23.70,34.70,82,657
11:8:10,83661.98,2997.69,259775.27,23.70,34.70,89,407
11:9:10,78473.22,2812.47,251655.63,23.80,34.70,88,350
11:10:11,77145.38,2903.40,248684.22,24.10,34.70,99,555
11:11:11,74179.48,2846.19,247702.41,24.00,34.80,87,596
11:12:12,69502.04,2883.45,247912.08,23.80,34.80,93,470
11:13:12,64561.54,2812.47,247702.41,24.00,34.80,107,466
11:14:13,77584.08,2973.79,260810.78,24.00,34.80,92,309
11:15:13,87570.73,2999.54,267276.88,23.60,34.80,93,415
11:16:14,95486.90,2982.45,266819.19,23.60,34.80,93,546
11:17:14,97079.36,2915.00,256696.41,23.70,34.80,96,540
11:18:15,86201.92,2619.27,237179.50,23.80,34.90,98,471
11:19:15,85171.44,2915.00,253658.52,24.20,34.90,96,606
11:20:16,84663.51,2903.40,253658.52,24.10,34.90,97,382
11:21:16,86618.36,2921.64,263492.03,24.20,34.90,97,517
11:22:17,86201.92,2915.00,264999.97,24.60,35.00,97,458
11:23:17,92243.65,2950.11,262895.91,24.50,35.00,100,370
11:24:18,87785.36,2973.79,264999.97,24.50,35.00,97,296
11:25:18,81714.29,2915.00,257718.13,24.60,35.00,101,326
11:26:19,78825.13,2910.00,255233.83,24.70,35.10,107,591
11:27:19,78473.22,2857.53,244782.61,24.80,35.10,96,552
11:28:20,85684.21,2926.65,257718.13,24.80,35.10,105,653
11:29:20,108092.46,3070.73,263945.56,24.50,35.00,96,623
11:30:21,98999.99,3033.95,258744.38,24.50,35.00,97,640
11:31:21,77584.08,2812.47,246724.89,24.60,34.90,99,669
11:32:22,83661.98,2915.00,254666.64,24.80,34.90,99,571
11:33:22,87785.36,2938.36,262895.91,24.70,34.90,113,604
11:34:23,90530.00,3009.72,261851.02,24.80,34.90,104,365
11:35:23,89415.84,2950.11,261851.02,24.80,34.90,98,618
11:36:24,90530.00,2961.93,261851.02,25.00,34.80,103,368
11:37:24,79837.11,2880.36,256696.41,25.10,34.80,105,320
11:38:25,78473.22,2915.00,255679.27,25.10,34.80,103,647
11:39:25,101659.33,3083.10,267123.28,25.20,34.80,99,598
11:40:26,83661.98,2868.92,257718.13,25.30,34.80,108,574
11:41:26,83661.98,2903.40,257718.13,25.40,34.80,105,476
11:42:27,86201.92,2880.36,253658.52,25.50,34.80,99,576
11:43:27,92243.65,2973.79,266059.22,25.50,34.80,103,380
11:44:28,118662.46,3046.15,269266.03,25.40,34.80,97,485
11:45:28,119408.77,3077.93,264545.44,25.50,34.80,98,504
11:46:29,116925.89,3033.95,262895.91,25.20,34.80,104,829
11:47:29,124810.41,3060.42,261990.92,25.40,34.80,99,570
11:48:30,93896.90,2624.89,240517.25,25.50,34.70,102,580
11:49:30,88866.99,2973.79,253658.52,25.80,34.70,122,684
11:50:31,92826.52,3058.41,256696.41,25.60,34.70,118,665
11:51:31,92826.52,3033.95,260810.78,25.50,34.70,111,716
11:52:32,92826.52,3009.72,255679.27,25.60,34.70,102,478
11:53:32,94155.44,3074.82,259008.98,25.80,34.70,103,620
11:54:33,82194.45,3009.72,251655.63,25.90,34.70,93,509
11:55:33,87785.36,2997.69,255679.27,26.00,34.70,107,486
11:56:34,98999.99,2857.53,248684.22,26.00,34.70,103,451
11:57:34,100983.59,2985.71,257718.13,25.90,34.60,93,383
11:58:35,128040.05,3108.02,258744.38,25.80,34.70,98,468
11:59:35,98645.15,2994.44,249339.20,25.80,34.70,92,410
12:0:36,84663.51,2961.93,248684.22,26.10,34.70,90,541
12:1:36,85171.44,2961.93,240948.28,26.20,34.70,96,394
12:2:37,97712.76,2961.93,247702.41,26.40,34.70,95,745
12:3:37,86201.92,2790.24,242857.14,26.30,34.70,94,512
12:4:38,98999.99,3184.21,261851.02,26.20,34.70,96,885
12:5:38,112766.44,3070.73,257718.13,26.00,34.70,103,718
12:6:39,87252.43,2868.92,249670.31,26.10,34.70,87,520
12:7:39,84350.71,2831.39,253333.31,26.20,34.70,86,481
12:8:40,112766.44,3021.81,254666.64,26.20,34.70,90,702
12:9:40,104438.19,2915.00,243817.78,26.20,34.70,90,561
12:10:41,108092.46,2973.79,243817.78,26.30,34.70,85,435
12:11:41,95832.45,2903.40,246724.89,26.40,34.70,87,417
12:12:42,103033.32,2915.00,247702.41,26.40,34.70,93,513
12:13:42,113999.97,3006.50,251327.42,26.30,34.70,92,447
12:14:43,97712.76,2880.36,242857.14,26.30,34.70,85,426
12:15:43,97079.36,2997.69,253658.52,26.40,34.70,90,388
12:16:44,104067.40,2923.29,256375.84,26.50,34.80,99,774
12:17:44,102342.53,2801.33,249670.31,26.60,34.80,90,611
12:18:45,120303.76,3004.63,259325.83,26.60,34.80,88,433
12:19:45,130067.62,3108.02,264999.97,26.40,34.80,91,555
12:20:46,137617.06,3033.95,260810.78,26.50,34.80,99,515
12:21:46,125486.80,2906.61,253897.53,26.50,34.80,93,581
12:22:47,124142.81,3009.72,257718.13,26.50,34.80,90,417
12:23:47,122128.16,3053.27,260360.34,26.40,34.80,115,559
12:24:48,131102.09,3108.02,256696.41,26.30,34.70,101,507
12:25:48,101659.33,2915.00,243817.78,26.20,34.70,106,427
12:26:49,101659.33,2757.27,245751.64,26.10,34.70,99,535
12:27:49,134291.70,3095.53,257718.13,26.20,34.80,100,646
12:28:50,136493.00,3058.41,250660.78,26.10,34.70,106,597
12:29:50,105152.52,2997.69,251655.63,26.20,34.80,97,621
12:30:51,96452.63,2997.69,247702.41,26.50,34.80,96,570
12:31:51,92602.03,2975.58,252771.61,26.60,34.80,97,552
12:32:52,101659.33,2997.69,252654.84,26.50,34.80,95,566
12:33:52,105152.52,2973.79,253658.52,26.70,34.80,94,532
12:34:53,203060.00,3541.33,282547.19,26.60,34.80,97,486
12:35:53,190320.77,3236.23,264999.97,25.90,34.80,105,599
12:36:54,175421.08,2985.71,256696.41,26.30,34.70,94,449
12:37:54,190320.77,3171.36,263945.56,26.70,34.70,100,518
12:38:55,172017.27,3133.18,260810.78,26.60,34.70,103,528
12:39:55,159500.03,3120.57,258744.38,26.80,34.70,108,602
12:40:56,137971.47,3044.97,253452.09,26.70,34.80,101,502
12:41:56,118662.46,2973.79,243817.78,26.50,34.80,95,582
12:42:57,102666.66,2994.44,253333.31,26.50,34.80,93,522
12:43:57,103731.83,2973.79,249670.31,26.20,34.90,99,361
12:44:58,131102.09,3120.57,252654.84,26.00,34.90,107,414
12:45:58,116073.59,2997.69,248684.22,25.90,34.90,98,457
12:46:59,108092.46,3033.95,254666.64,26.10,34.90,103,446
12:47:59,95832.45,2857.53,245751.64,26.20,34.90,125,589
12:49:0,111964.26,2926.65,254666.64,26.20,34.90,125,609
12:50:0,122269.19,3046.15,262895.91,26.20,35.00,106,341
12:51:1,129047.02,3120.57,266059.22,26.10,35.00,112,612
12:52:1,122269.19,3033.95,254666.64,26.20,35.00,106,544
12:53:2,112766.44,2985.71,254666.64,25.90,34.90,108,482
12:54:2,89415.84,2926.65,251655.63,26.30,35.00,100,413
12:55:3,77584.08,2834.90,238115.63,26.40,35.00,121,746
12:56:3,81481.49,2986.08,251555.55,26.50,35.00,101,728
12:57:4,85684.21,2950.11,246724.89,26.30,35.00,93,985
12:58:4,80767.13,2528.15,212500.00,26.30,35.10,98,706
12:59:5,97079.36,2973.79,256696.41,26.60,35.10,138,792
13:0:5,106228.55,3042.99,262585.00,26.30,35.10,106,591
13:1:6,108848.82,3009.72,258744.38,26.30,35.10,107,732
13:2:6,135384.66,3171.36,278037.41,26.40,35.10,102,600
13:3:7,164000.02,3133.18,269266.03,26.30,35.00,100,494
13:4:7,129047.02,2985.71,248684.22,26.20,35.00,100,415
13:5:8,98352.93,2961.93,248684.22,26.20,35.00,124,631
13:6:8,83661.98,2488.75,234394.92,26.20,35.10,108,30608
13:7:9,99654.04,2891.85,252654.84,26.40,35.10,128,727
13:8:9,138757.19,3021.81,258744.38,25.90,35.10,102,500
13:9:10,128040.05,2891.85,246724.89,25.60,35.20,106,625
13:10:10,106605.70,2568.22,239055.80,25.70,35.30,112,658
13:11:11,105874.98,2891.85,248684.22,25.90,35.20,99,577
13:12:11,118662.46,3058.41,256696.41,25.80,35.30,104,651
13:13:12,108092.46,2868.92,244782.61,25.60,35.30,98,625
13:14:12,98999.99,2598.72,238115.63,25.60,35.30,107,554
13:15:13,153828.16,3095.53,263945.56,25.50,35.40,105,703
13:16:13,156619.08,3158.57,266059.22,25.00,35.40,117,571
13:17:14,166941.20,3204.81,264545.44,25.20,35.40,102,389
13:18:14,168728.83,3120.57,258744.38,25.40,35.40,99,455
13:19:15,134291.70,3033.95,248684.22,25.40,35.40,126,710
13:20:15,149801.56,3171.36,263945.56,25.60,35.50,97,444
13:21:16,173704.38,3289.27,268192.19,25.60,35.50,98,500
13:22:16,118249.96,2534.18,233121.03,25.50,35.50,108,660
13:23:17,137617.06,2973.79,252654.84,25.80,35.50,92,439
13:24:17,149801.56,2973.79,253658.52,25.50,35.60,113,448
13:25:18,160260.20,3050.12,260045.14,25.40,35.60,102,392
13:26:18,182600.02,3145.84,259775.27,25.00,35.60,102,579
13:27:19,190320.77,3210.10,263945.56,25.00,35.50,99,394
13:28:19,173704.38,3133.18,257718.13,24.90,35.60,96,497
13:29:20,164000.02,3070.73,258744.38,24.90,35.60,93,581
13:30:20,116073.59,2528.15,230736.84,24.80,35.60,97,475
13:31:21,133213.84,3070.73,260810.78,25.40,35.60,96,612
13:32:21,133375.05,3064.47,253006.66,24.70,35.60,81,499
13:33:22,121350.27,3070.73,250660.78,24.70,35.60,93,600
13:34:22,93076.92,2820.13,238709.69,24.70,35.60,93,635
13:35:23,84246.45,2375.10,213387.41,24.80,35.70,97,459
13:36:23,101659.33,2857.53,246724.89,25.20,35.80,94,550
13:37:24,121350.27,2757.27,237179.50,24.10,35.80,91,576
13:38:24,119547.13,2938.36,249670.31,24.20,35.80,92,288
13:39:25,140768.16,3186.57,265148.06,24.10,35.70,97,336
13:40:25,147218.08,3171.36,261851.02,23.90,35.70,94,546
13:41:26,182600.02,3262.62,264999.97,24.10,35.70,92,587
13:42:26,180756.78,3210.10,259775.27,24.00,35.70,105,666
13:43:27,164000.02,3133.18,257718.13,24.20,35.70,92,391
13:44:27,116925.89,2459.63,221855.70,24.30,35.70,93,567
13:45:28,156095.27,3181.29,262585.00,24.80,35.80,97,449
13:46:28,148500.03,3046.15,256696.41,23.40,35.80,93,462
13:47:29,148500.03,3108.02,259775.27,23.70,35.80,98,506
13:48:29,166941.20,3166.11,264545.44,23.70,35.80,103,637
13:49:30,130067.62,2479.00,221855.70,23.50,35.80,102,629
13:50:30,138757.19,3021.81,256696.41,24.60,35.80,102,617
13:51:31,172017.27,3223.13,263945.56,23.60,35.80,99,413
13:52:31,149801.56,2619.27,215010.13,22.80,35.80,103,360
13:53:32,136493.00,2746.37,242857.14,23.80,35.90,103,674
13:54:32,170359.00,3158.57,260810.78,23.50,35.90,106,400
13:55:33,203060.00,3289.27,266059.22,23.10,35.90,106,505
13:56:33,202400.00,3300.00,267889.88,23.00,35.90,107,373
13:57:34,182200.02,3225.60,263038.53,23.20,35.90,109,358
13:58:34,172017.27,3197.12,261851.02,23.20,35.90,105,321
13:59:35,168728.83,3033.95,257718.13,23.30,35.90,138,616
14:0:35,178946.44,3197.12,264999.97,23.40,35.90,100,474
14:1:36,140449.31,2716.23,244978.16,23.20,35.90,104,422
14:2:36,184477.08,3275.91,269266.03,23.80,35.90,30103,30587
14:3:37,202400.00,3273.17,267889.88,23.60,36.00,102,412
14:4:37,160975.64,2880.36,256696.41,23.70,36.00,103,392
14:5:38,126065.84,2857.53,244782.61,23.50,36.00,99,516
14:6:38,138757.19,3133.18,257718.13,23.60,36.10,105,409
14:7:39,149801.56,3133.18,255679.27,23.10,36.10,101,581
14:8:39,125098.09,2692.61,239055.80,23.10,36.10,101,442
14:9:40,149801.56,3070.73,255679.27,23.50,36.10,108,452
14:10:40,126900.71,2635.27,243383.94,23.10,36.20,104,345
14:11:41,155212.64,3070.73,254666.64,23.70,36.20,106,277
14:12:41,159500.03,3046.15,257718.13,23.00,36.20,102,379
14:13:42,173704.38,3223.13,262895.91,22.90,36.30,107,497
14:14:42,168728.83,3236.23,262895.91,23.10,36.30,110,485
14:15:43,156619.08,3083.10,256696.41,23.10,36.30,106,497
14:16:43,143485.33,3083.10,253658.52,22.90,36.30,112,656
14:17:44,122269.19,3058.41,253658.52,22.90,36.40,100,620
14:18:44,132150.73,3184.21,260810.78,22.50,36.50,104,432
14:19:45,132758.67,2865.46,242516.27,22.10,36.50,101,379
14:20:45,137617.06,3120.57,252654.84,22.30,36.50,117,464
14:21:46,145955.25,3145.84,255679.27,22.00,36.50,104,440
14:22:46,121210.15,3077.93,257270.69,22.00,36.60,103,506
14:23:47,123199.95,3158.57,258744.38,22.10,36.60,102,307
14:24:47,118662.46,3083.10,251655.63,21.90,36.60,104,405
14:25:48,122774.15,3130.17,258426.95,22.20,36.60,99,595
14:26:48,115231.68,3021.81,247702.41,22.10,36.70,104,403
14:27:49,118662.46,3070.73,251655.63,22.20,36.70,102,429
14:28:49,112371.23,2842.70,242516.27,22.10,36.70,107,361
14:29:50,117378.84,3080.00,255357.13,22.30,36.70,104,466
14:30:51,141087.00,3158.57,259775.27,22.20,36.70,104,297
14:31:51,158048.03,3197.12,257718.13,21.90,36.80,104,352
14:32:52,173704.38,3197.12,252654.84,22.00,36.80,102,477
14:33:52,110388.21,2548.10,215853.64,21.80,36.80,102,456
14:34:53,92243.65,2421.35,210843.36,22.80,36.80,105,516
14:35:53,121350.27,3021.81,261851.02,22.80,36.90,98,472
14:36:54,113578.28,2671.43,221855.70,20.60,36.90,104,491
14:37:54,106965.49,3030.77,255357.13,21.10,37.00,96,441
14:38:55,100315.20,2421.35,203550.28,20.70,37.00,100,333
14:39:55,136836.92,3044.97,262727.25,22.20,37.10,96,341
14:40:56,184477.08,3249.39,259775.27,21.30,37.10,108,509
14:41:56,156619.08,3083.10,250660.78,20.30,37.10,96,383
14:42:57,203060.00,3236.23,258744.38,20.70,37.10,98,393
14:43:57,203060.00,3171.36,255679.27,19.40,37.10,96,418
14:44:58,149801.56,3046.15,247702.41,19.30,37.20,97,530
14:45:58,144059.30,3037.85,254910.70,20.20,37.20,98,528
14:46:59,140927.58,3090.35,252212.38,19.90,37.20,99,443
14:47:59,172017.27,3133.18,237179.50,20.50,37.20,98,379
14:49:0,129047.02,3033.95,248684.22,19.20,37.20,97,364
14:50:0,134291.70,3158.57,252654.84,20.00,37.20,100,314
14:51:1,118524.96,2416.84,203155.81,19.40,37.20,99,389
14:52:1,102342.53,2488.75,215853.64,21.30,37.30,97,324
14:53:2,99178.37,2470.42,218480.47,20.90,37.30,99,444
14:54:2,137617.06,3021.81,231645.58,21.00,37.30,90,358
14:55:3,152124.08,3110.17,251769.89,18.60,37.30,94,422
14:56:3,139913.70,3133.18,245751.64,18.60,37.30,93,211
14:57:4,121350.27,3058.41,242857.14,18.30,37.30,96,453
14:58:4,151123.11,3249.39,255679.27,18.70,37.30,96,576
14:59:5,168728.83,3223.13,254666.64,19.10,37.30,91,445
15:0:5,155212.64,3120.57,246724.89,18.80,37.40,91,284
15:1:6,147218.08,3108.02,244782.61,18.50,37.50,95,513
15:2:6,178750.02,3257.28,260360.34,18.80,37.50,97,440
15:3:7,151953.53,3168.42,246389.50,17.90,37.50,134,626
15:4:7,157872.03,3178.95,252212.38,17.80,37.50,89,362
15:5:8,137617.06,2868.92,240000.00,17.70,37.60,107,416
15:6:8,160975.64,3236.23,254666.64,18.60,37.50,91,308
15:7:9,178946.44,3262.62,252654.84,17.50,37.60,94,489
15:8:9,182600.02,3262.62,252654.84,17.50,37.60,96,437
15:9:10,131102.09,2578.34,220123.17,17.30,37.60,97,362
15:10:10,106605.70,2383.71,204347.81,19.10,37.70,99,423
15:11:11,113578.28,2640.00,226250.00,20.00,37.70,101,450
15:12:11,145955.25,2915.00,246724.89,18.60,37.70,104,418
15:13:12,162475.44,3316.18,261851.02,17.70,37.60,107,587
15:14:12,259324.92,3426.50,267123.28,16.70,37.60,100,322
15:15:13,190320.77,3210.10,257718.13,16.30,37.50,106,273
15:16:13,178946.44,3223.13,249670.31,16.80,37.50,106,428
15:17:14,128040.05,3133.18,251655.63,17.00,37.50,102,315
15:18:14,121350.27,3120.57,245751.64,17.30,37.50,104,298
15:19:15,121350.27,3197.12,252654.84,17.30,37.50,107,353
15:20:15,142277.41,3262.62,251655.63,17.00,37.60,109,347
15:21:16,182600.02,3454.77,270344.81,16.90,37.70,106,374
15:22:16,139755.44,3140.62,242424.25,16.40,37.70,97,541
15:23:17,112766.44,3108.02,231645.58,16.70,37.80,103,400
15:24:17,100315.20,3009.72,229831.95,16.60,37.80,101,314
15:25:18,93415.38,2915.00,227139.89,17.20,37.80,103,347
15:26:18,89415.84,2834.90,220987.63,17.40,37.90,105,441
15:27:19,84663.51,2997.69,224481.34,17.40,37.90,105,366
15:28:19,92826.52,3058.41,235319.14,17.10,37.90,110,403
15:29:20,94611.40,2588.51,205148.52,16.90,37.80,122,564
15:30:20,108848.82,3046.15,241900.66,18.40,38.00,110,277
15:31:21,127046.41,3033.95,241900.66,17.00,38.00,104,425
15:32:21,141153.31,3084.16,247577.09,16.60,38.00,103,433
15:33:22,98526.88,2384.46,205976.09,16.60,38.00,109,353
15:34:22,111964.26,2548.10,220987.63,18.30,38.00,106,449
15:35:23,138757.19,2812.47,234394.92,16.70,38.00,106,325
15:36:23,125098.09,2548.10,198054.48,16.30,37.90,101,449
15:37:24,119547.13,2790.24,230736.84,17.30,38.00,99,281
15:38:24,113445.75,2774.34,230315.80,16.70,38.00,99,315
15:39:25,101659.33,2926.65,235319.14,16.60,38.00,111,447
15:40:25,103731.83,2823.66,229831.95,16.20,38.00,110,308
15:41:26,108092.46,3070.73,242857.14,16.30,38.00,107,433
15:42:26,130067.62,3171.36,247702.41,16.00,38.10,104,359
15:43:27,143485.33,3197.12,247702.41,15.60,38.10,108,598
15:44:27,124810.41,2940.05,237259.09,15.40,38.10,105,379
15:45:28,151782.98,3176.02,244978.16,15.90,38.20,102,336
15:46:28,147218.08,3171.36,243817.78,15.50,38.20,104,411
15:47:29,129047.02,3120.57,235319.14,15.50,38.20,107,459
15:48:29,207653.05,3426.50,249670.31,15.50,38.30,106,427
15:49:30,177168.16,3210.10,240000.00,14.50,38.20,104,367
15:50:30,141087.00,2985.71,231645.58,15.10,38.20,102,495
15:51:31,120443.00,3095.53,231645.58,15.50,38.30,106,302
15:52:31,109614.02,3070.73,240948.28,15.10,38.30,103,291
15:53:32,110388.21,3046.15,240948.28,15.60,38.30,102,357
15:54:32,134291.70,3095.53,242857.14,15.20,38.30,106,400
15:55:33,127046.41,3058.41,240948.28,14.80,38.40,109,395
15:56:33,129047.02,3197.12,242857.14,15.40,38.30,105,355
15:57:34,95832.45,2823.66,228930.83,14.60,38.40,113,371
15:58:34,119547.13,3158.57,242857.14,16.10,38.40,101,412
15:59:35,122269.19,2985.71,240948.28,14.90,38.40,101,314
16:0:35,151123.11,3236.23,247702.41,14.80,38.40,104,339
16:1:36,155212.64,3302.69,249670.31,14.50,38.30,101,478
16:2:36,148500.03,3158.57,243817.78,14.70,38.40,99,439
16:3:37,135384.66,3095.53,238115.63,14.90,38.40,100,354
16:4:37,115231.68,3095.53,238115.63,15.30,38.40,98,401
16:5:38,111171.57,3108.02,234394.92,15.10,38.40,94,258
16:6:38,118662.46,3120.57,232558.16,15.00,38.40,104,480
16:7:39,136183.14,3148.10,240086.22,15.00,38.40,105,579
16:8:39,159500.03,3236.23,242857.14,14.60,38.40,94,272
16:9:40,158967.78,3220.29,242516.27,14.50,38.40,94,313
16:10:40,170359.00,3197.12,241900.66,14.60,38.40,94,352
16:11:41,135384.66,3095.53,233474.58,14.40,38.40,94,431
16:12:41,107344.80,2973.79,223602.50,14.80,38.50,95,623
16:13:42,124142.81,3236.23,237179.50,15.40,38.40,92,405
16:14:42,130067.62,3236.23,238115.63,14.40,38.50,93,321
16:15:43,118249.96,3155.61,241558.45,14.60,38.50,97,480
16:16:43,94874.99,2417.28,203162.05,15.10,38.50,92,405
16:17:44,108848.82,2846.19,231645.58,17.20,38.60,95,322
16:18:44,129918.97,3140.62,238626.61,15.10,38.60,97,409
16:19:45,128751.72,3097.64,232627.13,14.50,38.60,93,327
16:20:45,117788.78,3058.41,231645.58,14.60,38.60,95,600
16:21:46,99654.04,3021.81,220987.63,14.60,38.60,91,357
16:22:46,110388.21,3095.53,235319.14,14.50,38.70,89,487
16:23:47,143485.33,3249.39,240948.28,14.60,38.60,91,480
16:24:47,135384.66,2671.43,210020.03,14.20,38.60,89,514
16:25:48,137617.06,2724.73,217551.02,15.20,38.60,88,390
16:26:48,158967.78,3220.29,243478.27,15.00,38.70,89,451
16:27:49,162475.44,3171.36,239055.80,14.30,38.60,93,453
16:28:49,173704.38,3262.62,240948.28,14.40,38.60,91,401
16:29:50,141087.00,3120.57,227139.89,14.10,38.70,91,545
16:30:50,118662.46,3058.41,223602.50,14.40,38.70,92,497
16:31:51,133213.84,3145.84,233474.58,14.20,38.70,93,477
16:32:51,159500.03,3210.10,239055.80,14.10,38.70,98,448
16:33:52,147218.08,3133.18,234394.92,14.10,38.70,99,512
16:34:52,116832.26,2627.65,210505.05,14.20,38.70,101,445
16:35:53,116925.89,3070.73,229831.95,15.80,38.70,105,346
16:36:53,128040.05,2926.65,224481.34,14.40,38.70,101,417
16:37:54,155212.64,3249.39,243817.78,14.40,38.70,98,355
16:38:54,184477.08,3275.91,246724.89,13.90,38.70,99,309
16:39:55,165550.02,3145.84,233474.58,14.10,38.70,99,503
16:40:55,122269.19,2660.91,215853.64,14.20,38.70,103,367
16:41:56,147218.08,3249.39,242857.14,15.40,38.70,102,349
16:42:56,138285.77,3142.86,240604.77,14.10,38.70,103,411
16:43:57,137617.06,3197.12,238115.63,14.30,38.80,100,478
16:44:57,133213.84,3210.10,241900.66,14.20,38.80,110,410
16:45:58,126609.23,3181.29,235897.44,14.20,38.80,96,455
16:46:58,110388.21,3070.73,227139.89,14.40,38.90,103,313
16:47:59,106228.55,3117.54,226778.25,14.70,38.80,106,321
16:48:59,109614.02,3120.57,227139.89,14.40,38.90,99,353
16:50:0,100315.20,3158.57,227139.89,14.10,38.90,103,329
16:51:0,98881.71,3140.62,232135.33,13.90,38.90,103,366
16:52:1,123199.95,3289.27,240948.28,14.00,38.90,109,296
16:53:1,105874.98,3133.18,227139.89,13.50,38.90,105,401
16:54:2,112766.44,3197.12,236247.34,14.40,38.90,106,366
16:55:2,124142.81,3289.27,238115.63,14.10,38.90,135,426
16:56:3,113578.28,2985.71,227139.89,13.90,38.90,103,433
16:57:3,124142.81,3197.12,232558.16,14.80,39.00,102,364
16:58:4,122269.19,2926.65,227139.89,14.40,39.00,105,489
16:59:4,109614.02,2834.90,210020.03,14.50,39.00,101,433
17:0:5,88866.99,2346.67,182429.92,14.90,39.00,108,442
17:1:5,118662.46,2692.61,210843.36,16.80,39.00,106,295
17:2:6,137617.06,3133.18,233474.58,14.50,39.00,115,442
17:3:6,156619.08,3236.23,239055.80,13.90,39.00,109,442
17:4:7,175421.08,3275.91,240000.00,13.50,38.90,107,281
17:5:7,134291.70,2746.37,194219.66,13.50,38.90,101,346
17:6:8,162475.44,3236.23,240948.28,15.00,38.90,108,318
17:7:8,130067.62,3021.81,228033.48,13.70,38.80,102,309
17:8:9,112766.44,3120.57,226250.00,14.00,38.90,104,453
17:9:9,99654.04,3083.10,223602.50,13.70,38.80,105,444
17:10:10,88323.52,3046.15,213333.31,13.90,38.90,108,374
17:11:10,78026.68,2528.15,181005.59,14.00,38.90,103,249
17:12:11,82679.07,2950.11,205148.52,15.10,38.90,106,349
17:13:12,77584.08,2528.15,181716.44,13.90,38.90,106,480
17:14:12,88650.24,3023.72,221900.81,15.00,38.90,109,391
17:15:13,92243.65,3058.41,225363.83,14.30,38.90,102,239
17:16:13,99654.04,3133.18,228033.48,14.20,38.90,106,538
17:17:14,100315.20,3108.02,229831.95,14.00,38.90,103,483
17:18:14,104438.19,3158.57,229831.95,14.10,38.90,103,314
17:19:15,113445.75,3090.35,229411.78,14.30,39.00,103,400
17:20:15,118662.46,3158.57,226250.00,14.40,39.00,108,419
17:21:16,115231.68,3184.21,226250.00,14.20,39.00,103,324
17:22:16,101977.89,3080.00,222360.22,14.10,39.00,102,400
17:23:17,109099.39,3188.94,234541.59,14.50,39.00,103,531
17:24:17,108092.46,3158.57,230736.84,14.40,39.00,107,501
17:25:18,111171.57,3210.10,233474.58,14.40,39.00,100,418
17:26:18,100983.59,3033.95,224481.34,14.30,39.00,114,558
17:27:19,89970.15,2459.63,188973.39,14.70,39.00,101,359
17:28:19,102342.53,3046.15,231645.58,16.20,39.00,102,335
17:29:20,100983.59,2608.97,205952.38,14.70,39.00,100,407
17:30:20,138757.19,3275.91,241900.66,15.40,39.00,96,394
17:31:21,139913.70,3223.13,239055.80,14.20,39.00,119,383
17:32:21,126463.53,3214.98,231779.67,13.90,38.90,99,408
17:33:22,114399.97,3197.12,234394.92,13.80,38.90,94,498
17:34:22,130653.11,3246.60,237768.23,14.10,38.90,94,417
17:35:23,140608.73,3286.55,238709.69,14.30,39.00,95,342
17:36:23,126065.84,3171.36,228033.48,14.30,39.00,97,463
17:37:24,121350.27,2834.90,210843.36,14.50,39.00,98,395
17:38:24,116073.59,2926.65,222727.30,15.10,39.00,98,362
17:39:25,145955.25,3262.62,239055.80,15.20,39.00,97,457
17:40:25,116518.48,2876.92,220618.55,14.60,39.00,99,324
17:41:26,109356.70,3035.90,223651.47,15.40,39.00,97,462
17:42:26,108092.46,3120.57,228930.83,15.00,39.00,95,475
17:43:27,118112.46,3163.16,233617.02,15.10,39.00,93,440
17:44:27,126065.84,3236.23,235319.14,15.10,39.00,98,517
17:45:28,149801.56,3249.39,240000.00,15.00,39.00,91,409
17:46:28,118387.46,2870.43,218442.59,15.00,39.00,90,462
17:47:29,137617.06,3210.10,228930.83,15.60,39.00,87,383
17:48:29,111964.26,3046.15,215853.64,14.70,38.90,92,499
17:49:30,126609.23,3207.23,230379.77,14.80,38.90,95,384
17:50:30,123199.95,3197.12,228930.83,15.10,39.00,95,465
17:51:31,129918.97,3217.83,232135.33,14.70,38.90,96,442
17:52:31,147218.08,3329.73,240948.28,15.20,39.00,101,399
17:53:32,142277.41,3197.12,231645.58,15.00,39.00,103,403
17:54:32,165000.02,3354.46,242516.27,15.10,39.00,108,516
17:55:33,145791.08,3166.11,229411.78,15.10,39.00,92,585
17:56:33,142116.81,3191.85,232135.33,15.10,39.00,100,376
17:57:34,109228.05,2484.76,194584.14,15.30,39.00,97,396
17:58:34,147218.08,3223.13,237179.50,16.70,39.00,99,400
17:59:35,153656.28,3102.83,231223.64,14.90,39.00,99,425
18:0:35,178946.44,3329.73,240948.28,15.20,39.00,98,354
18:1:36,178553.59,3265.21,239139.78,15.10,39.00,97,337
18:2:36,175421.08,3249.39,234394.92,15.00,39.00,98,345
18:3:37,165550.02,3210.10,229831.95,15.20,39.00,98,462
18:4:37,137617.06,3133.18,223602.50,14.90,39.00,111,527
18:5:38,131102.09,3289.27,247702.41,14.70,39.00,106,251
18:6:38,132000.05,3244.07,234893.61,14.70,39.00,105,350
18:7:39,120443.00,3033.95,227139.89,14.80,39.00,118,542
18:8:39,102666.66,2911.62,218891.14,15.00,39.00,108,344
18:9:40,91666.66,2528.15,204347.81,15.00,39.10,106,389
18:10:40,81238.54,2735.53,206759.44,15.30,39.00,105,313
18:11:41,83168.23,2938.36,214170.03,15.50,39.00,109,409
18:12:41,78026.68,2823.66,209200.00,15.20,39.10,106,326
18:13:42,82679.07,2779.20,212500.00,15.30,39.10,98,370
18:14:42,93556.70,2871.95,215071.27,15.30,39.00,109,440
18:15:43,85684.21,2469.29,203550.28,15.20,39.00,108,426
18:16:43,102342.53,2757.27,203550.28,15.90,39.00,108,267
18:17:44,86201.92,2891.85,213333.31,15.20,38.90,107,561
18:18:44,105028.23,3153.33,226722.34,15.00,38.90,106,408
18:19:45,99478.25,2891.57,216393.42,15.10,39.00,108,323
18:20:45,82679.07,2682.00,205148.52,15.40,39.00,104,503
18:21:46,89860.70,2921.64,219712.50,15.80,38.90,109,376
18:22:46,86932.04,2797.77,212955.45,15.50,38.90,107,387
18:23:47,94611.40,2961.93,222727.30,15.70,38.90,103,653
18:24:47,97712.76,3120.57,225363.83,15.30,38.80,113,470
18:25:48,95218.74,3095.53,224481.34,15.40,38.90,106,557
18:26:48,92826.52,3070.73,221855.70,15.10,38.80,102,333
18:27:49,87678.05,3016.71,221443.28,15.30,38.80,105,430
18:28:49,84663.51,3120.57,222727.30,15.30,38.80,106,511
18:29:50,78375.01,2980.65,217995.89,15.00,38.80,103,482
18:30:50,78375.01,3016.71,219712.50,15.70,38.80,100,419
18:31:51,76710.54,2790.24,209200.00,15.50,38.80,99,427
18:32:51,75428.56,2997.69,216700.59,15.70,38.80,100,443
18:33:52,82194.45,3095.53,224481.34,15.60,38.90,105,508
18:34:52,79837.11,3095.53,221855.70,15.50,38.90,120,565
18:35:53,75852.19,2903.40,214170.03,15.30,38.90,109,505
18:36:53,77145.38,2985.71,220987.63,15.70,38.80,102,368
18:37:54,76279.48,2997.69,220987.63,16.00,38.80,109,487
18:38:54,97079.36,3210.10,237179.50,16.10,38.70,103,295
18:39:55,92826.52,3083.10,219262.27,15.40,38.70,102,460
18:40:55,78923.78,3095.53,211670.00,15.30,38.70,108,407
18:41:56,78923.78,3108.02,219262.27,15.30,38.70,111,572
18:42:56,78473.22,3145.84,224481.34,15.20,38.70,106,351
18:43:57,78923.78,3133.18,224481.34,15.40,38.80,105,570
18:44:57,77145.38,3108.02,221855.70,15.40,38.80,107,551
18:45:58,72167.35,2973.79,216700.59,15.30,38.80,102,365
18:46:58,72962.02,3095.53,227139.89,15.80,38.70,105,358
18:47:59,85171.44,3120.57,227139.89,15.60,38.70,105,378
18:48:59,99956.51,3181.29,232203.39,15.50,38.80,104,448
18:50:0,118662.46,3262.62,230736.84,15.50,38.70,111,448
18:51:0,111833.30,3204.81,228511.53,15.30,38.70,102,365
18:52:1,95832.45,3070.73,223602.50,15.30,38.70,101,431
18:53:1,96452.63,3145.84,222727.30,15.80,38.70,102,582
18:54:2,81714.29,2926.65,209200.00,15.70,38.70,104,635
18:55:2,73364.40,2891.85,207569.72,16.20,38.70,99,461
18:56:3,79837.11,3070.73,213333.31,16.20,38.60,99,309
18:57:3,78473.22,3108.02,219262.27,15.60,38.60,99,590
18:58:4,98352.93,3223.13,228930.83,15.60,38.60,98,535
18:59:4,113999.97,3194.23,230379.77,15.50,38.60,102,288
19:0:5,94611.40,3095.53,219262.27,15.70,38.60,105,528
19:1:5,86512.08,3048.13,221030.92,15.90,38.60,101,633
19:2:6,82679.07,3046.15,223602.50,16.40,38.60,98,385
19:3:6,77486.73,2968.74,219712.50,16.80,38.60,99,544
19:4:7,75852.19,3046.15,215853.64,17.00,38.60,95,479
19:5:7,75008.61,3046.15,215853.64,16.60,38.60,94,536
19:6:8,83248.83,3124.94,233617.02,16.70,38.50,96,615
19:7:8,84857.15,3030.77,219753.06,16.90,38.60,87,408
19:8:9,72563.02,3021.81,211670.00,17.10,38.50,95,646
19:9:9,66606.30,2846.19,205952.38,17.20,38.50,107,669
19:10:10,67665.34,3070.73,215853.64,17.50,38.50,95,512
19:11:11,65914.06,3046.15,213333.31,17.20,38.40,95,628
19:12:11,63250.00,3033.95,218404.89,17.20,38.40,92,544
19:13:12,68483.87,3092.45,222360.22,17.30,38.50,92,595
19:14:12,66956.52,3009.72,217551.02,17.30,38.50,92,295
19:15:13,67665.34,3033.95,218404.89,17.30,38.40,90,558
19:16:13,85684.21,3210.10,229831.95,17.40,38.40,96,402
19:17:14,109614.02,3236.23,234394.92,16.90,38.40,96,599
19:18:14,112766.44,3171.36,231645.58,16.90,38.40,100,472
19:19:15,108092.46,3184.21,229831.95,16.90,38.40,94,623
19:20:15,90530.00,3120.57,228033.48,16.80,38.30,96,492
19:21:16,82679.07,3158.57,226250.00,17.10,38.40,113,681
19:22:16,84160.38,3210.10,228930.83,17.10,38.30,102,442
19:23:17,85171.44,3197.12,229831.95,17.00,38.30,103,588
19:24:17,81511.52,3160.86,227196.66,17.10,38.20,103,415
19:25:18,82859.82,3181.29,231289.66,17.30,38.20,103,436
19:26:18,78882.89,3145.11,226834.39,17.40,38.20,130,511
19:27:19,76710.54,3133.18,222727.30,17.50,38.20,111,410
19:28:19,72962.02,3145.84,225363.83,17.60,38.20,110,509
19:29:20,66956.52,2985.71,216700.59,17.60,38.10,101,506
19:30:20,66606.30,3058.41,220987.63,18.10,38.10,101,418
19:31:21,69861.22,3108.02,222727.30,17.90,38.00,105,366
19:32:21,66956.52,2985.71,216700.59,17.60,38.00,104,584
19:33:22,69861.22,3070.73,220123.17,18.10,38.00,107,494
19:34:22,75428.56,3158.57,228033.48,17.80,38.00,106,421
19:35:23,76279.48,3158.57,227139.89,17.40,37.90,103,488
19:36:23,82679.07,3210.10,229831.95,17.40,37.90,107,399
19:37:24,80300.01,3184.21,230736.84,17.30,37.90,103,543
19:38:24,72167.35,3083.10,221855.70,17.40,37.90,104,473
19:39:25,69861.22,3095.53,223602.50,17.70,37.90,107,319
19:40:25,69117.41,3133.18,222727.30,17.70,37.90,103,391
19:41:26,66956.52,2629.61,197281.56,17.60,37.80,105,542
19:42:26,68023.99,2857.53,215010.13,17.30,37.80,104,333
19:43:27,73364.40,3046.15,225363.83,17.40,37.80,103,551
19:44:27,69861.22,2790.24,214170.03,17.50,37.80,106,469
19:45:28,67665.34,2985.71,220987.63,17.60,37.70,109,555
19:46:28,64561.54,2558.14,207569.72,17.50,37.70,108,433
19:47:29,68023.99,2903.40,220123.17,17.70,37.70,106,734
19:48:29,69117.41,2903.40,219262.27,17.50,37.70,101,30431
19:49:30,72167.35,2812.47,220987.63,17.60,37.70,105,497
19:50:30,60742.66,1991.06,166010.73,17.80,37.70,104,457
19:51:31,70237.70,2692.61,214170.03,18.20,37.70,110,558
19:52:31,68023.99,2588.51,209200.00,17.60,37.60,106,479
19:53:32,72563.02,2868.92,221855.70,17.90,37.60,113,745
19:54:32,72563.02,2857.53,220123.17,17.60,37.60,102,644
19:55:33,78981.99,2953.56,226359.84,17.60,37.50,102,484
19:56:33,71774.99,2779.20,217551.02,17.40,37.50,104,633
19:57:34,66606.30,2598.72,205952.38,17.60,37.50,99,395
19:58:34,67665.34,2746.37,212500.00,18.10,37.50,103,488
19:59:35,70237.70,2834.90,214170.03,17.80,37.50,118,557
20:0:35,65570.31,2412.76,196498.06,17.70,37.50,103,566
20:1:36,68023.99,2746.37,219262.27,17.90,37.40,110,511
20:2:36,70237.70,2703.27,216700.59,17.60,37.40,102,512
20:3:37,72167.35,2846.19,220123.17,17.70,37.30,107,433
20:4:37,55875.43,1720.91,145025.28,17.60,37.40,102,521
20:5:38,69398.38,2656.16,216293.27,17.90,37.40,112,572
20:6:38,88866.99,2857.53,225363.83,17.80,37.30,102,367
20:7:39,88323.52,2757.27,215853.64,17.40,37.30,118,800
20:8:39,80365.30,2509.66,204365.08,17.60,37.30,106,486
20:9:40,68023.99,2022.51,169314.06,17.80,37.30,105,505
20:10:40,55875.43,1811.76,152151.48,18.00,37.30,108,417
20:11:41,66258.83,2346.67,200391.39,17.90,37.20,104,509
20:12:41,72683.54,2605.14,214634.13,17.80,37.20,104,429
20:13:42,65232.56,2221.61,187500.00,17.90,37.10,104,404
20:14:42,66956.52,2650.43,211670.00,18.10,37.20,101,341
20:15:43,66956.52,2430.86,198830.42,17.90,37.20,99,686
20:16:43,60742.66,1991.06,169981.91,18.10,37.10,99,450
20:17:44,59543.48,2221.61,185310.75,18.10,37.10,98,397
20:18:44,59840.00,2337.50,194219.66,18.00,37.10,94,425
20:19:45,64307.70,2379.59,197660.83,17.90,37.00,98,832
20:20:45,63648.86,2306.02,193822.41,17.80,37.10,97,521
20:21:46,59840.00,2383.71,194219.66,18.00,37.00,97,407
20:22:46,60138.69,2558.14,207569.72,18.00,37.00,99,458
20:23:47,59249.10,2430.86,201176.48,18.10,37.00,99,454
20:24:47,58666.68,2528.15,202755.91,18.20,37.00,101,506
20:25:48,61355.56,2834.90,217551.02,18.10,36.90,101,493
20:26:48,61731.35,2831.39,218891.14,17.80,36.80,93,662
20:27:49,61665.43,2846.19,217551.02,17.80,36.80,92,532
20:28:49,60138.69,2671.43,209200.00,17.90,36.90,91,433
20:29:50,59543.48,2640.00,207569.72,18.10,36.80,87,440
20:30:50,62609.02,2985.71,223602.50,18.20,36.80,91,528
20:31:51,64229.88,2880.36,219262.27,18.00,36.80,91,593
20:32:51,66606.30,2926.65,223602.50,18.10,36.80,100,501
20:33:52,64229.88,2961.93,221855.70,18.00,36.70,94,410
20:34:52,64895.75,3021.81,223602.50,18.00,36.70,96,669
20:35:53,59840.00,2724.73,209200.00,18.00,36.70,99,447
20:36:53,59543.48,2598.72,203550.28,18.50,36.60,96,591
20:37:54,58956.84,2598.72,204347.81,18.50,36.60,101,541
20:38:54,59543.48,2692.61,210843.36,18.30,36.60,103,547
20:39:55,60742.66,2997.69,219262.27,18.40,36.50,93,806
20:40:55,59897.82,2854.05,214634.13,18.30,36.50,93,445
20:41:56,58666.68,2671.43,205952.38,18.70,36.50,89,572
20:42:56,60742.66,2938.36,216700.59,18.90,36.50,100,525
20:43:57,59840.00,2915.00,216700.59,18.40,36.50,89,634
20:44:57,60804.43,2982.45,220618.55,18.40,36.50,102,408
20:45:58,61501.86,3085.18,226304.81,18.40,36.50,105,463
20:46:58,59543.48,2891.85,213333.31,18.40,36.50,101,494
20:47:59,60138.69,2938.36,217551.02,18.80,36.40,98,410
20:48:59,61274.07,3016.71,219712.50,18.70,36.40,102,672
20:50:0,60439.56,3033.95,219262.27,18.70,36.40,105,577
20:51:0,60138.69,2938.36,220123.17,18.60,36.40,104,567
20:52:1,60138.69,2973.79,221855.70,18.90,36.30,117,685
20:53:1,60439.56,2997.69,222727.30,18.90,36.30,102,436
20:54:2,59840.00,2973.79,218404.89,18.80,36.30,100,483
20:55:2,59600.00,2888.44,214634.13,18.90,36.30,105,564
20:56:3,59249.10,2961.93,214170.03,19.40,36.20,113,465
20:57:3,60742.66,3046.15,220987.63,19.20,36.20,117,819
20:58:4,58956.84,2961.93,219262.27,19.20,36.10,117,744
20:59:4,59840.00,3021.81,217551.02,19.50,36.10,99,814
21:0:5,60197.80,3030.77,222360.22,19.30,36.10,108,709
21:1:5,60885.62,2999.54,221030.92,19.40,36.10,107,896
21:2:6,59010.84,2775.61,215478.59,19.50,36.10,119,728
21:3:6,60742.66,3033.95,223602.50,19.40,36.00,107,690
21:4:7,60138.69,2950.11,222727.30,19.50,36.00,111,864
21:5:7,60138.69,2903.40,218404.89,19.50,36.00,100,597
21:6:8,59249.10,2578.34,206759.44,19.20,35.90,101,644
21:7:8,58956.84,2915.00,220123.17,19.20,35.90,106,595
21:8:9,59169.68,2898.41,222314.08,19.20,35.90,116,644
21:9:9,60138.69,2903.40,220123.17,19.40,35.90,110,611
21:10:10,57779.35,2441.41,198046.88,19.50,35.80,106,624
21:11:10,55875.43,2479.00,201964.64,19.50,35.80,102,711
21:12:11,57526.50,2757.27,210843.36,19.60,35.80,110,845
21:13:11,58378.58,2713.97,215010.13,19.60,35.80,106,642
21:14:12,59249.10,2801.33,217551.02,19.50,35.80,109,727
21:15:12,59543.48,2961.93,226250.00,19.50,35.70,101,821
21:16:13,58378.58,2619.27,208383.23,19.60,35.70,118,797
21:17:13,58378.58,2891.85,220987.63,19.70,35.70,112,758
21:18:14,59249.10,2891.85,217551.02,19.70,35.70,113,753
21:19:14,58378.58,2682.00,211670.00,19.70,35.60,103,581
21:20:15,58956.84,2938.36,219262.27,20.00,35.60,103,694
21:21:15,58666.68,2915.00,218404.89,19.90,35.50,109,475
21:22:16,59543.48,2779.20,212500.00,19.80,35.50,101,674
21:23:16,58666.68,2973.79,218404.89,19.90,35.60,103,580
21:24:17,58956.84,2961.93,217551.02,19.90,35.50,103,666
21:25:17,60138.69,2926.65,217551.02,20.10,35.40,116,952
21:26:18,58666.68,2682.00,210843.36,20.00,35.40,105,615
21:27:18,58378.58,2823.66,214170.03,20.20,35.40,103,791
21:28:19,58378.58,2857.53,215010.13,20.20,35.40,121,660
21:29:19,58666.68,2926.65,216700.59,20.00,35.40,112,997
21:30:20,57808.50,2692.61,210020.03,20.10,35.40,106,621
21:31:20,57246.47,2619.27,205148.52,20.10,35.40,127,662
21:32:21,57246.47,2713.97,210843.36,20.10,35.40,107,681
21:33:21,57526.50,2724.73,210843.36,20.20,35.40,103,724
21:34:22,56615.38,2656.16,205555.55,20.70,35.40,102,469
21:35:23,58142.85,2876.92,214634.13,20.30,35.40,99,648
21:36:23,56692.30,2724.73,208383.23,20.50,35.40,100,594
21:37:24,57808.50,2801.33,210843.36,20.50,35.30,102,544
21:38:24,57246.47,2629.61,202755.91,20.80,35.30,113,636
21:39:25,56968.41,2640.00,206759.44,20.80,35.30,102,740
21:40:25,55075.34,2578.34,202755.91,20.60,35.30,105,817
21:41:26,55875.43,2812.47,212500.00,20.20,35.30,96,771
21:42:26,55606.89,2801.33,208383.23,20.00,35.30,100,698
21:43:27,57496.45,2906.61,213387.41,20.30,35.30,77,436
21:44:27,57371.02,2859.01,211693.55,20.20,35.20,100,700
21:45:28,56418.11,2823.66,207569.72,20.30,35.20,103,516
21:46:28,57526.50,2973.79,213333.31,20.20,35.30,101,751
21:47:29,57246.47,2868.92,213333.31,19.90,35.20,101,649
21:48:29,56461.53,2625.81,204761.91,20.10,35.20,95,725
21:49:30,52032.89,2153.19,176102.92,20.10,35.20,99,609
21:50:30,54812.29,2812.47,208383.23,20.20,35.20,99,801
21:51:31,56418.11,2857.53,207569.72,20.40,35.20,104,651
21:52:31,57169.01,2829.98,210441.75,20.10,35.10,110,915
21:53:32,58092.54,2891.85,213333.31,20.20,35.10,97,679
21:54:32,59440.00,2866.97,215510.19,20.20,35.10,99,553
21:55:33,57448.76,2763.36,212096.77,20.00,35.10,98,418
21:56:33,56968.41,2812.47,210020.03,19.90,35.10,98,579
21:57:34,56692.30,2671.43,205148.52,20.30,35.10,98,547
21:58:34,58092.54,2746.37,209200.00,20.80,35.10,92,720
21:59:35,56145.83,2528.15,198054.48,20.80,35.10,98,570
22:0:35,55875.43,2757.27,205952.38,20.60,35.10,105,713
22:1:36,55606.89,2538.11,196511.64,20.80,35.00,91,721
22:2:36,55075.34,2629.61,198054.48,20.90,35.00,101,546
22:3:37,55606.89,2608.97,198054.48,20.70,35.00,103,603
22:4:37,54291.52,2518.24,193461.55,21.20,35.00,106,489
22:5:38,54291.52,2508.37,193461.55,20.80,35.00,102,375
22:6:38,54551.02,2479.00,194219.66,20.70,35.00,103,565
22:7:39,56145.83,2834.90,206759.44,20.40,35.00,110,456
22:8:39,55916.66,2524.21,200000.00,20.20,35.00,102,450
22:9:40,56692.30,2823.66,208383.23,20.30,35.00,106,541
22:10:40,56418.11,2703.27,203550.28,20.20,35.00,113,536
22:11:41,55875.43,2640.00,200391.39,20.90,35.00,109,712
22:12:41,57215.54,2716.23,203564.36,21.00,35.00,105,567
22:13:42,55875.43,2568.22,198830.42,20.20,35.00,103,793
22:14:42,56692.30,2757.27,205952.38,20.60,35.00,110,666
22:15:43,56692.30,2671.43,204347.81,19.80,34.90,101,559
22:16:43,57526.50,2880.36,213333.31,20.30,34.90,108,486
22:17:44,56418.11,2812.47,209200.00,20.00,34.90,120,544
22:18:44,57526.50,2724.73,208383.23,20.10,34.90,109,431
22:19:45,56538.45,2704.37,204356.44,20.80,34.90,112,384
22:20:45,54812.29,2598.72,196511.64,20.80,34.90,110,578
22:21:46,55916.66,2584.65,200785.86,20.30,34.90,109,543
22:22:46,55340.20,2598.72,198054.48,20.70,34.80,108,567
22:23:47,55531.03,2614.56,203952.56,20.80,34.80,114,473
22:24:47,56968.41,2692.61,202755.91,20.40,34.80,105,394
22:25:48,56736.84,2657.14,206374.50,20.40,34.80,108,650
22:26:48,55340.20,2578.34,197281.56,20.80,34.80,113,689
22:27:49,55151.72,2480.75,196491.23,20.60,34.80,111,430
22:28:49,53777.77,2548.10,195744.69,20.70,34.80,107,342
22:29:50,55000.00,2583.83,198440.56,20.90,34.70,105,372
22:30:50,55875.43,2538.11,201176.48,21.00,34.70,106,383
22:31:51,55340.20,2548.10,201176.48,20.80,34.70,106,511
22:32:51,55000.00,2503.77,198440.56,20.60,34.70,106,683
22:33:52,55379.31,2494.56,196116.52,20.80,34.70,107,660
22:34:52,54291.52,2469.29,194980.70,20.90,34.70,119,558
22:35:53,55075.34,2538.11,198054.48,20.70,34.70,103,453
22:36:53,53449.66,2287.82,187121.22,21.00,34.70,104,632
22:37:54,53270.90,2421.35,190458.02,20.90,34.70,105,774
22:38:54,52697.67,2474.43,191570.89,20.80,34.60,110,684
22:39:55,52770.76,2498.54,193461.55,21.00,34.60,102,560
22:40:55,54291.52,2558.14,200391.39,20.80,34.60,109,448
22:41:56,53523.49,2558.14,195744.69,21.00,34.60,120,610
22:42:56,52624.58,2569.00,199608.63,21.00,34.60,108,600
22:43:57,53270.90,2629.61,198830.42,21.10,34.50,106,661
22:44:57,53629.63,2661.90,203557.30,21.10,34.60,103,670
22:45:58,52770.76,2692.61,198830.42,21.20,34.50,103,585
22:46:58,52523.18,2746.37,196511.64,21.20,34.50,137,696
22:47:59,52277.23,2650.43,195744.69,21.20,34.50,102,570
22:48:59,51718.03,2543.46,193076.94,21.40,34.40,115,767
22:50:0,52450.33,2677.22,195357.84,21.60,34.40,107,695
22:51:0,50834.95,2608.97,190458.02,21.30,34.40,106,808
22:52:1,51815.79,2710.28,196887.17,21.40,34.40,104,454
22:53:1,51549.02,2692.61,197281.56,21.10,34.40,103,571
22:54:2,51071.43,2713.97,195744.69,21.30,34.30,107,606
22:55:2,53270.90,2834.90,205148.52,21.50,34.30,109,675
22:56:3,52377.48,2859.01,201968.50,21.40,34.30,106,529
22:57:3,52132.01,2847.64,199608.63,21.40,34.30,103,768
22:58:4,52277.23,2880.36,201176.48,21.40,34.20,101,856
22:59:4,53020.00,2880.36,204347.81,21.50,34.20,102,584
23:0:5,52770.76,2891.85,205148.52,21.60,34.20,102,591
23:1:5,53777.77,2903.40,208383.23,21.70,34.10,105,521
23:2:6,53270.90,2915.00,208383.23,21.70,34.10,101,639
23:3:6,52523.18,2713.97,197281.56,21.60,34.10,101,732
23:4:7,51071.43,2779.20,194980.70,22.20,34.00,99,491
23:5:7,50600.00,2768.21,187500.00,21.90,34.00,99,591
23:6:8,51333.33,2786.67,190804.61,22.00,34.10,104,620
23:7:8,50834.95,2779.20,191954.03,22.10,34.00,102,482
23:8:9,50366.56,2790.24,195744.69,22.10,34.00,100,530
23:9:9,51333.33,2786.67,193822.41,22.10,34.00,98,639
23:10:10,51549.02,2857.53,201176.48,22.20,34.00,99,697
23:11:10,51549.02,2823.66,198830.42,22.20,34.00,97,602
23:12:11,51790.16,2846.19,197281.56,22.20,34.00,92,694
23:13:11,51309.45,2823.66,198054.48,22.00,33.90,95,677
23:14:12,50834.95,2812.47,194980.70,22.00,33.90,93,664
23:15:12,50834.95,2823.66,195744.69,22.00,33.90,101,657
23:16:13,51790.16,2868.92,198054.48,22.10,33.80,101,666
23:17:13,52032.89,2834.90,199609.38,22.20,33.80,94,817
23:18:14,51790.16,2834.90,198054.48,22.30,33.80,98,505
23:19:14,51309.45,2812.47,196511.64,22.40,33.80,90,731
23:20:15,51549.02,2790.24,194219.66,22.40,33.80,98,587
23:21:15,51309.45,2823.66,195744.69,22.60,33.70,99,698
23:22:16,51960.53,2841.26,198440.56,22.50,33.70,110,584
23:23:16,52032.89,2857.53,197281.56,22.50,33.70,97,835
23:24:17,52032.89,2812.47,198054.48,22.50,33.70,89,628
23:25:17,51815.79,2808.93,196887.17,22.50,33.70,94,678
23:26:18,51573.77,2742.73,195348.84,22.50,33.70,107,583
23:27:18,51743.42,2837.75,196498.06,22.40,33.70,107,533
23:28:19,51718.03,2829.98,196124.05,22.40,33.70,104,704
23:29:19,51549.02,2846.19,196511.64,22.40,33.70,102,647
23:30:20,52304.64,2820.13,198437.50,22.40,33.60,101,454
23:31:20,52032.89,2834.90,195744.69,22.50,33.60,127,661
23:32:21,51071.43,2790.24,192706.33,22.60,33.60,104,30858
23:33:21,51718.03,2829.98,195357.84,22.70,33.60,100,703
23:34:22,51790.16,2823.66,194980.70,22.60,33.60,106,406
23:35:22,52523.18,2834.90,197281.56,22.70,33.60,105,882
23:36:23,52277.23,2779.20,196511.64,22.60,33.60,103,696
23:37:23,52277.23,2812.47,194980.70,22.80,33.60,105,567
23:38:24,52277.23,2812.47,195744.69,22.60,33.60,110,791
23:39:24,51790.16,2812.47,194219.66,22.50,33.50,108,599
23:40:25,52770.76,2857.53,198830.42,22.50,33.50,108,463
23:41:25,53777.77,2823.66,196511.64,22.60,33.60,98,736
23:42:26,53020.00,2779.20,195744.69,22.20,33.60,108,417
23:43:26,53020.00,2812.47,197281.56,22.40,33.50,106,762
23:44:27,52697.67,2841.26,196893.20,22.40,33.60,105,589
23:45:27,52523.18,2812.47,198830.42,22.30,33.60,102,569
23:46:28,52523.18,2779.20,196511.64,22.40,33.50,105,595
23:47:28,52697.67,2774.34,198440.56,22.60,33.50,107,679
23:48:29,54849.31,2854.05,200000.00,22.40,33.60,103,510
23:49:29,52770.76,2779.20,194219.66,22.20,33.50,106,469
23:50:30,53523.49,2724.73,193461.55,22.40,33.50,115,708
23:51:30,54810.99,2903.20,204780.88,22.70,33.60,104,543
23:52:31,53270.90,2801.33,198830.42,21.80,33.60,104,676
23:53:31,53959.46,2863.96,201571.72,22.40,33.60,107,415
23:54:32,55340.20,2891.85,206759.44,21.90,33.50,120,802
23:55:32,55606.89,2938.36,208383.23,21.70,33.60,163,704
23:56:33,56418.11,2880.36,209200.00,21.50,33.60,99,682
23:57:33,56418.11,2985.71,216700.59,21.60,33.50,100,533
23:58:34,57246.47,2915.00,214170.03,21.10,33.60,116,647
23:59:34,57169.01,2968.74,212096.77,21.40,33.50,102,533
