Hora,O3,NO2,CO,Humedad,Temperatura,P25,P10
0:0:31,41514.12,3217.83,285510.69,57.80,20.10,93,401
0:1:32,41756.37,3210.10,289473.72,57.80,20.10,88,413
0:2:32,40516.66,3223.13,278037.41,57.70,20.10,91,372
0:3:33,41219.10,3210.10,283687.97,57.20,20.10,97,417
0:4:33,40000.00,3197.12,278037.41,57.80,20.10,92,406
0:5:34,42731.99,3265.21,285035.63,58.40,20.00,91,366
0:6:34,42487.11,3262.62,287142.84,58.10,20.00,93,394
0:7:35,43807.02,3289.27,285985.75,57.80,20.00,92,359
0:8:35,42672.41,3223.13,282547.19,57.80,20.10,93,245
0:9:36,41042.02,3171.36,276923.09,57.40,20.00,91,337
0:10:36,40690.80,3197.12,275813.97,57.40,20.00,90,389
0:11:37,44390.53,3259.85,289208.66,57.90,20.00,89,447
0:12:37,41397.18,3236.23,275813.97,58.20,20.00,90,497
0:13:38,43046.24,3262.62,288305.50,57.90,20.00,87,519
0:14:38,44982.14,3249.39,287142.84,58.10,19.90,88,400
0:15:39,43234.78,3262.62,291826.91,58.00,19.90,93,425
0:16:39,42668.59,3233.41,285714.28,58.10,19.90,95,330
0:17:39,41756.37,3210.10,273611.13,57.90,19.90,90,596
0:18:40,40516.66,3171.36,272517.34,57.90,19.90,88,348
0:19:40,41756.37,3223.13,276923.09,58.00,19.90,86,381
0:20:41,39939.39,3204.81,277570.13,58.30,19.90,98,498
0:21:41,41756.37,3223.13,275813.97,58.30,19.90,89,407
0:22:42,39829.67,3210.10,276923.09,57.90,19.90,87,407
0:23:42,42858.79,3236.23,281411.78,58.10,19.90,84,460
0:24:43,40516.66,3197.12,275813.97,58.40,19.90,96,380
0:25:43,40110.50,3191.85,276456.91,58.10,19.90,82,496
0:26:44,42119.66,3223.13,288305.50,58.50,19.90,83,485
0:27:44,39829.67,3171.36,272517.34,58.10,19.90,95,450
0:28:45,39660.27,3171.36,271428.59,58.00,19.90,81,449
0:29:45,41576.27,3223.13,275813.97,58.00,19.90,81,380
0:30:46,44000.00,3275.91,287142.84,58.00,19.90,84,430
0:31:46,40865.92,3197.12,274710.00,58.40,19.90,83,588
0:32:47,46200.00,3275.91,280281.72,58.30,19.90,85,490
0:33:47,45182.09,3302.69,288305.50,58.10,19.80,86,559
0:34:48,46200.00,3262.62,281411.78,58.30,19.80,83,585
0:35:48,45116.41,3270.56,286666.66,57.80,19.80,88,425
0:36:49,43424.41,3262.62,283687.97,58.20,19.90,81,496
0:37:49,43807.02,3262.62,278037.41,57.90,19.80,76,565
0:38:50,46407.30,3302.69,284834.13,58.00,19.80,88,509
0:39:50,44129.41,3244.07,287828.19,58.10,19.80,91,396
0:40:51,44982.14,3236.23,284834.13,58.20,19.80,85,590
0:41:51,42119.66,3236.23,271428.59,58.10,19.80,88,405
0:42:52,43232.55,3246.60,274418.63,58.00,19.80,95,401
0:43:52,44389.38,3236.23,285985.75,58.20,19.80,97,456
0:44:52,46901.84,3305.39,280470.63,58.30,19.80,99,388
0:45:53,45585.58,3329.73,291826.91,58.20,19.80,93,377
0:46:53,47894.41,3316.18,287142.84,58.10,19.80,91,372
0:47:54,41042.02,3197.12,270344.81,58.20,19.80,86,355
0:48:54,42672.41,3236.23,284834.13,57.80,19.80,89,329
0:49:55,44916.66,3270.56,279812.22,58.30,19.80,91,412
0:50:55,42119.66,3197.12,273611.13,58.20,19.70,89,294
0:51:56,45383.23,3289.27,282547.19,58.10,19.70,83,321
0:52:56,43806.45,3273.17,275524.50,58.30,19.70,90,320
0:53:57,48773.59,3316.18,282547.19,58.20,19.70,93,461
0:54:57,44783.38,3236.23,278037.41,57.90,19.70,91,358
0:55:58,44783.38,3289.27,282547.19,57.90,19.80,93,365
0:56:58,44851.19,3291.93,281603.78,58.30,19.80,96,314
0:57:59,48112.15,3302.69,284834.13,57.90,19.80,96,419
0:58:59,47046.16,3313.51,290384.63,57.50,19.80,89,380
1:0:0,45993.96,3289.27,283687.97,57.70,19.80,91,369
1:1:0,44783.38,3236.23,274710.00,57.80,19.80,93,402
1:2:1,44783.38,3223.13,271428.59,57.70,19.80,97,412
1:3:1,45182.09,3249.39,273611.13,58.00,19.80,101,356
1:4:2,43424.41,3223.13,279156.91,57.70,19.80,93,296
1:5:2,48788.64,3354.46,292753.63,57.60,19.80,97,417
1:6:3,48996.85,3316.18,291826.91,57.80,19.80,95,377
1:7:3,50295.82,3324.32,290167.88,57.80,19.80,94,402
1:8:4,49447.62,3289.27,285985.75,57.70,19.80,95,459
1:9:4,48996.85,3343.35,289473.72,57.70,19.80,98,330
1:10:4,50714.29,3357.32,297799.50,57.40,19.80,95,352
1:11:5,51000.00,3337.93,288995.25,57.90,19.70,101,353
1:12:5,51309.45,3343.35,287142.84,57.60,19.70,92,320
1:13:6,50134.61,3329.73,289473.72,57.80,19.70,99,427
1:14:6,54286.69,3458.73,306733.16,58.00,19.70,99,443
1:15:7,51549.02,3343.35,289473.72,57.60,19.70,102,345
1:16:7,55340.20,3412.47,303940.91,57.70,19.70,98,384
1:17:8,50600.00,3370.79,301470.59,57.60,19.70,91,432
1:18:8,46200.00,3249.39,271428.59,57.40,19.60,98,483
1:19:9,47894.41,3316.18,291826.91,57.70,19.60,94,362
1:20:9,50834.95,3343.35,293012.06,57.60,19.60,99,423
1:21:10,51790.16,3329.73,289473.72,57.70,19.70,94,383
1:22:10,53885.13,3373.70,290865.38,57.60,19.60,95,458
1:23:11,50366.56,3262.62,281411.78,57.40,19.60,98,346
1:24:11,50366.56,3302.69,284834.13,57.70,19.60,90,404
1:25:12,52277.23,3302.69,282547.19,57.60,19.60,94,433
1:26:12,52032.89,3275.91,280281.72,57.50,19.60,94,373
1:27:13,52523.18,3343.35,289473.72,57.60,19.60,96,468
1:28:13,54551.02,3329.73,291826.91,57.60,19.60,99,317
1:29:14,48043.62,3257.28,275348.88,57.70,19.60,97,404
1:30:14,50134.61,3329.73,287142.84,57.40,19.60,96,366
1:31:15,56145.83,3412.47,299024.38,57.30,19.60,94,474
1:32:15,53270.90,3329.73,282547.19,57.80,19.60,96,396
1:33:16,53918.64,3385.04,294174.78,57.80,19.60,98,393
1:34:16,56418.11,3343.35,290647.50,57.90,19.60,90,438
1:35:17,52873.33,3318.92,279342.75,57.20,19.60,91,382
1:36:17,53777.77,3302.69,284834.13,57.40,19.60,98,351
1:37:17,55606.89,3343.35,285985.75,57.50,19.60,89,351
1:38:18,52277.23,3316.18,276923.09,57.20,19.60,93,533
1:39:18,49447.62,3236.23,278037.41,57.40,19.60,92,524
1:40:19,56145.83,3357.04,285985.75,57.80,19.60,94,324
1:41:19,52231.79,3294.61,287559.84,57.60,19.60,87,355
1:42:20,52946.67,3310.78,285510.69,57.40,19.60,89,409
1:43:20,56145.83,3316.18,288305.50,57.60,19.60,94,388
1:44:21,59543.48,3384.62,297810.22,57.50,19.70,90,425
1:45:21,54291.52,3289.27,283687.97,57.40,19.70,86,441
1:46:22,53020.00,3302.69,273611.13,57.00,19.70,90,358
1:47:22,53270.90,3289.27,279156.91,57.00,19.60,84,553
1:48:23,48112.15,3236.23,274710.00,56.80,19.60,83,376
1:49:23,54812.29,3302.69,283687.97,57.20,19.60,86,552
1:50:24,55875.43,3343.35,287142.84,57.30,19.60,86,376
1:51:24,54291.52,3302.69,281411.78,57.40,19.60,95,387
1:52:25,56582.45,3371.14,287081.38,57.10,19.60,88,479
1:53:25,57526.50,3329.73,288305.50,57.50,19.60,91,383
1:54:26,53523.49,3302.69,282547.19,57.50,19.60,84,435
1:55:26,55075.34,3329.73,278037.41,57.60,19.60,82,345
1:56:27,58378.58,3357.04,281411.78,57.40,19.60,82,302
1:57:27,56111.50,3349.01,286396.19,57.40,19.60,84,491
1:58:28,55075.34,3275.91,276923.09,57.20,19.60,84,339
1:59:28,54033.78,3302.69,280281.72,57.00,19.60,97,441
2:0:29,56968.41,3302.69,279156.91,57.20,19.60,81,637
2:1:29,53777.77,3289.27,273611.13,57.30,19.60,109,663
2:2:29,53777.77,3302.69,275813.97,57.30,19.60,82,671
2:3:30,49447.62,3262.62,273611.13,57.40,19.60,88,354
2:4:30,53020.00,3329.73,281411.78,57.50,19.60,82,495
2:5:31,56692.30,3343.35,282547.19,57.50,19.60,84,545
2:6:31,53777.77,3289.27,274710.00,57.40,19.70,84,381
2:7:32,57014.08,3340.74,284560.56,57.30,19.60,89,529
2:8:32,49447.62,3223.13,269266.03,57.10,19.70,86,321
2:9:33,53228.18,3308.11,277283.38,57.20,19.70,88,611
2:10:33,59978.11,3373.70,283886.28,57.50,19.70,92,463
2:11:34,63250.00,3469.02,291826.91,57.10,19.60,89,469
2:12:34,56145.83,3316.18,280281.72,57.30,19.60,100,649
2:13:35,59543.48,3357.04,285985.75,57.70,19.60,100,449
2:14:35,56418.11,3398.51,285985.75,57.50,19.70,100,456
2:15:36,53662.16,3302.70,275700.97,57.70,19.60,97,444
2:16:36,56341.46,3283.90,278688.53,57.20,19.60,87,429
2:17:37,55875.43,3302.69,276923.09,57.20,19.60,91,259
2:18:37,58378.58,3343.35,279156.91,57.50,19.60,96,300
2:19:38,54291.52,3262.62,272517.34,57.50,19.60,95,434
2:20:38,61047.98,3426.50,291826.91,57.30,19.60,94,310
2:21:39,56968.41,3302.69,274710.00,57.40,19.60,104,500
2:22:39,56692.30,3329.73,274710.00,57.50,19.60,103,303
2:23:40,58956.84,3343.35,281411.78,57.40,19.60,101,342
2:24:40,59978.11,3359.90,279342.75,57.40,19.60,100,374
2:25:41,59543.48,3357.04,276923.09,57.30,19.60,99,319
2:26:41,59897.82,3340.74,286873.53,57.10,19.60,96,375
2:27:42,64895.75,3384.62,296601.94,57.40,19.60,99,381
2:28:42,61665.43,3343.35,282547.19,57.10,19.60,97,371
2:29:42,56692.30,3275.91,280281.72,57.20,19.60,98,318
2:30:43,57246.47,3316.18,273611.13,57.40,19.60,92,404
2:31:43,60138.69,3329.73,288305.50,57.60,19.60,94,297
2:32:44,57246.47,3289.27,272517.34,57.20,19.60,90,474
2:33:44,60742.66,3316.18,275813.97,57.50,19.60,94,435
2:34:45,58378.58,3302.69,273611.13,57.50,19.50,102,335
2:35:45,65914.06,3398.51,282547.19,57.80,19.60,98,277
2:36:46,67309.52,3426.50,289473.72,57.20,19.50,98,372
2:37:46,65398.44,3421.61,292493.97,57.40,19.50,98,658
2:38:47,71774.99,3483.33,305185.19,57.20,19.60,94,374
2:39:47,66956.52,3426.50,296601.94,57.40,19.50,95,410
2:40:48,61665.43,3316.18,282547.19,57.60,19.50,93,420
2:41:48,59249.10,3302.69,284834.13,57.60,19.50,94,340
2:42:49,58092.54,3316.18,280281.72,57.30,19.50,100,458
2:43:49,64476.93,3379.16,284360.22,57.40,19.50,98,383
2:44:50,58378.58,3302.69,275813.97,57.40,19.50,100,352
2:45:50,64810.81,3421.00,298536.56,57.30,19.50,94,367
2:46:51,64307.70,3354.46,285714.28,57.60,19.50,94,312
2:47:51,59384.07,3318.92,278220.16,57.70,19.50,92,457
2:48:52,59543.48,3289.27,281411.78,57.00,19.50,93,375
2:49:52,58666.68,3275.91,274710.00,57.10,19.50,92,339
2:50:53,67047.62,3382.09,286873.53,57.20,19.60,91,416
2:51:53,59543.48,3329.73,279156.91,57.00,19.60,89,354
2:52:54,73770.20,3497.72,296601.94,56.70,19.60,92,385
2:53:54,61567.17,3329.88,274592.09,56.90,19.50,94,458
2:54:55,60439.56,3329.73,293012.06,57.00,19.60,92,313
2:55:55,72962.02,3483.33,293012.06,57.20,19.60,90,472
2:56:55,68385.54,3370.79,281411.78,57.00,19.60,92,341
2:57:56,64895.75,3357.04,284834.13,57.10,19.60,96,379
2:58:56,64561.54,3316.18,285985.75,57.00,19.60,91,354
2:59:57,65914.06,3316.18,278037.41,56.80,19.60,97,355
3:0:57,72167.35,3398.51,291826.91,56.90,19.60,95,454
3:1:58,67665.34,3316.18,289473.72,56.90,19.60,93,447
3:2:58,67047.62,3340.74,280000.03,56.80,19.60,89,402
3:3:59,70237.70,3370.79,283687.97,56.80,19.60,90,359
3:4:59,82372.09,3438.19,288038.31,57.00,19.60,90,404
3:6:0,71499.99,3340.74,278873.25,56.50,19.60,93,400
3:7:0,71385.89,3343.35,276923.09,56.80,19.60,86,404
3:8:1,66606.30,3316.18,274710.00,56.40,19.60,87,414
3:9:1,62292.14,3275.91,273611.13,56.90,19.60,86,453
3:10:2,70909.09,3393.03,285510.69,56.90,19.60,91,376
3:11:2,72167.35,3357.04,288305.50,56.60,19.60,89,414
3:12:3,78825.13,3492.15,284360.22,56.60,19.60,87,562
3:13:3,66956.52,3316.18,273611.13,56.60,19.70,84,443
3:14:4,63490.50,3297.31,269885.03,56.70,19.60,79,419
3:15:4,65147.29,3297.31,270967.72,56.50,19.70,86,455
3:16:5,70999.99,3398.51,279156.91,56.40,19.70,89,372
3:17:5,72563.02,3370.79,281411.78,56.70,19.70,87,447
3:18:6,69967.21,3354.46,289208.66,56.70,19.70,85,525
3:19:6,68385.54,3316.18,276923.09,56.90,19.70,80,347
3:20:7,70074.07,3365.67,277464.81,56.80,19.70,84,637
3:21:7,67665.34,3316.18,274710.00,57.00,19.70,84,501
3:22:7,61665.43,3275.91,273611.13,56.80,19.70,85,563
3:23:8,64895.75,3289.27,279156.91,56.70,19.70,93,483
3:24:8,65232.56,3302.69,274710.00,57.00,19.70,86,506
3:25:9,61977.62,3302.69,279156.91,57.00,19.80,84,541
3:26:9,64640.93,3313.51,289208.66,56.80,19.70,89,476
3:27:10,69117.41,3316.18,275813.97,56.60,19.70,86,397
3:28:10,63900.76,3262.62,268192.19,56.70,19.80,86,330
3:29:11,75428.56,3426.50,282547.19,56.60,19.80,98,421
3:30:11,77584.08,3398.51,284834.13,56.60,19.80,101,415
3:31:12,70237.70,3316.18,270344.81,56.70,19.80,90,421
3:32:12,72962.02,3370.79,273611.13,56.60,19.80,92,337
3:33:13,73582.97,3359.90,272685.22,56.60,19.70,90,433
3:34:13,66519.69,3297.31,275348.88,56.40,19.80,88,407
3:35:14,72167.35,3370.79,288305.50,56.90,19.80,91,493
3:36:14,65914.06,3302.69,271428.59,56.60,19.80,96,340
3:37:15,70237.70,3329.73,275813.97,56.70,19.80,96,293
3:38:15,71499.99,3382.09,282269.53,56.90,19.80,91,482
3:39:16,72167.35,3329.73,275813.97,57.00,19.80,93,436
3:40:16,70999.99,3370.79,287142.84,56.80,19.80,90,337
3:41:17,75142.85,3382.09,281132.09,56.90,19.80,88,315
3:42:17,68385.54,3316.18,273611.13,57.40,19.80,92,342
3:43:18,68385.54,3329.73,273611.13,57.00,19.80,91,335
3:44:18,78026.68,3426.50,285985.75,57.90,19.70,91,388
3:45:19,70617.27,3343.35,281411.78,57.50,19.70,95,405
3:46:19,75852.19,3398.51,291826.91,57.00,19.70,94,360
3:47:20,70617.27,3370.79,280281.72,57.20,19.70,94,356
3:48:20,80767.13,3412.47,299024.38,57.00,19.70,97,320
3:49:20,68023.99,3357.04,284834.13,57.10,19.80,89,387
3:50:21,67665.34,3316.18,283687.97,56.70,19.80,93,402
3:51:21,69487.80,3302.69,270344.81,57.00,19.80,97,427
3:52:22,78178.58,3424.06,296350.38,57.20,19.70,91,254
3:53:22,84663.51,3440.60,291826.91,57.00,19.70,94,249
3:54:23,79378.39,3454.77,293012.06,57.20,19.80,100,311
3:55:23,61665.43,3249.39,269266.03,57.30,19.70,94,397
3:56:24,64561.54,3316.18,274710.00,57.00,19.80,95,519
3:57:24,66258.83,3249.39,269266.03,56.80,19.80,95,391
3:58:25,74179.48,3329.73,276923.09,56.40,19.80,92,433
3:59:25,65315.18,3286.55,274418.63,56.80,19.90,92,263
4:0:26,61731.35,3286.55,267889.88,56.60,19.80,91,430
4:1:26,72167.35,3302.69,282547.19,56.80,19.80,95,267
4:2:27,66695.66,3300.00,275524.50,56.70,19.90,97,335
4:3:27,69861.22,3302.69,278037.41,57.00,19.90,101,354
4:4:28,85884.62,3481.01,297560.97,56.70,19.90,97,289
4:5:28,92243.65,3454.77,290647.50,56.50,19.90,101,470
4:6:29,77635.57,3335.31,276168.25,56.80,19.80,96,405
4:7:29,71683.33,3297.31,275348.88,56.70,19.90,96,460
4:8:30,85684.21,3412.47,291826.91,56.70,19.90,93,321
4:9:30,77584.08,3343.35,275813.97,57.00,19.80,92,378
4:10:31,81410.14,3327.09,270046.06,57.00,19.80,92,376
4:11:31,74309.01,3313.51,275524.50,56.10,19.80,92,237
4:12:32,86405.80,3410.00,284560.56,56.40,19.90,93,406
4:13:32,79837.11,3343.35,283687.97,56.50,19.90,93,399
4:14:32,81888.90,3452.39,291566.28,56.80,19.90,96,412
4:15:33,76279.48,3302.69,266059.22,56.60,19.90,89,398
4:16:33,85684.21,3398.51,278037.41,56.20,19.80,104,532
4:17:34,86724.64,3384.62,284834.13,56.70,19.80,95,285
4:18:34,88000.00,3410.00,280000.03,56.60,19.80,97,335
4:19:35,79378.39,3316.18,276923.09,56.80,19.80,96,424
4:20:35,78473.22,3329.73,282547.19,56.20,19.80,93,375
4:21:36,81714.29,3329.73,276923.09,56.70,19.80,93,364
4:22:36,89089.11,3424.06,290384.63,56.40,19.90,90,415
4:23:37,71385.89,3289.27,270344.81,56.60,19.90,89,385
4:24:37,72563.02,3262.62,269266.03,56.50,19.90,85,363
4:25:38,68023.99,3236.23,264999.97,56.40,19.90,89,331
4:26:38,72075.30,3297.31,269885.03,56.80,19.90,91,438
4:27:39,66258.83,3262.62,276923.09,56.50,19.90,92,318
4:28:39,93415.38,3512.18,296601.94,56.70,19.90,89,357
4:29:40,76087.32,3305.39,275990.69,56.60,19.90,90,433
4:30:40,71385.89,3249.39,268192.19,56.40,19.80,84,432
4:31:41,70617.27,3289.27,271428.59,56.30,19.90,85,491
4:32:41,65571.98,3236.23,271428.59,56.20,19.90,84,431
4:33:42,65571.98,3236.23,274710.00,56.10,19.90,86,502
4:34:42,65400.78,3265.21,278220.16,55.70,19.90,93,402
4:35:43,64229.88,3223.13,270344.81,55.80,20.00,83,500
4:36:43,77584.08,3343.35,282547.19,55.50,20.00,84,325
4:37:44,76279.48,3275.91,276923.09,55.70,20.00,83,496
4:38:44,71774.99,3236.23,270344.81,56.20,20.00,91,378
4:39:45,71385.89,3236.23,275813.97,55.70,20.00,89,373
4:40:45,68750.00,3262.62,276923.09,55.80,20.00,86,440
4:41:45,68217.74,3297.30,283135.41,56.00,20.00,82,483
4:42:46,76999.99,3365.67,281990.53,56.00,20.00,82,369
4:43:46,70909.09,3283.90,275348.88,55.80,20.00,79,428
4:44:47,68023.99,3275.91,272517.34,55.70,20.00,83,380
4:45:47,65400.78,3265.21,271593.50,55.80,20.10,84,441
4:46:48,64895.75,3302.69,282547.19,56.20,20.00,90,357
4:47:48,58092.54,3262.62,276923.09,56.60,20.00,85,437
4:48:49,59543.48,3316.18,272517.34,56.30,20.00,89,384
4:49:49,59169.68,3324.32,272055.44,56.70,20.10,87,437
4:50:50,56968.41,3249.39,267123.28,56.60,20.00,92,367
4:51:50,57246.47,3289.27,274710.00,56.70,20.00,84,294
4:52:51,62679.25,3396.01,281132.09,56.50,20.00,91,430
4:53:51,56692.30,3289.27,274710.00,57.50,20.10,87,410
4:54:52,56145.83,3302.69,267123.28,57.30,20.00,84,501
4:55:52,56145.83,3249.39,266059.22,57.80,20.00,92,296
4:56:53,54812.29,3262.62,272517.34,58.40,20.00,88,330
4:57:53,66433.07,3387.56,280470.63,57.70,20.00,87,416
4:58:54,58956.84,3262.62,270344.81,58.60,20.00,88,400
4:59:54,59840.00,3289.27,271428.59,58.60,19.90,92,335
5:0:55,60138.69,3302.69,280281.72,59.20,19.90,96,404
5:1:55,60742.66,3275.91,279156.91,59.10,19.90,103,321
5:2:56,62609.02,3289.27,272517.34,58.50,19.90,86,416
5:3:56,70237.70,3343.35,279156.91,58.80,19.80,89,345
5:4:57,67139.45,3310.84,284285.72,59.10,19.90,92,405
5:5:57,70147.54,3324.32,275348.88,59.00,19.80,91,344
5:6:58,64229.88,3302.69,273611.13,59.10,19.80,93,370
5:7:58,66519.69,3270.56,276456.91,58.90,19.80,97,368
5:8:58,70237.70,3343.35,278037.41,59.20,19.80,99,452
5:9:59,65232.56,3289.27,274710.00,59.90,19.80,101,477
5:10:59,62609.02,3236.23,269266.03,59.70,19.80,99,349
5:12:0,64976.75,3300.00,278873.25,59.40,19.70,98,384
5:13:0,68023.99,3289.27,279156.91,59.60,19.70,95,368
5:14:1,64476.93,3283.90,275348.88,60.40,19.70,96,347
5:15:1,70617.27,3357.04,284834.13,60.40,19.70,101,379
5:16:2,70617.27,3316.18,285985.75,61.60,19.70,91,355
5:17:2,69861.22,3329.73,285985.75,61.80,19.70,91,363
5:18:3,71774.99,3357.04,278037.41,61.80,19.70,52,284
5:19:3,70237.70,3289.27,279156.91,62.10,19.70,100,321
5:20:4,66606.30,3329.73,274710.00,61.90,19.60,95,423
5:21:4,70164.60,3343.56,279058.84,61.70,19.60,90,278
5:22:5,65571.98,3302.69,275813.97,62.20,19.60,89,535
5:23:5,65147.29,3257.28,282075.50,62.50,19.60,94,570
5:24:6,65232.56,3275.91,275813.97,62.80,19.60,98,408
5:25:6,63250.00,3249.39,269266.03,63.10,19.60,99,458
5:26:7,66606.30,3316.18,281411.78,62.70,19.60,93,279
5:27:7,67309.52,3289.27,282547.19,62.40,19.60,93,355
5:28:8,63490.50,3270.56,280941.19,63.80,19.50,94,403
5:29:8,64229.88,3262.62,271428.59,63.70,19.50,96,367
5:30:9,63250.00,3249.39,275813.97,63.70,19.50,98,605
5:31:9,66873.02,3343.56,284761.91,63.10,19.50,92,402
5:32:10,65914.06,3302.69,276923.09,63.60,19.50,95,463
5:33:10,64471.04,3357.32,284761.91,64.10,19.50,91,342
5:34:10,60439.56,3223.13,268192.19,64.50,19.50,89,397
5:35:11,65315.18,3286.55,273317.88,64.20,19.50,98,382
5:36:11,58798.57,3265.21,270506.91,64.20,19.40,96,303
5:37:12,60197.80,3273.17,278873.25,64.70,19.40,98,400
5:38:12,60138.69,3249.39,278037.41,64.70,19.40,95,351
5:39:13,59543.48,3289.27,271428.59,65.40,19.40,97,527
5:40:13,57730.49,3270.56,269885.03,65.10,19.40,95,387
5:41:14,57526.50,3249.39,274710.00,66.20,19.40,87,337
5:42:14,59304.36,3273.17,272222.19,66.00,19.30,94,482
5:43:15,55606.89,3236.23,263945.56,65.60,19.30,91,551
5:44:15,61665.43,3275.91,274710.00,65.40,19.30,95,453
5:45:16,63250.00,3302.69,270344.81,64.10,19.30,94,384
5:46:16,59760.00,3270.56,275348.88,64.50,19.30,92,442
5:47:17,57935.94,3225.60,269425.25,65.10,19.40,91,484
5:48:17,56145.83,3249.39,271428.59,65.60,19.40,87,399
5:49:18,57574.46,3259.85,273317.88,65.20,19.30,89,440
5:50:18,58378.58,3262.62,271428.59,65.60,19.30,89,479
5:51:19,57526.50,3210.10,266059.22,65.80,19.30,93,477
5:52:19,61029.63,3308.11,271759.25,65.60,19.30,91,438
5:53:20,65914.06,3357.04,279156.91,65.20,19.30,92,535
5:54:20,61665.43,3275.91,279156.91,65.90,19.30,83,460
5:55:21,61420.08,3286.55,271131.63,66.10,19.30,86,393
5:56:21,59543.48,3236.23,263945.56,66.30,19.30,85,490
5:57:22,56891.22,3217.83,267734.53,65.80,19.30,89,429
5:58:22,61665.43,3302.69,276923.09,66.00,19.30,90,430
5:59:23,56461.53,3233.41,263636.34,66.20,19.30,93,505
6:0:23,58798.57,3251.94,267276.88,65.60,19.30,92,429
6:1:23,57808.50,3197.12,260810.78,65.40,19.30,80,394
6:2:24,60138.69,3275.91,273611.13,65.20,19.30,81,488
6:3:24,60742.66,3275.91,270344.81,66.10,19.30,90,354
6:4:25,58378.58,3197.12,263945.56,66.20,19.30,81,448
6:5:25,58378.58,3249.39,259775.27,65.40,19.20,82,476
6:6:26,67047.62,3313.51,276635.53,65.10,19.20,82,372
6:7:26,61420.08,3300.00,270046.06,66.20,19.30,85,500
6:8:27,67665.34,3316.18,280281.72,66.50,19.20,84,378
6:9:27,69681.63,3291.93,275990.69,66.70,19.20,84,490
6:10:28,58956.84,3223.13,269266.03,66.80,19.20,88,473
6:11:28,56264.80,3238.74,263038.53,67.10,19.20,84,537
6:12:29,56692.30,3262.62,270344.81,66.90,19.20,87,540
6:13:29,57448.76,3270.56,267734.53,67.40,19.20,98,593
6:14:30,57371.02,3278.54,278220.16,67.40,19.10,96,438
6:15:30,55340.20,3275.91,274710.00,67.50,19.10,98,326
6:16:31,56968.41,3262.62,271428.59,67.70,19.10,88,423
6:17:31,54551.02,3249.39,269266.03,67.10,19.10,93,260
6:18:32,56341.46,3297.31,282075.50,66.60,19.10,91,372
6:19:32,55340.20,3275.91,284834.13,67.00,19.10,97,448
6:20:33,65914.06,3370.79,282547.19,67.50,19.10,97,366
6:21:33,64561.54,3316.18,278037.41,67.50,19.10,95,420
6:22:34,68023.99,3329.73,278037.41,67.50,19.00,100,308
6:23:34,61731.35,3300.00,276635.53,67.10,19.00,100,413
6:24:35,57808.50,3262.62,269266.03,66.60,19.00,93,395
6:25:35,57526.50,3302.69,283687.97,67.00,19.00,95,437
6:26:35,59249.10,3316.18,275813.97,67.30,19.00,89,444
6:27:36,54033.78,3262.62,264999.97,67.90,19.00,89,415
6:28:36,54551.02,3249.39,268192.19,67.30,19.00,91,393
6:29:37,55875.43,3343.35,278037.41,67.90,19.00,95,353
6:30:37,57246.47,3329.73,272517.34,68.10,19.00,99,355
6:31:38,51960.53,3257.28,268807.31,67.80,19.00,97,369
6:32:38,50857.14,3246.60,268965.50,68.00,19.00,94,384
6:33:39,54291.52,3249.39,269266.03,67.90,19.00,90,403
6:34:39,54033.78,3302.69,278037.41,67.60,19.00,91,378
6:35:40,49904.16,3262.62,274710.00,68.30,19.00,100,402
6:36:40,53777.77,3289.27,276923.09,68.10,19.00,98,428
6:37:41,51309.45,3329.73,275813.97,68.10,19.00,91,539
6:38:41,51166.13,3318.92,282742.34,68.70,19.00,100,330
6:39:42,54551.02,3302.69,276923.09,68.40,19.00,100,347
6:40:42,57857.64,3327.09,286873.53,68.60,19.00,92,453
6:41:43,56814.03,3346.17,286190.47,68.50,19.00,90,505
6:42:43,54291.52,3329.73,287142.84,68.70,19.00,92,357
6:43:44,56145.83,3370.79,284834.13,68.10,19.00,98,398
6:44:44,48996.85,3289.27,282547.19,68.30,19.00,95,393
6:45:45,55875.43,3357.04,289473.72,67.90,19.00,93,379
6:46:45,57526.50,3343.35,294202.91,68.20,18.90,102,495
6:47:46,66606.30,3426.50,299024.38,68.50,19.00,93,392
6:48:46,61192.59,3387.56,289688.25,68.40,18.90,96,367
6:49:47,62609.02,3398.51,290647.50,68.70,18.90,93,318
6:50:47,57808.50,3329.73,279156.91,68.70,18.90,91,378
6:51:47,56418.11,3302.69,282547.19,68.50,18.90,91,492
6:52:48,55606.89,3302.69,278037.41,68.80,18.90,89,361
6:53:48,54812.29,3289.27,281411.78,68.60,18.90,97,508
6:54:49,54033.78,3275.91,282547.19,68.10,18.90,96,392
6:55:49,54291.52,3316.18,279156.91,68.50,18.90,93,361
6:56:50,56418.11,3316.18,282547.19,68.70,18.90,89,443
6:57:50,54291.52,3275.91,283687.97,69.30,18.90,94,462
6:58:51,58666.68,3357.04,285985.75,68.50,18.90,96,497
6:59:51,58482.01,3351.86,286602.91,69.10,18.90,96,411
7:0:52,59249.10,3343.35,285985.75,68.70,18.90,92,442
7:1:52,56968.41,3329.73,281411.78,69.30,18.90,92,394
7:2:53,55993.05,3291.93,275990.69,69.20,18.90,92,551
7:3:53,52770.76,3302.69,280281.72,68.50,18.90,93,406
7:4:54,54033.78,3302.69,279156.91,69.60,18.90,92,480
7:5:54,54216.95,3351.60,277570.13,69.70,18.90,88,342
7:6:55,51549.02,3289.27,271428.59,69.80,18.90,86,527
7:7:55,53810.81,3313.51,276635.53,69.20,18.90,91,390
7:8:56,53270.90,3302.69,276923.09,68.60,18.90,88,440
7:9:56,60742.66,3384.62,290647.50,68.60,18.90,91,430
7:10:57,61665.43,3370.79,284834.13,68.90,18.90,96,333
7:11:57,57808.50,3302.69,275813.97,69.00,18.90,89,504
7:12:58,55606.89,3302.69,276923.09,69.10,18.90,98,464
7:13:58,60500.01,3354.46,283412.34,69.40,18.90,83,418
7:14:59,65914.06,3343.35,278037.41,69.30,18.90,84,415
7:15:59,71385.89,3412.47,285985.75,69.10,18.90,87,450
7:16:59,74214.59,3418.55,291084.34,68.50,18.90,86,320
7:18:0,73364.40,3384.62,278037.41,68.90,18.80,89,455
7:19:0,70617.27,3357.04,280281.72,68.90,18.80,89,476
7:20:1,66258.83,3343.35,282547.19,69.10,18.70,82,444
7:21:1,66258.83,3329.73,282547.19,69.30,18.70,80,519
7:22:2,63900.76,3370.79,278037.41,69.50,18.70,80,573
7:23:2,66869.56,3393.03,280941.19,69.70,18.70,88,540
7:24:3,61047.98,3289.27,272517.34,69.70,18.70,84,480
7:25:3,58956.84,3289.27,275813.97,69.50,18.70,81,451
7:26:4,60138.69,3316.18,278037.41,69.70,18.70,88,564
7:27:4,63969.23,3416.08,289638.56,70.00,18.70,87,536
7:28:5,67583.99,3399.00,282464.47,70.10,18.70,93,551
7:29:5,64640.93,3354.46,282269.53,69.50,18.70,86,481
7:30:6,60742.66,3302.69,275813.97,69.10,18.70,82,512
7:31:6,68297.19,3379.16,280941.19,69.30,18.70,98,603
7:32:7,74309.01,3466.67,293946.75,69.10,18.60,95,470
7:33:7,72167.35,3357.04,276923.09,69.80,18.70,86,391
7:34:8,64561.54,3329.73,275813.97,70.10,18.70,92,485
7:35:8,70999.99,3398.51,279156.91,70.00,18.60,94,635
7:36:9,66086.28,3346.17,280470.63,70.10,18.60,96,480
7:37:9,71385.89,3384.62,280281.72,70.00,18.60,89,402
7:38:10,65232.56,3343.35,287142.84,70.20,18.70,96,445
7:39:10,70147.54,3365.35,275348.88,70.00,18.60,85,413
7:40:11,60439.56,3302.69,272517.34,70.20,18.60,88,366
7:41:11,63574.15,3302.69,275813.97,70.30,18.60,87,430
7:42:11,67665.34,3384.62,288305.50,70.20,18.70,87,390
7:43:12,71385.89,3357.04,283687.97,70.70,18.60,90,404
7:44:12,64640.93,3340.74,286873.53,70.60,18.70,104,341
7:45:13,63166.67,3310.78,273148.16,70.60,18.70,88,411
7:46:13,68385.54,3343.35,273611.13,70.20,18.70,102,402
7:47:14,70617.27,3370.79,285985.75,70.40,18.70,94,400
7:48:14,73770.20,3412.47,289473.72,70.60,18.70,95,418
7:49:15,72563.02,3357.04,281411.78,70.60,18.70,92,533
7:50:15,84752.39,3518.88,291084.34,70.20,18.70,88,516
7:51:16,75852.19,3343.35,284834.13,70.10,18.70,89,448
7:52:16,87356.09,3461.11,297073.16,70.20,18.60,95,474
7:53:17,85171.44,3426.50,288305.50,69.40,18.60,98,455
7:54:17,80935.78,3410.00,290384.63,68.70,18.60,98,500
7:55:18,78473.22,3412.47,284834.13,69.90,18.60,92,517
7:56:18,92826.52,3440.60,294202.91,70.30,18.60,91,396
7:57:19,87785.36,3412.47,290647.50,69.70,18.60,89,370
7:58:19,76710.54,3329.73,275813.97,70.20,18.50,93,501
7:59:20,76279.48,3357.04,276923.09,70.40,18.50,101,517
8:0:20,64895.75,3302.69,274710.00,70.60,18.50,95,554
8:1:21,72776.37,3415.50,290865.38,70.80,18.50,99,372
8:2:21,77145.38,3384.62,291826.91,70.80,18.50,92,466
8:3:22,73364.40,3412.47,289473.72,71.00,18.50,94,476
8:4:22,81238.54,3412.47,290647.50,70.80,18.50,90,359
8:5:23,80300.01,3398.51,290647.50,70.40,18.50,88,420
8:6:23,79378.39,3412.47,296601.94,70.60,18.50,95,450
8:7:23,75565.21,3424.06,290384.63,71.10,18.50,95,422
8:8:24,73770.20,3384.62,282547.19,71.20,18.50,102,411
8:9:24,67309.52,3384.62,280281.72,71.50,18.50,93,305
8:10:25,67309.52,3370.79,288305.50,71.30,18.50,93,490
8:11:25,73489.35,3424.06,288038.31,70.80,18.60,85,460
8:12:26,63648.86,3327.09,276635.53,70.50,18.60,92,499
8:13:26,87785.36,3497.72,293012.06,69.80,18.60,92,499
8:14:27,75008.61,3426.50,290647.50,69.50,18.60,92,468
8:15:27,69308.94,3373.70,281603.78,71.00,18.60,93,414
8:16:28,66086.62,3407.52,281990.53,70.80,18.70,94,389
8:17:28,65914.06,3357.04,275813.97,71.50,18.70,91,383
8:18:29,67583.99,3357.32,288249.41,71.50,18.70,90,375
8:19:29,73364.40,3370.79,283687.97,71.40,18.70,90,506
8:20:30,84663.51,3426.50,285985.75,71.50,18.70,94,558
8:21:30,72167.35,3316.18,279156.91,70.40,18.80,93,443
8:22:31,74309.01,3396.01,282269.53,70.80,18.80,89,455
8:23:31,71774.99,3357.04,278037.41,70.50,18.80,88,461
8:24:32,75852.19,3357.04,282547.19,70.40,18.80,92,466
8:25:32,81511.52,3415.50,289688.25,69.90,18.80,92,454
8:26:33,73770.20,3289.27,275813.97,69.50,18.90,96,377
8:27:33,83641.52,3413.03,282464.47,68.60,18.90,91,366
8:28:34,73364.40,3329.73,276923.09,70.10,18.90,91,362
8:29:34,68483.87,3340.74,278873.25,70.00,19.00,92,466
8:30:35,77584.08,3370.79,280281.72,70.60,18.90,88,427
8:31:35,72167.35,3316.18,276923.09,71.00,19.00,89,458
8:32:35,68750.00,3329.73,274710.00,70.40,19.00,89,456
8:33:36,68750.00,3316.18,278037.41,69.30,19.00,84,358
8:34:36,67577.69,3365.35,279812.22,70.30,19.10,87,359
8:35:37,67402.39,3327.09,274418.63,71.10,19.10,90,392
8:36:37,65232.56,3289.27,270344.81,71.20,19.20,90,322
8:37:38,66258.83,3302.69,272517.34,71.10,19.20,85,458
8:38:38,66956.52,3398.51,285985.75,70.90,19.20,84,465
8:39:39,70999.99,3343.35,274710.00,70.00,19.20,82,466
8:40:39,74592.27,3357.04,275813.97,69.70,19.20,82,498
8:41:40,75606.98,3374.06,282660.34,71.10,19.30,88,415
8:42:40,82194.45,3398.51,285985.75,71.50,19.30,90,403
8:43:41,82962.63,3359.90,285035.63,71.20,19.30,83,419
8:44:41,91666.66,3357.04,278037.41,69.00,19.40,82,412
8:45:42,85171.44,3329.73,272517.34,69.50,19.40,81,413
8:46:42,83661.98,3329.73,276923.09,70.40,19.40,84,432
8:47:43,75008.61,3302.69,280281.72,68.40,19.40,82,514
8:48:43,81714.29,3329.73,278037.41,68.90,19.40,84,474
8:49:44,91666.66,3426.50,281411.78,69.30,19.40,81,463
8:50:44,98999.99,3412.47,281411.78,70.20,19.50,80,371
8:51:45,78178.58,3273.17,266819.19,70.10,19.50,80,461
8:52:45,81714.29,3329.73,275813.97,70.10,19.50,87,521
8:53:46,98999.99,3412.47,281411.78,68.00,19.50,88,452
8:54:46,94010.30,3384.62,281411.78,67.70,19.50,93,453
8:55:47,86618.36,3379.16,277570.13,68.00,19.50,95,451
8:56:47,91095.48,3329.73,276923.09,70.00,19.50,79,545
8:57:47,87252.43,3302.69,276923.09,70.60,19.60,98,412
8:58:48,78375.01,3270.56,270967.72,71.10,19.70,96,459
8:59:48,105874.98,3440.60,288305.50,70.80,19.70,85,345
9:0:49,93076.92,3396.01,283412.34,69.80,19.80,88,462
9:1:49,81714.29,3275.91,272517.34,70.60,19.80,78,387
9:2:50,98999.99,3370.79,290647.50,69.40,19.90,95,422
9:3:50,106605.70,3426.50,294202.91,66.90,20.00,89,355
9:4:51,90530.00,3329.73,288305.50,67.40,20.10,88,370
9:5:51,85980.68,3291.89,274766.31,67.20,20.10,96,461
9:6:52,91444.44,3291.93,272685.22,68.20,20.20,98,304
9:7:52,82194.45,3289.27,270344.81,68.40,20.30,86,357
9:8:53,93415.38,3329.73,275813.97,69.10,20.40,88,323
9:9:53,109356.70,3387.56,281603.78,67.10,20.50,90,492
9:10:54,100315.20,3329.73,275813.97,66.10,20.60,88,316
9:11:54,127046.41,3469.02,290647.50,67.10,20.60,86,497
9:12:55,111964.26,3412.47,288305.50,65.00,20.60,88,397
9:13:55,95218.74,3289.27,281411.78,65.40,20.60,90,297
9:14:56,102342.53,3343.35,278037.41,65.80,20.60,95,394
9:15:56,106605.70,3426.50,288305.50,66.90,20.60,93,358
9:16:57,100983.59,3329.73,281411.78,65.90,20.60,89,299
9:17:57,96962.95,3351.60,283215.16,67.10,20.60,87,462
9:18:58,88866.99,3302.69,278037.41,67.50,20.70,85,346
9:19:58,95218.74,3426.50,299024.38,68.70,20.70,100,423
9:20:59,101659.33,3316.18,285985.75,68.00,20.80,93,350
9:21:59,85171.44,3275.91,283687.97,65.60,20.80,89,297
9:23:0,78627.81,3300.00,288038.31,65.40,20.80,86,339
9:24:0,88866.99,3316.18,276923.09,68.30,21.00,86,420
9:25:0,92826.52,3316.18,280281.72,65.30,21.00,93,421
9:26:1,78473.22,3262.62,273611.13,65.60,21.10,97,343
9:27:1,72470.58,3244.07,274245.97,66.60,21.10,91,373
9:28:2,76279.48,3289.27,276923.09,66.60,21.20,89,359
9:29:2,76279.48,3223.13,273611.13,67.80,21.30,87,370
9:30:3,100622.94,3354.46,283412.34,66.70,21.40,87,281
9:31:3,80200.01,3244.07,275348.88,63.00,21.40,87,408
9:32:4,92243.65,3426.50,295399.53,64.00,21.40,93,336
9:33:4,80300.01,3236.23,267123.28,63.00,21.50,97,337
9:34:5,113578.28,3384.62,279156.91,63.20,21.40,88,386
9:35:5,83168.23,3249.39,266059.22,61.30,21.40,94,351
9:36:6,94874.99,3340.74,278873.25,63.80,21.40,89,394
9:37:6,93415.38,3302.69,272517.34,61.90,21.40,82,458
9:38:7,97079.36,3316.18,282547.19,63.40,21.40,89,389
9:39:7,116073.59,3343.35,278037.41,63.90,21.40,86,462
9:40:8,111964.26,3343.35,276923.09,59.70,21.40,83,376
9:41:39,93415.38,3541.33,243817.78,64.20,21.50,0,0
9:42:9,82194.45,3158.57,256696.41,63.30,21.50,0,149
9:43:9,75008.61,3236.23,269266.03,63.50,21.60,4871,10529
9:44:10,75238.09,3212.53,271593.50,65.30,21.70,4929,-25367
9:45:10,92826.52,3262.62,272517.34,65.30,21.80,5082,10411
9:46:11,95873.68,3275.79,268045.97,64.70,21.90,4949,10186
9:47:11,78026.68,3210.10,270344.81,64.90,21.90,4939,10510
9:48:12,65232.56,3120.57,253658.52,64.10,22.00,4938,-25133
9:49:12,90530.00,3329.73,281411.78,64.30,22.10,4838,10219
9:50:13,88323.52,3262.62,262895.91,61.20,22.10,4949,10327
9:51:13,82194.45,3249.39,270344.81,62.40,22.20,4909,10484
9:52:13,80767.13,3210.10,269266.03,62.90,22.20,4930,10347
9:53:14,93076.92,3340.74,283412.34,62.40,22.20,4927,10297
9:54:14,144711.16,3426.50,290647.50,62.50,22.20,4829,10262
9:55:15,130067.62,3384.62,289473.72,57.80,22.10,4948,10480
9:56:15,122269.19,3329.73,270344.81,59.00,22.10,4879,10216
9:57:16,102342.53,3289.27,273611.13,58.50,22.00,4842,10343
9:58:16,88866.99,3197.12,257718.13,59.80,21.90,5099,10218
9:59:17,92625.64,3291.89,286124.44,59.70,21.90,4854,10172
10:0:17,114399.97,3398.51,278037.41,60.30,21.90,4844,10376
10:1:18,129047.02,3497.72,305185.19,59.70,21.80,4950,10530
10:2:18,127746.72,3387.56,280470.63,58.50,21.70,5012,10326
10:3:19,87252.43,3236.23,271428.59,58.80,21.70,4960,10353
10:4:19,88323.52,3236.23,275813.97,60.50,21.70,4907,10020
10:5:20,78825.13,3217.83,274245.97,61.20,21.70,5035,10354
10:6:20,91095.48,3197.12,267123.28,62.20,21.70,798,1880
10:7:21,97712.76,3275.91,281411.78,60.00,21.70,77,300
10:8:21,111171.57,3289.27,275813.97,61.80,21.70,83,398
10:9:22,135384.66,3357.04,278037.41,60.30,21.70,78,441
10:10:22,97361.69,3220.29,265753.41,59.20,21.70,78,369
10:11:23,84663.51,3184.21,273611.13,61.70,21.70,81,473
10:12:23,81238.54,3171.36,263945.56,62.20,21.70,77,595
10:13:24,103033.32,3316.18,275813.97,62.80,21.70,79,549
10:14:24,84160.38,3171.36,266059.22,61.50,21.70,82,637
10:15:25,88866.99,3223.13,274710.00,61.90,21.70,82,372
10:16:25,109614.02,3302.69,273611.13,62.30,21.70,84,379
10:17:26,108092.46,3316.18,274710.00,60.70,21.60,85,354
10:18:26,96452.63,3197.12,266059.22,61.20,21.60,94,468
10:19:27,117515.49,3332.51,274883.75,60.60,21.50,87,485
10:20:27,115668.68,3286.55,267889.88,59.80,21.50,93,486
10:21:27,97595.73,3204.81,268807.31,59.90,21.50,95,323
10:22:28,74592.27,3145.84,270344.81,62.00,21.40,93,363
10:23:34,128040.05,3966.03,345600.03,62.00,21.40,39,206
10:24:29,75333.33,3140.62,264545.44,62.10,21.40,39,206
10:25:29,76710.54,3171.36,271428.59,62.60,21.40,88,382
10:26:30,73676.59,3166.11,270967.72,63.40,21.40,86,278
10:27:30,81036.70,3251.94,275990.69,62.90,21.40,90,371
10:28:31,106605.70,3398.51,287142.84,62.10,21.30,88,268
10:29:31,134291.70,3412.47,295399.53,60.10,21.30,89,306
10:30:32,132150.73,3412.47,294202.91,59.50,21.20,96,378
10:31:32,117378.84,3286.55,285714.28,59.50,21.10,88,348
10:32:33,87252.43,3262.62,284834.13,60.10,21.10,90,466
10:33:33,114399.97,3370.79,294202.91,62.70,21.10,96,364
10:34:34,118662.46,3343.35,285985.75,61.50,21.00,93,365
10:35:34,76854.63,3181.29,276635.53,60.50,21.00,95,264
10:36:35,82679.07,3275.91,282547.19,63.50,21.00,91,387
10:37:35,70237.70,3171.36,269266.03,64.30,21.10,88,273
10:38:36,75852.19,3236.23,285985.75,63.80,21.10,89,307
10:39:36,90530.00,3302.69,283687.97,63.70,21.10,91,402
10:40:37,76710.54,3249.39,283687.97,61.00,21.20,96,399
10:41:37,76279.48,3236.23,281411.78,62.70,21.20,91,347
10:42:38,69117.41,3210.10,285985.75,63.10,21.30,73,328
10:43:38,85171.44,3316.18,284834.13,63.70,21.40,91,421
10:44:39,94611.40,3343.35,297810.22,62.80,21.40,85,315
10:45:39,111964.26,3343.35,282547.19,62.80,21.40,88,370
10:46:40,99654.04,3249.39,278037.41,60.30,21.50,88,296
10:47:40,131102.09,3398.51,289473.72,60.60,21.50,92,345
10:48:41,100983.59,3223.13,275813.97,58.50,21.50,91,411
10:49:41,71774.99,3145.84,268192.19,59.30,21.60,89,403
10:50:41,80300.01,3184.21,275813.97,62.60,21.70,89,376
10:51:42,63574.15,3108.02,269266.03,61.80,21.70,87,363
10:52:42,60500.01,3155.61,274418.63,62.70,21.80,89,375
10:53:43,63250.00,3133.18,274710.00,63.70,21.90,88,352
10:54:43,87678.05,3324.32,291346.16,63.00,21.90,92,317
10:55:44,105152.52,3262.62,279156.91,60.80,22.00,90,402
10:56:44,90763.82,3246.60,284560.56,58.70,22.00,86,393
10:57:45,64895.75,3108.02,268192.19,60.40,22.00,82,485
10:58:45,61977.62,3108.02,270344.81,61.80,22.10,84,330
10:59:46,75852.19,3184.21,272517.34,62.10,22.20,86,379
11:0:46,88866.99,3223.13,275813.97,60.20,22.20,85,395
11:1:47,105624.98,3265.21,286190.47,59.40,22.20,82,381
11:2:47,103033.32,3275.91,287142.84,58.40,22.30,84,309
11:3:48,142277.41,3398.51,288305.50,57.70,22.20,85,356
11:4:48,124666.62,3259.85,277751.78,55.90,22.30,86,322
11:5:49,132150.73,3370.79,291826.91,55.80,22.30,82,426
11:6:49,142116.81,3379.16,292530.13,57.10,22.30,88,357
11:7:50,152124.08,3401.50,295631.06,56.60,22.30,86,468
11:8:50,99535.13,3153.33,266666.66,55.40,22.30,82,393
11:9:51,96221.05,3278.54,282742.34,57.50,22.30,77,365
11:10:51,143485.33,3398.51,284834.13,58.90,22.40,80,441
11:11:52,145955.25,3370.79,282547.19,55.10,22.40,77,376
11:12:52,139913.70,3357.04,285985.75,55.40,22.40,79,479
11:13:53,120443.00,3249.39,275813.97,56.10,22.40,83,381
11:14:53,103731.83,3197.12,271428.59,55.70,22.40,86,328
11:15:54,102342.53,3210.10,268192.19,57.40,22.50,77,447
11:16:54,103033.32,3236.23,273611.13,57.00,22.60,79,456
11:17:55,101538.45,3204.81,267734.53,57.60,22.60,81,526
11:18:55,125098.09,3302.69,283687.97,56.50,22.70,81,417
11:19:56,149801.56,3370.79,285985.75,55.30,22.70,85,517
11:20:56,149801.56,3343.35,287142.84,54.30,22.70,82,490
11:21:56,135384.66,3289.27,283687.97,53.50,22.70,76,393
11:22:57,153828.16,3412.47,287142.84,54.80,22.70,81,416
11:23:57,105152.52,3171.36,261851.02,53.90,22.80,75,383
11:24:58,99717.38,3235.92,274592.09,55.90,22.80,87,445
11:25:58,133213.84,3275.91,275813.97,57.30,22.80,80,457
11:26:59,145955.25,3316.18,281411.78,54.80,22.90,81,436
11:27:59,111964.26,3184.21,272517.34,54.70,22.90,99,439
11:29:0,95218.74,3158.57,268192.19,55.50,22.90,87,425
11:30:0,105152.52,3145.84,255679.27,56.90,22.90,80,405
11:31:1,99654.04,3133.18,257718.13,56.00,22.90,91,405
11:32:1,98352.93,3108.02,257718.13,55.20,23.00,89,426
11:33:2,105874.98,3275.91,274710.00,55.50,23.00,90,486
11:34:2,111964.26,3158.57,263945.56,56.80,23.10,86,482
11:35:3,165550.02,3343.35,276923.09,54.70,23.10,82,348
11:36:3,194403.84,3512.18,293012.06,52.20,23.00,83,392
11:37:4,178946.44,3357.04,279156.91,51.70,22.90,91,309
11:38:4,156619.08,3329.73,278037.41,53.80,22.80,100,454
11:39:5,155212.64,3357.04,278037.41,54.00,22.80,92,265
11:40:5,149801.56,3329.73,278037.41,53.80,22.80,90,306
11:41:6,147218.08,3289.27,279156.91,55.60,22.80,87,389
11:42:6,147218.08,3275.91,272517.34,55.30,22.80,83,466
11:43:7,97999.99,3142.86,263636.34,55.10,22.70,84,411
11:44:7,134291.70,3357.04,279156.91,57.20,22.70,90,388
11:45:8,135384.66,3302.69,278037.41,55.70,22.70,90,436
11:46:8,150446.19,3294.61,284085.50,55.30,22.70,88,357
11:47:9,162475.44,3370.79,273611.13,54.70,22.70,95,326
11:48:9,148000.05,3354.46,284560.56,54.90,22.70,91,340
11:49:10,139913.70,3275.91,279156.91,55.70,22.80,91,341
11:50:10,141087.00,3316.18,276923.09,55.80,22.80,87,339
11:51:11,139913.70,3289.27,270344.81,55.80,22.80,85,330
11:52:11,123199.95,3223.13,268192.19,55.80,22.90,88,434
11:53:11,116518.48,3207.23,280000.03,56.50,22.90,89,454
11:54:12,159500.03,3384.62,280281.72,56.60,22.90,92,267
11:55:12,119547.13,3184.21,267123.28,55.30,23.00,94,331
11:56:13,124142.81,3197.12,261851.02,55.80,23.00,95,348
11:57:13,159500.03,3370.79,290647.50,55.60,23.10,92,372
11:58:14,125098.09,3210.10,279156.91,54.50,23.20,96,368
11:59:14,155212.64,3357.04,291826.91,55.80,23.30,87,332
12:0:15,153828.16,3343.35,287142.84,54.30,23.50,91,415
12:1:15,162475.44,3357.04,279156.91,55.20,23.60,89,328
12:2:16,155212.64,3316.18,280281.72,52.10,23.80,89,424
12:3:16,156619.08,3357.04,279156.91,52.60,23.90,87,456
12:4:17,168728.83,3426.50,283687.97,52.00,24.00,89,321
12:5:17,155212.64,3398.51,285985.75,52.20,24.10,89,307
12:6:18,175228.09,3521.12,296116.50,52.20,24.20,94,356
12:7:18,178946.44,3398.51,287142.84,50.20,24.30,93,286
12:8:19,166571.45,3410.00,291566.28,50.80,24.30,87,267
12:9:19,163818.20,3324.32,279812.22,51.40,24.40,86,312
12:10:20,153828.16,3289.27,284834.13,51.40,24.40,88,332
12:11:20,186388.91,3483.33,291826.91,51.30,24.30,83,368
12:12:21,193769.23,3438.19,289208.66,49.60,24.30,84,351
12:13:21,170359.00,3329.73,282547.19,49.90,24.30,92,326
12:14:22,144711.16,3184.21,260810.78,51.10,24.30,90,341
12:15:22,159500.03,3262.62,270344.81,51.30,24.40,89,332
12:16:23,182400.02,3379.16,283215.16,52.00,24.50,82,314
12:17:23,184073.41,3373.70,279342.75,48.80,24.60,84,291
12:18:24,170359.00,3316.18,273611.13,49.40,24.60,90,480
12:19:24,170359.00,3262.62,273611.13,50.50,24.70,89,336
12:20:25,167126.08,3249.39,266059.22,50.20,24.70,83,365
12:21:25,145462.72,3207.23,275524.50,50.20,24.70,89,327
12:22:26,184477.08,3384.62,281411.78,51.40,24.80,89,332
12:23:26,182600.02,3384.62,273611.13,49.40,24.70,88,387
12:24:27,175421.08,3275.91,269266.03,48.40,24.70,95,364
12:25:27,165550.02,3236.23,263945.56,48.00,24.80,84,314
12:26:28,142116.81,3127.96,267734.53,49.30,24.80,83,411
12:27:28,170359.00,3316.18,275813.97,50.90,24.90,81,335
12:28:28,147333.38,3147.37,256629.20,49.30,25.00,82,484
12:29:29,155212.64,3223.13,262895.91,50.70,25.10,84,349
12:30:29,162475.44,3357.04,279156.91,50.90,25.20,86,312
12:31:30,152294.61,3217.83,267734.53,50.50,25.40,81,350
12:32:30,170359.00,3329.73,281411.78,50.20,25.50,84,417
12:33:31,151123.11,3145.84,257718.13,48.80,25.60,80,508
12:34:31,159500.03,3223.13,264999.97,48.10,25.70,98,461
12:35:32,172017.27,3262.62,272517.34,48.80,25.80,79,345
12:36:32,190320.77,3302.69,274710.00,46.60,25.90,85,499
12:37:33,200831.69,3440.60,283687.97,45.70,25.90,82,423
12:38:33,167126.08,3171.36,262895.91,43.70,25.80,83,519
12:39:34,188336.47,3289.27,269266.03,44.40,25.80,78,355
12:40:34,169982.94,3251.94,271593.50,45.90,25.80,82,394
12:41:35,178946.44,3329.73,272517.34,47.40,25.80,81,352
12:42:35,164000.02,3197.12,264999.97,48.30,25.80,77,472
12:43:36,185981.50,3359.90,275990.69,47.00,25.90,77,371
12:44:36,200178.22,3424.06,283412.34,46.10,25.80,81,350
12:45:37,177168.16,3316.18,281411.78,44.70,25.70,81,390
12:46:37,194403.84,3275.91,272517.34,45.30,25.70,84,447
12:47:38,182600.02,3223.13,262895.91,45.20,25.60,90,390
12:48:38,172017.27,3249.39,266059.22,45.40,25.50,86,356
12:49:39,188336.47,3289.27,269266.03,46.60,25.50,83,531
12:50:39,205333.33,3412.47,283687.97,45.30,25.50,87,427
12:51:40,212437.48,3412.47,278037.41,45.60,25.40,91,381
12:52:40,149801.56,3120.57,253658.52,45.80,25.20,82,376
12:53:41,182600.02,3343.35,281411.78,46.80,25.20,85,477
12:54:41,177168.16,3275.91,271428.59,47.10,25.10,83,409
12:55:42,153828.16,3133.18,249670.31,47.70,25.10,89,396
12:56:42,177168.16,3343.35,274710.00,47.60,25.10,85,279
12:57:43,186388.91,3262.62,263945.56,47.20,25.00,88,394
12:58:43,184477.08,3329.73,275813.97,47.20,24.90,88,273
12:59:44,143485.33,3145.84,255679.27,47.90,24.90,90,435
13:0:44,186388.91,3357.04,270344.81,48.30,24.80,97,314
13:1:45,177168.16,3262.62,267123.28,47.80,24.70,95,236
13:2:45,207653.05,3384.62,278037.41,47.90,24.70,98,371
13:3:46,190320.77,3343.35,276923.09,47.10,24.60,90,312
13:4:46,200831.69,3384.62,274710.00,47.90,24.50,96,370
13:5:47,184477.08,3316.18,271428.59,48.50,24.50,95,441
13:6:47,172017.27,3289.27,263945.56,49.10,24.40,88,272
13:7:47,203060.00,3384.62,270344.81,50.30,24.40,88,348
13:8:48,196504.86,3398.51,274710.00,49.90,24.30,99,364
13:9:48,207653.05,3454.77,285985.75,49.70,24.20,100,299
13:10:49,200613.86,3435.09,276456.91,50.50,24.10,98,343
13:11:49,205333.33,3426.50,278037.41,50.80,24.10,92,437
13:12:50,196504.86,3426.50,280281.72,50.70,23.90,92,354
13:13:50,194403.84,3370.79,275813.97,51.30,23.90,93,304
13:14:51,200831.69,3384.62,273611.13,51.20,23.80,99,369
13:15:51,203060.00,3454.77,282547.19,51.50,23.80,92,351
13:16:52,198647.05,3469.02,280281.72,51.90,23.70,96,332
13:17:52,166941.20,3337.93,268807.31,52.20,23.60,93,446
13:18:53,178946.44,3343.35,274710.00,52.70,23.60,98,391
13:19:53,190320.77,3412.47,283687.97,52.70,23.50,96,245
13:20:54,188336.47,3483.33,278037.41,53.10,23.50,97,285
13:21:54,195864.09,3466.67,283412.34,53.20,23.40,94,500
13:22:55,147218.08,3210.10,260810.78,53.00,23.40,99,499
13:23:55,142277.41,3262.62,264999.97,53.10,23.40,99,336
13:24:56,162475.44,3357.04,282547.19,53.60,23.30,96,402
13:25:56,159500.03,3302.69,270344.81,53.20,23.30,94,435
13:26:57,156095.27,3340.74,277751.78,52.90,23.30,92,375
13:27:57,145955.25,3275.91,281411.78,53.10,23.30,92,386
13:28:58,139913.70,3262.62,268192.19,53.10,23.30,94,382
13:29:58,166571.45,3368.24,271131.63,52.60,23.20,100,410
13:30:59,147218.08,3262.62,262895.91,52.80,23.20,93,352
13:31:59,137617.06,3197.12,263945.56,52.90,23.20,92,476
13:33:0,155212.64,3275.91,273611.13,52.80,23.20,98,407
13:34:0,155212.64,3316.18,278037.41,52.20,23.10,92,361
13:35:1,165550.02,3289.27,273611.13,52.40,23.10,93,358
13:36:1,141087.00,3223.13,256696.41,52.40,23.10,92,450
13:37:2,145626.89,3251.94,263038.53,52.50,23.10,98,370
13:38:2,174263.19,3365.67,277464.81,52.60,23.10,93,328
13:39:3,165366.69,3337.93,282075.50,52.20,23.10,96,390
13:40:3,177168.16,3329.73,272517.34,52.50,23.20,92,428
13:41:4,170359.00,3289.27,268192.19,52.50,23.10,160,636
13:42:4,186388.91,3357.04,273611.13,52.00,23.10,94,387
13:43:4,164000.02,3275.91,263945.56,51.90,23.10,95,390
13:44:5,122269.19,3171.36,259775.27,52.80,23.10,93,339
13:45:5,131102.09,3210.10,269266.03,53.40,23.10,92,366
13:46:6,131102.09,3197.12,255679.27,53.60,23.00,90,470
13:47:6,102342.53,3145.84,252654.84,54.20,23.00,87,336
13:48:7,127046.41,3184.21,261851.02,54.80,23.00,91,282
13:49:7,144711.16,3223.13,267123.28,54.80,23.00,85,305
13:50:8,149801.56,3316.18,280281.72,53.90,23.00,90,360
13:51:8,126065.84,3197.12,259775.27,54.30,23.00,90,363
13:52:9,147218.08,3249.39,266059.22,55.40,23.00,88,351
13:53:9,134291.70,3262.62,269266.03,55.10,22.90,87,322
13:54:10,98352.93,3133.18,255679.27,55.80,22.90,88,367
13:55:10,122269.19,3249.39,260810.78,56.40,22.90,85,615
13:56:11,120443.00,3184.21,262895.91,56.20,22.90,86,424
13:57:11,133062.11,3244.07,265603.63,56.30,22.90,93,334
13:58:12,99654.04,3184.21,262895.91,56.50,22.80,88,445
13:59:12,117788.78,3262.62,266059.22,58.30,22.80,85,418
14:0:13,128040.05,3275.91,264999.97,57.40,22.80,86,387
14:1:13,114829.24,3220.29,261538.44,58.70,22.70,81,370
14:2:14,112766.44,3223.13,259775.27,59.50,22.70,86,454
14:3:14,109999.98,3220.29,259459.44,60.00,22.60,82,472
14:4:15,130054.37,3291.89,273659.66,59.50,22.50,81,524
14:5:15,157520.03,3368.24,272222.19,58.90,22.40,85,415
14:6:16,151441.91,3310.84,280851.09,56.90,22.30,80,361
14:7:16,162475.44,3329.73,270344.81,55.80,22.20,84,366
14:8:17,122269.19,3171.36,254666.64,57.00,22.10,90,523
14:9:17,153828.16,3289.27,264999.97,57.10,22.00,83,317
14:10:18,175035.11,3429.57,271593.50,57.70,21.90,82,415
14:11:18,165550.02,3440.60,281411.78,57.60,21.80,89,419
14:12:19,194403.84,3440.60,285985.75,58.60,21.60,88,499
14:13:19,175421.08,3329.73,272517.34,58.40,21.50,85,442
14:14:20,205333.33,3426.50,276923.09,57.90,21.30,89,424
14:15:20,202400.00,3424.06,276635.53,58.60,21.20,116,581
14:16:20,203060.00,3440.60,279156.91,59.30,21.10,89,475
14:17:21,198647.05,3454.77,274710.00,60.90,21.00,80,283
14:18:21,214905.25,3454.77,295399.53,60.20,20.90,98,378
14:19:22,277786.56,3763.93,293719.81,58.90,20.70,99,489
14:20:22,324245.97,3630.57,284834.13,59.10,20.60,94,385
14:21:23,255851.78,3497.72,280281.72,59.10,20.30,92,422
14:22:23,356101.41,3732.98,299507.41,60.50,20.20,85,574
14:23:24,282135.03,3570.77,282547.19,61.20,19.90,94,320
14:24:24,299199.84,3701.31,302211.31,61.90,19.80,93,405
14:25:25,353099.75,3949.18,327319.56,61.10,19.70,101,395
14:26:25,364896.28,3848.52,304950.47,59.40,19.60,99,344
14:27:26,366034.22,3833.78,305185.19,58.70,19.50,105,327
14:28:26,333491.88,3804.29,310275.69,58.40,19.40,104,526
14:29:27,278079.91,3660.94,311500.00,59.80,19.30,96,376
14:30:27,366034.22,3899.19,323273.63,61.20,19.30,96,319
14:31:28,335237.88,3769.76,335602.13,61.60,19.20,93,440
14:32:28,365654.91,3779.79,308457.72,59.90,19.10,95,527
14:33:29,323230.59,3689.76,302463.06,59.50,19.00,96,428
14:34:29,313910.28,3738.26,327319.56,60.80,19.00,92,379
14:35:30,318333.13,3773.94,323589.72,62.40,18.90,101,506
14:36:30,304173.78,3660.94,300244.50,63.20,18.90,102,451
14:37:31,277199.91,3613.47,295145.63,62.20,18.80,99,408
14:38:31,259324.92,3556.01,296601.94,63.80,18.80,93,369
14:39:32,262607.50,3655.21,297323.63,63.60,18.80,93,371
14:40:32,266538.38,3676.24,297810.22,63.00,18.80,98,472
14:41:33,274131.47,3615.50,296601.94,63.80,18.80,97,351
14:42:33,259324.92,3541.33,299024.38,62.90,18.80,97,437
14:43:34,294985.78,3753.97,316666.66,65.30,18.80,98,450
14:44:34,203060.00,3526.72,297810.22,65.20,18.80,97,453
14:45:34,214905.25,3512.18,284834.13,65.60,18.80,92,460
14:46:35,227822.20,3550.38,291346.16,66.00,18.80,90,398
14:47:35,236689.61,3556.01,289473.72,67.50,18.80,92,423
14:48:36,239697.64,3585.60,291826.91,66.90,18.90,90,384
14:49:36,216957.42,3544.76,283886.28,68.10,18.90,93,545
14:50:37,236436.73,3550.38,285510.69,68.50,19.00,93,469
14:51:37,196504.86,3469.02,289473.72,67.90,19.00,97,371
14:52:38,259324.92,3630.57,296601.94,67.20,19.00,98,329
14:53:38,168728.83,3370.79,276923.09,66.40,19.10,94,405
14:54:39,233749.95,3556.01,295399.53,67.50,19.10,87,348
14:55:39,159322.63,3351.60,275348.88,65.60,19.20,92,314
14:56:40,184477.08,3426.50,280281.72,68.10,19.30,98,492
14:57:40,172017.27,3440.60,289473.72,66.40,19.30,94,566
14:58:41,162909.11,3435.77,285441.53,66.50,19.40,87,570
14:59:41,172017.27,3398.51,273611.13,66.40,19.40,87,398
15:0:42,186388.91,3426.50,274710.00,68.10,19.50,91,355
15:1:42,190320.77,3483.33,278037.41,67.20,19.60,91,505
15:2:43,175421.08,3384.62,272517.34,67.20,19.60,93,361
15:3:43,192342.88,3483.33,283687.97,65.60,19.70,88,388
15:4:44,147218.08,3357.04,275813.97,66.80,19.70,93,513
15:5:44,133213.84,3302.69,269266.03,67.70,19.80,91,452
15:6:45,124142.81,3316.18,275813.97,68.50,19.80,93,390
15:7:45,136183.14,3346.17,277102.84,68.70,19.90,86,320
15:8:46,129047.02,3275.91,271428.59,69.20,20.00,84,487
15:9:46,120443.00,3302.69,268192.19,69.80,20.00,85,484
15:10:46,118662.46,3289.27,268192.19,70.10,20.00,88,390
15:11:47,115231.68,3275.91,263945.56,70.70,20.10,91,454
15:12:47,108848.82,3262.62,262895.91,70.70,20.20,87,451
15:13:48,100142.06,3291.89,266055.03,70.50,20.20,88,497
15:14:48,95832.45,3262.62,274710.00,71.00,20.30,81,397
15:15:49,87463.41,3233.41,268965.50,71.10,20.40,83,447
15:16:49,88650.24,3291.93,260948.08,71.00,20.40,85,363
15:17:50,91095.48,3223.13,257718.13,72.00,20.50,87,565
15:18:50,108848.82,3316.18,268192.19,70.90,20.50,83,461
15:19:51,141153.31,3374.06,282660.34,71.20,20.60,83,527
15:20:51,143485.33,3370.79,284834.13,67.90,20.70,69,368
15:21:52,111171.57,3236.23,262895.91,68.30,20.70,84,441
15:22:52,122269.19,3223.13,266059.22,67.80,20.80,82,447
15:23:53,113578.28,3223.13,268192.19,66.60,20.90,86,428
15:24:53,119132.04,3259.85,266819.19,66.90,20.90,81,451
15:25:54,111964.26,3236.23,264999.97,68.90,21.00,80,460
15:26:54,99956.51,3207.23,264692.47,69.40,21.00,79,354
15:27:55,132150.73,3289.27,271428.59,68.60,21.10,82,519
15:28:55,118662.46,3236.23,264999.97,67.60,21.20,83,425
15:29:56,105499.98,3259.85,267889.88,68.80,21.20,76,425
15:30:56,103033.32,3171.36,256696.41,67.10,21.30,86,461
15:31:57,139438.89,3313.51,272222.19,66.30,21.40,82,445
15:32:57,106605.70,3197.12,258744.38,63.60,21.50,80,498
15:33:58,143485.33,3249.39,268192.19,65.00,21.50,85,550
15:34:58,148500.03,3289.27,275813.97,62.10,21.60,80,347
15:35:59,122269.19,3197.12,261851.02,62.30,21.50,80,440
15:36:59,131102.09,3236.23,267123.28,64.10,21.60,82,463
15:37:59,148500.03,3249.39,262895.91,63.70,21.60,85,451
15:39:0,134291.70,3236.23,259775.27,62.20,21.70,86,468
15:40:0,138757.19,3236.23,266059.22,61.40,21.70,83,382
15:41:1,118662.46,3223.13,267123.28,62.60,21.80,102,422
15:42:1,106354.27,3212.53,268348.59,64.40,21.80,90,484
15:43:2,107953.47,3251.71,272558.09,65.70,21.80,84,442
15:44:2,103731.83,3210.10,266059.22,66.20,21.90,82,441
15:45:3,93556.70,3214.98,261085.95,66.20,21.90,90,454
15:46:3,132910.39,3251.94,264090.88,65.60,21.90,92,367
15:47:4,130067.62,3275.91,267123.28,59.80,22.00,85,357
15:48:4,113733.30,3222.76,261677.98,61.60,22.00,82,416
15:49:5,147218.08,3302.69,267123.28,63.60,22.00,89,442
15:50:5,129621.67,3273.17,265753.41,59.30,22.00,82,314
15:51:6,131102.09,3249.39,271428.59,60.10,22.00,89,327
15:52:6,124666.62,3233.41,265753.41,61.60,22.00,91,367
15:53:7,138285.77,3259.85,267889.88,61.50,22.00,87,402
15:54:7,107344.80,3171.36,257718.13,62.20,22.00,87,367
15:55:8,99654.04,3184.21,262895.91,65.20,22.10,93,309
15:56:8,108848.82,3223.13,269266.03,65.10,22.10,92,383
15:57:9,126065.84,3223.13,264999.97,65.60,22.00,85,473
15:58:9,141087.00,3275.91,263945.56,64.50,22.10,97,292
15:59:10,172365.25,3388.00,275878.22,63.10,22.10,90,427
16:0:10,169982.94,3359.90,273781.94,61.90,22.10,108,503
16:1:11,138442.91,3305.39,279342.75,61.40,22.10,88,411
16:2:11,130952.43,3230.92,266666.66,63.40,22.10,89,423
16:3:12,149801.56,3343.35,288305.50,63.70,22.10,88,427
16:4:12,132150.73,3302.69,271428.59,63.40,22.10,92,417
16:5:13,123714.24,3233.41,261538.44,64.50,22.00,86,374
16:6:13,153828.16,3343.35,278037.41,64.70,22.10,100,358
16:7:13,157696.03,3332.51,273781.94,62.20,22.00,99,338
16:8:14,122269.19,3223.13,272517.34,61.60,22.00,93,312
16:9:14,149801.56,3357.04,279156.91,65.40,22.10,96,331
16:10:15,130054.37,3225.24,266055.03,65.40,22.10,87,368
16:11:15,139913.70,3223.13,264999.97,65.90,22.20,93,271
16:12:16,158967.78,3286.55,284560.56,61.40,22.20,85,399
16:13:16,158048.03,3357.04,278037.41,63.20,22.30,94,390
16:14:17,245928.52,3722.63,301470.59,64.50,22.30,90,361
16:15:17,227822.20,3477.78,288995.25,54.20,22.30,93,389
16:16:18,178946.44,3289.27,274710.00,55.80,22.30,90,314
16:17:18,207653.05,3384.62,274710.00,59.30,22.40,95,348
16:18:19,145955.25,3210.10,268192.19,59.90,22.40,90,388
16:19:19,198000.00,3382.09,273317.88,61.70,22.60,90,359
16:20:20,225318.66,3497.72,296601.94,59.30,22.60,89,323
16:21:20,205333.33,3370.79,281411.78,56.40,22.70,92,345
16:22:21,188336.47,3316.18,271428.59,57.60,22.60,91,372
16:23:21,160975.64,3289.27,283687.97,58.60,22.70,89,437
16:24:22,199742.58,3385.04,282464.47,59.60,22.60,95,324
16:25:22,180756.78,3316.18,279156.91,58.20,22.60,89,390
16:26:23,168728.83,3249.39,263945.56,60.40,22.60,89,374
16:27:23,182600.02,3289.27,270344.81,59.40,22.60,88,410
16:28:24,180756.78,3329.73,273611.13,58.00,22.70,89,338
16:29:24,168355.95,3225.60,266210.03,55.80,22.70,85,437
16:30:25,177168.16,3275.91,262895.91,56.80,22.70,90,342
16:31:25,177168.16,3316.18,275813.97,55.90,22.80,86,366
16:32:26,190320.77,3302.69,273611.13,58.40,22.80,88,439
16:33:26,164000.02,3249.39,264999.97,57.00,22.80,86,367
16:34:27,210020.61,3398.51,282547.19,57.00,22.80,89,407
16:35:27,193769.23,3327.09,270046.06,55.70,22.80,84,419
16:36:28,131102.09,3197.12,261851.02,55.40,22.80,90,372
16:37:28,228066.64,3707.09,289473.72,59.40,22.90,89,339
16:38:28,194403.84,3343.35,275813.97,53.10,22.90,93,405
16:39:29,152465.16,3223.13,264999.97,55.00,22.90,89,406
16:40:29,154692.95,3246.60,264692.47,58.60,23.00,84,321
16:41:30,159500.03,3236.23,262895.91,60.40,22.90,88,315
16:42:30,178946.44,3302.69,263945.56,56.00,22.90,84,390
16:43:31,126065.84,3210.10,258744.38,57.20,22.90,92,354
16:44:31,136493.00,3197.12,256696.41,59.90,22.80,87,347
16:45:32,111833.30,3166.11,258295.95,58.50,22.90,83,460
16:46:32,196504.86,3370.79,269266.03,58.70,22.90,85,463
16:47:33,228066.64,3556.01,288305.50,55.00,22.90,84,368
16:48:33,176584.09,3259.85,259459.44,56.30,22.80,83,405
16:49:34,186388.91,3275.91,266059.22,54.80,22.80,82,418
16:50:34,165000.02,3246.60,264692.47,55.40,22.80,85,463
16:51:35,136493.00,3184.21,255679.27,56.30,22.80,81,453
16:52:35,154866.17,3251.94,267276.88,58.80,22.80,87,401
16:53:36,180756.78,3329.73,268192.19,58.20,22.80,81,357
16:54:36,175421.08,3316.18,278037.41,56.00,22.80,82,432
16:55:37,165550.02,3262.62,260810.78,56.80,22.80,78,446
16:56:37,170170.97,3244.07,262443.41,56.60,22.80,83,388
16:57:38,211749.98,3354.46,267889.88,55.60,22.80,79,454
16:58:38,249156.56,3512.18,287142.84,53.90,22.80,84,537
16:59:39,170359.00,3210.10,255679.27,51.20,22.80,80,428
17:0:39,182200.02,3291.93,261990.92,54.30,22.80,85,483
17:1:40,212437.48,3289.27,264999.97,55.70,22.80,85,401
17:2:40,196504.86,3275.91,261851.02,54.10,22.80,81,521
17:3:41,141087.00,3158.57,253658.52,53.70,22.80,79,392
17:4:41,196077.67,3415.50,269425.25,58.50,22.90,82,470
17:5:42,207653.05,3316.18,261851.02,55.90,22.90,87,455
17:6:42,156619.08,3236.23,258744.38,54.50,22.90,77,350
17:7:43,188336.47,3289.27,259775.27,57.60,22.90,84,336
17:8:43,180756.78,3236.23,254666.64,54.60,23.00,85,536
17:9:44,194403.84,3329.73,267123.28,55.20,23.00,87,306
17:10:44,205333.33,3289.27,256696.41,56.90,23.00,83,520
17:11:44,224835.14,3359.90,268348.59,53.20,23.00,86,335
17:12:45,167126.08,3158.57,257718.13,52.40,23.00,91,441
17:13:45,203060.00,3262.62,261851.02,55.70,23.00,88,426
17:14:46,198647.05,3262.62,274710.00,54.80,23.00,85,438
17:15:46,212437.48,3329.73,274710.00,52.70,23.00,92,377
17:16:47,184477.08,3262.62,273611.13,53.20,23.00,88,380
17:17:47,159500.03,3236.23,272517.34,53.90,22.90,81,362
17:18:48,164000.02,3236.23,260810.78,56.70,22.90,86,383
17:19:48,178946.44,3289.27,268192.19,55.50,22.90,90,406
17:20:49,173704.38,3184.21,252654.84,54.20,22.90,91,321
17:21:49,245928.52,3440.60,275813.97,52.50,22.90,94,379
17:22:50,230876.38,3398.51,273611.13,50.40,23.00,93,342
17:23:50,252195.06,3594.84,284360.22,52.20,23.00,85,569
17:24:51,211749.98,3340.74,266819.19,50.50,23.00,90,326
17:25:51,196504.86,3262.62,263945.56,49.80,23.00,90,320
17:26:52,236689.61,3469.02,279156.91,51.10,23.00,90,429
17:27:52,219999.98,3316.18,275813.97,49.60,23.00,89,389
17:28:53,224593.38,3368.24,273317.88,49.40,23.00,96,326
17:29:53,219999.98,3357.04,272517.34,51.50,23.00,89,343
17:30:54,259324.92,3497.72,279156.91,50.60,23.00,93,383
17:31:54,230876.38,3357.04,274710.00,50.30,23.00,89,299
17:32:55,177168.16,3223.13,267123.28,51.10,23.00,90,391
17:33:55,178553.59,3251.94,270506.91,55.40,23.00,89,330
17:34:56,157696.03,3238.74,271593.50,54.80,23.00,92,314
17:35:56,153828.16,3223.13,272517.34,57.00,23.00,95,289
17:36:57,245928.52,3440.60,280281.72,56.60,23.00,91,297
17:37:57,228066.64,3412.47,278037.41,50.00,23.00,99,298
17:38:58,259324.92,3426.50,288305.50,52.10,23.00,96,389
17:39:58,236689.61,3469.02,281411.78,49.50,23.00,94,390
17:40:59,225318.66,3357.04,278037.41,49.30,23.00,94,304
17:41:59,249156.56,3440.60,288305.50,50.40,23.10,97,316
17:43:0,236689.61,3412.47,287142.84,51.70,23.10,88,348
17:44:0,239186.02,3443.72,288516.78,52.10,23.10,94,301
17:45:0,278079.91,3660.94,305185.19,51.90,23.10,89,357
17:46:1,242776.42,3426.50,283687.97,49.40,23.10,92,323
17:47:1,207653.05,3316.18,278037.41,51.30,23.10,88,499
17:48:2,209567.00,3359.90,275990.69,52.50,23.10,93,476
17:49:2,205333.33,3302.69,274710.00,51.70,23.20,89,387
17:50:3,227577.75,3387.56,288516.78,51.60,23.30,90,378
17:51:3,188336.47,3223.13,266059.22,50.80,23.30,89,339
17:52:4,252463.36,3440.60,279156.91,51.10,23.40,90,377
17:53:4,222630.41,3343.35,273611.13,49.60,23.40,86,350
17:54:5,255851.78,3412.47,283687.97,50.70,23.40,89,427
17:55:5,222630.41,3316.18,274710.00,49.50,23.40,92,311
17:56:6,219999.98,3440.60,289473.72,50.30,23.40,85,285
17:57:6,219999.98,3384.62,278037.41,50.60,23.40,87,483
17:58:7,259324.92,3469.02,297810.22,50.20,23.40,91,496
17:59:7,217425.52,3329.73,276923.09,50.00,23.30,90,397
18:0:8,227822.20,3379.16,278688.53,50.90,23.30,91,427
18:1:8,186185.20,3244.07,261399.55,50.80,23.20,94,411
18:2:9,290583.22,3556.01,296601.94,52.20,23.20,92,451
18:3:9,233749.95,3384.62,293012.06,49.40,23.10,93,385
18:4:10,247831.27,3498.73,284761.91,50.50,23.00,92,438
18:5:10,222630.41,3398.51,280281.72,51.00,22.90,92,335
18:6:11,219999.98,3370.79,279156.91,52.00,22.90,89,371
18:7:11,212437.48,3426.50,289473.72,52.40,22.80,95,333
18:8:12,205333.33,3302.69,273611.13,53.80,22.70,90,496
18:9:12,219999.98,3357.04,266059.22,53.10,22.70,93,372
18:10:13,210020.61,3357.04,270344.81,52.70,22.60,88,346
18:11:13,274131.47,3512.18,283687.97,53.10,22.60,89,382
18:12:14,230876.38,3497.72,283687.97,52.70,22.50,87,364
18:13:14,242776.42,3526.72,290647.50,53.20,22.40,88,353
18:14:15,233749.95,3440.60,280281.72,53.70,22.30,88,287
18:15:15,200178.22,3368.24,281132.09,54.50,22.30,89,372
18:16:16,210020.61,3384.62,275813.97,55.30,22.20,95,576
18:17:16,249156.56,3512.18,284834.13,55.10,22.20,88,529
18:18:16,235930.98,3452.39,276635.53,54.20,22.10,85,438
18:19:17,228066.64,3440.60,282547.19,54.10,22.10,89,435
18:20:17,244619.00,3527.88,287081.38,54.60,22.10,86,414
18:21:18,245928.52,3343.35,281411.78,54.80,22.00,88,484
18:22:18,205333.33,3384.62,270344.81,54.00,21.90,84,573
18:23:19,206979.58,3410.00,278873.25,54.90,21.90,84,433
18:24:19,205333.33,3384.62,276923.09,55.30,21.90,82,494
18:25:20,225318.66,3426.50,272517.34,55.10,21.90,90,481
18:26:20,192133.34,3351.60,274245.97,54.40,21.80,86,419
18:27:21,212437.48,3370.79,275813.97,55.50,21.80,80,622
18:28:21,193557.69,3349.01,273953.53,55.20,21.80,80,352
18:29:22,242776.42,3512.18,275813.97,54.90,21.80,83,502
18:30:22,205333.33,3412.47,276923.09,54.50,21.80,80,577
18:31:23,217425.52,3440.60,278037.41,54.60,21.80,82,498
18:32:23,222630.41,3440.60,271428.59,54.60,21.80,79,433
18:33:24,214210.52,3396.01,276635.53,55.00,21.80,84,480
18:34:24,186388.91,3343.35,269266.03,55.20,21.80,86,537
18:35:25,219526.86,3472.22,285035.63,55.30,21.90,77,538
18:36:25,192342.88,3357.04,264999.97,55.50,21.90,82,597
18:37:26,192342.88,3357.04,271428.59,56.30,21.90,93,768
18:38:26,230629.17,3463.48,269885.03,55.10,22.00,83,495
18:39:27,230876.38,3440.60,280281.72,53.60,22.00,90,792
18:40:27,214905.25,3426.50,267123.28,53.20,22.10,176,772
18:41:28,214905.25,3440.60,275813.97,53.30,22.10,136,777
18:42:28,225318.66,3497.72,284834.13,54.10,22.10,92,697
18:43:29,249156.56,3615.50,289473.72,52.40,22.10,112,697
18:44:29,225318.66,3469.02,282547.19,53.00,22.10,87,657
18:45:30,239697.64,3440.60,274710.00,53.20,22.10,103,691
18:46:30,239697.64,3512.18,288305.50,53.10,22.10,97,462
18:47:31,225318.66,3412.47,267123.28,52.70,22.10,113,574
18:48:31,222152.16,3429.57,277102.84,53.30,22.10,87,660
18:49:31,200831.69,3370.79,263945.56,53.10,22.10,92,519
18:50:32,207653.05,3454.77,283687.97,54.80,22.10,95,472
18:51:32,222630.41,3426.50,273611.13,55.10,22.10,97,438
18:52:33,228066.64,3469.02,278037.41,54.50,22.10,87,431
18:53:33,227333.31,3410.00,273317.88,55.20,22.00,89,371
18:54:34,207653.05,3440.60,273611.13,53.30,22.00,89,499
18:55:34,214210.52,3452.39,277751.78,53.70,22.00,93,634
18:56:35,207653.05,3440.60,282547.19,54.00,22.00,95,389
18:57:35,222630.41,3398.51,276923.09,53.80,22.00,89,399
18:58:36,245928.52,3483.33,275813.97,53.80,21.90,94,400
18:59:36,274131.47,3600.52,289473.72,53.30,21.90,97,381
19:0:37,266538.38,3541.33,283687.97,52.90,21.90,111,504
19:1:37,233749.95,3412.47,280281.72,53.40,21.90,89,445
19:2:38,245928.52,3497.72,275813.97,53.20,21.80,94,350
19:3:38,259324.92,3541.33,278037.41,53.60,21.80,95,358
19:4:39,262886.00,3645.71,288305.50,51.90,21.80,88,398
19:5:39,259324.92,3512.18,273611.13,52.30,21.80,94,366
19:6:40,266538.38,3645.71,290647.50,52.30,21.70,88,513
19:7:40,249156.56,3615.50,287142.84,52.50,21.70,96,346
19:8:41,249156.56,3469.02,281411.78,52.30,21.60,85,330
19:9:41,277199.91,3643.75,290384.63,52.30,21.60,94,363
19:10:42,255308.56,3574.29,280470.63,53.40,21.50,92,382
19:11:42,233749.95,3483.33,268192.19,53.50,21.50,95,403
19:12:43,255851.78,3585.60,290647.50,54.20,21.50,84,472
19:13:43,268857.06,3632.29,284761.91,53.60,21.40,94,411
19:14:44,245928.52,3512.18,274710.00,54.00,21.40,92,372
19:15:44,245928.52,3512.18,280281.72,53.50,21.40,92,497
19:16:45,242776.42,3483.33,284834.13,54.10,21.40,88,573
19:17:45,262607.50,3550.38,285510.69,53.20,21.40,87,401
19:18:46,266256.31,3594.84,280941.19,52.40,21.40,89,354
19:19:46,217425.52,3440.60,275813.97,52.40,21.40,93,415
19:20:46,265692.22,3613.47,289208.66,53.60,21.30,90,454
19:21:47,233749.95,3483.33,279156.91,52.80,21.40,95,391
19:22:47,248361.39,3553.85,276635.53,53.50,21.30,93,399
19:23:48,262886.00,3541.33,273611.13,53.50,21.30,94,322
19:24:48,252463.36,3512.18,278037.41,52.90,21.30,89,406
19:25:49,262886.00,3556.01,279156.91,52.00,21.30,92,315
19:26:49,299514.16,3600.52,284834.13,52.50,21.30,92,343
19:27:50,266538.38,3483.33,275813.97,51.80,21.30,92,444
19:28:50,270285.63,3738.26,293012.06,52.40,21.20,89,445
19:29:51,282135.03,3526.72,275813.97,51.60,21.20,94,366
19:30:51,262886.00,3630.57,287142.84,52.10,21.20,94,442
19:31:52,262886.00,3556.01,279156.91,52.30,21.20,93,290
19:32:52,255851.78,3526.72,274710.00,52.40,21.10,95,348
19:33:53,200831.69,3440.60,278037.41,52.50,21.10,87,445
19:34:53,245928.52,3541.33,279156.91,54.30,21.10,92,455
19:35:54,249156.56,3526.72,284834.13,53.10,21.10,91,308
19:36:54,233749.95,3469.02,269266.03,52.70,21.10,89,325
19:37:55,227333.31,3481.01,278873.25,53.70,21.10,91,274
19:38:55,248891.50,3492.15,273148.16,52.90,21.00,90,504
19:39:56,259324.92,3585.60,287142.84,52.50,21.00,89,326
19:40:56,269428.47,3628.57,284560.56,52.00,21.00,93,398
19:41:57,277199.91,3628.57,281132.09,51.90,21.00,86,347
19:42:57,278079.91,3676.24,291826.91,52.40,21.00,88,309
19:43:58,293436.50,3662.83,285918.88,52.00,20.90,87,351
19:44:58,324245.97,3707.09,290647.50,52.60,20.90,90,386
19:45:59,259324.92,3497.72,282547.19,52.60,20.90,89,416
19:46:59,274131.47,3570.77,284834.13,52.60,20.90,90,412
19:47:59,259324.92,3483.33,275813.97,52.90,20.80,87,312
19:49:0,289972.09,3758.09,293236.72,52.60,20.80,85,346
19:50:0,266538.38,3585.60,279156.91,52.70,20.80,91,379
19:51:1,212437.48,3469.02,272517.34,53.50,20.80,87,567
19:52:1,203060.00,3497.72,282547.19,53.80,20.80,94,417
19:53:2,211749.98,3736.51,292753.63,54.30,20.80,84,322
19:54:2,252463.36,3556.01,271428.59,53.20,20.80,87,389
19:55:3,228066.64,3483.33,278037.41,53.10,20.80,86,440
19:56:3,255036.97,3598.45,278873.25,54.20,20.80,94,396
19:57:4,225076.89,3506.60,268807.31,53.90,20.70,85,352
19:58:4,236436.73,3579.95,275348.88,54.50,20.70,83,496
19:59:5,220956.50,3502.04,273659.66,54.00,20.70,84,482
20:0:5,221913.02,3495.43,274418.63,54.40,20.70,87,439
20:1:6,236689.61,3541.33,270344.81,54.40,20.60,82,615
20:2:6,233749.95,3512.18,273611.13,53.60,20.60,83,476
20:3:7,236436.73,3550.38,274245.97,54.00,20.60,81,493
20:4:7,200613.86,3492.15,277570.13,54.70,20.60,85,471
20:5:8,236436.73,3609.82,277570.13,55.50,20.60,83,537
20:6:8,212437.48,3469.02,268192.19,54.10,20.50,84,409
20:7:9,259324.92,3585.60,278037.41,54.90,20.50,80,453
20:8:9,214905.25,3440.60,279156.91,54.10,20.50,102,470
20:9:10,290583.22,3801.60,285985.75,54.40,20.50,80,546
20:10:10,233749.95,3541.33,275813.97,53.40,20.50,84,490
20:11:11,228066.64,3541.33,276923.09,54.70,20.40,81,451
20:12:11,214905.25,3526.72,278037.41,55.60,20.40,89,449
20:13:12,228066.64,3645.71,281411.78,54.40,20.50,81,484
20:14:12,214905.25,3440.60,264999.97,54.60,20.40,92,550
20:15:13,242776.42,3541.33,285985.75,55.00,20.40,86,551
20:16:13,242776.42,3600.52,278037.41,54.30,20.40,92,428
20:17:13,255036.97,3598.45,282269.53,53.10,20.40,95,461
20:18:14,233749.95,3585.60,276923.09,53.30,20.40,92,386
20:19:14,236689.61,3526.72,275813.97,53.50,20.40,85,292
20:20:15,245928.52,3600.52,279156.91,53.20,20.40,94,445
20:21:15,228066.64,3526.72,273611.13,53.80,20.40,93,446
20:22:16,230876.38,3556.01,287142.84,54.40,20.30,85,536
20:23:16,245928.52,3660.94,280281.72,54.40,20.30,90,376
20:24:17,318999.81,3817.65,293012.06,53.70,20.30,89,489
20:25:17,286301.25,3645.71,276923.09,52.60,20.20,90,392
20:26:18,233749.95,3483.33,281411.78,52.90,20.20,95,394
20:27:18,290583.22,3707.09,281411.78,53.20,20.20,91,475
20:28:19,278079.91,3691.62,281411.78,53.10,20.20,88,452
20:29:19,249156.56,3600.52,283687.97,52.40,20.20,91,504
20:30:20,255851.78,3570.77,291826.91,52.70,20.20,96,497
20:31:20,259324.92,3600.52,281411.78,53.70,20.20,94,388
20:32:21,249156.56,3570.77,275813.97,53.00,20.20,91,460
20:33:21,219999.98,3497.72,272517.34,53.20,20.20,89,467
20:34:22,262886.00,3600.52,280281.72,52.70,20.20,95,401
20:35:22,222630.41,3497.72,269266.03,52.90,20.20,92,333
20:36:23,274131.47,3645.71,279156.91,52.60,20.20,88,425
20:37:23,239697.64,3570.77,273611.13,53.10,20.20,90,445
20:38:24,262886.00,3630.57,281411.78,52.90,20.20,89,384
20:39:24,277199.91,3689.76,288038.31,52.20,20.20,91,370
20:40:25,233749.95,3541.33,280281.72,52.90,20.20,89,544
20:41:25,214905.25,3512.18,275813.97,54.40,20.20,87,451
20:42:26,236689.61,3570.77,275813.97,53.60,20.20,92,357
20:43:26,194403.84,3426.50,263945.56,53.40,20.20,87,415
20:44:26,214905.25,3556.01,281411.78,54.10,20.20,89,450
20:45:27,233499.97,3550.38,277570.13,53.60,20.20,86,423
20:46:27,214905.25,3585.60,282547.19,52.60,20.10,98,504
20:47:28,196504.86,3526.72,275813.97,53.80,20.10,96,381
20:48:28,245666.61,3640.00,283215.16,53.50,20.10,98,407
20:49:29,230876.38,3541.33,275813.97,52.70,20.10,89,536
20:50:29,219763.42,3579.95,280941.19,53.80,20.10,91,351
20:51:30,238930.19,3643.75,280000.03,54.30,20.10,88,468
20:52:30,227577.75,3574.29,281603.78,52.80,20.10,91,396
20:53:31,230629.17,3565.13,276456.91,52.60,20.10,90,490
20:54:31,230876.38,3615.50,283687.97,53.60,20.10,89,388
20:55:32,188336.47,3526.72,275813.97,53.60,20.10,92,458
20:56:32,207653.05,3469.02,275813.97,53.20,20.10,84,384
20:57:33,188336.47,3440.60,269266.03,52.60,20.10,85,485
20:58:33,188336.47,3469.02,269266.03,53.80,20.20,85,490
20:59:34,168728.83,3426.50,262895.91,53.40,20.20,85,529
21:0:34,178946.44,3512.18,273611.13,54.20,20.20,87,388
21:1:35,177168.16,3469.02,269266.03,53.60,20.10,103,514
21:2:35,158048.03,3483.33,268192.19,53.50,20.10,87,531
21:3:36,158967.78,3481.01,273317.88,54.70,20.10,102,465
21:4:36,144711.16,3412.47,262895.91,55.00,20.20,85,454
21:5:37,160975.64,3483.33,272517.34,54.30,20.10,89,446
21:6:37,131102.09,3343.35,252654.84,54.40,20.10,88,384
21:7:38,150615.42,3438.19,265753.41,54.70,20.10,87,525
21:8:38,130067.62,3343.35,255679.27,55.30,20.10,86,415
21:9:39,128040.05,3398.51,263945.56,54.50,20.10,108,458
21:10:39,144222.27,3410.00,261538.44,54.70,20.20,83,594
21:11:39,171637.95,3501.02,268348.59,54.60,20.20,87,460
21:12:40,161934.45,3466.67,268965.50,54.30,20.10,80,457
21:13:40,155039.41,3449.25,268807.31,54.70,20.10,84,565
21:14:41,167126.08,3454.77,267123.28,54.90,20.10,83,595
21:15:41,210020.61,3585.60,270344.81,53.80,20.10,86,539
21:16:42,159500.03,3426.50,264999.97,52.90,20.10,84,574
21:17:42,163454.56,3438.19,261538.44,53.50,20.10,84,407
21:18:43,178946.44,3497.72,266059.22,53.80,20.10,85,374
21:19:43,141087.00,3384.62,258744.38,53.80,20.10,97,573
21:20:44,180360.38,3530.10,266210.03,54.60,20.10,80,339
21:21:44,156619.08,3412.47,260810.78,52.40,20.10,83,536
21:22:45,162475.44,3454.77,263945.56,54.00,20.10,83,405
21:23:45,150615.42,3438.19,262585.00,54.40,20.10,84,550
21:24:46,134291.70,3398.51,258744.38,54.60,20.10,80,557
21:25:46,133833.38,3382.09,256375.84,54.70,20.10,84,514
21:26:47,143485.33,3454.77,262895.91,55.10,20.10,87,640
21:27:47,135384.66,3398.51,262895.91,55.50,20.10,79,483
21:28:48,175421.08,3469.02,269266.03,55.00,20.00,86,440
21:29:48,158048.03,3426.50,255679.27,54.20,20.00,80,532
21:30:49,185574.09,3548.20,265296.78,54.30,20.00,83,529
21:31:49,182600.02,3497.72,268192.19,54.10,20.00,82,564
21:32:50,163818.20,3435.09,261399.55,53.50,20.00,81,322
21:33:50,159500.03,3454.77,261851.02,54.00,20.00,86,408
21:34:51,138600.05,3365.35,254222.20,54.00,20.00,75,543
21:35:51,149801.56,3426.50,259775.27,54.30,20.00,81,529
21:36:52,159500.03,3454.77,263945.56,54.70,20.00,77,556
21:37:52,139913.70,3426.50,258744.38,53.70,20.00,83,492
21:38:52,122269.19,3398.51,258744.38,54.90,20.00,75,461
21:39:53,128040.05,3384.62,255679.27,55.40,20.00,83,486
21:40:53,148000.05,3481.01,264692.47,54.80,20.00,84,542
21:41:54,140608.73,3424.06,257399.09,54.10,20.00,83,630
21:42:54,129047.02,3370.79,255679.27,54.60,20.00,78,468
21:43:55,153828.16,3497.72,259775.27,54.40,20.00,83,533
21:44:55,137617.06,3440.60,262895.91,54.20,19.90,87,621
21:45:56,138128.61,3432.66,261085.95,55.60,19.90,90,412
21:46:56,134291.70,3440.60,260810.78,55.00,19.90,84,622
21:47:57,126065.84,3426.50,257718.13,55.40,19.90,80,607
21:48:57,115231.68,3384.62,258744.38,55.60,19.80,91,635
21:49:58,111171.57,3384.62,257718.13,56.00,19.80,108,718
21:50:58,107344.80,3370.79,261851.02,55.90,19.80,86,659
21:51:59,102220.98,3379.16,254222.20,56.60,19.80,78,744
21:52:59,100622.94,3396.01,258426.95,56.20,19.80,90,479
21:54:0,101538.45,3421.00,263492.03,57.10,19.80,100,596
21:55:0,104314.59,3379.16,256249.98,57.20,19.70,88,941
21:56:1,106479.98,3406.98,257270.69,55.40,19.70,89,1010
21:57:1,95832.45,3343.35,254666.64,56.60,19.70,79,647
21:58:2,98999.99,3384.62,254666.64,56.90,19.70,97,1111
21:59:2,116925.89,3454.77,263945.56,56.90,19.70,89,800
22:0:3,100983.59,3357.04,249670.31,56.30,19.70,97,670
22:1:3,102342.53,3398.51,257718.13,55.90,19.70,98,536
22:2:4,90200.00,3354.46,251327.42,56.70,19.70,85,469
22:3:4,104438.19,3398.51,252654.84,56.70,19.70,88,536
22:4:5,105749.98,3393.03,259325.83,55.70,19.70,85,631
22:5:5,107965.30,3435.09,263492.03,56.00,19.70,89,590
22:6:5,95832.45,3370.79,258744.38,56.40,19.70,85,622
22:7:6,100315.20,3426.50,259775.27,57.00,19.70,86,693
22:8:6,101296.69,3452.39,262585.00,57.20,19.60,86,445
22:9:7,108848.82,3469.02,268192.19,57.80,19.60,89,608
22:10:7,103033.32,3398.51,257718.13,57.10,19.60,106,1034
22:11:8,94611.40,3426.50,262895.91,57.00,19.60,95,1054
22:12:8,89970.15,3398.51,262895.91,58.00,19.60,84,942
22:13:9,80465.76,3452.39,256375.84,58.30,19.60,88,936
22:14:9,76279.48,3384.62,260810.78,56.80,19.60,107,545
22:15:10,73770.20,3440.60,263945.56,57.00,19.60,91,632
22:16:10,69487.80,3370.79,256696.41,57.00,19.60,92,978
22:17:11,66172.55,3365.35,250220.25,57.40,19.60,87,803
22:18:11,66521.74,3413.03,253452.09,58.30,19.60,251,1058
22:19:12,64229.88,3370.79,253658.52,58.00,19.60,101,768
22:20:12,59840.00,3329.73,244782.61,57.90,19.60,105,903
22:21:13,63900.76,3370.79,254666.64,57.30,19.60,91,805
22:22:13,60439.56,3343.35,250660.78,57.30,19.60,87,756
22:23:14,61977.62,3357.04,248684.22,57.80,19.60,96,569
22:24:14,60742.66,3384.62,259775.27,57.20,19.60,104,806
22:25:15,60804.43,3340.74,252328.14,57.50,19.60,95,721
22:26:15,59249.10,3357.04,248684.22,57.20,19.60,92,1008
22:27:16,60138.69,3316.18,246724.89,57.70,19.60,91,655
22:28:16,66258.83,3398.51,256696.41,57.00,19.60,84,727
22:29:17,66258.83,3329.73,247702.41,56.90,19.60,97,529
22:30:17,77389.39,3457.93,264090.88,56.00,19.60,92,631
22:31:18,76757.70,3376.62,252888.88,56.10,19.60,88,30566
22:32:18,74592.27,3384.62,250660.78,56.30,19.60,91,552
22:33:18,74179.48,3343.35,247702.41,55.50,19.60,91,508
22:34:19,71385.89,3329.73,252654.84,56.30,19.60,89,528
22:35:19,71385.89,3343.35,249670.31,57.10,19.60,88,610
22:36:20,69861.22,3329.73,251655.63,56.80,19.60,88,396
22:37:20,68483.87,3327.09,250331.13,56.90,19.60,91,567
22:38:21,67665.34,3316.18,251655.63,56.20,19.60,94,657
22:39:21,67402.39,3327.09,247368.42,56.30,19.60,87,760
22:40:22,68023.99,3329.73,249670.31,56.20,19.60,87,504
22:41:22,68385.54,3370.79,254666.64,56.10,19.60,102,703
22:42:23,65914.06,3329.73,249670.31,56.90,19.60,86,543
22:43:23,63900.76,3329.73,249670.31,56.50,19.60,94,523
22:44:24,65914.06,3329.73,247702.41,57.50,19.60,88,534
22:45:24,63816.79,3337.93,252212.38,57.10,19.60,89,525
22:46:25,63250.00,3316.18,250660.78,58.40,19.50,84,514
22:47:25,63732.82,3332.51,251769.89,58.20,19.50,85,595
22:48:26,59840.00,3329.73,248684.22,58.60,19.50,84,523
22:49:26,58666.68,3302.69,245751.64,59.00,19.50,107,629
22:50:27,59543.48,3289.27,246724.89,57.90,19.50,82,625
22:51:27,57730.49,3337.93,249230.77,58.60,19.50,86,613
22:52:28,54849.31,3300.00,246389.50,59.30,19.50,79,525
22:53:28,54551.02,3289.27,240948.28,59.70,19.40,83,534
22:54:29,53270.90,3236.23,234394.92,59.40,19.40,79,496
22:55:29,55075.34,3262.62,240000.00,58.70,19.40,83,515
22:56:30,53197.32,3244.07,238626.61,58.70,19.40,82,452
22:57:30,53020.00,3249.39,236247.34,58.80,19.40,81,645
22:58:31,52277.23,3236.23,240000.00,58.10,19.40,84,812
22:59:31,53523.49,3262.62,239055.80,58.50,19.40,85,625
23:0:31,52304.64,3259.85,240604.77,58.60,19.40,86,707
23:1:32,52551.49,3286.55,239655.17,58.50,19.30,100,674
23:2:32,52551.49,3286.55,243478.27,58.70,19.30,81,617
23:3:33,52277.23,3275.91,240000.00,58.60,19.30,95,1055
23:4:33,51573.77,3286.55,244444.45,58.10,19.30,79,817
23:5:34,50600.00,3262.62,240000.00,58.40,19.30,81,686
23:6:34,51166.13,3291.93,241991.34,58.90,19.30,76,568
23:7:35,50600.00,3262.62,237179.50,58.90,19.30,79,566
23:8:35,52770.76,3289.27,240000.00,58.60,19.30,80,679
23:9:36,51309.45,3249.39,237179.50,57.90,19.20,98,571
23:10:36,52032.89,3275.91,237179.50,58.00,19.20,88,523
23:11:37,52032.89,3236.23,237179.50,58.20,19.20,88,669
23:12:37,52523.18,3289.27,241900.66,58.40,19.20,79,584
23:13:38,52523.18,3249.39,239055.80,58.90,19.30,81,644
23:14:38,52032.89,3262.62,240000.00,58.50,19.20,86,634
23:15:39,52770.76,3249.39,239055.80,59.00,19.20,87,702
23:16:39,53020.00,3262.62,239055.80,58.30,19.20,85,468
23:17:40,53523.49,3275.91,241900.66,58.40,19.20,92,697
23:18:40,53270.90,3289.27,241900.66,58.20,19.30,85,716
23:19:41,51790.16,3275.91,241900.66,58.90,19.20,87,631
23:20:41,52523.18,3302.69,242857.14,58.70,19.20,92,624
23:21:42,51071.43,3262.62,241900.66,59.30,19.10,98,600
23:22:42,52770.76,3329.73,245751.64,59.20,19.20,88,677
23:23:43,52770.76,3289.27,242857.14,59.10,19.20,156,577
23:24:43,51309.45,3302.69,240948.28,59.40,19.10,84,464
23:25:44,51189.54,3316.26,246491.23,59.60,19.10,109,660
23:26:44,49675.16,3275.91,240948.28,60.30,19.10,30113,30550
23:27:44,49447.62,3302.69,244782.61,59.90,19.10,138,776
23:28:45,49833.87,3297.31,245315.91,60.60,19.10,88,640
23:29:45,49447.62,3316.18,246724.89,60.60,19.10,91,662
23:30:46,49012.66,3327.09,243478.27,61.30,19.10,90,779
23:31:46,48773.59,3289.27,241900.66,60.80,19.10,86,495
23:32:47,47036.81,3249.39,232558.16,60.80,19.10,94,447
23:33:47,47036.81,3236.23,235319.14,59.90,19.00,90,699
23:34:48,47609.91,3297.31,242424.25,59.70,19.00,94,568
23:35:48,46825.69,3236.23,233474.58,60.60,19.00,96,431
23:36:49,46615.86,3262.62,236247.34,59.80,19.00,88,713
23:37:49,46489.30,3275.79,236909.88,59.80,19.00,183,932
23:38:50,45182.09,3249.39,229831.95,60.00,19.10,97,682
23:39:50,44982.14,3171.36,224481.34,60.30,19.10,87,576
23:40:51,46200.00,3223.13,230736.84,59.60,19.10,89,694
23:41:51,52523.18,3289.27,237179.50,58.60,19.10,86,689
23:42:52,52523.18,3236.23,231645.58,57.30,19.20,89,628
23:43:52,58772.55,3324.44,245076.59,57.30,19.20,109,710
23:44:53,65914.06,3398.51,249670.31,56.50,19.20,89,581
23:45:53,64307.70,3396.01,257399.09,56.30,19.20,95,621
23:46:54,61047.98,3329.73,243817.78,57.70,19.20,89,441
23:47:54,61501.86,3332.51,244880.17,57.40,19.30,90,523
23:48:55,59249.10,3275.91,240948.28,57.50,19.30,92,399
23:49:55,62609.02,3329.73,246724.89,57.00,19.30,89,481
23:50:56,57808.50,3236.23,240000.00,56.30,19.30,90,647
23:51:56,60742.66,3262.62,239055.80,55.90,19.30,93,505
23:52:57,74592.27,3343.35,254666.64,55.80,19.40,90,515
23:53:57,98645.15,3438.19,268965.50,55.10,19.40,95,464
23:54:57,107344.80,3384.62,258744.38,54.30,19.50,87,447
23:55:58,123199.95,3469.02,264999.97,54.00,19.50,103,448
23:56:58,129621.67,3452.39,267889.88,54.00,19.50,89,541
23:57:59,125098.09,3426.50,263945.56,54.20,19.50,88,570
23:58:59,121210.15,3406.98,262443.41,53.80,19.50,89,457
