Hora,O3,NO2,CO,Humedad,Temperatura,P25,P10
0:0:35,56418.11,2903.40,210020.03,21.20,33.50,104,524
0:1:35,58956.84,2997.69,220987.63,21.40,33.50,100,541
0:2:36,60117.22,3137.62,228151.28,20.70,33.50,99,384
0:3:36,60742.66,3108.02,224481.34,20.30,33.50,107,632
0:4:37,58851.98,2924.94,215510.19,20.40,33.50,103,571
0:5:37,59840.00,3046.15,220123.17,21.30,33.50,108,371
0:6:38,60500.01,3055.27,223236.53,20.40,33.50,105,637
0:7:38,60439.56,3095.53,224481.34,20.40,33.60,102,444
0:8:39,61665.43,3083.10,229831.95,20.20,33.60,101,486
0:9:39,62609.02,3145.84,231645.58,20.10,33.60,105,383
0:10:40,59840.00,3009.72,219262.27,20.10,33.60,107,514
0:11:40,59840.00,3120.57,225363.83,20.60,33.50,103,347
0:12:41,58666.68,2857.53,210843.36,20.10,33.60,104,620
0:13:41,60138.69,3009.72,226250.00,21.20,33.60,105,581
0:14:42,60742.66,3083.10,228033.48,20.60,33.60,101,424
0:15:42,61047.98,3046.15,226250.00,20.40,33.60,106,453
0:16:43,60439.56,3083.10,226250.00,20.40,33.50,103,439
0:17:43,61355.56,3145.84,235319.14,20.10,33.50,100,519
0:18:44,60439.56,3120.57,230736.84,19.90,33.60,98,631
0:19:44,62292.14,3197.12,238115.63,20.10,33.60,103,621
0:20:45,63574.15,3171.36,237179.50,19.80,33.50,99,378
0:21:45,62928.30,3171.36,237179.50,20.10,33.50,100,563
0:22:46,62928.30,3145.84,232558.16,20.00,33.60,105,467
0:23:46,62928.30,3145.84,233474.58,20.20,33.50,97,518
0:24:47,63574.15,3249.39,240948.28,20.30,33.50,94,439
0:25:47,63977.01,3233.41,240604.77,20.10,33.50,100,441
0:26:48,62845.28,3191.85,238626.61,20.10,33.50,100,471
0:27:48,62928.30,3223.13,243817.78,20.20,33.50,103,660
0:28:49,63250.00,3223.13,238115.63,20.20,33.50,104,490
0:29:49,64561.54,3210.10,241900.66,20.30,33.50,98,387
0:30:50,64895.75,3236.23,248684.22,20.40,33.50,95,592
0:31:50,63250.00,3236.23,243817.78,20.30,33.50,99,581
0:32:51,64806.20,3222.76,243572.98,20.30,33.50,99,493
0:33:51,63250.00,3070.73,232558.16,20.50,33.50,90,407
0:34:52,64895.75,3223.13,247702.41,21.10,33.40,105,433
0:35:52,63816.79,3102.83,239569.89,20.50,33.40,111,480
0:36:53,64223.08,3214.98,241125.55,20.90,33.40,103,479
0:37:53,63892.72,3150.36,240172.80,20.60,33.40,90,358
0:38:54,61895.53,3140.62,234893.61,20.80,33.40,96,407
0:39:54,62679.25,3142.86,236830.83,20.80,33.40,96,562
0:40:55,62292.14,3184.21,240948.28,20.90,33.30,97,505
0:41:55,61665.43,3070.73,234394.92,20.80,33.30,94,489
0:42:56,63250.00,3197.12,243817.78,21.20,33.30,95,558
0:43:56,63574.15,3184.21,242857.14,20.80,33.30,99,561
0:44:57,62292.14,3158.57,240948.28,20.90,33.20,93,719
0:45:57,64223.08,3228.09,244978.16,21.00,33.20,97,726
0:46:58,63969.23,3251.71,242701.53,20.90,33.20,95,635
0:47:58,62845.28,3204.81,240517.25,21.00,33.20,93,358
0:48:59,62762.27,3186.57,242950.11,21.00,33.20,101,558
0:49:59,63977.01,3207.23,245414.84,21.20,33.10,96,571
0:51:0,64976.75,3233.41,244444.45,21.30,33.20,99,679
0:52:0,63900.76,3223.13,242857.14,21.30,33.10,105,451
0:53:1,64392.31,3186.57,240086.22,21.40,33.00,162,725
0:54:1,63250.00,3171.36,241900.66,21.70,33.00,104,480
0:55:2,61895.53,3102.83,236752.14,21.60,33.00,100,478
0:56:2,63239.55,3176.02,240172.80,21.90,33.00,122,574
0:57:3,63564.89,3188.94,240172.80,21.70,33.00,105,475
0:58:3,61047.98,3083.10,236247.34,21.70,33.00,114,513
0:59:4,62679.25,3181.29,239655.17,22.00,33.00,112,602
1:0:4,61977.62,3158.57,239055.80,21.80,33.00,108,446
1:1:5,63166.67,3217.83,241468.69,21.80,33.00,126,426
1:2:5,62292.14,3197.12,241900.66,21.70,33.00,112,708
1:3:6,63250.00,3184.21,240948.28,21.40,32.90,104,494
1:4:6,61977.62,3058.41,234394.92,21.90,33.00,112,583
1:5:7,61977.62,3145.84,240948.28,22.40,33.00,110,402
1:6:7,63166.67,3077.93,240517.25,22.10,33.00,110,580
1:7:8,62609.02,3158.57,245751.64,22.10,32.90,104,525
1:8:8,64471.04,3222.76,244541.48,22.30,33.00,105,718
1:9:9,62292.14,3197.12,243817.78,21.90,32.90,103,440
1:10:9,62928.30,3158.57,241900.66,21.90,32.90,117,548
1:11:10,61977.62,3158.57,247702.41,22.10,32.90,102,387
1:12:10,61895.53,3166.11,239569.89,22.10,32.90,101,727
1:13:11,61047.98,3145.84,238115.63,22.10,32.80,100,354
1:14:11,60138.69,2973.79,228033.48,22.20,32.80,107,296
1:15:12,61731.35,3142.86,240604.77,22.90,32.80,107,568
1:16:12,61355.56,3120.57,237179.50,22.40,32.80,110,388
1:17:13,61813.44,3186.57,241036.73,22.50,32.80,107,340
1:18:13,61665.43,3171.36,240948.28,22.20,32.80,109,870
1:19:14,61977.62,3120.57,238115.63,22.20,32.70,106,434
1:20:14,63574.15,3223.13,244782.61,22.40,32.70,104,380
1:21:15,61665.43,3171.36,243817.78,22.20,32.80,105,498
1:22:15,61977.62,3070.73,239055.80,22.30,32.80,103,552
1:23:16,63000.00,3220.29,249339.20,22.60,32.80,107,581
1:24:16,63250.00,3236.23,247702.41,22.40,32.80,106,295
1:25:17,63166.67,3204.81,249230.77,22.30,32.80,101,356
1:26:17,61977.62,3197.12,247702.41,22.40,32.70,99,383
1:27:18,61665.43,3184.21,243817.78,22.30,32.70,104,340
1:28:18,62292.14,3171.36,245751.64,22.40,32.60,110,444
1:29:19,63155.90,3222.76,247472.52,22.50,32.60,104,431
1:30:19,61047.98,3095.53,241900.66,22.60,32.60,101,497
1:31:20,62609.02,3184.21,245751.64,23.00,32.60,100,346
1:32:20,60439.56,3145.84,236247.34,22.80,32.60,101,663
1:33:21,61355.56,3145.84,240948.28,22.80,32.60,109,510
1:34:21,60138.69,3108.02,240948.28,22.80,32.60,109,464
1:35:22,60966.80,3140.62,240517.25,22.90,32.60,110,619
1:36:22,59249.10,3058.41,237179.50,22.90,32.60,104,400
1:37:23,59249.10,3095.53,236247.34,23.10,32.60,104,483
1:38:23,59543.48,3083.10,237179.50,22.90,32.50,99,620
1:39:24,59543.48,3095.53,235319.14,22.90,32.60,99,462
1:40:24,58666.68,3133.18,237179.50,23.00,32.50,106,404
1:41:25,57526.50,3095.53,229831.95,23.00,32.50,101,430
1:42:25,59169.68,3090.35,235820.91,23.10,32.50,100,541
1:43:26,58666.68,3095.53,228930.83,23.20,32.40,106,555
1:44:26,58378.58,3083.10,233474.58,23.20,32.40,103,527
1:45:27,59543.48,3070.73,234394.92,23.20,32.40,105,680
1:46:27,58956.84,3083.10,231645.58,23.40,32.40,103,472
1:47:28,57526.50,3083.10,230736.84,23.20,32.40,108,412
1:48:28,58378.58,3070.73,233474.58,23.40,32.40,103,496
1:49:29,58092.54,3070.73,226250.00,23.30,32.40,110,461
1:50:29,58378.58,3070.73,228930.83,23.40,32.40,112,30620
1:51:30,57526.50,3033.95,227139.89,23.40,32.40,101,448
1:52:30,58956.84,3058.41,229831.95,23.40,32.40,105,538
1:53:31,58378.58,2985.71,227139.89,23.60,32.40,101,449
1:54:31,59440.00,3082.08,229535.88,23.80,32.40,95,576
1:55:32,57808.50,3058.41,230736.84,23.80,32.40,95,617
1:56:32,58719.43,3080.00,234042.55,23.60,32.30,92,513
1:57:33,58719.43,3092.45,232203.39,23.60,32.30,95,633
1:58:33,58092.54,3083.10,231645.58,23.60,32.30,92,325
1:59:34,58014.23,3077.93,233970.30,23.70,32.30,95,542
2:0:34,57808.50,3095.53,234394.92,23.60,32.20,95,317
2:1:35,58378.58,3120.57,232558.16,23.50,32.20,93,328
2:2:35,58092.54,3133.18,237179.50,23.50,32.20,99,482
2:3:36,59543.48,3158.57,239055.80,23.60,32.20,96,406
2:4:36,60885.62,3186.57,245851.53,23.50,32.10,73,525
2:5:37,59840.00,3171.36,240948.28,23.40,32.10,100,421
2:6:37,59840.00,3171.36,242857.14,23.50,32.10,104,412
2:7:38,59840.00,3184.21,240948.28,23.50,32.00,107,403
2:8:38,59840.00,3158.57,240000.00,23.50,32.00,102,455
2:9:39,60058.40,3153.33,239569.89,23.70,32.00,106,487
2:10:39,60036.63,3170.74,237849.47,23.90,32.00,104,469
2:11:40,58378.58,3120.57,234394.92,23.90,32.00,104,340
2:12:40,59600.00,3130.17,235897.44,23.80,32.00,107,502
2:13:41,58666.68,3133.18,234394.92,23.80,32.00,109,397
2:14:41,60138.69,3145.84,236247.34,23.70,32.00,110,344
2:15:42,60500.01,3155.61,238709.69,23.70,32.00,110,399
2:16:42,58956.84,3108.02,236247.34,23.70,32.00,108,655
2:17:43,60785.19,3160.19,239826.84,23.90,32.00,103,438
2:18:43,59840.00,3158.57,239055.80,24.10,32.00,111,512
2:19:44,58666.68,3108.02,237179.50,24.10,32.00,104,406
2:20:44,58956.84,3120.57,231645.58,24.10,32.00,127,425
2:21:45,58587.82,3102.83,233970.30,23.90,31.90,100,338
2:22:45,59384.07,3135.39,233545.66,24.00,31.90,106,414
2:23:46,58666.68,3108.02,236247.34,24.10,31.90,111,520
2:24:46,58666.68,3070.73,228930.83,24.10,31.90,100,515
2:25:47,58508.97,3072.77,231712.50,24.00,31.80,104,415
2:26:47,58666.68,3070.73,228930.83,23.90,31.80,102,328
2:27:48,60338.24,3119.72,235042.75,24.00,31.80,103,350
2:28:48,58666.68,3120.57,231645.58,24.10,31.80,101,521
2:29:49,58587.82,3077.93,230315.80,24.20,31.80,106,308
2:30:49,57808.50,3058.41,224481.34,24.20,31.80,97,503
2:31:50,57246.47,3033.95,225363.83,24.30,31.80,105,614
2:32:50,58092.54,3046.15,228930.83,24.20,31.80,104,386
2:33:51,59249.10,3095.53,229831.95,24.10,31.80,98,482
2:34:51,60176.48,3134.61,235117.78,24.00,31.80,111,377
2:35:52,60742.66,3108.02,232558.16,24.10,31.80,111,434
2:36:52,59543.48,3095.53,233474.58,24.10,31.70,107,448
2:37:53,59840.00,3095.53,232558.16,24.10,31.70,109,544
2:38:53,59840.00,3095.53,239055.80,24.00,31.70,103,409
2:39:54,59840.00,3133.18,237179.50,24.00,31.70,104,386
2:40:54,59543.48,3095.53,239055.80,24.20,31.70,108,452
2:41:55,60439.56,3095.53,238115.63,24.20,31.70,103,600
2:42:55,60138.69,3133.18,239055.80,24.20,31.70,104,455
2:43:56,60742.66,3108.02,240000.00,24.10,31.70,104,425
2:44:56,59384.07,3110.17,234468.08,24.00,31.70,115,500
2:45:57,60742.66,3108.02,240948.28,24.00,31.60,103,425
2:46:57,61047.98,3145.84,243817.78,24.00,31.60,105,441
2:47:58,59249.10,3083.10,234394.92,24.00,31.50,105,617
2:48:58,59543.48,3108.02,232558.16,24.10,31.60,103,613
2:49:59,58956.84,3083.10,233474.58,24.10,31.60,106,486
2:50:59,60742.66,3133.18,235319.14,24.20,31.60,102,397
2:52:0,60036.63,3132.38,236909.88,24.30,31.50,101,450
2:53:0,59600.00,3117.54,234042.55,24.20,31.50,102,474
2:54:1,59543.48,3108.02,237179.50,24.20,31.50,98,333
2:55:1,59249.10,3095.53,236247.34,24.20,31.50,102,572
2:56:2,58300.01,3041.03,230315.80,24.30,31.50,106,503
2:57:2,60358.98,3115.37,239569.89,24.50,31.50,127,655
2:58:3,60661.77,3115.37,243383.94,24.30,31.40,104,564
2:59:3,59840.00,3133.18,239055.80,24.30,31.40,104,597
3:0:4,60358.98,3127.96,242424.25,24.10,31.50,103,520
3:1:4,60138.69,3095.53,238115.63,24.10,31.40,101,380
3:2:5,59840.00,3095.53,240948.28,24.30,31.40,103,274
3:3:5,60742.66,3145.84,243817.78,24.10,31.40,101,596
3:4:6,59840.00,3058.41,236247.34,24.00,31.40,108,422
3:5:6,61047.98,3033.95,242857.14,23.80,31.40,100,434
3:6:7,63900.76,3249.39,257718.13,23.60,31.40,100,475
3:7:7,65914.06,3197.12,246724.89,23.60,31.40,106,514
3:8:8,64895.75,3210.10,248684.22,23.60,31.30,101,566
3:9:8,65914.06,3223.13,248684.22,23.80,31.20,102,505
3:10:9,68023.99,3262.62,252654.84,23.70,31.20,101,508
3:11:9,68850.20,3246.60,251327.42,23.60,31.20,103,469
3:12:10,69117.41,3210.10,249670.31,23.50,31.20,100,516
3:13:10,74592.27,3302.69,260810.78,23.50,31.10,104,385
3:14:11,75756.52,3297.31,255233.83,23.50,31.10,101,417
3:15:11,76951.55,3305.39,257847.52,23.60,31.00,111,450
3:16:12,76183.41,3297.31,262443.41,23.40,30.90,100,463
3:17:12,76279.48,3289.27,255679.27,23.50,30.90,98,377
3:18:13,77584.08,3223.13,251655.63,23.60,30.80,96,405
3:19:13,77733.34,3300.00,255357.13,23.50,30.70,96,309
3:20:14,77048.47,3324.32,258295.95,23.70,30.70,98,443
3:21:14,76710.54,3275.91,256696.41,23.70,30.70,94,396
3:22:15,76421.05,3313.51,258426.95,23.80,30.70,95,346
3:23:15,84663.51,3370.79,261851.02,23.80,30.80,93,495
3:24:16,84350.71,3300.00,262585.00,23.80,30.70,94,371
3:25:16,81238.54,3275.91,259775.27,23.90,30.70,89,471
3:26:17,87892.16,3335.31,261085.95,23.80,30.70,98,551
3:27:17,83661.98,3289.27,258744.38,23.80,30.70,98,497
3:28:18,80767.13,3316.18,257718.13,23.90,30.70,103,280
3:29:18,78026.68,3210.10,256696.41,23.80,30.70,102,428
3:30:19,80300.01,3289.27,257718.13,23.70,30.70,97,490
3:31:19,80300.01,3289.27,260810.78,23.80,30.70,103,438
3:32:20,78026.68,3316.18,259775.27,23.80,30.70,97,446
3:33:20,78923.78,3302.69,260810.78,23.80,30.80,97,357
3:34:21,78026.68,3302.69,256696.41,23.80,30.70,97,472
3:35:21,78923.78,3302.69,258744.38,23.80,30.70,96,403
3:36:22,84752.39,3349.01,263181.78,23.60,30.70,101,360
3:37:22,90653.27,3404.50,266361.53,23.50,30.80,102,350
3:38:23,98881.71,3393.03,269885.03,23.50,30.80,99,336
3:39:23,98999.99,3384.62,261851.02,23.40,30.80,102,342
3:40:24,97361.69,3368.24,268965.50,23.50,30.70,92,247
3:41:24,104314.59,3435.09,274245.97,23.50,30.70,101,297
3:42:25,120164.52,3486.58,275990.69,23.40,30.70,100,314
3:43:25,125098.09,3440.60,274710.00,23.30,30.70,100,323
3:44:26,119408.77,3351.60,264545.44,23.20,30.70,100,286
3:45:26,126609.23,3452.39,272222.19,23.30,30.70,112,360
3:46:27,131102.09,3469.02,269266.03,23.30,30.70,111,295
3:47:27,124666.62,3246.60,270046.06,23.30,30.70,112,288
3:48:28,131548.00,3446.85,273953.53,23.20,30.70,112,543
3:49:28,132150.73,3454.77,272517.34,23.30,30.70,114,362
3:50:29,134291.70,3483.33,271428.59,23.30,30.70,105,315
3:51:29,141087.00,3440.60,278037.41,23.30,30.70,110,240
3:52:30,134291.70,3384.62,267123.28,23.30,30.60,114,217
3:53:30,127046.41,3236.23,262895.91,23.30,30.60,115,281
3:54:31,131102.09,3454.77,275813.97,23.20,30.60,110,333
3:55:31,147218.08,3526.72,279156.91,23.40,30.60,110,396
3:56:32,144711.16,3556.01,282547.19,23.40,30.50,109,311
3:57:32,153828.16,3556.01,279156.91,23.40,30.50,107,328
3:58:33,162475.44,3570.77,288305.50,23.50,30.40,113,408
3:59:33,177168.16,3645.71,290647.50,23.60,30.50,99,280
4:0:34,184477.08,3600.52,289473.72,23.50,30.40,106,328
4:1:34,186388.91,3600.52,285985.75,23.40,30.40,103,498
4:2:35,178946.44,3512.18,276923.09,23.40,30.40,103,259
4:3:35,188336.47,3600.52,282547.19,23.30,30.40,105,306
4:4:36,214905.25,3707.09,290647.50,23.30,30.40,108,311
4:5:36,239441.83,3732.45,285510.69,23.20,30.40,107,284
4:6:37,259324.92,3676.24,283687.97,23.10,30.30,104,348
4:7:37,262886.00,3833.78,307692.31,23.20,30.30,102,392
4:8:37,262886.00,3722.63,296601.94,23.30,30.30,110,369
4:9:38,255851.78,3645.71,288305.50,23.50,30.20,108,307
4:10:38,213747.36,3557.33,289423.06,23.60,30.20,106,293
4:11:39,184477.08,3289.27,293012.06,23.90,30.20,104,269
4:12:39,217425.52,3660.94,293012.06,23.40,30.30,128,501
4:13:40,205333.33,3615.50,294202.91,23.50,30.20,105,336
4:14:40,239697.64,3753.97,289473.72,23.50,30.30,103,519
4:15:41,214905.25,3676.24,289473.72,23.50,30.20,115,466
4:16:41,248891.50,3716.84,292530.13,23.60,30.20,105,284
4:17:42,198215.67,3530.10,286190.47,23.70,30.20,109,483
4:18:42,207653.05,3585.60,283687.97,23.70,30.20,101,385
4:19:43,182400.02,3492.15,283215.16,23.70,30.20,107,339
4:20:43,180756.78,3556.01,282547.19,23.70,30.20,105,388
4:21:44,175421.08,3454.77,280281.72,23.80,30.20,103,354
4:22:44,182600.02,3541.33,279156.91,23.80,30.30,98,541
4:23:45,180756.78,3497.72,273611.13,24.00,30.20,101,355
4:24:45,184477.08,3556.01,279156.91,24.00,30.20,100,390
4:25:46,177168.16,3483.33,278037.41,24.20,30.10,100,528
4:26:46,158048.03,3223.13,261851.02,24.30,30.10,103,517
4:27:47,165550.02,3483.33,281411.78,24.10,30.10,103,675
4:28:47,167126.08,3370.79,254666.64,24.40,30.10,101,442
4:29:48,156619.08,3426.50,270344.81,24.30,30.00,109,644
4:30:48,170359.00,3497.72,273611.13,24.30,30.00,102,709
4:31:49,176973.47,3535.71,277570.13,24.40,30.00,102,338
4:32:49,156619.08,3262.62,255679.27,24.20,29.90,101,360
4:33:50,179963.98,3533.50,285238.09,23.90,29.90,99,316
4:34:50,187719.64,3495.43,259459.44,24.30,30.00,104,526
4:35:51,194403.84,3630.57,281411.78,24.00,29.90,101,287
4:36:51,177168.16,3426.50,271428.59,24.00,29.90,97,342
4:37:52,194403.84,3526.72,275813.97,24.40,29.90,104,385
4:38:52,184073.41,3530.10,283886.28,24.30,30.00,100,340
4:39:53,168728.83,3384.62,272517.34,24.30,30.00,101,394
4:40:53,162475.44,3483.33,279156.91,24.00,30.10,100,378
4:41:54,177168.16,3556.01,281411.78,24.20,30.10,97,321
4:42:54,188336.47,3660.94,287142.84,24.00,30.10,98,308
4:43:55,194403.84,3600.52,280281.72,24.00,30.10,94,663
4:44:55,204666.66,3583.50,280000.03,23.90,30.10,111,423
4:45:56,195864.09,3539.13,290384.63,23.90,30.10,95,334
4:46:56,222630.41,3785.64,291826.91,23.70,30.20,97,359
4:47:57,212437.48,3526.72,284834.13,23.70,30.10,97,365
4:48:57,207653.05,3600.52,284834.13,23.70,30.10,92,474
4:49:58,228066.64,3769.76,288305.50,23.80,30.10,112,314
4:50:58,217191.47,3655.21,284360.22,23.80,30.10,102,381
4:51:59,251658.48,3736.51,291566.28,23.80,30.10,94,472
4:52:59,236689.61,3660.94,287142.84,23.80,30.10,101,413
4:54:0,214905.25,3426.50,267123.28,23.80,30.10,107,334
4:55:0,255036.97,3848.52,293946.75,23.70,30.10,101,242
4:56:1,255851.78,3676.24,287142.84,23.80,30.10,104,466
4:57:1,239697.64,3722.63,285985.75,23.90,30.10,106,278
4:58:2,239441.83,3624.87,282075.50,23.90,30.00,107,527
4:59:2,259324.92,3722.63,281411.78,23.90,30.10,107,389
5:0:3,334190.28,3881.30,293946.75,23.90,30.10,104,312
5:1:3,281837.72,3811.76,299755.50,24.00,30.00,108,370
5:2:4,318999.81,3882.70,294202.91,24.00,30.00,106,318
5:3:4,308970.44,3817.65,294202.91,23.80,29.90,111,376
5:4:5,290583.22,3469.02,275813.97,23.90,29.90,106,472
5:5:5,294985.78,3785.64,283687.97,23.80,29.90,120,510
5:6:6,285999.88,3521.12,279812.22,24.00,29.90,107,283
5:7:6,270285.63,3512.18,283687.97,23.90,29.80,109,233
5:8:7,323907.50,3795.73,287828.19,23.90,29.80,99,175
5:9:7,351633.09,3762.23,276168.25,24.00,29.80,103,375
5:10:8,307999.84,3674.35,283412.34,24.00,29.70,103,466
5:11:8,318999.81,3932.43,290647.50,24.10,29.80,97,227
5:12:9,335237.88,3899.19,296601.94,24.20,29.70,99,334
5:13:9,304173.78,3722.63,295399.53,24.30,29.80,98,399
5:14:10,393555.19,3897.83,291566.28,24.30,29.70,94,295
5:15:10,379892.53,3899.19,291826.91,24.40,29.70,100,395
5:16:11,298885.56,3148.10,254788.39,24.40,29.70,122,416
5:17:11,286301.25,3497.72,270344.81,23.80,29.80,111,393
5:18:12,294985.78,3753.97,281411.78,24.20,29.80,108,386
5:19:12,359084.47,3860.38,292530.13,24.30,29.80,109,315
5:20:13,335237.88,3785.64,301470.59,24.30,29.80,106,262
5:21:13,334888.69,3779.79,294915.28,24.40,29.70,104,422
5:22:14,294985.78,3738.26,295399.53,24.50,29.70,107,514
5:23:14,328968.56,3773.94,295631.06,24.60,29.80,108,417
5:24:15,335237.88,3769.76,300244.50,24.60,29.90,106,349
5:25:15,366034.22,3512.18,272517.34,24.50,29.80,99,278
5:26:16,359084.47,3860.38,307196.03,24.10,29.90,97,412
5:27:16,366034.22,3660.94,290647.50,24.30,29.90,105,450
5:28:17,324245.97,3600.52,291826.91,24.20,29.90,107,271
5:29:17,372841.81,3817.65,296601.94,24.30,29.80,104,448
5:30:18,352733.09,3594.84,298536.56,24.40,29.90,103,466
5:31:18,379892.53,3915.76,302702.69,24.30,29.80,102,251
5:32:19,346950.59,3738.26,300244.50,24.40,29.80,105,409
5:33:19,335237.88,3738.26,288305.50,24.40,29.80,108,301
5:34:20,371683.91,3832.26,298777.50,24.50,29.80,109,358
5:35:20,318999.81,3707.09,290647.50,24.40,29.80,110,345
5:36:21,365275.59,3937.16,304197.53,24.40,29.80,106,252
5:37:21,379892.53,3817.65,294202.91,24.50,29.80,103,419
5:38:22,350533.09,3824.80,301728.41,24.50,29.80,110,543
5:39:22,304173.78,3676.24,289473.72,24.60,29.80,106,508
5:40:23,290583.22,3615.50,287142.84,24.50,29.80,102,509
5:41:23,262886.00,3541.33,294202.91,24.70,29.90,100,351
5:42:24,255036.97,3628.57,282269.53,24.80,30.00,103,444
5:43:24,270285.63,3585.60,285985.75,24.50,30.00,105,413
5:44:25,272973.59,3577.83,280660.41,24.50,30.00,102,289
5:45:25,318999.81,3899.19,294202.91,24.40,30.00,107,619
5:46:26,294985.78,3738.26,289473.72,24.50,30.00,104,527
5:47:26,340999.78,3707.09,306435.63,24.30,29.90,117,568
5:48:27,313910.28,3753.97,302702.69,24.20,29.90,106,434
5:49:27,294985.78,3738.26,295399.53,24.20,29.80,104,613
5:50:28,262886.00,3645.71,288305.50,24.40,29.80,110,514
5:51:28,323230.59,3509.92,282269.53,24.50,29.80,97,661
5:52:29,298571.28,3524.49,267889.88,24.50,29.70,102,479
5:53:29,302898.41,3699.47,300737.09,24.70,29.70,109,493
5:54:30,313910.28,3769.76,296601.94,24.90,29.60,106,664
5:55:30,262886.00,3370.79,287142.84,24.80,29.60,102,431
5:56:31,353099.75,3850.00,299024.38,24.70,29.60,119,604
5:57:31,318666.47,3827.88,305940.59,25.00,29.50,96,448
5:58:32,329656.06,3722.63,294202.91,25.10,29.50,95,497
5:59:32,378321.13,3992.82,305707.19,25.00,29.50,103,572
6:0:33,446875.44,4139.72,306435.63,25.00,29.50,95,550
6:1:33,386399.66,3726.65,280470.63,25.00,29.40,102,645
6:2:34,419294.53,3966.03,300244.50,24.90,29.40,106,449
6:3:34,454510.09,3986.74,306467.66,25.00,29.40,103,304
6:4:35,446875.44,3691.62,273611.13,24.90,29.40,101,847
6:5:35,419294.53,3753.97,308955.22,24.60,29.50,134,864
6:6:36,410807.31,3866.31,317974.66,24.70,29.60,103,762
6:7:36,489500.47,3866.31,289473.72,24.60,29.60,130,1828
6:8:37,526927.38,4121.91,301470.59,24.70,29.50,97,1120
6:9:37,540650.56,3785.64,311500.00,24.70,29.50,120,1212
6:10:38,501395.84,4193.75,314070.34,24.70,29.50,97,850
6:11:38,601333.94,4211.43,310000.00,24.70,29.50,92,959
6:12:39,538450.56,4062.01,313350.13,24.70,29.50,114,1458
6:13:39,467261.34,4139.72,319289.34,24.60,29.50,118,1184
6:14:39,539000.56,4068.16,303703.72,24.40,29.40,91,1158
6:15:40,467261.34,3707.09,293012.06,24.20,29.30,105,1225
6:16:40,456851.53,4104.20,294202.91,24.00,29.30,101,746
6:17:41,489500.47,3982.97,310224.41,23.90,29.20,104,1396
6:18:41,466304.81,3501.02,292048.22,24.00,29.20,118,1044
6:19:42,489500.47,4000.00,302702.69,23.70,29.20,114,931
6:20:42,446875.44,3398.51,276923.09,23.50,29.10,165,1045
6:21:43,513333.84,4205.70,317468.31,23.40,29.10,96,1176
6:22:43,419294.53,3982.97,305185.19,23.40,29.10,104,888
6:23:44,446875.44,3676.24,281411.78,23.40,29.00,113,835
6:24:44,467261.34,4086.59,319289.34,23.10,29.00,124,1060
6:25:45,552256.94,4038.44,315443.00,23.00,29.00,132,864
6:26:45,586270.88,4086.59,316666.66,22.50,28.90,150,30816
6:27:46,456851.53,4139.72,307692.31,22.40,28.80,112,1037
6:28:46,489000.47,3909.78,297323.63,22.40,28.80,112,744
6:29:47,499349.34,4027.22,292270.53,22.20,28.70,120,869
6:30:47,499349.34,3875.34,319897.94,22.20,28.70,104,518
6:31:48,489000.47,3926.43,316161.59,22.20,28.70,109,653
6:32:48,456851.53,4086.59,319289.34,22.00,28.70,108,761
6:33:49,537350.56,4192.57,307231.91,21.80,28.70,112,903
6:34:49,436408.59,3664.75,272685.22,21.60,28.60,128,690
6:35:50,353099.75,3966.03,295399.53,21.80,28.70,112,910
6:36:50,428120.44,4139.72,302702.69,21.50,28.70,107,693
6:37:51,476178.28,4150.71,313350.13,21.40,28.60,158,930
6:38:51,446875.44,4230.29,314070.34,21.10,28.70,163,901
6:39:52,401810.94,4163.17,315656.53,21.00,28.60,116,407
6:40:52,372841.81,4051.67,312781.94,21.00,28.60,115,838
6:41:53,419294.53,4017.13,308955.22,21.10,28.60,108,754
6:42:53,359457.34,3966.03,308955.22,21.00,28.50,113,617
6:43:54,387199.66,4017.13,310224.41,21.00,28.50,114,810
6:44:54,446875.44,4248.71,307692.31,20.80,28.60,162,662
6:45:55,359457.34,4104.20,314070.34,20.30,28.50,99,949
6:46:55,410807.31,4000.00,295399.53,20.40,28.50,102,821
6:47:56,378713.97,3947.95,304950.47,20.40,28.60,114,822
6:48:56,476667.16,4266.86,327131.75,20.20,28.60,119,517
6:49:57,402641.13,4051.67,310224.41,20.00,28.50,110,645
6:50:57,428120.44,4017.13,319289.34,20.00,28.50,107,660
6:51:58,446875.44,3915.76,315365.22,20.00,28.50,103,499
6:52:58,428120.44,4267.24,331428.56,20.00,28.50,111,684
6:53:59,437306.56,4248.71,324615.34,19.90,28.40,101,676
6:54:59,436408.59,4074.30,326288.63,20.00,28.40,101,498
6:56:0,410384.22,4151.41,326804.09,20.20,28.40,108,536
6:57:0,445500.44,4085.71,308728.16,20.00,28.40,107,387
6:58:1,394370.00,3893.23,309725.66,20.00,28.50,104,446
6:59:1,394370.00,3811.76,294915.28,19.90,28.50,105,732
7:0:2,410807.31,4000.00,308955.22,19.90,28.50,99,489
7:1:2,387199.66,3769.76,274710.00,19.70,28.60,95,558
7:2:3,419294.53,4121.91,301470.59,19.70,28.50,114,829
7:3:3,437306.56,4104.20,316666.66,19.40,28.60,110,519
7:4:4,437306.56,4285.88,295399.53,19.40,28.50,102,497
7:5:4,402641.13,4069.08,320610.66,19.10,28.50,105,739
7:6:5,446875.44,4157.63,308955.22,19.10,28.50,99,729
7:7:5,446417.09,4224.00,321428.56,19.10,28.50,97,344
7:8:6,428120.44,4051.67,321938.75,19.00,28.50,112,681
7:9:6,359457.34,3850.00,301470.59,19.00,28.50,97,438
7:10:7,409961.16,4254.60,311779.44,19.00,28.50,98,391
7:11:7,426359.56,4132.77,294660.22,18.70,28.50,130,688
7:12:8,466304.81,4199.43,319592.84,18.80,28.50,111,571
7:13:8,419294.53,4323.48,331428.56,18.50,28.60,116,891
7:14:9,445500.44,4138.98,308728.16,18.40,28.60,107,672
7:15:9,400980.75,4114.93,308229.41,18.50,28.50,99,550
7:16:10,379892.53,3801.60,278037.41,18.80,28.50,100,698
7:17:10,410807.31,4121.91,311500.00,18.70,28.60,97,411
7:18:11,409538.06,3720.84,286873.53,18.20,28.60,99,642
7:19:11,379892.53,4017.13,302702.69,18.50,28.70,115,433
7:20:12,402641.13,4230.29,314070.34,18.40,28.70,115,525
7:21:12,446875.44,4211.97,310224.41,17.90,28.70,114,716
7:22:13,402641.13,4121.91,323273.63,18.00,28.70,105,641
7:23:13,378713.97,3816.09,292753.63,17.90,28.80,122,723
7:24:14,410807.31,4069.08,310224.41,18.10,28.70,97,666
7:25:14,419294.53,4104.20,297810.22,17.80,28.70,102,485
7:26:15,353099.75,3676.24,297810.22,17.90,28.70,99,653
7:27:15,366034.22,3982.97,306435.63,18.00,28.80,99,513
7:28:16,401395.84,4138.98,292753.63,17.80,28.80,100,610
7:29:16,419294.53,4211.97,310224.41,17.70,28.70,110,570
7:30:17,387199.66,3707.09,280281.72,17.50,28.70,100,540
7:31:17,335237.88,3882.70,276923.09,18.00,28.70,95,668
7:32:18,409538.06,4229.80,300000.00,17.80,28.60,94,594
7:33:18,419294.53,4285.88,316666.66,17.60,28.60,113,616
7:34:18,409538.06,4285.55,316455.66,17.50,28.60,103,399
7:35:19,335237.88,4017.13,314070.34,17.60,28.50,107,608
7:36:19,394777.44,4086.59,301470.59,17.80,28.50,95,330
7:37:20,387199.66,4230.29,316666.66,17.70,28.50,97,464
7:38:20,394777.44,4211.97,317974.66,17.70,28.50,95,487
7:39:21,402641.13,4211.97,312781.94,17.70,28.50,105,516
7:40:21,335237.88,3769.76,293012.06,17.70,28.50,91,781
7:41:22,394777.44,4211.97,308955.22,18.00,28.50,91,710
7:42:22,335237.88,3915.76,297810.22,17.70,28.50,97,542
7:43:23,359457.34,4193.75,303940.91,17.90,28.50,101,449
7:44:23,409961.16,4273.20,315656.53,17.60,28.50,99,619
7:45:24,359457.34,4323.48,321938.75,17.50,28.60,154,731
7:46:24,456851.53,4400.00,321938.75,17.40,28.60,112,586
7:47:25,372841.81,4086.59,316666.66,17.30,28.50,118,623
7:48:25,386799.66,3943.17,303448.28,17.50,28.50,99,479
7:49:26,419294.53,4104.20,311500.00,17.50,28.50,101,363
7:50:26,410807.31,4069.08,300244.50,17.30,28.50,125,628
7:51:27,410807.31,4000.00,302702.69,17.30,28.50,114,558
7:52:27,445041.16,4393.53,319897.94,17.30,28.50,110,441
7:53:28,464870.03,4445.70,323393.28,17.20,28.50,110,564
7:54:28,372841.81,3785.64,297810.22,17.20,28.50,116,754
7:55:29,387199.66,4157.63,295399.53,17.50,28.50,127,692
7:56:29,387199.66,4051.67,311500.00,17.20,28.50,110,587
7:57:30,435509.75,4186.89,312060.31,17.20,28.60,103,492
7:58:30,428120.44,4400.00,330051.78,17.20,28.60,103,511
7:59:31,437306.56,4193.75,310224.41,17.10,28.50,105,633
8:0:31,417568.22,4150.71,308229.41,17.20,28.50,119,788
8:1:32,387199.66,4193.75,310224.41,17.30,28.50,117,568
8:2:32,445958.75,4236.10,313065.31,17.20,28.60,114,572
8:3:33,427680.44,4452.07,318781.72,17.30,28.60,108,455
8:4:33,437306.56,4248.71,311500.00,17.30,28.60,110,616
8:5:34,428120.44,4342.44,327319.56,17.30,28.50,119,609
8:6:34,455447.28,4033.33,308728.16,17.30,28.60,106,371
8:7:35,489500.47,4267.24,314070.34,17.50,28.50,106,504
8:8:35,436408.59,4074.30,302955.66,17.50,28.50,102,360
8:9:36,478133.81,4211.97,300244.50,17.60,28.50,100,392
8:10:36,402641.13,4017.13,296601.94,17.50,28.60,112,711
8:11:37,386399.66,3987.88,299266.50,17.40,28.60,102,344
8:12:37,426799.56,4361.40,319083.94,17.60,28.60,112,418
8:13:38,353099.75,4248.71,314070.34,17.50,28.60,110,521
8:14:38,379892.53,3866.31,296601.94,17.60,28.60,101,404
8:15:39,372841.81,4175.64,289473.72,17.80,28.60,116,399
8:16:39,353099.75,3585.60,278037.41,17.50,28.70,101,418
8:17:40,366034.22,4157.63,305185.19,18.00,28.80,112,748
8:18:40,304173.78,3785.64,295399.53,17.50,28.80,109,329
8:19:41,340644.94,4028.26,311000.00,17.60,28.90,105,571
8:20:41,446875.44,4285.88,319289.34,17.40,28.90,104,596
8:21:42,386799.66,4260.92,309725.66,17.20,28.90,102,277
8:22:42,489500.47,4230.29,308955.22,16.90,28.90,99,498
8:23:43,358338.69,3964.84,310000.00,17.00,28.80,115,415
8:24:43,410807.31,4017.13,305185.19,17.30,28.90,100,510
8:25:44,335237.88,3753.97,299024.38,17.60,29.00,102,271
8:26:44,329656.06,3769.76,290647.50,17.80,29.00,100,526
8:27:45,335237.88,3850.00,302702.69,17.70,29.00,99,415
8:28:45,323230.59,3881.30,286873.53,17.60,29.10,97,501
8:29:46,313910.28,4086.59,301470.59,17.70,29.10,101,761
8:30:46,303217.25,3832.26,274418.63,17.70,29.00,106,642
8:31:47,282135.03,3899.19,287142.84,18.00,29.10,102,350
8:32:47,335237.88,4069.08,306435.63,17.80,29.10,101,773
8:33:48,299514.16,3949.18,303940.91,17.80,29.10,107,411
8:34:48,318999.81,3785.64,293012.06,18.00,29.10,107,581
8:35:49,353099.75,4121.91,299024.38,18.10,29.10,106,525
8:36:49,313581.91,3795.73,297323.63,17.80,29.10,100,440
8:37:50,353099.75,4034.35,302702.69,18.00,29.10,96,500
8:38:50,335237.88,4104.20,299024.38,18.00,29.20,96,784
8:39:51,402641.13,4139.72,297810.22,17.90,29.10,96,503
8:40:51,359457.34,3932.43,285985.75,17.90,29.10,103,484
8:41:52,417568.22,4297.97,306965.19,18.10,29.10,98,408
8:42:52,402641.13,4139.72,303940.91,18.00,29.10,99,403
8:43:53,372841.81,3882.70,285985.75,18.00,29.10,103,445
8:44:53,359457.34,4034.35,303940.91,18.20,29.10,99,614
8:45:54,394777.44,4139.72,295399.53,18.00,29.10,96,485
8:46:54,379499.69,3960.00,299755.50,18.00,29.10,95,599
8:47:55,394777.44,4175.64,294202.91,18.10,29.10,97,447
8:48:55,455447.28,4175.00,304950.47,18.10,29.10,97,474
8:49:55,476178.28,4279.19,305707.19,18.00,29.10,103,583
8:50:56,446875.44,3738.26,268192.19,18.00,29.10,115,654
8:51:56,379892.53,4139.72,302702.69,18.40,29.10,99,408
8:52:57,359457.34,4139.72,306435.63,18.20,29.20,118,698
8:53:57,402641.13,4034.35,291826.91,18.20,29.30,103,484
8:54:58,359457.34,3817.65,290647.50,17.90,29.70,102,598
8:55:58,313910.28,3570.77,284834.13,17.70,30.20,99,501
8:56:59,359457.34,3949.18,284834.13,17.10,30.70,103,477
8:57:59,353099.75,3882.70,295399.53,16.70,31.20,115,615
8:59:0,351999.78,3736.51,267889.88,16.10,31.80,103,30808
9:0:0,334190.28,3768.09,266819.19,16.20,32.30,118,816
9:1:1,365654.91,4011.05,294915.28,15.70,32.80,94,494
9:2:1,351999.78,3897.83,288038.31,15.60,33.20,96,258
9:3:2,379892.53,4157.63,291826.91,15.30,33.60,93,586
9:4:2,353099.75,3738.26,261851.02,14.80,33.80,115,627
9:5:3,379892.53,3932.43,284834.13,15.20,34.10,107,599
9:6:3,351999.78,3705.26,270046.06,14.80,34.20,93,490
9:7:4,379892.53,3932.43,266059.22,14.80,34.40,110,536
9:8:4,329656.06,3753.97,269266.03,14.50,34.50,87,404
9:9:5,371683.91,3583.50,275524.50,14.50,34.40,92,653
9:10:5,394777.44,3966.03,278037.41,14.50,34.40,94,434
9:11:6,346950.59,3866.31,258744.38,14.40,34.20,90,450
9:12:6,340999.78,3585.60,283687.97,14.80,34.00,87,600
9:13:7,335237.88,3850.00,279156.91,14.90,33.90,106,412
9:14:7,334888.69,3811.76,278688.53,15.20,33.60,84,475
9:15:8,308970.44,3541.33,256696.41,15.40,33.50,89,452
9:16:8,299514.16,3541.33,262895.91,15.80,33.30,113,577
9:17:9,335237.88,3882.70,280281.72,15.80,33.00,90,513
9:18:9,334539.47,3838.17,278220.16,15.70,32.70,85,550
9:19:10,290583.22,3556.01,281411.78,16.00,32.60,90,590
9:20:10,318999.81,3556.01,279156.91,16.30,32.40,86,406
9:21:11,303854.94,3640.00,279812.22,16.50,32.40,90,617
9:22:11,313910.28,3753.97,280281.72,16.40,32.10,92,624
9:23:12,290583.22,3615.50,268192.19,16.50,32.10,103,658
9:24:12,274131.47,3645.71,271428.59,16.70,32.00,89,434
9:25:13,334539.47,3920.44,266210.03,16.50,31.90,91,519
9:26:13,333841.06,3794.12,262131.50,16.50,31.90,87,547
9:27:14,294985.78,3541.33,256696.41,16.70,31.80,90,655
9:28:14,334539.47,3742.33,269425.25,16.90,31.70,92,604
9:29:15,410807.31,4121.91,293012.06,16.90,31.60,110,529
9:30:15,353099.75,3645.71,280281.72,16.80,31.50,91,434
9:31:16,359457.34,3850.00,282547.19,17.20,31.30,106,492
9:32:16,318999.81,3660.94,273611.13,17.20,31.20,97,622
9:33:17,346950.59,3899.19,290647.50,17.40,31.20,102,362
9:34:17,329656.06,3899.19,289473.72,17.40,31.30,102,447
9:35:18,353099.75,3949.18,290647.50,17.30,31.40,97,414
9:36:18,308970.44,3660.94,272517.34,17.30,31.60,100,348
9:37:19,334539.47,3953.97,290865.38,17.20,31.70,100,321
9:38:19,353099.75,4069.08,299024.38,16.90,31.90,101,401
9:39:20,372841.81,3949.18,294202.91,16.80,31.90,121,576
9:40:20,313910.28,3866.31,275813.97,16.90,31.90,99,576
9:41:21,352366.44,3838.17,280470.63,17.00,31.80,94,458
9:42:21,329656.06,3526.72,276923.09,17.10,31.70,97,417
9:43:22,346589.94,4045.56,296116.50,17.30,31.80,96,408
9:44:22,286301.25,3398.51,264999.97,17.20,31.70,97,392
9:45:23,290277.66,3795.73,284360.22,17.50,31.80,96,550
9:46:23,286301.25,3676.24,271428.59,17.30,31.90,105,390
9:47:24,294985.78,3949.18,284834.13,17.50,32.00,92,672
9:48:24,270285.63,3785.64,278037.41,17.30,32.00,98,496
9:49:25,290583.22,3769.76,284834.13,17.40,32.00,93,345
9:50:25,273842.00,3609.82,276456.91,17.10,32.10,95,335
9:51:26,299514.16,3915.76,279156.91,17.00,32.10,92,403
9:52:26,307676.31,3908.45,276168.25,16.90,32.10,93,502
9:53:27,245928.52,3512.18,264999.97,17.10,32.00,106,526
9:54:27,239186.02,3501.02,250772.63,17.40,32.00,97,365
9:55:28,252463.36,3630.57,273611.13,17.50,32.10,97,570
9:56:28,266538.38,3600.52,250660.78,17.30,32.10,102,486
9:57:29,308970.44,3833.78,273611.13,17.20,32.10,96,473
9:58:29,308970.44,3753.97,270344.81,17.20,32.10,99,544
9:59:30,299514.16,3707.09,278037.41,17.30,32.10,91,549
10:0:30,278079.91,3645.71,263945.56,17.20,32.10,96,423
10:1:31,282135.03,3769.76,278037.41,17.30,32.00,92,287
10:2:31,274131.47,3384.62,256696.41,17.20,32.00,103,472
10:3:32,270285.63,3615.50,278037.41,17.40,32.00,94,476
10:4:32,329656.06,3801.60,279156.91,17.00,31.90,92,345
10:5:33,346950.59,4000.00,288305.50,17.10,31.90,97,679
10:6:33,329312.31,3732.45,280941.19,17.00,31.90,95,569
10:7:34,346950.59,4069.08,287142.84,17.00,31.90,92,393
10:8:34,340999.78,3966.03,275813.97,17.10,31.70,92,571
10:9:35,308970.44,3801.60,280281.72,17.30,31.60,94,640
10:10:35,353099.75,3915.76,283687.97,17.40,31.70,92,721
10:11:36,328624.81,3689.76,285714.28,17.40,31.70,93,328
10:12:36,274131.47,3440.60,262895.91,17.50,31.60,96,517
10:13:37,299514.16,3600.52,251655.63,17.80,31.60,98,575
10:14:37,304173.78,3833.78,274710.00,17.70,31.60,93,372
10:15:38,294985.78,3676.24,269266.03,17.60,31.60,87,371
10:16:38,312925.19,3784.00,268965.50,17.70,31.60,87,644
10:17:39,329656.06,3817.65,272517.34,17.70,31.60,87,700
10:18:39,304173.78,3785.64,282547.19,17.70,31.70,91,473
10:19:40,286301.25,3497.72,271428.59,17.60,31.80,114,637
10:20:40,346950.59,3738.26,272517.34,17.70,31.80,102,541
10:21:41,299514.16,3676.24,270344.81,17.50,31.80,160,595
10:22:41,308970.44,3817.65,266059.22,17.60,31.60,90,607
10:23:42,318999.81,4017.13,291826.91,17.80,31.60,84,453
10:24:42,346950.59,3915.76,276923.09,17.70,31.60,125,510
10:25:43,329656.06,3785.64,269266.03,17.80,31.50,91,1032
10:26:43,332793.44,3841.08,274766.31,18.00,31.60,84,762
10:27:44,308970.44,3785.64,271428.59,18.10,31.70,88,625
10:28:44,274131.47,3691.62,266059.22,18.10,31.90,86,635
10:29:45,278079.91,3817.65,274710.00,18.00,31.90,88,381
10:30:45,270285.63,3769.76,280281.72,18.10,32.10,89,624
10:31:46,304173.78,3707.09,273611.13,17.90,32.10,93,566
10:32:46,277786.56,3716.84,276456.91,17.90,32.10,87,508
10:33:47,242517.61,3550.38,261399.55,17.90,32.10,85,723
10:34:47,282135.03,3585.60,257718.13,18.00,32.10,109,635
10:35:47,329656.06,3785.64,279156.91,17.90,32.10,94,436
10:36:48,262886.00,3707.09,270344.81,17.90,32.00,94,567
10:37:48,308970.44,3785.64,270344.81,17.80,31.90,95,412
10:38:49,329656.06,3866.31,271428.59,17.80,31.80,101,607
10:39:49,294985.78,3722.63,271428.59,17.90,31.70,94,496
10:40:50,346589.94,3926.43,279812.22,18.00,31.70,93,496
10:41:50,352733.09,3926.43,284360.22,18.00,31.60,97,490
10:42:51,353099.75,3600.52,259775.27,18.20,31.40,93,490
10:43:51,359457.34,3915.76,274710.00,18.40,31.40,93,429
10:44:52,379892.53,4017.13,289473.72,18.50,31.20,91,451
10:45:52,379892.53,3882.70,287142.84,18.60,31.10,89,357
10:46:53,372841.81,3722.63,279156.91,18.70,31.10,94,556
10:47:53,359457.34,4086.59,289473.72,18.80,31.00,95,378
10:48:54,428120.44,3915.76,287142.84,18.80,31.00,129,596
10:49:54,346950.59,3660.94,285985.75,19.00,31.00,93,372
10:50:55,334888.69,3763.93,274245.97,19.10,31.10,111,459
10:51:55,335237.88,3833.78,281411.78,19.10,31.20,105,320
10:52:56,335237.88,3426.50,243817.78,18.90,31.20,108,723
10:53:56,379892.53,4034.35,285985.75,18.90,31.30,94,500
10:54:57,410807.31,4017.13,284834.13,18.90,31.20,102,572
10:55:57,428120.44,4051.67,276923.09,19.10,31.10,101,549
10:56:58,385199.66,3788.24,258558.53,19.10,31.10,100,426
10:57:58,357965.81,3699.47,276168.25,19.30,31.00,103,323
10:58:59,335237.88,3512.18,251655.63,19.40,31.10,104,267
10:59:59,313910.28,3630.57,285985.75,19.40,31.10,98,371
11:1:0,379892.53,3932.43,283687.97,19.30,31.20,110,628
11:2:0,338515.91,3416.08,257657.64,19.40,31.10,89,370
11:3:1,346950.59,3915.76,279156.91,19.40,31.20,95,479
11:4:1,364896.28,3720.84,272222.19,19.30,31.20,98,414
11:5:2,394370.00,4028.26,292530.13,19.40,31.10,100,353
11:6:2,387199.66,3932.43,287142.84,19.50,31.10,103,410
11:7:3,346950.59,3676.24,275813.97,19.60,31.00,99,443
11:8:3,340999.78,3483.33,274710.00,19.70,31.10,100,311
11:9:4,329312.31,3624.87,276456.91,19.60,31.20,102,382
11:10:4,351999.78,3800.00,268965.50,19.40,31.20,101,287
11:11:5,340999.78,3899.19,283687.97,19.40,31.30,100,423
11:12:5,385999.66,3931.15,286873.53,19.60,31.20,107,585
11:13:6,274131.47,3384.62,252654.84,19.70,31.20,115,583
11:14:6,329656.06,3850.00,290647.50,19.70,31.20,102,492
11:15:7,379892.53,3982.97,290647.50,19.40,31.30,100,398
11:16:7,335237.88,3899.19,280281.72,19.40,31.10,100,445
11:17:8,345868.63,3931.15,286873.53,19.60,31.20,102,358
11:18:8,353099.75,3817.65,280281.72,19.60,31.20,101,373
11:19:9,340644.94,3926.43,286666.66,19.60,31.20,101,365
11:20:9,318333.13,3789.87,287350.84,19.70,31.30,134,530
11:21:10,346950.59,3600.52,249670.31,19.60,31.40,95,437
11:22:10,335237.88,3882.70,281411.78,19.60,31.40,107,669
11:23:11,365275.59,3953.97,282742.34,19.50,31.40,95,400
11:24:11,402641.13,4086.59,283687.97,19.50,31.30,97,277
11:25:12,353099.75,3738.26,271428.59,19.70,31.30,98,254
11:26:12,312596.84,3699.47,278403.78,19.80,31.30,98,360
11:27:13,346589.94,3860.38,277570.13,19.80,31.40,99,570
11:28:13,318999.81,3769.76,274710.00,19.60,31.50,100,597
11:29:14,410807.31,4000.00,287142.84,19.60,31.50,111,695
11:30:14,379892.53,3915.76,259775.27,19.40,31.60,94,539
11:31:15,329656.06,3801.60,275813.97,19.40,31.60,94,471
11:32:15,329656.06,3753.97,272517.34,19.40,31.50,92,576
11:33:16,387199.66,3949.18,284834.13,19.50,31.60,99,385
11:34:16,318666.47,3379.16,268807.31,19.40,31.60,119,504
11:35:17,329656.06,3738.26,274710.00,19.50,31.60,99,465
11:36:17,353099.75,3899.19,271428.59,19.60,31.60,99,551
11:37:18,346950.59,3801.60,268192.19,19.60,31.60,100,433
11:38:18,340999.78,4121.91,288305.50,19.50,31.60,102,503
11:39:19,401395.84,4138.98,290384.63,19.70,31.50,89,232
11:40:19,308970.44,3526.72,267123.28,19.80,31.40,92,537
11:41:20,308970.44,3556.01,260810.78,20.00,31.40,96,475
11:42:20,259324.92,3108.02,233474.58,19.90,31.60,89,459
11:43:21,269428.47,3659.01,264692.47,19.80,31.70,92,243
11:44:21,245142.80,3410.00,258426.95,19.80,31.80,100,491
11:45:22,245928.52,3630.57,259775.27,19.60,31.90,91,480
11:46:22,251658.48,3689.76,264692.47,19.80,32.00,95,475
11:47:23,245404.70,3680.10,265148.06,19.70,32.10,92,702
11:48:23,274131.47,3691.62,259775.27,19.60,32.20,87,486
11:49:24,293746.34,3715.04,273953.53,19.60,32.30,99,420
11:50:24,286301.25,3801.60,271428.59,19.50,32.30,95,344
11:51:25,313910.28,3738.26,267123.28,19.40,32.40,93,532
11:52:25,276906.56,3163.16,238279.58,19.40,32.40,96,385
11:53:26,266538.38,3585.60,266059.22,19.20,32.50,98,592
11:54:26,245928.52,3497.72,253658.52,19.20,32.50,103,307
11:55:27,245928.52,3645.71,257718.13,19.20,32.50,123,540
11:56:27,236689.61,3707.09,271428.59,19.30,32.60,96,424
11:57:28,266538.38,3483.33,254666.64,19.40,32.60,99,411
11:58:28,379892.53,4034.35,280281.72,19.30,32.60,100,300
11:59:29,307676.31,3562.98,275058.28,19.40,32.50,107,330
12:0:29,266538.38,3512.18,252654.84,19.60,32.40,103,551
12:1:30,269999.91,3365.35,260360.34,19.60,32.40,153,791
12:2:30,269999.91,3701.31,264545.44,19.40,32.40,95,379
12:3:31,290583.22,3882.70,274710.00,19.40,32.40,118,494
12:4:31,236689.61,3512.18,250660.78,19.50,32.40,105,438
12:5:32,245928.52,3630.57,257718.13,19.70,32.50,142,617
12:6:32,233499.97,3550.38,261399.55,19.80,32.60,101,532
12:7:33,265692.22,3800.00,274418.63,19.60,32.60,101,237
12:8:33,235930.98,3689.76,263636.34,19.50,32.70,104,258
12:9:34,239697.64,3469.02,268192.19,19.50,32.80,102,432
12:10:34,212208.31,3257.28,247264.78,19.50,32.80,104,358
12:11:35,205333.33,3526.72,260810.78,19.40,32.80,120,648
12:12:35,222630.41,3615.50,262895.91,19.50,32.90,96,429
12:13:36,245928.52,3585.60,261851.02,19.50,32.90,109,355
12:14:36,222630.41,3329.73,250660.78,19.80,33.00,103,380
12:15:37,239697.64,3738.26,266059.22,19.60,33.00,99,410
12:16:37,245666.61,3379.16,261399.55,19.10,32.90,102,389
12:17:38,266538.38,3676.24,268192.19,19.50,33.00,101,473
12:18:38,262886.00,3707.09,268192.19,19.30,33.00,99,397
12:19:39,282135.03,3833.78,274710.00,19.30,33.00,105,484
12:20:39,239697.64,3302.69,246724.89,19.00,32.90,116,318
12:21:40,230876.38,3556.01,253658.52,19.40,33.00,97,321
12:22:40,270285.63,3691.62,259775.27,19.40,33.10,101,403
12:23:41,282135.03,3850.00,281411.78,19.20,33.10,108,437
12:24:41,308970.44,3785.64,272517.34,19.20,33.00,114,449
12:25:42,262050.55,3643.75,262585.00,19.30,33.00,105,427
12:26:42,265692.22,3768.09,268965.50,19.40,33.00,99,450
12:27:43,269714.19,3742.33,270506.91,19.40,33.10,102,367
12:28:43,282135.03,3753.97,268192.19,19.30,33.00,104,367
12:29:44,239697.64,3483.33,250660.78,19.30,33.10,102,410
12:30:44,270285.63,3676.24,280281.72,19.40,33.10,104,425
12:31:45,278079.91,3753.97,274710.00,19.10,33.10,107,389
12:32:45,268857.06,3427.14,264840.16,19.10,33.10,100,417
12:33:46,282135.03,3769.76,271428.59,19.10,33.10,112,406
12:34:46,282135.03,3645.71,255679.27,18.90,33.10,108,500
12:35:47,303854.94,3701.31,267734.53,18.80,33.10,101,317
12:36:47,288444.31,3713.23,268202.75,19.10,33.10,106,346
12:37:48,255851.78,3615.50,250660.78,19.20,33.10,103,426
12:38:48,242776.42,3615.50,271428.59,19.30,33.10,102,501
12:39:49,318999.81,3966.03,282547.19,19.10,33.20,113,578
12:40:49,329656.06,3850.00,263945.56,18.80,33.10,30123,30395
12:41:50,353099.75,3785.64,271428.59,18.90,33.00,103,485
12:42:50,288444.31,3728.91,262870.16,19.10,33.00,100,335
12:43:51,255580.17,3655.21,256249.98,19.40,33.00,97,393
12:44:51,303217.25,3768.09,263636.34,19.60,33.00,101,418
12:45:52,290583.22,3615.50,262895.91,19.40,33.00,102,291
12:46:52,294985.78,3676.24,256696.41,19.40,33.00,100,277
12:47:53,286301.25,3738.26,258744.38,19.60,33.00,97,400
12:48:53,236689.61,3600.52,259775.27,19.70,33.10,103,468
12:49:54,219999.98,3398.51,243817.78,20.00,33.10,104,331
12:50:54,214210.52,3583.50,252328.14,19.90,33.20,96,430
12:51:55,219999.98,3630.57,253658.52,19.80,33.20,110,526
12:52:55,207653.05,3497.72,246724.89,20.00,33.20,107,380
12:53:56,180756.78,3384.62,240000.00,19.90,33.30,108,498
12:54:56,187514.03,3404.50,250884.94,20.00,33.30,95,409
12:55:57,191714.30,3300.00,236830.83,19.80,33.40,95,529
12:56:57,200831.69,3526.72,250660.78,19.70,33.40,101,528
12:57:58,207653.05,3556.01,249670.31,19.80,33.40,114,507
12:58:58,196291.27,3506.60,246288.20,19.90,33.50,88,611
12:59:59,177168.16,3469.02,240000.00,20.00,33.50,97,459
13:0:59,178946.44,3343.35,229831.95,19.90,33.60,89,428
13:2:0,184477.08,3483.33,244782.61,19.70,33.60,97,448
13:3:0,148500.03,3440.60,243817.78,19.50,33.60,93,702
13:4:1,142277.41,3483.33,243817.78,19.70,33.60,85,376
13:5:1,167126.08,3615.50,252654.84,19.50,33.70,94,365
13:6:2,173704.38,3556.01,247702.41,19.40,33.70,95,452
13:7:2,173704.38,3426.50,250660.78,19.30,33.70,90,457
13:8:3,205111.09,3379.16,256249.98,19.30,33.80,104,549
13:9:3,200831.69,3275.91,234394.92,19.00,33.70,98,422
13:10:4,233749.95,3600.52,253658.52,19.10,33.70,96,423
13:11:4,200831.69,3262.62,240000.00,19.00,33.60,100,425
13:12:5,191504.78,3376.62,238279.58,19.20,33.60,114,609
13:13:5,179963.98,3267.80,237339.05,19.30,33.60,92,290
13:14:6,190320.77,3541.33,251655.63,19.20,33.70,102,481
13:15:6,228066.64,3707.09,254666.64,19.10,33.70,98,542
13:16:7,245666.61,3594.84,251214.13,18.90,33.60,104,304
13:17:7,274131.47,3691.62,261851.02,19.00,33.60,113,406
13:18:8,278079.91,3645.71,263945.56,19.00,33.60,109,539
13:19:8,286301.25,3707.09,268192.19,18.80,33.60,104,497
13:20:9,329656.06,3833.78,272517.34,18.80,33.60,115,412
13:21:9,318999.81,3833.78,267123.28,18.90,33.50,106,561
13:22:10,299514.16,3899.19,256696.41,19.00,33.50,102,307
13:23:10,286301.25,3722.63,256696.41,19.10,33.50,110,440
13:24:11,270285.63,3676.24,258744.38,19.30,33.40,114,302
13:25:11,242776.42,3600.52,251655.63,19.50,33.50,106,409
13:26:12,194403.84,3526.72,240948.28,19.60,33.50,102,490
13:27:12,194403.84,3615.50,250660.78,19.70,33.60,104,492
13:28:13,205333.33,3722.63,256696.41,19.60,33.60,100,370
13:29:13,242776.42,3753.97,260810.78,19.30,33.70,100,370
13:30:14,233499.97,3535.71,256249.98,19.00,33.70,104,411
13:31:14,238930.19,3410.00,266819.19,19.20,33.70,107,386
13:32:15,282135.03,3738.26,254666.64,19.10,33.70,100,412
13:33:15,259324.92,3585.60,253658.52,18.90,33.70,117,426
13:34:15,217425.52,3469.02,251655.63,19.20,33.80,120,457
13:35:16,203060.00,3384.62,243817.78,19.30,33.80,101,303
13:36:16,186388.91,3526.72,248684.22,19.40,33.80,111,593
13:37:17,180756.78,3541.33,244782.61,19.50,33.90,102,466
13:38:17,212437.48,3615.50,256696.41,19.50,34.00,102,483
13:39:18,210020.61,3541.33,253658.52,19.10,34.00,106,548
13:40:18,178946.44,3585.60,253658.52,19.20,34.00,105,495
13:41:19,170359.00,3512.18,248684.22,19.30,34.10,103,582
13:42:19,188336.47,3585.60,253658.52,19.50,34.10,104,589
13:43:20,187719.64,3495.43,248351.64,19.00,34.10,105,460
13:44:20,196504.86,3585.60,254666.64,19.10,34.10,105,410
13:45:21,200831.69,3262.62,232558.16,19.30,34.10,103,372
13:46:21,236689.61,3722.63,262895.91,18.90,34.10,101,521
13:47:22,219999.98,3600.52,256696.41,18.80,34.10,103,385
13:48:22,200831.69,3512.18,247702.41,19.10,34.20,99,421
13:49:23,200831.69,3370.79,239055.80,19.10,34.20,103,433
13:50:23,200831.69,3541.33,253658.52,19.00,34.20,108,497
13:51:24,198647.05,3541.33,248684.22,18.90,34.30,103,424
13:52:24,184477.08,3343.35,250660.78,19.00,34.30,100,542
13:53:25,203060.00,3469.02,243817.78,18.90,34.30,110,527
13:54:25,203060.00,3585.60,252654.84,18.70,34.40,102,490
13:55:26,245666.61,3655.21,261399.55,18.70,34.30,103,432
13:56:26,227822.20,3477.78,248245.61,18.60,34.30,110,599
13:57:27,239697.64,3707.09,257718.13,18.70,34.20,100,341
13:58:27,245928.52,3676.24,260810.78,18.50,34.10,103,350
13:59:28,254765.36,3715.04,259008.98,18.60,34.10,102,429
14:0:28,214905.25,3184.21,221855.70,18.90,34.10,97,277
14:1:29,233749.95,3585.60,252654.84,19.10,34.10,106,480
14:2:29,222630.41,3426.50,242857.14,18.70,34.20,114,462
14:3:30,228066.64,3570.77,249670.31,18.90,34.20,102,595
14:4:30,203060.00,3497.72,244782.61,19.00,34.30,100,431
14:5:31,239697.64,3676.24,256696.41,19.10,34.30,165,496
14:6:31,217425.52,3630.57,247702.41,18.80,34.30,123,432
14:7:32,198647.05,3398.51,242857.14,18.80,34.30,106,442
14:8:32,173704.38,3223.13,238115.63,19.10,34.30,102,436
14:9:33,167126.08,3469.02,242857.14,19.00,34.40,110,546
14:10:33,168169.50,3539.13,249339.20,19.00,34.40,100,435
14:11:34,165550.02,3384.62,243817.78,18.90,34.40,98,427
14:12:34,180756.78,3526.72,258744.38,18.90,34.50,100,432
14:13:35,192342.88,3302.69,236247.34,18.70,34.50,96,363
14:14:35,233749.95,3645.71,248684.22,18.80,34.50,92,562
14:15:36,219526.86,3515.52,247807.02,18.60,34.50,98,579
14:16:36,207653.05,3469.02,238115.63,18.70,34.50,106,453
14:17:37,219999.98,3541.33,246724.89,18.90,34.60,90,421
14:18:37,205333.33,3526.72,243817.78,18.90,34.60,95,383
14:19:38,230134.80,3643.75,251327.42,18.80,34.60,93,497
14:20:38,210020.61,3600.52,246724.89,18.70,34.70,97,519
14:21:39,210020.61,3497.72,243817.78,18.80,34.70,97,479
14:22:39,210020.61,3454.77,254666.64,18.90,34.70,98,445
14:23:40,224593.38,3568.64,246389.50,18.50,34.70,94,292
14:24:40,203060.00,3512.18,242857.14,18.40,34.70,92,561
14:25:41,194403.84,3440.60,239055.80,18.50,34.70,103,426
14:26:41,184477.08,3440.60,239055.80,18.70,34.70,106,476
14:27:42,209113.39,3504.33,233617.02,18.60,34.70,102,439
14:28:42,192342.88,3329.73,213333.31,18.70,34.70,96,448
14:29:43,214905.25,3497.72,237179.50,18.80,34.80,93,304
14:30:43,272105.16,3651.31,244638.95,18.30,34.70,100,386
14:31:44,259324.92,3541.33,237179.50,18.20,34.70,107,429
14:32:44,255851.78,3660.94,243817.78,18.30,34.70,106,424
14:33:45,225318.66,3210.10,228033.48,18.30,34.70,101,402
14:34:45,259324.92,3541.33,243817.78,18.40,34.70,100,360
14:35:46,225318.66,3556.01,241900.66,18.30,34.60,100,401
14:36:46,252463.36,3585.60,245751.64,18.40,34.60,102,448
14:37:47,236689.61,3630.57,246724.89,18.50,34.60,102,435
14:38:47,248096.33,3622.86,246929.83,18.70,34.70,113,267
14:39:48,214905.25,3197.12,224481.34,18.70,34.70,102,302
14:40:48,218344.06,3605.71,253571.41,18.80,34.60,108,523
14:41:49,224835.14,3544.76,241036.73,18.70,34.70,99,446
14:42:49,190320.77,3009.72,223602.50,18.70,34.70,113,329
14:43:50,217425.52,3483.33,250660.78,18.80,34.70,106,259
14:44:50,233749.95,3615.50,249670.31,18.70,34.70,95,390
14:45:51,255851.78,3785.64,266059.22,18.50,34.80,106,341
14:46:51,230876.38,3223.13,221855.70,18.20,34.80,110,207
14:47:52,217425.52,3236.23,241900.66,18.20,34.70,114,306
14:48:52,259324.92,3738.26,253658.52,18.20,34.70,112,435
14:49:53,262886.00,3707.09,259775.27,18.10,34.70,107,455
14:50:53,233749.95,3343.35,237179.50,18.10,34.70,101,343
14:51:54,249156.56,3615.50,253658.52,18.30,34.70,100,332
14:52:54,262886.00,3483.33,255679.27,18.20,34.70,105,432
14:53:55,235930.98,3055.27,228571.45,18.20,34.70,104,535
14:54:55,233749.95,3615.50,248684.22,18.40,34.70,106,416
14:55:56,245928.52,3615.50,249670.31,18.40,34.70,131,588
14:56:56,239697.64,3585.60,250660.78,18.50,34.70,107,556
14:57:57,219999.98,3556.01,249670.31,18.60,34.70,109,438
14:58:57,216957.42,3634.29,258876.39,18.50,34.80,105,331
14:59:58,224351.63,3308.11,235470.09,18.50,34.80,105,438
15:0:58,214905.25,3302.69,251655.63,18.50,34.90,107,303
15:1:59,285397.16,3816.09,285714.28,18.30,34.90,106,302
15:2:59,245928.52,3095.53,223602.50,18.20,34.90,108,522
15:4:0,258499.92,3659.01,258426.95,18.40,34.80,106,362
15:5:0,239697.64,3630.57,255679.27,18.30,34.80,104,511
15:6:1,252463.36,3469.02,251655.63,18.30,34.90,108,301
15:7:1,242776.42,3526.72,250660.78,18.70,34.90,106,468
15:8:2,252463.36,3497.72,248684.22,18.90,35.00,105,360
15:9:2,245928.52,3412.47,247702.41,19.00,35.00,102,642
15:10:3,290583.22,3785.64,257718.13,18.60,35.00,117,470
15:11:3,278079.91,3541.33,244782.61,18.40,35.00,102,371
15:12:4,274131.47,3676.24,252654.84,18.60,35.00,104,268
15:13:4,219999.98,3357.04,222727.30,18.40,34.90,102,467
15:14:5,219999.98,3133.18,232558.16,18.90,35.00,103,511
15:15:5,262050.55,3689.76,260496.61,18.80,35.00,106,561
15:16:6,228066.64,3145.84,229831.95,18.60,35.00,97,417
15:17:6,238674.38,3622.86,254910.70,18.90,35.00,111,435
15:18:7,194403.84,3512.18,236247.34,18.90,35.00,102,412
15:19:7,190320.77,3556.01,240948.28,18.90,35.10,102,388
15:20:8,162475.44,3357.04,225363.83,19.00,35.00,101,581
15:21:8,202400.00,3568.64,249339.20,19.10,35.10,100,592
15:22:9,222630.41,3512.18,250660.78,18.60,35.10,99,294
15:23:9,233749.95,3570.77,243817.78,18.40,35.10,108,524
15:24:10,238930.19,3736.51,255357.13,18.50,35.10,102,369
15:25:10,238930.19,3613.47,251327.42,18.60,35.10,105,508
15:26:11,214673.67,3365.35,237687.36,18.70,35.10,100,386
15:27:11,235930.98,3643.75,259459.44,18.90,35.10,102,505
15:28:12,233749.95,3615.50,247702.41,18.90,35.20,102,390
15:29:12,222630.41,3329.73,239055.80,18.90,35.10,99,416
15:30:13,236689.61,3497.72,253658.52,18.80,35.20,98,429
15:31:13,242776.42,3526.72,241900.66,18.80,35.20,107,340
15:32:14,258224.92,3533.50,249889.63,18.70,35.20,92,467
15:33:14,228066.64,3556.01,243817.78,18.90,35.20,99,429
15:34:15,210020.61,3440.60,243817.78,19.00,35.10,97,491
15:35:15,192342.88,3184.21,230736.84,19.10,35.20,100,422
15:36:16,200831.69,3483.33,254666.64,19.10,35.20,95,366
15:37:16,177168.16,2938.36,216700.59,18.90,35.20,95,345
15:38:17,198647.05,3497.72,241900.66,19.00,35.30,95,419
15:39:17,222391.28,3297.31,241468.69,18.60,35.30,97,400
15:40:18,219999.98,3133.18,225363.83,18.70,35.30,97,392
15:41:18,178946.44,3083.10,229831.95,18.80,35.30,93,454
15:42:19,221913.02,3659.01,255357.13,19.00,35.40,98,487
15:43:19,229887.61,3533.50,244978.16,18.80,35.40,89,427
15:44:20,249156.56,3630.57,246724.89,18.80,35.30,96,553
15:45:20,210020.61,3145.84,226250.00,18.90,35.40,93,285
15:46:21,200831.69,3469.02,240000.00,19.00,35.40,90,382
15:47:21,242776.42,3630.57,247702.41,18.90,35.50,95,468
15:48:22,281837.72,3811.76,256249.98,18.50,35.50,99,461
15:49:22,245928.52,3108.02,213333.31,18.20,35.40,93,392
15:50:23,266538.38,3615.50,248684.22,18.50,35.40,92,282
15:51:23,318999.81,3769.76,253658.52,18.20,35.40,101,300
15:52:24,262886.00,3645.71,250660.78,18.10,35.30,105,489
15:53:24,233749.95,3600.52,248684.22,18.40,35.30,100,449
15:54:25,217425.52,3526.72,240948.28,18.40,35.30,115,470
15:55:25,252463.36,3570.77,243817.78,18.50,35.40,102,488
15:56:26,299514.16,3600.52,251655.63,18.40,35.40,109,214
15:57:26,299514.16,3660.94,253658.52,18.10,35.40,104,234
15:58:27,252463.36,3556.01,239055.80,18.20,35.40,99,362
15:59:27,180756.78,2834.90,206759.44,18.50,35.40,101,284
16:0:28,239441.83,3550.38,243383.94,18.80,35.40,111,330
16:1:29,236689.61,3483.33,240000.00,18.60,35.50,107,486
16:2:29,259324.92,3738.26,259775.27,18.80,35.50,108,416
16:3:30,265692.22,3539.13,245414.84,18.60,35.50,107,485
16:4:30,285397.16,3643.75,252328.14,18.70,35.50,99,302
16:5:31,239697.64,3083.10,226250.00,18.40,35.50,107,518
16:6:31,184477.08,3275.91,231645.58,18.60,35.50,112,518
16:7:32,204444.44,3518.88,245951.88,18.60,35.50,103,533
16:8:32,180756.78,3512.18,242857.14,18.70,35.50,108,498
16:9:33,200396.03,3238.74,235394.47,18.70,35.60,104,290
16:10:33,233749.95,3343.35,243817.78,18.70,35.50,109,447
16:11:34,230876.38,3526.72,244782.61,18.50,35.60,115,471
16:12:34,276613.25,3662.83,254464.27,18.50,35.50,106,414
16:13:35,236689.61,3570.77,251655.63,18.70,35.50,104,448
16:14:35,270285.63,3660.94,245751.64,18.80,35.50,109,513
16:15:36,286301.25,3676.24,253658.52,18.70,35.60,106,365
16:16:36,227822.20,3257.28,239569.89,19.00,35.60,112,416
16:17:37,274131.47,3785.64,258744.38,18.80,35.60,112,537
16:18:37,290583.22,3526.72,248684.22,18.60,35.60,110,507
16:19:38,249156.56,3570.77,251655.63,18.60,35.60,105,531
16:20:38,212437.48,3469.02,242857.14,18.70,35.60,104,498
16:21:39,212437.48,3275.91,240948.28,18.90,35.60,111,415
16:22:39,278079.91,3769.76,254666.64,18.60,35.70,101,449
16:23:40,255851.78,3556.01,245751.64,18.30,35.70,103,366
16:24:40,299514.16,3615.50,244782.61,18.50,35.70,111,473
16:25:41,339935.25,3848.52,270046.06,18.50,35.70,102,521
16:26:41,304173.78,3630.57,247702.41,18.30,35.70,107,369
16:27:42,307029.25,3687.89,257078.64,18.40,35.70,109,373
16:28:42,219999.98,3009.72,221855.70,18.30,35.70,104,477
16:29:43,212437.48,3440.60,240948.28,18.50,35.80,108,301
16:30:43,222630.41,3497.72,242857.14,18.60,35.80,108,436
16:31:44,227822.20,3477.78,233970.30,18.70,35.90,104,550
16:32:44,225318.66,3384.62,237179.50,18.50,35.90,106,361
16:33:45,249156.56,3541.33,257718.13,18.30,35.90,106,490
16:34:45,203060.00,2868.92,201176.48,18.50,36.00,100,390
16:35:46,216723.38,3340.74,238709.69,18.70,36.00,114,485
16:36:46,219999.98,3275.91,222727.30,18.20,35.90,100,385
16:37:47,249156.56,3526.72,237179.50,18.20,35.90,102,504
16:38:47,278079.91,3600.52,242857.14,18.30,35.90,110,327
16:39:48,262329.03,3544.76,239139.78,18.50,35.90,127,599
16:40:48,205111.09,3337.93,229411.78,18.60,35.90,103,286
16:41:49,184477.08,3384.62,227139.89,18.70,35.90,102,334
16:42:49,168728.83,2985.71,212500.00,18.90,36.00,103,397
16:43:50,183467.89,3343.56,229535.88,19.00,36.00,106,345
16:44:50,214905.25,3497.72,227139.89,18.80,36.00,102,253
16:45:51,219999.98,3483.33,229831.95,18.50,36.00,102,457
16:46:51,175228.09,3191.85,219712.50,18.50,36.00,101,384
16:47:52,255851.78,3707.09,247702.41,18.50,36.10,112,481
16:48:52,259324.92,3645.71,248684.22,17.80,36.00,104,358
16:49:53,194192.31,3463.48,235820.91,18.00,36.00,97,470
16:50:53,192342.88,3556.01,244782.61,18.10,36.00,100,474
16:51:54,175421.08,3497.72,240000.00,18.00,36.00,101,459
16:52:54,170170.97,3297.31,219712.50,18.20,36.00,96,331
16:53:55,210020.61,3645.71,246724.89,18.20,36.00,103,425
16:54:55,219053.75,3562.98,238279.58,18.10,36.00,97,431
16:55:56,175421.08,3357.04,208383.23,18.30,36.00,96,566
16:56:56,170359.00,3412.47,215853.64,18.50,36.00,103,303
16:57:57,134923.13,3030.77,205566.61,18.40,36.00,95,474
16:58:57,198647.05,3440.60,214170.03,18.60,36.10,93,559
16:59:58,252463.36,3426.50,215010.13,18.30,36.00,94,408
17:0:58,180756.78,2915.00,191204.61,18.40,36.00,97,444
17:1:59,176973.47,3230.92,198440.56,18.70,36.00,107,474
17:2:59,166571.45,3327.09,205566.61,18.70,36.00,99,631
17:4:0,125098.09,3184.21,201964.64,18.60,36.00,91,555
17:5:0,167126.08,3469.02,220987.63,18.80,36.00,100,407
17:6:1,205333.33,3707.09,239055.80,18.20,36.00,97,467
17:7:1,204888.88,3472.22,227196.66,18.00,36.00,91,318
17:8:2,195864.09,3509.92,230379.77,18.00,35.90,92,334
17:9:2,173704.38,3171.36,210843.36,18.10,35.90,95,566
17:10:3,212437.48,3738.26,239055.80,18.10,35.90,104,430
17:11:3,152294.61,3016.71,205555.55,18.00,36.00,100,459
17:12:4,166941.20,3365.35,214604.44,18.10,35.90,113,578
17:13:4,182000.02,3354.46,213793.08,18.20,36.00,105,524
17:14:5,214905.25,3483.33,214170.03,18.10,36.00,107,343
17:15:5,214905.25,3289.27,206759.44,18.00,36.00,110,344
17:16:6,290583.22,3556.01,218404.89,17.90,36.00,103,439
17:17:6,282135.03,3275.91,222727.30,17.80,36.00,98,431
17:18:7,262886.00,3440.60,226250.00,17.90,36.00,116,492
17:19:7,323569.06,3742.33,245851.53,17.80,36.10,107,425
17:20:8,353099.75,3722.63,241900.66,17.70,36.20,107,337
17:21:8,313581.91,3535.71,238626.61,17.40,36.10,104,358
17:22:9,290583.22,3454.77,211670.00,17.50,36.10,102,452
17:23:9,304173.78,3009.72,217551.02,17.50,36.10,102,333
17:24:10,437306.56,3866.31,261851.02,17.20,36.10,106,293
17:25:10,379892.53,3108.02,246724.89,16.60,36.00,94,296
17:26:11,372841.81,3932.43,258744.38,17.20,36.00,103,419
17:27:11,489500.47,3966.03,262895.91,16.60,35.90,108,517
17:28:12,419294.53,3866.31,251655.63,16.90,35.80,117,607
17:29:12,385599.66,3762.23,251884.69,17.20,35.80,101,261
17:30:13,379892.53,3833.78,257718.13,17.20,35.80,103,443
17:31:13,371683.91,3752.25,248351.64,17.20,35.80,97,308
17:32:14,366034.22,3785.64,271428.59,17.40,35.80,106,473
17:33:14,387199.66,3932.43,261851.02,17.20,35.90,108,329
17:34:15,428120.44,3899.19,253658.52,16.90,35.90,103,306
17:35:15,386799.66,3763.93,248245.61,16.80,35.90,98,281
17:36:16,410384.22,3993.94,268807.31,16.90,35.90,109,335
17:37:16,379499.69,3393.03,253215.06,17.10,35.90,115,397
17:38:17,523707.84,4458.93,281990.53,17.40,35.80,111,290
17:39:17,446875.44,3882.70,266059.22,17.30,35.70,101,295
17:40:18,476667.16,4193.16,283412.34,17.60,35.70,109,388
17:41:18,540650.56,4380.70,281411.78,17.60,35.60,111,378
17:42:19,419294.53,3707.09,251655.63,17.70,35.50,106,423
17:43:19,410807.31,3899.19,261851.02,17.90,35.50,100,373
17:44:20,394777.44,3850.00,261851.02,18.10,35.50,109,302
17:45:20,372841.81,3817.65,268192.19,18.30,35.50,98,347
17:46:21,346950.59,3526.72,252654.84,18.30,35.60,107,423
17:47:21,323230.59,3705.26,252328.14,18.50,35.70,109,284
17:48:22,335237.88,3882.70,263945.56,18.60,35.80,103,564
17:49:22,357965.81,3762.23,260045.14,18.40,35.80,108,623
17:50:23,262886.00,3570.77,239055.80,18.30,35.80,107,420
17:51:23,270285.63,3357.04,238115.63,18.40,35.90,103,450
17:52:24,299514.16,3600.52,242857.14,18.40,35.90,108,322
17:53:24,290277.66,3624.87,246288.20,18.60,36.00,104,369
17:54:25,270285.63,3585.60,243817.78,18.70,36.00,103,478
17:55:25,322553.66,3617.14,239740.83,18.80,36.00,106,354
17:56:26,299514.16,3570.77,243817.78,18.80,36.10,107,493
17:57:26,329656.06,3753.97,254666.64,18.60,36.10,104,388
17:58:27,335237.88,3615.50,251655.63,18.60,36.10,106,443
17:59:27,323907.50,3550.38,242424.25,18.60,36.00,101,436
18:0:28,313910.28,3645.71,249670.31,18.70,36.00,104,413
18:1:28,278079.91,3556.01,241900.66,18.80,36.10,101,312
18:2:29,345868.63,3848.52,255357.13,18.80,36.10,103,336
18:3:29,329656.06,3630.57,245751.64,18.70,36.10,104,381
18:4:30,294985.78,3615.50,248684.22,18.70,36.00,102,453
18:5:30,353099.75,3769.76,247702.41,18.90,36.10,98,315
18:6:31,308970.44,3645.71,243817.78,18.80,36.10,104,431
18:7:31,282135.03,3556.01,245751.64,18.90,36.10,103,446
18:8:32,316666.47,3605.71,246593.39,19.00,36.10,102,290
18:9:32,351999.78,3736.51,248351.64,19.00,36.10,94,491
18:10:33,346589.94,3860.38,265603.63,19.00,36.10,100,477
18:11:33,317999.81,3598.45,247368.42,19.00,36.10,99,396
18:12:34,274131.47,3541.33,239055.80,19.00,36.10,97,302
18:13:34,294985.78,3600.52,243817.78,19.10,36.10,95,446
18:14:35,318999.81,3526.72,240948.28,19.00,36.10,104,419
18:15:35,446875.44,3949.18,257718.13,19.00,36.10,94,355
18:16:36,378321.13,3746.42,254910.70,19.00,36.10,100,669
18:17:36,318999.81,3676.24,244782.61,19.30,36.00,92,686
18:18:37,299514.16,3707.09,249670.31,19.30,36.00,95,421
18:19:37,278079.91,3660.94,249670.31,19.30,36.10,96,332
18:20:38,277199.91,3598.45,244444.45,19.40,36.10,99,439
18:21:38,290583.22,3570.77,245751.64,19.40,36.10,95,453
18:22:39,318999.81,3556.01,236247.34,19.40,36.10,97,541
18:23:39,282135.03,3512.18,232558.16,19.30,36.10,95,409
18:24:40,233749.95,3440.60,231645.58,19.30,36.10,98,428
18:25:40,236436.73,3477.78,233970.30,19.50,36.20,100,472
18:26:41,192342.88,3070.73,215853.64,19.50,36.20,90,453
18:27:41,212437.48,3483.33,237179.50,19.60,36.20,102,505
18:28:42,238930.19,3583.50,246389.50,19.60,36.20,96,301
18:29:42,230876.38,3541.33,234394.92,19.70,36.20,92,447
18:30:43,249156.56,3541.33,236247.34,19.80,36.20,94,471
18:31:43,259324.92,3615.50,248684.22,19.80,36.30,104,550
18:32:44,285999.88,3609.82,241468.69,19.70,36.30,105,331
18:33:44,277786.56,3506.60,236752.14,19.70,36.20,99,398
18:34:45,225076.89,3115.37,208800.00,19.80,36.20,104,329
18:35:45,282135.03,3426.50,228930.83,19.80,36.20,105,287
18:36:46,285999.88,3449.25,235820.91,19.70,36.20,110,228
18:37:46,252463.36,3133.18,220123.17,19.70,36.20,106,259
18:38:47,299514.16,3630.57,258744.38,19.70,36.20,102,593
18:39:47,294985.78,3483.33,240948.28,19.70,36.10,98,289
18:40:48,318666.47,3670.50,248245.61,19.70,36.10,105,386
18:41:48,255851.78,3197.12,227139.89,19.80,36.00,112,401
18:42:49,299199.84,3609.82,249230.77,19.80,36.00,110,353
18:43:49,335237.88,3932.43,268192.19,20.10,36.00,108,444
18:44:50,335237.88,3526.72,240948.28,20.10,36.00,102,267
18:45:50,286301.25,3197.12,229831.95,20.10,36.00,109,317
18:46:51,335237.88,3785.64,262895.91,19.90,35.90,102,432
18:47:51,377142.53,3682.10,251555.55,19.90,35.90,110,444
18:48:52,394777.44,4034.35,269266.03,20.00,35.80,103,482
18:49:52,262886.00,2915.00,210020.03,19.90,35.80,110,291
18:50:53,329656.06,3412.47,247702.41,19.90,35.80,109,386
18:51:53,340999.78,3738.26,255679.27,19.90,35.90,107,292
18:52:54,335237.88,3630.57,252654.84,20.00,35.80,107,458
18:53:54,366034.22,3738.26,258744.38,20.20,35.80,108,366
18:54:55,318999.81,3660.94,258744.38,20.20,35.70,114,378
18:55:55,335237.88,3817.65,260810.78,20.20,35.80,109,361
18:56:56,329656.06,3541.33,241900.66,20.20,35.80,115,362
18:57:56,308970.44,3556.01,258744.38,20.10,35.80,105,432
18:58:57,353099.75,3722.63,253658.52,20.20,35.80,107,365
18:59:57,245928.52,3483.33,237179.50,20.20,35.80,107,300
19:0:58,233749.95,3302.69,231645.58,20.40,35.80,107,359
19:1:58,236689.61,3660.94,251655.63,20.40,35.80,102,427
19:2:59,270285.63,3645.71,248684.22,20.20,35.90,108,443
19:3:59,252195.06,3449.25,233970.30,20.20,35.80,111,409
19:5:0,198647.05,2961.93,215853.64,20.20,35.80,105,390
19:6:0,192342.88,3236.23,231645.58,20.00,35.80,106,448
19:7:1,170359.00,2973.79,217551.02,20.10,35.80,108,522
19:8:1,182600.02,3384.62,238115.63,20.00,35.90,105,360
19:9:2,194403.84,3384.62,235319.14,20.10,35.90,107,510
19:10:2,155212.64,2997.69,212500.00,20.10,35.90,102,376
19:11:3,175228.09,3463.48,252212.38,20.00,35.90,102,377
19:12:3,217191.47,3421.00,247264.78,20.20,36.00,104,286
19:13:4,228066.64,3275.91,225363.83,19.80,35.90,103,452
19:14:4,255851.78,3541.33,241900.66,19.70,35.90,103,529
19:15:5,203060.00,3302.69,237179.50,19.70,35.80,108,421
19:16:5,177168.16,3158.57,223602.50,19.80,35.80,101,370
19:17:6,206979.58,3598.45,249339.20,19.90,35.80,111,415
19:18:6,228066.64,3676.24,244782.61,19.80,35.80,99,551
19:19:7,204222.20,3413.03,243572.98,19.80,35.70,103,330
19:20:7,180756.78,3454.77,240948.28,19.90,35.70,104,438
19:21:8,195650.50,3699.47,257977.52,20.00,35.70,101,653
19:22:8,207653.05,3526.72,245751.64,19.80,35.70,101,476
19:23:9,170359.00,3483.33,241900.66,19.80,35.60,106,525
19:24:9,166571.45,3327.09,231289.66,19.90,35.60,100,396
19:25:10,178946.44,3570.77,240000.00,20.00,35.60,103,299
19:26:10,175421.08,3497.72,242857.14,20.10,35.60,101,337
19:27:11,151123.11,3440.60,230736.84,20.10,35.50,98,323
19:28:11,153828.16,3302.69,229831.95,20.20,35.60,97,373
19:29:12,135384.66,3398.51,223602.50,20.10,35.50,102,428
19:30:12,145955.25,3469.02,233474.58,20.10,35.50,98,363
19:31:13,138757.19,3440.60,228033.48,20.10,35.60,107,480
19:32:13,129621.67,3354.46,223236.53,20.20,35.50,94,457
19:33:14,113578.28,2823.66,199609.38,20.30,35.60,100,545
19:34:14,109614.02,3009.72,207569.72,20.10,35.50,99,389
19:35:15,118662.46,3275.91,230736.84,20.00,35.60,96,297
19:36:15,126609.23,3220.29,237768.23,19.90,35.60,96,538
19:37:16,153828.16,3483.33,239055.80,19.90,35.60,101,471
19:38:16,164266.69,3531.28,242701.53,19.90,35.50,112,455
19:39:17,156619.08,3526.72,238115.63,20.00,35.40,101,328
19:40:17,143485.33,3329.73,232558.16,20.10,35.40,97,445
19:41:18,143000.03,3495.43,235897.44,20.10,35.40,111,544
19:42:18,133986.16,3501.02,237259.09,20.10,35.30,98,366
19:43:19,149129.81,3461.11,235470.09,20.20,35.30,93,500
19:44:19,138757.19,3289.27,228033.48,20.10,35.30,100,576
19:45:20,135384.66,3440.60,229831.95,20.10,35.30,94,379
19:46:20,127046.41,3289.27,226250.00,20.20,35.30,106,439
19:47:21,130952.43,3449.25,233050.84,20.30,35.20,95,410
19:48:21,134291.70,3440.60,231645.58,20.20,35.20,94,379
19:49:22,128040.05,3483.33,236247.34,20.30,35.20,96,427
19:50:22,127893.38,3310.78,231223.64,20.20,35.20,111,607
19:51:23,130067.62,3454.77,235319.14,20.20,35.10,101,333
19:52:23,131102.09,3497.72,238115.63,20.20,35.10,110,617
19:53:24,123199.95,3120.57,224481.34,20.30,35.10,103,324
19:54:24,110388.21,3145.84,215853.64,20.20,35.10,106,624
19:55:25,114266.64,3393.03,233050.84,20.40,35.10,106,401
19:56:25,107344.80,3440.60,228930.83,20.30,35.00,109,472
19:57:26,115231.68,3426.50,236247.34,20.30,35.00,104,261
19:58:26,115803.65,3401.50,231712.50,20.20,35.00,104,331
19:59:27,128751.72,3501.02,238197.42,20.20,35.00,100,422
20:0:27,136493.00,3600.52,247702.41,20.20,35.00,108,209
20:1:28,143485.33,3570.77,241900.66,20.20,35.00,113,338
20:2:28,127046.41,3223.13,219262.27,19.90,34.90,116,476
20:3:29,126065.84,3343.35,228930.83,20.00,34.90,110,453
20:4:29,132150.73,3556.01,240000.00,20.00,34.80,102,354
20:5:30,126065.84,3021.81,210843.36,20.00,34.80,111,395
20:6:30,126065.84,3440.60,238115.63,20.10,34.70,107,475
20:7:31,128899.37,3550.38,241468.69,20.10,34.80,105,541
20:8:31,139280.63,3548.20,249889.63,20.20,34.70,98,364
20:9:32,121350.27,3171.36,212500.00,20.20,34.70,109,405
20:10:32,135384.66,3541.33,240948.28,20.30,34.70,110,456
20:11:33,134291.70,3570.77,248684.22,20.40,34.70,108,288
20:12:33,122269.19,3497.72,239055.80,20.40,34.60,103,416
20:13:34,112766.44,3469.02,241900.66,20.60,34.60,120,534
20:14:34,108848.82,3483.33,239055.80,20.60,34.60,107,367
20:15:35,104314.59,3449.25,235820.91,20.70,34.60,124,409
20:16:35,105152.52,3541.33,240000.00,20.70,34.60,112,443
20:17:36,106605.70,3497.72,241900.66,20.70,34.60,104,345
20:18:36,103033.32,3454.77,235319.14,20.70,34.60,100,394
20:19:37,113313.22,3530.10,244880.17,20.70,34.60,167,470
20:20:37,116073.59,3556.01,240000.00,20.70,34.60,112,305
20:21:38,141795.66,3674.35,251327.42,20.70,34.50,107,303
20:22:38,138757.19,3526.72,242857.14,20.60,34.50,102,542
20:23:39,127046.41,3526.72,240948.28,20.70,34.50,113,361
20:24:39,126065.84,3570.77,244782.61,20.70,34.40,106,451
20:25:40,114399.97,3497.72,246724.89,20.80,34.50,105,366
20:26:40,123199.95,3556.01,241900.66,20.80,34.40,105,438
20:27:41,119886.04,3518.88,244008.72,20.90,34.40,103,446
20:28:41,109485.36,3365.35,234893.61,21.00,34.40,103,469
20:29:42,108848.82,3497.72,237179.50,20.90,34.30,105,364
20:30:42,105874.98,3469.02,235319.14,21.00,34.40,103,263
20:31:43,118249.96,3598.45,247368.42,21.00,34.40,104,433
20:32:43,103731.83,3469.02,236247.34,20.90,34.40,105,332
20:33:44,105874.98,3526.72,237179.50,21.00,34.30,105,520
20:34:44,95832.45,3302.69,229831.95,21.00,34.30,106,375
20:35:45,98352.93,3454.77,233474.58,21.40,34.30,102,469
20:36:45,96105.26,3438.19,234042.55,21.10,34.30,100,360
20:37:46,103033.32,3469.02,237179.50,21.20,34.30,100,396
20:38:46,97712.76,3412.47,228930.83,21.20,34.30,103,480
20:39:47,98352.93,3302.69,223602.50,21.20,34.30,101,420
20:40:47,107965.30,3337.93,232135.33,21.20,34.20,102,428
20:41:48,106605.70,3440.60,232558.16,21.10,34.20,104,245
20:42:48,122269.19,3600.52,244782.61,21.30,34.20,98,372
20:43:49,142277.41,3615.50,242857.14,21.20,34.10,100,314
20:44:49,130067.62,3426.50,239055.80,21.30,34.10,105,276
20:45:50,135384.66,3512.18,236247.34,21.40,34.10,99,438
20:46:50,152625.05,3605.71,242701.53,21.30,34.00,102,356
20:47:51,137617.06,3454.77,232558.16,21.30,34.00,106,504
20:48:51,177168.16,3753.97,255679.27,21.40,34.00,104,399
20:49:52,168728.83,3600.52,242857.14,21.40,34.00,99,323
20:50:52,152465.16,3556.01,240000.00,21.40,34.00,102,523
20:51:53,149801.56,3645.71,248684.22,21.60,34.00,99,334
20:52:53,162475.44,3600.52,245751.64,21.20,33.90,97,358
20:53:54,180756.78,3660.94,250660.78,21.20,33.90,95,325
20:54:54,194403.84,3753.97,260810.78,21.20,33.80,99,382
20:55:55,210020.61,3707.09,248684.22,21.30,33.80,94,354
20:56:55,182000.02,3598.45,249339.20,21.40,33.80,97,409
20:57:56,165550.02,3384.62,234394.92,21.60,33.70,93,247
20:58:56,168728.83,3570.77,244782.61,21.50,33.70,95,335
20:59:57,190320.77,3645.71,249670.31,21.50,33.70,106,511
21:0:57,203060.00,3691.62,249670.31,21.60,33.60,104,421
21:1:58,249156.56,3738.26,251655.63,21.50,33.60,92,368
21:2:58,270285.63,3738.26,256696.41,21.50,33.60,94,488
21:3:59,222391.28,3463.48,241468.69,21.70,33.50,107,554
21:4:59,217425.52,3541.33,246724.89,21.70,33.50,93,329
21:6:0,222630.41,3660.94,244782.61,21.70,33.50,106,438
21:7:0,230876.38,3676.24,254666.64,21.80,33.50,101,400
21:8:1,255851.78,3882.70,256696.41,21.90,33.50,118,406
21:9:1,259324.92,3707.09,249670.31,21.80,33.40,96,393
21:10:2,216489.34,3699.47,249889.63,21.90,33.40,99,429
21:11:2,203060.00,3660.94,250660.78,21.90,33.40,103,427
21:12:3,182600.02,3600.52,249670.31,21.90,33.40,112,537
21:13:3,186185.20,3521.12,241468.69,22.00,33.40,98,285
21:14:4,210020.61,3676.24,246724.89,21.90,33.40,113,469
21:15:4,210020.61,3769.76,250660.78,22.00,33.30,106,264
21:16:5,214905.25,3676.24,247702.41,22.00,33.30,110,296
21:17:5,277199.91,3998.90,276635.53,22.00,33.30,102,334
21:18:6,282135.03,3817.65,255679.27,22.00,33.30,104,263
21:19:6,289666.53,3897.83,268965.50,22.20,33.20,114,529
21:20:7,282135.03,3707.09,256696.41,22.20,33.10,111,486
21:21:7,266256.31,3748.15,241468.69,22.20,33.10,112,264
21:22:8,239441.83,3594.84,251214.13,22.10,33.10,111,387
21:23:8,251658.48,3598.45,252328.14,22.20,33.10,104,404
21:24:9,252463.36,3722.63,259775.27,22.20,33.00,109,516
21:25:9,313910.28,3866.31,247702.41,22.40,33.00,115,271
21:26:10,281837.72,3795.73,269885.03,22.00,32.90,112,362
21:27:10,290583.22,3785.64,258744.38,22.10,32.90,108,347
21:28:11,217425.52,3223.13,231645.58,22.20,32.90,103,530
21:29:11,262886.00,3833.78,263945.56,21.90,32.90,101,439
21:30:12,266538.38,3785.64,258744.38,22.10,32.90,111,368
21:31:12,307352.78,3836.66,266972.44,22.10,32.80,99,382
21:32:13,286301.25,3850.00,268192.19,22.10,32.80,99,398
21:33:13,265692.22,3752.25,255357.13,22.10,32.80,101,444
21:34:14,262329.03,3789.87,260948.08,22.20,32.80,133,437
21:35:14,274131.47,3882.70,271428.59,22.20,32.80,108,466
21:36:15,299514.16,3882.70,270344.81,22.20,32.80,101,394
21:37:15,308970.44,3899.19,270344.81,22.30,32.80,105,361
21:38:16,262607.50,3701.31,257270.69,22.20,32.80,147,569
21:39:16,262886.00,3753.97,256696.41,22.30,32.80,99,359
21:40:17,274131.47,3753.97,255679.27,22.30,32.70,104,407
21:41:17,214905.25,3691.62,255679.27,22.30,32.70,107,436
21:42:18,227822.20,3748.15,262443.41,22.40,32.80,107,516
21:43:18,200396.03,3649.48,251769.89,22.40,32.80,109,446
21:44:19,194403.84,3541.33,244782.61,22.40,32.80,109,462
21:45:19,186388.91,3585.60,247702.41,22.50,32.80,114,487
21:46:20,214673.67,3670.50,259325.83,22.40,32.80,106,322
21:47:20,238674.38,3875.34,265296.78,22.30,32.80,98,423
21:48:21,228066.64,3223.13,231645.58,22.30,32.80,103,295
21:49:21,193769.23,3613.47,256375.84,22.10,32.70,109,377
21:50:22,233749.95,3691.62,249670.31,22.30,32.70,92,374
21:51:22,207653.05,3645.71,249670.31,22.30,32.60,104,412
21:52:23,194403.84,3526.72,253658.52,22.40,32.60,104,306
21:53:23,195650.50,3622.86,255928.41,22.40,32.60,104,425
21:54:24,177168.16,3454.77,238115.63,22.50,32.60,104,463
21:55:24,167983.06,3446.85,237339.05,22.40,32.60,96,261
21:56:25,153140.66,3504.33,238279.58,22.50,32.60,104,320
21:57:25,147052.67,3565.13,245315.91,22.50,32.60,101,370
21:58:26,168355.95,3680.10,249779.73,22.60,32.60,99,256
21:59:26,172017.27,3398.51,236247.34,22.60,32.50,108,702
22:0:27,173130.47,3613.47,256375.84,22.40,32.50,94,351
22:1:27,173704.38,3615.50,259775.27,22.60,32.40,98,351
22:2:28,181600.02,3316.26,228631.58,22.60,32.40,106,355
22:3:28,206530.59,3772.27,263781.31,22.50,32.30,99,350
22:4:29,196504.86,3676.24,260810.78,22.80,32.30,99,367
22:5:29,182600.02,3512.18,245751.64,22.90,32.20,101,361
22:6:30,182000.02,3659.01,252328.14,22.80,32.20,98,436
22:7:30,178750.02,3624.87,252212.38,22.90,32.20,101,548
22:8:31,159145.20,3559.49,241991.34,23.00,32.10,101,404
22:9:31,143323.56,3550.38,242424.25,23.10,32.20,101,348
22:10:32,153828.16,3615.50,246724.89,23.10,32.20,105,439
22:11:32,151953.53,3613.47,244444.45,23.10,32.20,97,364
22:12:33,149801.56,3454.77,251655.63,23.00,32.10,98,406
22:13:33,193557.69,3908.45,267431.16,22.90,32.20,100,347
22:14:34,172017.27,3329.73,238115.63,23.00,32.10,113,430
22:15:34,180756.78,3676.24,255679.27,22.90,32.00,94,276
22:16:35,175421.08,3600.52,251655.63,23.20,32.00,100,431
22:17:35,180162.19,3553.85,246389.50,23.20,32.00,94,364
22:18:36,165550.02,3645.71,256696.41,22.90,31.90,111,385
22:19:36,164000.02,3630.57,248684.22,22.90,31.90,89,346
22:20:37,165550.02,3615.50,250660.78,23.10,31.90,98,584
22:21:37,148500.03,3570.77,247702.41,23.00,31.90,103,364
22:22:38,142277.41,3570.77,244782.61,23.00,31.90,98,413
22:23:38,147218.08,3630.57,246724.89,23.30,32.00,101,383
22:24:39,136493.00,3384.62,238115.63,23.30,32.00,96,310
22:25:39,135384.66,3454.77,242857.14,22.80,31.90,98,428
22:26:40,138757.19,3512.18,243817.78,22.90,31.90,103,417
22:27:40,121350.27,3275.91,229831.95,23.30,32.00,90,318
22:28:41,126755.02,3559.49,244880.17,23.00,32.00,93,390
22:29:41,129047.02,3615.50,249670.31,23.10,32.00,102,389
22:30:42,123199.95,3512.18,242857.14,23.20,32.00,110,419
22:31:42,124142.81,3556.01,243817.78,23.40,32.00,108,463
22:32:43,121987.14,3544.76,246827.14,23.20,31.90,105,389
22:33:43,123199.95,3585.60,246724.89,23.20,31.90,104,300
22:34:44,126065.84,3585.60,248684.22,23.30,32.00,121,441
22:35:44,128604.07,3233.41,219753.06,23.20,31.90,108,316
22:36:45,131698.67,3233.41,234968.03,23.10,32.00,109,305
22:37:45,153828.16,3691.62,257718.13,22.80,31.90,110,395
22:38:46,160260.20,3683.99,254910.70,23.20,31.80,108,532
22:39:46,144711.16,3615.50,250660.78,23.40,31.80,102,432
22:40:47,144806.00,3682.10,256629.20,23.50,31.80,110,479
22:41:47,130067.62,3585.60,247702.41,23.40,31.80,114,440
22:42:48,139913.70,3660.94,256696.41,23.50,31.80,113,344
22:43:48,137305.00,3574.29,250772.63,23.50,31.70,112,328
22:44:49,147052.67,3732.45,261399.55,23.50,31.70,102,227
22:45:49,134291.70,3483.33,248684.22,23.50,31.70,108,451
22:46:50,129047.02,3497.72,240000.00,23.50,31.70,100,273
22:47:50,134307.73,3402.00,224217.09,23.70,31.70,105,409
22:48:51,149801.56,3691.62,257718.13,23.30,31.70,119,355
22:49:51,153828.16,3541.33,241900.66,23.60,31.60,105,299
22:50:52,164000.02,3556.01,247702.41,23.50,31.60,102,439
22:51:52,166571.45,3689.76,259459.44,23.70,31.50,111,252
22:52:53,178946.44,3785.64,267123.28,23.80,31.50,107,351
22:53:53,168728.83,3753.97,264999.97,23.90,31.50,106,449
22:54:54,165550.02,3722.63,260810.78,24.00,31.40,102,473
22:55:54,162295.11,3506.60,262443.41,24.10,31.40,104,426
22:56:55,173704.38,3753.97,271428.59,24.00,31.40,108,458
22:57:55,207653.05,3707.09,267123.28,24.20,31.30,105,313
22:58:56,212437.48,3738.26,263945.56,24.30,31.20,101,308
22:59:56,209340.19,3784.00,276635.53,24.40,31.20,108,388
23:0:57,205333.33,3753.97,274710.00,24.50,31.20,103,591
23:1:57,198000.00,3800.00,271131.63,24.50,31.20,100,383
23:2:58,204888.88,3854.45,271593.50,24.50,31.10,105,424
23:3:58,184477.08,3738.26,264999.97,24.60,31.10,135,431
23:4:59,162295.11,3506.60,254222.20,24.60,31.10,108,468
23:5:59,155212.64,3645.71,253658.52,24.40,31.10,102,512
23:7:0,169794.91,3705.26,260496.61,24.60,31.10,99,215
23:8:0,196504.86,3850.00,269266.03,24.60,31.10,105,442
23:9:1,212437.48,3817.65,267123.28,24.60,31.10,105,414
23:10:1,233749.95,3817.65,267123.28,24.60,31.00,99,327
23:11:2,186388.91,3454.77,243817.78,24.70,31.00,107,366
23:12:2,194403.84,3691.62,256696.41,24.50,31.00,102,388
23:13:3,196504.86,3738.26,269266.03,24.40,30.90,104,354
23:14:3,188336.47,3600.52,262895.91,24.50,30.90,99,401
23:15:4,178750.02,3701.31,261399.55,24.40,30.90,108,411
23:16:4,168728.83,3541.33,251655.63,24.50,30.90,103,333
23:17:5,163636.39,3443.72,254788.39,24.40,30.90,99,379
23:18:5,172017.27,3707.09,261851.02,24.30,30.90,108,268
23:19:6,163818.20,3640.00,251214.13,24.70,30.90,102,401
23:20:6,179369.39,3697.63,261818.16,24.70,30.90,102,371
23:21:7,160975.64,3512.18,261851.02,24.60,30.90,94,231
23:22:7,170359.00,3384.62,249670.31,24.60,30.90,100,506
23:23:8,170359.00,3469.02,252654.84,24.40,30.90,109,338
23:24:8,180756.78,3707.09,256696.41,24.50,30.90,101,402
23:25:9,200831.69,3817.65,268192.19,24.90,30.80,101,353
23:26:9,168728.83,3357.04,239055.80,25.10,30.70,100,490
23:27:10,159322.63,3379.16,249230.77,24.70,30.70,99,403
23:28:10,178946.44,3440.60,256696.41,24.70,30.70,100,442
23:29:11,173704.38,3691.62,260810.78,24.80,30.70,107,428
23:30:11,188336.47,3738.26,260810.78,25.10,30.70,101,378
23:31:12,167126.08,3585.60,254666.64,25.20,30.70,97,411
23:32:12,212437.48,3866.31,270344.81,25.10,30.70,108,475
23:33:13,205333.33,3707.09,261851.02,25.30,30.60,111,500
23:34:13,186388.91,3707.09,255679.27,25.50,30.50,96,536
23:35:14,180756.78,3738.26,263945.56,25.50,30.50,91,303
23:36:14,186388.91,3738.26,263945.56,25.50,30.50,102,415
23:37:15,165000.02,3396.01,248351.64,25.50,30.50,95,532
23:38:15,187719.64,3768.09,264692.47,25.10,30.50,92,516
23:39:16,190320.77,3676.24,254666.64,25.40,30.50,96,476
23:40:16,175421.08,3660.94,255679.27,25.40,30.50,95,577
23:41:17,178946.44,3630.57,247702.41,25.40,30.60,97,313
23:42:17,193769.23,3800.00,267889.88,25.30,30.60,107,350
23:43:18,190320.77,3585.60,257718.13,25.50,30.60,86,415
23:44:18,186388.91,3691.62,256696.41,25.30,30.50,96,295
23:45:19,198647.05,3753.97,261851.02,25.60,30.50,95,338
23:46:19,196291.27,3732.45,268807.31,25.70,30.40,104,374
23:47:20,198431.36,3748.15,262443.41,25.70,30.40,108,412
23:48:20,184275.23,3565.13,255233.83,25.80,30.40,108,457
23:49:21,189905.67,3680.10,256823.27,25.60,30.40,98,358
23:50:21,203060.00,3785.64,260810.78,25.70,30.40,93,309
23:51:22,194403.84,3707.09,262895.91,25.80,30.30,97,242
23:52:22,180756.78,3707.09,259775.27,25.70,30.40,108,459
23:53:23,182000.02,3689.76,257399.09,25.80,30.40,111,323
23:54:23,177168.16,3676.24,255679.27,25.70,30.40,113,277
23:55:24,162114.78,3649.48,261990.92,25.80,30.40,101,291
23:56:24,152465.16,3615.50,253658.52,25.80,30.40,102,274
23:57:25,156444.48,3716.84,261399.55,25.70,30.40,103,514
23:58:25,149801.56,3615.50,249670.31,25.70,30.50,109,329
23:59:26,135384.66,3585.60,252654.84,25.70,30.50,114,338
