Hora,O3,NO2,CO,Humedad,Temperatura,P25,P10
0:0:26,127046.41,3556.01,251655.63,25.70,30.50,111,310
0:1:27,134291.70,3426.50,241900.66,25.70,30.50,102,254
0:2:27,135384.66,3630.57,255679.27,25.20,30.50,111,364
0:3:28,129047.02,3600.52,249670.31,25.50,30.50,103,376
0:4:28,129047.02,3660.94,257718.13,25.50,30.50,100,371
0:5:29,127046.41,3570.77,250660.78,25.50,30.50,118,368
0:6:29,128899.37,3640.00,256249.98,25.50,30.60,104,343
0:7:30,122269.19,3630.57,249670.31,25.40,30.60,103,437
0:8:30,142277.41,3769.76,259775.27,25.40,30.60,113,467
0:9:31,128040.05,3526.72,249670.31,25.40,30.60,97,322
0:10:31,131102.09,3600.52,249670.31,25.60,30.50,107,390
0:11:32,128751.72,3574.29,247807.02,25.70,30.50,108,425
0:12:32,121987.14,3574.29,252771.61,25.80,30.50,111,395
0:13:33,133213.84,3707.09,258744.38,25.70,30.50,107,459
0:14:33,123199.95,3440.60,238115.63,25.60,30.50,102,421
0:15:34,133986.16,3664.75,259909.89,25.40,30.50,104,288
0:16:34,138285.77,3628.57,266819.19,25.60,30.40,101,201
0:17:35,133213.84,3645.71,259775.27,25.50,30.40,100,432
0:18:35,143000.03,3720.84,265753.41,25.60,30.40,108,377
0:19:36,144548.19,3732.45,262443.41,25.60,30.40,105,428
0:20:36,131102.09,3526.72,244782.61,25.60,30.40,102,376
0:21:37,127893.38,3449.25,252212.38,25.50,30.40,109,493
0:22:37,130067.62,3691.62,266059.22,25.40,30.40,113,552
0:23:38,123199.95,3526.72,258744.38,25.70,30.40,112,553
0:24:38,139913.70,3817.65,269266.03,25.60,30.40,104,386
0:25:39,142277.41,3707.09,266059.22,25.70,30.30,103,434
0:26:39,145955.25,3676.24,255679.27,25.80,30.20,99,474
0:27:40,143323.56,3670.50,260360.34,26.00,30.20,106,323
0:28:40,155212.64,3691.62,260810.78,26.00,30.20,117,470
0:29:41,158048.03,3691.62,259775.27,26.00,30.10,107,383
0:30:41,171827.61,3748.15,263492.03,26.10,30.10,105,368
0:31:42,174649.14,3715.04,270669.72,26.20,30.10,99,285
0:32:42,160975.64,3753.97,261851.02,26.20,30.10,103,313
0:33:43,177168.16,3801.60,267123.28,26.30,30.10,105,394
0:34:43,177168.16,3801.60,269266.03,26.40,30.00,100,390
0:35:44,153828.16,3585.60,255679.27,26.40,30.00,104,185
0:36:44,136493.00,3600.52,253658.52,26.30,30.00,104,415
0:37:44,146721.84,3659.01,258426.95,26.40,30.10,129,354
0:38:45,143485.33,3691.62,261851.02,26.50,30.00,122,467
0:39:45,136493.00,3615.50,250660.78,26.60,30.00,99,369
0:40:46,134923.13,3598.45,256375.84,26.60,30.10,98,299
0:41:46,135384.66,3645.71,254666.64,26.50,30.10,99,376
0:42:47,128040.05,3615.50,253658.52,26.70,30.10,100,404
0:43:47,125631.53,3613.47,253333.31,26.70,30.10,97,519
0:44:48,118662.46,3556.01,248684.22,26.70,30.10,97,516
0:45:48,115231.68,3556.01,248684.22,26.70,30.10,97,416
0:46:49,120443.00,3600.52,248684.22,26.80,30.10,100,297
0:47:49,124142.81,3541.33,254666.64,26.80,30.10,101,421
0:48:50,128604.07,3674.35,255357.13,26.70,30.10,104,310
0:49:50,134291.70,3645.71,251655.63,26.60,30.00,101,480
0:50:51,132758.67,3643.75,255357.13,26.70,30.10,98,542
0:51:51,131102.09,3512.18,241900.66,26.70,30.10,99,344
0:52:52,147218.08,3676.24,256696.41,26.40,30.00,97,286
0:53:52,153312.53,3674.35,266819.19,26.40,29.90,98,279
0:54:53,178946.44,3785.64,266059.22,26.60,29.90,100,348
0:55:53,162475.44,3707.09,262895.91,26.80,29.80,104,490
0:56:54,155212.64,3660.94,256696.41,26.90,29.70,110,350
0:57:54,148500.03,3600.52,249670.31,26.80,29.80,93,412
0:58:55,137617.06,3497.72,246724.89,26.90,29.80,94,323
0:59:55,151123.11,3738.26,256696.41,26.70,29.80,178,557
1:0:56,153828.16,3630.57,255679.27,26.80,29.80,94,311
1:1:56,159500.03,3738.26,257718.13,26.60,29.70,99,481
1:2:57,159500.03,3676.24,257718.13,26.90,29.80,95,383
1:3:57,173130.47,3659.01,260496.61,26.90,29.70,94,461
1:4:58,158048.03,3676.24,256696.41,27.10,29.70,101,548
1:5:58,171827.61,3579.95,269885.03,27.00,29.70,103,429
1:6:59,202840.00,3811.76,266666.66,26.60,29.70,101,413
1:7:59,182600.02,3660.94,256696.41,26.90,29.60,105,434
1:9:0,194192.31,3732.45,260360.34,27.00,29.70,94,512
1:10:0,193557.69,3699.47,261085.95,26.90,29.60,100,537
1:11:1,185777.80,3720.84,259459.44,26.90,29.70,103,304
1:12:1,177168.16,3707.09,259775.27,27.00,29.60,110,411
1:13:2,180756.78,3722.63,257718.13,27.10,29.60,113,351
1:14:2,178160.73,3404.50,246929.83,27.10,29.60,102,484
1:15:3,210020.61,3801.60,263945.56,26.40,29.60,114,553
1:16:3,219999.98,3932.43,272517.34,27.00,29.50,107,578
1:17:4,236689.61,3833.78,267123.28,27.00,29.50,108,467
1:18:4,212437.48,3630.57,256696.41,27.00,29.40,113,389
1:19:5,266538.38,3932.43,278037.41,27.00,29.40,117,502
1:20:5,255851.78,3817.65,273611.13,27.10,29.30,106,233
1:21:6,255851.78,3899.19,275813.97,27.10,29.30,112,257
1:22:6,219999.98,3722.63,264999.97,27.20,29.30,103,332
1:23:7,258499.92,3981.82,283412.34,27.10,29.30,111,358
1:24:7,308970.44,3966.03,274710.00,27.20,29.20,119,289
1:25:8,282135.03,3899.19,270344.81,27.30,29.20,111,255
1:26:8,233749.95,3817.65,262895.91,27.30,29.10,107,394
1:27:9,245928.52,3817.65,266059.22,27.40,29.10,107,247
1:28:9,233749.95,3817.65,266059.22,27.40,29.20,116,471
1:29:10,230876.38,3738.26,267123.28,27.30,29.20,112,296
1:30:10,251658.48,3864.86,267889.88,27.00,29.30,126,476
1:31:11,233749.95,3615.50,258744.38,27.20,29.20,100,326
1:32:11,230876.38,3850.00,276923.09,26.90,29.20,100,369
1:33:12,230876.38,3866.31,278037.41,27.20,29.20,104,295
1:34:12,245928.52,3866.31,273611.13,27.10,29.20,104,327
1:35:13,262886.00,3882.70,273611.13,27.10,29.20,112,291
1:36:13,307999.84,4138.98,295145.63,27.20,29.10,108,236
1:37:14,289666.53,3768.09,270046.06,27.10,29.10,104,337
1:38:14,304173.78,3932.43,270344.81,27.00,29.00,105,286
1:39:15,313910.28,3932.43,272517.34,27.30,29.00,104,312
1:40:15,299514.16,3882.70,271428.59,27.30,29.00,110,253
1:41:16,313910.28,3932.43,279156.91,27.40,29.00,110,291
1:42:16,308646.91,3926.43,278688.53,27.40,29.00,101,373
1:43:17,266538.38,3738.26,269266.03,27.40,29.00,104,418
1:44:17,262607.50,3893.23,272055.44,27.30,29.00,105,276
1:45:18,255851.78,3982.97,280281.72,27.30,29.10,139,527
1:46:18,274131.47,3882.70,273611.13,27.20,29.00,136,374
1:47:19,278079.91,3753.97,273611.13,27.30,29.00,109,249
1:48:19,286301.25,3915.76,269266.03,27.00,29.10,104,232
1:49:20,334190.28,4068.16,290384.63,27.10,29.00,104,464
1:50:20,329656.06,3899.19,269266.03,27.20,29.00,108,208
1:51:21,304173.78,3966.03,283687.97,26.90,28.90,106,367
1:52:21,329656.06,3882.70,267123.28,26.90,28.90,107,363
1:53:22,308323.38,3903.80,271593.50,26.80,28.90,104,374
1:54:22,299514.16,3932.43,273611.13,27.00,28.90,100,411
1:55:23,308970.44,3866.31,272517.34,26.90,28.90,102,250
1:56:23,313910.28,3899.19,270344.81,27.00,28.90,104,247
1:57:24,327249.81,3974.59,276995.34,27.20,29.00,105,288
1:58:24,329656.06,3915.76,272517.34,27.10,29.00,108,272
1:59:25,299514.16,3866.31,262895.91,27.00,29.00,102,243
2:0:25,274131.47,3866.31,266059.22,27.10,29.00,100,241
2:1:26,252195.06,3732.45,259325.83,27.00,29.10,97,313
2:2:26,242517.61,3763.93,262443.41,26.80,29.10,101,304
2:3:27,252463.36,3707.09,261851.02,26.90,29.10,102,405
2:4:27,242517.61,3795.73,260360.34,26.60,29.10,99,279
2:5:28,245666.61,3811.76,262443.41,26.80,29.10,98,318
2:6:28,255851.78,3866.31,267123.28,26.80,29.10,109,367
2:7:29,236689.61,3541.33,243817.78,26.80,29.10,98,247
2:8:29,274131.47,3753.97,275813.97,26.50,29.10,99,344
2:9:30,339580.41,3975.76,276168.25,26.60,29.10,106,408
2:10:30,353099.75,4034.35,275813.97,26.90,29.10,102,301
2:11:31,324245.97,3915.76,270344.81,26.90,29.00,102,339
2:12:31,308970.44,3949.18,276923.09,27.00,29.00,107,307
2:13:32,353099.75,4051.67,274710.00,26.80,28.90,104,486
2:14:32,346589.94,4011.05,277570.13,26.80,28.90,109,310
2:15:33,346950.59,4034.35,276923.09,26.80,28.90,118,340
2:16:33,393962.59,4039.44,275990.69,26.80,28.90,108,535
2:17:34,353099.75,3932.43,270344.81,26.90,28.80,97,303
2:18:34,372841.81,3932.43,268192.19,27.00,28.80,95,404
2:19:35,318666.47,3926.43,270967.72,27.00,28.80,104,415
2:20:35,270285.63,3676.24,262895.91,27.00,28.80,90,336
2:21:36,290583.22,3850.00,263945.56,26.90,28.90,105,406
2:22:36,308970.44,3801.60,263945.56,26.80,28.90,91,348
2:23:37,299514.16,3866.31,272517.34,26.90,28.90,92,377
2:24:37,298257.00,3794.12,280660.41,26.80,28.90,94,352
2:25:38,277493.25,3742.33,265148.06,26.90,29.00,93,388
2:26:38,228066.64,3585.60,257718.13,26.60,28.90,86,415
2:27:39,299514.16,3932.43,270344.81,26.40,28.90,90,416
2:28:39,292816.78,3907.10,271461.69,26.70,28.90,93,438
2:29:39,262886.00,3932.43,275813.97,26.90,28.90,91,423
2:30:40,308970.44,3949.18,269266.03,26.80,28.90,86,248
2:31:40,334190.28,3981.82,274418.63,26.90,28.90,97,275
2:32:41,304173.78,3691.62,263945.56,26.90,28.80,100,424
2:33:41,407422.69,4072.47,281042.69,26.60,28.90,93,270
2:34:42,353099.75,3949.18,270344.81,26.90,28.80,101,428
2:35:42,379106.81,4074.30,279342.75,26.90,28.80,101,308
2:36:43,304173.78,3785.64,270344.81,27.00,28.70,107,468
2:37:43,324245.97,3882.70,266059.22,27.00,28.70,107,408
2:38:44,329656.06,3915.76,280281.72,27.10,28.70,105,346
2:39:44,329656.06,3691.62,256696.41,27.10,28.80,110,361
2:40:45,346950.59,3915.76,275813.97,26.80,28.80,111,262
2:41:45,328281.06,3504.33,262131.50,27.00,28.70,111,350
2:42:46,329656.06,3882.70,270344.81,26.50,28.70,110,318
2:43:46,318999.81,3932.43,270344.81,27.00,28.70,109,238
2:44:47,366034.22,3982.97,267123.28,27.20,28.70,111,293
2:45:47,318999.81,3899.19,267123.28,27.20,28.60,103,281
2:46:48,294366.06,3574.29,260948.08,27.20,28.60,108,365
2:47:48,318999.81,3850.00,264999.97,26.70,28.70,109,279
2:48:49,304173.78,3850.00,269266.03,27.10,28.70,113,456
2:49:49,313910.28,3801.60,264999.97,27.20,28.60,110,267
2:50:50,339935.25,3914.44,274418.63,27.10,28.50,110,397
2:51:50,346950.59,3932.43,271428.59,27.20,28.60,112,351
2:52:51,318999.81,4017.13,273611.13,27.30,28.60,106,430
2:53:51,365275.59,3937.16,283886.28,27.30,28.60,107,199
2:54:52,353099.75,3801.60,271428.59,27.30,28.60,106,344
2:55:52,353099.75,3949.18,264999.97,27.10,28.60,106,249
2:56:53,372841.81,4157.63,279156.91,27.20,28.60,103,348
2:57:53,372841.81,3966.03,272517.34,27.30,28.60,103,272
2:58:54,346950.59,4000.00,274710.00,27.30,28.50,102,327
2:59:54,359457.34,4086.59,276923.09,27.50,28.50,110,277
3:0:55,419294.53,4211.97,289473.72,27.50,28.50,111,267
3:1:55,363379.06,3487.53,266055.03,27.50,28.50,108,327
3:2:56,394777.44,3966.03,279156.91,26.80,28.50,111,231
3:3:56,335237.88,3932.43,272517.34,27.40,28.50,106,371
3:4:57,335237.88,3966.03,274710.00,27.60,28.50,98,352
3:5:57,366034.22,3722.63,259775.27,27.60,28.50,102,333
3:6:58,353099.75,3899.19,261851.02,27.30,28.50,98,249
3:7:58,304173.78,3526.72,252654.84,27.40,28.50,97,339
3:8:59,313910.28,4017.13,280281.72,27.00,28.50,106,331
3:9:59,379892.53,4051.67,275813.97,27.50,28.50,102,378
3:11:0,366034.22,3982.97,273611.13,27.70,28.40,102,331
3:12:0,353099.75,3738.26,266059.22,27.60,28.40,100,287
3:13:1,359457.34,4034.35,276923.09,27.30,28.50,100,285
3:14:1,394777.44,4086.59,272517.34,27.60,28.40,100,398
3:15:2,339935.25,3689.76,267889.88,27.60,28.40,104,297
3:16:2,379892.53,4069.08,274710.00,27.30,28.50,102,290
3:17:3,379106.81,4056.82,273781.94,27.60,28.50,114,363
3:18:3,410807.31,3966.03,271428.59,27.60,28.50,103,264
3:19:4,386799.66,4028.26,275348.88,27.70,28.50,97,359
3:20:4,402641.13,3949.18,270344.81,27.60,28.50,99,238
3:21:5,410807.31,4051.67,276923.09,27.60,28.50,101,372
3:22:5,387199.66,3966.03,279156.91,27.60,28.50,105,308
3:23:6,394777.44,3866.31,274710.00,27.60,28.60,102,360
3:24:6,394777.44,4104.20,276923.09,27.40,28.40,108,296
3:25:7,526390.75,4169.40,280941.19,27.60,28.50,110,264
3:26:7,387199.66,3966.03,278037.41,27.60,28.40,101,385
3:27:8,409961.16,3937.16,275990.69,27.60,28.40,102,398
3:28:8,402226.03,4080.45,282075.50,27.80,28.50,103,310
3:29:9,467261.34,4104.20,278037.41,27.60,28.50,109,329
3:30:9,387199.66,4034.35,284834.13,27.60,28.50,105,347
3:31:10,467261.34,4285.88,288305.50,27.40,28.40,98,316
3:32:10,570263.69,4248.71,283687.97,27.70,28.20,98,390
3:33:11,467261.34,4017.13,275813.97,27.90,28.10,95,372
3:34:11,478133.81,4034.35,276923.09,28.20,28.00,100,292
3:35:12,540100.56,4260.92,291346.16,28.20,28.00,93,306
3:36:12,456383.44,4187.50,285510.69,28.20,28.00,98,278
3:37:13,540650.56,4157.63,281411.78,28.20,28.00,96,369
3:38:13,501395.84,4175.64,281411.78,28.20,28.00,98,280
3:39:14,456851.53,4086.59,278037.41,28.20,28.10,109,471
3:40:14,488500.47,4074.30,275990.69,28.20,28.10,96,409
3:41:15,436408.59,3987.88,271593.50,28.20,28.10,94,226
3:42:15,446875.44,3982.97,268192.19,28.20,28.20,93,411
3:43:16,446875.44,3850.00,272517.34,28.10,28.20,93,418
3:44:16,387199.66,4051.67,274710.00,27.90,28.30,96,325
3:45:17,445500.44,4085.71,276635.53,27.90,28.20,92,448
3:46:17,386799.66,3827.88,266666.66,28.00,28.20,95,293
3:47:18,387199.66,4069.08,273611.13,27.80,28.20,94,366
3:48:18,446875.44,4017.13,270344.81,27.90,28.20,91,319
3:49:19,419294.53,4034.35,273611.13,28.00,28.20,94,379
3:50:19,359457.34,3932.43,270344.81,28.00,28.20,101,377
3:51:20,387199.66,3899.19,267123.28,28.10,28.20,99,279
3:52:20,379892.53,3882.70,268192.19,28.10,28.30,95,258
3:53:21,366034.22,4000.00,284834.13,27.80,28.30,99,364
3:54:21,478133.81,4017.13,272517.34,27.80,28.30,99,277
3:55:22,387199.66,4069.08,280281.72,27.90,28.30,102,408
3:56:22,456851.53,4157.63,281411.78,27.80,28.30,98,359
3:57:23,487500.47,4097.19,277283.38,27.70,28.30,96,296
3:58:23,394777.44,3899.19,268192.19,27.80,28.20,96,339
3:59:23,387199.66,3949.18,270344.81,28.00,28.20,101,311
4:0:24,402226.03,4011.05,273148.16,27.90,28.20,109,335
4:1:24,409538.06,3947.95,272222.19,28.00,28.20,113,232
4:2:25,359457.34,3915.76,268192.19,28.10,28.20,117,366
4:3:25,387199.66,3899.19,264999.97,28.10,28.30,114,324
4:4:26,385999.66,3689.76,263636.34,27.90,28.30,111,253
4:5:26,410807.31,3932.43,270344.81,27.60,28.30,113,281
4:6:27,425919.56,4021.11,272389.78,27.90,28.30,112,393
4:7:27,478133.81,4086.59,274710.00,27.80,28.30,114,222
4:8:28,428120.44,4034.35,274710.00,27.80,28.30,109,424
4:9:28,387199.66,3966.03,271428.59,27.80,28.40,104,279
4:10:29,444124.50,4015.00,275233.69,27.80,28.40,107,304
4:11:29,445500.44,4016.07,273317.88,27.80,28.40,102,274
4:12:30,446417.09,4169.40,276456.91,27.80,28.40,109,286
4:13:30,394777.44,3850.00,245751.64,27.80,28.40,114,317
4:14:31,499349.34,4205.14,278403.78,27.50,28.20,104,283
4:15:31,456851.53,4323.48,288305.50,27.90,28.10,110,461
4:16:32,584487.06,4361.40,298777.50,28.20,28.00,115,285
4:17:32,526927.38,3556.01,272517.34,28.30,28.00,101,361
4:18:33,540650.56,4230.29,291826.91,27.50,27.90,108,300
4:19:33,555077.44,4342.44,294202.91,28.20,27.80,107,331
4:20:34,526927.38,3882.70,275813.97,28.30,27.70,106,379
4:21:34,466304.81,4004.97,286190.47,28.20,27.70,111,400
4:22:35,489000.47,4115.73,277570.13,28.50,27.70,113,282
4:23:35,512286.22,4229.80,288038.31,28.50,27.70,100,496
4:24:36,540650.56,4248.71,283687.97,28.40,27.80,96,189
4:25:36,456851.53,3932.43,293012.06,28.30,27.80,97,308
4:26:37,540650.56,4211.97,285985.75,27.90,27.80,110,459
4:27:37,513857.66,4104.20,280281.72,28.20,27.70,107,325
4:28:38,584487.06,4175.00,282269.53,28.40,27.70,110,272
4:29:38,419294.53,3899.19,274710.00,28.40,27.70,110,346
4:30:39,456851.53,4086.59,280281.72,28.20,27.70,106,293
4:31:39,501395.84,4211.97,283687.97,28.30,27.70,103,402
4:32:40,456851.53,4104.20,279156.91,28.30,27.80,108,445
4:33:40,437306.56,4121.91,278037.41,28.30,27.80,109,324
4:34:41,586270.88,4193.75,290647.50,28.20,27.80,106,320
4:35:41,553385.13,4229.80,285714.28,28.20,27.80,113,361
4:36:42,540100.56,4115.73,290167.88,28.40,27.80,97,304
4:37:42,501395.84,4104.20,285985.75,28.50,27.80,98,274
4:38:43,489000.47,4187.50,286666.66,28.60,27.70,100,250
4:39:43,489500.47,4051.67,280281.72,28.60,27.70,100,218
4:40:44,419294.53,4139.72,288305.50,28.60,27.70,99,396
4:41:44,456851.53,3801.60,268192.19,28.60,27.80,95,230
4:42:45,540650.56,4121.91,283687.97,28.30,27.80,96,362
4:43:45,476667.16,4266.86,290384.63,28.50,27.80,104,430
4:44:46,586270.88,4285.88,285985.75,28.60,27.80,104,327
4:45:46,428120.44,3833.78,262895.91,28.70,27.70,107,356
4:46:47,488000.47,3981.82,277751.78,28.50,27.50,115,533
4:47:47,501395.84,4193.75,289473.72,28.80,27.50,102,547
4:48:48,501395.84,3966.03,279156.91,29.00,27.50,109,291
4:49:48,478133.81,3833.78,272517.34,29.00,27.40,99,360
4:50:49,478133.81,4051.67,279156.91,29.00,27.40,104,304
4:51:49,526390.75,4205.70,282075.50,29.20,27.40,104,318
4:52:50,553385.13,4229.80,290384.63,29.50,27.30,102,324
4:53:50,456851.53,4069.08,279156.91,29.60,27.20,98,502
4:54:51,539550.56,4199.43,289688.25,29.60,27.30,94,344
4:55:51,525854.19,4163.17,285035.63,29.50,27.30,102,356
4:56:52,456851.53,4086.59,281411.78,29.50,27.30,96,402
4:57:52,603167.25,4400.00,290647.50,29.40,27.30,98,430
4:58:53,570263.69,3915.76,270344.81,29.50,27.20,97,381
4:59:53,489500.47,3483.33,256696.41,29.30,27.10,95,340
5:0:54,621029.19,4361.52,291826.91,28.80,27.10,95,425
5:1:54,500884.22,3960.00,279812.22,29.80,27.00,99,438
5:2:55,570263.69,3899.19,262895.91,29.30,26.90,98,265
5:3:55,477644.94,3860.38,293719.81,29.10,26.90,100,370
5:4:56,679250.69,4478.57,293946.75,29.40,26.90,102,567
5:5:56,478133.81,4017.13,275813.97,29.90,26.80,100,335
5:6:57,513857.66,4230.29,291826.91,29.50,26.80,100,493
5:7:57,539000.56,3800.00,262585.00,29.80,26.90,98,385
5:8:58,617886.31,4272.83,285918.88,29.30,26.80,96,434
5:9:58,456851.53,4121.91,285985.75,29.90,26.90,101,535
5:10:59,467261.34,4193.75,283687.97,29.80,26.90,97,346
5:11:59,478133.81,3966.03,264999.97,29.90,26.90,92,303
5:13:0,488500.47,4109.55,282742.34,29.60,26.90,94,336
5:14:0,488000.47,4068.16,284560.56,30.00,27.00,93,374
5:15:0,499860.97,4266.86,286873.53,29.90,27.00,94,494
5:16:1,539000.56,4211.43,282269.53,30.10,27.00,94,450
5:17:1,540650.56,4157.63,285985.75,30.00,27.00,105,387
5:18:2,489500.47,4400.00,287142.84,29.90,27.00,95,386
5:19:2,456851.53,4017.13,280281.72,30.00,27.00,92,418
5:20:3,419294.53,3899.19,274710.00,29.80,27.00,96,294
5:21:3,583892.50,4316.86,291084.34,29.80,27.00,104,435
5:22:4,565053.19,4101.69,282857.16,30.00,27.00,112,457
5:23:4,456851.53,4069.08,282547.19,29.90,27.00,108,369
5:24:5,526390.75,3893.23,266666.66,30.00,27.00,96,352
5:25:5,489500.47,4104.20,282547.19,29.60,27.00,102,301
5:26:6,513857.66,4380.70,290647.50,29.80,27.10,96,411
5:27:6,512810.03,4145.20,287350.84,30.00,27.00,94,439
5:28:7,499349.34,4079.55,281796.72,30.00,27.00,99,473
5:29:7,681313.19,4538.32,302702.69,29.80,27.10,98,368
5:30:8,553385.13,4266.86,283412.34,30.00,27.00,92,305
5:31:8,456851.53,4248.71,283687.97,30.00,27.00,109,306
5:32:9,456851.53,3966.03,280281.72,30.00,27.00,112,288
5:33:9,639941.81,4361.52,284834.13,29.80,27.00,112,509
5:34:10,638647.69,4291.91,283886.28,29.70,26.90,112,334
5:35:10,456851.53,4157.63,273611.13,29.80,26.80,111,297
5:36:11,456851.53,4230.29,284834.13,29.80,26.90,109,336
5:37:11,600722.81,4205.14,279529.44,29.80,26.90,113,293
5:38:12,570263.69,4285.88,278037.41,29.90,26.90,107,350
5:39:12,467261.34,4017.13,280281.72,29.90,26.90,134,575
5:40:13,500884.22,4242.41,287828.19,29.80,26.90,101,361
5:41:13,555077.44,4248.71,291826.91,30.20,27.00,100,413
5:42:14,540650.56,4193.75,281411.78,30.00,26.90,105,262
5:43:14,477644.94,4098.04,283215.16,29.90,26.90,100,285
5:44:15,603167.25,4323.48,302702.69,29.90,26.90,96,402
5:45:15,455915.34,4163.17,293236.72,30.20,27.00,105,322
5:46:16,489000.47,3565.13,265603.63,30.00,26.90,107,479
5:47:16,437306.56,4017.13,278037.41,29.20,27.00,94,392
5:48:17,540650.56,4193.75,289473.72,29.80,26.90,106,386
5:49:17,410384.22,3976.92,285510.69,30.00,26.90,109,473
5:50:18,446875.44,3738.26,282547.19,30.00,26.90,114,405
5:51:18,580919.50,4266.09,297058.81,29.40,26.90,105,385
5:52:19,513333.84,4133.52,284360.22,30.00,26.90,98,304
5:53:19,540650.56,4193.75,285985.75,30.00,26.80,118,30370
5:54:20,603167.25,4323.48,299024.38,30.10,26.80,99,515
5:55:20,540650.56,4193.75,282547.19,30.10,26.80,100,473
5:56:21,456851.53,4211.97,287142.84,30.20,26.60,102,275
5:57:21,524781.00,4114.93,276168.25,30.40,26.70,99,376
5:58:22,428120.44,4051.67,287142.84,30.30,26.70,105,436
5:59:22,540650.56,4285.88,284834.13,30.20,26.70,98,348
6:0:23,456851.53,3966.03,267123.28,30.40,26.70,102,291
6:1:23,489500.47,3949.18,257718.13,29.90,26.80,106,385
6:2:24,456851.53,4193.75,291826.91,29.90,26.70,105,334
6:3:24,526927.38,4175.64,283687.97,30.00,26.70,107,291
6:4:25,539000.56,4304.35,295145.63,30.20,26.70,102,418
6:5:25,540650.56,4285.88,289473.72,30.20,26.70,103,329
6:6:26,513857.66,4230.29,296601.94,30.20,26.60,102,302
6:7:26,681313.19,4478.34,303940.91,30.40,26.60,106,503
6:8:27,513857.66,3915.76,271428.59,30.50,26.60,103,380
6:9:27,657333.94,4335.86,292270.53,30.00,26.50,101,235
6:10:28,569684.75,4393.55,302211.31,30.60,26.40,104,485
6:11:28,555077.44,4478.34,297810.22,30.90,26.40,102,454
6:12:29,568526.88,4304.35,297560.97,31.10,26.30,101,329
6:13:29,603167.25,3738.26,259775.27,31.00,26.30,102,468
6:14:30,478133.81,4086.59,294202.91,30.00,26.30,102,298
6:15:30,675125.69,4400.00,299507.41,30.60,26.30,100,262
6:16:31,525317.56,4361.40,293946.75,31.10,26.30,103,318
6:17:31,456851.53,4051.67,273611.13,31.00,26.20,105,399
6:18:31,540650.56,4051.67,264999.97,30.90,26.20,105,395
6:19:32,553385.13,4304.35,297560.97,30.60,26.20,103,257
6:20:32,586270.88,3801.60,267123.28,31.30,26.20,100,506
6:21:33,555077.44,4248.71,285985.75,30.50,26.20,109,446
6:22:33,639941.81,4438.94,297810.22,31.40,26.20,100,377
6:23:34,540650.56,4034.35,274710.00,31.60,26.10,100,451
6:24:34,526390.75,4062.95,270967.72,31.10,26.10,95,370
6:25:35,465826.53,3897.83,272222.19,31.30,26.20,95,462
6:26:35,524781.00,4316.86,288729.03,31.00,26.20,97,381
6:27:36,526390.75,4205.70,279812.22,31.70,26.10,97,516
6:28:36,454510.09,3969.70,276815.00,31.80,26.10,96,386
6:29:37,489500.47,3899.19,274710.00,31.10,26.20,97,410
6:30:37,639941.81,4419.41,296601.94,30.60,26.20,113,432
6:31:38,726734.06,4387.10,299266.50,31.50,26.10,100,354
6:32:38,456851.53,4104.20,294202.91,31.60,26.00,98,441
6:33:39,526927.38,4121.91,293012.06,31.40,26.00,104,488
6:34:39,525854.19,4004.97,289688.25,31.20,25.90,90,437
6:35:40,602556.13,4374.27,293719.81,31.30,25.90,88,457
6:36:40,456851.53,3932.43,281411.78,31.70,25.90,90,374
6:37:41,478133.81,3882.70,259775.27,31.30,25.80,87,516
6:38:41,456851.53,4069.08,279156.91,30.60,25.90,88,555
6:39:42,540650.56,4323.48,293012.06,31.50,25.90,90,537
6:40:42,445500.44,3947.95,277751.78,31.70,25.90,89,437
6:41:43,467261.34,4193.75,287142.84,31.20,25.80,93,377
6:42:43,526927.38,4193.75,279156.91,31.80,25.90,97,408
6:43:44,467261.34,4193.75,287142.84,31.80,25.90,107,391
6:44:44,419294.53,4211.97,281411.78,31.70,26.00,98,283
6:45:45,513857.66,4342.44,291826.91,31.40,25.90,96,314
6:46:45,501395.84,4342.44,299024.38,31.90,26.00,95,353
6:47:46,539550.56,4022.16,285035.63,31.60,25.90,102,347
6:48:46,500884.22,4098.04,272055.44,31.70,26.00,99,367
6:49:47,540650.56,4157.63,284834.13,31.30,26.10,94,431
6:50:47,467261.34,4017.13,284834.13,31.40,26.10,101,324
6:51:48,540100.56,4133.52,279812.22,31.10,26.10,99,383
6:52:48,537900.56,4235.63,284761.91,31.30,26.20,99,325
6:53:49,456851.53,4193.75,281411.78,31.30,26.20,99,348
6:54:49,402641.13,3615.50,259775.27,31.20,26.20,99,354
6:55:50,402641.13,4121.91,287142.84,29.90,26.20,102,458
6:56:50,456383.44,3876.76,274245.97,30.90,26.20,100,432
6:57:51,410807.31,4086.59,280281.72,30.60,26.20,101,329
6:58:51,512810.03,4074.30,278220.16,30.90,26.10,102,436
6:59:52,455915.34,3887.26,283886.28,30.80,26.20,107,415
7:0:52,489500.47,4121.91,281411.78,30.30,26.20,101,234
7:1:53,419294.53,4017.13,279156.91,30.80,26.20,170,429
7:2:53,467261.34,4051.67,279156.91,30.70,26.20,103,30474
7:3:54,703291.00,4471.81,293719.81,30.80,26.20,103,264
7:4:54,540650.56,4051.67,279156.91,30.80,26.00,99,424
7:5:55,603167.25,4342.44,302702.69,30.50,26.00,102,590
7:6:55,540650.56,4304.62,303940.91,30.80,26.00,101,420
7:7:56,526927.38,4104.20,291826.91,31.00,26.00,110,481
7:8:56,526927.38,4285.88,300244.50,30.40,25.90,106,426
7:9:57,681313.19,4323.48,290647.50,30.90,26.00,110,331
7:10:57,419294.53,3850.00,269266.03,30.70,26.00,108,412
7:11:58,540650.56,4438.94,287142.84,30.20,26.00,98,434
7:12:58,489500.47,3915.76,289473.72,30.40,25.90,101,436
7:13:58,437306.56,4000.00,284834.13,30.20,25.90,94,424
7:14:59,540650.56,4323.48,289473.72,30.20,25.90,109,298
7:15:59,467261.34,4361.52,296601.94,30.90,26.00,101,395
7:17:0,638647.69,4199.43,294431.00,30.50,25.90,103,418
7:18:0,540650.56,4000.00,289473.72,30.30,25.90,100,379
7:19:1,540650.56,3966.03,279156.91,30.10,25.90,112,472
7:20:1,501395.84,4069.08,282547.19,29.90,25.90,105,378
7:21:2,598889.50,4393.51,304218.38,30.10,25.90,109,606
7:22:2,501395.84,4211.97,287142.84,30.80,26.00,101,410
7:23:3,467261.34,3785.64,282547.19,30.80,26.00,107,391
7:24:3,446417.09,3579.95,265603.63,30.00,26.10,104,264
7:25:4,437306.56,4157.63,293012.06,29.40,26.10,102,292
7:26:4,478133.81,4069.08,296601.94,30.00,26.20,102,347
7:27:5,489500.47,3850.00,267123.28,29.80,26.20,105,407
7:28:5,477156.06,4199.43,294431.00,29.40,26.10,111,425
7:29:6,467261.34,4139.72,281411.78,29.90,26.20,99,286
7:30:6,569105.81,4163.17,285035.63,29.90,26.20,96,413
7:31:7,513857.66,4017.13,271428.59,30.00,26.20,99,408
7:32:7,526927.38,4248.71,285985.75,29.40,26.20,100,388
7:33:8,501395.84,4211.97,282547.19,29.50,26.30,99,331
7:34:8,603167.25,4400.00,289473.72,29.50,26.30,95,502
7:35:9,501395.84,4419.41,299024.38,29.40,26.30,98,474
7:36:9,601333.94,4229.80,297560.97,29.30,26.30,100,362
7:37:10,680625.69,4412.94,292530.13,29.20,26.20,97,350
7:38:10,619143.44,4439.05,297560.97,29.40,26.20,100,322
7:39:11,621029.19,4380.70,295399.53,29.50,26.20,101,375
7:40:11,540100.56,3976.92,263492.03,29.60,26.20,107,342
7:41:12,526927.38,3676.24,235319.14,29.30,26.20,98,376
7:42:12,678563.19,3746.42,229957.83,29.10,26.20,97,392
7:43:13,500884.22,3506.60,193076.94,29.30,26.20,95,306
7:44:13,555077.44,3722.63,203550.28,29.30,26.20,97,407
7:45:14,600722.81,3699.47,213387.41,29.50,26.10,91,446
7:46:14,456851.53,3866.31,240000.00,29.60,26.10,91,443
7:47:15,478133.81,3817.65,226250.00,29.70,26.10,94,340
7:48:15,540650.56,3785.64,223602.50,29.80,26.10,97,323
7:49:16,586270.88,3982.97,262895.91,29.90,26.10,101,482
7:50:16,456851.53,3915.76,256696.41,29.90,26.20,99,456
7:51:17,419294.53,3833.78,251655.63,29.60,26.20,98,447
7:52:17,526927.38,3707.09,234394.92,29.60,26.20,102,504
7:53:18,446875.44,3801.60,233474.58,29.60,26.20,99,418
7:54:18,387199.66,3801.60,226250.00,29.80,26.30,99,408
7:55:19,401395.84,3368.24,215478.59,29.70,26.30,96,399
7:56:19,456851.53,3645.71,210020.03,28.90,26.40,97,298
7:57:20,513857.66,3676.24,200391.39,29.40,26.30,88,492
7:58:20,402641.13,3357.04,185310.75,29.60,26.30,87,390
7:59:21,489500.47,3899.19,237179.50,29.30,26.40,90,346
8:0:21,353099.75,3302.69,215010.13,29.40,26.40,89,452
8:1:22,489500.47,3817.65,239055.80,28.80,26.30,87,388
8:2:22,456851.53,3866.31,236247.34,29.40,26.40,91,512
8:3:23,538450.56,4062.01,247912.08,29.50,26.30,88,306
8:4:23,486500.47,3782.35,234615.39,29.70,26.30,85,326
8:5:24,456851.53,3801.60,237179.50,29.90,26.20,85,447
8:6:24,394777.44,3722.63,228930.83,30.00,26.30,89,582
8:7:24,387199.66,3833.78,242857.14,29.90,26.30,98,430
8:8:25,446875.44,3866.31,251655.63,29.80,26.40,97,517
8:9:25,387199.66,3600.52,246724.89,29.70,26.50,99,345
8:10:26,366034.22,4034.35,264999.97,29.00,26.60,97,380
8:11:26,372841.81,3469.02,240000.00,29.40,26.60,94,246
8:12:27,418862.34,3909.78,270967.72,28.80,26.70,94,358
8:13:27,402641.13,3722.63,266059.22,29.00,26.70,100,339
8:14:28,372841.81,3526.72,234394.92,28.80,26.70,102,253
8:15:28,427680.44,3876.76,251214.13,28.50,26.70,94,430
8:16:29,510714.81,3913.11,250997.77,28.90,26.70,96,310
8:17:29,410807.31,3932.43,250660.78,29.00,26.60,100,460
8:18:30,489500.47,3899.19,253658.52,29.20,26.60,99,402
8:19:30,402641.13,3585.60,250660.78,29.20,26.60,103,535
8:20:31,335237.88,3497.72,247702.41,29.00,26.60,91,458
8:21:31,366034.22,3866.31,243817.78,28.80,26.60,107,403
8:22:32,466304.81,3758.09,248791.20,29.20,26.60,101,364
8:23:32,446417.09,3893.23,260360.34,29.10,26.60,102,378
8:24:33,540650.56,4017.13,258744.38,29.10,26.50,106,412
8:25:33,446417.09,4045.56,270967.72,29.40,26.60,108,290
8:26:34,419294.53,3966.03,262895.91,29.40,26.60,109,407
8:27:34,435958.72,3848.52,258426.95,29.50,26.60,109,431
8:28:35,359457.34,3556.01,244782.61,29.20,26.60,91,385
8:29:35,446875.44,3882.70,235319.14,28.90,26.60,97,381
8:30:36,456383.44,3811.76,233970.30,29.40,26.60,111,273
8:31:36,467261.34,3785.64,224481.34,29.50,26.60,108,375
8:32:37,437306.56,3707.09,228930.83,29.70,26.60,107,344
8:33:37,513857.66,3833.78,249670.31,29.70,26.60,103,287
8:34:38,513857.66,4000.00,257718.13,29.40,26.50,97,327
8:35:38,456851.53,3982.97,258744.38,29.70,26.60,97,461
8:36:39,446875.44,3882.70,264999.97,29.70,26.60,95,293
8:37:39,540650.56,4139.72,271428.59,29.50,26.60,100,382
8:38:40,436857.59,4011.05,268807.31,29.90,26.60,93,197
8:39:40,437306.56,4034.35,269266.03,29.90,26.60,101,261
8:40:41,410807.31,3691.62,252654.84,29.80,26.60,104,315
8:41:41,437306.56,4069.08,279156.91,29.50,26.60,107,281
8:42:42,445041.16,3683.99,262131.50,29.70,26.60,108,383
8:43:42,446875.44,4051.67,275813.97,29.20,26.60,103,301
8:44:43,500884.22,4011.05,275348.88,29.50,26.60,100,342
8:45:43,489500.47,4193.75,284834.13,29.50,26.60,97,313
8:46:44,488000.47,3964.84,291566.28,29.70,26.50,98,382
8:47:44,540650.56,4230.29,283687.97,29.60,26.50,97,272
8:48:45,500884.22,4028.26,276456.91,29.80,26.40,99,269
8:49:45,394777.44,4193.75,291826.91,30.00,26.40,103,448
8:50:46,489500.47,4000.00,278037.41,30.00,26.40,96,368
8:51:46,569684.75,4260.92,292530.13,29.80,26.40,96,357
8:52:47,437306.56,3882.70,283687.97,29.80,26.40,106,484
8:53:47,466783.06,4151.41,285510.69,29.60,26.40,93,376
8:54:48,456851.53,4193.75,279156.91,30.00,26.40,102,414
8:55:48,513857.66,4230.29,296601.94,29.90,26.40,106,386
8:56:49,584487.06,4419.47,298777.50,30.00,26.30,101,361
8:57:49,540100.56,4133.52,285510.69,30.00,26.30,99,347
8:58:50,501395.84,4121.91,290647.50,30.00,26.30,109,437
8:59:50,488500.47,4091.88,279342.75,30.10,26.40,105,521
9:0:51,456851.53,4000.00,278037.41,30.10,26.50,96,335
9:1:51,417999.59,4068.16,277751.78,30.00,26.60,102,326
9:2:52,400980.75,3941.92,284085.50,29.90,26.70,101,374
9:3:52,387199.66,4034.35,278037.41,29.60,27.00,100,459
9:4:52,387199.66,3722.63,258744.38,29.40,27.40,103,447
9:5:53,526927.38,4157.63,283687.97,28.50,27.50,102,392
9:6:53,467261.34,4051.67,279156.91,28.60,27.60,108,583
9:7:54,603167.25,4121.91,281411.78,28.60,27.60,94,331
9:8:54,570263.69,4104.20,282547.19,28.70,27.60,93,516
9:9:55,394777.44,3850.00,278037.41,28.60,27.60,90,315
9:10:55,379892.53,3676.24,268192.19,28.40,27.80,91,430
9:11:56,489500.47,4086.59,278037.41,28.10,27.90,92,381
9:12:56,379892.53,3660.94,262895.91,28.40,28.00,90,469
9:13:57,419294.53,3982.97,275813.97,27.90,27.90,91,405
9:14:57,428120.44,3866.31,279156.91,28.30,27.90,98,348
9:15:58,419294.53,3899.19,281411.78,28.10,27.80,97,312
9:16:58,387199.66,3966.03,278037.41,28.20,27.80,95,326
9:17:59,386799.66,3701.31,268807.31,28.30,27.80,92,398
9:18:59,394777.44,4000.00,276923.09,28.10,27.90,89,511
9:20:0,418862.34,4098.04,277570.13,28.20,27.90,82,495
9:21:0,427680.44,4080.45,260360.34,28.00,27.90,88,453
9:22:1,456383.44,4133.52,276456.91,27.60,27.90,82,377
9:23:1,455447.28,4085.71,274418.63,27.90,27.80,84,457
9:24:2,446875.44,4139.72,281411.78,27.70,27.80,82,474
9:25:2,402641.13,4034.35,281411.78,27.60,27.80,84,413
9:26:3,540650.56,4086.59,280281.72,27.50,27.90,83,453
9:27:3,426799.56,3897.83,280000.03,27.80,28.00,84,350
9:28:4,455915.34,4236.10,287350.84,27.60,28.10,87,354
9:29:4,446875.44,4104.20,280281.72,27.60,28.10,87,451
9:30:5,446875.44,3833.78,282547.19,27.60,28.10,90,563
9:31:5,466783.06,4151.41,283215.16,27.20,28.10,90,317
9:32:6,394777.44,4086.59,280281.72,27.50,28.10,93,343
9:33:6,540650.56,4323.48,291826.91,27.40,28.10,100,395
9:34:7,540650.56,4157.63,282547.19,27.50,28.00,100,449
9:35:7,526927.38,4248.71,289473.72,27.60,28.00,101,358
9:36:8,489500.47,3966.03,279156.91,27.30,27.90,103,352
9:37:8,554513.38,4260.92,285510.69,27.30,27.90,98,371
9:38:9,524781.00,4205.14,288729.03,27.20,27.90,90,294
9:39:9,489500.47,4139.72,278037.41,27.60,28.00,100,352
9:40:10,428120.44,4211.97,284834.13,27.70,28.00,102,291
9:41:10,603167.25,3982.97,259775.27,27.60,28.00,102,386
9:42:11,539000.56,4342.27,288038.31,27.30,27.90,106,416
9:43:11,501395.84,4157.63,282547.19,27.40,27.90,104,383
9:44:12,540650.56,4211.97,284834.13,27.50,27.80,100,351
9:45:12,478133.81,3866.31,274710.00,27.50,27.80,104,308
9:46:13,456851.53,4175.64,281411.78,27.50,27.80,102,238
9:47:13,488500.47,4199.43,293236.72,27.30,27.90,106,266
9:48:14,489500.47,4017.13,288305.50,27.40,27.90,102,340
9:49:14,467261.34,4069.08,294202.91,27.60,28.00,100,348
9:50:15,586270.88,4230.29,290647.50,27.40,27.90,104,277
9:51:15,488000.47,4121.13,295145.63,27.50,27.80,106,376
9:52:16,489500.47,4034.35,284834.13,27.60,27.90,104,341
9:53:16,446875.44,4086.59,288305.50,27.30,27.80,112,390
9:54:17,478133.81,4157.63,282547.19,27.50,27.80,107,290
9:55:17,489500.47,4139.72,283687.97,27.50,27.80,110,375
9:56:18,387199.66,4051.67,278037.41,27.60,27.80,108,415
9:57:18,394777.44,4034.35,276923.09,27.40,27.90,93,392
9:58:19,478133.81,4139.72,278037.41,27.70,28.00,97,373
9:59:19,455447.28,4121.13,277751.78,27.60,28.00,100,394
10:0:20,540650.56,4211.97,279156.91,27.60,28.00,99,264
10:1:20,540650.56,3899.19,279156.91,27.10,27.90,100,389
10:2:21,456851.53,4285.88,295399.53,27.10,27.90,103,335
10:3:21,489500.47,4121.91,282547.19,27.20,27.90,105,241
10:4:22,456851.53,4121.91,291826.91,27.40,27.90,101,251
10:5:22,456851.53,4069.08,293012.06,27.40,27.90,102,342
10:6:22,526927.38,4342.44,297810.22,27.50,28.00,91,267
10:7:23,419294.53,4069.08,290647.50,27.60,28.00,97,252
10:8:23,478133.81,3982.97,291826.91,27.60,28.00,97,289
10:9:24,436857.59,4080.45,285510.69,27.60,28.00,96,465
10:10:24,446875.44,4000.00,284834.13,27.40,27.90,96,381
10:11:25,476667.16,4121.13,283412.34,27.50,27.90,98,342
10:12:25,488000.47,4156.94,280000.03,27.60,28.00,98,248
10:13:26,489500.47,3932.43,274710.00,27.50,28.00,101,282
10:14:26,466783.06,4187.50,292530.13,27.40,28.00,101,289
10:15:27,501395.84,4017.13,287142.84,27.30,28.10,103,345
10:16:27,554513.38,3909.78,277570.13,27.20,28.10,102,280
10:17:28,603167.25,4193.75,290647.50,27.10,28.10,103,255
10:18:28,446875.44,3691.62,269266.03,27.20,28.10,100,250
10:19:29,478133.81,4193.75,296601.94,27.20,28.10,104,355
10:20:29,570263.69,4248.71,288305.50,27.10,28.10,108,321
10:21:30,467261.34,4175.64,285985.75,27.00,28.20,142,394
10:22:30,456851.53,4121.91,280281.72,27.20,28.30,103,460
10:23:31,565053.19,4284.88,297058.81,27.10,28.30,100,287
10:24:31,603167.25,4323.48,287142.84,27.00,28.40,96,253
10:25:32,526927.38,4248.71,288305.50,26.70,28.50,93,340
10:26:32,540650.56,4304.62,289473.72,26.70,28.60,94,296
10:27:33,570263.69,4193.75,287142.84,26.70,28.60,92,331
10:28:33,436408.59,3429.57,261990.92,26.50,28.60,90,267
10:29:34,603167.25,4248.71,284834.13,26.30,28.70,90,419
10:30:34,566211.06,4241.50,283809.53,26.00,28.80,88,321
10:31:35,478133.81,4248.71,285985.75,26.10,28.80,87,348
10:32:35,586270.88,4069.08,276923.09,26.00,28.80,86,292
10:33:36,513857.66,4157.63,281411.78,26.10,28.90,88,356
10:34:36,540650.56,4017.13,279156.91,26.10,28.90,86,312
10:35:37,501395.84,4069.08,284834.13,26.10,28.90,84,452
10:36:37,437306.56,4017.13,280281.72,26.50,29.00,89,423
10:37:38,456851.53,4086.59,278037.41,26.30,29.00,83,382
10:38:38,456851.53,3899.19,272517.34,26.40,29.00,83,491
10:39:39,417999.59,3816.09,267889.88,26.50,29.20,81,333
10:40:39,428120.44,3738.26,252654.84,26.60,29.20,83,365
10:41:40,437306.56,3932.43,262895.91,26.30,29.30,81,250
10:42:40,410807.31,3722.63,258744.38,26.20,29.40,80,324
10:43:41,446875.44,3769.76,261851.02,26.20,29.40,85,407
10:44:41,387199.66,3738.26,263945.56,26.10,29.50,83,365
10:45:42,427680.44,3748.15,259325.83,26.10,29.50,83,372
10:46:42,446875.44,3526.72,237179.50,26.20,29.40,81,252
10:47:43,428120.44,4034.35,274710.00,26.00,29.50,81,470
10:48:43,467261.34,3882.70,270344.81,25.90,29.50,81,271
10:49:44,486000.47,3957.58,269284.03,26.20,29.40,83,385
10:50:44,426359.56,3875.34,267431.16,26.20,29.50,85,429
10:51:45,463912.50,3974.59,270370.34,26.30,29.50,84,411
10:52:45,476667.16,4016.07,267889.88,26.00,29.60,79,368
10:53:46,427680.44,3876.76,263492.03,26.00,29.60,78,522
10:54:46,364896.28,3689.76,263636.34,25.90,29.70,81,390
10:55:47,372841.81,3785.64,260810.78,25.90,29.80,85,377
10:56:47,372841.81,3722.63,257718.13,26.00,29.90,81,418
10:57:48,402641.13,3899.19,263945.56,25.60,29.90,81,383
10:58:48,437306.56,3949.18,264999.97,25.40,29.90,83,405
10:59:49,394777.44,3769.76,259775.27,25.70,30.00,67,414
11:0:49,402641.13,3899.19,269266.03,25.60,30.00,90,281
11:1:50,366034.22,4000.00,274710.00,25.60,30.10,88,361
11:2:50,419294.53,4139.72,280281.72,25.40,30.00,88,246
11:3:51,410807.31,3738.26,263945.56,25.10,30.00,89,306
11:4:51,410807.31,4069.08,275813.97,25.20,30.00,90,354
11:5:52,540650.56,4139.72,276923.09,25.10,29.90,89,325
11:6:52,478133.81,4104.20,276923.09,25.00,29.90,90,331
11:7:53,437306.56,4104.20,280281.72,25.00,29.90,94,328
11:8:53,513857.66,4104.20,280281.72,25.00,29.80,97,285
11:9:54,567947.94,4297.97,279529.44,25.30,29.70,99,356
11:10:54,419294.53,3817.65,260810.78,25.40,29.50,97,311
11:11:55,478133.81,4069.08,269266.03,25.60,29.50,97,276
11:12:55,437306.56,3982.97,270344.81,25.60,29.40,101,347
11:13:56,526927.38,4139.72,269266.03,25.70,29.40,103,255
11:14:56,540650.56,4193.75,279156.91,25.70,29.40,118,338
11:15:57,513333.84,4187.50,277570.13,25.90,29.40,99,336
11:16:57,601945.06,4329.65,288516.78,25.80,29.40,101,373
11:17:58,603167.25,3982.97,280281.72,25.70,29.40,103,356
11:18:58,489500.47,4175.64,288305.50,26.00,29.30,95,408
11:19:59,526927.38,4000.00,274710.00,26.00,29.40,92,262
11:20:59,488500.47,3726.65,266210.03,25.90,29.40,99,296
11:21:59,570263.69,4458.58,299024.38,25.80,29.40,96,302
11:23:0,513333.84,4169.40,278688.53,25.60,29.30,101,337
11:24:0,586270.88,4230.29,282547.19,25.90,29.20,98,289
11:25:1,478133.81,3785.64,275813.97,25.70,29.20,100,207
11:26:1,586270.88,4361.52,302702.69,25.90,29.20,114,565
11:27:2,568526.88,4193.16,295145.63,25.70,29.10,101,414
11:28:2,586270.88,4323.48,288305.50,25.90,29.00,99,303
11:29:3,478133.81,4157.63,281411.78,25.80,28.90,98,268
11:30:3,603167.25,4342.44,282547.19,25.90,28.90,96,267
11:31:4,570263.69,4121.91,285985.75,26.40,29.00,99,249
11:32:4,569105.81,4367.84,290865.38,26.10,29.10,94,304
11:33:5,489500.47,4139.72,283687.97,25.80,29.10,101,313
11:34:5,489000.47,3827.88,277570.13,25.70,29.20,147,361
11:35:6,478133.81,4230.29,280281.72,25.60,29.20,96,327
11:36:6,540650.56,4104.20,276923.09,25.70,29.20,93,299
11:37:7,456851.53,4139.72,281411.78,25.70,29.30,103,467
11:38:7,456851.53,4051.67,278037.41,25.60,29.30,100,299
11:39:8,511238.59,4055.87,277934.31,25.70,29.40,103,279
11:40:8,489500.47,4121.91,273611.13,25.40,29.40,97,319
11:41:9,489500.47,4034.35,269266.03,25.50,29.50,100,254
11:42:9,436857.59,4133.52,278688.53,25.70,29.60,98,260
11:43:10,513857.66,4121.91,282547.19,25.50,29.70,99,381
11:44:10,639941.81,4380.70,293012.06,25.50,29.70,103,273
11:45:11,616000.63,4216.67,286810.56,25.20,29.70,103,420
11:46:11,419294.53,3676.24,260810.78,25.40,29.70,96,231
11:47:12,489500.47,4267.24,278037.41,25.50,29.70,93,349
11:48:12,526927.38,4230.29,275813.97,25.60,29.80,96,302
11:49:13,467261.34,4051.67,271428.59,25.70,29.70,99,323
11:50:13,499860.97,4068.16,270046.06,25.80,29.80,96,454
11:51:14,446875.44,4000.00,268192.19,26.00,29.80,95,300
11:52:14,488000.47,4121.13,275524.50,25.90,29.90,94,337
11:53:15,513857.66,4034.35,267123.28,26.40,30.00,94,316
11:54:15,501395.84,4051.67,272517.34,26.60,30.00,97,373
11:55:16,513857.66,4034.35,275813.97,26.90,30.00,87,253
11:56:16,639941.81,4175.64,267123.28,27.00,30.10,98,261
11:57:17,513857.66,4069.08,280281.72,26.40,30.00,95,322
11:58:17,555077.44,4121.91,276923.09,26.20,29.90,95,312
11:59:18,489500.47,4069.08,272517.34,26.30,29.80,93,290
12:0:18,419294.53,3660.94,259775.27,26.60,29.80,91,307
12:1:19,446875.44,3966.03,267123.28,26.60,29.90,92,309
12:2:19,446875.44,4034.35,269266.03,27.10,29.90,90,297
12:3:20,419294.53,4157.63,271428.59,27.10,30.00,88,389
12:4:20,467261.34,4121.91,270344.81,26.90,30.00,88,385
12:5:21,402641.13,3982.97,264999.97,26.60,30.10,91,255
12:6:21,489500.47,4051.67,267123.28,26.70,30.10,89,248
12:7:22,410807.31,3454.77,239055.80,26.50,30.10,88,296
12:8:22,402641.13,3676.24,258744.38,25.90,30.30,86,395
12:9:23,402641.13,4051.67,282547.19,25.60,30.20,98,399
12:10:23,456851.53,3949.18,267123.28,25.70,30.20,89,273
12:11:24,489500.47,4086.59,270344.81,25.90,30.10,88,219
12:12:24,501395.84,3982.97,276923.09,26.10,30.10,89,448
12:13:25,456851.53,3722.63,258744.38,25.90,30.10,96,260
12:14:25,583297.88,4348.54,283610.47,26.10,30.00,91,328
12:15:26,489500.47,4051.67,273611.13,26.30,30.00,91,348
12:16:26,456851.53,4104.20,275813.97,26.20,30.00,93,263
12:17:27,525317.56,4068.16,268965.50,26.00,30.10,92,317
12:18:27,540650.56,4139.72,271428.59,26.10,30.10,95,335
12:19:28,540650.56,4104.20,279156.91,26.20,30.20,93,348
12:20:28,410807.31,3915.76,264999.97,26.30,30.20,93,257
12:21:29,478133.81,3982.97,271428.59,26.20,30.20,90,261
12:22:29,478133.81,4104.20,269266.03,25.90,30.30,100,216
12:23:30,419294.53,3645.71,258744.38,25.70,30.30,98,308
12:24:30,435060.78,3469.87,262727.25,25.80,30.30,101,259
12:25:31,446875.44,3738.26,263945.56,25.60,30.30,101,325
12:26:31,428120.44,4086.59,273611.13,25.60,30.10,101,384
12:27:32,501395.84,4193.75,281411.78,25.80,30.20,101,217
12:28:32,435958.72,3720.84,267889.88,25.80,30.10,103,356
12:29:33,385999.66,3931.15,271131.63,26.00,30.10,104,233
12:30:33,359457.34,3738.26,271428.59,26.30,30.10,105,233
12:31:34,513857.66,4323.48,276923.09,26.10,30.20,106,343
12:32:34,603167.25,4175.64,272517.34,25.60,30.10,108,410
12:33:35,513333.84,4279.54,276456.91,25.80,30.00,97,308
12:34:35,552256.94,4021.11,273488.34,25.70,30.00,97,322
12:35:36,410384.22,3624.87,255233.83,25.60,30.00,97,332
12:36:36,435509.75,4114.93,260045.14,25.60,30.00,98,413
12:37:37,379892.53,3497.72,255679.27,25.60,30.00,97,245
12:38:37,402226.03,3976.92,264545.44,25.70,30.00,96,320
12:39:38,467261.34,3585.60,258744.38,25.70,30.00,100,275
12:40:38,428120.44,4175.64,280281.72,25.60,30.10,113,371
12:41:39,456851.53,4051.67,274710.00,25.50,30.10,103,321
12:42:39,501395.84,3615.50,263945.56,25.20,29.90,99,274
12:43:40,419294.53,4104.20,281411.78,25.40,29.80,101,323
12:44:40,570263.69,4323.48,284834.13,25.40,29.90,104,232
12:45:41,540650.56,4419.41,293012.06,25.60,29.80,106,334
12:46:41,511762.41,4132.77,284085.50,25.60,29.80,102,290
12:47:42,419294.53,4104.20,274710.00,25.90,29.80,106,245
12:48:42,426799.56,3705.26,264692.47,25.70,29.80,109,281
12:49:42,387199.66,3630.57,263945.56,25.60,29.90,116,266
12:50:43,584487.06,4538.74,297560.97,25.30,29.90,97,440
12:51:43,513857.66,4342.44,285985.75,25.10,29.80,96,336
12:52:44,601945.06,4348.69,292048.22,25.40,29.60,102,430
12:53:44,540650.56,3801.60,276923.09,25.80,29.50,103,241
12:54:45,466304.81,4039.44,278220.16,26.00,29.50,98,231
12:55:45,540650.56,3753.97,278037.41,26.00,29.50,100,306
12:56:46,603167.25,4175.64,264999.97,26.00,29.60,108,311
12:57:46,582108.69,3792.49,276995.34,26.00,29.50,105,209
12:58:47,603167.25,4139.72,288305.50,26.20,29.40,101,278
12:59:47,540100.56,4224.00,283215.16,26.20,29.40,102,450
13:0:48,526927.38,4069.08,283687.97,26.40,29.30,103,249
13:1:48,617257.75,4419.53,309774.44,26.50,29.30,104,211
13:2:49,639941.81,4034.35,296601.94,26.70,29.30,103,222
13:3:49,636706.50,4217.19,282464.47,26.70,29.30,105,256
13:4:50,570263.69,4267.24,287142.84,26.70,29.20,101,281
13:5:50,540650.56,4419.41,289473.72,26.80,29.20,102,311
13:6:51,513857.66,3645.71,260810.78,26.90,29.20,97,401
13:7:51,553385.13,3998.90,286873.53,26.70,29.20,100,261
13:8:52,639941.81,4000.00,248684.22,26.80,29.20,98,275
13:9:52,586270.88,4193.75,288305.50,26.70,29.10,97,312
13:10:53,553949.25,4236.10,277102.84,26.90,29.10,96,351
13:11:53,603167.25,3882.70,251655.63,26.90,29.20,98,435
13:12:54,639941.81,4380.70,287142.84,27.00,29.20,102,350
13:13:54,603167.25,4211.97,275813.97,27.00,29.20,99,202
13:14:55,570263.69,3850.00,246724.89,26.90,29.30,99,280
13:15:55,555077.44,4034.35,275813.97,26.80,29.30,99,279
13:16:56,489500.47,4139.72,293012.06,26.70,29.40,100,385
13:17:56,679938.19,4485.12,294431.00,26.30,29.50,101,234
13:18:57,681313.19,4498.21,297810.22,26.40,29.30,100,323
13:19:57,570263.69,4139.72,283687.97,26.60,29.30,104,257
13:20:58,555077.44,4361.52,278037.41,26.10,29.20,93,305
13:21:58,681313.19,4342.44,283687.97,26.20,29.10,91,225
13:22:59,586270.88,4157.63,287142.84,26.50,29.10,94,296
13:23:59,501395.84,4304.62,283687.97,26.60,29.20,89,306
13:25:0,586270.88,4175.64,276923.09,26.80,29.20,91,294
13:26:0,489500.47,3722.63,244782.61,26.60,29.30,89,301
13:27:1,601333.94,4068.16,274418.63,26.60,29.40,88,348
13:28:1,555077.44,4121.91,269266.03,26.60,29.50,90,291
13:29:2,552821.06,4079.55,270669.72,26.30,29.60,91,255
13:30:2,456851.53,4069.08,267123.28,26.40,29.60,93,421
13:31:3,455447.28,3848.52,263636.34,26.40,29.70,88,295
13:32:3,456383.44,3716.84,258295.95,26.30,29.70,89,309
13:33:4,446875.44,3769.76,262895.91,26.10,29.80,90,263
13:34:4,526927.38,4304.62,283687.97,26.00,29.80,91,433
13:35:5,526927.38,4121.91,280281.72,26.00,29.80,91,308
13:36:5,501395.84,4419.41,289473.72,26.10,29.80,95,315
13:37:6,603167.25,4193.75,281411.78,25.80,29.80,96,263
13:38:6,681313.19,4558.56,297810.22,25.80,29.70,90,233
13:39:7,501395.84,4380.70,293012.06,25.70,29.60,90,341
13:40:7,603167.25,3526.72,263945.56,26.00,29.50,92,270
13:41:8,703291.00,4432.45,270967.72,26.00,29.60,94,346
13:42:8,657333.94,4044.57,275058.28,26.00,29.50,96,242
13:43:9,570263.69,4086.59,269266.03,26.10,29.40,97,265
13:44:9,540650.56,3966.03,263945.56,26.20,29.40,94,422
13:45:10,488000.47,3914.44,263636.34,26.30,29.50,89,361
13:46:10,583297.88,4162.50,275700.97,26.40,29.60,100,312
13:47:11,513857.66,4267.24,270344.81,25.90,29.60,99,309
13:48:11,539550.56,3970.88,286190.47,25.80,29.60,98,305
13:49:12,639941.81,4438.94,281411.78,25.70,29.60,96,227
13:50:12,603167.25,3949.18,262895.91,25.60,29.60,97,265
13:51:13,603167.25,4017.13,279156.91,25.60,29.50,98,253
13:52:13,602556.13,4432.45,299755.50,25.70,29.40,104,411
13:53:14,513857.66,4558.56,293012.06,25.70,29.50,105,266
13:54:14,621029.19,4230.29,282547.19,25.70,29.40,112,371
13:55:15,526927.38,4304.62,294202.91,25.80,29.40,104,238
13:56:15,555077.44,3722.63,251655.63,25.70,29.50,105,294
13:57:16,570263.69,3497.72,260810.78,25.70,29.50,108,209
13:58:16,555077.44,4157.63,299024.38,25.60,29.50,100,347
13:59:17,681313.19,4285.88,291826.91,25.30,29.50,103,214
14:0:17,489500.47,3899.19,278037.41,25.50,29.50,122,372
14:1:18,477644.94,4028.26,279812.22,25.60,29.60,101,259
14:2:18,526927.38,4342.44,289473.72,25.50,29.70,103,235
14:3:19,569684.75,4298.27,286666.66,25.30,29.80,101,308
14:4:19,478133.81,4121.91,281411.78,25.60,30.00,100,266
14:5:20,586270.88,3850.00,284834.13,25.60,30.10,98,319
14:6:20,500372.59,4056.82,280470.63,25.30,30.20,101,286
14:7:21,477156.06,3742.33,281603.78,25.30,30.30,100,395
14:8:21,467261.34,4157.63,281411.78,25.20,30.40,99,299
14:9:22,570263.69,4267.24,285985.75,25.00,30.40,98,242
14:10:22,540100.56,3876.76,272055.44,24.60,30.50,105,382
14:11:23,586270.88,4193.75,282547.19,24.60,30.40,100,238
14:12:23,704000.69,4661.59,297810.22,24.50,30.40,104,201
14:13:24,621029.19,4211.97,269266.03,24.50,30.40,104,190
14:14:24,681313.19,3915.76,276923.09,24.70,30.30,108,297
14:15:25,500884.22,3893.23,254222.20,24.80,30.30,97,345
14:16:25,603167.25,4034.35,273611.13,24.90,30.20,99,281
14:17:25,569684.75,4224.00,284360.22,24.90,30.20,99,251
14:18:26,701871.69,4478.57,278873.25,25.00,30.30,100,212
14:19:26,681313.19,4478.34,293012.06,24.70,30.30,103,232
14:20:27,621029.19,4211.97,276923.09,24.50,30.30,100,408
14:21:27,636059.44,4174.36,283135.41,24.80,30.30,100,243
14:22:28,681313.19,4380.70,287142.84,25.00,30.30,109,299
14:23:28,570263.69,4121.91,276923.09,25.30,30.40,104,350
14:24:29,681313.19,4248.71,280281.72,25.20,30.40,107,259
14:25:29,525854.19,3937.16,280470.63,25.10,30.40,102,378
14:26:30,681313.19,4211.97,281411.78,24.90,30.50,103,358
14:27:30,638647.69,4163.17,275990.69,24.90,30.50,106,501
14:28:31,704000.69,4558.56,296601.94,24.80,30.60,96,256
14:29:31,513857.66,3691.62,268192.19,24.80,30.50,98,245
14:30:32,570263.69,4230.29,274710.00,25.00,30.50,98,307
14:31:32,570263.69,4323.48,274710.00,25.10,30.60,97,393
14:32:33,540650.56,4034.35,268192.19,24.90,30.60,94,347
14:33:33,601333.94,4304.35,278873.25,24.80,30.70,96,296
14:34:34,570263.69,4069.08,268192.19,24.80,30.70,97,234
14:35:34,478133.81,4000.00,261851.02,24.80,30.70,99,316
14:36:35,540650.56,3949.18,283687.97,25.10,30.80,95,268
14:37:35,659333.94,4393.55,279812.22,25.80,30.80,133,311
14:38:36,555077.44,3882.70,281411.78,26.10,30.70,103,30334
14:39:36,526927.38,4361.52,283687.97,26.20,30.70,101,266
14:40:37,586270.88,4380.70,278037.41,26.10,30.60,99,322
14:41:37,639941.81,4000.00,268192.19,26.10,30.60,100,197
14:42:38,603167.25,4175.64,274710.00,26.10,30.50,107,293
14:43:38,478133.81,3982.97,268192.19,26.30,30.50,96,364
14:44:39,478133.81,3915.76,263945.56,26.50,30.60,94,298
14:45:39,445500.44,3981.82,266819.19,26.00,30.60,95,314
14:46:40,419294.53,4017.13,268192.19,25.90,30.70,98,295
14:47:40,513857.66,4304.62,271428.59,25.80,30.70,95,323
14:48:41,428120.44,3512.18,247702.41,25.40,30.70,95,242
14:49:41,540650.56,4017.13,269266.03,25.40,30.80,98,269
14:50:42,500884.22,4062.95,268807.31,25.50,30.90,101,306
14:51:42,540650.56,3850.00,273611.13,25.20,30.90,97,502
14:52:43,467261.34,3833.78,276923.09,25.30,31.00,96,346
14:53:43,478133.81,3982.97,261851.02,25.20,31.10,95,271
14:54:44,419294.53,3615.50,258744.38,25.10,31.00,91,268
14:55:44,489500.47,4139.72,268192.19,25.10,31.00,91,344
14:56:45,419294.53,3630.57,251655.63,24.90,31.10,87,326
14:57:45,446875.44,3817.65,256696.41,25.00,31.10,90,360
14:58:46,467261.34,4086.59,264999.97,25.00,31.10,89,305
14:59:46,410807.31,3541.33,251655.63,24.90,31.20,95,281
15:0:47,513857.66,4139.72,264999.97,24.80,31.30,89,289
15:1:47,477644.94,4062.95,265603.63,24.60,31.30,100,304
15:2:48,540650.56,4175.64,267123.28,24.60,31.30,96,304
15:3:48,570263.69,4175.64,273611.13,24.40,31.30,96,271
15:4:49,570263.69,4175.64,268192.19,24.30,31.30,99,340
15:5:49,489500.47,3526.72,244782.61,24.50,31.40,103,249
15:6:50,540650.56,4086.59,267123.28,24.60,31.40,98,377
15:7:50,456851.53,4121.91,267123.28,24.40,31.40,103,377
15:8:51,478133.81,4211.97,272517.34,24.40,31.40,105,255
15:9:51,681313.19,4361.52,274710.00,24.20,31.40,104,319
15:10:52,501395.84,3570.77,262895.91,24.10,31.50,123,383
15:11:52,501395.84,4304.62,274710.00,24.20,31.50,108,307
15:12:53,456851.53,3600.52,255679.27,24.20,31.40,106,315
15:13:53,539550.56,3887.26,270506.91,24.20,31.40,101,241
15:14:54,489500.47,3600.52,257718.13,24.30,31.40,107,296
15:15:54,489500.47,3738.26,249670.31,24.50,31.40,103,310
15:16:55,539000.56,3931.15,272222.19,24.20,31.40,103,221
15:17:55,501395.84,3982.97,267123.28,24.20,31.40,105,238
15:18:56,699032.94,4393.51,287290.19,24.20,31.40,106,256
15:19:56,586270.88,4267.24,278037.41,24.30,31.30,104,250
15:20:57,489500.47,3753.97,256696.41,24.20,31.40,105,327
15:21:57,489500.47,4139.72,267123.28,24.30,31.40,109,306
15:22:58,513857.66,4034.35,261851.02,24.40,31.40,106,295
15:23:58,501395.84,4157.63,272517.34,24.30,31.40,108,298
15:24:59,489500.47,4175.64,268192.19,24.00,31.40,110,365
15:25:59,540650.56,4104.20,269266.03,24.10,31.50,108,327
15:27:0,603167.25,4086.59,270344.81,24.20,31.50,109,366
15:28:0,513857.66,4000.00,270344.81,24.30,31.60,109,387
15:29:1,501395.84,4104.20,270344.81,24.10,31.70,111,336
15:30:1,488000.47,3981.82,275524.50,24.00,31.80,102,357
15:31:2,660000.63,4248.71,274710.00,24.00,31.80,106,273
15:32:2,501395.84,4051.67,273611.13,24.10,31.80,97,267
15:33:3,466783.06,3860.38,255233.83,24.10,31.90,97,241
15:34:3,394370.00,3926.43,269885.03,24.50,32.00,102,351
15:35:4,419294.53,3866.31,255679.27,24.40,32.10,103,385
15:36:4,478133.81,4086.59,267123.28,24.10,32.10,102,266
15:37:5,446875.44,3966.03,258744.38,23.60,32.10,106,262
15:38:5,513857.66,4157.63,281411.78,23.50,32.10,107,462
15:39:6,681313.19,4438.94,285985.75,23.20,32.10,104,361
15:40:6,501395.84,4230.29,279156.91,23.00,32.00,104,261
15:41:7,501395.84,4157.63,274710.00,23.20,32.00,105,262
15:42:7,660000.63,4193.75,278037.41,23.30,32.00,103,216
15:43:8,540650.56,4139.72,271428.59,23.20,32.00,102,438
15:44:8,526927.38,4121.91,260810.78,23.30,32.00,99,296
15:45:9,603167.25,3660.94,247702.41,23.20,32.00,102,220
15:46:9,488000.47,3784.00,275524.50,23.00,31.90,109,432
15:47:10,540650.56,4000.00,261851.02,23.00,31.90,100,260
15:48:10,553385.13,4175.00,273317.88,23.00,31.90,101,336
15:49:11,540650.56,4051.67,264999.97,23.00,31.90,97,155
15:50:11,467261.34,3785.64,256696.41,23.20,32.00,103,228
15:51:12,525317.56,4193.16,274418.63,23.30,32.10,103,321
15:52:12,704000.69,4323.48,283687.97,23.00,32.20,102,348
15:53:13,639941.81,4211.97,271428.59,22.60,32.10,105,415
15:54:13,781786.50,4478.34,287142.84,22.60,32.10,103,248
15:55:14,489000.47,3550.38,269885.03,22.70,32.00,106,292
15:56:14,428120.44,3556.01,258744.38,23.20,32.00,104,385
15:57:15,540650.56,4157.63,273611.13,23.00,31.90,99,276
15:58:15,681313.19,4193.75,271428.59,23.00,31.90,102,278
15:59:16,387199.66,3570.77,252654.84,23.10,31.90,98,272
16:0:16,511762.41,4097.19,269585.22,23.60,32.00,98,283
16:1:17,419294.53,4193.75,269266.03,23.40,32.00,100,262
16:2:17,501395.84,4069.08,262895.91,23.10,31.90,100,385
16:3:18,387199.66,3850.00,252654.84,23.30,31.90,99,348
16:4:18,465348.28,3992.82,262131.50,23.80,32.00,100,366
16:5:19,387199.66,3982.97,266059.22,23.70,32.00,106,381
16:6:19,334190.28,3382.09,242516.27,23.50,32.00,98,254
16:7:20,394777.44,4104.20,273611.13,23.80,32.10,98,322
16:8:20,359457.34,3785.64,255679.27,23.00,32.10,96,358
16:9:21,446875.44,4104.20,266059.22,23.00,32.00,96,341
16:10:21,426799.56,3674.35,241558.45,22.80,32.00,96,593
16:11:22,465826.53,4050.70,275524.50,22.80,31.90,98,389
16:12:22,402641.13,3915.76,257718.13,22.70,32.00,99,301
16:13:23,446875.44,3556.01,263945.56,22.50,31.90,97,274
16:14:23,456851.53,4211.97,280281.72,22.80,31.90,99,358
16:15:24,570263.69,4400.00,281411.78,22.40,31.80,100,368
16:16:24,477644.94,3609.82,267734.53,22.60,31.80,98,383
16:17:25,446875.44,3630.57,260810.78,22.80,31.80,90,358
16:18:25,446875.44,3302.69,237179.50,22.80,31.80,91,338
16:19:26,456851.53,4086.59,271428.59,22.80,31.80,94,400
16:20:26,489500.47,3915.76,264999.97,22.20,31.90,92,330
16:21:27,489500.47,4157.63,275813.97,22.40,31.80,89,248
16:22:27,501395.84,4438.94,279156.91,22.30,31.80,92,376
16:23:27,603167.25,4361.52,282547.19,22.30,31.70,89,306
16:24:28,501395.84,4104.20,263945.56,22.50,31.60,92,360
16:25:28,456851.53,4051.67,261851.02,22.70,31.60,89,283
16:26:29,540650.56,4323.48,278037.41,23.10,31.70,96,354
16:27:29,419294.53,3769.76,255679.27,23.60,31.70,92,377
16:28:30,427239.56,3680.10,251769.89,23.80,31.70,111,366
16:29:30,478133.81,4069.08,267123.28,24.00,31.70,106,326
16:30:31,465826.53,3981.82,267889.88,24.10,31.70,101,519
16:31:31,467261.34,3769.76,268192.19,24.10,31.70,102,340
16:32:32,402641.13,3949.18,271428.59,23.80,31.80,103,291
16:33:32,540100.56,4260.92,274245.97,23.00,31.70,107,270
16:34:33,456851.53,4051.67,266059.22,23.00,31.60,110,222
16:35:33,489500.47,4017.13,262895.91,23.30,31.60,100,247
16:36:34,387199.66,3899.19,258744.38,23.50,31.60,100,388
16:37:34,410807.31,3769.76,254666.64,23.60,31.60,103,309
16:38:35,446875.44,4017.13,261851.02,23.90,31.70,98,239
16:39:35,446875.44,3769.76,254666.64,24.00,31.70,98,298
16:40:36,436408.59,4039.44,263038.53,24.20,31.80,96,300
16:41:36,513857.66,4285.88,281411.78,24.30,31.80,105,328
16:42:37,456851.53,3850.00,255679.27,24.80,31.80,96,362
16:43:37,446875.44,4175.64,267123.28,24.90,31.80,106,383
16:44:38,427680.44,3779.79,262443.41,25.10,31.80,106,246
16:45:38,446417.09,3685.86,267734.53,25.10,31.80,103,282
16:46:39,540650.56,3882.70,268192.19,25.30,31.80,105,320
16:47:39,419294.53,3932.43,269266.03,25.20,31.90,112,305
16:48:40,540650.56,4193.75,269266.03,24.90,31.90,109,288
16:49:40,598889.50,4512.31,287290.19,24.70,31.90,111,331
16:50:41,570263.69,3966.03,261851.02,24.50,31.90,101,248
16:51:41,488000.47,4016.07,265753.41,24.50,31.90,94,274
16:52:42,466783.06,4028.26,262443.41,24.60,31.90,105,427
16:53:42,489500.47,4017.13,260810.78,24.60,31.90,105,305
16:54:43,456851.53,4267.24,280281.72,24.70,31.90,108,273
16:55:43,586270.88,4211.97,269266.03,24.50,31.90,107,258
16:56:44,540100.56,3763.93,272055.44,24.50,31.80,100,305
16:57:44,455447.28,3628.57,272222.19,24.80,31.80,106,301
16:58:45,513857.66,4000.00,269266.03,24.80,31.80,109,260
16:59:45,540650.56,4230.29,272517.34,24.80,31.80,105,351
17:0:46,359457.34,3497.72,253658.52,25.00,31.80,108,296
17:1:46,428120.44,3785.64,264999.97,25.10,31.80,100,270
17:2:47,419294.53,3982.97,261851.02,25.10,31.70,99,234
17:3:47,445500.44,4016.07,267889.88,25.10,31.70,99,211
17:4:48,340999.78,3469.02,252654.84,25.10,31.70,103,309
17:5:48,466304.81,4145.20,274883.75,25.10,31.70,108,441
17:6:49,402641.13,4086.59,273611.13,25.00,31.60,109,259
17:7:49,512286.22,3964.84,262585.00,24.90,31.60,107,279
17:8:50,478133.81,3676.24,239055.80,25.00,31.60,105,351
17:9:50,478133.81,3966.03,273611.13,24.90,31.60,104,325
17:10:51,555077.44,3882.70,272517.34,25.00,31.60,101,246
17:11:51,394777.44,3645.71,253658.52,24.80,31.50,99,369
17:12:52,456851.53,4157.63,268192.19,24.80,31.50,103,265
17:13:52,512286.22,4085.71,265753.41,24.80,31.40,102,298
17:14:53,446875.44,3882.70,262895.91,24.90,31.40,102,272
17:15:53,387199.66,3982.97,258744.38,25.00,31.40,103,290
17:16:54,456851.53,4000.00,270344.81,25.00,31.40,104,288
17:17:54,446875.44,4017.13,270344.81,25.00,31.40,101,222
17:18:55,410807.31,3866.31,259775.27,25.00,31.40,100,275
17:19:55,359457.34,3949.18,262895.91,25.00,31.40,97,362
17:20:56,489500.47,4104.20,270344.81,25.00,31.50,97,397
17:21:56,419294.53,4017.13,259775.27,25.10,31.50,94,184
17:22:57,387199.66,4000.00,259775.27,25.00,31.50,98,369
17:23:57,446875.44,4017.13,260810.78,25.00,31.40,98,256
17:24:58,418430.97,3711.05,254788.39,25.00,31.40,103,376
17:25:58,394777.44,3570.77,250660.78,25.00,31.40,93,287
17:26:59,387199.66,3966.03,259775.27,25.00,31.40,105,381
17:27:59,446875.44,3817.65,266059.22,25.00,31.50,102,371
17:29:0,467261.34,3966.03,264999.97,25.10,31.40,101,329
17:30:0,437306.56,3899.19,253658.52,25.10,31.40,94,300
17:31:1,410384.22,3716.84,247264.78,25.20,31.30,97,330
17:32:1,359457.34,3801.60,252654.84,25.20,31.40,95,300
17:33:2,419294.53,4157.63,270344.81,25.40,31.40,99,332
17:34:2,428120.44,3982.97,257718.13,25.20,31.30,95,207
17:35:3,418862.34,3993.94,257270.69,25.30,31.30,98,207
17:36:3,456851.53,4017.13,261851.02,25.40,31.30,97,351
17:37:4,387199.66,3915.76,258744.38,25.40,31.30,110,431
17:38:4,467261.34,3982.97,260810.78,25.50,31.30,101,285
17:39:5,437306.56,4034.35,263945.56,25.50,31.30,97,321
17:40:5,407845.78,3792.49,253571.41,25.70,31.40,94,311
17:41:6,394777.44,3817.65,252654.84,25.70,31.30,92,279
17:42:6,372069.88,3870.81,256823.27,25.70,31.40,94,337
17:43:7,402641.13,3899.19,255679.27,25.80,31.40,88,297
17:44:7,366034.22,3915.76,255679.27,25.80,31.50,92,412
17:45:8,335237.88,3915.76,252654.84,25.80,31.50,90,277
17:46:8,402226.03,3960.00,259325.83,25.80,31.50,90,450
17:47:9,402641.13,3882.70,256696.41,25.80,31.50,98,285
17:48:9,359457.34,3722.63,251655.63,25.80,31.60,94,321
17:49:10,402641.13,3866.31,261851.02,26.00,31.60,93,303
17:50:10,465826.53,4085.71,263636.34,26.10,31.60,94,212
17:51:11,446875.44,3949.18,260810.78,26.40,31.50,96,365
17:52:11,372841.81,3738.26,253658.52,26.40,31.50,98,396
17:53:12,410807.31,3915.76,259775.27,26.40,31.50,99,375
17:54:12,394777.44,3966.03,259775.27,26.40,31.60,97,361
17:55:13,446875.44,3982.97,262895.91,26.50,31.60,99,220
17:56:13,437306.56,3738.26,248684.22,26.50,31.60,92,280
17:57:14,466783.06,4133.52,268807.31,26.50,31.60,96,261
17:58:14,387199.66,3966.03,256696.41,26.80,31.50,99,291
17:59:15,346950.59,3426.50,234394.92,26.90,31.40,96,293
18:0:15,372455.84,3492.15,239569.89,27.00,31.40,105,327
18:1:16,379892.53,3850.00,256696.41,27.30,31.40,104,504
18:2:16,387199.66,3785.64,257718.13,27.90,31.40,102,737
18:3:17,394777.44,3850.00,257718.13,28.30,31.30,103,431
18:4:17,359457.34,3785.64,250660.78,28.60,31.30,121,597
18:5:18,371683.91,3816.09,250331.13,28.50,31.30,117,604
18:6:18,379892.53,3850.00,253658.52,28.80,31.20,107,429
18:7:19,346229.28,3789.87,260948.08,29.20,31.20,104,559
18:8:19,379892.53,3866.31,258744.38,29.20,31.20,106,546
18:9:20,335237.88,3660.94,252654.84,29.40,31.10,106,528
18:10:20,308970.44,3785.64,252654.84,29.20,31.10,104,510
18:11:21,353099.75,3866.31,262895.91,29.30,31.10,103,441
18:12:21,352366.44,3903.80,266210.03,29.50,31.10,104,466
18:13:22,335237.88,3600.52,261851.02,29.50,31.10,128,588
18:14:22,346950.59,3850.00,256696.41,29.00,30.90,97,491
18:15:23,335237.88,3801.60,254666.64,29.40,30.90,100,365
18:16:23,335237.88,3526.72,263945.56,29.50,30.80,106,654
18:17:24,352733.09,3565.13,262443.41,29.10,30.80,113,375
18:18:24,410807.31,3899.19,260810.78,29.00,30.70,106,442
18:19:25,372841.81,3932.43,270344.81,29.20,30.60,109,475
18:20:25,540650.56,4104.20,274710.00,29.10,30.50,101,423
18:21:26,387199.66,3850.00,270344.81,29.10,30.40,115,543
18:22:26,446875.44,4000.00,270344.81,29.10,30.40,106,271
18:23:27,437306.56,3949.18,272517.34,29.10,30.40,99,479
18:24:27,402641.13,3966.03,273611.13,29.10,30.40,101,389
18:25:28,428120.44,4034.35,263945.56,29.20,30.40,103,319
18:26:28,437306.56,3982.97,280281.72,29.20,30.30,104,424
18:27:29,410384.22,3827.88,270967.72,29.40,30.30,109,329
18:28:29,402641.13,4000.00,267123.28,29.20,30.20,104,417
18:29:30,410807.31,4034.35,270344.81,29.40,30.20,104,335
18:30:30,456851.53,4086.59,272517.34,29.40,30.20,103,474
18:31:31,478133.81,4121.91,271428.59,29.30,30.20,114,610
18:32:31,387199.66,3932.43,266059.22,29.30,30.10,107,414
18:33:32,466304.81,3987.88,271593.50,29.30,30.20,110,350
18:34:32,446875.44,4017.13,276923.09,29.30,30.30,105,279
18:35:33,359457.34,3676.24,263945.56,29.00,30.30,111,482
18:36:33,372455.84,3960.00,272055.44,28.90,30.30,105,370
18:37:34,487000.47,4038.44,270207.84,29.00,30.40,103,341
18:38:34,402641.13,3833.78,267123.28,29.10,30.40,100,363
18:39:35,335237.88,3817.65,257718.13,29.00,30.40,113,407
18:40:35,419294.53,3866.31,258744.38,29.10,30.40,102,222
18:41:36,329656.06,3316.18,232558.16,29.10,30.50,99,402
18:42:36,340999.78,3753.97,264999.97,28.30,30.60,102,391
18:43:37,417999.59,4016.07,264692.47,28.50,30.50,100,322
18:44:37,501395.84,4139.72,260810.78,28.30,30.40,103,433
18:45:38,418862.34,3993.94,269885.03,28.10,30.30,96,370
18:46:38,446875.44,3850.00,259775.27,28.20,30.20,102,487
18:47:39,410807.31,4121.91,273611.13,28.00,30.10,100,494
18:48:39,409538.06,3914.44,270046.06,28.20,30.00,108,406
18:49:40,410807.31,3966.03,267123.28,28.10,30.00,101,420
18:50:40,417568.22,3875.34,265296.78,27.90,29.90,98,594
18:51:41,409538.06,3981.82,274418.63,27.70,29.90,94,417
18:52:41,419294.53,3966.03,263945.56,27.60,29.90,97,451
18:53:41,359457.34,3585.60,250660.78,27.70,29.80,99,370
18:54:42,417999.59,3998.90,263636.34,27.50,29.70,107,540
18:55:42,410807.31,3932.43,256696.41,27.70,29.70,96,501
18:56:43,435958.72,4266.86,277751.78,27.80,29.70,118,521
18:57:43,428120.44,3882.70,259775.27,27.70,29.70,99,469
18:58:44,428120.44,3932.43,259775.27,27.80,29.70,92,456
18:59:44,394777.44,3882.70,261851.02,27.80,29.70,106,595
19:0:45,393555.19,4050.70,265753.41,27.60,29.80,96,396
19:1:45,428120.44,4069.08,264999.97,27.60,29.80,101,477
19:2:46,444582.84,4091.01,266972.44,27.50,29.70,107,436
19:3:46,416274.09,4078.65,272558.09,27.50,29.80,95,628
19:4:47,353099.75,3966.03,268192.19,27.50,29.80,98,422
19:5:47,358338.69,3964.84,264692.47,27.50,29.80,148,622
19:6:48,379892.53,3982.97,267123.28,27.40,29.80,88,423
19:7:48,393147.78,4062.01,270669.72,27.20,29.90,96,504
19:8:49,346950.59,3966.03,263945.56,27.20,29.90,100,484
19:9:49,372455.84,3670.50,254222.20,27.00,29.90,93,411
19:10:50,359457.34,3949.18,257718.13,26.90,29.90,87,361
19:11:50,339935.25,3568.64,252328.14,27.00,29.90,150,695
19:12:51,335237.88,3882.70,259775.27,26.70,29.90,100,428
19:13:51,372841.81,4051.67,266059.22,27.10,30.00,101,365
19:14:52,359457.34,3915.76,262895.91,27.10,30.00,99,329
19:15:52,359457.34,4000.00,272517.34,26.70,29.90,112,408
19:16:53,346950.59,3833.78,262895.91,26.70,29.90,100,518
19:17:53,446875.44,4051.67,271428.59,26.80,29.80,97,335
19:18:54,372841.81,3899.19,260810.78,26.90,29.70,98,375
19:19:54,467261.34,4175.64,267123.28,27.20,29.60,109,427
19:20:55,387199.66,3966.03,260810.78,27.20,29.60,99,269
19:21:55,410807.31,3932.43,263945.56,27.30,29.50,94,265
19:22:56,401395.84,3981.82,265753.41,27.50,29.50,101,492
19:23:56,425919.56,4180.63,270207.84,27.50,29.50,96,304
19:24:57,394777.44,4139.72,272517.34,27.40,29.50,80,299
19:25:57,410384.22,3844.09,270967.72,27.50,29.50,99,210
19:26:58,437306.56,3645.71,257718.13,27.40,29.50,101,487
19:27:58,353099.75,3615.50,244782.61,27.40,29.40,106,363
19:28:59,446875.44,3966.03,267123.28,27.40,29.40,103,303
19:29:59,379499.69,3993.94,268807.31,27.50,29.40,100,344
19:31:0,340999.78,3949.18,263945.56,27.40,29.40,97,634
19:32:0,335237.88,3915.76,262895.91,27.50,29.40,98,360
19:33:1,379892.53,3982.97,256696.41,27.50,29.40,99,330
19:34:1,463912.50,4241.50,286124.44,27.50,29.40,101,374
19:35:2,366034.22,3915.76,260810.78,27.30,29.40,104,369
19:36:2,410807.31,3882.70,259775.27,27.50,29.40,107,363
19:37:3,428120.44,3932.43,264999.97,27.20,29.40,111,351
19:38:3,410807.31,4121.91,270344.81,27.00,29.40,108,279
19:39:4,353099.75,3676.24,257718.13,27.10,29.40,100,440
19:40:4,379892.53,4175.64,269266.03,27.00,29.40,98,381
19:41:5,410807.31,4069.08,262895.91,26.90,29.40,95,361
19:42:5,446417.09,4279.54,274245.97,27.00,29.30,102,310
19:43:6,394777.44,3982.97,281411.78,26.90,29.30,98,390
19:44:6,446875.44,3753.97,251655.63,26.80,29.20,107,255
19:45:7,410384.22,3993.94,274245.97,26.90,29.20,107,362
19:46:7,540650.56,4175.64,278037.41,26.90,29.20,107,430
19:47:8,359457.34,3899.19,272517.34,27.00,29.20,105,275
19:48:8,478133.81,3833.78,266059.22,27.00,29.20,104,245
19:49:9,387199.66,4121.91,280281.72,26.90,29.20,99,306
19:50:9,402641.13,3600.52,254666.64,27.00,29.20,101,359
19:51:10,446875.44,4121.91,273611.13,26.90,29.20,101,374
19:52:10,501395.84,4361.52,278037.41,27.00,29.20,98,343
19:53:11,437306.56,4193.75,271428.59,26.90,29.10,104,294
19:54:11,570263.69,4211.97,275813.97,26.90,29.10,107,391
19:55:12,476667.16,4193.16,276635.53,27.00,29.10,107,378
19:56:12,387199.66,3676.24,258744.38,27.00,29.10,102,336
19:57:13,418862.34,4062.95,268807.31,26.90,29.10,105,377
19:58:13,359457.34,3899.19,263945.56,27.00,29.10,106,434
19:59:14,446875.44,4193.75,270344.81,26.90,29.10,103,454
20:0:14,446875.44,4051.67,267123.28,26.80,29.10,127,514
20:1:15,418862.34,4187.50,270967.72,26.90,29.10,99,260
20:2:15,446875.44,3801.60,257718.13,26.90,29.10,100,368
20:3:16,419294.53,4121.91,270344.81,26.90,29.00,100,509
20:4:16,335237.88,3384.62,233474.58,26.90,29.00,101,362
20:5:17,402641.13,4051.67,266059.22,26.90,29.10,103,334
20:6:17,402641.13,4086.59,260810.78,26.90,29.10,102,333
20:7:18,437306.56,4051.67,262895.91,26.90,29.10,105,418
20:8:18,455915.34,4109.55,268348.59,26.90,29.10,111,508
20:9:19,402641.13,3801.60,244782.61,26.80,29.10,103,502
20:10:19,409115.00,3941.92,260045.14,26.80,29.10,100,248
20:11:20,351999.78,3752.25,249339.20,26.80,29.10,95,412
20:12:20,416274.09,3873.91,256629.20,26.80,29.00,95,421
20:13:21,410807.31,3817.65,256696.41,26.90,29.00,94,411
20:14:21,446875.44,3899.19,256696.41,26.60,28.90,93,286
20:15:22,410807.31,3833.78,251655.63,26.70,28.80,106,527
20:16:22,387199.66,3966.03,260810.78,26.90,28.80,99,624
20:17:23,445500.44,3628.57,243478.27,26.80,28.80,99,347
20:18:23,394777.44,3817.65,253658.52,26.80,28.80,113,473
20:19:24,366034.22,3966.03,260810.78,26.90,28.80,104,603
20:20:24,428120.44,3899.19,255679.27,26.90,28.80,98,351
20:21:25,379499.69,3976.92,257270.69,26.90,28.80,99,370
20:22:25,402641.13,3899.19,255679.27,26.90,28.80,102,644
20:23:26,394370.00,3876.76,260360.34,26.90,28.80,93,591
20:24:26,428120.44,3899.19,253658.52,26.80,28.80,96,377
20:25:27,372841.81,3932.43,257718.13,27.00,28.80,93,405
20:26:27,393962.59,3854.45,255803.55,26.90,28.80,97,288
20:27:28,359457.34,3882.70,256696.41,26.80,28.90,91,434
20:28:28,340999.78,3785.64,250660.78,26.70,28.80,88,474
20:29:29,335237.88,3833.78,253658.52,26.80,28.80,100,405
20:30:29,371683.91,3881.30,257399.09,26.90,28.80,99,589
20:31:30,345868.63,3752.25,248351.64,26.90,28.80,105,396
20:32:30,303217.25,3752.25,249339.20,26.90,28.80,100,30453
20:33:30,304173.78,3817.65,255679.27,26.90,28.80,166,635
20:34:31,308970.44,3833.78,254666.64,26.90,28.80,109,512
20:35:31,334888.69,3909.78,248245.61,27.00,28.80,102,406
20:36:32,312596.84,3778.13,254910.70,27.10,28.90,102,661
20:37:32,294056.22,3864.86,253333.31,27.00,28.90,96,379
20:38:33,334190.28,3848.52,252328.14,27.00,28.90,95,559
20:39:33,308970.44,3722.63,246724.89,27.00,28.90,96,334
20:40:34,318999.81,3850.00,250660.78,26.90,28.90,95,343
20:41:34,294985.78,3769.76,248684.22,26.90,28.90,101,583
20:42:35,242776.42,3676.24,244782.61,27.00,28.90,100,438
20:43:35,299514.16,3915.76,266059.22,27.00,28.90,101,455
20:44:36,270285.63,3660.94,250660.78,27.10,28.90,105,318
20:45:36,329656.06,3899.19,255679.27,27.10,28.80,99,481
20:46:37,318666.47,3860.38,252212.38,27.30,28.80,111,405
20:47:37,372841.81,3949.18,263945.56,27.30,28.80,115,477
20:48:38,410807.31,4051.67,262895.91,27.30,28.70,101,231
20:49:38,402641.13,3932.43,259775.27,27.40,28.60,104,461
20:50:39,379892.53,3949.18,260810.78,27.60,28.60,102,250
20:51:39,318666.47,3550.38,241468.69,27.60,28.60,102,372
20:52:40,353099.75,3982.97,263945.56,27.50,28.70,97,464
20:53:40,366034.22,4051.67,268192.19,27.60,28.70,103,518
20:54:41,366034.22,4086.59,261851.02,27.60,28.70,106,600
20:55:41,387199.66,3915.76,275813.97,27.60,28.70,106,328
20:56:42,456851.53,4193.75,264999.97,27.50,28.70,101,485
20:57:42,387199.66,3932.43,261851.02,27.60,28.60,109,490
20:58:43,410807.31,3932.43,254666.64,27.70,28.50,126,749
20:59:43,394777.44,3850.00,253658.52,27.80,28.50,111,418
21:0:44,394777.44,4017.13,257718.13,27.80,28.50,100,369
21:1:44,445500.44,4193.16,261538.44,27.90,28.60,104,334
21:2:45,419294.53,3722.63,235319.14,27.90,28.60,98,530
21:3:45,512810.03,4163.17,268348.59,27.80,28.50,111,635
21:4:46,467261.34,4121.91,263945.56,28.00,28.40,105,381
21:5:46,526390.75,4169.40,272055.44,28.10,28.40,99,386
21:6:47,478133.81,3966.03,263945.56,28.20,28.40,105,601
21:7:47,428120.44,3833.78,251655.63,28.10,28.40,99,441
21:8:48,427680.44,3976.92,263492.03,28.10,28.40,99,426
21:9:48,465826.53,3964.84,261538.44,28.10,28.40,100,347
21:10:49,489500.47,3676.24,244782.61,28.10,28.40,114,354
21:11:49,467261.34,4000.00,259775.27,27.90,28.40,99,504
21:12:50,513857.66,4139.72,261851.02,28.20,28.40,103,405
21:13:50,446875.44,4034.35,253658.52,28.20,28.40,119,507
21:14:51,465826.53,4033.33,259459.44,28.10,28.40,102,656
21:15:51,489500.47,4086.59,258744.38,28.20,28.40,101,415
21:16:52,467261.34,4086.59,259775.27,28.20,28.40,102,491
21:17:52,456851.53,4069.08,252654.84,28.10,28.40,100,474
21:18:53,387199.66,4069.08,254666.64,28.20,28.40,99,325
21:19:53,387199.66,3882.70,250660.78,28.20,28.40,99,411
21:20:54,501395.84,4121.91,267123.28,28.20,28.50,100,412
21:21:54,501395.84,4104.20,259775.27,28.20,28.40,105,457
21:22:55,555077.44,4498.21,264999.97,28.20,28.50,97,431
21:23:55,639941.81,4478.34,264999.97,28.30,28.40,116,404
21:24:56,570263.69,4248.71,260810.78,28.50,28.30,98,293
21:25:56,586270.88,3982.97,253658.52,28.50,28.30,96,426
21:26:57,555077.44,4478.34,260810.78,28.60,28.20,98,462
21:27:57,540650.56,3882.70,250660.78,28.80,28.20,100,414
21:28:58,569105.81,4109.55,260948.08,28.80,28.10,104,278
21:29:58,603167.25,4175.64,258744.38,28.90,28.10,102,474
21:30:59,586270.88,4104.20,260810.78,28.90,28.10,99,330
21:31:59,635412.38,4222.99,269284.03,29.00,28.10,101,410
21:33:0,540650.56,4051.67,260810.78,28.90,28.20,89,590
21:34:0,512286.22,4016.07,254342.97,28.90,28.20,96,528
21:35:1,586270.88,4211.97,256696.41,28.80,28.30,99,440
21:36:1,501395.84,3932.43,257718.13,28.80,28.20,105,544
21:37:2,601945.06,4181.25,260948.08,28.80,28.20,105,582
21:38:2,467261.34,3660.94,248684.22,28.90,28.20,100,438
21:39:3,500884.22,3960.00,257270.69,28.70,28.20,98,514
21:40:3,456851.53,3966.03,254666.64,29.00,28.20,100,327
21:41:4,540650.56,3966.03,269266.03,28.90,28.20,95,517
21:42:4,681313.19,4139.72,255679.27,28.90,28.20,95,358
21:43:5,570263.69,4175.64,258744.38,28.90,28.20,88,419
21:44:5,603167.25,4211.97,257718.13,29.00,28.20,94,355
21:45:6,540650.56,4051.67,253658.52,29.00,28.20,101,405
21:46:6,489500.47,4211.97,259775.27,29.10,28.20,97,412
21:47:7,555077.44,4211.97,254666.64,29.00,28.20,99,396
21:48:7,586270.88,4285.88,270344.81,29.00,28.20,100,347
21:49:8,639941.81,4211.97,262895.91,29.10,28.20,104,594
21:50:8,620400.63,4205.70,264545.44,29.20,28.10,98,440
21:51:9,601333.94,3848.52,252328.14,29.10,28.10,89,447
21:52:9,619143.44,4380.64,267889.88,29.10,28.10,96,536
21:53:10,639941.81,4157.63,260810.78,29.30,28.10,96,613
21:54:10,603167.25,4104.20,253658.52,29.30,28.10,97,289
21:55:11,489500.47,3645.71,244782.61,29.30,28.10,99,426
21:56:11,681313.19,4139.72,262895.91,29.10,28.00,99,560
21:57:11,501395.84,4139.72,264999.97,29.30,28.10,98,409
21:58:12,603167.25,4267.24,259775.27,29.40,28.00,100,575
21:59:12,467261.34,3899.19,255679.27,29.40,28.10,103,461
22:0:13,513857.66,3440.60,240000.00,29.40,28.00,103,492
22:1:13,467261.34,4017.13,257718.13,29.00,28.00,104,376
22:2:14,701871.69,3998.90,254342.97,29.40,28.00,103,468
22:3:14,478133.81,3833.78,247702.41,29.30,27.90,103,461
22:4:15,435958.72,3368.24,230379.77,29.30,27.90,102,480
22:5:15,526927.38,3982.97,261851.02,28.80,27.90,104,451
22:6:16,488500.47,3953.97,257847.52,29.40,27.80,96,677
22:7:16,513857.66,4017.13,254666.64,29.40,27.80,92,454
22:8:17,600111.69,4091.01,260633.47,29.50,27.80,94,451
22:9:17,478133.81,3753.97,237179.50,29.50,27.90,102,544
22:10:18,513333.84,4298.27,277570.13,29.20,27.90,110,492
22:11:18,466783.06,3521.12,259325.83,29.40,27.80,104,368
22:12:19,526927.38,3882.70,255679.27,29.20,27.80,95,488
22:13:19,513857.66,3722.63,255679.27,29.60,27.70,106,496
22:14:20,499860.97,3816.09,260496.61,29.40,27.70,110,447
22:15:20,456851.53,3738.26,266059.22,29.50,27.70,109,357
22:16:21,540650.56,4139.72,269266.03,29.40,27.70,118,592
22:17:21,456851.53,3932.43,256696.41,29.60,27.60,124,482
22:18:22,584487.06,4068.16,261538.44,29.70,27.50,111,375
22:19:22,446875.44,3785.64,255679.27,29.80,27.50,111,403
22:20:23,445500.44,4050.70,267889.88,29.70,27.60,106,439
22:21:23,488000.47,4121.13,271131.63,29.70,27.60,102,404
22:22:24,540650.56,4121.91,263945.56,29.80,27.60,102,446
22:23:24,501395.84,4069.08,272517.34,29.80,27.60,104,379
22:24:25,467261.34,4139.72,264999.97,29.90,27.60,98,473
22:25:25,489000.47,4098.04,275348.88,29.90,27.70,106,317
22:26:26,603167.25,4104.20,263945.56,29.80,27.70,123,366
22:27:26,499860.97,4085.71,262585.00,29.70,27.70,100,354
22:28:27,489500.47,3850.00,256696.41,29.70,27.70,99,332
22:29:27,584487.06,4211.43,273317.88,29.70,27.70,114,381
22:30:28,660000.63,4086.59,266059.22,29.70,27.70,145,650
22:31:28,540650.56,4069.08,266059.22,29.70,27.60,108,309
22:32:29,501395.84,4086.59,267123.28,29.70,27.60,107,476
22:33:29,513857.66,3833.78,258744.38,29.80,27.50,110,459
22:34:30,501395.84,4034.35,273611.13,29.80,27.50,130,575
22:35:30,513333.84,4187.50,278688.53,30.00,27.50,96,454
22:36:31,419294.53,3949.18,264999.97,30.00,27.40,99,403
22:37:31,513857.66,4121.91,270344.81,30.00,27.40,97,346
22:38:32,499860.97,4085.71,270046.06,30.00,27.40,97,456
22:39:32,553949.25,4199.43,271593.50,30.10,27.50,101,295
22:40:33,456851.53,4069.08,275813.97,30.00,27.50,107,243
22:41:33,501395.84,4121.91,264999.97,30.10,27.50,104,458
22:42:34,513857.66,4034.35,261851.02,30.00,27.50,101,410
22:43:34,570263.69,4175.64,269266.03,30.00,27.50,97,519
22:44:35,456851.53,4069.08,269266.03,30.00,27.50,98,432
22:45:35,478133.81,4000.00,266059.22,30.00,27.50,100,461
22:46:36,583297.88,4180.63,271296.28,30.00,27.50,107,449
22:47:36,501395.84,4086.59,267123.28,30.00,27.40,103,352
22:48:37,512810.03,4039.44,267276.88,30.00,27.50,101,364
22:49:37,513857.66,4104.20,279156.91,30.00,27.50,101,335
22:50:38,635412.38,4150.00,273659.66,30.00,27.50,102,399
22:51:38,603167.25,4342.44,279156.91,30.00,27.50,100,336
22:52:39,510714.81,3641.77,257078.64,30.00,27.50,99,377
22:53:39,465348.28,3875.34,260045.14,29.70,27.40,97,321
22:54:40,445958.75,3854.45,261990.92,29.90,27.50,97,271
22:55:40,540650.56,4285.88,275813.97,29.90,27.40,101,359
22:56:41,553385.13,4211.43,273317.88,30.00,27.40,98,458
22:57:41,489500.47,4086.59,267123.28,30.10,27.40,99,476
22:58:42,552821.06,4097.19,272853.81,30.20,27.40,104,381
22:59:42,540650.56,4157.63,271428.59,30.20,27.40,101,355
23:0:43,489500.47,4104.20,267123.28,30.10,27.40,103,420
23:1:43,489500.47,4069.08,270344.81,30.10,27.50,99,471
23:2:44,513857.66,4069.08,261851.02,30.10,27.40,95,479
23:3:44,445500.44,3931.15,260496.61,30.10,27.40,93,435
23:4:45,489500.47,4000.00,260810.78,30.10,27.50,91,382
23:5:45,501395.84,4104.20,266059.22,30.10,27.50,91,496
23:6:46,467261.34,4034.35,263945.56,30.10,27.50,95,452
23:7:46,467261.34,3899.19,260810.78,30.00,27.50,94,403
23:8:46,465826.53,4016.07,265753.41,30.00,27.60,92,482
23:9:47,437306.56,3966.03,266059.22,30.00,27.60,112,299
23:10:47,489500.47,4017.13,263945.56,29.90,27.60,94,495
23:11:48,489000.47,4080.45,264545.44,29.90,27.70,90,262
23:12:48,437306.56,3982.97,261851.02,29.90,27.70,92,483
23:13:49,489500.47,4000.00,261851.02,29.80,27.70,91,526
23:14:49,489500.47,3949.18,261851.02,29.80,27.70,91,481
23:15:50,467261.34,4086.59,267123.28,29.80,27.70,94,381
23:16:50,456851.53,4017.13,266059.22,29.80,27.70,94,498
23:17:51,435958.72,3897.83,267889.88,29.80,27.70,95,394
23:18:51,555077.44,4211.97,273611.13,29.90,27.80,98,444
23:19:52,488000.47,4085.71,265753.41,29.70,27.80,102,444
23:20:52,540650.56,4017.13,266059.22,29.70,27.70,99,552
23:21:53,540650.56,4086.59,264999.97,29.60,27.70,101,345
23:22:53,394777.44,3817.65,260810.78,29.70,27.60,102,317
23:23:54,540650.56,4086.59,270344.81,29.70,27.60,100,519
23:24:54,513857.66,4139.72,273611.13,29.80,27.60,111,344
23:25:55,478133.81,4051.67,268192.19,29.90,27.60,103,327
23:26:55,456851.53,4034.35,269266.03,30.00,27.50,104,327
23:27:56,402641.13,3866.31,271428.59,30.00,27.60,100,484
23:28:56,477644.94,4242.41,282075.50,29.90,27.60,98,298
23:29:57,456851.53,4034.35,267123.28,30.00,27.50,102,406
23:30:57,499349.34,4079.55,272853.81,30.10,27.50,102,385
23:31:58,540650.56,4211.97,263945.56,30.00,27.40,104,415
23:32:58,419294.53,3915.76,264999.97,30.20,27.40,97,399
23:33:59,540650.56,4069.08,269266.03,30.20,27.40,102,523
23:34:59,513857.66,4017.13,269266.03,30.40,27.40,101,230
23:36:0,511762.41,4205.14,275058.28,30.30,27.40,111,415
23:37:0,501395.84,3707.09,263945.56,30.50,27.30,106,406
23:38:1,456851.53,3932.43,268192.19,30.20,27.30,101,234
23:39:1,513857.66,4121.91,274710.00,30.60,27.20,98,483
23:40:2,476667.16,4085.71,274418.63,30.90,27.20,96,255
23:41:2,489500.47,3966.03,267123.28,30.90,27.20,96,341
23:42:3,455447.28,3897.83,267889.88,30.90,27.20,99,367
23:43:3,446875.44,3915.76,267123.28,30.90,27.30,104,613
23:44:4,489500.47,4017.13,281411.78,30.90,27.30,104,390
23:45:4,489000.47,4151.41,285510.69,30.90,27.30,102,399
23:46:5,446875.44,4034.35,272517.34,31.10,27.20,105,288
23:47:5,402641.13,4034.35,270344.81,31.20,27.30,103,521
23:48:6,512810.03,4091.88,273781.94,31.40,27.30,98,383
23:49:6,465826.53,4050.70,276635.53,31.50,27.30,96,392
23:50:7,467261.34,4000.00,270344.81,31.50,27.30,107,347
23:51:7,478133.81,4086.59,271428.59,31.60,27.30,109,438
23:52:8,437306.56,4017.13,271428.59,31.60,27.30,106,430
23:53:8,419294.53,4017.13,272517.34,31.60,27.30,107,409
23:54:9,456851.53,3850.00,271428.59,31.80,27.30,102,609
23:55:9,419294.53,4086.59,283687.97,31.60,27.20,116,416
23:56:10,540650.56,4104.20,283687.97,31.70,27.20,98,487
23:57:10,513857.66,4139.72,288305.50,31.90,27.20,94,442
23:58:11,467261.34,3966.03,270344.81,31.90,27.20,99,362
23:59:11,568526.88,4103.37,281132.09,31.90,27.20,103,547
