Hora,O3,NO2,CO,Humedad,Temperatura,P25,P10
0:0:0,136183.14,3429.57,264090.88,54.70,19.50,94,470
0:1:0,116073.59,3343.35,256696.41,54.30,19.50,93,427
0:2:1,129918.97,3406.98,264545.44,54.00,19.50,90,609
0:3:1,127600.05,3396.01,270046.06,54.10,19.50,88,472
0:4:2,125921.10,3406.98,274245.97,55.00,19.50,89,437
0:5:2,134291.70,3426.50,269266.03,54.50,19.50,89,491
0:6:3,125098.09,3384.62,272517.34,54.10,19.50,92,523
0:7:3,177964.30,3678.21,301477.84,54.50,19.50,91,377
0:8:4,207428.56,3655.21,291346.16,54.00,19.50,93,524
0:9:4,178946.44,3526.72,290647.50,53.30,19.50,88,371
0:10:5,149801.56,3412.47,278037.41,54.40,19.40,88,368
0:11:5,153828.16,3483.33,281411.78,55.80,19.40,89,506
0:12:6,144222.27,3424.06,284560.56,55.30,19.40,87,452
0:13:6,145955.25,3398.51,281411.78,55.70,19.40,87,401
0:14:7,160975.64,3512.18,289473.72,55.60,19.40,84,428
0:15:7,122269.19,3343.35,276923.09,55.90,19.40,88,481
0:16:8,116073.59,3398.51,281411.78,56.90,19.30,90,474
0:17:8,130067.62,3426.50,283687.97,57.00,19.30,89,390
0:18:9,131102.09,3483.33,293012.06,57.00,19.30,90,448
0:19:9,139913.70,3512.18,294202.91,56.50,19.30,88,451
0:20:9,128040.05,3454.77,294202.91,57.10,19.30,87,441
0:21:10,141087.00,3454.77,293012.06,58.10,19.30,84,409
0:22:10,153828.16,3526.72,293012.06,56.90,19.20,83,390
0:23:11,139913.70,3440.60,294202.91,56.00,19.20,84,472
0:24:11,178946.44,3585.60,299024.38,56.70,19.20,81,350
0:25:12,155212.64,3440.60,289473.72,56.50,19.20,91,482
0:26:12,180756.78,3556.01,296601.94,57.20,19.20,88,458
0:27:13,167126.08,3483.33,294202.91,55.90,19.20,82,449
0:28:13,144711.16,3454.77,287142.84,56.70,19.20,97,484
0:29:14,127046.41,3398.51,287142.84,57.40,19.20,89,489
0:30:14,148166.70,3501.02,296837.00,58.20,19.20,85,477
0:31:15,151123.11,3526.72,293012.06,58.30,19.10,94,697
0:32:15,145462.72,3452.39,295145.63,57.60,19.10,84,532
0:33:16,140927.58,3449.25,290167.88,57.30,19.10,80,551
0:34:16,144711.16,3469.02,285985.75,57.90,19.10,79,532
0:35:17,147666.70,3513.27,292978.22,57.50,19.10,80,473
0:36:17,167126.08,3585.60,296601.94,58.20,19.10,81,409
0:37:18,144711.16,3454.77,284834.13,57.40,19.10,82,592
0:38:18,155396.86,3546.02,290821.25,57.80,19.10,80,482
0:39:19,144222.27,3509.92,288038.31,57.90,19.10,80,499
0:40:19,138600.05,3492.15,287828.19,58.60,19.00,81,553
0:41:20,130952.43,3449.25,284360.22,58.90,19.00,82,488
0:42:20,125098.09,3440.60,282547.19,58.30,19.00,101,645
0:43:21,146225.61,3536.92,293689.34,58.80,19.00,79,588
0:44:21,143485.33,3483.33,282547.19,58.30,19.00,84,637
0:45:21,143485.33,3512.18,289473.72,58.40,19.00,78,525
0:46:22,122269.19,3426.50,276923.09,58.70,19.00,82,614
0:47:22,119408.77,3492.15,288995.25,59.20,18.90,80,552
0:48:23,123428.53,3484.26,285918.88,59.30,18.90,79,468
0:49:23,116073.59,3440.60,276923.09,59.10,19.00,84,569
0:50:24,112766.44,3426.50,281411.78,58.80,18.90,84,485
0:51:24,103033.32,3398.51,275813.97,58.80,19.00,80,760
0:52:25,98999.99,3384.62,276923.09,59.00,18.90,86,642
0:53:25,98352.93,3398.51,274710.00,59.00,18.90,91,744
0:54:26,103033.32,3483.33,280281.72,58.50,18.90,92,524
0:55:26,97127.65,3441.31,282464.47,59.00,18.90,101,552
0:56:27,91095.48,3384.62,276923.09,59.80,18.90,84,493
0:57:27,97712.76,3469.02,276923.09,59.80,18.90,132,607
0:58:28,90763.82,3438.19,278873.25,59.80,18.90,88,602
0:59:28,86201.92,3440.60,275813.97,59.80,18.80,80,621
1:0:29,72962.02,3370.79,267123.28,60.30,18.80,116,779
1:1:29,73770.20,3412.47,267123.28,60.30,18.80,93,559
1:2:30,69487.80,3398.51,270344.81,60.30,18.80,88,582
1:3:30,67309.52,3370.79,262895.91,60.60,18.80,90,467
1:4:31,67309.52,3412.47,268192.19,60.00,18.80,93,428
1:5:31,75008.61,3454.77,272517.34,61.30,18.80,87,642
1:6:32,77145.38,3483.33,271428.59,60.20,18.80,87,499
1:7:32,73084.73,3438.19,272222.19,59.90,18.80,102,675
1:8:33,75428.56,3497.72,278037.41,60.80,18.80,102,743
1:9:33,74592.27,3454.77,276923.09,60.50,18.70,91,384
1:10:34,75008.61,3426.50,271428.59,60.60,18.70,108,583
1:11:34,75852.19,3440.60,271428.59,60.60,18.70,92,560
1:12:34,78473.22,3426.50,270344.81,60.20,18.70,87,559
1:13:35,77584.08,3454.77,275813.97,60.40,18.70,86,540
1:14:35,72962.02,3440.60,275813.97,60.50,18.70,97,685
1:15:36,66519.69,3393.03,274245.97,61.20,18.60,92,622
1:16:36,62609.02,3343.35,263945.56,61.70,18.60,89,509
1:17:37,67309.52,3440.60,269266.03,62.20,18.60,90,589
1:18:37,77145.38,3440.60,275813.97,61.90,18.60,120,609
1:19:38,95218.74,3483.33,276923.09,61.60,18.60,89,485
1:20:38,86724.64,3426.50,275813.97,60.00,18.60,91,503
1:21:39,95218.74,3483.33,280281.72,60.00,18.60,93,678
1:22:39,88323.52,3440.60,270344.81,59.10,18.60,90,456
1:23:40,94010.30,3483.33,274710.00,59.00,18.60,88,720
1:24:40,88323.52,3440.60,271428.59,59.10,18.60,94,438
1:25:41,94010.30,3483.33,278037.41,59.90,18.70,90,562
1:26:41,82859.82,3452.39,284560.56,59.30,18.60,93,499
1:27:42,90763.82,3452.39,274418.63,60.00,18.70,172,673
1:28:42,86201.92,3440.60,273611.13,59.50,18.70,89,699
1:29:43,89970.15,3483.33,279156.91,60.00,18.70,88,468
1:30:43,84559.24,3492.15,279812.22,60.00,18.70,93,605
1:31:44,78825.13,3421.00,267734.53,60.70,18.60,89,658
1:32:44,79837.11,3454.77,273611.13,59.90,18.60,98,465
1:33:45,81714.29,3440.60,281411.78,60.00,18.70,85,422
1:34:45,75008.61,3440.60,274710.00,60.60,18.60,95,539
1:35:46,73770.20,3384.62,269266.03,61.30,18.70,86,466
1:36:46,70999.99,3398.51,266059.22,61.00,18.60,91,537
1:37:46,67583.99,3413.03,268045.97,61.40,18.70,88,758
1:38:47,65914.06,3454.77,266059.22,61.20,18.70,92,713
1:39:47,65484.38,3441.31,268045.97,60.40,18.60,85,703
1:40:48,65232.56,3412.47,264999.97,60.30,18.70,90,787
1:41:48,63406.85,3387.56,264090.88,60.40,18.70,86,690
1:42:49,69967.21,3424.06,272222.19,61.40,18.70,94,844
1:43:49,76710.54,3454.77,270344.81,60.50,18.70,152,1219
1:44:50,91095.48,3454.77,269266.03,59.90,18.70,117,1751
1:45:50,102911.09,3492.15,279812.22,59.80,18.70,105,1228
1:46:51,121350.27,3512.18,276923.09,59.50,18.70,139,1199
1:47:51,101659.33,3469.02,272517.34,58.80,18.70,99,946
1:48:52,96846.55,3472.22,272685.22,59.60,18.70,128,927
1:49:52,93896.90,3449.25,270967.72,58.90,18.70,142,1047
1:50:53,85578.95,3435.09,276456.91,59.20,18.70,105,720
1:51:53,83661.98,3454.77,267123.28,59.90,18.70,100,767
1:52:54,82679.07,3412.47,275813.97,58.90,18.80,88,656
1:53:54,88323.52,3412.47,263945.56,59.40,18.80,85,573
1:54:55,85884.62,3452.39,268965.50,58.50,18.80,100,680
1:55:55,77145.38,3384.62,262895.91,59.00,18.80,88,480
1:56:56,69861.22,3357.04,261851.02,60.00,18.80,92,523
1:57:56,68385.54,3384.62,264999.97,61.00,18.80,85,667
1:58:57,67047.62,3382.09,260496.61,61.40,18.80,78,623
1:59:57,69591.84,3424.06,266819.19,61.60,18.80,85,565
2:0:58,68297.19,3406.98,267734.53,60.70,18.80,82,609
2:1:58,64138.46,3427.14,262727.25,60.30,18.80,85,465
2:2:58,63648.86,3424.06,263636.34,59.80,18.80,78,673
2:3:59,66258.83,3426.50,262895.91,59.50,18.80,87,801
2:4:59,66519.69,3406.98,260360.34,59.00,18.80,104,629
2:6:0,64976.75,3410.00,267889.88,58.70,18.80,91,500
2:7:0,63250.00,3370.79,254666.64,60.00,18.80,82,616
2:8:1,62928.30,3370.79,257718.13,59.20,18.80,84,437
2:9:1,60742.66,3370.79,253658.52,59.30,18.80,80,535
2:10:2,60439.56,3329.73,253658.52,59.30,18.90,78,458
2:11:2,58877.70,3351.60,250220.25,58.60,18.80,81,480
2:12:3,58378.58,3357.04,251655.63,58.50,18.90,82,580
2:13:3,56341.46,3379.16,258295.95,58.70,18.90,80,697
2:14:4,55000.00,3351.60,254222.20,59.60,18.90,89,607
2:15:4,54551.02,3384.62,258744.38,59.80,18.90,82,490
2:16:5,52624.58,3332.51,251769.89,59.50,18.90,80,653
2:17:5,52277.23,3343.35,255679.27,60.10,18.90,85,560
2:18:6,53020.00,3357.04,250660.78,60.50,18.90,85,433
2:19:6,54291.52,3357.04,256696.41,60.20,18.90,103,467
2:20:7,54033.78,3329.73,251655.63,59.30,19.00,86,503
2:21:7,53777.77,3357.04,256696.41,59.10,18.90,84,610
2:22:8,54291.52,3316.18,252654.84,58.80,19.00,89,581
2:23:8,57526.50,3357.04,255679.27,58.90,19.00,84,455
2:24:9,58378.58,3357.04,255679.27,59.40,19.00,87,721
2:25:9,58221.42,3359.90,253777.77,59.50,19.00,84,411
2:26:10,62292.14,3384.62,257718.13,59.00,19.00,86,474
2:27:10,60742.66,3329.73,252654.84,58.70,19.00,80,776
2:28:11,64229.88,3357.04,260810.78,59.20,19.00,95,426
2:29:11,71385.89,3357.04,255679.27,58.60,19.10,91,385
2:30:11,74309.01,3424.06,270046.06,58.30,19.10,89,337
2:31:12,68385.54,3384.62,258744.38,59.30,19.10,90,422
2:32:12,69786.88,3413.03,263781.31,59.60,19.00,82,321
2:33:13,71385.89,3426.50,261851.02,59.80,19.00,102,684
2:34:13,72193.27,3390.52,260045.14,59.60,19.00,98,374
2:35:14,75008.61,3384.62,261851.02,59.00,19.00,84,417
2:36:14,75852.19,3412.47,262895.91,58.80,19.00,87,520
2:37:15,86201.92,3440.60,272517.34,59.60,19.00,93,688
2:38:15,81238.54,3454.77,270344.81,59.10,19.00,87,398
2:39:16,82194.45,3440.60,263945.56,58.70,19.00,87,382
2:40:16,77928.90,3406.98,261399.55,58.90,19.00,89,393
2:41:17,70164.60,3413.03,269124.41,58.80,19.00,92,798
2:42:17,68023.99,3440.60,270344.81,61.10,19.00,96,397
2:43:18,63900.76,3357.04,258744.38,61.80,19.00,88,520
2:44:18,64561.54,3398.51,263945.56,61.60,19.00,94,455
2:45:19,64895.75,3398.51,263945.56,60.80,19.00,82,571
2:46:19,64229.88,3412.47,269266.03,60.60,19.00,90,621
2:47:20,66956.52,3370.79,257718.13,60.40,19.00,91,578
2:48:20,79081.09,3410.00,259459.44,59.30,19.00,99,435
2:49:21,76710.54,3412.47,260810.78,58.70,19.00,87,588
2:50:21,82654.21,3469.87,271296.28,59.00,19.10,92,341
2:51:22,81238.54,3440.60,263945.56,59.20,19.10,92,367
2:52:22,83065.43,3435.09,266666.66,59.70,19.00,93,373
2:53:23,82679.07,3440.60,269266.03,59.70,19.00,99,524
2:54:23,74179.48,3370.79,257718.13,60.20,19.00,92,479
2:55:23,68385.54,3384.62,261851.02,60.60,19.00,96,325
2:56:24,76183.41,3477.78,273148.16,61.00,19.00,93,475
2:57:24,90200.00,3481.01,272222.19,60.60,19.00,89,460
2:58:25,81238.54,3426.50,260810.78,58.90,19.00,88,408
2:59:25,104190.99,3486.58,269425.25,59.90,19.00,116,634
3:0:26,97079.36,3483.33,270344.81,57.20,19.00,92,371
3:1:26,90653.27,3461.11,267431.16,59.00,19.10,92,602
3:2:27,80300.01,3440.60,262895.91,59.10,19.10,94,543
3:3:27,115097.53,3565.13,280941.19,60.40,19.10,88,513
3:4:28,130067.62,3526.72,275813.97,58.00,19.10,93,479
3:5:28,113199.97,3520.00,272727.25,58.50,19.10,88,542
3:6:29,109614.02,3483.33,271428.59,58.20,19.10,90,483
3:7:29,107710.96,3466.67,268965.50,58.50,19.10,95,360
3:8:30,101659.33,3469.02,271428.59,58.90,19.20,92,400
3:9:30,94010.30,3398.51,273611.13,59.30,19.20,101,530
3:10:31,91095.48,3412.47,259775.27,58.70,19.20,90,523
3:11:31,96962.95,3435.09,269885.03,58.80,19.20,90,384
3:12:32,94010.30,3384.62,260810.78,58.70,19.20,99,427
3:13:32,103820.20,3441.31,270207.84,58.50,19.20,88,600
3:14:33,93189.74,3387.56,261990.92,58.70,19.20,97,542
3:15:33,78473.22,3343.35,258744.38,59.60,19.20,87,442
3:16:34,81238.54,3357.04,262895.91,60.90,19.30,92,430
3:17:34,85171.44,3370.79,261851.02,60.60,19.30,89,403
3:18:35,89751.24,3401.50,264090.88,59.80,19.20,91,381
3:19:35,80767.13,3343.35,253658.52,59.40,19.30,87,304
3:20:35,76614.05,3337.93,263492.03,59.60,19.30,89,678
3:21:36,75852.19,3357.04,258744.38,60.70,19.30,93,501
3:22:36,78923.78,3398.51,267123.28,60.30,19.30,89,449
3:23:37,82092.60,3393.03,266666.66,60.00,19.30,92,460
3:24:37,82859.82,3396.01,261538.44,59.40,19.30,88,526
3:25:38,78473.22,3357.04,257718.13,59.40,19.30,91,422
3:26:38,92243.65,3426.50,267123.28,59.00,19.30,88,497
3:27:39,86201.92,3370.79,257718.13,58.20,19.30,89,447
3:28:39,82194.45,3370.79,256696.41,58.90,19.30,83,553
3:29:40,85684.21,3343.35,257718.13,59.70,19.30,90,417
3:30:40,78726.47,3346.17,259909.89,58.90,19.30,86,546
3:31:41,75852.19,3357.04,262895.91,59.90,19.30,87,483
3:32:41,74179.48,3343.35,260810.78,60.40,19.30,84,531
3:33:42,73897.43,3368.24,263636.34,60.30,19.30,84,491
3:34:42,71385.89,3357.04,258744.38,60.30,19.30,85,562
3:35:43,70999.99,3370.79,261851.02,59.70,19.30,79,586
3:36:43,70237.70,3357.04,254666.64,60.20,19.30,86,352
3:37:44,71385.89,3357.04,258744.38,59.80,19.30,82,547
3:38:44,74818.96,3332.51,258876.39,60.00,19.30,85,492
3:39:45,78825.13,3379.16,257270.69,60.00,19.30,82,428
3:40:45,74818.96,3359.90,263038.53,59.70,19.30,80,495
3:41:46,76279.48,3329.73,253658.52,60.60,19.30,82,422
3:42:46,75008.61,3316.18,256696.41,60.10,19.30,84,504
3:43:47,78026.68,3384.62,260810.78,60.10,19.30,85,710
3:44:47,79837.11,3343.35,257718.13,60.90,19.30,77,328
3:45:48,76183.41,3365.35,264545.44,60.80,19.30,83,484
3:46:48,77584.08,3370.79,260810.78,60.30,19.30,79,463
3:47:48,75428.56,3357.04,264999.97,61.00,19.30,82,462
3:48:49,69117.41,3329.73,257718.13,61.50,19.30,86,585
3:49:49,68750.00,3370.79,260810.78,61.30,19.30,83,386
3:50:50,71774.99,3384.62,261851.02,61.60,19.30,89,554
3:51:50,86201.92,3398.51,260810.78,61.20,19.20,87,566
3:52:51,94010.30,3398.51,261851.02,60.60,19.30,85,392
3:53:51,85673.08,3385.04,263781.31,60.50,19.30,80,372
3:54:52,80300.01,3357.04,264999.97,60.60,19.30,86,586
3:55:52,80935.78,3368.24,263636.34,61.40,19.30,87,490
3:56:53,76279.48,3357.04,262895.91,62.00,19.30,83,478
3:57:53,78375.01,3365.35,260360.34,62.70,19.30,84,458
3:58:54,78923.78,3343.35,259775.27,62.50,19.30,91,371
3:59:54,75852.19,3343.35,258744.38,62.00,19.30,92,543
4:0:55,75852.19,3343.35,259775.27,61.50,19.30,86,422
4:1:55,97079.36,3412.47,264999.97,61.50,19.30,92,376
4:2:56,143485.33,3497.72,261851.02,60.40,19.30,92,529
4:3:56,115231.68,3357.04,253658.52,58.80,19.30,87,423
4:4:57,125098.09,3370.79,257718.13,59.10,19.30,85,428
4:5:57,123199.95,3412.47,266059.22,58.70,19.30,92,250
4:6:58,118662.46,3398.51,256696.41,58.50,19.30,90,463
4:7:58,133680.59,3446.85,266361.53,58.40,19.30,92,405
4:8:59,125631.53,3438.19,270046.06,58.20,19.40,94,466
4:9:59,116073.59,3384.62,263945.56,58.30,19.40,94,358
4:11:0,132910.39,3457.93,269425.25,59.10,19.40,88,334
4:12:0,129047.02,3412.47,263945.56,58.70,19.40,90,381
4:13:1,132150.73,3412.47,263945.56,58.40,19.50,96,524
4:14:1,151123.11,3454.77,264999.97,58.10,19.40,94,306
4:15:1,173704.38,3512.18,272517.34,58.20,19.50,88,510
4:16:2,145955.25,3412.47,269266.03,58.40,19.50,89,465
4:17:2,150953.88,3435.09,266666.66,58.10,19.50,90,419
4:18:3,152294.61,3435.09,275348.88,57.80,19.50,90,416
4:19:3,152465.16,3412.47,267123.28,57.80,19.50,90,602
4:20:4,178946.44,3497.72,273611.13,57.60,19.50,90,444
4:21:4,170359.00,3469.02,271428.59,57.70,19.60,94,523
4:22:5,158048.03,3469.02,272517.34,57.70,19.60,88,354
4:23:5,170359.00,3512.18,274710.00,58.00,19.60,94,283
4:24:6,138285.77,3438.19,267889.88,57.90,19.60,132,529
4:25:6,160975.64,3512.18,276923.09,59.10,19.60,93,30628
4:26:7,158967.78,3495.43,282269.53,58.40,19.60,95,349
4:27:7,130067.62,3412.47,269266.03,59.00,19.60,87,337
4:28:8,113578.28,3384.62,261851.02,60.70,19.50,109,465
4:29:8,153828.16,3497.72,274710.00,60.60,19.50,88,425
4:30:9,127046.41,3426.50,267123.28,59.10,19.50,92,328
4:31:9,109614.02,3398.51,271428.59,59.70,19.50,94,394
4:32:10,143485.33,3497.72,271428.59,60.80,19.50,93,539
4:33:10,149465.69,3501.02,280470.63,59.80,19.50,92,433
4:34:11,126900.71,3393.03,268807.31,60.00,19.50,91,436
4:35:11,133833.38,3452.39,273317.88,61.00,19.50,90,453
4:36:12,151123.11,3512.18,275813.97,60.40,19.50,89,539
4:37:12,150615.42,3495.43,277751.78,60.20,19.50,94,532
4:38:13,159500.03,3541.33,276923.09,59.90,19.50,89,435
4:39:13,155746.06,3469.87,268045.97,60.30,19.50,93,477
4:40:13,180756.78,3526.72,275813.97,59.70,19.40,91,485
4:41:14,168728.83,3526.72,278037.41,59.60,19.50,92,392
4:42:14,147218.08,3440.60,271428.59,60.30,19.50,89,328
4:43:15,150615.42,3481.01,276635.53,61.20,19.50,89,486
4:44:15,139913.70,3454.77,275813.97,60.90,19.50,89,381
4:45:16,124142.81,3384.62,267123.28,61.60,19.40,87,405
4:46:16,128040.05,3384.62,266059.22,61.70,19.40,92,284
4:47:17,127600.05,3396.01,265753.41,61.20,19.50,89,378
4:48:17,205333.33,3645.71,285985.75,60.80,19.50,91,434
4:49:18,186388.91,3497.72,263945.56,59.70,19.40,89,469
4:50:18,191295.25,3484.26,263781.31,59.80,19.40,105,504
4:51:19,160975.64,3426.50,269266.03,59.50,19.40,89,394
4:52:19,178946.44,3469.02,273611.13,60.50,19.40,89,415
4:53:20,166571.45,3495.43,272222.19,59.80,19.40,92,380
4:54:20,157872.03,3449.25,273148.16,61.20,19.50,87,398
4:55:21,182600.02,3497.72,281411.78,61.20,19.50,91,411
4:56:21,165550.02,3454.77,281411.78,60.40,19.40,91,425
4:57:22,180756.78,3526.72,278037.41,61.00,19.40,86,331
4:58:22,175421.08,3483.33,276923.09,60.20,19.40,89,438
4:59:23,196504.86,3556.01,289473.72,60.50,19.40,89,352
5:0:23,194403.84,3570.77,284834.13,59.30,19.40,95,486
5:1:24,186388.91,3512.18,280281.72,59.80,19.40,86,462
5:2:24,188130.86,3565.13,282075.50,59.90,19.30,88,310
5:3:25,162475.44,3497.72,271428.59,59.40,19.40,87,556
5:4:25,162475.44,3497.72,275813.97,59.40,19.30,86,426
5:5:26,158048.03,3469.02,280281.72,59.60,19.30,89,513
5:6:26,153828.16,3483.33,276923.09,60.40,19.30,83,408
5:7:26,141087.00,3426.50,273611.13,60.50,19.30,84,418
5:8:27,133213.84,3440.60,278037.41,60.00,19.30,87,443
5:9:27,153828.16,3570.77,287142.84,60.80,19.30,87,370
5:10:28,139913.70,3440.60,271428.59,59.80,19.30,82,352
5:11:28,140289.89,3484.26,282464.47,59.50,19.30,84,527
5:12:29,147052.67,3521.12,283215.16,60.20,19.30,97,572
5:13:29,149801.56,3469.02,271428.59,59.60,19.30,78,519
5:14:30,147052.67,3477.78,275348.88,59.60,19.20,85,527
5:15:30,182600.02,3541.33,278037.41,60.00,19.20,81,444
5:16:31,182600.02,3541.33,279156.91,59.00,19.20,83,552
5:17:31,172017.27,3585.60,287142.84,59.00,19.20,80,587
5:18:32,172017.27,3541.33,284834.13,59.60,19.20,85,472
5:19:32,192133.34,3579.95,283215.16,59.90,19.20,83,555
5:20:33,192133.34,3550.38,279812.22,59.50,19.10,84,537
5:21:33,174842.13,3524.49,274418.63,60.00,19.10,82,527
5:22:34,198647.05,3570.77,282547.19,60.10,19.10,86,553
5:23:34,204888.88,3589.18,281603.78,59.60,19.10,87,478
5:24:35,192342.88,3615.50,284834.13,59.50,19.10,81,622
5:25:35,207653.05,3570.77,280281.72,59.80,19.10,84,486
5:26:36,203060.00,3570.77,282547.19,59.90,19.10,88,513
5:27:36,200831.69,3541.33,274710.00,60.00,19.10,83,446
5:28:37,210020.61,3570.77,285985.75,59.60,19.10,81,513
5:29:37,210020.61,3512.18,282547.19,59.80,19.00,90,402
5:30:38,238930.19,3689.76,285714.28,59.90,19.00,94,529
5:31:38,230876.38,3600.52,287142.84,59.10,19.00,92,364
5:32:38,259324.92,3676.24,289473.72,59.10,19.00,83,447
5:33:39,245666.61,3594.84,291346.16,58.70,19.00,95,637
5:34:39,265692.22,3752.25,291566.28,58.20,19.00,108,606
5:35:40,259049.92,3685.86,292530.13,58.20,18.90,92,383
5:36:40,274131.47,3676.24,287142.84,58.30,18.90,90,407
5:37:41,239697.64,3600.52,282547.19,58.20,18.90,97,522
5:38:41,252463.36,3676.24,291826.91,58.80,18.90,95,531
5:39:42,265692.22,3689.76,292753.63,58.50,18.90,87,329
5:40:42,255851.78,3676.24,288305.50,58.50,18.90,94,570
5:41:43,265128.13,3740.58,300245.69,59.50,18.90,94,490
5:42:43,252463.36,3615.50,285985.75,58.30,18.90,88,405
5:43:44,273552.53,3742.33,296837.00,58.10,18.90,91,386
5:44:44,290583.22,3753.97,289473.72,58.20,18.80,92,475
5:45:45,230876.38,3556.01,276923.09,57.90,18.80,95,324
5:46:45,245928.52,3615.50,285985.75,58.00,18.80,90,444
5:47:46,239697.64,3600.52,283687.97,58.40,18.90,92,374
5:48:46,225318.66,3570.77,276923.09,58.80,18.80,92,567
5:49:47,265128.13,3709.23,296585.38,58.40,18.80,89,314
5:50:47,221913.02,3568.64,275524.50,58.60,18.90,91,383
5:51:48,249156.56,3676.24,288305.50,59.10,18.90,87,417
5:52:48,274131.47,3676.24,291826.91,58.60,18.90,120,489
5:53:49,278079.91,3691.62,276923.09,58.00,18.90,89,409
5:54:49,252463.36,3630.57,280281.72,57.40,18.90,92,547
5:55:50,252463.36,3615.50,282547.19,58.70,18.90,96,368
5:56:50,242776.42,3753.97,300244.50,58.70,18.90,97,336
5:57:50,289666.53,3736.51,302463.06,58.30,18.80,93,420
5:58:51,338515.91,3923.84,308000.00,58.30,18.80,91,501
5:59:51,282135.03,3615.50,288305.50,57.20,18.80,94,362
6:0:52,290583.22,3769.76,296601.94,57.20,18.80,97,423
6:1:52,286301.25,3691.62,278037.41,56.80,18.90,94,463
6:2:53,251121.89,3632.29,281323.91,57.00,18.80,95,449
6:3:53,242776.42,3615.50,295399.53,57.40,18.80,112,523
6:4:54,239697.64,3660.94,284834.13,57.60,18.80,94,479
6:5:54,252463.36,3600.52,282547.19,57.30,18.80,90,338
6:6:55,266256.31,3655.21,294915.28,57.80,18.80,92,416
6:7:55,340999.78,3899.19,303940.91,57.20,18.80,94,356
6:8:56,329656.06,3738.26,287142.84,56.90,18.80,88,373
6:9:56,274131.47,3645.71,288305.50,57.00,18.80,92,466
6:10:57,359457.34,4000.00,311500.00,57.40,18.80,90,354
6:11:57,318999.81,3676.24,290647.50,56.30,18.80,88,315
6:12:58,290277.66,3640.00,282075.50,57.20,18.80,95,382
6:13:58,353099.75,3899.19,307692.31,56.90,18.80,104,562
6:14:59,379892.53,3801.60,299024.38,56.40,18.80,94,425
6:15:59,338870.75,3719.05,297310.50,56.40,18.70,91,470
6:17:0,353099.75,3738.26,299024.38,56.40,18.80,93,510
6:18:0,278079.91,3645.71,310224.41,56.40,18.80,92,314
6:19:1,339935.25,3768.09,310000.00,56.90,18.80,94,472
6:20:1,294985.78,3722.63,301470.59,57.20,18.70,89,442
6:21:2,304173.78,3753.97,311500.00,57.20,18.70,92,558
6:22:2,334888.69,3827.88,305940.59,57.20,18.70,93,431
6:23:2,284794.41,3678.21,300245.69,57.80,18.70,90,463
6:24:3,313910.28,3769.76,303940.91,57.60,18.70,92,438
6:25:3,297942.72,3756.38,307730.66,57.90,18.60,92,421
6:26:4,329656.06,3769.76,306435.63,58.00,18.70,91,426
6:27:4,308970.44,3850.00,305185.19,58.20,18.60,90,427
6:28:5,379892.53,3966.03,319289.34,58.50,18.60,101,623
6:29:5,329656.06,3738.26,299024.38,58.40,18.60,90,477
6:30:6,335237.88,3899.19,314070.34,58.20,18.50,86,383
6:31:6,303217.25,3689.76,301228.50,58.40,18.50,93,415
6:32:7,328968.56,3870.81,307960.19,58.60,18.50,88,353
6:33:7,252463.36,3570.77,293012.06,58.70,18.50,91,509
6:34:8,289666.53,3720.84,295145.63,59.30,18.50,84,458
6:35:8,286301.25,3707.09,290647.50,59.60,18.50,91,535
6:36:9,273263.06,3689.76,282269.53,59.40,18.50,89,451
6:37:9,317333.16,3788.24,310275.69,60.00,18.50,91,448
6:38:10,249156.56,3645.71,294202.91,59.40,18.50,87,407
6:39:10,286301.25,3785.64,301470.59,59.20,18.50,83,423
6:40:11,313581.91,3748.15,297323.63,59.60,18.50,89,406
6:41:11,313910.28,3850.00,297810.22,60.60,18.50,79,428
6:42:12,304173.78,3801.60,302702.69,60.10,18.50,84,437
6:43:12,318666.47,3763.93,292530.13,61.10,18.50,81,368
6:44:13,266538.38,3615.50,293012.06,62.00,18.50,87,528
6:45:13,284794.41,3709.23,287081.38,62.80,18.50,87,316
6:46:14,282135.03,3615.50,289473.72,62.30,18.40,85,378
6:47:14,239697.64,3570.77,274710.00,62.50,18.40,98,542
6:48:14,303854.94,3732.45,294915.28,62.70,18.40,81,500
6:49:15,270285.63,3630.57,283687.97,62.90,18.50,85,502
6:50:15,329656.06,3833.78,302702.69,63.30,18.40,80,516
6:51:16,294056.22,3768.09,297560.97,63.10,18.40,86,558
6:52:16,299199.84,3795.73,297323.63,63.60,18.40,85,525
6:53:17,329656.06,3801.60,301470.59,64.70,18.40,84,495
6:54:17,294985.78,3817.65,301470.59,64.00,18.30,81,513
6:55:18,294985.78,3753.97,301470.59,64.20,18.30,88,594
6:56:18,259049.92,3640.00,291346.16,65.00,18.30,82,534
6:57:19,299514.16,3753.97,301470.59,65.00,18.30,81,530
6:58:19,290583.22,3645.71,291826.91,65.00,18.30,81,533
6:59:20,298885.56,3711.05,301719.91,65.00,18.20,88,535
7:0:20,317333.16,3740.58,301477.84,65.20,18.20,86,408
7:1:21,251658.48,3628.57,296350.38,65.40,18.20,86,470
7:2:21,230876.38,3570.77,293012.06,65.80,18.20,91,474
7:3:22,270285.63,3707.09,297810.22,66.20,18.20,100,501
7:4:22,245142.80,3628.57,285714.28,66.30,18.20,97,452
7:5:23,257399.92,3605.71,280378.28,66.40,18.20,88,520
7:6:23,214905.25,3512.18,276923.09,65.30,18.20,88,530
7:7:24,196504.86,3469.02,273611.13,65.30,18.20,89,384
7:8:24,274131.47,3769.76,302702.69,64.70,18.20,87,492
7:9:25,266256.31,3670.50,299755.50,65.40,18.20,84,441
7:10:25,266538.38,3691.62,299024.38,65.60,18.20,92,395
7:11:25,230381.98,3604.13,295631.06,66.20,18.20,99,390
7:12:26,236689.61,3660.94,308955.22,65.90,18.20,91,324
7:13:26,239697.64,3630.57,297810.22,66.50,18.20,88,492
7:14:27,190113.22,3550.38,297323.63,66.60,18.20,93,402
7:15:27,188336.47,3541.33,305185.19,66.70,18.20,94,501
7:16:28,235930.98,3689.76,301228.50,66.60,18.20,91,469
7:17:28,225318.66,3645.71,308955.22,67.40,18.20,102,579
7:18:29,226355.53,3636.03,309273.19,66.20,18.20,100,513
7:19:29,233249.97,3604.13,290865.38,65.80,18.10,95,552
7:20:30,225318.66,3660.94,307692.31,65.40,18.10,92,361
7:21:30,214905.25,3600.52,300244.50,66.10,18.10,94,507
7:22:31,210020.61,3615.50,311500.00,66.10,18.20,89,402
7:23:31,233749.95,3676.24,311500.00,66.60,18.10,96,493
7:24:32,245928.52,3676.24,299024.38,66.70,18.10,91,573
7:25:32,207653.05,3615.50,301470.59,66.40,18.10,100,510
7:26:33,200178.22,3583.50,292753.63,66.50,18.00,100,524
7:27:33,196504.86,3585.60,296601.94,66.00,18.00,92,521
7:28:34,206979.58,3628.57,298777.50,65.50,18.00,89,586
7:29:34,196504.86,3615.50,307692.31,66.70,18.00,94,534
7:30:35,236183.86,3758.09,307960.19,67.80,18.00,93,535
7:31:35,228066.64,3738.26,307692.31,66.80,17.90,99,496
7:32:36,252195.06,3811.76,318781.72,67.40,17.90,98,423
7:33:36,270285.63,3833.78,303940.91,66.10,17.90,94,464
7:34:37,205333.33,3645.71,301470.59,66.10,17.80,97,441
7:35:37,233749.95,3645.71,308955.22,66.20,17.80,93,491
7:36:37,242776.42,3660.94,305185.19,66.20,17.80,97,684
7:37:38,242517.61,3716.84,308457.72,66.30,17.80,119,603
7:38:38,225318.66,3722.63,299024.38,66.10,17.80,95,593
7:39:39,227333.31,3720.84,313853.91,66.50,17.80,93,488
7:40:39,230876.38,3722.63,308955.22,66.60,17.80,99,732
7:41:40,219999.98,3707.09,305185.19,67.20,17.80,92,625
7:42:40,212437.48,3630.57,296601.94,67.10,17.70,103,517
7:43:41,217425.52,3707.09,314070.34,67.60,17.70,90,562
7:44:41,205333.33,3707.09,306435.63,66.80,17.70,96,606
7:45:42,216957.42,3680.10,301719.91,66.90,17.70,89,495
7:46:42,222630.41,3676.24,295399.53,67.90,17.70,93,491
7:47:43,212208.31,3701.31,309725.66,67.10,17.70,89,448
7:48:43,203060.00,3645.71,314070.34,67.80,17.60,96,470
7:49:44,205333.33,3660.94,299024.38,67.10,17.70,88,732
7:50:44,207428.56,3701.31,304691.38,67.80,17.60,96,444
7:51:45,228066.64,3722.63,306435.63,68.40,17.60,91,535
7:52:45,219526.86,3680.10,309226.91,68.10,17.60,93,483
7:53:46,186388.91,3512.18,275813.97,68.00,17.60,90,514
7:54:46,228066.64,3691.62,299024.38,67.70,17.60,94,660
7:55:47,198431.36,3640.00,298536.56,67.80,17.60,91,544
7:56:47,211749.98,3752.25,310000.00,67.60,17.50,144,598
7:57:48,233749.95,3738.26,302702.69,68.40,17.50,88,491
7:58:48,186388.91,3615.50,293012.06,68.50,17.50,93,524
7:59:48,212437.48,3645.71,294202.91,67.90,17.50,91,651
8:0:49,192342.88,3630.57,299024.38,67.20,17.50,94,590
8:1:49,180756.78,3585.60,296601.94,67.30,17.50,94,544
8:2:50,188336.47,3660.94,301470.59,68.20,17.50,92,452
8:3:50,190320.77,3630.57,291826.91,68.50,17.50,93,678
8:4:51,175421.08,3615.50,291826.91,69.00,17.60,90,496
8:5:51,209567.00,3758.09,299266.50,68.80,17.50,90,510
8:6:52,171448.30,3613.47,295145.63,68.30,17.50,91,577
8:7:52,190320.77,3615.50,288305.50,69.00,17.60,87,649
8:8:53,167126.08,3600.52,296601.94,68.20,17.60,86,488
8:9:53,175421.08,3556.01,291826.91,68.90,17.60,86,588
8:10:54,172017.27,3600.52,289473.72,69.40,17.60,86,611
8:11:54,178946.44,3615.50,296601.94,69.20,17.50,90,587
8:12:55,172017.27,3585.60,293012.06,69.30,17.60,82,615
8:13:55,183467.89,3647.52,296585.38,68.80,17.50,83,614
8:14:56,197568.63,3647.52,296585.38,67.90,17.50,90,676
8:15:56,166941.20,3579.95,282075.50,68.20,17.60,90,554
8:16:57,160439.06,3613.47,293946.75,68.70,17.60,84,568
8:17:57,153828.16,3512.18,282547.19,68.60,17.60,88,655
8:18:58,176584.09,3674.35,302463.06,68.50,17.60,85,535
8:19:58,155212.64,3556.01,287142.84,68.80,17.70,89,525
8:20:59,178946.44,3645.71,293012.06,69.50,17.60,81,508
8:21:59,177168.16,3630.57,294202.91,68.80,17.60,86,550
8:22:59,190113.22,3640.00,294915.28,68.80,17.60,86,594
8:24:0,166941.20,3609.82,284360.22,68.90,17.60,85,588
8:25:0,165550.02,3570.77,290647.50,69.40,17.60,79,570
8:26:1,158612.94,3557.33,282464.47,69.60,17.60,83,610
8:27:1,180756.78,3676.24,293012.06,68.70,17.60,88,617
8:28:2,184477.08,3645.71,287142.84,69.30,17.60,89,557
8:29:2,188336.47,3645.71,293012.06,69.60,17.60,85,565
8:30:3,195864.09,3689.76,293946.75,69.30,17.60,89,725
8:31:3,173704.38,3600.52,287142.84,69.60,17.60,90,535
8:32:4,155212.64,3483.33,280281.72,69.00,17.60,92,625
8:33:4,196504.86,3660.94,294202.91,68.80,17.70,94,490
8:34:5,175421.08,3585.60,289473.72,69.00,17.70,83,600
8:35:5,176778.78,3634.29,290865.38,70.10,17.70,92,621
8:36:6,165550.02,3556.01,282547.19,70.30,17.70,93,569
8:37:6,188336.47,3738.26,295399.53,69.50,17.70,88,482
8:38:7,189698.13,3643.75,291566.28,69.70,17.70,94,528
8:39:7,216957.42,3711.05,293236.72,69.60,17.70,87,578
8:40:8,195864.09,3628.57,293946.75,69.20,17.70,91,631
8:41:8,195864.09,3674.35,291566.28,69.40,17.70,84,473
8:42:9,177168.16,3630.57,293012.06,69.90,17.70,95,425
8:43:9,194403.84,3660.94,287142.84,69.50,17.70,92,446
8:44:10,197137.25,3605.71,286124.44,69.20,17.70,95,460
8:45:10,173130.47,3613.47,290384.63,69.40,17.70,102,460
8:46:10,182600.02,3645.71,295399.53,69.80,17.70,97,615
8:47:11,178357.16,3613.47,290384.63,69.30,17.70,92,481
8:48:11,158048.03,3556.01,295399.53,69.70,17.70,94,462
8:49:12,172017.27,3585.60,284834.13,70.30,17.70,96,504
8:50:12,162475.44,3570.77,283687.97,70.50,17.70,86,525
8:51:13,162475.44,3570.77,282547.19,70.20,17.70,94,621
8:52:13,148333.38,3579.95,284360.22,70.00,17.70,94,509
8:53:14,143323.56,3550.38,286666.66,70.30,17.70,97,510
8:54:14,166941.20,3655.21,292530.13,70.10,17.80,90,409
8:55:15,135718.34,3557.33,284761.91,69.60,17.80,93,516
8:56:15,173513.06,3685.86,299755.50,69.70,17.80,97,500
8:57:16,165550.02,3585.60,291826.91,68.80,17.80,94,472
8:58:16,139913.70,3526.72,279156.91,68.60,17.80,89,442
8:59:17,121210.15,3492.15,286666.66,69.00,17.80,93,603
9:0:17,147218.08,3615.50,293012.06,69.70,17.80,89,466
9:1:18,137617.06,3512.18,289473.72,70.30,17.90,94,492
9:2:18,156619.08,3600.52,294202.91,69.80,17.90,95,503
9:3:19,148500.03,3556.01,287142.84,69.20,17.90,93,531
9:4:19,133213.84,3600.52,295399.53,69.60,17.90,96,613
9:5:20,126065.84,3570.77,297810.22,70.70,17.90,96,393
9:6:20,123714.24,3509.92,288038.31,70.20,17.80,89,548
9:7:21,119547.13,3497.72,276923.09,69.70,17.90,96,480
9:8:21,133213.84,3585.60,297810.22,69.10,17.90,90,655
9:9:22,135384.66,3570.77,293012.06,69.30,17.90,97,519
9:10:22,121350.27,3512.18,291826.91,69.20,17.90,97,493
9:11:22,128040.05,3541.33,284834.13,68.80,17.90,91,518
9:12:23,112766.44,3497.72,288305.50,70.00,17.90,90,494
9:13:23,132150.73,3570.77,291826.91,69.80,17.90,103,477
9:14:24,116925.89,3497.72,288305.50,69.30,17.90,89,395
9:15:24,126065.84,3556.01,283687.97,69.40,18.00,94,466
9:16:25,119547.13,3497.72,285985.75,69.10,18.00,87,485
9:17:25,116925.89,3556.01,291826.91,69.50,18.00,90,436
9:18:26,126065.84,3497.72,283687.97,69.80,18.00,90,450
9:19:26,116925.89,3541.33,290647.50,69.80,18.00,91,491
9:20:27,106605.70,3469.02,285985.75,69.40,18.00,92,403
9:21:27,121350.27,3556.01,294202.91,69.60,18.00,96,473
9:22:28,118662.46,3541.33,291826.91,69.90,18.00,92,551
9:23:28,136028.20,3583.50,295145.63,70.00,18.00,93,506
9:24:29,122269.19,3469.02,284834.13,69.80,18.00,93,551
9:25:29,143485.33,3585.60,300244.50,69.90,18.00,87,548
9:26:30,160975.64,3660.94,307692.31,69.60,18.00,91,511
9:27:30,155212.64,3600.52,305185.19,69.40,18.00,89,473
9:28:31,184477.08,3660.94,295399.53,69.40,18.00,89,419
9:29:31,194403.84,3630.57,301470.59,69.10,18.00,87,492
9:30:32,190320.77,3645.71,303940.91,68.90,17.90,92,406
9:31:32,212437.48,3676.24,295399.53,69.10,17.90,89,441
9:32:33,185777.80,3628.57,293946.75,68.20,17.90,106,687
9:33:33,214673.67,3640.00,292530.13,68.00,17.90,84,566
9:34:33,202400.00,3689.76,302463.06,68.40,17.90,140,583
9:35:34,207653.05,3676.24,297810.22,68.90,17.90,85,448
9:36:34,222152.16,3680.10,296837.00,68.90,17.90,89,491
9:37:35,214210.52,3643.75,298777.50,68.00,17.90,91,626
9:38:35,230629.17,3748.15,302211.31,68.00,17.80,89,625
9:39:36,230876.38,3615.50,293012.06,68.80,17.80,87,621
9:40:36,174842.13,3424.06,262585.00,68.40,17.80,92,475
9:41:37,222630.41,3630.57,300244.50,69.00,17.80,85,572
9:42:37,205333.33,3585.60,294202.91,67.80,17.80,91,519
9:43:38,214905.25,3630.57,291826.91,67.60,17.80,86,519
9:44:38,175035.11,3359.90,260948.08,67.80,17.80,81,711
9:45:39,200396.03,3604.13,289688.25,68.80,17.80,84,510
9:46:39,196504.86,3615.50,294202.91,68.70,17.80,89,485
9:47:40,249156.56,3738.26,299024.38,68.50,17.80,90,395
9:48:40,221913.02,3643.75,288038.31,67.90,17.80,85,549
9:49:41,214905.25,3630.57,301470.59,68.40,17.80,87,562
9:50:41,207653.05,3585.60,294202.91,68.50,17.80,81,611
9:51:42,233749.95,3676.24,299024.38,69.30,17.80,81,543
9:52:42,242776.42,3691.62,299024.38,69.60,17.80,84,524
9:53:43,233749.95,3645.71,294202.91,68.20,17.80,80,601
9:54:43,252463.36,3722.63,297810.22,68.10,17.80,87,656
9:55:44,225318.66,3660.94,294202.91,68.50,17.80,80,524
9:56:44,238930.19,3689.76,292753.63,69.00,17.80,116,551
9:57:44,266538.38,3801.60,302702.69,68.80,17.80,83,517
9:58:45,225318.66,3615.50,290647.50,68.90,17.80,91,465
9:59:45,214905.25,3660.94,295399.53,69.10,17.80,80,614
10:0:46,228066.64,3645.71,295399.53,69.70,17.90,111,640
10:1:46,255851.78,3691.62,297810.22,70.20,17.90,93,596
10:2:47,225318.66,3645.71,299024.38,70.10,18.00,88,787
10:3:47,212437.48,3570.77,285985.75,68.60,18.00,81,538
10:4:48,219999.98,3615.50,287142.84,68.50,18.10,86,482
10:5:48,236689.61,3676.24,299024.38,68.40,18.10,94,384
10:6:49,236689.61,3707.09,303940.91,68.10,18.10,94,438
10:7:49,294985.78,3833.78,306435.63,67.80,18.20,87,719
10:8:50,259324.92,3526.72,256696.41,66.20,18.20,90,484
10:9:50,273263.06,3674.35,298777.50,66.50,18.20,93,591
10:10:51,294056.22,3720.84,310000.00,66.00,18.20,90,502
10:11:51,278079.91,3753.97,311500.00,64.40,18.10,85,446
10:12:52,282135.03,3615.50,288305.50,65.90,18.10,92,520
10:13:52,274131.47,3676.24,299024.38,67.00,18.10,99,723
10:14:53,255851.78,3691.62,295399.53,67.20,18.10,98,628
10:15:53,278079.91,3785.64,299024.38,65.90,18.10,93,477
10:16:54,328968.56,3937.16,304197.53,65.80,18.10,92,365
10:17:54,270285.63,3738.26,303940.91,66.50,18.10,98,468
10:18:55,247831.27,3572.16,285918.88,67.10,18.10,101,795
10:19:55,236689.61,3615.50,291826.91,67.60,18.10,90,532
10:20:56,299514.16,3738.26,303940.91,66.10,18.10,95,568
10:21:56,265692.22,3689.76,300000.00,65.10,18.10,96,492
10:22:56,282135.03,3676.24,295399.53,67.00,18.10,96,561
10:23:57,290583.22,3833.78,320610.66,66.70,18.20,91,464
10:24:57,282135.03,3753.97,291826.91,65.30,18.20,89,436
10:25:58,290583.22,3738.26,297810.22,65.40,18.20,99,406
10:26:58,282135.03,3801.60,312781.94,66.70,18.20,93,608
10:27:59,308323.38,3805.88,304197.53,67.90,18.20,93,568
10:28:59,262886.00,3691.62,306435.63,68.10,18.20,92,440
10:30:0,329656.06,3949.18,311500.00,67.30,18.30,94,423
10:31:0,227333.31,3327.09,255357.13,65.60,18.30,89,743
10:32:1,282135.03,3707.09,302702.69,66.90,18.30,102,535
10:33:1,304173.78,3785.64,311500.00,66.00,18.30,95,524
10:34:2,255308.56,3695.54,304197.53,67.00,18.30,89,363
10:35:2,266538.38,3660.94,299024.38,67.40,18.30,96,516
10:36:3,299514.16,3769.76,299024.38,67.90,18.30,91,416
10:37:3,284794.41,3617.14,276815.00,67.20,18.40,95,470
10:38:4,241999.95,3313.51,242516.27,66.00,18.40,94,419
10:39:4,220956.50,3516.62,296821.50,65.90,18.40,94,512
10:40:5,242776.42,3556.01,293012.06,66.90,18.50,96,406
10:41:5,249156.56,3556.01,274710.00,66.80,18.50,89,350
10:42:6,233749.95,3660.94,288305.50,67.20,18.50,91,437
10:43:6,248891.50,3701.31,304691.38,66.00,18.60,91,347
10:44:7,270285.63,3630.57,297810.22,66.40,18.60,97,428
10:45:7,228066.64,3630.57,290647.50,65.60,18.60,94,574
10:46:7,270285.63,3660.94,293012.06,65.90,18.70,91,374
10:47:8,262886.00,3630.57,295399.53,65.10,18.60,90,402
10:48:8,269714.19,3680.10,309226.91,65.00,18.60,93,387
10:49:9,282135.03,3645.71,293012.06,64.80,18.60,88,513
10:50:9,245666.61,3624.87,305940.59,64.40,18.60,91,444
10:51:10,270285.63,3691.62,293012.06,65.00,18.60,86,518
10:52:10,236689.61,3570.77,276923.09,65.70,18.60,93,608
10:53:11,239186.02,3559.49,279342.75,65.40,18.60,87,669
10:54:11,245928.52,3630.57,293012.06,64.70,18.60,95,421
10:55:12,233499.97,3565.13,284360.22,64.60,18.70,86,462
10:56:12,274131.47,3753.97,299024.38,65.00,18.70,90,488
10:57:13,248891.50,3624.87,291346.16,65.10,18.70,90,387
10:58:13,233749.95,3357.04,251655.63,65.40,18.80,89,799
10:59:14,230876.38,3426.50,270344.81,65.20,18.80,81,1034
11:0:14,214905.25,3426.50,272517.34,63.80,18.80,88,541
11:1:15,262886.00,3630.57,285985.75,64.00,18.80,91,428
11:2:15,245928.52,3585.60,278037.41,63.20,18.80,87,444
11:3:16,273263.06,3800.00,292753.63,63.10,18.80,85,415
11:4:16,329656.06,3769.76,293012.06,61.90,18.80,91,392
11:5:17,290583.22,3676.24,290647.50,61.10,18.80,89,435
11:6:17,265692.22,3539.13,278873.25,62.80,18.80,90,494
11:7:18,239697.64,3249.39,233474.58,63.50,18.80,88,376
11:8:18,259324.92,3343.35,258744.38,62.10,18.80,82,471
11:9:18,245142.80,3396.01,267889.88,62.20,18.70,84,514
11:10:19,219290.30,3194.23,233121.03,61.50,18.70,89,461
11:11:19,109999.98,2911.62,225887.28,63.50,18.60,80,2820
11:12:20,94611.40,2903.40,220123.17,63.90,18.60,102,4773
11:13:20,100983.59,2985.71,240000.00,64.40,18.60,90,1883
11:14:21,121350.27,3223.13,280281.72,63.10,18.60,82,1214
11:15:21,153828.16,3302.69,248684.22,63.60,18.60,90,595
11:16:22,127046.41,3197.12,244782.61,62.30,18.60,84,556
11:17:22,143485.33,3343.35,268192.19,63.70,18.60,87,477
11:18:23,184477.08,3469.02,278037.41,64.30,18.60,85,544
11:19:23,170170.97,3379.16,267734.53,64.00,18.60,81,484
11:20:24,178946.44,3454.77,282547.19,63.10,18.60,85,528
11:21:24,204666.66,3524.49,280000.03,63.20,18.60,82,399
11:22:25,239697.64,3556.01,283687.97,62.00,18.60,81,440
11:23:25,214905.25,3512.18,280281.72,62.80,18.60,86,505
11:24:26,219999.98,3483.33,278037.41,63.70,18.60,82,569
11:25:26,212437.48,3512.18,279156.91,63.30,18.60,82,607
11:26:27,198647.05,3469.02,280281.72,63.70,18.60,85,522
11:27:27,259324.92,3722.63,295399.53,63.70,18.60,80,446
11:28:28,304173.78,3691.62,291826.91,62.20,18.70,83,557
11:29:28,259324.92,3600.52,280281.72,61.30,18.70,78,522
11:30:29,233749.95,3512.18,284834.13,62.00,18.70,87,479
11:31:29,255851.78,3556.01,278037.41,63.10,18.70,79,468
11:32:30,259324.92,3630.57,293012.06,62.60,18.70,84,539
11:33:30,242776.42,3600.52,279156.91,62.80,18.70,83,601
11:34:30,238930.19,3583.50,285714.28,62.70,18.80,86,537
11:35:31,266538.38,3615.50,285985.75,62.50,18.80,79,502
11:36:31,245928.52,3556.01,280281.72,62.20,18.80,83,527
11:37:32,249156.56,3615.50,300244.50,62.60,18.80,86,549
11:38:32,282135.03,3645.71,293012.06,59.40,18.80,85,498
11:39:33,252463.36,3600.52,284834.13,60.50,18.80,83,551
11:40:33,290583.22,3691.62,297810.22,61.50,18.80,89,644
11:41:34,236689.61,3570.77,282547.19,60.60,18.90,93,416
11:42:34,304173.78,3660.94,288305.50,61.90,18.90,82,722
11:43:35,242776.42,3497.72,275813.97,60.70,18.90,82,520
11:44:35,262886.00,3615.50,268192.19,61.10,19.00,90,551
11:45:36,274131.47,3660.94,289473.72,59.70,19.00,84,488
11:46:36,324245.97,3785.64,297810.22,59.60,19.10,93,505
11:47:37,270285.63,3570.77,276923.09,60.80,19.10,93,402
11:48:37,289666.53,3705.26,291566.28,60.70,19.20,83,388
11:49:38,285698.50,3680.10,296837.00,60.10,19.20,89,441
11:50:38,235930.98,3539.13,281132.09,60.60,19.30,88,427
11:51:39,259324.92,3600.52,287142.84,61.60,19.30,86,432
11:52:39,273263.06,3659.01,292753.63,61.80,19.40,88,465
11:53:40,299514.16,3707.09,288305.50,61.20,19.40,92,418
11:54:40,274131.47,3645.71,296601.94,61.10,19.40,84,516
11:55:41,298885.56,3773.94,301719.91,59.70,19.40,91,381
11:56:41,290583.22,3645.71,284834.13,60.40,19.40,88,523
11:57:41,308970.44,3691.62,289473.72,59.40,19.50,95,440
11:58:42,273263.06,3643.75,289208.66,60.00,19.50,89,470
11:59:42,329656.06,3738.26,296601.94,60.70,19.50,89,487
12:0:43,329656.06,3785.64,291826.91,60.80,19.50,88,440
12:1:43,274131.47,3600.52,285985.75,60.10,19.50,88,500
12:2:44,312596.84,3746.42,289903.84,60.40,19.50,90,427
12:3:44,308970.44,3676.24,285985.75,60.00,19.50,93,358
12:4:45,318666.47,3732.45,298536.56,60.70,19.50,95,323
12:5:45,308970.44,3753.97,299024.38,59.10,19.60,90,491
12:6:46,296685.56,3686.02,295843.53,58.10,19.50,93,462
12:7:46,307352.78,3617.14,273488.34,59.50,19.60,90,334
12:8:47,334888.69,3670.50,290167.88,59.70,19.60,94,478
12:9:47,335237.88,3785.64,307692.31,60.30,19.60,98,483
12:10:48,270285.63,3660.94,291826.91,59.40,19.60,85,393
12:11:48,282135.03,3585.60,280281.72,59.20,19.60,93,419
12:12:49,304173.78,3600.52,287142.84,59.30,19.60,91,437
12:13:49,308970.44,3630.57,300244.50,58.80,19.60,92,472
12:14:50,294985.78,3691.62,291826.91,59.30,19.60,85,435
12:15:50,278079.91,3570.77,281411.78,59.30,19.70,95,477
12:16:51,335237.88,3833.78,297810.22,59.30,19.70,87,344
12:17:51,277786.56,3579.95,290167.88,57.80,19.80,91,471
12:18:52,318999.81,3691.62,290647.50,59.70,19.80,94,447
12:19:52,340290.09,3789.87,296837.00,60.70,19.90,88,486
12:20:53,299514.16,3769.76,295399.53,59.70,19.90,94,436
12:21:53,277493.25,3619.17,293236.72,58.20,20.00,93,409
12:22:53,299514.16,3691.62,293012.06,58.80,20.00,96,480
12:23:54,266538.38,3556.01,289473.72,58.90,20.10,87,395
12:24:54,249156.56,3526.72,278037.41,59.30,20.20,89,343
12:25:55,270285.63,3426.50,274710.00,59.10,20.30,86,488
12:26:55,286301.25,3570.77,279156.91,57.60,20.40,93,613
12:27:56,318999.81,3691.62,289473.72,57.50,20.50,84,395
12:28:56,304173.78,3676.24,291826.91,56.90,20.50,83,372
12:29:57,299514.16,3645.71,285985.75,57.10,20.50,85,487
12:30:57,335237.88,3722.63,299024.38,56.50,20.60,89,366
12:31:58,317333.16,3709.23,291787.44,56.80,20.60,93,418
12:32:58,308323.38,3664.75,294431.00,56.80,20.60,90,428
12:33:59,299514.16,3512.18,271428.59,56.50,20.60,93,422
12:34:59,266256.31,3477.78,273148.16,56.10,20.60,87,378
12:36:0,318999.81,3570.77,271428.59,57.00,20.70,88,488
12:37:0,335237.88,3676.24,287142.84,57.90,20.70,89,420
12:38:1,285999.88,3477.78,269885.03,56.10,20.60,90,628
12:39:1,313910.28,3630.57,288305.50,56.40,20.60,81,649
12:40:2,303217.25,3643.75,289208.66,55.80,20.70,89,397
12:41:2,317333.16,3632.29,287081.38,57.00,20.60,87,458
12:42:3,317999.81,3539.13,276635.53,55.80,20.60,89,523
12:43:3,308970.44,3512.18,280281.72,55.40,20.70,80,441
12:44:4,298885.56,3619.17,282742.34,56.90,20.70,77,483
12:45:4,324245.97,3691.62,283687.97,55.20,20.70,86,608
12:46:5,266538.38,3615.50,284834.13,53.80,20.70,83,330
12:47:5,278079.91,3483.33,267123.28,55.30,20.60,81,534
12:48:6,377142.53,3792.49,294403.91,54.60,20.70,80,511
12:49:6,393962.59,3870.81,292048.22,53.30,20.60,81,491
12:50:6,308323.38,3634.29,279342.75,53.00,20.60,81,506
12:51:7,317999.81,3598.45,282269.53,55.10,20.60,81,411
12:52:7,359457.34,3738.26,290647.50,55.80,20.60,83,376
12:53:8,335237.88,3738.26,290647.50,53.60,20.60,80,525
12:54:8,378713.97,3800.00,301228.50,53.40,20.60,86,416
12:55:9,329656.06,3630.57,280281.72,53.90,20.60,81,425
12:56:9,339935.25,3689.76,292753.63,53.50,20.60,76,346
12:57:10,249156.56,3316.18,274710.00,54.40,20.60,82,505
12:58:10,317333.16,3602.07,285918.88,53.90,20.60,81,455
12:59:11,308646.91,3579.95,282075.50,53.60,20.60,74,502
13:0:11,286301.25,3570.77,275813.97,53.20,20.60,84,540
13:1:12,278079.91,3526.72,269266.03,53.30,20.60,85,412
13:2:12,290583.22,3483.33,271428.59,52.30,20.70,80,446
13:3:13,329656.06,3785.64,294202.91,54.10,20.80,86,407
13:4:13,358711.59,3695.54,294431.00,53.40,20.80,80,488
13:5:14,353099.75,3753.97,287142.84,50.70,20.80,84,501
13:6:14,324245.97,3556.01,272517.34,49.90,20.90,82,344
13:7:15,391110.75,3655.12,277176.50,49.50,20.90,88,580
13:8:15,335237.88,3600.52,274710.00,48.80,20.90,93,503
13:9:16,294985.78,3570.77,279156.91,49.80,20.90,84,496
13:10:16,328281.06,3533.50,275058.28,50.70,21.00,83,498
13:11:17,327937.31,3484.26,266972.44,50.90,21.00,91,514
13:12:17,290583.22,3384.62,260810.78,49.70,21.10,94,480
13:13:18,285397.16,3396.01,254342.97,49.30,21.10,88,410
13:14:18,358338.69,3689.76,274418.63,48.90,21.10,87,384
13:15:19,410807.31,3660.94,273611.13,47.40,21.20,93,364
13:16:19,340999.78,3630.57,294202.91,46.80,21.20,93,403
13:17:19,346950.59,3570.77,273611.13,47.50,21.20,87,369
13:18:20,353099.75,3570.77,273611.13,47.30,21.20,82,382
13:19:20,379892.53,3722.63,276923.09,47.70,21.30,87,347
13:20:21,353099.75,3707.09,282547.19,46.40,21.30,86,348
13:21:21,401395.84,3784.00,289208.66,49.10,21.30,84,326
13:22:22,262886.00,3454.77,268192.19,48.10,21.40,83,407
13:23:22,308646.91,3579.95,274245.97,50.70,21.40,89,415
13:24:23,329656.06,3707.09,284834.13,51.30,21.50,90,389
13:25:23,359457.34,3833.78,302702.69,51.00,21.50,85,366
13:26:24,346950.59,3630.57,271428.59,48.70,21.60,88,395
13:27:24,335237.88,3722.63,289473.72,47.90,21.60,90,358
13:28:25,346229.28,3695.54,280470.63,47.50,21.60,95,361
13:29:25,340999.78,3630.57,281411.78,48.40,21.60,86,345
13:30:26,318999.81,3645.71,281411.78,49.50,21.70,92,372
13:31:26,334539.47,3589.18,279342.75,48.60,21.70,88,404
13:32:27,410807.31,3801.60,288305.50,48.90,21.70,92,368
13:33:27,372841.81,3676.24,278037.41,48.30,21.80,89,345
13:34:28,379892.53,3676.24,284834.13,48.20,21.80,93,310
13:35:28,379892.53,3738.26,285985.75,48.00,21.80,87,354
13:36:29,379892.53,3801.60,296601.94,48.80,21.80,96,334
13:37:29,290583.22,3483.33,272517.34,49.00,21.80,87,481
13:38:30,353099.75,3785.64,289473.72,50.40,21.80,89,358
13:39:30,346950.59,3630.57,269266.03,48.50,21.80,87,383
13:40:31,346229.28,3589.18,273781.94,47.00,21.80,93,327
13:41:31,446875.44,3833.78,297810.22,47.80,21.90,95,361
13:42:32,402641.13,3753.97,284834.13,46.10,21.90,89,474
13:43:32,359457.34,3676.24,274710.00,47.30,21.80,92,366
13:44:32,402641.13,3707.09,293012.06,46.00,21.80,88,348
13:45:33,410807.31,3817.65,300244.50,47.60,21.80,86,392
13:46:33,340999.78,3660.94,284834.13,46.70,21.80,92,355
13:47:34,365275.59,3680.10,275990.69,47.90,21.80,91,299
13:48:34,387199.66,3738.26,287142.84,45.70,21.90,92,250
13:49:35,437306.56,3738.26,283687.97,44.90,21.90,94,325
13:50:35,378321.13,3699.47,286396.19,44.90,21.90,89,412
13:51:36,446875.44,3769.76,290647.50,46.70,22.00,94,407
13:52:36,387199.66,3753.97,294202.91,46.00,22.00,89,262
13:53:37,428120.44,3785.64,307692.31,46.20,22.00,92,288
13:54:37,409538.06,3800.00,297560.97,46.10,22.00,86,427
13:55:38,387199.66,3785.64,294202.91,45.50,22.00,92,377
13:56:38,359457.34,3645.71,285985.75,44.70,22.10,93,294
13:57:39,372841.81,3769.76,294202.91,45.70,22.10,93,343
13:58:39,387199.66,3882.70,291826.91,45.50,22.10,92,332
13:59:40,335237.88,3585.60,273611.13,42.70,22.10,90,370
14:0:40,346950.59,3660.94,285985.75,45.80,22.20,93,393
14:1:41,366034.22,3769.76,295399.53,45.30,22.30,92,349
14:2:41,334888.69,3609.82,276456.91,44.50,22.30,88,431
14:3:42,329656.06,3483.33,267123.28,45.60,22.40,90,292
14:4:42,409538.06,3784.00,282269.53,45.50,22.50,92,410
14:5:43,387199.66,3691.62,281411.78,43.20,22.60,91,312
14:6:43,313910.28,3585.60,267123.28,44.20,22.60,89,362
14:7:44,540650.56,4017.13,293012.06,44.10,22.70,84,309
14:8:44,410807.31,3676.24,276923.09,41.10,22.70,87,358
14:9:45,324245.97,3600.52,275813.97,43.30,22.70,85,429
14:10:45,340999.78,3660.94,280281.72,45.40,22.70,86,299
14:11:46,379892.53,3707.09,280281.72,44.40,22.80,85,333
14:12:46,372841.81,3785.64,290647.50,44.10,22.90,87,326
14:13:46,335237.88,3469.02,259775.27,44.20,23.00,86,518
14:14:47,365275.59,3515.52,261990.92,41.90,23.10,83,370
14:15:47,409961.16,3758.09,281603.78,40.90,23.30,85,317
14:16:48,340999.78,3707.09,273611.13,39.50,23.40,82,346
14:17:48,409538.06,3705.26,280000.03,40.70,23.60,84,399
14:18:49,351999.78,3466.67,261538.44,39.50,23.70,79,393
14:19:49,379892.53,3615.50,276923.09,42.40,23.80,80,309
14:20:50,329656.06,3512.18,264999.97,39.20,23.90,82,429
14:21:50,282135.03,3357.04,258744.38,41.50,24.00,78,497
14:22:51,410807.31,3630.57,275813.97,42.40,24.20,80,318
14:23:51,329656.06,3512.18,268192.19,40.10,24.20,80,442
14:24:52,408691.94,3709.23,285918.88,41.60,24.30,77,410
14:25:52,402641.13,3660.94,280281.72,37.40,24.30,81,347
14:26:53,308970.44,3497.72,262895.91,37.00,24.30,80,413
14:27:53,299514.16,3357.04,254666.64,38.60,24.30,75,443
14:28:54,318999.81,3469.02,257718.13,40.70,24.30,78,372
14:29:54,294985.78,3343.35,257718.13,38.50,24.40,79,415
14:30:55,313910.28,3483.33,259775.27,39.30,24.40,76,472
14:31:55,353099.75,3556.01,268192.19,38.60,24.40,76,458
14:32:56,366034.22,3556.01,287142.84,38.50,24.30,79,341
14:33:56,379892.53,3660.94,283687.97,38.40,24.30,80,407
14:34:57,335237.88,3497.72,266059.22,38.30,24.30,80,407
14:35:57,340999.78,3497.72,261851.02,38.60,24.20,81,542
14:36:58,379892.53,3483.33,262895.91,38.60,24.30,82,411
14:37:58,351999.78,3539.13,268965.50,38.00,24.30,80,460
14:38:59,335237.88,3512.18,274710.00,39.20,24.30,85,464
14:39:59,351633.09,3518.88,265296.78,40.20,24.30,87,422
14:41:0,387199.66,3600.52,266059.22,38.40,24.30,83,383
14:42:0,335237.88,3497.72,259775.27,38.10,24.30,82,489
14:43:1,364896.28,3553.85,264692.47,37.70,24.30,86,381
14:44:1,379499.69,3655.21,278688.53,37.00,24.40,83,595
14:45:1,353099.75,3497.72,261851.02,36.80,24.30,87,380
14:46:2,278079.91,3426.50,259775.27,38.50,24.30,90,424
14:47:2,313910.28,3512.18,263945.56,39.20,24.40,86,369
14:48:3,294056.22,3452.39,259459.44,38.50,24.30,88,309
14:49:3,329656.06,3426.50,256696.41,39.20,24.30,84,364
14:50:4,304173.78,3497.72,263945.56,39.40,24.40,87,303
14:51:4,334888.69,3506.60,269885.03,38.80,24.40,89,340
14:52:5,299514.16,3398.51,259775.27,39.90,24.50,85,336
14:53:5,329656.06,3556.01,266059.22,40.70,24.50,86,400
14:54:6,313910.28,3497.72,270344.81,40.00,24.60,94,377
14:55:6,366034.22,3556.01,281411.78,40.00,24.60,97,338
14:56:7,335237.88,3526.72,271428.59,38.50,24.70,82,325
14:57:7,379892.53,3645.71,273611.13,38.50,24.70,84,465
14:58:8,366034.22,3483.33,266059.22,37.50,24.70,92,356
14:59:8,446875.44,3866.31,280281.72,38.30,24.80,93,271
15:0:9,394777.44,3817.65,276923.09,35.10,24.80,90,484
15:1:9,428120.44,3722.63,287142.84,34.60,24.70,92,363
15:2:10,359457.34,3541.33,269266.03,35.80,24.70,93,337
15:3:10,335237.88,3585.60,276923.09,37.60,24.60,92,263
15:4:11,364896.28,3643.75,278873.25,38.20,24.70,92,316
15:5:11,335237.88,3454.77,256696.41,38.40,24.70,95,400
15:6:12,386799.66,3716.84,298536.56,38.10,24.80,93,400
15:7:12,410807.31,3753.97,301470.59,37.20,24.90,95,364
15:8:13,294985.78,3384.62,264999.97,38.00,25.00,93,288
15:9:13,353099.75,3483.33,258744.38,38.60,25.00,94,393
15:10:14,353099.75,3412.47,267123.28,37.40,25.10,87,338
15:11:14,410807.31,3483.33,263945.56,37.30,25.10,93,375
15:12:15,359457.34,3556.01,262895.91,36.00,25.10,91,316
15:13:15,446875.44,3753.97,272517.34,35.40,25.10,96,343
15:14:16,387199.66,3556.01,268192.19,34.90,25.10,95,298
15:15:16,446875.44,3753.97,287142.84,34.60,25.10,94,432
15:16:17,366034.22,3526.72,263945.56,34.00,25.10,92,349
15:17:17,410807.31,3556.01,262895.91,36.50,25.10,94,299
15:18:18,329656.06,3469.02,257718.13,37.10,25.10,91,291
15:19:18,379892.53,3412.47,252654.84,37.30,25.10,88,349
15:20:18,329656.06,3384.62,260810.78,36.90,25.10,90,340
15:21:19,394777.44,3645.71,273611.13,38.30,25.20,93,364
15:22:19,346950.59,3483.33,264999.97,36.50,25.20,95,364
15:23:20,324245.97,3440.60,256696.41,37.00,25.20,88,273
15:24:20,353099.75,3384.62,256696.41,38.00,25.20,91,344
15:25:21,335237.88,3526.72,264999.97,37.60,25.20,95,321
15:26:21,365654.91,3579.95,272055.44,35.40,25.20,93,353
15:27:22,340999.78,3722.63,291826.91,36.30,25.20,88,355
15:28:22,359457.34,3570.77,279156.91,36.70,25.20,90,257
15:29:23,357965.81,3446.85,255928.41,37.30,25.10,89,288
15:30:23,402641.13,3585.60,271428.59,37.30,25.20,92,335
15:31:24,328624.81,3452.39,260496.61,36.50,25.10,95,537
15:32:24,379892.53,3556.01,269266.03,38.10,25.20,86,303
15:33:25,410807.31,3769.76,271428.59,39.20,25.20,86,273
15:34:25,428120.44,3660.94,280281.72,36.10,25.20,89,304
15:35:26,379892.53,3570.77,266059.22,35.00,25.20,90,372
15:36:26,386399.66,3589.18,271593.50,35.30,25.10,90,454
15:37:27,340999.78,3526.72,276923.09,36.00,25.10,87,332
15:38:27,419294.53,3645.71,273611.13,37.30,25.10,87,362
15:39:28,335237.88,3512.18,263945.56,36.00,25.10,87,413
15:40:28,366034.22,3469.02,268192.19,37.30,25.10,88,286
15:41:29,329656.06,3440.60,257718.13,38.30,25.10,89,361
15:42:29,324245.97,3512.18,267123.28,38.00,25.10,86,324
15:43:30,324245.97,3384.62,258744.38,36.10,25.10,85,390
15:44:30,366034.22,3497.72,266059.22,37.20,25.10,85,269
15:45:31,387199.66,3722.63,270344.81,35.50,25.10,90,346
15:46:31,335237.88,3469.02,266059.22,34.00,24.90,87,329
15:47:32,340999.78,3497.72,258744.38,37.00,24.90,87,290
15:48:32,353099.75,3426.50,250660.78,36.60,24.90,83,308
15:49:33,363379.06,3388.00,256629.20,36.20,24.90,87,329
15:50:33,366034.22,3497.72,258744.38,37.20,25.00,83,274
15:51:34,340999.78,3526.72,257718.13,36.70,25.10,83,430
15:52:34,359457.34,3440.60,254666.64,35.40,25.10,83,304
15:53:35,329656.06,3412.47,251655.63,35.80,25.10,87,378
15:54:35,353099.75,3483.33,260810.78,36.20,25.10,82,384
15:55:36,335237.88,3497.72,262895.91,36.00,25.20,81,396
15:56:36,359457.34,3483.33,259775.27,36.60,25.20,82,349
15:57:37,402226.03,3909.78,286666.66,35.50,25.20,84,346
15:58:37,437306.56,3915.76,276923.09,33.10,25.20,84,298
15:59:37,394370.00,3732.45,280941.19,32.30,25.10,76,341
16:0:38,410807.31,3769.76,275813.97,34.40,25.10,79,436
16:1:38,410384.22,3827.88,286666.66,34.00,25.00,82,306
16:2:39,359457.34,3512.18,256696.41,34.50,25.00,80,379
16:3:39,400565.66,3724.87,285918.88,35.50,24.90,79,406
16:4:40,486000.47,3744.68,284964.22,34.50,25.00,84,386
16:5:40,353099.75,3497.72,261851.02,33.90,25.00,83,498
16:6:41,335237.88,3483.33,260810.78,36.40,25.10,81,450
16:7:41,294985.78,3426.50,254666.64,36.50,25.10,82,453
16:8:42,329656.06,3469.02,255679.27,37.20,25.20,84,461
16:9:42,334888.69,3477.78,261399.55,36.30,25.40,80,387
16:10:43,379892.53,3660.94,268192.19,36.50,25.50,86,358
16:11:43,340999.78,3541.33,263945.56,34.20,25.60,85,454
16:12:44,335237.88,3526.72,266059.22,35.50,25.70,84,416
16:13:44,393555.19,3752.25,278873.25,33.40,25.80,85,424
16:14:45,401810.94,3742.33,283886.28,32.30,25.80,89,378
16:15:45,409961.16,3773.94,277102.84,31.60,25.80,91,344
16:16:46,401395.84,3705.26,271131.63,30.20,25.80,90,351
16:17:46,410807.31,3691.62,278037.41,30.50,25.70,85,346
16:18:47,428120.44,3630.57,264999.97,31.70,25.70,89,300
16:19:47,353099.75,3676.24,269266.03,31.30,25.70,91,347
16:20:48,329656.06,3541.33,258744.38,31.00,25.60,86,284
16:21:48,334539.47,3486.58,260948.08,32.90,25.60,84,298
16:22:49,372069.88,3604.13,271593.50,33.00,25.60,90,282
16:23:49,394777.44,3707.09,268192.19,32.00,25.60,93,289
16:24:50,379892.53,3630.57,267123.28,30.60,25.60,88,253
16:25:50,419294.53,3722.63,279156.91,31.70,25.50,96,271
16:26:51,335237.88,3512.18,260810.78,31.00,25.50,91,383
16:27:51,359457.34,3556.01,266059.22,32.80,25.50,90,272
16:28:52,304173.78,3469.02,261851.02,31.70,25.50,89,341
16:29:52,394370.00,3565.13,264545.44,31.70,25.50,95,212
16:30:53,351999.78,3539.13,260496.61,30.50,25.50,93,310
16:31:53,359457.34,3753.97,276923.09,31.50,25.50,89,327
16:32:54,386799.66,3670.50,269885.03,30.70,25.50,94,360
16:33:54,353099.75,3556.01,272517.34,31.10,25.50,95,278
16:34:55,359457.34,3722.63,278037.41,32.00,25.50,96,326
16:35:55,379892.53,3556.01,272517.34,31.50,25.60,91,358
16:36:56,410807.31,3801.60,280281.72,32.00,25.60,93,227
16:37:56,359457.34,3600.52,261851.02,30.30,25.60,95,302
16:38:56,294985.78,3440.60,257718.13,32.00,25.70,94,289
16:39:57,419294.53,3899.19,289473.72,33.20,25.60,94,332
16:40:57,339580.41,3475.44,261085.95,30.60,25.60,90,288
16:41:58,372841.81,3691.62,264999.97,31.80,25.60,93,342
16:42:58,372841.81,3722.63,274710.00,30.30,25.60,94,279
16:43:59,379499.69,3655.21,270967.72,31.50,25.50,94,252
16:44:59,308970.44,3512.18,260810.78,30.60,25.50,93,305
16:46:0,371683.91,3613.47,273317.88,32.70,25.50,96,333
16:47:0,387199.66,3707.09,284834.13,31.80,25.50,93,294
16:48:1,346589.94,3521.12,267734.53,31.90,25.50,93,290
16:49:1,379892.53,3630.57,268192.19,32.10,25.50,93,355
16:50:2,335237.88,3615.50,274710.00,31.00,25.50,99,269
16:51:2,340999.78,3570.77,276923.09,30.80,25.50,95,349
16:52:3,308970.44,3454.77,260810.78,33.70,25.50,95,302
16:53:3,329656.06,3454.77,261851.02,34.00,25.50,93,338
16:54:4,353099.75,3570.77,269266.03,34.20,25.50,90,326
16:55:4,340999.78,3570.77,262895.91,32.50,25.50,93,444
16:56:5,299514.16,3454.77,268192.19,32.30,25.50,91,336
16:57:5,353099.75,3512.18,266059.22,33.70,25.40,94,394
16:58:6,304173.78,3440.60,256696.41,33.40,25.40,90,234
16:59:6,299514.16,3426.50,259775.27,34.30,25.40,93,405
17:0:7,273263.06,3382.09,253333.31,33.50,25.50,94,297
17:1:7,286301.25,3483.33,263945.56,35.20,25.40,91,336
17:2:8,335237.88,3630.57,274710.00,33.70,25.40,97,355
17:3:8,307352.78,3498.73,260633.47,33.00,25.40,90,338
17:4:9,329312.31,3550.38,272055.44,33.90,25.30,95,284
17:5:9,308970.44,3469.02,258744.38,32.10,25.30,91,331
17:6:10,351999.78,3539.13,268965.50,32.80,25.20,93,301
17:7:10,318999.81,3483.33,258744.38,33.00,25.20,90,379
17:8:11,304173.78,3440.60,259775.27,32.30,25.10,92,358
17:9:11,294985.78,3497.72,255679.27,33.10,25.10,90,310
17:10:12,304173.78,3497.72,263945.56,33.30,25.10,91,339
17:11:12,351999.78,3659.01,270046.06,33.60,25.10,89,318
17:12:13,329656.06,3541.33,263945.56,32.30,25.10,90,301
17:13:13,318999.81,3440.60,254666.64,33.10,25.10,94,333
17:14:14,313910.28,3454.77,254666.64,33.20,25.00,90,450
17:15:14,410807.31,3738.26,278037.41,33.30,25.00,87,375
17:16:15,340644.94,3535.71,264545.44,32.50,25.00,89,367
17:17:15,387199.66,3753.97,263945.56,32.50,25.00,90,382
17:18:15,340999.78,3570.77,261851.02,31.40,25.00,87,321
17:19:16,359457.34,3556.01,258744.38,31.20,25.00,90,388
17:20:16,329656.06,3454.77,249670.31,31.90,25.00,87,369
17:21:17,335237.88,3440.60,252654.84,31.50,25.10,85,364
17:22:17,318999.81,3440.60,250660.78,31.80,25.10,85,365
17:23:18,359084.47,3579.95,253215.06,31.80,25.10,86,386
17:24:18,329656.06,3512.18,254666.64,30.50,25.10,84,274
17:25:19,329656.06,3440.60,253658.52,31.10,25.10,88,362
17:26:19,357965.81,3518.88,255928.41,31.80,25.10,87,309
17:27:20,379892.53,3541.33,257718.13,30.60,25.10,85,304
17:28:20,359457.34,3512.18,255679.27,30.40,25.10,82,441
17:29:21,359457.34,3600.52,270344.81,31.00,25.10,84,376
17:30:21,340290.09,3530.10,260948.08,31.60,25.10,82,446
17:31:22,379106.81,3680.10,272685.22,30.90,25.10,82,331
17:32:22,353099.75,3497.72,261851.02,30.40,25.00,79,354
17:33:23,351999.78,3539.13,266819.19,31.10,25.00,81,381
17:34:23,335237.88,3526.72,253658.52,30.50,25.10,82,308
17:35:24,359457.34,3570.77,264999.97,30.00,25.10,84,409
17:36:24,366034.22,3585.60,261851.02,30.10,25.00,84,482
17:37:25,410807.31,3585.60,240000.00,30.50,24.90,82,492
17:38:25,379892.53,3262.62,216700.59,30.20,24.90,83,377
17:39:26,335237.88,3033.95,188235.31,30.30,24.90,82,396
17:40:26,379892.53,3426.50,237179.50,29.90,24.90,84,442
17:41:27,394777.44,3512.18,243817.78,29.60,24.90,83,364
17:42:27,387199.66,3691.62,257718.13,29.80,24.90,82,355
17:43:28,428120.44,3556.01,248684.22,30.00,24.80,88,363
17:44:28,387199.66,3738.26,253658.52,30.20,24.90,85,388
17:45:29,346950.59,3526.72,245751.64,30.00,24.80,80,370
17:46:29,393147.78,3548.20,248898.67,29.50,24.80,84,341
17:47:30,434611.78,3596.37,248017.61,29.90,24.80,88,316
17:48:30,409961.16,3805.88,264090.88,29.90,24.90,88,345
17:49:31,359457.34,3570.77,254666.64,29.50,24.80,93,340
17:50:31,419294.53,3738.26,270344.81,29.90,24.80,91,356
17:51:32,346950.59,3541.33,252654.84,29.80,24.80,87,450
17:52:32,359457.34,3454.77,245751.64,29.70,24.80,97,316
17:53:33,418862.34,3670.50,259325.83,29.90,24.90,91,319
17:54:33,372841.81,3707.09,275813.97,29.20,24.90,86,317
17:55:34,437306.56,3866.31,268192.19,28.90,24.90,88,330
17:56:34,454979.19,3683.99,271759.25,28.70,24.80,93,259
17:57:35,489500.47,3866.31,273611.13,29.60,24.80,89,364
17:58:35,402641.13,3645.71,257718.13,29.20,24.80,91,336
17:59:35,540650.56,3801.60,264999.97,29.30,24.80,89,368
18:0:36,402226.03,3748.15,268807.31,29.10,24.80,89,279
18:1:36,489500.47,3882.70,274710.00,29.20,24.80,90,316
18:2:37,410807.31,3676.24,256696.41,29.30,24.80,87,448
18:3:37,410807.31,3817.65,271428.59,29.50,24.80,94,277
18:4:38,446875.44,3866.31,275813.97,29.20,24.80,90,320
18:5:38,410384.22,3827.88,270967.72,29.30,24.80,92,352
18:6:39,418430.97,3742.33,263038.53,29.00,24.80,95,309
18:7:39,410807.31,3645.71,257718.13,28.90,24.80,98,291
18:8:40,419294.53,3707.09,266059.22,28.70,24.80,93,338
18:9:40,416274.09,3605.71,264988.53,29.40,24.80,92,284
18:10:41,446875.44,3850.00,271428.59,29.60,24.80,96,334
18:11:41,372841.81,3630.57,255679.27,28.40,24.80,88,382
18:12:42,489500.47,3833.78,270344.81,28.60,24.80,90,270
18:13:42,419294.53,3785.64,270344.81,28.90,24.80,93,377
18:14:43,419294.53,3645.71,253658.52,29.20,24.80,95,394
18:15:43,427680.44,3763.93,275348.88,29.70,24.80,95,397
18:16:44,540650.56,3966.03,285985.75,29.60,24.80,94,287
18:17:44,435958.72,3816.09,272222.19,28.20,24.80,96,403
18:18:45,387199.66,3676.24,260810.78,28.90,24.70,97,361
18:19:45,410807.31,3691.62,271428.59,29.50,24.70,94,303
18:20:46,372841.81,3645.71,260810.78,29.80,24.70,93,292
18:21:46,366034.22,3600.52,261851.02,30.00,24.70,95,286
18:22:47,402641.13,3801.60,274710.00,30.50,24.70,92,286
18:23:47,379892.53,3645.71,257718.13,30.40,24.70,109,374
18:24:48,366034.22,3630.57,256696.41,30.50,24.70,94,288
18:25:48,446875.44,3645.71,257718.13,30.60,24.70,91,347
18:26:49,372841.81,3630.57,258744.38,29.90,24.60,97,384
18:27:49,418862.34,3748.15,267734.53,29.90,24.60,92,288
18:28:50,352366.44,3664.75,263038.53,29.90,24.70,107,337
18:29:50,446875.44,3722.63,268192.19,30.00,24.70,91,392
18:30:51,387199.66,3645.71,262895.91,30.00,24.70,93,291
18:31:51,394370.00,3779.79,265603.63,30.10,24.70,92,259
18:32:52,425039.56,3651.31,264988.53,29.70,24.70,92,340
18:33:52,418430.97,3773.94,259909.89,30.10,24.70,92,300
18:34:53,387199.66,3660.94,264999.97,30.00,24.70,95,295
18:35:53,402226.03,3670.50,273148.16,29.80,24.80,91,377
18:36:54,427680.44,3748.15,272055.44,29.90,24.80,91,368
18:37:54,402641.13,3769.76,276923.09,29.60,24.90,92,365
18:38:54,419294.53,3630.57,255679.27,29.50,24.90,92,295
18:39:55,410807.31,3630.57,252654.84,29.40,24.90,92,394
18:40:55,393962.59,3619.17,268348.59,29.40,24.90,89,280
18:41:56,365654.91,3565.13,255233.83,29.60,24.90,91,273
18:42:56,379106.81,3559.49,254788.39,29.70,24.90,89,400
18:43:57,359457.34,3600.52,252654.84,29.70,24.90,95,396
18:44:57,402641.13,3600.52,263945.56,29.60,24.90,88,447
18:45:58,418430.97,3773.94,261990.92,29.60,24.90,90,365
18:46:58,417999.59,3705.26,263636.34,29.60,24.90,89,349
18:47:59,428120.44,3769.76,266059.22,29.40,24.90,83,362
18:48:59,335237.88,3600.52,252654.84,29.20,24.80,83,415
18:50:0,379499.69,3579.95,256249.98,29.30,24.80,85,348
18:51:0,359457.34,3676.24,257718.13,29.60,24.80,85,379
18:52:1,410807.31,3660.94,263945.56,29.40,24.80,84,361
18:53:1,428120.44,3817.65,275813.97,29.90,24.70,80,330
18:54:2,394777.44,3676.24,257718.13,30.00,24.70,88,375
18:55:2,402641.13,3738.26,268192.19,29.70,24.70,86,337
18:56:3,455447.28,3947.95,267889.88,29.80,24.60,88,324
18:57:3,409538.06,3659.01,258426.95,29.50,24.60,86,365
18:58:4,418862.34,3716.84,263492.03,29.80,24.60,83,460
18:59:4,446875.44,3707.09,261851.02,30.00,24.60,87,910
19:0:5,428120.44,3691.62,259775.27,30.10,24.60,81,398
19:1:5,387199.66,3676.24,259775.27,30.20,24.60,81,325
19:2:6,366034.22,3691.62,258744.38,29.90,24.60,81,401
19:3:6,394777.44,3570.77,249670.31,29.80,24.60,169,1418
19:4:7,446875.44,3785.64,271428.59,29.70,24.60,109,1688
19:5:7,353099.75,3645.71,259775.27,29.60,24.50,78,627
19:6:8,478133.81,3738.26,266059.22,29.80,24.60,82,370
19:7:8,346950.59,3615.50,256696.41,29.70,24.50,80,536
19:8:9,358711.59,3559.49,249779.73,30.00,24.50,81,479
19:9:9,428120.44,3785.64,261851.02,30.50,24.50,80,340
19:10:10,387199.66,3707.09,263945.56,30.40,24.50,79,433
19:11:10,372069.88,3604.13,255803.55,30.20,24.50,85,371
19:12:11,402641.13,3769.76,268192.19,30.00,24.50,83,424
19:13:11,386799.66,3701.31,260360.34,30.30,24.50,85,520
19:14:12,366034.22,3691.62,268192.19,30.60,24.40,85,457
19:15:12,340999.78,3645.71,253658.52,30.40,24.40,88,527
19:16:13,409538.06,3720.84,263636.34,30.40,24.40,83,479
19:17:13,410807.31,3676.24,256696.41,30.60,24.40,84,417
19:18:13,426799.56,3752.25,261538.44,30.20,24.40,91,351
19:19:14,437306.56,3753.97,260810.78,30.40,24.40,92,265
19:20:14,418862.34,3685.86,259325.83,30.20,24.40,86,266
19:21:15,419294.53,3676.24,257718.13,30.10,24.30,82,367
19:22:15,385999.66,3613.47,258426.95,30.00,24.30,94,406
19:23:16,410807.31,3769.76,263945.56,30.50,24.30,91,309
19:24:16,399735.47,3651.31,256629.20,30.30,24.20,88,496
19:25:17,346950.59,3497.72,242857.14,30.60,24.20,93,359
19:26:17,335237.88,3615.50,259775.27,30.90,24.20,88,352
19:27:18,346950.59,3645.71,254666.64,31.40,24.20,87,417
19:28:18,335237.88,3600.52,253658.52,31.10,24.20,87,384
19:29:19,359457.34,3570.77,252654.84,31.50,24.20,95,379
19:30:19,402641.13,3630.57,253658.52,31.20,24.20,96,346
19:31:20,393555.19,3674.35,263636.34,31.50,24.20,84,314
19:32:20,353099.75,3512.18,246724.89,31.30,24.10,86,324
19:33:21,409538.06,3705.26,266819.19,31.60,24.10,88,395
19:34:21,379499.69,3655.21,260360.34,31.50,24.10,91,381
19:35:22,401395.84,3705.26,259459.44,31.20,24.10,84,401
19:36:22,410807.31,3676.24,260810.78,31.40,24.10,88,334
19:37:23,378713.97,3659.01,257399.09,31.50,24.00,86,425
19:38:23,387199.66,3738.26,258744.38,31.20,24.00,88,407
19:39:24,340999.78,3570.77,262895.91,31.50,24.00,83,303
19:40:24,359457.34,3600.52,255679.27,32.20,24.00,87,422
19:41:25,366034.22,3585.60,251655.63,32.50,24.00,90,341
19:42:25,379892.53,3526.72,255679.27,31.80,23.90,94,351
19:43:26,359457.34,3615.50,258744.38,32.30,23.90,100,360
19:44:26,353099.75,3676.24,262895.91,32.30,23.80,90,294
19:45:27,346950.59,3600.52,256696.41,31.90,23.80,93,319
19:46:27,366034.22,3691.62,266059.22,32.00,23.90,89,289
19:47:28,351999.78,3643.75,256375.84,32.00,23.80,92,311
19:48:28,299514.16,3541.33,261851.02,32.00,23.80,93,402
19:49:29,340644.94,3624.87,259325.83,34.30,23.70,90,375
19:50:29,318999.81,3512.18,257718.13,33.10,23.70,90,323
19:51:30,318333.13,3604.13,265148.06,33.50,23.70,93,333
19:52:30,308646.91,3579.95,265603.63,35.00,23.70,88,290
19:53:31,379892.53,3676.24,267123.28,34.20,23.60,87,338
19:54:31,346950.59,3645.71,262895.91,33.00,23.60,82,431
19:55:32,410807.31,3753.97,267123.28,32.60,23.60,94,368
19:56:32,346950.59,3660.94,263945.56,32.80,23.50,90,395
19:57:32,371683.91,3659.01,256375.84,32.70,23.50,88,339
19:58:33,427239.56,3870.81,271593.50,32.70,23.50,91,355
19:59:33,410807.31,3707.09,263945.56,32.80,23.50,98,361
20:0:34,379892.53,3660.94,261851.02,32.90,23.40,90,383
20:1:34,393555.19,3659.01,263636.34,33.00,23.40,92,463
20:2:35,335237.88,3660.94,260810.78,33.00,23.40,89,258
20:3:35,379892.53,3660.94,270344.81,33.50,23.40,96,373
20:4:36,366034.22,3676.24,260810.78,33.30,23.40,92,508
20:5:36,379892.53,3600.52,253658.52,34.10,23.40,93,291
20:6:37,329656.06,3570.77,262895.91,35.50,23.40,90,359
20:7:37,294985.78,3541.33,263945.56,38.50,23.30,98,541
20:8:38,345868.63,3689.76,271131.63,40.10,23.30,91,351
20:9:38,285999.88,3477.78,259325.83,41.50,23.30,91,325
20:10:39,266538.38,3469.02,260810.78,41.50,23.20,94,289
20:11:39,278079.91,3556.01,259775.27,42.50,23.20,91,412
20:12:40,324245.97,3541.33,259775.27,43.00,23.20,92,345
20:13:40,286301.25,3483.33,261851.02,43.90,23.10,90,472
20:14:41,274131.47,3426.50,246724.89,43.80,23.10,93,293
20:15:41,259049.92,3477.78,261399.55,43.70,23.00,92,332
20:16:42,274131.47,3469.02,250660.78,43.80,23.00,93,449
20:17:42,313581.91,3640.00,274245.97,44.30,23.00,88,413
20:18:43,318333.13,3544.76,255803.55,45.00,23.00,92,324
20:19:43,304173.78,3512.18,258744.38,45.20,22.90,104,330
20:20:44,294985.78,3570.77,262895.91,44.70,22.80,30140,30496
20:21:44,312925.19,3613.47,268965.50,44.90,22.80,90,327
20:22:45,299514.16,3512.18,258744.38,44.60,22.80,94,381
20:23:45,278079.91,3469.02,259775.27,44.90,22.80,139,532
20:24:46,259324.92,3384.62,250660.78,45.10,22.80,85,541
20:25:46,290583.22,3497.72,260810.78,45.00,22.70,90,408
20:26:47,270285.63,3483.33,258744.38,45.30,22.70,91,457
20:27:47,262886.00,3469.02,258744.38,45.80,22.60,86,344
20:28:48,262886.00,3556.01,258744.38,45.50,22.70,86,384
20:29:48,294985.78,3526.72,264999.97,45.80,22.60,79,335
20:30:49,278079.91,3615.50,268192.19,45.80,22.60,85,320
20:31:49,274131.47,3556.01,260810.78,45.70,22.60,85,470
20:32:49,290583.22,3541.33,260810.78,46.40,22.60,88,324
20:33:50,262886.00,3526.72,266059.22,46.80,22.50,82,425
20:34:50,257399.92,3487.53,261818.16,46.20,22.50,87,418
20:35:51,255851.78,3454.77,258744.38,46.10,22.40,82,368
20:36:51,289972.09,3559.49,261990.92,46.00,22.40,87,508
20:37:52,270285.63,3541.33,264999.97,46.90,22.40,79,436
20:38:52,252195.06,3477.78,261399.55,47.50,22.30,96,567
20:39:53,239697.64,3440.60,260810.78,47.40,22.30,83,447
20:40:53,242776.42,3483.33,259775.27,47.70,22.20,81,489
20:41:54,233749.95,3454.77,266059.22,47.60,22.20,80,381
20:42:54,282135.03,3541.33,261851.02,47.70,22.20,79,524
20:43:55,274131.47,3556.01,259775.27,48.10,22.10,85,581
20:44:55,225318.66,3398.51,253658.52,48.10,22.10,77,454
20:45:56,228066.64,3454.77,255679.27,48.10,22.10,86,496
20:46:56,269142.78,3622.86,270669.72,47.90,22.10,80,477
20:47:57,252463.36,3469.02,259775.27,48.30,22.10,80,372
20:48:57,268857.06,3527.88,257528.08,47.90,22.00,83,487
20:49:58,262607.50,3506.60,257270.69,48.10,22.00,89,663
20:50:58,259324.92,3526.72,261851.02,47.80,22.00,82,536
20:51:59,259324.92,3541.33,262895.91,48.50,22.00,89,410
20:52:59,236689.61,3526.72,264999.97,48.40,22.00,93,568
20:54:0,251121.89,3527.88,260633.47,48.80,22.00,91,514
20:55:0,266538.38,3556.01,263945.56,48.90,21.90,86,356
20:56:1,219763.42,3435.09,253215.06,49.30,21.90,90,422
20:57:1,235930.98,3481.01,256375.84,48.70,21.90,89,378
20:58:2,236689.61,3512.18,261851.02,49.00,21.80,85,504
20:59:2,222630.41,3412.47,253658.52,49.30,21.80,89,492
21:0:3,214905.25,3426.50,254666.64,49.10,21.80,90,377
21:1:3,219999.98,3454.77,259775.27,48.90,21.70,88,405
21:2:4,230629.17,3477.78,256249.98,49.00,21.70,90,500
21:3:4,210020.61,3469.02,260810.78,49.40,21.80,86,346
21:4:4,175228.09,3351.60,252212.38,50.90,21.70,90,390
21:5:5,190320.77,3384.62,255679.27,51.50,21.70,94,485
21:6:5,212437.48,3497.72,271428.59,51.10,21.60,90,392
21:7:6,198647.05,3454.77,255679.27,50.50,21.60,99,449
21:8:6,173704.38,3370.79,253658.52,51.00,21.60,92,467
21:9:7,189905.67,3472.22,265148.06,51.70,21.50,85,402
21:10:7,182600.02,3412.47,253658.52,51.90,21.50,90,515
21:11:8,180800.02,3476.34,261958.98,52.80,21.50,91,377
21:12:8,178946.44,3398.51,255679.27,52.40,21.40,86,423
21:13:9,170170.97,3463.48,267734.53,52.40,21.40,94,520
21:14:9,173704.38,3426.50,263945.56,52.50,21.40,93,288
21:15:10,171448.30,3452.39,263636.34,52.90,21.30,91,465
21:16:10,173704.38,3398.51,253658.52,53.30,21.30,94,380
21:17:11,190320.77,3469.02,269266.03,51.80,21.20,90,358
21:18:11,167126.08,3412.47,257718.13,53.40,21.20,94,407
21:19:12,156619.08,3398.51,255679.27,53.80,21.20,93,351
21:20:12,159145.20,3415.50,258876.39,53.90,21.20,88,404
21:21:13,164000.02,3412.47,259775.27,54.40,21.10,89,453
21:22:13,164000.02,3412.47,268192.19,53.80,21.10,93,384
21:23:14,145791.08,3379.16,254222.20,53.20,21.00,87,238
21:24:14,158048.03,3469.02,263945.56,54.40,21.00,90,374
21:25:15,158967.78,3438.19,263636.34,54.00,21.00,84,352
21:26:15,159322.63,3435.09,266666.66,52.70,20.90,88,369
21:27:16,144711.16,3398.51,260810.78,53.90,20.90,85,393
21:28:16,141956.23,3443.72,267276.88,54.20,20.90,91,550
21:29:17,129047.02,3384.62,258744.38,54.50,20.80,99,403
21:30:17,141087.00,3412.47,263945.56,55.80,20.80,94,529
21:31:18,136493.00,3384.62,255679.27,55.30,20.80,92,506
21:32:18,133222.27,3430.23,264988.53,55.80,20.80,92,466
21:33:19,134291.70,3412.47,256696.41,54.80,20.70,91,473
21:34:19,123199.95,3384.62,259775.27,55.30,20.70,90,583
21:35:19,118249.96,3396.01,263636.34,54.50,20.60,88,406
21:36:20,105152.52,3398.51,258744.38,56.20,20.60,87,498
21:37:20,95218.74,3370.79,250660.78,55.10,20.60,86,466
21:38:21,86724.64,3343.35,249670.31,54.70,20.60,88,394
21:39:21,80767.13,3316.18,248684.22,55.00,20.60,85,420
21:40:22,82679.07,3384.62,254666.64,54.30,20.60,88,577
21:41:22,78923.78,3316.18,249670.31,55.00,20.50,89,453
21:42:23,83065.43,3379.16,253215.06,55.10,20.50,88,539
21:43:23,80566.22,3387.56,251769.89,55.10,20.50,87,435
21:44:24,76710.54,3316.18,252654.84,56.10,20.40,92,516
21:45:24,77292.05,3368.24,259459.44,56.70,20.40,90,575
21:46:25,75008.61,3289.27,246724.89,57.10,20.40,100,611
21:47:25,74592.27,3343.35,253658.52,57.20,20.40,111,636
21:48:26,74592.27,3289.27,245751.64,57.00,20.40,118,616
21:49:26,75428.56,3329.73,253658.52,56.90,20.30,87,444
21:50:27,72962.02,3302.69,245751.64,56.10,20.30,86,617
21:51:27,72869.20,3310.78,246288.20,56.90,20.30,91,573
21:52:28,73770.20,3329.73,255679.27,57.50,20.30,86,493
21:53:28,75428.56,3289.27,247702.41,57.70,20.30,80,711
21:54:29,77048.47,3297.31,251214.13,57.40,20.30,84,412
21:55:29,71774.99,3302.69,249670.31,56.40,20.30,84,479
21:56:30,70617.27,3329.73,250660.78,56.70,20.30,85,483
21:57:30,68850.20,3313.51,247368.42,57.20,20.30,83,393
21:58:31,70999.99,3316.18,252654.84,57.10,20.30,84,592
21:59:31,70345.67,3340.74,250331.13,56.10,20.30,82,575
22:0:32,64895.75,3329.73,250660.78,57.30,20.30,84,525
22:1:32,62928.30,3275.91,245751.64,58.90,20.30,82,551
22:2:33,70999.99,3343.35,252654.84,58.00,20.30,83,613
22:3:33,73770.20,3316.18,249670.31,56.50,20.30,83,510
22:4:33,92131.98,3421.00,254222.20,56.00,20.30,78,416
22:5:34,86201.92,3316.18,244782.61,55.90,20.30,80,549
22:6:34,83661.98,3357.04,252654.84,55.80,20.30,82,486
22:7:35,84559.24,3351.60,250220.25,56.20,20.40,78,749
22:8:35,86201.92,3370.79,252654.84,56.60,20.40,81,485
22:9:36,80300.01,3289.27,248684.22,55.00,20.40,76,497
22:10:36,78473.22,3302.69,254666.64,56.30,20.40,85,504
22:11:37,78923.78,3302.69,251655.63,55.50,20.40,83,507
22:12:37,79378.39,3289.27,253658.52,56.20,20.50,82,467
22:13:38,79837.11,3289.27,248684.22,55.20,20.50,80,626
22:14:38,78473.22,3289.27,251655.63,55.60,20.50,84,519
22:15:39,77145.38,3302.69,251655.63,55.20,20.50,73,574
22:16:39,70617.27,3275.91,250660.78,56.30,20.50,86,654
22:17:40,73271.17,3310.78,250220.25,56.50,20.50,81,586
22:18:40,71891.20,3340.74,253333.31,56.40,20.50,47,707
22:19:41,71774.99,3316.18,249670.31,56.80,20.50,85,402
22:20:41,70617.27,3275.91,250660.78,55.50,20.50,85,395
22:21:42,68023.99,3329.73,247702.41,56.30,20.50,90,557
22:22:42,66173.23,3316.26,248458.14,55.60,20.50,105,653
22:23:43,65571.98,3316.18,248684.22,55.40,20.50,82,507
22:24:43,62928.30,3249.39,243817.78,55.40,20.50,86,590
22:25:44,63900.76,3302.69,248684.22,55.80,20.50,89,597
22:26:44,64806.20,3302.70,248458.14,56.00,20.50,111,503
22:27:45,61665.43,3302.69,246724.89,55.40,20.50,89,531
22:28:45,59840.00,3249.39,245751.64,56.70,20.50,81,537
22:29:46,58956.84,3249.39,244782.61,57.40,20.50,87,419
22:30:46,58719.43,3273.17,247368.42,58.00,20.50,88,555
22:31:47,59249.10,3236.23,242857.14,58.00,20.50,85,418
22:32:47,58666.68,3249.39,245751.64,57.60,20.50,80,418
22:33:47,58666.68,3275.91,241900.66,56.80,20.50,84,557
22:34:48,59543.48,3289.27,245751.64,57.00,20.50,83,450
22:35:48,60439.56,3302.69,247702.41,56.30,20.50,85,563
22:36:49,57526.50,3289.27,242857.14,56.00,20.50,84,420
22:37:49,59737.23,3329.88,249448.13,56.40,20.50,90,501
22:38:50,58142.85,3273.17,242516.27,56.90,20.40,88,657
22:39:50,58666.68,3262.62,244782.61,56.40,20.40,86,460
22:40:51,68120.48,3340.74,247368.42,56.20,20.50,85,487
22:41:51,70617.27,3316.18,251655.63,55.50,20.40,91,489
22:42:52,69967.21,3300.00,243478.27,55.90,20.50,82,537
22:43:52,67314.74,3281.17,249889.63,55.30,20.40,94,666
22:44:53,70237.70,3316.18,250660.78,56.20,20.50,88,490
22:45:53,71385.89,3316.18,252654.84,55.80,20.50,88,555
22:46:54,69681.63,3291.93,249779.73,55.60,20.50,87,570
22:47:54,64229.88,3275.91,251655.63,57.50,20.50,94,356
22:48:55,63574.15,3262.62,254666.64,59.00,20.50,89,421
22:49:55,60138.69,3262.62,254666.64,59.50,20.50,92,469
22:50:56,62609.02,3302.69,255679.27,58.30,20.50,98,689
22:51:56,60138.69,3262.62,249670.31,58.30,20.50,89,539
22:52:57,60742.66,3302.69,250660.78,58.60,20.50,90,416
22:53:57,61977.62,3329.73,257718.13,59.00,20.50,92,497
22:54:58,60439.56,3275.91,250660.78,58.50,20.50,89,565
22:55:58,59304.36,3286.55,250331.13,58.50,20.50,91,438
22:56:59,59543.48,3262.62,250660.78,59.60,20.50,89,447
22:57:59,60138.69,3316.18,254666.64,58.50,20.50,87,347
22:59:0,59543.48,3249.39,247702.41,57.90,20.50,84,421
23:0:0,60804.43,3259.85,246389.50,57.50,20.50,93,391
23:1:0,58378.58,3249.39,246724.89,57.70,20.50,89,468
23:2:1,59840.00,3316.18,253658.52,57.00,20.50,89,346
23:3:1,58666.68,3275.91,252654.84,58.20,20.50,91,543
23:4:2,58092.54,3289.27,243817.78,57.10,20.50,88,644
23:5:2,57448.76,3257.28,252212.38,56.80,20.50,91,616
23:6:3,55916.66,3273.17,244444.45,57.10,20.50,86,625
23:7:3,54551.02,3262.62,249670.31,56.80,20.50,103,752
23:8:4,53777.77,3236.23,241900.66,57.80,20.50,90,511
23:9:4,53523.49,3223.13,241900.66,57.40,20.50,89,506
23:10:5,55606.89,3302.69,253658.52,57.60,20.50,82,537
23:11:5,54812.29,3262.62,250660.78,57.90,20.40,92,431
23:12:6,52523.18,3197.12,240000.00,57.70,20.40,85,409
23:13:6,55916.66,3313.51,252328.14,57.40,20.40,89,375
23:14:7,56145.83,3262.62,243817.78,57.30,20.40,89,750
23:15:7,57574.46,3286.55,257399.09,56.80,20.40,85,543
23:16:8,56145.83,3275.91,245751.64,57.70,20.30,87,547
23:17:8,56692.30,3262.62,247702.41,57.30,20.30,88,505
23:18:9,56145.83,3249.39,245751.64,56.70,20.30,96,596
23:19:9,57246.47,3289.27,250660.78,57.30,20.30,85,476
23:20:10,55606.89,3249.39,243817.78,57.60,20.20,120,437
23:21:10,55875.43,3262.62,242857.14,57.90,20.20,91,788
23:22:11,55264.60,3244.07,244347.83,57.80,20.20,82,610
23:23:11,56145.83,3275.91,246724.89,58.00,20.10,102,556
23:24:12,54291.52,3236.23,241900.66,57.50,20.10,84,540
23:25:12,56145.83,3249.39,244782.61,57.10,20.10,82,484
23:26:13,58666.68,3275.91,245751.64,56.80,20.00,169,777
23:27:13,58378.58,3275.91,245751.64,57.00,20.00,88,471
23:28:14,57779.35,3294.61,247912.08,57.20,20.00,103,625
23:29:14,54812.29,3223.13,241900.66,57.40,20.00,82,489
23:30:14,55606.89,3275.91,246724.89,59.10,19.90,80,583
23:31:15,54551.02,3236.23,241900.66,57.60,19.90,101,792
23:32:15,53777.77,3223.13,244782.61,58.60,19.90,83,515
23:33:16,53777.77,3236.23,241900.66,59.10,19.90,81,398
23:34:16,54476.19,3283.90,247264.78,59.30,19.90,83,646
23:35:17,54436.86,3275.79,246491.23,59.30,19.90,80,418
23:36:17,55379.31,3273.17,250331.13,58.40,19.90,84,560
23:37:18,55075.34,3249.39,241900.66,57.60,19.80,81,683
23:38:18,55531.03,3244.07,242424.25,58.00,19.80,81,477
23:39:19,55606.89,3262.62,242857.14,58.20,19.80,76,498
23:40:19,54291.52,3236.23,245751.64,58.20,19.80,83,660
23:41:20,53959.46,3244.07,245315.91,58.60,19.80,80,590
23:42:20,54291.52,3249.39,247702.41,59.40,19.70,84,632
23:43:21,55340.20,3262.62,249670.31,59.40,19.70,77,714
23:44:21,55000.00,3257.28,248245.61,59.50,19.70,80,669
23:45:22,56692.30,3289.27,253658.52,59.50,19.70,82,502
23:46:22,58092.54,3302.69,252654.84,59.90,19.70,85,670
23:47:23,58378.58,3329.73,250660.78,59.30,19.60,82,534
23:48:23,58092.54,3302.69,251655.63,59.30,19.60,79,605
23:49:24,58378.58,3343.35,250660.78,59.30,19.60,85,538
23:50:24,56692.30,3275.91,248684.22,59.40,19.60,87,599
23:51:25,56968.41,3289.27,252654.84,59.40,19.50,81,628
23:52:25,56461.53,3286.55,250331.13,59.10,19.50,90,646
23:53:26,55606.89,3275.91,248684.22,59.40,19.50,30231,30774
23:54:26,57246.47,3275.91,247702.41,59.70,19.50,87,505
23:55:27,57526.50,3289.27,252654.84,59.00,19.50,87,518
23:56:27,57808.50,3302.69,254666.64,59.50,19.50,99,620
23:57:27,55340.20,3275.91,250660.78,59.90,19.50,96,776
23:58:28,58014.23,3310.78,256249.98,60.40,19.50,84,650
23:59:28,55606.89,3262.62,246724.89,60.00,19.40,91,483
