Hora,O3,NO2,CO,Humedad,Temperatura,P25,P10
0:0:29,56659.64,3321.67,260045.14,60.60,19.40,108,538
0:1:29,56968.41,3302.69,249670.31,60.70,19.50,95,535
0:2:30,56968.41,3316.18,249670.31,59.80,19.40,97,494
0:3:30,56145.83,3316.18,250660.78,60.30,19.50,92,483
0:4:31,55531.03,3310.78,255233.83,61.60,19.40,92,501
0:5:31,57526.50,3316.18,252654.84,60.40,19.50,94,578
0:6:32,55606.89,3302.69,247702.41,60.40,19.50,91,581
0:7:32,54291.52,3275.91,246724.89,60.00,19.40,111,671
0:8:33,55340.20,3302.69,245751.64,59.50,19.40,89,420
0:9:33,55340.20,3302.69,247702.41,59.50,19.50,93,882
0:10:34,55189.00,3305.39,249779.73,59.70,19.50,30135,30817
0:11:34,53777.77,3275.91,246724.89,59.60,19.50,84,588
0:12:35,57293.28,3340.74,257399.09,60.30,19.50,92,733
0:13:35,57857.64,3313.51,255357.13,60.40,19.50,98,736
0:14:36,56418.11,3289.27,250660.78,59.60,19.50,89,612
0:15:36,73364.40,3412.47,264999.97,61.10,19.50,86,496
0:16:37,64561.54,3289.27,249670.31,58.50,19.60,88,374
0:17:37,62679.25,3340.74,262585.00,59.00,19.60,95,636
0:18:38,64561.54,3357.04,262895.91,59.70,19.70,90,563
0:19:38,67139.45,3379.55,259142.20,60.20,19.70,86,346
0:20:39,70727.27,3382.09,264692.47,59.50,19.70,90,509
0:21:39,71385.89,3357.04,261851.02,59.40,19.70,88,648
0:22:40,68750.00,3357.04,261851.02,60.40,19.70,91,540
0:23:40,67665.34,3370.79,261851.02,60.60,19.70,93,618
0:24:40,65232.56,3316.18,256696.41,60.60,19.70,94,686
0:25:41,72563.02,3384.62,261851.02,60.60,19.70,88,455
0:26:41,72167.35,3316.18,255679.27,59.40,19.80,93,457
0:27:42,82194.45,3426.50,266059.22,59.20,19.80,90,451
0:28:42,81238.54,3384.62,263945.56,58.40,19.80,92,386
0:29:43,78026.68,3343.35,257718.13,58.00,19.80,88,472
0:30:43,78473.22,3384.62,267123.28,58.70,19.80,88,547
0:31:44,75852.19,3343.35,255679.27,58.90,19.80,97,531
0:32:44,71385.89,3343.35,266059.22,59.60,19.90,91,486
0:33:45,65571.98,3289.27,257718.13,60.70,19.90,102,639
0:34:45,65827.45,3357.32,258558.53,61.10,19.90,92,388
0:35:46,65232.56,3343.35,259775.27,59.70,19.90,88,558
0:36:46,61731.35,3313.51,256375.84,59.90,19.90,89,490
0:37:47,61355.56,3302.69,252654.84,59.70,19.90,85,414
0:38:47,61355.56,3329.73,252654.84,59.60,19.90,99,562
0:39:48,62609.02,3249.39,243817.78,59.40,19.90,84,456
0:40:48,60742.66,3289.27,255679.27,59.10,20.00,91,390
0:41:49,61665.43,3289.27,251655.63,59.80,20.00,91,539
0:42:49,62609.02,3329.73,259775.27,59.40,20.00,89,415
0:43:50,63900.76,3316.18,255679.27,59.40,20.00,89,492
0:44:50,64561.54,3262.62,247702.41,58.70,20.00,90,455
0:45:51,78473.22,3302.69,255679.27,58.00,20.00,87,458
0:46:51,78473.22,3302.69,246724.89,56.90,20.10,89,551
0:47:52,87252.43,3357.04,256696.41,57.20,20.10,95,665
0:48:52,108092.46,3343.35,250660.78,56.60,20.10,86,360
0:49:53,123199.95,3343.35,258744.38,55.70,20.10,88,328
0:50:53,165550.02,3469.02,266059.22,55.50,20.20,90,337
0:51:53,170359.00,3483.33,262895.91,55.20,20.20,84,343
0:52:54,194403.84,3497.72,267123.28,55.20,20.20,90,368
0:53:54,190320.77,3483.33,260810.78,55.10,20.30,86,457
0:54:55,200831.69,3497.72,272517.34,55.20,20.30,86,400
0:55:55,233749.95,3630.57,273611.13,55.10,20.30,89,394
0:56:56,236689.61,3570.77,280281.72,55.20,20.30,89,363
0:57:56,249156.56,3630.57,278037.41,55.20,20.30,91,381
0:58:57,233499.97,3535.71,277570.13,55.30,20.30,89,410
0:59:57,259324.92,3676.24,284834.13,55.00,20.30,85,328
1:0:58,294985.78,3801.60,296601.94,55.00,20.30,89,429
1:1:58,274131.47,3660.94,276923.09,55.40,20.30,87,401
1:2:59,308323.38,3789.87,289688.25,55.30,20.30,83,410
1:3:59,278079.91,3707.09,288305.50,55.60,20.20,86,434
1:5:0,294056.22,3720.84,282269.53,55.40,20.20,87,427
1:6:0,278079.91,3645.71,276923.09,55.00,20.20,92,483
1:7:1,277786.56,3655.21,282075.50,55.30,20.20,84,397
1:8:1,255851.78,3585.60,271428.59,55.20,20.20,84,441
1:9:2,262886.00,3615.50,273611.13,55.20,20.20,81,361
1:10:2,329656.06,3769.76,289473.72,55.30,20.20,85,400
1:11:3,278079.91,3676.24,282547.19,55.50,20.20,85,417
1:12:3,274131.47,3615.50,280281.72,55.70,20.20,85,591
1:13:4,242776.42,3585.60,276923.09,55.30,20.20,85,411
1:14:4,259049.92,3594.84,278688.53,55.40,20.20,87,409
1:15:5,274131.47,3600.52,278037.41,55.40,20.20,71,378
1:16:5,255851.78,3600.52,275813.97,55.30,20.20,84,364
1:17:6,233749.95,3556.01,283687.97,55.60,20.20,78,522
1:18:6,273842.00,3685.86,282075.50,55.90,20.20,82,411
1:19:6,274131.47,3630.57,273611.13,56.30,20.10,80,437
1:20:7,235930.98,3539.13,273317.88,56.00,20.10,84,498
1:21:7,233749.95,3497.72,268192.19,56.10,20.10,84,522
1:22:8,249156.56,3615.50,274710.00,55.90,20.10,80,702
1:23:8,249156.56,3630.57,281411.78,56.20,20.10,80,536
1:24:9,255851.78,3600.52,274710.00,56.60,20.10,80,343
1:25:9,266538.38,3630.57,271428.59,57.10,20.00,92,515
1:26:10,245928.52,3526.72,267123.28,56.70,20.00,86,495
1:27:10,236689.61,3556.01,267123.28,56.50,20.00,90,495
1:28:11,265692.22,3643.75,278873.25,56.70,20.00,87,465
1:29:11,276613.25,3647.52,285918.88,56.80,20.00,88,364
1:30:12,259324.92,3615.50,272517.34,56.70,19.90,87,445
1:31:12,239697.64,3556.01,272517.34,57.30,19.90,91,374
1:32:13,282135.03,3707.09,282547.19,57.40,19.90,96,376
1:33:13,274131.47,3600.52,273611.13,57.90,19.90,86,460
1:34:14,298571.28,3848.52,291566.28,57.60,19.80,95,347
1:35:14,262886.00,3541.33,274710.00,58.10,19.80,97,444
1:36:15,262886.00,3660.94,285985.75,57.60,19.80,92,537
1:37:15,262607.50,3535.71,274245.97,57.80,19.80,88,328
1:38:16,233749.95,3512.18,275813.97,57.70,19.80,93,344
1:39:16,239697.64,3585.60,275813.97,58.00,19.80,97,393
1:40:17,262886.00,3645.71,281411.78,57.90,19.80,90,413
1:41:17,270285.63,3615.50,279156.91,57.80,19.80,94,419
1:42:18,236689.61,3541.33,274710.00,58.00,19.80,92,449
1:43:18,290583.22,3645.71,278037.41,57.90,19.70,87,361
1:44:19,258499.92,3643.75,292753.63,58.10,19.70,89,428
1:45:19,294056.22,3752.25,290384.63,58.40,19.70,97,357
1:46:19,269428.47,3643.75,282269.53,58.70,19.70,92,408
1:47:20,289972.09,3726.65,292048.22,58.30,19.70,93,395
1:48:20,266538.38,3676.24,285985.75,58.50,19.70,93,426
1:49:21,303854.94,3779.79,285510.69,58.50,19.70,87,347
1:50:21,308970.44,3850.00,296601.94,59.00,19.60,95,429
1:51:22,304173.78,3691.62,287142.84,59.70,19.50,93,409
1:52:22,262886.00,3660.94,284834.13,59.60,19.40,92,364
1:53:23,290583.22,3753.97,281411.78,59.40,19.40,96,439
1:54:23,262886.00,3645.71,285985.75,60.10,19.40,94,304
1:55:24,329656.06,3915.76,307692.31,59.90,19.40,94,396
1:56:24,313910.28,3833.78,285985.75,60.60,19.40,88,386
1:57:25,313581.91,3748.15,287828.19,60.80,19.40,101,353
1:58:25,245928.52,3645.71,291826.91,60.30,19.30,101,364
1:59:26,290583.22,3722.63,295399.53,60.40,19.30,86,387
2:0:26,252463.36,3645.71,297810.22,61.00,19.30,95,452
2:1:27,252463.36,3645.71,291826.91,60.60,19.30,92,329
2:2:27,274131.47,3738.26,302702.69,60.60,19.30,94,478
2:3:28,255851.78,3585.60,289473.72,61.10,19.30,93,342
2:4:28,266256.31,3670.50,300980.41,60.60,19.20,98,508
2:5:29,262886.00,3753.97,306435.63,60.50,19.30,92,341
2:6:29,262050.55,3689.76,298777.50,61.00,19.30,91,491
2:7:30,299199.84,3860.38,300980.41,61.50,19.30,92,348
2:8:30,273263.06,3720.84,296350.38,62.00,19.20,92,487
2:9:31,242776.42,3600.52,294202.91,61.70,19.10,92,356
2:10:31,252463.36,3722.63,300244.50,61.20,19.20,98,377
2:11:31,273263.06,3659.01,289208.66,61.60,19.20,96,409
2:12:32,299514.16,3801.60,294202.91,61.10,19.20,95,401
2:13:32,265692.22,3674.35,296350.38,62.40,19.20,91,402
2:14:33,266538.38,3691.62,289473.72,62.00,19.20,95,422
2:15:33,273842.00,3795.73,308457.72,62.00,19.10,90,458
2:16:34,299514.16,3691.62,296601.94,62.50,19.10,97,377
2:17:34,262607.50,3670.50,290167.88,62.50,19.10,92,303
2:18:35,270285.63,3676.24,287142.84,62.60,19.10,95,463
2:19:35,308970.44,3915.76,315365.22,62.50,19.00,93,401
2:20:36,294056.22,3720.84,300000.00,63.30,19.00,93,484
2:21:36,270285.63,3676.24,289473.72,63.00,18.90,90,430
2:22:37,242776.42,3600.52,287142.84,62.70,19.00,94,424
2:23:37,242776.42,3630.57,282547.19,62.80,18.90,88,453
2:24:38,262050.55,3628.57,284560.56,62.90,19.00,88,374
2:25:38,252463.36,3645.71,291826.91,62.60,19.00,92,353
2:26:39,230876.38,3585.60,287142.84,62.70,19.00,89,406
2:27:39,308970.44,3915.76,310224.41,62.70,19.00,89,371
2:28:40,262607.50,3655.21,290167.88,63.50,19.00,91,450
2:29:40,307999.84,3800.00,296350.38,63.10,18.90,88,559
2:30:41,249156.56,3645.71,289473.72,63.70,18.90,89,507
2:31:41,255851.78,3570.77,288305.50,63.30,18.80,103,562
2:32:42,248361.39,3659.01,292753.63,62.70,18.90,87,459
2:33:42,245928.52,3645.71,289473.72,63.00,18.90,89,334
2:34:43,255851.78,3615.50,287142.84,63.10,18.90,88,370
2:35:43,258774.92,3664.75,296837.00,63.30,18.90,88,416
2:36:43,236689.61,3600.52,294202.91,62.70,19.00,92,326
2:37:44,239186.02,3589.18,290865.38,62.50,19.00,84,459
2:38:44,259324.92,3585.60,281411.78,62.20,19.00,90,435
2:39:45,235930.98,3613.47,291566.28,62.50,19.00,87,427
2:40:45,245928.52,3541.33,284834.13,62.90,19.00,91,494
2:41:46,225318.66,3615.50,295399.53,62.20,19.00,83,452
2:42:46,251121.89,3662.83,302716.06,62.50,19.00,87,435
2:43:47,281540.44,3838.17,307960.19,63.20,19.00,82,384
2:44:47,242776.42,3707.09,301470.59,63.90,19.00,89,590
2:45:48,222630.41,3585.60,293012.06,63.90,19.00,81,550
2:46:48,245928.52,3630.57,291826.91,63.30,18.90,85,584
2:47:49,232999.97,3628.57,295145.63,63.60,18.90,81,493
2:48:49,261215.11,3766.40,309774.44,63.50,18.90,87,522
2:49:50,210020.61,3585.60,291826.91,64.10,18.90,79,478
2:50:50,192342.88,3556.01,290647.50,63.70,18.90,81,469
2:51:51,214905.25,3615.50,291826.91,63.50,18.90,81,472
2:52:51,233749.95,3630.57,282547.19,64.70,18.90,88,487
2:53:52,216723.38,3583.50,280000.03,64.50,18.90,80,454
2:54:52,233749.95,3615.50,295399.53,64.40,18.90,80,423
2:55:53,248361.39,3689.76,286873.53,64.10,18.90,83,560
2:56:53,255851.78,3769.76,302702.69,64.20,18.90,89,420
2:57:54,262886.00,3785.64,299024.38,64.70,18.80,82,516
2:58:54,270285.63,3738.26,305185.19,65.00,18.80,83,454
2:59:55,274131.47,3753.97,291826.91,64.80,18.70,89,463
3:0:55,262050.55,3752.25,293946.75,65.50,18.70,88,463
3:1:55,274131.47,3817.65,301470.59,65.30,18.70,86,380
3:2:56,242258.78,3680.10,292048.22,65.50,18.70,90,558
3:3:56,228066.64,3645.71,288305.50,65.60,18.70,91,375
3:4:57,230876.38,3645.71,287142.84,65.80,18.60,92,389
3:5:57,270285.63,3707.09,287142.84,65.20,18.60,87,370
3:6:58,272105.16,3760.53,295609.75,65.30,18.70,95,393
3:7:58,277786.56,3827.88,302211.31,64.60,18.60,88,432
3:8:59,294056.22,3864.86,311278.19,64.40,18.60,93,368
3:9:59,249156.56,3833.78,302702.69,64.90,18.60,100,399
3:11:0,248361.39,3689.76,291566.28,65.00,18.60,90,544
3:12:0,242776.42,3585.60,287142.84,65.20,18.50,89,403
3:13:1,266538.38,3753.97,293012.06,64.60,18.50,96,435
3:14:1,239697.64,3676.24,305185.19,65.00,18.50,92,399
3:15:2,236689.61,3676.24,291826.91,64.80,18.50,91,360
3:16:2,303854.94,3860.38,312280.69,65.40,18.50,98,330
3:17:3,281837.72,3763.93,307196.03,65.40,18.40,92,446
3:18:3,259324.92,3707.09,299024.38,65.20,18.40,90,358
3:19:4,313253.56,3805.88,302955.66,65.50,18.40,99,341
3:20:4,274131.47,3801.60,316666.66,64.40,18.40,96,388
3:21:5,318999.81,3949.18,314070.34,64.20,18.40,90,391
3:22:5,282135.03,3722.63,302702.69,64.80,18.30,95,378
3:23:6,274131.47,3850.00,303940.91,64.50,18.30,100,471
3:24:6,303854.94,3779.79,303448.28,65.10,18.30,93,416
3:25:6,329656.06,3801.60,311500.00,64.30,18.20,92,439
3:26:7,290583.22,3691.62,291826.91,64.80,18.20,107,440
3:27:7,286301.25,3850.00,311500.00,64.50,18.20,100,464
3:28:8,353099.75,3915.76,316666.66,65.10,18.20,104,451
3:29:8,334888.69,3876.76,309725.66,65.20,18.10,94,469
3:30:9,282135.03,3707.09,301470.59,64.80,18.10,96,510
3:31:9,303854.94,3926.43,333681.44,65.20,18.10,98,416
3:32:10,334888.69,3993.94,335078.56,65.00,18.10,95,410
3:33:10,303854.94,3795.73,307196.03,64.40,18.00,93,368
3:34:11,270285.63,3753.97,300244.50,64.20,18.00,95,466
3:35:11,281837.72,3827.88,322762.13,64.40,18.00,92,391
3:36:12,266538.38,3801.60,323273.63,65.30,18.10,96,444
3:37:12,274131.47,3738.26,308955.22,65.10,18.00,92,457
3:38:13,286301.25,3850.00,324615.34,64.70,18.10,92,446
3:39:13,346229.28,4004.97,338786.31,64.50,18.10,92,434
3:40:14,329656.06,3899.19,319289.34,63.60,18.00,91,405
3:41:14,304173.78,3833.78,325963.97,63.40,18.00,96,352
3:42:15,329656.06,3882.70,320610.66,63.30,18.00,93,461
3:43:15,266538.38,3785.64,308955.22,63.40,18.00,96,344
3:44:16,286301.25,3899.19,319289.34,63.70,18.00,93,481
3:45:16,335237.88,4121.91,332812.47,63.30,18.00,94,445
3:46:17,255580.17,3748.15,309725.66,63.20,17.90,96,541
3:47:17,329656.06,3850.00,323273.63,64.00,17.90,86,434
3:48:18,278079.91,3753.97,320610.66,63.40,17.80,93,414
3:49:18,249156.56,3722.63,303940.91,64.30,17.90,91,400
3:50:18,299514.16,3801.60,315365.22,64.30,17.90,91,396
3:51:19,290583.22,3769.76,315365.22,64.40,17.90,91,439
3:52:19,274131.47,3753.97,323273.63,64.20,17.90,90,469
3:53:20,273263.06,3784.00,315151.50,64.20,17.90,91,414
3:54:20,299514.16,3817.65,320610.66,64.40,17.90,92,478
3:55:21,282135.03,3707.09,302702.69,64.20,17.90,95,412
3:56:21,299514.16,3882.70,316666.66,64.00,17.90,90,396
3:57:22,282135.03,3753.97,306435.63,64.70,17.90,93,422
3:58:22,274131.47,3801.60,308955.22,64.70,17.90,101,460
3:59:23,249156.56,3738.26,315365.22,65.10,17.90,93,494
4:0:23,242776.42,3691.62,306435.63,65.50,17.90,91,486
4:1:24,252463.36,3707.09,302702.69,64.40,17.90,89,405
4:2:24,249156.56,3676.24,302702.69,64.90,17.90,103,550
4:3:25,270285.63,3722.63,305185.19,65.20,17.90,109,568
4:4:25,258774.92,3726.65,302955.66,65.60,17.90,87,403
4:5:26,262886.00,3769.76,314070.34,64.90,17.90,86,406
4:6:26,236689.61,3676.24,307692.31,65.60,17.90,88,548
4:7:27,307352.78,3919.13,315443.00,65.50,17.90,87,365
4:8:27,290583.22,3833.78,316666.66,65.30,17.90,90,493
4:9:28,324245.97,3932.43,312781.94,65.50,17.90,85,411
4:10:28,294985.78,3769.76,305185.19,64.50,17.90,89,619
4:11:29,290583.22,3801.60,308955.22,65.30,17.80,84,529
4:12:29,270285.63,3738.26,301470.59,65.40,17.80,87,474
4:13:29,278079.91,3882.70,308955.22,65.60,17.70,85,454
4:14:30,270285.63,3850.00,311500.00,65.50,17.70,88,446
4:15:30,274131.47,3785.64,311500.00,65.30,17.70,92,495
4:16:31,308970.44,3866.31,311500.00,65.10,17.70,81,491
4:17:31,266538.38,3801.60,310224.41,65.10,17.70,95,571
4:18:32,294985.78,4017.13,315365.22,65.00,17.60,82,591
4:19:32,323230.59,3897.83,312562.81,65.20,17.60,85,506
4:20:33,345147.31,3935.89,307730.66,64.90,17.60,83,502
4:21:33,333491.88,3852.97,307730.66,65.00,17.50,86,651
4:22:34,303217.25,3816.09,301228.50,65.60,17.50,94,700
4:23:34,313910.28,3850.00,314070.34,65.20,17.50,88,552
4:24:35,278079.91,3817.65,305185.19,65.30,17.50,80,443
4:25:35,262886.00,3722.63,302702.69,65.70,17.50,81,619
4:26:36,308970.44,3850.00,305185.19,66.10,17.50,83,583
4:27:36,323230.59,3931.15,315151.50,66.20,17.50,89,489
4:28:37,285397.16,3752.25,297560.97,65.90,17.50,90,575
4:29:37,266538.38,3769.76,305185.19,66.00,17.50,82,636
4:30:38,285397.16,3816.09,301228.50,66.00,17.50,82,564
4:31:38,266538.38,3722.63,301470.59,67.10,17.50,91,535
4:32:39,251390.19,3762.23,305707.19,66.50,17.50,85,603
4:33:39,270285.63,3833.78,312781.94,66.80,17.50,89,450
4:34:40,245928.52,3676.24,293012.06,67.50,17.50,102,632
4:35:40,249156.56,3785.64,308955.22,66.60,17.50,93,561
4:36:40,266538.38,3722.63,300244.50,66.50,17.50,122,715
4:37:41,262886.00,3785.64,311500.00,66.80,17.50,97,537
4:38:41,277199.91,3800.00,304950.47,66.30,17.50,90,581
4:39:42,296685.56,3911.78,312121.19,66.30,17.50,88,543
4:40:42,294056.22,3881.30,310000.00,66.50,17.50,98,408
4:41:43,282135.03,3850.00,311500.00,66.80,17.40,91,515
4:42:43,290583.22,3738.26,296601.94,66.30,17.40,92,380
4:43:44,249156.56,3722.63,310224.41,65.40,17.40,98,511
4:44:44,328624.81,3931.15,302463.06,66.30,17.40,95,618
4:45:45,286301.25,3785.64,303940.91,64.60,17.40,92,522
4:46:45,322553.66,3935.89,306467.66,65.00,17.30,92,562
4:47:46,339935.25,3914.44,311278.19,65.70,17.30,94,546
4:48:46,262886.00,3753.97,299024.38,66.60,17.30,87,489
4:49:47,270285.63,3833.78,308955.22,66.50,17.30,90,420
4:50:47,278079.91,3833.78,305185.19,66.40,17.30,90,392
4:51:48,277786.56,3827.88,309725.66,66.80,17.30,100,411
4:52:48,323569.06,3903.80,314357.69,67.10,17.30,92,399
4:53:49,322215.22,3879.89,305970.16,66.00,17.20,89,540
4:54:49,318999.81,3866.31,310224.41,66.80,17.20,97,467
4:55:50,335237.88,3882.70,301470.59,66.00,17.20,97,480
4:56:50,323569.06,3887.26,307960.19,66.00,17.20,91,505
4:57:51,353099.75,3899.19,303940.91,65.70,17.20,88,583
4:58:51,335237.88,3915.76,319289.34,65.50,17.20,93,451
4:59:51,329312.31,3844.09,298536.56,65.90,17.10,91,662
5:0:52,318999.81,3882.70,321938.75,66.10,17.10,99,535
5:1:52,313910.28,3899.19,312781.94,65.60,17.10,98,550
5:2:53,323569.06,3920.44,315656.53,66.30,17.10,96,539
5:3:53,313910.28,3817.65,311500.00,66.20,17.10,99,561
5:4:54,335237.88,3882.70,314070.34,66.10,17.10,93,570
5:5:54,366034.22,4104.20,323273.63,65.60,17.10,93,459
5:6:55,352733.09,3960.00,316161.59,66.10,17.00,95,428
5:7:55,379892.53,4017.13,308955.22,65.50,17.00,93,596
5:8:56,313910.28,3866.31,310224.41,66.40,17.00,92,591
5:9:56,379892.53,3899.19,311500.00,66.50,17.00,95,465
5:10:57,299514.16,3833.78,305185.19,65.20,16.90,91,591
5:11:57,318999.81,3833.78,301470.59,66.00,16.90,98,675
5:12:58,346950.59,4000.00,319289.34,66.50,16.90,90,614
5:13:58,372841.81,3982.97,327319.56,65.70,16.90,95,530
5:14:59,323907.50,3926.43,311000.00,66.60,16.90,91,576
5:15:59,324245.97,3899.19,311500.00,67.20,16.80,93,643
5:17:0,318999.81,3899.19,316666.66,67.30,16.80,89,580
5:18:0,353099.75,3899.19,317974.66,67.40,16.80,93,535
5:19:1,304173.78,3882.70,303940.91,66.90,16.80,89,528
5:20:1,335237.88,3949.18,312781.94,66.00,16.80,95,605
5:21:2,318999.81,3801.60,299024.38,66.90,16.80,92,545
5:22:2,324245.97,3915.76,307692.31,66.40,16.80,100,512
5:23:2,329656.06,3899.19,306435.63,66.60,16.80,90,524
5:24:3,379892.53,4000.00,314070.34,66.70,16.80,91,664
5:25:3,335237.88,3882.70,303940.91,66.00,16.80,92,518
5:26:4,294985.78,3882.70,306435.63,66.60,16.80,89,547
5:27:4,393555.19,3998.90,308728.16,66.50,16.80,92,513
5:28:5,346950.59,3850.00,295399.53,65.60,16.80,90,648
5:29:5,340999.78,3932.43,308955.22,65.00,16.80,90,635
5:30:6,346950.59,3915.76,301470.59,66.30,16.80,90,578
5:31:6,340290.09,3887.26,302955.66,64.00,16.80,89,496
5:32:7,313581.91,3844.09,307196.03,65.20,16.80,91,530
5:33:7,323907.50,3860.38,299755.50,66.30,16.80,86,632
5:34:8,278079.91,3785.64,299024.38,66.30,16.80,98,708
5:35:8,323907.50,3943.17,305940.59,67.20,16.80,87,659
5:36:9,359457.34,3915.76,306435.63,65.60,16.80,94,540
5:37:9,329656.06,3817.65,307692.31,65.20,16.80,84,525
5:38:10,335237.88,3915.76,305185.19,65.10,16.80,111,625
5:39:10,323907.50,3893.23,305940.59,65.90,16.80,83,477
5:40:11,282135.03,3785.64,301470.59,67.20,16.80,91,464
5:41:11,294985.78,3785.64,296601.94,67.10,16.80,97,766
5:42:12,324245.97,3932.43,308955.22,65.80,16.80,85,593
5:43:12,304173.78,3785.64,297810.22,66.50,16.80,85,585
5:44:12,329656.06,3850.00,305185.19,66.50,16.80,94,646
5:45:13,317666.47,3891.85,305707.19,65.90,16.80,84,559
5:46:13,366034.22,3899.19,301470.59,66.40,16.80,88,622
5:47:14,304173.78,3850.00,303940.91,66.10,16.80,83,669
5:48:14,285999.88,3795.73,305940.59,66.40,16.80,85,566
5:49:15,317999.81,3897.83,302463.06,66.40,16.80,80,636
5:50:15,282135.03,3785.64,307692.31,66.70,16.80,82,576
5:51:16,299514.16,3817.65,294202.91,66.90,16.80,80,635
5:52:16,318999.81,3801.60,301470.59,66.40,16.80,89,749
5:53:17,329656.06,3915.76,303940.91,66.90,16.80,82,731
5:54:17,262050.55,3736.51,292753.63,66.10,16.80,84,756
5:55:18,298885.56,3805.88,299266.50,66.60,16.80,78,574
5:56:18,276026.56,3792.49,294403.91,65.80,16.80,83,765
5:57:19,274131.47,3769.76,291826.91,66.30,16.80,84,594
5:58:19,277493.25,3789.87,294431.00,66.20,16.90,85,598
5:59:20,239697.64,3722.63,297810.22,66.80,16.90,81,757
6:0:20,281837.72,3909.78,308457.72,66.80,16.90,84,683
6:1:21,324245.97,3882.70,303940.91,66.00,16.90,85,737
6:2:21,318999.81,3817.65,302702.69,65.20,16.90,83,602
6:3:22,248891.50,3670.50,292530.13,65.70,16.90,82,637
6:4:22,236689.61,3722.63,295399.53,66.70,16.90,90,566
6:5:23,252463.36,3817.65,297810.22,67.30,16.90,90,701
6:6:23,323230.59,3881.30,301228.50,67.10,16.90,83,578
6:7:23,262886.00,3769.76,295399.53,66.90,16.90,89,626
6:8:24,273552.53,3742.33,295631.06,66.40,16.90,97,587
6:9:24,340290.09,3903.80,301719.91,65.90,16.90,89,852
6:10:25,329656.06,3817.65,297810.22,65.90,16.90,82,675
6:11:25,245928.52,3722.63,288305.50,66.00,16.90,92,529
6:12:26,232999.97,3768.09,301228.50,66.50,16.90,86,788
6:13:26,236436.73,3716.84,288995.25,67.10,16.90,88,609
6:14:27,290583.22,3866.31,300244.50,67.30,16.90,97,711
6:15:27,289972.09,3805.88,288516.78,67.30,16.90,90,682
6:16:28,290583.22,3850.00,299024.38,66.40,16.90,98,906
6:17:28,297942.72,3852.97,296585.38,65.70,16.90,117,906
6:18:29,282135.03,3801.60,294202.91,66.10,16.90,91,903
6:19:29,227333.31,3720.84,291566.28,66.40,16.90,91,719
6:20:30,259324.92,3817.65,302702.69,66.10,16.80,93,568
6:21:30,233749.95,3676.24,289473.72,66.40,16.80,88,754
6:22:31,236689.61,3707.09,291826.91,66.50,16.90,88,602
6:23:31,210020.61,3722.63,296601.94,66.60,16.90,85,563
6:24:32,222630.41,3769.76,301470.59,67.50,16.90,94,540
6:25:32,202840.00,3670.50,286666.66,67.20,16.90,87,508
6:26:33,214905.25,3753.97,301470.59,66.30,16.90,92,635
6:27:33,239697.64,3738.26,294202.91,67.10,16.90,88,734
6:28:34,230876.38,3738.26,295399.53,67.10,16.90,90,484
6:29:34,225318.66,3722.63,290647.50,66.40,16.90,89,488
6:30:34,214905.25,3645.71,293012.06,66.00,16.90,81,490
6:31:35,227333.31,3689.76,284560.56,66.10,16.90,82,653
6:32:35,214905.25,3660.94,297810.22,65.50,16.90,97,657
6:33:36,219999.98,3722.63,305185.19,66.30,17.00,90,685
6:34:36,198647.05,3660.94,293012.06,67.20,17.00,90,499
6:35:37,228066.64,3722.63,288305.50,66.50,17.00,90,657
6:36:37,219999.98,3738.26,294202.91,66.20,17.00,94,652
6:37:38,252463.36,3753.97,297810.22,67.10,17.00,96,452
6:38:38,210020.61,3630.57,287142.84,66.10,17.00,95,547
6:39:39,221913.02,3689.76,289208.66,67.20,17.00,97,521
6:40:39,228066.64,3738.26,293012.06,66.70,17.00,94,668
6:41:40,188336.47,3676.24,299024.38,67.60,17.00,93,509
6:42:40,204666.66,3689.76,290384.63,67.10,17.00,88,505
6:43:41,204888.88,3664.75,285035.63,66.40,17.00,90,584
6:44:41,214905.25,3676.24,291826.91,66.90,17.00,88,621
6:45:42,239697.64,3691.62,296601.94,66.10,17.00,92,668
6:46:42,183871.56,3674.35,290384.63,66.30,17.00,157,798
6:47:43,201960.00,3693.68,291787.44,67.00,17.10,92,528
6:48:43,175421.08,3630.57,290647.50,67.60,17.10,92,639
6:49:44,205333.33,3676.24,293012.06,66.90,17.10,94,697
6:50:44,308970.44,3949.18,307692.31,67.50,17.10,90,451
6:51:44,242517.61,3763.93,299755.50,64.60,17.10,90,544
6:52:45,203060.00,3615.50,287142.84,64.90,17.10,90,598
6:53:45,202840.00,3670.50,296116.50,67.20,17.10,93,572
6:54:46,158048.03,3600.52,291826.91,66.80,17.10,85,622
6:55:46,180756.78,3691.62,300244.50,67.40,17.10,90,599
6:56:47,162295.11,3609.82,284360.22,68.00,17.10,90,615
6:57:47,205333.33,3676.24,290647.50,67.40,17.10,90,577
6:58:48,170359.00,3600.52,289473.72,67.30,17.10,90,543
6:59:48,176584.09,3628.57,288038.31,68.10,17.10,91,562
7:0:49,180756.78,3660.94,289473.72,66.70,17.10,89,614
7:1:49,180558.58,3624.87,284360.22,67.20,17.10,92,523
7:2:50,212437.48,3676.24,288305.50,67.50,17.10,88,580
7:3:50,184477.08,3645.71,287142.84,67.10,17.10,85,777
7:4:51,176584.09,3643.75,284560.56,67.00,17.10,82,569
7:5:51,180756.78,3660.94,285985.75,66.90,17.10,88,739
7:6:52,174456.16,3647.52,289423.06,67.70,17.20,86,620
7:7:52,185166.69,3687.89,286602.91,67.80,17.20,82,606
7:8:53,159500.03,3630.57,283687.97,66.90,17.20,79,686
7:9:53,156992.03,3657.07,288942.31,68.10,17.20,126,671
7:10:54,158048.03,3615.50,291826.91,68.20,17.20,83,581
7:11:54,167126.08,3660.94,283687.97,67.30,17.20,86,471
7:12:55,175421.08,3660.94,282547.19,66.60,17.20,82,530
7:13:55,157520.03,3643.75,282269.53,66.70,17.20,86,484
7:14:55,175805.33,3682.10,290821.25,67.90,17.20,80,598
7:15:56,151953.53,3598.45,284560.56,67.10,17.20,83,676
7:16:56,165550.02,3615.50,283687.97,67.30,17.30,84,603
7:17:57,170359.00,3630.57,281411.78,66.40,17.30,78,510
7:18:57,175421.08,3707.09,295399.53,66.90,17.30,80,504
7:19:58,165183.36,3619.17,277102.84,67.60,17.30,79,724
7:20:58,162475.44,3630.57,282547.19,67.00,17.30,89,641
7:21:59,151123.11,3570.77,276923.09,66.10,17.30,81,568
7:22:59,178946.44,3722.63,285985.75,67.10,17.30,78,566
7:24:0,173704.38,3691.62,284834.13,66.80,17.40,81,665
7:25:0,178357.16,3643.75,282269.53,66.30,17.30,79,578
7:26:1,171068.98,3662.83,282464.47,67.10,17.30,82,628
7:27:1,155212.64,3630.57,288305.50,66.70,17.40,79,563
7:28:2,168542.39,3655.21,280941.19,67.80,17.40,76,574
7:29:2,153828.16,3660.94,287142.84,67.30,17.40,82,654
7:30:3,166571.45,3674.35,283412.34,68.50,17.40,91,762
7:31:3,157696.03,3619.17,281603.78,67.80,17.40,81,603
7:32:4,168728.83,3707.09,282547.19,67.50,17.30,83,675
7:33:4,162475.44,3691.62,278037.41,66.70,17.30,94,571
7:34:5,148500.03,3645.71,273611.13,65.30,17.40,91,585
7:35:5,133213.84,3585.60,273611.13,66.30,17.30,85,516
7:36:6,153828.16,3676.24,278037.41,65.90,17.40,83,570
7:37:6,152465.16,3660.94,284834.13,64.80,17.40,94,632
7:38:6,142277.41,3630.57,279156.91,65.30,17.40,94,586
7:39:7,149633.63,3640.00,284360.22,66.40,17.40,84,489
7:40:7,139913.70,3556.01,276923.09,64.70,17.40,82,613
7:41:8,144711.16,3660.94,283687.97,65.30,17.40,89,601
7:42:8,130653.11,3583.50,277751.78,64.70,17.40,92,392
7:43:9,141795.66,3689.76,295145.63,65.90,17.50,80,478
7:44:9,127046.41,3570.77,281411.78,65.80,17.50,95,649
7:45:10,132151.77,3651.31,286124.44,65.30,17.50,87,592
7:46:10,122269.19,3615.50,282547.19,65.50,17.50,94,649
7:47:11,134923.13,3689.76,296350.38,66.00,17.50,101,634
7:48:11,130653.11,3674.35,285714.28,66.30,17.50,85,631
7:49:12,146391.02,3693.68,288249.41,66.20,17.50,91,501
7:50:12,168728.83,3707.09,284834.13,65.20,17.50,87,523
7:51:13,189698.13,3816.09,303703.72,63.60,17.50,87,650
7:52:13,194192.31,3795.73,292530.13,63.50,17.50,85,648
7:53:14,162475.44,3645.71,283687.97,62.30,17.50,90,455
7:54:14,168728.83,3738.26,296601.94,63.90,17.50,88,497
7:55:15,179765.78,3740.58,287081.38,64.90,17.50,92,563
7:56:15,165366.69,3701.31,290167.88,63.20,17.50,84,594
7:57:16,158048.03,3676.24,282547.19,64.10,17.50,90,531
7:58:16,151123.11,3691.62,296601.94,65.40,17.50,85,450
7:59:17,141087.00,3676.24,295399.53,65.40,17.50,89,543
8:0:17,131102.09,3600.52,285985.75,65.00,17.50,92,505
8:1:17,141087.00,3676.24,289473.72,65.70,17.50,93,420
8:2:18,141087.00,3645.71,284834.13,65.60,17.50,105,505
8:3:18,121350.27,3556.01,282547.19,64.30,17.50,96,570
8:4:19,120025.27,3659.01,290384.63,65.60,17.50,106,838
8:5:19,115231.68,3645.71,290647.50,65.40,17.50,90,450
8:6:20,118662.46,3600.52,278037.41,64.80,17.50,89,475
8:7:20,112766.44,3645.71,289473.72,64.70,17.50,103,655
8:8:21,116925.89,3691.62,295399.53,65.80,17.50,86,637
8:9:21,124810.41,3695.54,293236.72,65.60,17.50,87,580
8:10:22,109614.02,3615.50,276923.09,64.70,17.50,93,521
8:11:22,120443.00,3707.09,294202.91,65.70,17.50,94,667
8:12:23,129047.02,3753.97,294202.91,65.20,17.50,97,516
8:13:23,121350.27,3691.62,293012.06,64.60,17.50,92,599
8:14:24,118662.46,3556.01,272517.34,65.10,17.50,89,472
8:15:24,113578.28,3600.52,279156.91,64.60,17.50,92,576
8:16:25,122269.19,3707.09,289473.72,64.20,17.60,89,604
8:17:25,111964.26,3570.77,283687.97,64.00,17.60,112,776
8:18:26,95832.45,3497.72,272517.34,64.30,17.60,83,456
8:19:26,92738.46,3581.40,290120.50,65.20,17.60,91,648
8:20:27,92131.98,3565.13,279812.22,66.40,17.60,88,696
8:21:27,97999.99,3628.57,285714.28,66.60,17.70,88,640
8:22:28,101417.57,3619.17,281603.78,66.50,17.70,86,474
8:23:28,107344.80,3615.50,278037.41,66.70,17.70,90,669
8:24:28,110388.21,3615.50,288305.50,64.60,17.70,87,589
8:25:29,110388.21,3630.57,283687.97,65.30,17.70,89,579
8:26:29,102342.53,3570.77,276923.09,64.20,17.70,84,612
8:27:30,103363.11,3628.57,281132.09,65.00,17.70,89,534
8:28:30,126609.23,3720.84,283412.34,65.00,17.70,86,457
8:29:31,112766.44,3570.77,278037.41,61.90,17.80,89,644
8:30:31,110258.80,3594.84,279812.22,63.40,17.80,85,459
8:31:32,95832.45,3541.33,274710.00,64.60,17.80,88,591
8:32:32,97712.76,3556.01,274710.00,65.50,17.80,85,400
8:33:33,101659.33,3570.77,280281.72,66.40,17.80,96,581
8:34:33,100315.20,3526.72,276923.09,66.30,17.80,85,566
8:35:34,111171.57,3600.52,280281.72,66.40,17.80,88,420
8:36:34,100983.59,3541.33,276923.09,65.30,17.90,90,610
8:37:35,105152.52,3556.01,276923.09,65.80,17.90,83,454
8:38:35,137028.61,3768.90,291262.16,65.20,17.90,89,631
8:39:36,148500.03,3645.71,288305.50,63.60,17.90,80,595
8:40:36,148500.03,3585.60,275813.97,63.20,18.00,83,364
8:41:37,132150.73,3556.01,274710.00,62.70,18.00,85,433
8:42:37,138442.91,3619.17,282742.34,64.50,18.00,87,541
8:43:38,136493.00,3600.52,276923.09,63.60,18.00,81,439
8:44:38,164000.02,3660.94,281411.78,63.40,18.00,87,476
8:45:39,167126.08,3615.50,279156.91,63.30,18.10,81,499
8:46:39,173704.38,3676.24,290647.50,63.30,18.10,85,631
8:47:39,195864.09,3689.76,283412.34,62.80,18.10,81,574
8:48:40,192342.88,3660.94,279156.91,61.40,18.10,81,566
8:49:40,236689.61,3817.65,294202.91,60.90,18.20,78,633
8:50:41,274131.47,3817.65,289473.72,60.50,18.20,82,459
8:51:41,230876.38,3707.09,289473.72,58.90,18.20,76,525
8:52:42,200831.69,3676.24,289473.72,59.00,18.20,81,424
8:53:42,214905.25,3645.71,284834.13,60.80,18.20,78,523
8:54:43,265974.28,3805.88,296837.00,60.70,18.20,97,635
8:55:43,269428.47,3816.09,291566.28,60.00,18.20,81,608
8:56:44,245928.52,3691.62,288305.50,59.40,18.20,82,475
8:57:44,222630.41,3707.09,289473.72,60.70,18.20,90,653
8:58:45,225318.66,3660.94,275813.97,62.10,18.20,81,689
8:59:45,155212.64,3585.60,278037.41,59.90,18.20,90,566
9:0:46,212437.48,3691.62,283687.97,62.90,18.20,79,460
9:1:46,211749.98,3613.47,277751.78,61.50,18.30,78,557
9:2:47,222391.28,3609.82,286666.66,61.60,18.30,88,610
9:3:47,200831.69,3585.60,275813.97,61.60,18.30,82,518
9:4:48,269428.47,3752.25,283412.34,60.90,18.40,82,504
9:5:48,227333.31,3628.57,278873.25,58.70,18.40,81,511
9:6:49,255036.97,3689.76,284560.56,60.00,18.40,89,462
9:7:49,242776.42,3630.57,280281.72,58.40,18.40,89,565
9:8:50,290583.22,3850.00,299024.38,59.50,18.40,83,570
9:9:50,294985.78,3785.64,287142.84,58.50,18.40,84,762
9:10:51,259324.92,3660.94,287142.84,57.70,18.40,87,650
9:11:51,224835.14,3649.48,281603.78,59.30,18.40,88,595
9:12:51,224593.38,3659.01,290384.63,61.00,18.40,82,590
9:13:52,230134.80,3643.75,286873.53,61.60,18.50,88,501
9:14:52,239697.64,3645.71,288305.50,60.50,18.50,95,402
9:15:53,230876.38,3676.24,293012.06,60.40,18.50,86,515
9:16:53,285698.50,3887.26,305445.53,60.20,18.50,83,496
9:17:54,304173.78,3801.60,295399.53,58.00,18.40,89,494
9:18:54,249156.56,3676.24,294202.91,57.80,18.40,83,519
9:19:55,270285.63,3707.09,296601.94,59.50,18.40,90,490
9:20:55,276906.56,3730.69,297073.16,58.30,18.40,86,578
9:21:56,262886.00,3738.26,295399.53,59.30,18.40,82,684
9:22:56,245928.52,3676.24,287142.84,58.20,18.40,87,419
9:23:57,328624.81,3848.52,298777.50,60.80,18.40,92,429
9:24:57,294985.78,3833.78,290647.50,58.00,18.40,91,462
9:25:58,324245.97,3915.76,303940.91,57.90,18.40,84,387
9:26:58,294985.78,3769.76,291826.91,56.20,18.50,87,653
9:27:59,259324.92,3660.94,283687.97,57.30,18.50,92,529
9:28:59,270285.63,3722.63,290647.50,59.10,18.50,94,536
9:30:0,290583.22,3769.76,293012.06,58.00,18.50,90,496
9:31:0,303217.25,3752.25,283412.34,57.50,18.50,113,610
9:32:1,254493.75,3709.23,290602.44,58.20,18.60,88,448
9:33:1,236689.61,3630.57,284834.13,60.20,18.60,91,541
9:34:2,222630.41,3660.94,287142.84,60.00,18.60,95,572
9:35:2,222630.41,3660.94,285985.75,60.80,18.60,86,451
9:36:2,259324.92,3676.24,288305.50,60.00,18.70,93,519
9:37:3,245928.52,3660.94,294202.91,59.70,18.70,89,492
9:38:3,313910.28,3801.60,289473.72,60.60,18.70,93,586
9:39:4,274131.47,3676.24,282547.19,58.00,18.70,88,538
9:40:4,299514.16,3738.26,283687.97,58.80,18.70,93,558
9:41:5,245928.52,3645.71,283687.97,59.10,18.70,86,503
9:42:5,304173.78,3722.63,293012.06,58.80,18.80,84,694
9:43:6,364896.28,3931.15,295145.63,58.40,18.70,84,521
9:44:6,294985.78,3738.26,294202.91,54.90,18.70,86,445
9:45:7,410807.31,3949.18,306435.63,57.50,18.70,91,646
9:46:7,340999.78,3769.76,305185.19,56.60,18.70,88,588
9:47:8,359457.34,3966.03,305185.19,55.80,18.80,83,481
9:48:8,359457.34,3915.76,302702.69,55.40,18.70,154,700
9:49:9,366034.22,3817.65,293012.06,55.90,18.70,85,448
9:50:9,270285.63,3707.09,296601.94,55.40,18.80,87,448
9:51:10,385599.66,3992.82,304455.44,58.10,18.80,83,464
9:52:10,324245.97,3722.63,297810.22,55.40,18.80,84,575
9:53:11,353099.75,3769.76,297810.22,56.80,18.90,84,492
9:54:11,351999.78,3931.15,317766.50,57.00,19.00,82,390
9:55:12,394777.44,3915.76,299024.38,57.10,19.00,86,479
9:56:12,435958.72,4016.07,308728.16,55.00,19.00,84,446
9:57:13,329656.06,3753.97,288305.50,55.20,19.00,91,481
9:58:13,335237.88,3882.70,316666.66,56.10,19.10,90,395
9:59:14,359084.47,3811.76,299755.50,56.20,19.10,91,422
10:0:14,359084.47,3876.76,300980.41,55.30,19.10,84,477
10:1:14,270285.63,3615.50,288305.50,56.70,19.20,91,454
10:2:15,353099.75,3833.78,302702.69,57.80,19.30,85,509
10:3:15,303217.25,3689.76,295145.63,56.00,19.30,85,454
10:4:16,255851.78,3630.57,284834.13,56.80,19.40,85,342
10:5:16,318666.47,3732.45,297323.63,59.00,19.40,86,430
10:6:17,335237.88,3866.31,299024.38,57.80,19.50,84,461
10:7:17,340644.94,3811.76,305940.59,54.80,19.50,95,523
10:8:18,387199.66,4086.59,308955.22,54.90,19.50,82,442
10:9:18,428120.44,3915.76,307692.31,52.00,19.40,81,372
10:10:19,372841.81,3882.70,297810.22,53.30,19.40,85,494
10:11:19,329656.06,3738.26,290647.50,53.30,19.40,79,494
10:12:20,308970.44,3738.26,291826.91,54.50,19.40,85,388
10:13:20,313910.28,3722.63,296601.94,53.90,19.50,80,337
10:14:21,304173.78,3615.50,284834.13,54.70,19.50,81,461
10:15:21,324245.97,3738.26,300244.50,55.40,19.50,80,478
10:16:22,317999.81,3768.09,295145.63,56.30,19.50,78,623
10:17:22,294985.78,3691.62,282547.19,55.80,19.60,77,468
10:18:23,308970.44,3645.71,284834.13,54.80,19.50,82,562
10:19:23,353099.75,3801.60,290647.50,56.60,19.60,75,564
10:20:24,353099.75,3801.60,299024.38,55.80,19.60,78,478
10:21:24,329312.31,3685.86,287828.19,55.50,19.60,77,481
10:22:25,278079.91,3691.62,288305.50,55.20,19.60,78,471
10:23:25,313910.28,3676.24,290647.50,55.10,19.60,77,535
10:24:26,324245.97,3676.24,285985.75,54.60,19.70,78,556
10:25:26,286301.25,3600.52,282547.19,54.20,19.70,77,576
10:26:26,318999.81,3660.94,289473.72,54.10,19.70,79,546
10:27:27,313910.28,3769.76,289473.72,54.90,19.60,79,532
10:28:27,294985.78,3676.24,290647.50,53.80,19.60,78,555
10:29:28,387199.66,3932.43,297810.22,54.70,19.60,72,507
10:30:28,346950.59,3738.26,290647.50,53.20,19.60,70,477
10:31:29,335237.88,3753.97,290647.50,53.90,19.50,78,572
10:32:29,304173.78,3753.97,284834.13,54.00,19.50,80,743
10:33:30,266538.38,3645.71,282547.19,54.80,19.50,80,469
10:34:30,318333.13,3742.33,292048.22,55.00,19.50,80,528
10:35:31,328968.56,3773.94,288516.78,54.60,19.50,79,477
10:36:31,359457.34,3817.65,299024.38,54.40,19.50,79,580
10:37:32,281837.72,3655.21,283215.16,54.30,19.50,80,470
10:38:32,286301.25,3660.94,293012.06,56.20,19.40,84,508
10:39:33,334190.28,3752.25,295145.63,56.20,19.40,89,549
10:40:33,270285.63,3630.57,289473.72,55.20,19.40,85,465
10:41:34,278079.91,3645.71,288305.50,57.30,19.40,85,573
10:42:34,281540.44,3742.33,295631.06,57.10,19.40,95,640
10:43:35,274131.47,3630.57,285985.75,56.60,19.40,87,567
10:44:35,249156.56,3676.24,300244.50,56.80,19.40,85,511
10:45:36,340644.94,3763.93,297323.63,57.30,19.40,84,481
10:46:36,328968.56,3680.10,288516.78,55.50,19.40,88,426
10:47:37,329656.06,3738.26,289473.72,56.00,19.40,92,357
10:48:37,308970.44,3753.97,289473.72,54.70,19.40,85,442
10:49:38,346229.28,3805.88,290865.38,54.70,19.40,84,598
10:50:38,286301.25,3691.62,275813.97,54.70,19.40,86,543
10:51:38,378713.97,3881.30,289208.66,55.10,19.40,91,394
10:52:39,294985.78,3645.71,281411.78,53.60,19.40,82,373
10:53:39,272973.59,3622.86,282938.41,55.20,19.40,79,425
10:54:40,286301.25,3660.94,284834.13,56.00,19.40,86,489
10:55:40,262329.03,3634.29,281603.78,55.80,19.40,92,374
10:56:41,298571.28,3768.09,295145.63,55.90,19.40,85,490
10:57:41,378713.97,3881.30,300000.00,55.50,19.40,87,405
10:58:42,329656.06,3753.97,293012.06,54.70,19.40,91,333
10:59:42,308970.44,3850.00,297810.22,55.30,19.40,88,609
11:0:43,304173.78,3691.62,294202.91,54.40,19.40,87,387
11:1:43,290583.22,3722.63,294202.91,55.50,19.40,84,543
11:2:44,294985.78,3645.71,293012.06,55.80,19.40,88,427
11:3:44,308970.44,3738.26,296601.94,55.30,19.40,92,432
11:4:45,327249.81,3776.47,301728.41,54.90,19.40,88,481
11:5:45,366034.22,3817.65,296601.94,55.20,19.40,88,412
11:6:46,363379.06,3890.46,309273.19,54.90,19.50,84,456
11:7:46,366034.22,3899.19,297810.22,54.80,19.40,90,382
11:8:47,328624.81,3752.25,298777.50,54.00,19.40,86,389
11:9:47,379892.53,3817.65,296601.94,54.90,19.50,90,467
11:10:48,281837.72,3624.87,280941.19,54.20,19.50,83,453
11:11:48,294985.78,3753.97,294202.91,55.40,19.50,85,500
11:12:49,289360.97,3683.99,294660.22,55.00,19.50,84,399
11:13:49,262886.00,3722.63,303940.91,56.20,19.50,84,574
11:14:50,298571.28,3689.76,285714.28,55.90,19.50,89,435
11:15:50,299514.16,3753.97,297810.22,55.10,19.50,87,494
11:16:50,340999.78,3801.60,299024.38,55.80,19.50,86,472
11:17:51,335237.88,3817.65,303940.91,54.60,19.40,90,356
11:18:51,329656.06,3722.63,289473.72,54.30,19.40,86,476
11:19:52,358338.69,3881.30,303703.72,54.80,19.40,89,385
11:20:52,329656.06,3769.76,297810.22,55.20,19.40,88,385
11:21:53,334888.69,3811.76,303448.28,55.30,19.40,85,406
11:22:53,428120.44,3932.43,303940.91,55.30,19.50,90,418
11:23:54,324245.97,3850.00,305185.19,54.90,19.40,84,422
11:24:54,339225.56,3836.66,299019.59,55.60,19.40,90,444
11:25:55,329656.06,3707.09,293012.06,55.80,19.40,87,487
11:26:55,335237.88,3817.65,296601.94,56.00,19.40,90,485
11:27:56,259324.92,3600.52,285985.75,55.30,19.40,86,404
11:28:56,329656.06,3738.26,297810.22,56.40,19.40,86,342
11:29:57,353099.75,3899.19,293012.06,55.50,19.40,87,407
11:30:57,340644.94,3876.76,311000.00,55.40,19.30,89,437
11:31:58,410807.31,3949.18,303940.91,55.70,19.30,87,489
11:32:58,351266.44,3804.29,292978.22,55.10,19.40,85,490
11:33:59,329656.06,3769.76,288305.50,55.60,19.30,87,520
11:34:59,359084.47,3860.38,299755.50,55.70,19.30,83,529
11:36:0,278079.91,3630.57,284834.13,55.00,19.30,81,528
11:37:0,399735.47,4026.18,317048.31,56.40,19.30,85,622
11:38:1,358338.69,3931.15,302463.06,54.90,19.20,86,509
11:39:1,353099.75,3753.97,297810.22,55.20,19.20,83,675
11:40:2,318999.81,3738.26,285985.75,55.40,19.20,83,563
11:41:2,353099.75,3801.60,293012.06,55.70,19.20,79,535
11:42:3,304173.78,3722.63,289473.72,55.10,19.20,82,485
11:43:3,298885.56,3726.65,286190.47,56.20,19.10,82,421
11:44:3,317333.16,3869.38,300245.69,57.60,19.10,85,362
11:45:4,351999.78,3864.86,296350.38,56.70,19.10,82,500
11:46:4,294985.78,3722.63,288305.50,56.20,19.10,80,625
11:47:5,318999.81,3722.63,285985.75,56.50,19.10,80,550
11:48:5,340290.09,3870.81,295631.06,57.60,19.10,84,561
11:49:6,318999.81,3691.62,283687.97,57.00,19.10,78,455
11:50:6,274131.47,3645.71,281411.78,56.80,19.10,82,501
11:51:7,282135.03,3707.09,283687.97,57.30,19.10,81,596
11:52:7,289972.09,3773.94,287350.84,57.60,19.20,80,568
11:53:8,270285.63,3660.94,279156.91,57.10,19.20,79,560
11:54:8,274131.47,3691.62,276923.09,57.30,19.20,81,534
11:55:9,282135.03,3676.24,289473.72,57.10,19.20,82,655
11:56:9,262886.00,3691.62,279156.91,57.10,19.20,87,465
11:57:10,308970.44,3785.64,288305.50,57.10,19.20,80,511
11:58:10,329656.06,3833.78,287142.84,56.90,19.10,115,575
11:59:11,324245.97,3833.78,291826.91,57.00,19.10,81,566
12:0:11,329656.06,3850.00,290647.50,57.00,19.10,86,497
12:1:12,286301.25,3785.64,289473.72,57.00,19.10,79,546
12:2:12,308970.44,3722.63,280281.72,57.30,19.00,80,643
12:3:13,270285.63,3526.72,260810.78,57.00,19.00,79,658
12:4:13,277199.91,3800.00,289208.66,57.80,19.00,79,450
12:5:14,274131.47,3615.50,272517.34,57.20,19.00,86,683
12:6:14,270285.63,3707.09,282547.19,57.30,19.00,79,575
12:7:15,270285.63,3753.97,282547.19,57.10,19.00,73,465
12:8:15,294985.78,3785.64,288305.50,56.80,19.00,85,632
12:9:15,290583.22,3785.64,290647.50,57.00,19.00,84,638
12:10:16,285698.50,3711.05,285035.63,57.00,19.00,79,549
12:11:16,302579.56,3820.43,287081.38,57.00,19.00,81,579
12:12:17,324245.97,3801.60,288305.50,57.40,19.00,83,644
12:13:17,333491.88,3836.66,289423.06,57.30,19.00,88,696
12:14:18,274131.47,3722.63,280281.72,57.00,19.00,89,392
12:15:18,265974.28,3680.10,278220.16,57.00,19.00,85,581
12:16:19,270285.63,3738.26,289473.72,57.00,19.00,89,564
12:17:19,245928.52,3630.57,273611.13,57.30,19.00,92,503
12:18:20,282135.03,3707.09,284834.13,57.40,19.00,87,446
12:19:20,334888.69,3779.79,283215.16,56.70,19.00,96,690
12:20:21,266538.38,3630.57,273611.13,56.70,19.00,87,433
12:21:21,239186.02,3634.29,278220.16,56.80,19.00,81,340
12:22:22,252463.36,3630.57,273611.13,57.00,19.00,89,508
12:23:22,196504.86,3512.18,273611.13,57.20,19.00,97,649
12:24:23,217191.47,3624.87,278688.53,58.10,19.10,90,511
12:25:23,225318.66,3600.52,278037.41,57.50,19.00,88,442
12:26:24,266538.38,3753.97,291826.91,57.10,19.00,84,491
12:27:24,294056.22,3784.00,285714.28,57.00,19.10,85,462
12:28:25,270285.63,3722.63,284834.13,55.90,19.00,91,405
12:29:25,282135.03,3722.63,282547.19,56.80,19.00,88,420
12:30:26,221913.02,3598.45,272222.19,57.20,19.00,85,671
12:31:26,255580.17,3716.84,278688.53,57.70,19.10,95,635
12:32:27,242776.42,3615.50,270344.81,57.80,19.10,93,442
12:33:27,207428.56,3521.12,270967.72,57.50,19.10,90,404
12:34:27,257949.92,3693.68,282464.47,58.00,19.10,84,607
12:35:28,249156.56,3676.24,280281.72,57.70,19.10,98,564
12:36:28,262886.00,3660.94,289473.72,58.10,19.10,92,727
12:37:29,242776.42,3615.50,281411.78,58.80,19.20,87,596
12:38:29,225318.66,3645.71,282547.19,58.70,19.20,88,452
12:39:30,239697.64,3600.52,276923.09,58.80,19.20,93,544
12:40:30,232249.97,3641.77,278588.25,58.90,19.20,91,476
12:41:31,203060.00,3512.18,267123.28,59.30,19.20,85,457
12:42:31,225318.66,3541.33,271428.59,59.90,19.30,88,533
12:43:32,233749.95,3556.01,273611.13,59.40,19.30,89,418
12:44:32,221913.02,3524.49,276635.53,59.40,19.30,91,539
12:45:33,217191.47,3492.15,266666.66,60.60,19.30,86,470
12:46:33,239186.02,3589.18,273781.94,59.70,19.40,91,506
12:47:34,225076.89,3535.71,279812.22,59.60,19.40,86,517
12:48:34,235930.98,3583.50,276635.53,60.00,19.40,86,472
12:49:35,242776.42,3645.71,288305.50,59.10,19.40,89,468
12:50:35,242776.42,3585.60,273611.13,58.80,19.50,91,420
12:51:36,188336.47,3512.18,271428.59,59.10,19.50,88,483
12:52:36,242776.42,3615.50,279156.91,60.20,19.50,104,518
12:53:37,259324.92,3630.57,273611.13,59.20,19.50,84,558
12:54:37,252463.36,3660.94,275813.97,58.80,19.50,91,549
12:55:38,211749.98,3539.13,278873.25,58.30,19.50,111,566
12:56:38,232999.97,3598.45,273317.88,58.80,19.50,97,484
12:57:39,230134.80,3628.57,288038.31,58.60,19.50,82,437
12:58:39,236689.61,3585.60,282547.19,59.10,19.50,86,598
12:59:39,262050.55,3736.51,289208.66,58.20,19.50,79,536
13:0:40,214905.25,3541.33,275813.97,58.20,19.50,86,572
13:1:40,214673.67,3579.95,270967.72,58.70,19.50,86,651
13:2:41,236689.61,3645.71,282547.19,58.80,19.50,87,433
13:3:41,251926.78,3649.48,281603.78,58.50,19.50,86,480
13:4:42,217425.52,3541.33,283687.97,58.60,19.40,81,702
13:5:42,259324.92,3645.71,281411.78,59.20,19.50,100,699
13:6:43,225318.66,3585.60,280281.72,58.00,19.50,85,531
13:7:43,262329.03,3726.65,282742.34,58.60,19.50,80,461
13:8:44,230876.38,3660.94,282547.19,58.50,19.40,86,580
13:9:44,207653.05,3526.72,268192.19,58.00,19.40,85,443
13:10:45,253950.55,3620.83,275878.22,59.00,19.40,87,590
13:11:45,233249.97,3589.18,269425.25,58.50,19.30,91,546
13:12:46,225318.66,3615.50,276923.09,58.20,19.30,87,522
13:13:46,189698.13,3495.43,263636.34,59.00,19.40,84,417
13:14:47,200613.86,3550.38,276456.91,59.40,19.30,86,600
13:15:47,233749.95,3630.57,273611.13,59.00,19.30,81,612
13:16:48,205333.33,3615.50,275813.97,58.80,19.30,84,497
13:17:48,194403.84,3541.33,273611.13,59.10,19.30,80,647
13:18:49,207653.05,3600.52,275813.97,59.40,19.30,87,469
13:19:49,206979.58,3568.64,276635.53,59.10,19.30,84,398
13:20:50,222630.41,3630.57,280281.72,59.30,19.30,80,454
13:21:50,198431.36,3535.71,277570.13,59.20,19.30,84,503
13:22:51,198647.05,3541.33,270344.81,59.50,19.30,86,462
13:23:51,211520.81,3562.98,278403.78,59.70,19.30,77,381
13:24:51,210020.61,3556.01,269266.03,59.90,19.30,76,720
13:25:52,178946.44,3556.01,275813.97,59.90,19.30,83,473
13:26:52,182600.02,3512.18,269266.03,59.90,19.30,83,576
13:27:53,222391.28,3701.31,282075.50,59.10,19.30,78,565
13:28:53,211979.14,3589.18,273781.94,58.50,19.30,82,459
13:29:54,198647.05,3585.60,276923.09,58.90,19.30,79,622
13:30:54,233249.97,3664.75,278220.16,60.00,19.30,81,433
13:31:55,183871.56,3568.64,270046.06,59.20,19.30,141,772
13:32:55,167126.08,3497.72,267123.28,59.40,19.30,85,627
13:33:56,175035.11,3574.29,280470.63,59.50,19.30,78,596
13:34:56,166201.70,3557.33,271296.28,59.60,19.30,84,584
13:35:57,142277.41,3483.33,268192.19,59.60,19.30,74,559
13:36:57,142277.41,3483.33,263945.56,60.80,19.30,83,793
13:37:58,177168.16,3615.50,276923.09,61.10,19.30,84,625
13:38:58,182200.02,3574.29,278220.16,60.00,19.30,89,444
13:39:59,173704.38,3541.33,270344.81,59.40,19.30,81,519
13:40:59,164000.02,3469.02,262895.91,59.50,19.30,84,526
13:42:0,167983.06,3504.33,266361.53,60.20,19.30,79,819
13:43:0,156269.88,3457.93,266210.03,60.00,19.30,84,716
13:44:1,180756.78,3570.77,278037.41,59.80,19.30,92,540
13:45:1,177168.16,3512.18,267123.28,59.80,19.30,88,787
13:46:2,207653.05,3676.24,276923.09,59.60,19.30,86,496
13:47:2,165550.02,3469.02,266059.22,59.30,19.30,93,554
13:48:3,142277.41,3454.77,264999.97,59.90,19.30,96,579
13:49:3,137305.00,3457.93,269425.25,60.60,19.30,88,551
13:50:3,175421.08,3600.52,276923.09,60.40,19.40,84,412
13:51:4,207653.05,3600.52,271428.59,58.90,19.40,87,569
13:52:4,196504.86,3585.60,272517.34,58.90,19.30,95,475
13:53:5,216723.38,3628.57,281132.09,59.30,19.30,82,393
13:54:5,214905.25,3660.94,282547.19,59.10,19.30,82,514
13:55:6,242776.42,3707.09,288305.50,58.20,19.30,90,411
13:56:6,259324.92,3676.24,279156.91,58.40,19.30,91,459
13:57:7,259324.92,3691.62,287142.84,57.90,19.20,82,463
13:58:7,196504.86,3541.33,275813.97,58.70,19.20,92,559
13:59:8,200178.22,3583.50,282269.53,59.40,19.20,85,478
14:0:8,159500.03,3497.72,268192.19,60.40,19.10,95,574
14:1:9,207653.05,3600.52,278037.41,61.40,19.20,85,466
14:2:9,186388.91,3526.72,267123.28,60.20,19.10,91,449
14:3:10,190320.77,3556.01,279156.91,60.00,19.10,94,480
14:4:10,186388.91,3526.72,276923.09,61.20,19.20,92,484
14:5:11,205333.33,3570.77,273611.13,60.30,19.20,98,512
14:6:11,203060.00,3556.01,278037.41,59.80,19.10,87,430
14:7:12,203060.00,3526.72,272517.34,60.10,19.20,85,458
14:8:12,205333.33,3585.60,278037.41,59.70,19.20,90,470
14:9:13,233749.95,3660.94,285985.75,59.70,19.20,95,456
14:10:13,212437.48,3630.57,279156.91,59.10,19.20,86,400
14:11:14,236689.61,3645.71,281411.78,59.40,19.10,85,517
14:12:14,252463.36,3660.94,280281.72,58.30,19.10,93,451
14:13:15,214905.25,3600.52,282547.19,59.00,19.10,94,442
14:14:15,233749.95,3645.71,284834.13,59.80,19.10,88,378
14:15:16,238418.56,3647.52,282464.47,60.00,19.10,90,434
14:16:16,255851.78,3722.63,293012.06,59.60,19.10,85,346
14:17:16,249156.56,3691.62,290647.50,59.30,19.10,89,492
14:18:17,290583.22,3707.09,291826.91,58.60,19.10,86,444
14:19:17,270285.63,3722.63,283687.97,58.80,19.10,87,424
14:20:18,274131.47,3722.63,285985.75,59.30,19.00,92,451
14:21:18,259324.92,3615.50,281411.78,59.30,19.10,92,436
14:22:19,225318.66,3556.01,278037.41,59.10,19.00,91,524
14:23:19,245142.80,3689.76,282269.53,59.40,19.10,91,416
14:24:20,266538.38,3570.77,272517.34,59.50,19.10,85,619
14:25:20,219999.98,3541.33,276923.09,59.50,19.10,88,394
14:26:21,222630.41,3541.33,279156.91,60.20,19.10,81,434
14:27:21,188336.47,3512.18,278037.41,60.00,19.10,106,492
14:28:22,206530.59,3587.08,288249.41,60.40,19.10,91,325
14:29:22,184477.08,3512.18,267123.28,59.80,19.20,87,424
14:30:23,245142.80,3628.57,273317.88,60.60,19.20,88,326
14:31:23,194192.31,3477.78,257270.69,59.70,19.20,89,389
14:32:24,196504.86,3526.72,272517.34,59.70,19.20,84,381
14:33:24,212437.48,3526.72,264999.97,59.90,19.20,92,610
14:34:25,206979.58,3568.64,271131.63,59.40,19.20,83,516
14:35:25,227577.75,3486.58,242950.11,59.60,19.20,103,488
14:36:26,214442.09,3401.50,237259.09,58.80,19.20,84,452
14:37:26,245404.70,3501.02,231712.50,59.40,19.20,89,399
14:38:27,251658.48,3424.06,237768.23,58.70,19.20,85,590
14:39:27,230876.38,3343.35,230736.84,59.00,19.20,86,462
14:40:28,214905.25,3275.91,234394.92,58.20,19.20,84,491
14:41:28,236689.61,3483.33,252654.84,59.20,19.20,85,510
14:42:28,217425.52,3483.33,250660.78,58.30,19.20,84,494
14:43:29,239186.02,3501.02,258876.39,59.40,19.20,90,576
14:44:29,233749.95,3426.50,247702.41,59.10,19.20,95,673
14:45:30,225318.66,3526.72,275813.97,59.10,19.20,83,441
14:46:30,282135.03,3600.52,258744.38,59.00,19.20,84,644
14:47:31,242776.42,3570.77,262895.91,58.40,19.20,86,538
14:48:31,227822.20,3521.12,262443.41,58.80,19.20,89,502
14:49:32,233749.95,3526.72,259775.27,59.60,19.20,81,573
14:50:32,216723.38,3509.92,256375.84,59.40,19.20,86,447
14:51:33,222630.41,3556.01,267123.28,59.90,19.20,79,482
14:52:33,259324.92,3630.57,270344.81,59.60,19.20,89,463
14:53:34,214905.25,3526.72,267123.28,59.50,19.10,79,442
14:54:34,239697.64,3615.50,271428.59,60.00,19.10,85,468
14:55:35,252463.36,3676.24,287142.84,60.60,19.10,83,502
14:56:35,262886.00,3676.24,276923.09,59.80,19.10,85,348
14:57:36,205333.33,3556.01,273611.13,60.50,19.10,80,486
14:58:36,200178.22,3553.85,272222.19,60.60,19.20,84,601
14:59:37,212437.48,3600.52,274710.00,60.80,19.20,78,427
15:0:37,230134.80,3568.64,281132.09,60.10,19.20,79,474
15:1:38,266538.38,3600.52,271428.59,60.40,19.20,77,515
15:2:38,239697.64,3660.94,282547.19,59.50,19.20,80,585
15:3:39,266538.38,3707.09,289473.72,60.50,19.20,75,452
15:4:39,270285.63,3645.71,287142.84,60.00,19.20,85,473
15:5:40,236689.61,3615.50,283687.97,60.50,19.20,78,617
15:6:40,274131.47,3707.09,283687.97,60.10,19.20,77,523
15:7:40,259324.92,3691.62,279156.91,60.40,19.20,75,454
15:8:41,242258.78,3574.29,278220.16,61.00,19.20,79,430
15:9:41,278079.91,3676.24,276923.09,61.00,19.20,75,455
15:10:42,248891.50,3624.87,277570.13,61.20,19.20,84,477
15:11:42,252463.36,3585.60,269266.03,61.40,19.10,82,507
15:12:43,265692.22,3689.76,278873.25,61.50,19.10,84,495
15:13:43,285095.78,3746.42,286396.19,62.10,19.20,82,397
15:14:44,312925.19,3768.09,291566.28,61.20,19.10,87,489
15:15:44,318999.81,3769.76,285985.75,60.60,19.10,83,388
15:16:45,286301.25,3753.97,284834.13,60.50,19.00,86,449
15:17:45,290583.22,3676.24,280281.72,60.70,19.00,83,435
15:18:46,294985.78,3707.09,285985.75,61.00,19.10,90,485
15:19:46,274131.47,3615.50,284834.13,61.20,19.10,95,623
15:20:47,262886.00,3676.24,282547.19,60.90,19.10,87,558
15:21:47,298885.56,3789.87,287350.84,61.20,19.10,79,432
15:22:48,304173.78,3817.65,294202.91,61.20,19.10,86,399
15:23:48,281243.13,3736.51,281132.09,60.60,19.10,83,371
15:24:49,307999.84,3864.86,293946.75,61.30,19.00,89,467
15:25:49,274131.47,3645.71,281411.78,61.20,19.00,89,489
15:26:50,273263.06,3689.76,289208.66,62.10,19.00,84,423
15:27:50,270285.63,3645.71,278037.41,62.40,19.10,82,439
15:28:51,294985.78,3738.26,287142.84,61.80,19.00,93,451
15:29:51,276906.56,3715.04,292270.53,61.50,19.00,91,322
15:30:52,290583.22,3676.24,289473.72,61.40,19.00,85,458
15:31:52,255851.78,3600.52,284834.13,62.20,19.00,86,410
15:32:52,245928.52,3585.60,281411.78,62.40,19.00,87,495
15:33:53,278079.91,3753.97,289473.72,63.10,19.10,88,528
15:34:53,249156.56,3645.71,296601.94,62.50,19.10,87,453
15:35:54,294985.78,3769.76,283687.97,62.70,19.00,93,566
15:36:54,259324.92,3691.62,282547.19,62.20,19.00,89,401
15:37:55,286301.25,3753.97,289473.72,62.10,19.00,90,480
15:38:55,272105.16,3682.10,288461.53,62.00,19.00,90,529
15:39:56,286301.25,3769.76,291826.91,62.70,19.00,87,450
15:40:56,289666.53,3800.00,290384.63,61.90,19.00,92,355
15:41:57,274131.47,3645.71,285985.75,62.10,19.00,88,456
15:42:57,277786.56,3701.31,290167.88,62.60,19.00,94,347
15:43:58,304173.78,3785.64,288305.50,62.00,19.00,86,433
15:44:58,286301.25,3707.09,283687.97,62.70,19.00,93,392
15:45:59,286301.25,3738.26,299024.38,63.00,19.00,82,357
15:46:59,303536.09,3789.87,302955.66,62.70,19.00,93,441
15:48:0,225318.66,3615.50,279156.91,62.90,19.00,84,366
15:49:0,252463.36,3691.62,284834.13,63.20,19.10,96,474
15:50:1,262886.00,3722.63,290647.50,63.40,19.00,88,468
15:51:1,249156.56,3645.71,288305.50,62.70,19.00,92,458
15:52:2,274131.47,3676.24,289473.72,63.70,19.10,88,497
15:53:2,294056.22,3705.26,282269.53,63.60,19.10,96,487
15:54:3,274131.47,3691.62,291826.91,63.30,19.10,87,418
15:55:3,262886.00,3630.57,285985.75,62.90,19.10,90,456
15:56:4,236183.86,3574.29,275990.69,63.70,19.10,85,484
15:57:4,239697.64,3691.62,280281.72,64.10,19.10,92,423
15:58:4,252463.36,3630.57,278037.41,64.30,19.20,89,340
15:59:5,230876.38,3615.50,274710.00,64.20,19.20,92,412
16:0:5,233749.95,3630.57,287142.84,63.10,19.20,86,466
16:1:6,282135.03,3676.24,285985.75,63.70,19.30,90,443
16:2:6,270285.63,3707.09,283687.97,62.80,19.30,86,415
16:3:7,259324.92,3676.24,293012.06,63.00,19.30,85,357
16:4:7,318999.81,3817.65,299024.38,62.60,19.30,88,403
16:5:8,251926.78,3604.13,283886.28,61.80,19.30,89,329
16:6:8,259324.92,3676.24,281411.78,62.20,19.40,91,485
16:7:9,222630.41,3556.01,287142.84,63.10,19.40,87,490
16:8:9,225318.66,3600.52,282547.19,63.30,19.40,89,470
16:9:10,270285.63,3660.94,285985.75,63.00,19.40,86,423
16:10:10,277786.56,3701.31,282075.50,61.80,19.40,87,517
16:11:11,228066.64,3570.77,280281.72,62.40,19.40,88,487
16:12:11,282135.03,3769.76,290647.50,62.40,19.40,83,444
16:13:12,255851.78,3630.57,279156.91,60.60,19.40,84,500
16:14:12,318999.81,3801.60,290647.50,61.80,19.40,89,388
16:15:13,294985.78,3738.26,282547.19,60.10,19.40,87,644
16:16:13,274131.47,3630.57,275813.97,61.30,19.50,88,509
16:17:14,308970.44,3785.64,293012.06,61.30,19.40,86,457
16:18:14,285095.78,3699.47,279529.44,59.70,19.40,84,462
16:19:15,273263.06,3689.76,289208.66,60.70,19.40,88,540
16:20:15,270285.63,3707.09,287142.84,61.80,19.40,86,516
16:21:16,242776.42,3570.77,270344.81,61.20,19.50,94,567
16:22:16,222630.41,3600.52,283687.97,61.20,19.40,84,550
16:23:16,236689.61,3645.71,274710.00,61.90,19.40,84,521
16:24:17,266538.38,3630.57,280281.72,61.20,19.40,81,444
16:25:17,242776.42,3615.50,272517.34,61.40,19.40,87,382
16:26:18,216723.38,3598.45,278873.25,61.70,19.40,81,524
16:27:18,192342.88,3526.72,274710.00,61.60,19.40,81,441
16:28:19,212437.48,3570.77,275813.97,61.10,19.40,79,443
16:29:19,227333.31,3583.50,274418.63,60.40,19.40,86,472
16:30:20,214905.25,3526.72,270344.81,60.90,19.40,80,396
16:31:20,248891.50,3670.50,285510.69,60.80,19.30,85,445
16:32:21,252463.36,3691.62,275813.97,60.40,19.30,81,421
16:33:21,225318.66,3570.77,271428.59,60.40,19.30,78,471
16:34:22,308323.38,3789.87,286190.47,60.30,19.30,82,456
16:35:22,270285.63,3676.24,284834.13,58.90,19.30,79,555
16:36:23,259324.92,3585.60,272517.34,60.10,19.30,78,519
16:37:23,242776.42,3615.50,279156.91,60.50,19.30,82,498
16:38:24,257399.92,3651.31,275878.22,59.90,19.20,88,623
16:39:24,259324.92,3676.24,280281.72,60.50,19.20,85,557
16:40:25,259324.92,3676.24,283687.97,61.70,19.30,90,667
16:41:25,255851.78,3615.50,282547.19,61.20,19.20,85,718
16:42:26,266538.38,3753.97,280281.72,60.80,19.20,83,498
16:43:26,285999.88,3860.38,299755.50,61.00,19.20,81,434
16:44:27,266538.38,3676.24,281411.78,60.80,19.20,81,484
16:45:27,274131.47,3753.97,285985.75,61.60,19.10,88,493
16:46:28,278079.91,3691.62,285985.75,61.60,19.10,88,470
16:47:28,290583.22,3645.71,284834.13,62.00,19.10,86,515
16:48:28,290277.66,3716.84,280941.19,61.70,19.10,84,464
16:49:29,303536.09,3742.33,292048.22,61.20,19.00,90,489
16:50:29,294985.78,3707.09,284834.13,62.20,19.10,93,394
16:51:30,304173.78,3676.24,284834.13,61.80,19.00,83,466
16:52:30,249156.56,3645.71,278037.41,62.50,19.10,83,396
16:53:31,281540.44,3619.17,278220.16,63.10,19.00,86,584
16:54:31,239697.64,3630.57,279156.91,63.10,19.00,90,417
16:55:32,255851.78,3600.52,274710.00,62.70,19.00,84,441
16:56:32,214905.25,3570.77,273611.13,62.70,19.10,82,414
16:57:33,262886.00,3645.71,281411.78,63.50,19.10,88,635
16:58:33,239697.64,3600.52,275813.97,62.50,19.00,89,382
16:59:34,259324.92,3660.94,279156.91,62.40,19.10,94,481
17:0:34,261772.08,3683.99,280660.41,62.50,19.10,85,315
17:1:35,241999.95,3598.45,274418.63,63.10,19.10,93,440
17:2:35,299199.84,3860.38,296116.50,63.50,19.10,91,533
17:3:36,290583.22,3691.62,280281.72,61.80,19.10,91,473
17:4:36,259324.92,3615.50,279156.91,62.10,19.10,85,468
17:5:37,274131.47,3691.62,278037.41,62.70,19.10,83,522
17:6:37,236689.61,3630.57,283687.97,62.80,19.00,92,549
17:7:38,265974.28,3726.65,292048.22,62.70,19.00,87,542
17:8:38,259324.92,3585.60,275813.97,62.40,19.10,84,438
17:9:39,236689.61,3615.50,283687.97,61.60,19.10,95,537
17:10:39,266538.38,3645.71,274710.00,62.40,19.10,86,459
17:11:40,255851.78,3691.62,282547.19,62.50,19.10,82,415
17:12:40,290583.22,3676.24,288305.50,62.50,19.10,83,436
17:13:41,249156.56,3630.57,283687.97,62.80,19.10,93,473
17:14:41,254493.75,3693.68,280188.69,62.00,19.10,90,519
17:15:41,278079.91,3707.09,278037.41,61.80,19.20,95,396
17:16:42,274131.47,3753.97,293012.06,61.20,19.20,90,372
17:17:42,269999.91,3763.93,294915.28,61.90,19.20,98,366
17:18:43,285397.16,3736.51,286873.53,60.80,19.20,91,390
17:19:43,262607.50,3609.82,282075.50,61.00,19.30,92,365
17:20:44,273842.00,3732.45,287828.19,61.30,19.30,91,431
17:21:44,249156.56,3676.24,282547.19,61.40,19.30,84,552
17:22:45,282135.03,3645.71,275813.97,60.60,19.40,91,384
17:23:45,290583.22,3801.60,291826.91,60.70,19.30,84,420
17:24:46,259324.92,3630.57,278037.41,60.90,19.40,103,747
17:25:46,265692.22,3689.76,283412.34,60.70,19.30,85,479
17:26:47,299514.16,3707.09,284834.13,60.90,19.30,94,571
17:27:47,266538.38,3585.60,273611.13,60.80,19.30,88,621
17:28:48,262886.00,3645.71,282547.19,60.70,19.30,86,451
17:29:48,285999.88,3701.31,282075.50,60.80,19.30,88,497
17:30:49,285397.16,3705.26,288038.31,60.10,19.30,90,402
17:31:49,278079.91,3722.63,290647.50,60.80,19.30,104,580
17:32:50,278079.91,3691.62,284834.13,60.80,19.40,91,447
17:33:50,242258.78,3619.17,278220.16,60.20,19.30,133,507
17:34:51,239697.64,3600.52,281411.78,61.00,19.30,92,387
17:35:51,219999.98,3541.33,270344.81,61.00,19.40,91,406
17:36:52,239441.83,3594.84,283215.16,60.70,19.40,87,517
17:37:52,277199.91,3720.84,284560.56,61.00,19.40,87,406
17:38:53,245928.52,3585.60,276923.09,59.80,19.40,90,353
17:39:53,233749.95,3512.18,269266.03,60.50,19.40,83,437
17:40:53,230876.38,3600.52,281411.78,61.00,19.40,87,598
17:41:54,286301.25,3645.71,278037.41,61.30,19.40,96,599
17:42:54,249156.56,3556.01,275813.97,60.40,19.40,93,500
17:43:55,233749.95,3556.01,271428.59,60.70,19.40,94,453
17:44:55,259324.92,3615.50,275813.97,61.20,19.50,87,559
17:45:56,225318.66,3556.01,270344.81,61.00,19.50,85,445
17:46:56,216723.38,3583.50,274418.63,61.10,19.50,81,419
17:47:57,212437.48,3512.18,269266.03,61.30,19.50,88,453
17:48:57,245928.52,3722.63,290647.50,61.80,19.50,85,559
17:49:58,262886.00,3722.63,287142.84,60.40,19.50,85,453
17:50:58,322553.66,3772.27,287081.38,60.20,19.50,105,614
17:51:59,266538.38,3691.62,280281.72,59.50,19.50,86,641
17:52:59,239697.64,3585.60,272517.34,59.90,19.40,83,476
17:54:0,249156.56,3615.50,278037.41,60.20,19.50,86,587
17:55:0,262607.50,3655.21,284360.22,60.10,19.40,83,380
17:56:1,225318.66,3556.01,271428.59,59.90,19.40,101,589
17:57:1,255036.97,3720.84,285714.28,60.50,19.40,83,534
17:58:2,244880.89,3592.76,271759.25,60.40,19.40,80,567
17:59:2,216723.38,3524.49,272222.19,60.80,19.50,85,563
18:0:3,200831.69,3541.33,271428.59,61.40,19.50,81,445
18:1:3,262886.00,3691.62,285985.75,61.40,19.50,83,572
18:2:4,236183.86,3589.18,278220.16,59.60,19.50,82,452
18:3:4,259324.92,3600.52,274710.00,59.60,19.40,76,594
18:4:5,274131.47,3630.57,272517.34,59.60,19.40,85,551
18:5:5,277199.91,3689.76,283412.34,59.40,19.50,82,426
18:6:5,277786.56,3670.50,285510.69,59.00,19.50,81,507
18:7:6,282135.03,3707.09,280281.72,59.20,19.50,83,494
18:8:6,230629.17,3579.95,275348.88,58.80,19.50,76,421
18:9:7,245928.52,3615.50,278037.41,59.60,19.50,79,576
18:10:7,242776.42,3585.60,270344.81,60.10,19.50,80,390
18:11:8,217191.47,3579.95,274245.97,60.60,19.50,83,587
18:12:8,259324.92,3722.63,283687.97,60.70,19.50,81,581
18:13:9,242776.42,3556.01,273611.13,59.70,19.50,79,413
18:14:9,222630.41,3600.52,273611.13,59.80,19.50,79,652
18:15:10,230876.38,3645.71,281411.78,59.80,19.50,87,450
18:16:10,242776.42,3660.94,278037.41,60.40,19.50,80,503
18:17:11,214905.25,3600.52,279156.91,60.30,19.60,84,617
18:18:11,259324.92,3707.09,275813.97,60.00,19.60,81,521
18:19:12,236689.61,3630.57,276923.09,59.30,19.60,87,404
18:20:12,261772.08,3730.69,275058.28,59.20,19.50,94,516
18:21:13,259324.92,3660.94,285985.75,59.30,19.50,86,583
18:22:13,214905.25,3541.33,273611.13,59.50,19.50,88,419
18:23:14,249156.56,3676.24,284834.13,59.90,19.60,93,455
18:24:14,255036.97,3689.76,278873.25,59.30,19.50,92,606
18:25:15,259324.92,3707.09,278037.41,59.20,19.50,89,430
18:26:15,233749.95,3630.57,276923.09,59.40,19.50,86,459
18:27:16,227822.20,3640.00,276456.91,59.00,19.50,83,435
18:28:16,205333.33,3570.77,270344.81,59.00,19.50,85,439
18:29:17,214905.25,3585.60,269266.03,59.00,19.50,92,331
18:30:17,285095.78,3810.19,280660.41,59.10,19.50,92,508
18:31:17,233749.95,3676.24,274710.00,58.40,19.50,83,362
18:32:18,242776.42,3660.94,276923.09,59.50,19.50,91,627
18:33:18,259324.92,3691.62,276923.09,58.80,19.50,87,586
18:34:19,233749.95,3615.50,273611.13,59.40,19.50,92,474
18:35:19,210020.61,3630.57,280281.72,59.70,19.50,80,339
18:36:20,229146.03,3713.23,279245.31,59.60,19.50,88,393
18:37:20,210020.61,3630.57,279156.91,59.60,19.50,109,437
18:38:21,200613.86,3640.00,278688.53,59.80,19.50,89,442
18:39:21,186388.91,3556.01,272517.34,60.00,19.50,86,465
18:40:22,180756.78,3600.52,270344.81,59.70,19.50,89,532
18:41:22,221913.02,3720.84,283412.34,60.10,19.50,113,517
18:42:23,233249.97,3649.48,279342.75,59.90,19.50,88,470
18:43:23,236689.61,3707.09,287142.84,59.70,19.50,96,438
18:44:24,222630.41,3630.57,271428.59,59.60,19.50,85,475
18:45:24,189905.67,3559.49,273781.94,59.90,19.50,92,514
18:46:25,194403.84,3585.60,275813.97,60.00,19.50,98,520
18:47:25,153828.16,3497.72,266059.22,60.20,19.50,86,533
18:48:26,167126.08,3615.50,280281.72,60.60,19.50,93,461
18:49:26,203060.00,3707.09,288305.50,60.20,19.50,87,527
18:50:27,222630.41,3707.09,285985.75,59.60,19.50,85,529
18:51:27,189698.13,3583.50,278873.25,59.80,19.50,86,458
18:52:28,212437.48,3630.57,273611.13,60.70,19.50,92,415
18:53:28,186388.91,3585.60,276923.09,60.30,19.50,88,361
18:54:29,205333.33,3600.52,278037.41,60.40,19.50,93,383
18:55:29,202400.00,3583.50,273317.88,60.20,19.50,85,521
18:56:30,170359.00,3497.72,264999.97,60.00,19.40,94,566
18:57:30,175421.08,3526.72,274710.00,60.80,19.50,85,421
18:58:30,194192.31,3594.84,280941.19,60.10,19.40,91,518
18:59:31,207653.05,3660.94,281411.78,60.20,19.50,93,449
19:0:31,212437.48,3645.71,289473.72,59.90,19.40,91,349
19:1:32,241741.13,3794.12,293462.47,60.80,19.40,102,664
19:2:32,230876.38,3660.94,279156.91,60.60,19.40,89,441
19:3:33,212437.48,3645.71,276923.09,60.60,19.40,89,399
19:4:33,200178.22,3598.45,272222.19,60.90,19.40,85,465
19:5:34,192342.88,3722.63,290647.50,60.40,19.40,90,346
19:6:34,191714.30,3613.47,272222.19,60.60,19.40,102,545
19:7:35,233749.95,3676.24,280281.72,60.50,19.40,86,452
19:8:35,207428.56,3685.86,285510.69,60.40,19.40,92,409
19:9:36,203060.00,3585.60,275813.97,60.50,19.40,87,547
19:10:36,189283.03,3587.08,270207.84,60.60,19.30,89,496
19:11:37,194403.84,3570.77,274710.00,61.00,19.40,88,528
19:12:37,178946.44,3541.33,268192.19,61.50,19.40,88,522
19:13:38,175421.08,3512.18,269266.03,61.60,19.30,93,340
19:14:38,178946.44,3497.72,266059.22,61.60,19.30,90,408
19:15:39,188336.47,3615.50,278037.41,61.90,19.30,87,382
19:16:39,191923.83,3604.13,277102.84,61.40,19.30,92,480
19:17:40,186388.91,3526.72,270344.81,62.00,19.30,87,753
19:18:40,156619.08,3454.77,264999.97,62.00,19.30,86,538
19:19:41,198647.05,3585.60,271428.59,62.50,19.30,88,504
19:20:41,217425.52,3615.50,271428.59,61.50,19.30,84,557
19:21:42,227333.31,3674.35,282269.53,61.20,19.30,90,353
19:22:42,225318.66,3630.57,274710.00,61.20,19.30,30110,30542
19:23:42,210833.31,3636.03,272558.09,60.90,19.30,86,380
19:24:43,219999.98,3615.50,270344.81,61.50,19.20,89,416
19:25:43,259324.92,3660.94,278037.41,60.90,19.20,89,467
19:26:44,230134.80,3568.64,268965.50,60.80,19.20,83,606
19:27:44,269428.47,3689.76,281132.09,61.10,19.30,86,479
19:28:45,273263.06,3659.01,281132.09,60.60,19.20,79,432
19:29:45,304173.78,3722.63,282547.19,60.10,19.20,87,445
19:30:46,274131.47,3691.62,276923.09,60.60,19.20,83,367
19:31:46,289972.09,3726.65,282742.34,60.80,19.20,84,368
19:32:47,286301.25,3645.71,276923.09,61.00,19.20,81,467
19:33:47,290583.22,3660.94,271428.59,61.20,19.20,82,512
19:34:48,252195.06,3670.50,283215.16,61.20,19.20,87,406
19:35:48,260936.63,3651.31,274766.31,61.00,19.20,83,412
19:36:49,273263.06,3674.35,275524.50,60.90,19.20,85,516
19:37:49,259324.92,3615.50,274710.00,60.60,19.10,83,482
19:38:50,236689.61,3660.94,272517.34,61.40,19.20,83,494
19:39:50,233249.97,3619.17,273781.94,61.00,19.20,77,446
19:40:51,290583.22,3753.97,285985.75,61.00,19.10,93,752
19:41:51,266538.38,3738.26,282547.19,60.80,19.10,77,519
19:42:52,259324.92,3585.60,270344.81,61.30,19.10,90,558
19:43:52,270285.63,3707.09,282547.19,61.10,19.10,82,403
19:44:53,262607.50,3670.50,275348.88,61.20,19.10,90,566
19:45:53,304173.78,3785.64,281411.78,61.70,19.10,76,623
19:46:54,290583.22,3707.09,281411.78,61.50,19.10,78,631
19:47:54,286301.25,3722.63,282547.19,60.80,19.10,87,501
19:48:54,266538.38,3645.71,273611.13,60.90,19.10,81,422
19:49:55,262886.00,3722.63,285985.75,60.80,19.10,81,463
19:50:55,245928.52,3660.94,273611.13,61.40,19.10,82,373
19:51:56,242776.42,3645.71,276923.09,61.80,19.10,87,424
19:52:56,222630.41,3570.77,266059.22,61.60,19.10,90,535
19:53:57,266538.38,3785.64,283687.97,61.60,19.10,85,471
19:54:57,219053.75,3653.26,275058.28,61.00,19.00,90,450
19:55:58,219763.42,3640.00,276456.91,61.40,19.00,95,484
19:56:58,245928.52,3630.57,268192.19,61.10,19.00,88,555
19:57:59,233249.97,3619.17,270506.91,61.40,19.00,83,420
19:58:59,239697.64,3556.01,272517.34,61.50,19.00,83,456
20:0:0,225076.89,3594.84,270967.72,61.60,19.10,91,498
20:1:0,248891.50,3716.84,277570.13,62.30,19.10,90,467
20:2:1,251658.48,3659.01,276635.53,61.70,19.10,88,535
20:3:1,225318.66,3585.60,274710.00,61.60,19.00,94,616
20:4:2,239697.64,3676.24,278037.41,61.60,19.00,88,415
20:5:2,233749.95,3600.52,279156.91,61.30,19.00,89,414
20:6:3,245928.52,3645.71,273611.13,61.50,19.10,89,580
20:7:3,236689.61,3676.24,284834.13,61.80,19.10,84,456
20:8:4,252195.06,3655.21,273148.16,61.50,19.10,85,543
20:9:4,230876.38,3615.50,278037.41,60.60,19.10,93,431
20:10:5,235172.38,3657.07,285441.53,60.80,19.10,92,516
20:11:5,230876.38,3615.50,273611.13,61.40,19.10,87,491
20:12:6,214442.09,3619.17,274883.75,61.60,19.10,85,564
20:13:6,214905.25,3585.60,275813.97,62.20,19.10,65,334
20:14:7,217425.52,3570.77,268192.19,61.50,19.10,92,496
20:15:7,219999.98,3600.52,276923.09,62.00,19.10,82,499
20:16:7,222630.41,3615.50,279156.91,62.10,19.10,82,590
20:17:8,204222.20,3617.14,273488.34,62.20,19.20,86,434
20:18:8,186388.91,3541.33,272517.34,62.10,19.10,107,457
20:19:9,241999.95,3720.84,285714.28,61.90,19.10,87,370
20:20:9,233749.95,3630.57,282547.19,61.70,19.10,89,502
20:21:10,222630.41,3615.50,270344.81,61.30,19.10,88,319
20:22:10,214905.25,3600.52,272517.34,61.20,19.20,106,484
20:23:11,196504.86,3570.77,278037.41,61.20,19.20,91,483
20:24:11,222630.41,3645.71,285985.75,61.10,19.20,89,446
20:25:12,219999.98,3630.57,274710.00,61.00,19.20,88,424
20:26:12,198647.05,3541.33,268192.19,60.90,19.20,90,580
20:27:13,194403.84,3600.52,276923.09,61.00,19.20,83,374
20:28:13,196077.67,3589.18,282742.34,61.50,19.20,92,481
20:29:14,190320.77,3615.50,275813.97,61.80,19.20,87,571
20:30:14,214905.25,3691.62,281411.78,61.50,19.20,89,428
20:31:15,233749.95,3585.60,278037.41,61.00,19.20,87,479
20:32:15,219999.98,3645.71,282547.19,60.80,19.20,91,529
20:33:16,222630.41,3585.60,274710.00,61.10,19.20,86,406
20:34:16,207653.05,3570.77,274710.00,61.10,19.20,91,421
20:35:17,228066.64,3615.50,278037.41,60.40,19.30,86,457
20:36:17,239697.64,3645.71,282547.19,60.90,19.30,89,353
20:37:18,248361.39,3674.35,284560.56,60.60,19.30,85,454
20:38:18,248361.39,3689.76,277751.78,60.60,19.30,91,424
20:39:19,206530.59,3572.16,272389.78,60.60,19.30,83,619
20:40:19,207653.05,3556.01,268192.19,61.20,19.30,87,471
20:41:19,219526.86,3634.29,277102.84,60.50,19.30,86,469
20:42:20,213747.36,3617.14,274592.09,60.80,19.30,91,485
20:43:20,230381.98,3619.17,274883.75,61.00,19.30,88,540
20:44:21,230876.38,3630.57,273611.13,60.40,19.30,86,577
20:45:21,241999.95,3628.57,272222.19,60.60,19.30,82,520
20:46:22,214905.25,3615.50,274710.00,60.30,19.30,88,449
20:47:22,205333.33,3585.60,273611.13,60.40,19.30,83,552
20:48:23,203060.00,3570.77,273611.13,60.40,19.30,88,620
20:49:23,169794.91,3509.92,266819.19,60.70,19.30,88,513
20:50:24,173704.38,3483.33,260810.78,61.20,19.30,87,504
20:51:24,180756.78,3526.72,268192.19,60.80,19.30,81,505
20:52:25,186388.91,3585.60,266059.22,60.60,19.30,90,598
20:53:25,182600.02,3526.72,262895.91,60.50,19.30,104,719
20:54:26,218344.06,3605.71,267126.41,60.40,19.30,86,507
20:55:26,210020.61,3526.72,260810.78,60.40,19.30,84,472
20:56:27,203060.00,3570.77,271428.59,60.20,19.30,79,422
20:57:27,220956.50,3620.83,270370.34,59.90,19.30,82,437
20:58:28,186185.20,3565.13,269885.03,60.30,19.30,86,466
20:59:28,200831.69,3541.33,264999.97,60.00,19.30,84,506
21:0:29,190320.77,3412.47,251655.63,60.10,19.30,79,527
21:1:29,172017.27,3440.60,262895.91,59.60,19.30,96,745
21:2:30,183871.56,3495.43,261538.44,60.60,19.30,95,768
21:3:30,173321.77,3457.93,259909.89,60.30,19.30,85,395
21:4:31,180756.78,3483.33,266059.22,60.00,19.40,79,443
21:5:31,160975.64,3454.77,262895.91,60.30,19.30,75,606
21:6:31,175035.11,3501.02,267276.88,60.40,19.40,81,665
21:7:32,167126.08,3469.02,263945.56,60.60,19.40,81,473
21:8:32,168728.83,3469.02,259775.27,60.40,19.40,75,556
21:9:33,158967.78,3438.19,259459.44,60.70,19.40,78,540
21:10:33,158967.78,3452.39,260496.61,60.40,19.40,98,713
21:11:34,155039.41,3492.15,260360.34,60.00,19.40,77,450
21:12:34,149801.56,3454.77,266059.22,60.40,19.40,94,656
21:13:35,148500.03,3469.02,260810.78,60.40,19.40,83,615
21:14:35,125098.09,3412.47,258744.38,60.60,19.40,79,481
21:15:36,135384.66,3454.77,262895.91,61.80,19.40,78,530
21:16:36,148793.92,3478.68,262272.69,60.60,19.40,75,658
21:17:37,155212.64,3483.33,266059.22,59.80,19.40,81,582
21:18:37,166571.45,3539.13,272222.19,60.20,19.40,79,487
21:19:38,156619.08,3483.33,260810.78,60.00,19.40,90,586
21:20:38,153828.16,3497.72,267123.28,60.40,19.40,85,454
21:21:39,164000.02,3585.60,272517.34,60.50,19.40,85,569
21:22:39,162475.44,3512.18,266059.22,59.80,19.40,106,735
21:23:40,151123.11,3454.77,260810.78,59.50,19.40,111,788
21:24:40,122269.19,3398.51,257718.13,60.10,19.40,81,620
21:25:41,136493.00,3483.33,264999.97,60.70,19.40,79,509
21:26:41,129047.02,3469.02,261851.02,59.60,19.40,92,579
21:27:42,123199.95,3483.33,260810.78,59.90,19.40,86,588
21:28:42,121423.04,3478.68,262272.69,59.80,19.40,84,536
21:29:43,116925.89,3412.47,261851.02,59.50,19.40,82,385
21:30:43,114399.97,3483.33,264999.97,60.10,19.50,81,470
21:31:43,121350.27,3454.77,257718.13,59.90,19.50,91,435
21:32:44,116925.89,3426.50,256696.41,59.90,19.50,91,442
21:33:44,119468.31,3516.62,268202.75,59.90,19.40,91,440
21:34:45,118662.46,3440.60,257718.13,60.40,19.50,102,610
21:35:45,138757.19,3512.18,266059.22,59.90,19.50,80,669
21:36:46,135076.97,3486.58,267276.88,60.50,19.50,85,445
21:37:46,125098.09,3497.72,268192.19,61.00,19.50,89,614
21:38:47,114399.97,3412.47,257718.13,62.00,19.40,98,629
21:39:47,117788.78,3483.33,270344.81,61.80,19.40,88,509
21:40:48,110258.80,3406.98,264545.44,61.70,19.40,82,434
21:41:48,109614.02,3440.60,256696.41,62.90,19.40,86,534
21:42:49,102544.43,3404.50,257977.52,63.20,19.40,85,438
21:43:49,97712.76,3357.04,252654.84,63.30,19.40,94,411
21:44:50,98645.15,3396.01,258426.95,63.20,19.40,89,622
21:45:50,96452.63,3357.04,255679.27,63.10,19.40,86,440
21:46:51,99059.45,3441.31,263781.31,62.50,19.30,86,417
21:47:51,92131.98,3365.35,254222.20,63.30,19.30,91,460
21:48:52,91666.66,3412.47,259775.27,63.90,19.40,85,544
21:49:52,91095.48,3398.51,257718.13,64.60,19.30,88,496
21:50:53,86201.92,3370.79,250660.78,64.70,19.30,86,378
21:51:53,85171.44,3343.35,253658.52,64.60,19.30,90,468
21:52:54,82194.45,3357.04,253658.52,64.90,19.30,88,497
21:53:54,79378.39,3329.73,251655.63,65.20,19.30,87,542
21:54:55,78923.78,3329.73,249670.31,65.30,19.30,88,374
21:55:55,78026.68,3329.73,255679.27,65.90,19.30,89,520
21:56:55,81714.29,3357.04,257718.13,65.50,19.30,83,553
21:57:56,82679.07,3329.73,256696.41,65.70,19.30,91,464
21:58:56,82194.45,3357.04,255679.27,66.20,19.30,87,569
21:59:57,80300.01,3343.35,255679.27,66.30,19.30,89,500
22:0:57,83168.23,3343.35,253658.52,65.20,19.30,87,538
22:1:58,79081.09,3354.46,252328.14,66.00,19.30,88,633
22:2:58,83168.23,3357.04,261851.02,66.70,19.30,87,485
22:3:59,80300.01,3357.04,259775.27,67.10,19.20,82,569
22:4:59,85171.44,3384.62,262895.91,67.50,19.20,87,426
22:6:0,95218.74,3398.51,266059.22,67.00,19.20,87,392
22:7:0,101659.33,3440.60,262895.91,67.20,19.20,92,390
22:8:1,121070.02,3486.58,268348.59,67.50,19.20,85,381
22:9:1,151123.11,3512.18,274710.00,66.80,19.10,88,457
22:10:2,152465.16,3454.77,271428.59,66.40,19.10,87,449
22:11:2,142277.41,3426.50,271428.59,66.50,19.10,85,489
22:12:3,141087.00,3469.02,269266.03,67.60,19.10,85,501
22:13:3,139913.70,3483.33,275813.97,67.80,19.10,85,453
22:14:4,164000.02,3483.33,270344.81,68.00,19.10,101,419
22:15:4,178946.44,3469.02,268192.19,67.40,19.10,89,560
22:16:5,167126.08,3469.02,266059.22,66.30,19.10,88,465
22:17:5,195864.09,3583.50,274418.63,66.40,19.00,88,560
22:18:6,176584.09,3466.67,270046.06,66.90,19.00,80,551
22:19:6,173704.38,3454.77,269266.03,67.30,19.00,82,574
22:20:7,160975.64,3497.72,272517.34,67.20,19.00,86,540
22:21:7,159500.03,3426.50,262895.91,67.30,19.00,88,513
22:22:8,151123.11,3426.50,267123.28,68.00,19.00,83,651
22:23:8,168728.83,3469.02,272517.34,67.70,19.00,82,407
22:24:8,165183.36,3501.02,275990.69,68.10,19.00,79,574
22:25:9,165550.02,3469.02,268192.19,68.10,18.90,83,393
22:26:9,175228.09,3492.15,269885.03,68.60,18.90,122,541
22:27:10,185166.69,3536.92,276346.63,68.60,18.90,81,576
22:28:10,189075.48,3551.67,278588.25,68.50,18.90,78,470
22:29:11,167126.08,3497.72,269266.03,68.50,18.90,81,484
22:30:11,194403.84,3526.72,276923.09,68.60,18.80,83,510
22:31:12,192342.88,3541.33,269266.03,68.70,18.80,81,527
22:32:12,205333.33,3556.01,270344.81,68.90,18.80,86,583
22:33:13,200831.69,3541.33,276923.09,69.40,18.80,79,500
22:34:13,204888.88,3530.10,273781.94,68.50,18.80,93,582
22:35:14,212437.48,3570.77,278037.41,69.90,18.80,79,490
22:36:14,184477.08,3454.77,267123.28,70.00,18.70,80,552
22:37:15,222630.41,3600.52,278037.41,70.00,18.80,81,421
22:38:15,228066.64,3585.60,281411.78,70.60,18.70,83,634
22:39:16,227822.20,3565.13,270967.72,70.50,18.70,76,514
22:40:16,230134.80,3583.50,277751.78,70.50,18.70,79,439
22:41:17,219999.98,3556.01,279156.91,70.60,18.70,86,608
22:42:17,217425.52,3512.18,272517.34,70.20,18.70,82,601
22:43:18,262886.00,3660.94,280281.72,70.40,18.70,83,468
22:44:18,239697.64,3570.77,276923.09,70.30,18.70,77,555
22:45:19,214905.25,3512.18,271428.59,70.00,18.60,80,436
22:46:19,269714.19,3680.10,281603.78,70.60,18.60,80,591
22:47:19,242776.42,3615.50,279156.91,69.80,18.60,82,493
22:48:20,239697.64,3541.33,271428.59,70.40,18.60,91,589
22:49:20,222152.16,3530.10,280470.63,70.40,18.60,98,696
22:50:21,196291.27,3506.60,274245.97,70.90,18.60,91,474
22:51:21,205111.09,3492.15,277570.13,71.10,18.60,98,719
22:52:22,235678.11,3607.77,282938.41,71.20,18.60,88,556
22:53:22,224593.38,3568.64,276635.53,71.40,18.60,86,552
22:54:23,252463.36,3600.52,285985.75,71.10,18.50,83,456
22:55:23,242776.42,3541.33,279156.91,70.80,18.50,82,532
22:56:24,242258.78,3544.76,271593.50,69.80,18.50,84,518
22:57:24,236689.61,3512.18,272517.34,70.00,18.50,82,548
22:58:25,245928.52,3585.60,278037.41,70.20,18.50,85,569
22:59:25,299514.16,3676.24,279156.91,70.80,18.50,89,471
23:0:26,245928.52,3556.01,273611.13,70.20,18.50,92,601
23:1:26,225318.66,3512.18,274710.00,70.00,18.50,85,628
23:2:27,242776.42,3556.01,279156.91,70.80,18.50,91,435
23:3:27,260936.63,3636.03,279245.31,71.10,18.50,90,490
23:4:28,225076.89,3506.60,272055.44,71.60,18.50,85,519
23:5:28,259324.92,3630.57,280281.72,71.00,18.40,83,553
23:6:29,230876.38,3570.77,287142.84,71.20,18.40,98,652
23:7:29,255851.78,3630.57,279156.91,71.40,18.40,93,490
23:8:30,214905.25,3526.72,274710.00,71.70,18.40,90,613
23:9:30,196504.86,3512.18,269266.03,71.90,18.40,90,504
23:10:31,210020.61,3541.33,274710.00,71.90,18.40,98,521
23:11:31,230876.38,3556.01,280281.72,71.90,18.40,87,424
23:12:31,214905.25,3526.72,273611.13,71.30,18.40,90,539
23:13:32,225318.66,3556.01,278037.41,70.90,18.40,88,414
23:14:32,236436.73,3579.95,280941.19,71.40,18.40,88,505
23:15:33,225076.89,3550.38,285510.69,70.70,18.40,89,480
23:16:33,269714.19,3664.75,300490.19,71.40,18.40,95,564
23:17:34,228066.64,3556.01,284834.13,71.80,18.40,91,499
23:18:34,224593.38,3598.45,285714.28,71.20,18.40,103,637
23:19:35,241999.95,3613.47,291566.28,70.80,18.40,85,449
23:20:35,251658.48,3598.45,283412.34,70.80,18.40,86,534
23:21:36,245928.52,3585.60,278037.41,70.60,18.40,94,453
23:22:36,280648.53,3662.83,282464.47,70.60,18.40,88,559
23:23:37,238930.19,3568.64,285714.28,71.10,18.40,87,444
23:24:37,289666.53,3705.26,289208.66,71.20,18.40,86,373
23:25:38,262886.00,3630.57,285985.75,71.20,18.30,87,505
23:26:38,270285.63,3585.60,275813.97,71.50,18.40,94,532
23:27:39,273552.53,3589.18,282742.34,71.70,18.30,88,423
23:28:39,282135.03,3630.57,284834.13,72.00,18.30,88,370
23:29:40,294675.94,3670.50,283215.16,71.60,18.30,89,508
23:30:40,262886.00,3615.50,283687.97,71.80,18.30,85,555
23:31:41,329656.06,3801.60,291826.91,71.60,18.30,91,471
23:32:41,290583.22,3645.71,282547.19,70.10,18.20,90,448
23:33:42,245928.52,3585.60,279156.91,70.80,18.20,91,346
23:34:42,333142.66,3750.53,292493.97,71.10,18.20,91,442
23:35:43,308970.44,3676.24,294202.91,71.10,18.10,87,578
23:36:43,286301.25,3707.09,296601.94,71.20,18.20,95,481
23:37:43,266256.31,3609.82,280941.19,71.40,18.10,90,423
23:38:44,281540.44,3695.54,290865.38,71.10,18.10,92,549
23:39:44,308970.44,3676.24,291826.91,71.80,18.10,88,521
23:40:45,318999.81,3738.26,288305.50,71.70,18.10,85,445
23:41:45,304173.78,3585.60,280281.72,71.90,18.10,91,552
23:42:46,308970.44,3660.94,284834.13,70.90,18.10,86,562
23:43:46,273842.00,3640.00,279812.22,70.80,18.00,89,425
23:44:47,286301.25,3691.62,290647.50,71.90,18.10,87,540
23:45:47,299514.16,3691.62,288305.50,71.00,18.00,88,533
23:46:48,308970.44,3676.24,282547.19,71.70,18.00,90,437
23:47:48,290583.22,3676.24,288305.50,71.30,18.00,92,521
23:48:49,269428.47,3689.76,296350.38,70.80,18.00,89,451
23:49:49,214905.25,3585.60,283687.97,71.70,18.00,86,396
23:50:50,251926.78,3664.75,279342.75,71.30,18.00,91,396
23:51:50,222630.41,3556.01,282547.19,72.20,18.00,89,538
23:52:51,239697.64,3645.71,280281.72,71.90,18.00,83,558
23:53:51,281837.72,3670.50,284360.22,71.30,18.00,81,535
23:54:52,259324.92,3615.50,282547.19,71.60,18.00,92,659
23:55:52,278079.91,3707.09,283687.97,71.90,18.00,85,395
23:56:53,270285.63,3615.50,278037.41,71.50,18.00,83,555
23:57:53,270285.63,3660.94,281411.78,71.50,18.00,79,501
23:58:54,262329.03,3634.29,283886.28,71.20,18.00,80,436
23:59:54,262886.00,3615.50,282547.19,72.10,18.00,81,535
