Hora,O3,NO2,CO,Humedad,Temperatura,P25,P10
0:0:54,297942.72,3740.58,297799.50,71.70,18.00,82,421
0:1:55,225318.66,3600.52,280281.72,72.10,18.00,80,417
0:2:55,242776.42,3585.60,281411.78,72.30,18.00,84,535
0:3:56,245928.52,3556.01,275813.97,72.10,18.00,79,553
0:4:56,259324.92,3570.77,275813.97,72.00,18.00,79,652
0:5:57,274131.47,3615.50,276923.09,72.10,18.00,82,527
0:6:57,280648.53,3662.83,285918.88,72.00,18.00,84,527
0:7:58,299514.16,3676.24,285985.75,70.70,18.00,81,582
0:8:58,329656.06,3882.70,295399.53,71.10,18.00,83,709
0:9:59,290583.22,3630.57,278037.41,70.60,17.90,82,579
0:10:59,266538.38,3645.71,281411.78,70.70,17.90,82,594
0:12:0,249156.56,3615.50,278037.41,71.70,17.90,89,747
0:13:0,236689.61,3570.77,279156.91,72.10,17.90,77,564
0:14:1,258774.92,3619.17,275990.69,72.10,17.90,82,586
0:15:1,259324.92,3600.52,276923.09,71.90,17.90,89,506
0:16:2,262050.55,3659.01,284560.56,71.80,17.90,87,548
0:17:2,281837.72,3670.50,284360.22,71.60,17.90,87,566
0:18:3,318999.81,3753.97,283687.97,71.50,17.90,91,536
0:19:3,262050.55,3674.35,281132.09,70.60,17.80,82,477
0:20:4,290583.22,3691.62,283687.97,71.30,17.80,95,451
0:21:4,308323.38,3805.88,286190.47,71.50,17.80,96,459
0:22:5,285698.50,3711.05,283886.28,71.50,17.80,85,385
0:23:5,286301.25,3630.57,278037.41,71.00,17.80,95,480
0:24:5,259324.92,3660.94,283687.97,71.10,17.80,72,396
0:25:6,233749.95,3645.71,282547.19,71.60,17.80,85,528
0:26:6,259324.92,3585.60,273611.13,71.70,17.80,98,449
0:27:7,294675.94,3763.93,287828.19,71.80,17.80,87,409
0:28:7,308970.44,3753.97,293012.06,71.90,17.70,90,573
0:29:8,353099.75,3899.19,294202.91,71.50,17.70,94,517
0:30:8,329656.06,3769.76,285985.75,71.80,17.70,91,587
0:31:9,313910.28,3738.26,289473.72,71.00,17.70,89,404
0:32:9,410807.31,4051.67,303940.91,70.50,17.70,152,554
0:33:10,387199.66,3982.97,305185.19,68.30,17.70,90,475
0:34:10,378713.97,3981.82,304950.47,68.70,17.60,94,409
0:35:11,353099.75,3866.31,291826.91,70.10,17.60,84,600
0:36:11,328968.56,3805.88,294431.00,70.70,17.60,84,520
0:37:12,335237.88,3785.64,291826.91,71.10,17.60,90,457
0:38:12,352733.09,3844.09,298536.56,70.70,17.60,95,478
0:39:13,329656.06,3738.26,284834.13,71.20,17.50,92,566
0:40:13,329312.31,3779.79,293719.81,71.20,17.50,97,467
0:41:14,308970.44,3769.76,291826.91,71.40,17.50,94,388
0:42:14,282135.03,3676.24,282547.19,71.70,17.50,91,517
0:43:15,290277.66,3716.84,285510.69,72.50,17.50,95,448
0:44:15,290583.22,3645.71,281411.78,72.60,17.50,88,345
0:45:16,278079.91,3707.09,289473.72,72.20,17.50,92,542
0:46:16,317999.81,3784.00,284560.56,72.30,17.50,89,448
0:47:16,357220.06,3798.39,290120.50,71.90,17.50,91,399
0:48:17,304173.78,3753.97,297810.22,71.40,17.50,88,649
0:49:17,359084.47,3893.23,303448.28,71.60,17.50,111,562
0:50:18,313910.28,3707.09,284834.13,71.20,17.50,91,512
0:51:18,299199.84,3795.73,291346.16,71.80,17.50,105,537
0:52:19,286301.25,3738.26,289473.72,72.20,17.50,106,596
0:53:19,345868.63,3864.86,301228.50,72.20,17.50,96,500
0:54:20,329656.06,3785.64,281411.78,72.50,17.50,91,470
0:55:20,278079.91,3769.76,284834.13,71.30,17.50,92,519
0:56:21,308646.91,3763.93,286666.66,71.40,17.50,116,783
0:57:21,329656.06,3817.65,305185.19,71.80,17.50,89,774
0:58:22,313910.28,3738.26,295399.53,72.30,17.50,95,767
0:59:22,286301.25,3707.09,282547.19,72.40,17.50,89,667
1:0:23,312925.19,3705.26,285714.28,71.50,17.50,96,613
1:1:23,270285.63,3676.24,280281.72,71.10,17.60,91,422
1:2:24,276613.25,3709.23,291787.44,71.10,17.50,92,535
1:3:24,245142.80,3643.75,281132.09,72.60,17.50,91,448
1:4:25,239697.64,3691.62,289473.72,72.60,17.50,90,473
1:5:25,248361.39,3674.35,284560.56,72.60,17.60,107,486
1:6:26,274131.47,3676.24,288305.50,71.70,17.60,91,475
1:7:26,242776.42,3630.57,282547.19,71.80,17.60,86,538
1:8:27,255851.78,3769.76,295399.53,72.30,17.60,90,540
1:9:27,259324.92,3645.71,288305.50,72.70,17.60,93,486
1:10:27,252463.36,3660.94,281411.78,72.10,17.60,86,563
1:11:28,219763.42,3594.84,279812.22,72.70,17.60,91,477
1:12:28,198647.05,3497.72,268192.19,72.50,17.60,84,642
1:13:29,202400.00,3598.45,276635.53,73.00,17.60,91,473
1:14:29,170170.97,3521.12,268807.31,72.90,17.60,90,365
1:15:30,210020.61,3600.52,274710.00,72.90,17.60,89,400
1:16:30,211291.66,3617.14,277934.31,73.00,17.60,84,499
1:17:31,230876.38,3585.60,276923.09,72.00,17.60,85,550
1:18:31,214905.25,3585.60,275813.97,71.30,17.60,90,454
1:19:32,219999.98,3570.77,273611.13,71.90,17.60,85,451
1:20:32,216723.38,3583.50,276635.53,71.90,17.60,88,567
1:21:33,207204.06,3589.18,279342.75,71.70,17.60,83,514
1:22:33,219999.98,3585.60,276923.09,71.90,17.60,87,477
1:23:34,232999.97,3598.45,280000.03,72.30,17.60,79,570
1:24:34,214905.25,3512.18,272517.34,72.40,17.60,85,567
1:25:35,214905.25,3556.01,276923.09,72.20,17.60,87,577
1:26:35,228066.64,3585.60,276923.09,71.60,17.60,83,599
1:27:36,262607.50,3594.84,277570.13,71.50,17.60,80,534
1:28:36,239697.64,3570.77,275813.97,71.70,17.60,87,563
1:29:37,318999.81,3676.24,281411.78,71.10,17.70,83,467
1:30:37,318333.13,3695.54,283886.28,71.10,17.60,86,471
1:31:38,274131.47,3660.94,279156.91,71.30,17.60,82,575
1:32:38,236689.61,3570.77,280281.72,72.40,17.60,82,604
1:33:39,290277.66,3670.50,284360.22,72.00,17.60,81,451
1:34:39,290277.66,3685.86,283215.16,71.30,17.60,84,615
1:35:39,323230.59,3720.84,284560.56,70.80,17.60,81,561
1:36:40,289666.53,3643.75,283412.34,71.00,17.60,85,537
1:37:40,273263.06,3613.47,281132.09,72.60,17.60,80,499
1:38:41,282135.03,3585.60,280281.72,71.60,17.60,85,705
1:39:41,299514.16,3691.62,275813.97,71.40,17.70,78,526
1:40:42,286301.25,3707.09,283687.97,71.10,17.60,80,581
1:41:42,290583.22,3600.52,267123.28,71.50,17.60,82,600
1:42:43,266538.38,3570.77,274710.00,71.50,17.60,86,656
1:43:43,236689.61,3570.77,275813.97,72.50,17.60,84,545
1:44:44,284493.03,3657.07,278588.25,72.50,17.60,83,601
1:45:44,230876.38,3556.01,269266.03,72.10,17.60,77,461
1:46:45,245928.52,3585.60,278037.41,71.80,17.60,82,571
1:47:45,262886.00,3585.60,271428.59,71.70,17.60,91,620
1:48:46,299514.16,3769.76,281411.78,71.10,17.60,83,525
1:49:46,294985.78,3676.24,279156.91,71.50,17.60,87,473
1:50:47,258499.92,3659.01,283412.34,71.70,17.60,85,529
1:51:47,233749.95,3556.01,272517.34,72.30,17.60,102,629
1:52:48,259324.92,3600.52,276923.09,71.70,17.60,86,591
1:53:48,242776.42,3570.77,276923.09,71.40,17.60,82,528
1:54:49,259049.92,3594.84,282075.50,71.30,17.60,83,519
1:55:49,228066.64,3570.77,273611.13,71.10,17.60,82,649
1:56:50,207653.05,3526.72,274710.00,71.20,17.60,91,573
1:57:50,242776.42,3630.57,280281.72,71.10,17.60,87,472
1:58:50,225318.66,3630.57,281411.78,71.10,17.60,88,624
1:59:51,236689.61,3615.50,275813.97,71.50,17.60,89,470
2:0:51,262886.00,3645.71,279156.91,71.90,17.60,96,458
2:1:52,251121.89,3617.14,273488.34,72.00,17.60,83,618
2:2:52,239186.02,3544.76,277102.84,72.60,17.50,86,550
2:3:53,207653.05,3483.33,266059.22,72.60,17.60,85,440
2:4:53,230876.38,3556.01,278037.41,72.30,17.60,93,565
2:5:54,196504.86,3497.72,276923.09,71.80,17.50,94,568
2:6:54,205333.33,3570.77,282547.19,72.20,17.50,84,543
2:7:55,217425.52,3630.57,287142.84,72.50,17.50,88,458
2:8:55,255851.78,3615.50,294202.91,72.40,17.50,89,601
2:9:56,214442.09,3589.18,283886.28,72.20,17.50,94,576
2:10:56,196504.86,3556.01,284834.13,72.10,17.50,89,480
2:11:57,198647.05,3570.77,281411.78,71.60,17.50,88,595
2:12:57,233749.95,3630.57,288305.50,71.60,17.60,97,539
2:13:58,225318.66,3615.50,290647.50,72.10,17.50,96,600
2:14:58,212437.48,3585.60,283687.97,72.40,17.60,90,516
2:15:59,200831.69,3585.60,280281.72,72.50,17.50,94,503
2:16:59,192342.88,3512.18,278037.41,72.90,17.50,73,488
2:18:0,236689.61,3585.60,287142.84,72.30,17.50,105,495
2:19:0,236436.73,3609.82,280941.19,71.70,17.50,94,437
2:20:1,270285.63,3691.62,300244.50,71.50,17.50,90,453
2:21:1,249156.56,3707.09,291826.91,71.50,17.60,89,522
2:22:1,251658.48,3643.75,288038.31,72.30,17.50,94,435
2:23:2,261493.59,3632.29,297799.50,72.10,17.50,88,451
2:24:2,228066.64,3585.60,289473.72,71.50,17.50,91,424
2:25:3,239186.02,3634.29,287350.84,71.30,17.60,89,519
2:26:3,225318.66,3615.50,294202.91,71.30,17.60,91,504
2:27:4,252463.36,3645.71,294202.91,72.20,17.60,96,541
2:28:4,214905.25,3570.77,290647.50,72.20,17.60,87,527
2:29:5,290277.66,3926.43,322762.13,72.40,17.60,105,525
2:30:5,308970.44,3801.60,305185.19,71.70,17.50,86,557
2:31:6,294985.78,3722.63,293012.06,71.50,17.50,98,604
2:32:6,317999.81,3832.26,310000.00,71.10,17.50,89,485
2:33:7,262886.00,3676.24,297810.22,71.20,17.50,90,630
2:34:7,242776.42,3585.60,289473.72,71.30,17.50,90,461
2:35:8,290583.22,3660.94,301470.59,71.30,17.50,91,443
2:36:8,225318.66,3585.60,291826.91,72.00,17.50,89,496
2:37:9,284493.03,3719.05,302222.22,71.80,17.50,86,569
2:38:9,285999.88,3732.45,298536.56,72.10,17.50,88,498
2:39:10,270285.63,3676.24,303940.91,72.10,17.50,92,465
2:40:10,233749.95,3615.50,291826.91,71.90,17.40,88,485
2:41:11,196504.86,3526.72,289473.72,72.40,17.40,93,562
2:42:11,203060.00,3556.01,283687.97,72.20,17.40,90,403
2:43:12,262886.00,3660.94,300244.50,72.20,17.50,88,507
2:44:12,245928.52,3630.57,289473.72,72.80,17.40,120,430
2:45:12,227822.20,3579.95,291346.16,71.90,17.40,89,539
2:46:13,207653.05,3526.72,281411.78,71.70,17.40,89,481
2:47:13,210020.61,3570.77,288305.50,72.10,17.40,86,500
2:48:14,198647.05,3556.01,284834.13,72.30,17.40,91,575
2:49:14,229887.61,3653.26,300737.09,72.90,17.40,91,398
2:50:15,196504.86,3526.72,287142.84,72.70,17.40,88,470
2:51:15,230876.38,3660.94,301470.59,72.10,17.40,88,511
2:52:16,299514.16,3738.26,291826.91,72.20,17.40,85,451
2:53:16,286301.25,3801.60,307692.31,72.40,17.30,92,550
2:54:17,333142.66,3847.03,297310.50,72.40,17.30,89,500
2:55:17,252195.06,3655.21,293719.81,72.60,17.30,85,556
2:56:18,232999.97,3613.47,289208.66,72.70,17.30,84,543
2:57:18,235930.98,3689.76,300000.00,73.10,17.40,86,436
2:58:19,227333.31,3613.47,292753.63,73.20,17.40,83,574
2:59:19,266538.38,3676.24,294202.91,73.20,17.30,85,542
3:0:20,219999.98,3570.77,287142.84,72.90,17.40,82,593
3:1:20,221913.02,3613.47,288038.31,73.00,17.30,88,613
3:2:21,200831.69,3541.33,285985.75,73.00,17.30,92,581
3:3:21,233249.97,3619.17,285035.63,72.80,17.40,81,532
3:4:22,249156.56,3615.50,284834.13,72.50,17.30,84,569
3:5:22,259324.92,3600.52,283687.97,72.30,17.30,94,723
3:6:23,228066.64,3600.52,281411.78,72.60,17.40,83,505
3:7:23,225318.66,3585.60,285985.75,72.90,17.30,79,514
3:8:23,205333.33,3570.77,282547.19,72.10,17.40,83,565
3:9:24,212437.48,3556.01,276923.09,72.00,17.40,76,656
3:10:24,225318.66,3585.60,283687.97,72.30,17.40,83,575
3:11:25,204666.66,3539.13,278873.25,71.90,17.40,79,693
3:12:25,207653.05,3556.01,283687.97,72.70,17.40,79,645
3:13:26,203060.00,3526.72,283687.97,72.50,17.40,79,630
3:14:26,210020.61,3541.33,278037.41,72.60,17.50,87,713
3:15:27,198647.05,3512.18,280281.72,72.90,17.50,93,587
3:16:27,197568.63,3557.33,283610.47,72.80,17.50,78,623
3:17:28,200831.69,3570.77,282547.19,72.80,17.50,84,557
3:18:28,226844.42,3662.83,290602.44,72.60,17.40,81,568
3:19:29,259324.92,3645.71,288305.50,72.40,17.50,88,496
3:20:29,286301.25,3722.63,285985.75,72.10,17.50,87,543
3:21:30,262050.55,3659.01,292753.63,70.50,17.50,81,524
3:22:30,269428.47,3689.76,289208.66,71.70,17.40,88,525
3:23:31,238674.38,3683.99,294660.22,71.90,17.40,95,526
3:24:31,307999.84,3848.52,296350.38,72.10,17.40,92,435
3:25:32,265974.28,3664.75,290865.38,71.40,17.40,84,518
3:26:32,259324.92,3645.71,287142.84,71.90,17.40,85,407
3:27:33,274131.47,3707.09,289473.72,71.90,17.40,92,442
3:28:33,274131.47,3676.24,285985.75,71.10,17.40,96,576
3:29:34,249156.56,3785.64,302702.69,71.90,17.40,87,429
3:30:34,304173.78,3738.26,294202.91,71.60,17.40,89,426
3:31:34,307029.25,3766.40,298529.41,71.00,17.40,95,637
3:32:35,278079.91,3707.09,288305.50,70.30,17.40,98,480
3:33:35,294675.94,3701.31,288995.25,69.50,17.40,88,469
3:34:36,340290.09,3870.81,295631.06,70.00,17.40,87,508
3:35:36,274131.47,3615.50,288305.50,71.00,17.40,93,484
3:36:37,251658.48,3643.75,284560.56,72.00,17.40,99,522
3:37:37,266538.38,3722.63,297810.22,72.10,17.40,94,668
3:38:38,262050.55,3689.76,290384.63,72.10,17.40,93,442
3:39:38,290583.22,3738.26,297810.22,72.40,17.40,92,513
3:40:39,266256.31,3732.45,299755.50,72.40,17.30,94,454
3:41:39,262886.00,3691.62,290647.50,72.20,17.30,87,537
3:42:40,269428.47,3689.76,290384.63,72.30,17.30,100,416
3:43:40,274131.47,3676.24,293012.06,72.60,17.30,89,526
3:44:41,236689.61,3645.71,287142.84,72.60,17.30,90,463
3:45:41,262886.00,3676.24,296601.94,72.60,17.30,99,543
3:46:42,248361.39,3689.76,298777.50,73.20,17.20,94,545
3:47:42,245928.52,3676.24,291826.91,72.60,17.20,91,550
3:48:43,262886.00,3676.24,287142.84,72.00,17.20,92,555
3:49:43,225318.66,3615.50,294202.91,71.90,17.20,87,449
3:50:44,205111.09,3624.87,291346.16,73.00,17.20,95,421
3:51:44,178357.16,3598.45,285714.28,72.70,17.20,90,454
3:52:45,173704.38,3600.52,285985.75,72.30,17.20,92,572
3:53:45,177168.16,3600.52,294202.91,71.90,17.20,90,519
3:54:45,184477.08,3630.57,293012.06,71.80,17.20,92,432
3:55:46,188867.94,3651.31,292009.69,72.20,17.20,89,442
3:56:46,207428.56,3640.00,288995.25,71.90,17.20,96,397
3:57:47,210020.61,3660.94,302702.69,72.30,17.20,88,461
3:58:47,203060.00,3600.52,293012.06,72.00,17.20,91,517
3:59:48,165550.02,3570.77,282547.19,71.80,17.20,93,492
4:0:48,164000.02,3615.50,289473.72,72.40,17.20,90,512
4:1:49,176973.47,3640.00,286666.66,72.70,17.10,93,556
4:2:49,212437.48,3676.24,291826.91,72.80,17.20,90,523
4:3:50,164000.02,3512.18,278037.41,72.80,17.10,88,476
4:4:50,173704.38,3570.77,288305.50,73.10,17.10,91,508
4:5:51,190876.20,3682.10,300492.63,72.60,17.10,91,646
4:6:51,175228.09,3579.95,287828.19,72.30,17.10,88,460
4:7:52,172017.27,3570.77,281411.78,72.40,17.10,92,644
4:8:52,155212.64,3556.01,291826.91,72.10,17.10,88,619
4:9:53,148500.03,3585.60,288305.50,72.20,17.10,91,459
4:10:53,144222.27,3539.13,290384.63,72.70,17.00,85,402
4:11:54,149633.63,3550.38,276456.91,72.20,17.00,90,468
4:12:54,155212.64,3541.33,281411.78,72.60,17.00,88,486
4:13:55,172017.27,3615.50,282547.19,72.00,17.00,90,516
4:14:55,182600.02,3585.60,279156.91,72.90,17.00,92,568
4:15:56,172017.27,3570.77,282547.19,72.60,17.00,92,433
4:16:56,145955.25,3469.02,273611.13,73.30,17.00,99,739
4:17:56,133213.84,3483.33,282547.19,73.50,17.00,90,466
4:18:57,119547.13,3454.77,275813.97,73.50,17.00,89,631
4:19:57,128040.05,3526.72,276923.09,73.60,17.00,91,541
4:20:58,116925.89,3483.33,275813.97,73.10,17.00,85,514
4:21:58,115668.68,3495.43,283412.34,72.70,17.00,89,586
4:22:59,108848.82,3454.77,272517.34,73.00,16.90,88,479
4:23:59,107344.80,3483.33,279156.91,73.30,16.90,88,561
4:25:0,108092.46,3497.72,273611.13,72.60,16.90,85,517
4:26:0,110388.21,3469.02,276923.09,72.50,16.90,85,657
4:27:1,112634.70,3535.71,275348.88,71.90,16.80,86,736
4:28:1,106605.70,3512.18,276923.09,72.50,16.80,87,660
4:29:2,108848.82,3497.72,274710.00,73.00,16.80,89,524
4:30:2,105152.52,3512.18,279156.91,72.30,16.80,88,620
4:31:3,103033.32,3469.02,271428.59,72.80,16.80,84,544
4:32:3,110390.51,3566.49,285441.53,72.80,16.80,85,637
4:33:4,100315.20,3454.77,276923.09,72.80,16.80,84,557
4:34:4,102871.49,3590.67,281516.59,72.30,16.80,98,577
4:35:5,108848.82,3497.72,275813.97,72.30,16.80,88,486
4:36:5,99654.04,3469.02,276923.09,72.40,16.80,82,538
4:37:6,105152.52,3512.18,274710.00,73.10,16.80,92,494
4:38:6,126065.84,3600.52,283687.97,72.90,16.80,95,755
4:39:7,130067.62,3556.01,276923.09,73.00,16.80,90,446
4:40:7,141956.23,3559.49,280470.63,73.10,16.80,82,690
4:41:7,133213.84,3483.33,276923.09,73.20,16.80,82,631
4:42:8,162475.44,3585.60,282547.19,73.00,16.80,86,779
4:43:8,156269.88,3589.18,278220.16,73.00,16.80,79,624
4:44:9,150615.42,3553.85,282269.53,73.00,16.80,86,679
4:45:9,173130.47,3628.57,288038.31,73.20,16.80,78,563
4:46:10,173704.38,3556.01,278037.41,73.10,16.80,83,596
4:47:10,188336.47,3570.77,282547.19,72.60,16.80,79,651
4:48:11,157872.03,3535.71,276456.91,72.50,16.80,80,522
4:49:11,158967.78,3539.13,281132.09,73.20,16.80,84,635
4:50:12,159500.03,3526.72,274710.00,72.90,16.80,82,658
4:51:12,192342.88,3630.57,281411.78,72.50,16.80,86,602
4:52:13,171827.61,3609.82,282075.50,72.70,16.80,83,572
4:53:13,157872.03,3550.38,278688.53,72.60,16.80,85,664
4:54:14,175421.08,3600.52,284834.13,72.60,16.80,89,472
4:55:14,158048.03,3556.01,278037.41,73.00,16.80,93,676
4:56:15,160975.64,3556.01,280281.72,72.60,16.90,84,619
4:57:15,162475.44,3541.33,278037.41,72.80,16.80,88,564
4:58:16,190320.77,3600.52,287142.84,72.60,16.90,89,581
4:59:16,180756.78,3585.60,280281.72,72.20,16.90,92,601
5:0:17,212821.05,3701.59,294634.16,71.70,16.80,91,645
5:1:17,180756.78,3570.77,281411.78,71.90,16.90,91,542
5:2:18,164000.02,3541.33,281411.78,72.60,16.90,85,501
5:3:18,145626.89,3515.52,275990.69,72.50,16.90,89,525
5:4:18,152625.05,3575.71,283809.53,73.00,16.90,84,481
5:5:19,159500.03,3570.77,281411.78,72.80,16.90,90,528
5:6:19,158048.03,3570.77,289473.72,72.50,16.90,83,571
5:7:20,171448.30,3598.45,286873.53,72.30,16.90,82,604
5:8:20,180756.78,3585.60,284834.13,71.80,16.90,90,536
5:9:21,193769.23,3613.47,278873.25,72.00,16.90,88,529
5:10:21,159322.63,3594.84,285510.69,72.10,16.90,95,614
5:11:22,180162.19,3613.47,282269.53,73.10,16.90,93,443
5:12:22,186388.91,3630.57,288305.50,72.10,16.90,95,532
5:13:23,168728.83,3541.33,276923.09,72.10,16.90,92,585
5:14:23,188336.47,3630.57,287142.84,73.10,16.90,90,507
5:15:24,190320.77,3600.52,280281.72,72.10,16.90,89,503
5:16:24,205333.33,3630.57,285985.75,71.70,16.90,87,527
5:17:25,207204.06,3619.17,280470.63,71.80,17.00,87,455
5:18:25,182600.02,3585.60,285985.75,71.90,17.00,92,591
5:19:26,195650.50,3638.02,288729.03,71.60,17.00,86,513
5:20:26,196504.86,3630.57,287142.84,72.20,17.00,95,478
5:21:27,184477.08,3570.77,278037.41,72.30,17.00,93,392
5:22:27,172017.27,3585.60,284834.13,72.90,17.00,91,577
5:23:28,160975.64,3585.60,284834.13,72.30,17.00,88,596
5:24:28,184477.08,3615.50,291826.91,72.60,17.00,95,508
5:25:28,196504.86,3660.94,294202.91,72.40,17.00,96,521
5:26:29,180756.78,3630.57,291826.91,72.90,17.00,91,504
5:27:29,193980.77,3649.48,286190.47,73.00,17.00,90,528
5:28:30,180756.78,3600.52,284834.13,72.40,17.00,97,547
5:29:30,180162.19,3613.47,295145.63,72.10,17.00,91,409
5:30:31,165550.02,3585.60,288305.50,72.70,17.00,88,554
5:31:31,172017.27,3556.01,283687.97,72.80,17.00,95,481
5:32:32,151123.11,3570.77,288305.50,72.80,17.00,90,492
5:33:32,153828.16,3600.52,285985.75,72.50,17.00,90,469
5:34:33,143485.33,3541.33,289473.72,72.30,17.00,92,621
5:35:33,164000.02,3570.77,280281.72,72.00,17.00,101,625
5:36:34,144711.16,3526.72,287142.84,72.30,17.10,92,553
5:37:34,156095.27,3568.64,278873.25,72.60,17.10,88,419
5:38:35,168728.83,3600.52,291826.91,72.50,17.10,91,650
5:39:35,173704.38,3585.60,290647.50,72.20,17.10,90,602
5:40:36,159500.03,3556.01,282547.19,72.50,17.10,88,457
5:41:36,155212.64,3556.01,281411.78,72.60,17.10,90,439
5:42:37,144711.16,3526.72,284834.13,72.70,17.10,92,630
5:43:37,135384.66,3497.72,280281.72,73.20,17.10,96,481
5:44:38,136493.00,3556.01,283687.97,73.00,17.10,90,521
5:45:38,136992.95,3562.98,281796.72,72.20,17.10,88,611
5:46:39,134291.70,3570.77,283687.97,72.40,17.10,89,581
5:47:39,124142.81,3469.02,276923.09,72.60,17.10,85,584
5:48:39,119547.13,3483.33,275813.97,72.60,17.10,85,474
5:49:40,129047.02,3512.18,273611.13,72.00,17.10,88,641
5:50:40,128040.05,3541.33,281411.78,72.30,17.10,89,584
5:51:41,138600.05,3565.13,283215.16,72.10,17.10,91,540
5:52:41,137617.06,3585.60,284834.13,72.10,17.10,83,564
5:53:42,126065.84,3512.18,273611.13,71.90,17.10,86,554
5:54:42,127046.41,3556.01,280281.72,72.50,17.10,88,568
5:55:43,118662.46,3454.77,272517.34,72.70,17.10,93,625
5:56:43,113578.28,3526.72,278037.41,73.20,17.10,85,423
5:57:44,120443.00,3497.72,274710.00,72.90,17.10,82,522
5:58:44,130067.62,3556.01,284834.13,73.00,17.20,88,631
5:59:45,134923.13,3553.85,282269.53,73.20,17.20,85,567
6:0:45,143485.33,3526.72,282547.19,73.30,17.10,84,555
6:1:46,137461.03,3550.38,275348.88,73.20,17.10,87,793
6:2:46,119547.13,3512.18,275813.97,73.20,17.10,86,941
6:3:47,112766.44,3483.33,275813.97,73.40,17.10,80,725
6:4:47,106965.49,3524.49,275524.50,73.60,17.10,93,831
6:5:48,99654.04,3454.77,279156.91,73.90,17.10,80,677
6:6:48,105152.52,3483.33,274710.00,74.00,17.10,83,591
6:7:49,121846.11,3553.85,283412.34,74.00,17.10,110,581
6:8:49,122269.19,3541.33,278037.41,72.90,17.20,85,464
6:9:50,116073.59,3497.72,279156.91,73.30,17.10,78,658
6:10:50,129473.02,3518.88,281796.72,73.60,17.20,84,690
6:11:50,120164.52,3515.52,278220.16,73.60,17.20,86,556
6:12:51,116925.89,3440.60,272517.34,73.30,17.20,79,572
6:13:51,128040.05,3440.60,268192.19,72.80,17.20,78,646
6:14:52,125631.53,3495.43,275524.50,72.80,17.20,83,529
6:15:52,125098.09,3454.77,271428.59,72.40,17.20,77,604
6:16:53,105152.52,3426.50,270344.81,73.00,17.20,86,638
6:17:53,98763.43,3457.93,274883.75,73.50,17.20,84,634
6:18:54,112766.44,3512.18,278037.41,73.20,17.20,79,613
6:19:54,103033.32,3426.50,272517.34,73.40,17.20,87,754
6:20:55,91095.48,3426.50,271428.59,73.60,17.20,87,609
6:21:55,88866.99,3426.50,276923.09,73.80,17.30,100,798
6:22:56,86724.64,3426.50,271428.59,73.70,17.20,86,494
6:23:56,94874.99,3466.67,278873.25,73.60,17.20,80,701
6:24:57,89415.84,3412.47,268192.19,73.90,17.30,87,633
6:25:57,94010.30,3497.72,273611.13,73.90,17.30,92,613
6:26:58,88866.99,3440.60,270344.81,74.00,17.30,91,550
6:27:58,92243.65,3454.77,276923.09,74.00,17.30,82,549
6:28:59,97712.76,3526.72,274710.00,74.20,17.30,84,658
6:29:59,96846.55,3472.22,270506.91,74.00,17.30,93,541
6:31:0,97712.76,3497.72,275813.97,74.10,17.30,91,496
6:32:0,95218.74,3440.60,270344.81,74.30,17.30,91,503
6:33:1,105152.52,3483.33,276923.09,74.20,17.30,84,553
6:34:1,103033.32,3440.60,271428.59,74.40,17.30,101,611
6:35:1,97079.36,3469.02,276923.09,74.20,17.30,90,615
6:36:2,94010.30,3426.50,271428.59,74.30,17.30,93,535
6:37:2,99535.13,3492.15,272055.44,74.00,17.30,90,556
6:38:3,99654.04,3440.60,270344.81,73.80,17.30,93,674
6:39:3,96846.55,3443.72,274883.75,73.40,17.30,87,444
6:40:4,91111.11,3469.87,273488.34,73.20,17.30,95,529
6:41:4,91095.48,3440.60,272517.34,73.00,17.30,85,552
6:42:5,85684.21,3426.50,268192.19,73.50,17.40,88,536
6:43:5,93415.38,3454.77,271428.59,73.70,17.40,97,564
6:44:6,89415.84,3469.02,269266.03,73.50,17.40,94,400
6:45:6,81238.54,3384.62,266059.22,73.40,17.40,85,591
6:46:7,77584.08,3440.60,269266.03,73.40,17.40,101,508
6:47:7,73364.40,3398.51,262895.91,73.30,17.40,90,390
6:48:8,79538.47,3452.39,271131.63,73.80,17.50,92,553
6:49:8,75991.26,3438.19,263636.34,74.10,17.50,91,386
6:50:9,75428.56,3398.51,268192.19,74.10,17.50,87,424
6:51:9,70999.99,3343.35,258744.38,73.80,17.50,90,551
6:52:10,72167.35,3398.51,267123.28,73.60,17.50,96,669
6:53:10,70237.70,3426.50,273611.13,73.60,17.50,96,507
6:54:11,68023.99,3343.35,266059.22,73.60,17.50,91,631
6:55:11,65062.02,3373.70,264090.88,74.20,17.50,86,470
6:56:12,66606.30,3412.47,267123.28,74.30,17.60,86,520
6:57:12,68129.03,3487.53,280378.28,73.80,17.60,90,475
6:58:12,66258.83,3398.51,275813.97,74.10,17.60,87,487
6:59:13,63900.76,3384.62,266059.22,74.40,17.60,86,487
7:0:13,63250.00,3357.04,269266.03,74.30,17.60,104,432
7:1:14,64895.75,3398.51,272517.34,74.30,17.60,88,439
7:2:14,62292.14,3357.04,267123.28,74.00,17.60,91,478
7:3:15,61665.43,3357.04,257718.13,74.30,17.60,89,629
7:4:15,63166.67,3379.16,267734.53,74.00,17.60,92,565
7:5:16,66258.83,3412.47,269266.03,73.80,17.70,92,560
7:6:16,63977.01,3396.01,263636.34,74.00,17.60,86,430
7:7:17,61047.98,3329.73,259775.27,74.40,17.70,91,444
7:8:17,63732.82,3429.57,266210.03,74.70,17.70,83,493
7:9:18,63732.82,3359.90,260948.08,74.70,17.70,88,497
7:10:18,63250.00,3357.04,264999.97,74.80,17.70,89,488
7:11:19,63250.00,3329.73,260810.78,74.20,17.70,88,476
7:12:19,64895.75,3357.04,262895.91,74.20,17.70,91,491
7:13:20,63250.00,3329.73,260810.78,74.10,17.80,89,418
7:14:20,60580.89,3291.93,252771.61,74.20,17.80,88,452
7:15:21,61355.56,3316.18,258744.38,74.10,17.80,91,446
7:16:21,61111.11,3340.74,259459.44,74.50,17.80,87,421
7:17:22,61192.59,3332.51,257847.52,74.60,17.80,89,624
7:18:22,61977.62,3343.35,256696.41,73.90,17.80,86,563
7:19:23,61583.64,3324.32,258295.95,74.10,17.80,87,603
7:20:23,61977.62,3370.79,259775.27,73.80,17.90,88,396
7:21:23,60358.98,3337.93,262443.41,73.50,17.90,89,618
7:22:24,59249.10,3329.73,256696.41,73.90,17.90,85,605
7:23:24,60742.66,3316.18,259775.27,74.80,17.90,84,504
7:24:25,59840.00,3302.69,255679.27,74.60,17.90,83,521
7:25:25,61977.62,3329.73,258744.38,74.30,18.00,86,484
7:26:26,61047.98,3275.91,253658.52,73.80,17.90,85,643
7:27:26,60742.66,3249.39,247702.41,73.60,18.00,97,490
7:28:27,60742.66,3262.62,253658.52,74.10,18.00,84,622
7:29:27,59840.00,3262.62,249670.31,74.20,18.10,128,628
7:30:28,59840.00,3275.91,254666.64,74.20,18.10,84,616
7:31:28,58666.68,3249.39,248684.22,74.20,18.10,85,455
7:32:29,58142.85,3246.60,251327.42,74.80,18.20,82,550
7:33:29,56418.11,3210.10,247702.41,74.90,18.10,85,546
7:34:30,55875.43,3223.13,251655.63,74.50,18.20,79,546
7:35:30,56615.38,3230.92,253215.06,74.70,18.20,84,643
7:36:31,57371.02,3265.21,251769.89,74.40,18.20,79,608
7:37:31,56145.83,3223.13,243817.78,74.00,18.20,79,489
7:38:32,55606.89,3249.39,249670.31,73.90,18.30,81,491
7:39:32,55531.03,3244.07,246288.20,73.90,18.30,81,449
8:19:22,35707.69,3469.02,464285.72,67.50,20.30,607,2736
8:20:15,49447.62,3882.70,437383.22,67.50,20.30,0,0
8:21:6,42356.32,3082.08,330208.31,67.20,20.30,828,2766
8:22:7,45585.58,3095.53,314070.34,68.30,20.40,100,875
8:23:7,45182.09,3033.95,295399.53,69.30,20.40,110,1822
8:24:8,48125.00,3104.96,295145.63,70.60,20.50,110,1073
8:25:8,49833.87,3090.35,293719.81,71.00,20.60,102,802
8:26:9,54027.21,3121.91,286124.44,70.10,20.60,96,358
8:27:9,54291.52,3145.84,287142.84,67.10,20.60,100,484
8:28:9,56692.30,3133.18,288305.50,67.30,20.60,98,438
8:29:10,54551.02,3095.53,279156.91,66.60,20.60,99,373
8:30:10,52032.89,3083.10,280281.72,67.70,20.60,99,359
8:31:11,59249.10,3223.13,293012.06,69.80,20.60,100,432
8:32:11,59463.78,3153.33,285510.69,68.20,20.60,100,413
8:33:12,61192.59,3160.86,281603.78,67.90,20.60,99,539
8:34:12,61355.56,3133.18,274710.00,67.10,20.50,94,443
8:35:13,61977.62,3145.84,280281.72,67.00,20.50,95,503
8:36:13,67309.52,3236.23,287142.84,67.20,20.50,120,693
8:37:14,66258.83,3120.57,271428.59,67.20,20.50,92,306
8:38:14,64640.93,3168.42,281132.09,66.40,20.50,100,545
8:39:15,72962.02,3236.23,289473.72,66.70,20.50,92,437
8:40:15,70999.99,3145.84,272517.34,65.70,20.40,88,388
8:41:16,70237.70,3133.18,269266.03,66.50,20.50,92,461
8:42:16,77883.94,3257.07,284285.72,66.70,20.50,88,499
8:43:17,71385.89,3158.57,269266.03,66.40,20.50,92,438
8:44:17,70999.99,3158.57,268192.19,66.30,20.50,90,461
8:45:18,75008.61,3210.10,280281.72,65.70,20.50,88,623
8:46:18,74592.27,3197.12,273611.13,65.30,20.50,93,331
8:47:19,72167.35,3158.57,272517.34,65.70,20.50,93,400
8:48:19,75428.56,3158.57,268192.19,66.60,20.60,91,530
8:49:20,86096.16,3217.83,277570.13,64.80,20.50,85,441
8:50:20,82194.45,3197.12,272517.34,64.40,20.60,88,399
8:51:21,86618.36,3217.83,274245.97,64.90,20.60,85,488
8:52:21,85990.38,3212.53,271593.50,65.50,20.60,90,492
8:53:21,87248.78,3249.15,280188.69,65.30,20.60,85,451
8:54:22,81714.29,3197.12,273611.13,65.20,20.60,86,540
8:55:22,78923.78,3171.36,269266.03,64.80,20.60,84,428
8:56:23,69117.41,3145.84,262895.91,65.60,20.60,90,283
8:57:23,72167.35,3133.18,267123.28,66.70,20.60,87,388
8:58:24,89415.84,3262.62,276923.09,66.50,20.60,81,618
8:59:24,82962.63,3212.53,273781.94,65.00,20.70,85,477
9:0:25,75428.56,3210.10,269266.03,66.00,20.70,85,478
9:1:25,72563.02,3158.57,263945.56,66.40,20.60,86,461
9:2:26,82679.07,3171.36,267123.28,66.40,20.70,87,420
9:3:26,95832.45,3236.23,268192.19,64.20,20.70,82,503
9:4:27,86096.16,3166.11,268807.31,63.50,20.70,81,475
9:5:27,71385.89,3120.57,259775.27,65.30,20.80,82,490
9:6:28,71774.99,3158.57,263945.56,67.30,20.80,86,446
9:7:28,69861.22,3133.18,260810.78,68.10,20.80,83,431
9:8:29,75008.61,3158.57,263945.56,67.90,20.80,81,426
9:9:29,78923.78,3145.84,264999.97,65.80,20.90,83,463
9:10:30,69219.51,3142.86,265753.41,65.30,20.90,81,496
9:11:30,72563.02,3133.18,262895.91,67.60,20.90,86,570
9:12:31,71774.99,3120.57,262895.91,66.30,21.00,79,608
9:13:31,70999.99,3120.57,258744.38,66.70,21.10,77,556
9:14:32,92243.65,3210.10,270344.81,66.50,21.10,83,523
9:15:32,118662.46,3302.69,273611.13,62.70,21.00,86,512
9:16:33,103363.11,3246.60,270046.06,61.60,21.10,75,296
9:17:33,90530.00,3158.57,263945.56,63.60,21.10,84,420
9:18:33,85684.21,3171.36,269266.03,64.30,21.10,78,410
9:19:34,89970.15,3184.21,260810.78,65.00,21.10,79,382
9:20:34,118662.46,3329.73,275813.97,63.20,21.10,77,405
9:21:35,108848.82,3249.39,266059.22,60.60,21.10,81,428
9:22:35,88323.52,3171.36,261851.02,61.60,21.10,83,466
9:23:36,86724.64,3210.10,270344.81,63.50,21.10,83,490
9:24:36,86724.64,3210.10,267123.28,63.60,21.10,81,541
9:25:37,92243.65,3210.10,261851.02,63.40,21.20,87,521
9:26:37,94611.40,3223.13,262895.91,61.80,21.20,80,407
9:27:38,101659.33,3236.23,269266.03,62.20,21.20,85,465
9:28:38,103033.32,3210.10,258744.38,61.20,21.20,83,551
9:29:39,86201.92,3184.21,259775.27,60.40,21.20,83,421
9:30:39,85171.44,3184.21,263945.56,63.20,21.20,84,567
9:31:40,102099.44,3148.10,250772.63,63.50,21.30,82,578
9:32:40,85171.44,3158.57,261851.02,60.90,21.20,85,440
9:33:41,82194.45,3171.36,258744.38,64.00,21.30,84,381
9:34:41,92020.30,3135.39,249779.73,64.80,21.30,87,572
9:35:42,94010.30,3210.10,256696.41,61.70,21.30,89,639
9:36:42,83661.98,3133.18,251655.63,60.50,21.30,87,352
9:37:43,78473.22,3171.36,263945.56,62.70,21.30,85,351
9:38:43,82679.07,3133.18,256696.41,64.00,21.30,85,380
9:39:44,88323.52,3249.39,264999.97,62.80,21.30,87,363
9:40:44,77733.34,3181.29,265753.41,63.60,21.30,94,476
9:41:45,95218.74,3210.10,259775.27,65.10,21.30,83,460
9:42:45,101933.32,3321.78,269444.44,61.80,21.40,87,360
9:43:46,83352.12,3181.29,261538.44,62.50,21.40,100,360
9:44:46,81238.54,3210.10,263945.56,63.80,21.40,88,437
9:45:47,80767.13,3158.57,256696.41,64.20,21.40,88,404
9:46:47,102788.88,3278.54,268348.59,62.90,21.40,91,554
9:47:47,97712.76,3275.91,271428.59,61.00,21.30,91,311
9:48:48,127893.38,3351.60,270967.72,60.80,21.30,87,383
9:49:48,136338.06,3379.16,270967.72,59.20,21.30,88,479
9:50:49,114399.97,3262.62,266059.22,59.60,21.30,92,345
9:51:49,92826.52,3197.12,257718.13,60.80,21.20,94,433
9:52:50,98999.99,3249.39,268192.19,62.70,21.20,85,411
9:53:50,105152.52,3262.62,264999.97,62.40,21.20,90,407
9:54:51,117788.78,3275.91,269266.03,61.70,21.20,86,385
9:55:51,121350.27,3343.35,275813.97,60.90,21.20,93,365
9:56:52,130067.62,3316.18,273611.13,61.00,21.20,88,456
9:57:52,130067.62,3302.69,271428.59,59.60,21.10,88,421
9:58:53,128040.05,3316.18,266059.22,60.20,21.20,86,542
9:59:53,112766.44,3275.91,269266.03,59.80,21.10,90,517
10:0:54,129047.02,3370.79,281411.78,61.50,21.10,97,553
10:1:54,149465.69,3401.50,285035.63,60.10,21.10,88,492
10:2:55,138757.19,3357.04,271428.59,59.40,21.10,91,514
10:3:55,148500.03,3412.47,278037.41,60.00,21.10,90,454
10:4:56,141087.00,3384.62,276923.09,60.60,21.10,90,454
10:5:56,151953.53,3396.01,274418.63,60.80,21.10,84,422
10:6:57,144711.16,3329.73,263945.56,60.00,21.10,92,593
10:7:57,140927.58,3421.00,275348.88,60.70,21.10,89,399
10:8:58,141087.00,3370.79,275813.97,61.70,21.10,92,612
10:9:58,136183.14,3373.70,269425.25,61.10,21.20,90,407
10:10:59,121350.27,3249.39,260810.78,61.40,21.30,105,453
10:11:59,128040.05,3357.04,269266.03,61.40,21.30,93,503
10:13:0,135384.66,3343.35,275813.97,62.50,21.40,91,396
10:14:0,178946.44,3469.02,280281.72,61.60,21.40,88,475
10:15:0,194403.84,3440.60,272517.34,59.70,21.50,91,423
10:16:1,205333.33,3497.72,274710.00,59.40,21.50,89,418
10:17:1,194403.84,3343.35,266059.22,60.00,21.60,90,357
10:18:2,203060.00,3440.60,269266.03,59.50,21.60,93,561
10:19:2,170359.00,3275.91,262895.91,61.40,21.70,90,378
10:20:3,188336.47,3357.04,278037.41,61.40,21.70,88,354
10:21:3,182600.02,3210.10,270344.81,61.00,21.80,87,542
10:22:4,196504.86,3384.62,283687.97,59.80,21.90,86,372
10:23:4,233749.95,3497.72,279156.91,59.50,21.90,91,403
10:24:5,214905.25,3384.62,276923.09,59.90,21.90,86,441
10:25:5,245142.80,3495.43,276635.53,59.70,22.00,92,465
10:26:6,242776.42,3469.02,280281.72,59.40,22.00,90,436
10:27:6,222630.41,3370.79,273611.13,61.00,22.00,87,489
10:28:7,228066.64,3357.04,272517.34,60.10,22.10,89,689
10:29:7,245928.52,3454.77,284834.13,59.90,22.20,91,527
10:30:8,255851.78,3412.47,271428.59,59.10,22.10,87,460
10:31:8,259324.92,3454.77,273611.13,58.30,22.10,89,580
10:32:9,196504.86,3357.04,268192.19,59.00,22.10,87,389
10:33:9,259324.92,3440.60,276923.09,60.80,22.10,91,500
10:34:10,219999.98,3370.79,275813.97,58.70,22.00,89,413
10:35:10,206979.58,3354.46,274418.63,60.40,22.00,88,562
10:36:11,259324.92,3454.77,281411.78,61.40,22.00,86,517
10:37:11,270285.63,3541.33,280281.72,60.30,22.00,100,603
10:38:12,255851.78,3483.33,276923.09,59.00,21.90,84,419
10:39:12,303217.25,3481.01,281132.09,59.60,21.90,103,426
10:40:13,219999.98,3289.27,272517.34,59.50,22.00,90,423
10:41:13,230876.38,3302.69,278037.41,60.20,22.00,86,463
10:42:14,266538.38,3412.47,271428.59,60.00,22.10,87,442
10:43:14,266538.38,3398.51,275813.97,59.50,22.10,82,557
10:44:14,298571.28,3583.50,291566.28,60.10,22.20,85,471
10:45:15,281243.13,3452.39,281132.09,58.60,22.20,83,499
10:46:15,313910.28,3676.24,288305.50,59.40,22.30,82,516
10:47:16,290583.22,3398.51,278037.41,57.80,22.30,82,554
10:48:16,308970.44,3526.72,282547.19,58.60,22.40,82,450
10:49:17,245928.52,3275.91,264999.97,58.40,22.50,95,397
10:50:17,265692.22,3466.67,277751.78,59.80,22.60,80,426
10:51:18,262886.00,3440.60,273611.13,58.90,22.70,95,567
10:52:18,290583.22,3440.60,273611.13,58.50,22.70,81,499
10:53:19,266538.38,3343.35,266059.22,59.10,22.80,81,347
10:54:19,294056.22,3598.45,291566.28,58.60,22.90,78,437
10:55:20,239697.64,3343.35,269266.03,57.50,23.00,82,493
10:56:20,294675.94,3506.60,284360.22,57.50,23.10,94,537
10:57:21,239697.64,3316.18,267123.28,57.30,23.10,91,452
10:58:21,289666.53,3452.39,281132.09,58.20,23.30,79,553
10:59:22,303217.25,3509.92,277751.78,55.60,23.40,82,439
11:0:22,308970.44,3570.77,284834.13,54.00,23.40,86,369
11:1:23,289666.53,3613.47,289208.66,55.50,23.50,85,459
11:2:23,262886.00,3357.04,272517.34,54.10,23.50,84,467
11:3:24,289666.53,3452.39,281132.09,55.50,23.50,89,385
11:4:24,318333.13,3574.29,287350.84,55.00,23.60,92,471
11:5:25,303536.09,3501.02,278220.16,54.20,23.60,87,412
11:6:25,299514.16,3454.77,279156.91,52.80,23.60,81,406
11:7:26,328624.81,3628.57,282269.53,53.60,23.70,91,494
11:8:26,299514.16,3541.33,289473.72,53.30,23.70,90,449
11:9:27,266538.38,3440.60,282547.19,52.10,23.70,93,373
11:10:27,335237.88,3630.57,289473.72,52.60,23.80,78,430
11:11:28,255851.78,3302.69,271428.59,52.40,23.80,87,426
11:12:28,304173.78,3512.18,275813.97,55.20,23.90,81,587
11:13:29,294985.78,3483.33,281411.78,53.30,23.90,82,324
11:14:29,329656.06,3570.77,279156.91,52.00,24.00,86,341
11:15:29,322553.66,3542.56,282464.47,52.60,24.00,91,387
11:16:30,308323.38,3472.22,270506.91,53.80,24.10,90,454
11:17:30,313910.28,3707.09,299024.38,54.40,24.10,96,403
11:18:31,335237.88,3707.09,296601.94,50.60,24.20,96,454
11:19:31,335237.88,3630.57,287142.84,50.10,24.20,88,375
11:20:32,298571.28,3354.46,274418.63,51.40,24.20,90,320
11:21:32,304173.78,3512.18,296601.94,51.70,24.20,89,401
11:22:33,323569.06,3486.58,274883.75,50.60,24.20,97,262
11:23:33,340999.78,3676.24,295399.53,50.90,24.20,110,394
11:24:34,313910.28,3384.62,270344.81,49.70,24.20,89,531
11:25:34,318999.81,3454.77,279156.91,51.40,24.20,98,431
11:26:35,340999.78,3541.33,281411.78,52.10,24.30,95,531
11:27:35,329656.06,3454.77,275813.97,51.80,24.30,92,498
11:28:36,294366.06,3501.02,283886.28,51.60,24.40,90,322
11:29:36,299514.16,3343.35,271428.59,52.70,24.50,105,522
11:30:37,274131.47,3370.79,273611.13,53.10,24.60,89,345
11:31:37,312925.19,3481.01,282269.53,52.60,24.60,94,363
11:32:38,359457.34,3676.24,289473.72,52.90,24.70,95,450
11:33:38,340999.78,3630.57,290647.50,50.50,24.80,91,330
11:34:39,335237.88,3483.33,285985.75,49.40,24.80,94,252
11:35:39,340644.94,3579.95,285510.69,49.50,24.70,92,360
11:36:40,286301.25,3370.79,269266.03,49.80,24.60,93,384
11:37:40,313910.28,3660.94,290647.50,50.80,24.60,90,407
11:38:41,290583.22,3526.72,289473.72,49.90,24.60,95,290
11:39:41,304173.78,3541.33,283687.97,50.20,24.60,91,322
11:40:42,333491.88,3617.14,287081.38,50.50,24.70,94,321
11:41:42,359457.34,3585.60,289473.72,49.90,24.70,96,338
11:42:43,346950.59,3600.52,293012.06,50.10,24.70,91,268
11:43:43,304173.78,3398.51,272517.34,49.70,24.70,90,284
11:44:44,290277.66,3379.16,277570.13,49.60,24.80,95,329
11:45:44,308970.44,3357.04,273611.13,50.80,24.80,89,402
11:46:45,294985.78,3440.60,278037.41,50.40,24.90,95,342
11:47:45,299514.16,3398.51,291826.91,49.70,24.90,90,438
11:48:46,329656.06,3398.51,274710.00,49.30,24.80,97,335
11:49:46,282135.03,3412.47,271428.59,49.00,24.80,92,322
11:50:46,262886.00,3357.04,278037.41,50.20,24.80,95,385
11:51:47,282135.03,3236.23,279156.91,50.00,24.80,95,457
11:52:47,329656.06,3440.60,283687.97,50.20,24.80,95,395
11:53:48,286301.25,3370.79,272517.34,49.80,24.90,88,323
11:54:48,329656.06,3512.18,288305.50,49.40,24.90,93,320
11:55:49,335237.88,3615.50,295399.53,48.80,24.90,90,311
11:56:49,329656.06,3512.18,280281.72,47.40,24.90,93,386
11:57:50,334190.28,3524.49,281132.09,47.80,24.90,91,299
11:58:50,313581.91,3535.71,279812.22,48.50,24.90,88,364
11:59:51,308970.44,3600.52,289473.72,47.50,24.80,88,309
12:0:51,371683.91,3583.50,289208.66,47.30,24.80,95,511
12:1:52,329656.06,3541.33,279156.91,47.90,24.80,86,431
12:2:52,286301.25,3556.01,285985.75,49.30,24.70,93,484
12:3:53,329656.06,3497.72,274710.00,48.60,24.70,91,294
12:4:53,308970.44,3454.77,276923.09,48.90,24.60,89,428
12:5:54,286301.25,3426.50,279156.91,49.30,24.60,90,228
12:6:54,249156.56,3262.62,261851.02,50.10,24.50,88,328
12:7:55,262607.50,3230.92,259325.83,50.50,24.60,89,419
12:8:55,262886.00,3275.91,276923.09,50.40,24.60,89,368
12:9:56,313910.28,3526.72,272517.34,49.90,24.60,87,348
12:10:56,328624.81,3583.50,284560.56,49.20,24.60,86,384
12:11:57,335237.88,3556.01,279156.91,48.80,24.60,85,332
12:12:57,259324.92,3262.62,260810.78,49.30,24.50,90,340
12:13:58,252463.36,3249.39,266059.22,51.10,24.60,80,377
12:14:58,245928.52,3197.12,260810.78,50.60,24.60,80,460
12:15:59,278079.91,3302.69,264999.97,50.10,24.60,86,337
12:16:59,329656.06,3570.77,280281.72,49.10,24.60,85,331
12:18:0,270285.63,3316.18,268192.19,48.80,24.60,83,344
12:19:0,282135.03,3357.04,267123.28,50.60,24.50,83,412
12:20:1,249156.56,3275.91,262895.91,49.00,24.50,80,353
12:21:1,318999.81,3469.02,273611.13,51.20,24.60,83,581
12:22:2,294985.78,3454.77,274710.00,49.60,24.70,82,519
12:23:2,249156.56,3210.10,256696.41,50.20,24.90,79,436
12:24:3,294675.94,3379.16,263492.03,50.30,25.10,83,394
12:25:3,290583.22,3289.27,260810.78,48.30,25.20,78,324
12:26:4,282135.03,3329.73,261851.02,50.60,25.40,78,503
12:27:4,318666.47,3492.15,276456.91,49.70,25.50,82,508
12:28:4,302579.56,3413.03,269124.41,46.90,25.60,81,455
12:29:5,308970.44,3384.62,281411.78,47.10,25.60,85,559
12:30:5,270285.63,3384.62,270344.81,46.60,25.50,80,456
12:31:6,266538.38,3316.18,269266.03,47.00,25.60,85,528
12:32:6,280945.84,3376.62,276168.25,47.00,25.60,85,402
12:33:7,304173.78,3483.33,276923.09,48.00,25.60,86,509
12:34:7,259324.92,3316.18,267123.28,47.70,25.60,85,452
12:35:8,273263.06,3354.46,267889.88,49.20,25.60,85,408
12:36:8,255851.78,3275.91,260810.78,47.30,25.70,90,353
12:37:9,289972.09,3401.50,270506.91,48.70,25.70,86,397
12:38:9,255851.78,3223.13,256696.41,46.50,25.60,81,400
12:39:10,266538.38,3329.73,271428.59,47.70,25.60,89,459
12:40:10,294056.22,3396.01,270046.06,46.60,25.60,98,319
12:41:11,266538.38,3236.23,269266.03,46.70,25.60,88,325
12:42:11,308970.44,3426.50,270344.81,47.60,25.50,89,293
12:43:12,294675.94,3435.09,266666.66,47.20,25.40,91,323
12:44:12,290583.22,3302.69,254666.64,47.50,25.40,90,402
12:45:13,289666.53,3313.51,273317.88,47.60,25.40,92,306
12:46:13,249156.56,3289.27,254666.64,47.60,25.40,85,285
12:47:14,289972.09,3472.22,271593.50,48.60,25.30,90,331
12:48:14,290277.66,3393.03,264545.44,48.00,25.30,88,440
12:49:15,304173.78,3370.79,270344.81,48.20,25.20,85,424
12:50:15,303854.94,3449.25,273148.16,48.10,25.20,91,475
12:51:16,262886.00,3223.13,266059.22,48.20,25.20,96,226
12:52:16,340644.94,3579.95,283215.16,49.00,25.30,87,264
12:53:17,286301.25,3302.69,261851.02,48.30,25.30,91,472
12:54:17,303536.09,3472.22,272685.22,48.50,25.40,87,337
12:55:18,318666.47,3579.95,282075.50,48.60,25.50,94,403
12:56:18,329656.06,3469.02,266059.22,46.80,25.60,95,415
12:57:19,316666.47,3458.73,272558.09,47.30,25.70,89,412
12:58:19,324245.97,3526.72,281411.78,48.70,25.80,96,330
12:59:20,329656.06,3357.04,278037.41,45.80,25.90,92,343
13:0:20,308970.44,3440.60,280281.72,47.70,26.00,95,405
13:1:21,289972.09,3318.92,271593.50,46.10,26.00,92,351
13:2:21,299514.16,3357.04,261851.02,48.10,26.10,91,400
13:3:22,329656.06,3469.02,278037.41,48.70,26.20,94,437
13:4:22,308970.44,3398.51,270344.81,48.20,26.30,95,312
13:5:23,294985.78,3289.27,267123.28,48.20,26.40,95,459
13:6:23,313910.28,3398.51,267123.28,47.70,26.40,96,354
13:7:23,304173.78,3454.77,280281.72,47.30,26.40,93,404
13:8:24,281243.13,3286.55,270046.06,47.60,26.30,94,429
13:9:24,304173.78,3412.47,268192.19,47.50,26.30,97,395
13:10:25,346950.59,3645.71,295399.53,47.10,26.20,89,424
13:11:25,358711.59,3515.52,281603.78,44.80,26.10,108,461
13:12:26,353099.75,3600.52,289473.72,45.40,26.00,110,418
13:13:26,372841.81,3570.77,290647.50,44.10,25.90,87,318
13:14:27,304173.78,3302.69,273611.13,45.30,25.90,93,361
13:15:27,324245.97,3497.72,283687.97,47.10,26.00,91,410
13:16:28,334539.47,3501.02,289688.25,47.00,26.10,94,432
13:17:28,329656.06,3275.91,264999.97,46.10,26.10,92,406
13:18:29,249156.56,3145.84,272517.34,46.10,26.10,92,343
13:19:29,335237.88,3316.18,262895.91,46.00,26.10,88,365
13:20:30,290583.22,3426.50,279156.91,45.50,26.10,93,313
13:21:30,290583.22,3249.39,261851.02,46.70,26.10,92,481
13:22:31,308970.44,3370.79,275813.97,46.70,26.10,96,446
13:23:31,299514.16,3343.35,264999.97,47.00,26.10,91,271
13:24:32,329656.06,3398.51,267123.28,48.00,26.10,91,447
13:25:32,335237.88,3630.57,284834.13,46.00,26.20,88,325
13:26:33,318999.81,3289.27,258744.38,44.50,26.20,91,291
13:27:33,307999.84,3259.85,266819.19,45.80,26.30,92,419
13:28:34,294985.78,3483.33,270344.81,46.70,26.30,91,342
13:29:34,329656.06,3384.62,287142.84,45.90,26.30,90,486
13:30:35,364137.66,3527.88,282464.47,46.50,26.40,93,317
13:31:35,335237.88,3483.33,276923.09,45.50,26.40,92,314
13:32:36,313910.28,3497.72,279156.91,46.50,26.40,94,329
13:33:36,335237.88,3707.09,290647.50,44.90,26.40,89,303
13:34:37,346950.59,3600.52,289473.72,43.70,26.40,92,312
13:35:37,329656.06,3454.77,278037.41,44.00,26.40,89,392
13:36:38,346950.59,3570.77,284834.13,45.00,26.50,90,431
13:37:38,345868.63,3495.43,281132.09,46.30,26.50,90,306
13:38:39,379892.53,3600.52,285985.75,45.60,26.50,86,325
13:39:39,303854.94,3379.16,273148.16,44.50,26.60,84,443
13:40:40,290583.22,3398.51,262895.91,45.20,26.60,85,572
13:41:40,313910.28,3370.79,261851.02,45.80,26.70,85,508
13:42:41,313910.28,3329.73,270344.81,44.30,26.80,86,372
13:43:41,318999.81,3357.04,261851.02,44.60,26.80,84,318
13:44:42,324245.97,3483.33,273611.13,44.60,26.90,85,434
13:45:42,278079.91,3083.10,248684.22,44.20,26.90,90,426
13:46:43,262886.00,3184.21,254666.64,44.80,26.90,87,373
13:47:43,308970.44,3249.39,251655.63,44.20,26.90,85,469
13:48:44,270285.63,3158.57,264999.97,44.60,26.90,86,502
13:49:44,328968.56,3429.57,268348.59,45.50,27.00,85,350
13:50:45,324245.97,3412.47,272517.34,45.80,27.00,86,387
13:51:45,282135.03,3384.62,263945.56,44.50,26.90,85,451
13:52:45,255851.78,3302.69,257718.13,44.00,26.90,84,447
13:53:46,299514.16,3302.69,253658.52,44.40,26.90,91,502
13:54:46,324245.97,3541.33,279156.91,44.50,26.90,81,473
13:55:47,294985.78,3370.79,262895.91,42.60,26.80,88,454
13:56:47,418862.34,3748.15,291346.16,43.80,26.80,89,339
13:57:48,340999.78,3585.60,279156.91,42.20,26.70,81,476
13:58:48,346950.59,3497.72,279156.91,43.80,26.60,153,663
13:59:49,329656.06,3370.79,258744.38,44.80,26.50,82,414
14:0:49,353099.75,3426.50,268192.19,45.10,26.50,86,352
14:1:50,334190.28,3583.50,282269.53,43.00,26.50,82,430
14:2:50,308970.44,3316.18,260810.78,44.20,26.50,84,436
14:3:51,340644.94,3565.13,276456.91,44.20,26.40,85,512
14:4:51,359457.34,3454.77,275813.97,43.40,26.40,87,374
14:5:52,339935.25,3509.92,272222.19,43.90,26.40,83,496
14:6:52,359457.34,3526.72,275813.97,44.20,26.40,87,370
14:7:53,352366.44,3589.18,278220.16,43.90,26.40,89,356
14:8:53,364896.28,3553.85,282269.53,43.70,26.40,95,388
14:9:54,329656.06,3512.18,282547.19,45.00,26.40,90,326
14:10:54,318999.81,3526.72,274710.00,44.50,26.40,86,371
14:11:55,304173.78,3329.73,253658.52,45.50,26.50,89,473
14:12:55,286301.25,3329.73,266059.22,44.50,26.60,97,444
14:13:56,329656.06,3454.77,261851.02,46.00,26.60,131,476
14:14:56,274131.47,3158.57,245751.64,44.20,26.70,95,364
14:15:57,318999.81,3329.73,268192.19,45.60,26.80,93,333
14:16:57,294985.78,3454.77,270344.81,45.60,26.90,91,313
14:17:58,286301.25,3236.23,256696.41,46.00,26.90,93,316
14:18:58,299514.16,3329.73,270344.81,46.70,27.00,95,343
14:19:59,299514.16,3275.91,251655.63,45.50,27.10,89,367
14:20:59,262886.00,3302.69,261851.02,45.30,27.10,90,316
14:22:0,329656.06,3357.04,266059.22,45.00,27.20,94,366
14:23:0,299514.16,3249.39,274710.00,45.90,27.20,99,401
14:24:1,304173.78,3223.13,251655.63,44.30,27.30,92,392
14:25:1,262607.50,3140.62,269885.03,45.40,27.30,93,328
14:26:2,262886.00,3184.21,244782.61,45.60,27.40,94,373
14:27:2,307999.84,3410.00,266819.19,45.70,27.40,94,493
14:28:3,335237.88,3398.51,272517.34,45.20,27.50,96,392
14:29:3,366034.22,3570.77,274710.00,43.60,27.50,94,346
14:30:4,340999.78,3541.33,272517.34,42.70,27.50,99,303
14:31:4,359084.47,3550.38,276456.91,43.40,27.60,99,410
14:32:5,335237.88,3440.60,270344.81,42.70,27.60,95,505
14:33:5,299199.84,3217.83,258295.95,43.40,27.60,93,330
14:34:6,334190.28,3481.01,271131.63,43.50,27.70,99,312
14:35:6,277493.25,3160.86,244880.17,42.30,27.70,96,380
14:36:7,285999.88,3217.83,254222.20,42.90,27.60,101,327
14:37:7,282135.03,3223.13,257718.13,43.40,27.60,98,390
14:38:8,346589.94,3535.71,283215.16,44.50,27.60,96,473
14:39:8,353099.75,3676.24,288305.50,42.90,27.60,100,333
14:40:8,346950.59,3541.33,280281.72,41.20,27.60,96,327
14:41:9,371297.94,3762.23,291084.34,44.00,27.60,95,439
14:42:9,353099.75,3440.60,264999.97,40.90,27.60,97,358
14:43:10,366034.22,3440.60,281411.78,43.10,27.60,95,321
14:44:10,379892.53,3660.94,280281.72,42.10,27.50,94,394
14:45:11,335237.88,3398.51,266059.22,40.80,27.50,95,340
14:46:11,379892.53,3469.02,268192.19,42.90,27.50,96,376
14:47:12,340644.94,3324.32,270967.72,43.10,27.50,94,400
14:48:12,318999.81,3289.27,256696.41,44.20,27.50,93,242
14:49:13,278079.91,3210.10,258744.38,43.10,27.60,97,255
14:50:13,294985.78,3262.62,249670.31,43.70,27.70,108,406
14:51:14,329656.06,3426.50,266059.22,43.20,27.70,95,331
14:52:14,299514.16,3145.84,241900.66,43.20,27.80,93,541
14:53:15,318999.81,3289.27,267123.28,42.60,27.80,93,383
14:54:15,308970.44,3249.39,253658.52,42.80,27.80,93,345
14:55:16,329656.06,3384.62,260810.78,44.10,27.90,94,283
14:56:16,308970.44,3184.21,257718.13,44.20,27.80,95,353
14:57:17,366034.22,3497.72,269266.03,43.10,27.90,90,300
14:58:17,372841.81,3497.72,274710.00,42.40,27.90,94,454
14:59:18,285999.88,3077.93,243383.94,43.50,27.90,92,263
15:0:18,313910.28,3497.72,268192.19,44.20,27.90,93,422
15:1:19,353099.75,3440.60,280281.72,41.60,27.90,94,300
15:2:19,358338.69,3466.67,272222.19,40.50,27.80,93,341
15:3:20,371683.91,3368.24,274418.63,41.60,27.80,92,302
15:4:20,366034.22,3541.33,278037.41,43.00,27.80,92,338
15:5:21,340644.94,3365.35,263492.03,40.00,27.80,93,353
15:6:21,329312.31,3297.31,257270.69,40.40,27.80,95,329
15:7:22,359457.34,3440.60,271428.59,40.80,27.80,88,375
15:8:22,379892.53,3497.72,267123.28,40.80,27.80,93,252
15:9:23,313910.28,3236.23,255679.27,40.90,27.80,90,256
15:10:23,290583.22,3184.21,251655.63,42.30,27.70,93,300
15:11:24,308970.44,3236.23,257718.13,43.40,27.80,89,492
15:12:24,324245.97,3357.04,260810.78,44.50,27.80,89,274
15:13:25,303854.94,3270.56,260360.34,42.90,27.80,89,374
15:14:25,274131.47,3158.57,250660.78,43.40,27.90,85,346
15:15:26,328624.81,3313.51,263636.34,43.00,27.90,87,313
15:16:26,294985.78,3289.27,257718.13,41.30,27.90,88,319
15:17:27,313910.28,3223.13,261851.02,42.50,27.90,86,282
15:18:27,353099.75,3483.33,274710.00,43.40,27.90,88,288
15:19:28,294985.78,3210.10,251655.63,41.80,27.90,86,383
15:20:28,294985.78,3398.51,273611.13,41.60,27.90,91,330
15:21:29,385999.66,3452.39,266819.19,42.50,28.00,82,418
15:22:29,335237.88,3412.47,250660.78,42.00,28.00,85,393
15:23:30,353099.75,3454.77,270344.81,40.70,27.90,83,321
15:24:30,313910.28,3343.35,261851.02,42.30,27.90,85,356
15:25:31,294985.78,3289.27,259775.27,43.20,28.00,83,516
15:26:31,255851.78,3108.02,246724.89,41.90,28.10,82,412
15:27:32,277199.91,3155.61,253333.31,43.40,28.10,82,407
15:28:32,308970.44,3249.39,253658.52,43.40,28.20,84,327
15:29:33,353099.75,3556.01,278037.41,41.60,28.20,81,326
15:30:33,290277.66,3324.32,268807.31,39.70,28.10,83,420
15:31:34,274131.47,3133.18,248684.22,40.70,28.10,83,372
15:32:34,318666.47,3310.78,259325.83,41.40,28.10,83,449
15:33:35,317999.81,3246.60,248351.64,40.30,28.20,151,590
15:34:35,282135.03,3158.57,245751.64,41.40,28.20,88,351
15:35:35,318999.81,3302.69,259775.27,41.60,28.20,85,524
15:36:36,298571.28,3207.23,267889.88,42.90,28.30,86,540
15:37:36,303536.09,3225.60,253777.77,41.80,28.30,84,497
15:38:37,298571.28,3104.96,246389.50,40.70,28.30,86,470
15:39:37,318999.81,3302.69,271428.59,41.60,28.30,89,402
15:40:38,290277.66,3217.83,260360.34,39.70,28.30,91,424
15:41:38,329656.06,3275.91,261851.02,40.70,28.30,83,328
15:42:39,372069.88,3501.02,272685.22,40.20,28.30,89,296
15:43:39,346950.59,3384.62,261851.02,39.50,28.30,91,438
15:44:40,318999.81,3249.39,241900.66,39.30,28.30,96,499
15:45:40,334539.47,3251.94,254788.39,39.80,28.30,92,292
15:46:41,299514.16,3223.13,250660.78,40.10,28.30,89,416
15:47:41,299514.16,3316.18,267123.28,40.00,28.30,94,345
15:48:42,366034.22,3497.72,275813.97,40.40,28.30,90,356
15:49:42,335237.88,3440.60,267123.28,39.40,28.30,88,428
15:50:43,340999.78,3426.50,267123.28,39.90,28.20,93,384
15:51:43,329656.06,3440.60,269266.03,39.30,28.20,95,280
15:52:44,351999.78,3424.06,270046.06,39.80,28.10,98,261
15:53:44,359457.34,3440.60,275813.97,39.50,28.10,95,321
15:54:45,304173.78,3223.13,249670.31,39.40,28.10,92,412
15:55:45,346950.59,3426.50,274710.00,39.30,28.00,94,285
15:56:46,394777.44,3440.60,266059.22,39.60,28.10,93,366
15:57:46,371683.91,3539.13,273317.88,39.40,28.10,89,268
15:58:47,329656.06,3370.79,262895.91,39.00,28.10,93,386
15:59:47,378713.97,3553.85,271131.63,41.00,28.10,97,315
16:0:48,335237.88,3398.51,264999.97,40.80,28.10,92,245
16:1:48,307999.84,3259.85,251327.42,41.50,28.10,97,247
16:2:49,294985.78,3262.62,271428.59,42.00,28.10,96,455
16:3:49,324245.97,3316.18,259775.27,41.00,28.10,96,390
16:4:50,410807.31,3497.72,262895.91,39.80,28.10,96,347
16:5:50,308970.44,3236.23,256696.41,39.80,28.10,96,309
16:6:51,318999.81,3133.18,253658.52,40.00,28.00,96,415
16:7:51,384399.66,3416.08,257657.64,40.00,28.00,103,229
16:8:52,394777.44,3483.33,279156.91,38.90,27.90,100,312
16:9:52,351999.78,3382.09,266819.19,38.80,27.80,95,372
16:10:53,329656.06,3197.12,258744.38,40.00,27.80,98,347
16:11:53,364896.28,3539.13,276635.53,39.40,27.80,98,350
16:12:54,324245.97,3316.18,278037.41,39.70,27.70,95,248
16:13:54,323907.50,3351.60,272055.44,39.30,27.70,96,299
16:14:55,318666.47,3351.60,257270.69,38.70,27.70,99,416
16:15:55,359457.34,3541.33,272517.34,39.50,27.70,94,360
16:16:56,353099.75,3412.47,273611.13,38.40,27.70,99,303
16:17:56,379892.53,3426.50,274710.00,39.20,27.70,92,416
16:18:57,353099.75,3454.77,266059.22,39.10,27.70,96,283
16:19:57,372841.81,3440.60,271428.59,39.90,27.70,94,310
16:20:58,340999.78,3398.51,269266.03,39.40,27.70,97,288
16:21:58,340999.78,3316.18,245751.64,40.50,27.70,94,343
16:22:59,282135.03,3184.21,257718.13,40.90,27.70,98,344
16:23:59,329656.06,3343.35,274710.00,40.60,27.70,171,465
16:25:0,329656.06,3329.73,268192.19,39.80,27.70,97,356
16:26:0,329312.31,3230.92,255233.83,39.20,27.70,93,438
16:27:1,313910.28,3249.39,254666.64,39.10,27.70,96,314
16:28:1,318999.81,3223.13,254666.64,39.00,27.60,94,379
16:29:2,335237.88,3483.33,267123.28,41.00,27.60,96,286
16:30:2,308970.44,3236.23,252654.84,39.40,27.60,104,284
16:31:3,329656.06,3343.35,263945.56,39.80,27.60,94,271
16:32:3,308970.44,3343.35,266059.22,39.40,27.60,93,257
16:33:4,340999.78,3370.79,269266.03,39.80,27.60,93,275
16:34:4,366034.22,3512.18,272517.34,40.70,27.50,93,247
16:35:4,329656.06,3275.91,261851.02,39.00,27.50,96,266
16:36:5,410807.31,3526.72,270344.81,40.70,27.50,96,356
16:37:5,308970.44,3223.13,255679.27,38.40,27.50,93,381
16:38:6,266538.38,3184.21,251655.63,41.40,27.40,95,342
16:39:6,294985.78,3236.23,258744.38,41.90,27.40,93,389
16:40:7,273552.53,3186.57,256823.27,41.10,27.40,95,358
16:41:7,266538.38,3197.12,255679.27,41.20,27.40,91,287
16:42:8,259049.92,3217.83,258295.95,41.70,27.40,94,347
16:43:8,259324.92,3171.36,249670.31,41.60,27.30,90,433
16:44:9,278079.91,3236.23,257718.13,41.40,27.40,89,429
16:45:9,304173.78,3440.60,267123.28,40.50,27.30,89,418
16:46:10,290583.22,3249.39,253658.52,40.10,27.30,88,408
16:47:10,304173.78,3302.69,260810.78,40.50,27.20,91,327
16:48:11,262886.00,3223.13,252654.84,39.90,27.20,88,410
16:49:11,262886.00,3171.36,254666.64,40.30,27.20,88,387
16:50:12,290583.22,3236.23,251655.63,41.10,27.20,88,375
16:51:12,278079.91,3223.13,253658.52,40.20,27.20,86,346
16:52:13,285698.50,3278.54,250772.63,41.50,27.20,94,456
16:53:13,236689.61,3108.02,242857.14,42.30,27.20,84,385
16:54:14,281243.13,3220.29,254342.97,42.90,27.10,85,329
16:55:14,278079.91,3329.73,256696.41,42.60,27.10,84,446
16:56:15,252463.36,3083.10,243817.78,42.30,27.10,85,356
16:57:15,252463.36,3145.84,240000.00,42.80,27.10,85,314
16:58:16,245928.52,3158.57,247702.41,43.00,27.00,89,435
16:59:16,233749.95,3133.18,248684.22,42.70,27.00,82,316
17:0:17,281243.13,3246.60,258426.95,43.40,27.00,88,346
17:1:17,329656.06,3343.35,254666.64,42.30,27.00,84,438
17:2:18,255851.78,3171.36,244782.61,41.40,26.90,86,354
17:3:18,251926.78,3186.57,248791.20,41.80,26.90,85,466
17:4:19,270285.63,3210.10,258744.38,42.60,26.80,86,487
17:5:19,265974.28,3225.60,257847.52,42.30,26.80,88,305
17:6:20,299514.16,3275.91,259775.27,42.20,26.80,88,479
17:7:20,252463.36,3210.10,251655.63,41.80,26.70,88,516
17:8:21,225318.66,3184.21,250660.78,42.70,26.70,85,343
17:9:21,255036.97,3246.60,258426.95,43.40,26.60,82,340
17:10:22,239697.64,3145.84,246724.89,43.00,26.60,82,478
17:11:22,282135.03,3249.39,255679.27,43.00,26.60,89,463
17:12:23,210020.61,3145.84,247702.41,42.50,26.60,89,425
17:13:23,262886.00,3184.21,247702.41,42.80,26.60,84,382
17:14:24,252463.36,3184.21,247702.41,42.60,26.50,82,476
17:15:24,242258.78,3199.52,251769.89,43.10,26.50,82,408
17:16:25,214905.25,3171.36,250660.78,43.40,26.40,88,378
17:17:25,236436.73,3166.11,241468.69,42.60,26.40,88,341
17:18:26,216723.38,3142.86,246389.50,43.20,26.40,93,273
17:19:26,239697.64,3223.13,255679.27,44.20,26.30,91,378
17:20:27,222630.41,3197.12,251655.63,43.20,26.30,91,399
17:21:27,203060.00,3158.57,249670.31,43.30,26.30,94,368
17:22:28,227333.31,3168.42,237768.23,43.70,26.30,101,481
17:23:28,210020.61,3095.53,241900.66,44.30,26.20,94,335
17:24:29,178946.44,3120.57,243817.78,45.20,26.20,91,353
17:25:29,166941.20,3115.37,243383.94,46.10,26.20,92,433
17:26:30,184477.08,3158.57,248684.22,45.60,26.20,93,611
17:27:30,184477.08,3171.36,248684.22,44.90,26.20,96,554
17:28:31,198215.67,3212.53,250772.63,45.50,26.10,88,290
17:29:31,155212.64,3070.73,246724.89,45.50,26.10,104,367
17:30:31,153828.16,3070.73,241900.66,48.30,26.10,91,383
17:31:32,167126.08,3171.36,250660.78,47.50,26.10,91,478
17:32:32,160975.64,3145.84,247702.41,46.60,26.00,89,479
17:33:33,162475.44,3133.18,243817.78,47.20,26.00,93,349
17:34:33,164000.02,3145.84,250660.78,47.30,26.00,90,323
17:35:34,160975.64,3145.84,249670.31,46.50,25.90,93,468
17:36:34,149801.56,3095.53,243817.78,46.70,25.90,94,326
17:37:35,175421.08,3083.10,236247.34,47.00,25.90,96,390
17:38:35,172017.27,3108.02,245751.64,46.30,25.80,93,380
17:39:36,165366.69,3115.37,249230.77,46.50,25.80,97,384
17:40:36,151123.11,3108.02,244782.61,48.00,25.80,89,385
17:41:37,141087.00,3108.02,246724.89,48.40,25.80,98,336
17:42:37,149801.56,3158.57,251655.63,49.10,25.80,93,488
17:43:38,170359.00,3133.18,251655.63,48.90,25.70,101,351
17:44:38,152294.61,3115.37,251214.13,47.40,25.70,93,385
17:45:39,162475.44,3158.57,246724.89,49.50,25.70,97,326
17:46:39,215787.22,3291.89,261818.16,47.80,25.70,101,384
17:47:40,190320.77,3197.12,257718.13,45.10,25.70,93,302
17:48:40,158048.03,3120.57,248684.22,47.30,25.70,93,386
17:49:41,155212.64,3095.53,245751.64,48.30,25.70,94,366
17:50:41,200831.69,3275.91,263945.56,48.40,25.70,92,422
17:51:42,188336.47,3171.36,248684.22,46.80,25.70,95,476
17:52:42,206979.58,3259.85,261538.44,45.60,25.70,95,355
17:53:43,177168.16,3158.57,253658.52,45.20,25.60,99,476
17:54:43,203060.00,3236.23,256696.41,47.00,25.60,93,245
17:55:44,173704.38,3145.84,249670.31,47.80,25.60,96,337
17:56:44,159145.20,3110.17,246827.14,48.80,25.50,93,347
17:57:45,174842.13,3181.29,257399.09,48.60,25.50,93,362
17:58:45,171258.64,3176.02,250884.94,50.40,25.50,94,475
17:59:46,143485.33,3108.02,249670.31,49.10,25.50,97,444
18:0:46,153828.16,3120.57,241900.66,51.30,25.50,95,401
18:1:47,144711.16,3083.10,243817.78,50.50,25.50,115,546
18:2:47,145955.25,3133.18,252654.84,51.20,25.40,95,329
18:3:48,144548.19,3102.83,250220.25,51.60,25.50,96,427
18:4:48,143485.33,3145.84,252654.84,50.90,25.40,93,606
18:5:49,134291.70,3120.57,244782.61,50.10,25.40,120,771
18:6:49,144548.19,3065.57,234893.61,49.90,25.40,96,555
18:7:50,119547.13,3021.81,238115.63,50.10,25.40,97,584
18:8:50,125921.10,3115.37,247264.78,50.30,25.40,96,561
18:9:51,119547.13,3083.10,244782.61,49.90,25.40,93,260
18:10:51,117788.78,3108.02,240948.28,50.90,25.40,90,375
18:11:52,121350.27,3108.02,244782.61,50.30,25.30,93,282
18:12:52,130952.43,3115.37,245315.91,50.40,25.30,87,341
18:13:53,133213.84,3095.53,244782.61,50.50,25.30,94,527
18:14:53,148500.03,3108.02,245751.64,49.90,25.30,89,407
18:15:54,126065.84,3095.53,252654.84,50.10,25.30,92,303
18:16:54,135230.81,3077.93,248245.61,52.20,25.30,88,393
18:17:54,116925.89,3095.53,249670.31,51.60,25.30,91,586
18:18:55,119547.13,3070.73,246724.89,51.70,25.30,99,406
18:19:55,145955.25,3184.21,249670.31,51.30,25.30,87,551
18:20:56,135873.28,3124.94,245951.88,50.40,25.20,83,449
18:21:56,148500.03,3197.12,251655.63,51.70,25.30,88,434
18:22:57,156619.08,3133.18,247702.41,50.10,25.30,81,357
18:23:57,172017.27,3184.21,255679.27,49.20,25.20,85,313
18:24:58,155212.64,3058.41,235319.14,49.50,25.20,83,679
18:25:58,156444.48,3127.96,244347.83,50.60,25.20,92,435
18:26:59,172017.27,3145.84,243817.78,50.00,25.20,84,466
18:27:59,222630.41,3262.62,250660.78,49.90,25.20,88,362
18:29:0,214905.25,3275.91,259775.27,49.30,25.20,82,453
18:30:0,224835.14,3291.93,255803.55,49.30,25.10,89,448
18:31:1,239697.64,3316.18,255679.27,47.70,25.10,82,395
18:32:1,196504.86,3197.12,254666.64,47.90,25.10,83,526
18:33:2,212437.48,3108.02,231645.58,49.10,25.10,83,417
18:34:2,214905.25,3145.84,246724.89,49.90,25.20,85,473
18:35:3,175421.08,3058.41,238115.63,48.60,25.20,81,390
18:36:3,227333.31,3233.41,259459.44,49.90,25.10,85,441
18:37:4,217191.47,3178.95,250220.25,48.50,25.20,82,366
18:38:4,212437.48,3171.36,250660.78,49.10,25.20,81,380
18:39:5,222630.41,3184.21,251655.63,48.60,25.20,88,395
18:40:5,252463.36,3302.69,262895.91,49.40,25.30,85,445
18:41:6,233749.95,3210.10,255679.27,46.90,25.30,83,373
18:42:6,232999.97,3130.17,244444.45,48.90,25.40,84,339
18:43:7,270285.63,3262.62,257718.13,48.80,25.40,88,459
18:44:7,242776.42,3223.13,256696.41,47.90,25.40,87,409
18:45:8,269428.47,3246.60,254342.97,47.30,25.50,92,380
18:46:8,274131.47,3197.12,251655.63,47.10,25.50,85,359
18:47:9,281540.44,3291.93,255803.55,46.90,25.60,64,289
18:48:9,303217.25,3313.51,265753.41,46.60,25.60,95,524
18:49:10,294985.78,3454.77,273611.13,46.20,25.60,90,385
18:50:10,294985.78,3384.62,268192.19,46.00,25.70,90,425
18:51:11,313581.91,3379.16,262443.41,45.90,25.70,91,404
18:52:11,281243.13,3246.60,257399.09,45.30,25.70,91,402
18:53:12,254222.16,3243.80,258108.09,47.40,25.70,91,396
18:54:12,242776.42,3223.13,257718.13,47.90,25.80,95,451
18:55:13,241741.13,3228.09,261085.95,47.80,25.80,97,390
18:56:13,214905.25,3145.84,254666.64,47.40,25.80,94,354
18:57:14,207653.05,3095.53,249670.31,48.90,25.80,90,335
18:58:14,188336.47,3120.57,255679.27,49.40,25.80,92,328
18:59:15,217425.52,3120.57,234394.92,48.60,25.80,91,394
19:0:15,214905.25,3083.10,241900.66,48.40,25.80,95,487
19:1:16,193980.77,3097.64,247807.02,48.00,25.80,97,432
19:2:16,170359.00,3070.73,248684.22,47.90,25.80,93,551
19:3:17,190320.77,3145.84,256696.41,48.60,25.80,91,436
19:4:17,190320.77,3133.18,260810.78,48.30,25.80,90,538
19:5:17,183871.56,3130.17,256375.84,48.40,25.80,95,375
19:6:18,190320.77,3133.18,256696.41,48.90,25.80,92,348
19:7:18,180756.78,3120.57,250660.78,48.40,25.70,94,348
19:8:19,185777.80,3142.86,259459.44,48.60,25.70,97,317
19:9:19,184275.23,3127.96,256249.98,49.10,25.70,95,389
19:10:20,190876.20,3173.08,261818.16,49.10,25.70,93,466
19:11:20,150615.42,3055.27,251327.42,49.00,25.70,95,309
19:12:21,156619.08,3108.02,263945.56,50.90,25.70,96,349
19:13:21,173704.38,3145.84,262895.91,51.20,25.70,98,375
19:14:22,166571.45,3155.61,270046.06,50.00,25.70,94,447
19:15:22,172017.27,3120.57,257718.13,50.60,25.70,95,295
19:16:23,169982.94,3148.10,266210.03,50.70,25.60,99,418
19:17:23,158048.03,3095.53,263945.56,51.10,25.60,100,370
19:18:24,155212.64,3108.02,262895.91,51.50,25.60,96,590
19:19:24,150784.64,3097.64,254788.39,51.60,25.60,95,336
19:20:25,159500.03,3095.53,257718.13,51.30,25.50,93,397
19:21:25,157903.27,3149.64,264073.19,51.00,25.50,100,415
19:22:26,144711.16,3095.53,260810.78,51.70,25.50,94,363
19:23:26,133213.84,3046.15,247702.41,51.50,25.50,97,291
19:24:27,134291.70,3083.10,253658.52,52.30,25.50,95,323
19:25:27,148500.03,3095.53,248684.22,52.30,25.40,95,391
19:26:28,172017.27,3158.57,254666.64,51.50,25.40,92,441
19:27:28,136493.00,3033.95,249670.31,49.00,25.40,93,563
19:28:29,128040.05,2997.69,240948.28,50.80,25.40,96,509
19:29:29,103731.83,2915.00,234394.92,50.90,25.40,92,502
19:30:30,115938.62,2992.61,251214.13,51.40,25.40,93,513
19:31:30,115231.68,2997.69,256696.41,52.70,25.40,93,369
19:32:31,116246.88,3057.28,260633.47,52.90,25.30,98,397
19:33:31,109999.98,3042.99,263636.34,53.60,25.30,92,567
19:34:32,107218.37,3041.03,261399.55,52.90,25.30,94,455
19:35:32,95832.45,2973.79,259775.27,53.30,25.30,89,349
19:36:33,102422.21,3032.71,260633.47,55.10,25.30,96,476
19:37:33,107710.96,3055.27,264692.47,52.70,25.30,94,434
19:38:34,102666.66,3030.77,262585.00,52.70,25.30,90,518
19:39:34,94611.40,3009.72,263945.56,52.00,25.30,94,430
19:40:35,87252.43,2973.79,258744.38,53.30,25.30,94,513
19:41:35,87252.43,3033.95,261851.02,53.50,25.20,87,337
19:42:36,91666.66,2997.69,260810.78,53.00,25.20,85,577
19:43:36,99297.29,3030.77,262585.00,52.50,25.20,90,381
19:44:37,125098.09,3046.15,260810.78,52.10,25.20,87,517
19:45:37,102911.09,2992.61,261399.55,50.50,25.20,92,368
19:46:38,103033.32,2985.71,257718.13,52.60,25.10,88,382
19:47:38,103731.83,3033.95,269266.03,53.30,25.10,95,505
19:48:39,101659.33,3009.72,261851.02,53.40,25.10,89,615
19:49:39,104438.19,3009.72,261851.02,53.60,25.10,89,473
19:50:39,89641.79,2970.51,261538.44,52.30,25.10,83,489
19:51:40,100315.20,2997.69,259775.27,54.70,25.10,80,384
19:52:40,107344.80,2997.69,258744.38,51.90,25.00,82,620
19:53:41,99059.45,3008.37,265903.88,51.30,25.10,85,403
19:54:41,91666.66,2961.93,256696.41,52.00,25.00,85,506
19:55:42,89970.15,2997.69,262895.91,51.90,25.00,94,450
19:56:42,91095.48,2985.71,262895.91,53.30,25.00,84,539
19:57:43,89760.00,3022.43,267126.41,53.80,25.00,86,349
19:58:43,79378.39,2938.36,258744.38,54.20,25.00,84,446
19:59:44,72167.35,2938.36,257718.13,54.70,24.90,83,671
20:0:44,68750.00,2926.65,255679.27,53.90,24.90,95,472
20:1:45,65914.06,2926.65,255679.27,54.60,24.90,79,402
20:2:45,63250.00,2938.36,254666.64,54.70,24.90,81,551
20:3:46,59249.10,2938.36,255679.27,54.60,24.90,84,483
20:4:46,57526.50,2926.65,257718.13,55.80,24.90,81,732
20:5:47,55340.20,2938.36,250660.78,56.40,24.90,79,601
20:6:47,53523.49,2950.11,256696.41,54.80,24.80,85,540
20:7:48,53270.90,2926.65,252654.84,55.30,24.80,86,509
20:8:48,55075.34,2985.71,256696.41,54.80,24.80,84,811
20:9:49,55606.89,2973.79,255679.27,54.30,24.80,80,761
20:10:49,60058.40,2980.65,258295.95,54.20,24.80,86,680
20:11:50,55606.89,2985.71,257718.13,52.20,24.80,157,677
20:12:50,53810.81,2935.01,255357.13,54.80,24.70,91,771
20:13:51,51071.43,2903.40,251655.63,55.30,24.70,83,534
20:14:51,50600.00,2926.65,252654.84,56.40,24.70,83,571
20:15:52,50366.56,2926.65,252654.84,56.60,24.70,93,712
20:16:52,50834.95,2938.36,252654.84,54.90,24.60,88,584
20:17:53,50366.56,2926.65,250660.78,55.60,24.60,91,697
20:18:53,49221.52,2903.40,246724.89,54.60,24.60,91,616
20:19:54,49675.16,2950.11,252654.84,55.50,24.60,85,474
20:20:54,50600.00,2938.36,252654.84,55.10,24.60,84,476
20:21:55,50366.56,2926.65,253658.52,54.80,24.60,93,587
20:22:55,51549.02,2938.36,253658.52,55.20,24.60,96,427
20:23:56,51549.02,2973.79,256696.41,55.30,24.50,91,566
20:41:9,37382.59,2558.14,241900.66,46.90,25.60,1194,4469
20:42:4,39157.61,2450.00,206759.44,46.40,25.70,168,2170
20:42:49,40865.92,2421.35,194219.66,46.20,25.90,0,276
20:43:43,38016.00,2178.60,167324.95,44.70,26.20,179,2110
20:44:43,39157.61,2178.60,162123.91,44.60,26.20,89,1100
20:45:44,38663.07,2178.60,158947.38,43.40,26.50,106,751
20:46:44,39939.39,2252.28,163701.08,43.30,26.50,4670,9516
20:47:45,38648.65,2208.64,154782.61,42.50,26.60,5204,10134
20:48:45,40171.27,2274.35,160211.28,42.50,26.60,5206,10000
20:49:46,38500.00,2204.31,148551.98,42.70,26.60,5272,10303
20:50:46,40865.92,2274.35,159578.20,42.60,26.60,5150,10004
20:51:47,38767.57,2217.29,147619.03,43.10,26.60,5264,10225
20:52:47,39708.79,2239.13,152677.05,42.70,26.50,5360,10170
20:53:47,38016.00,2204.31,145025.28,42.50,26.50,5172,10304
20:56:10,41042.02,2538.11,166666.67,42.60,26.50,0,0
20:56:10,41042.02,2538.11,166666.67,42.60,26.50,0,0
20:58:30,44389.38,2880.36,227139.89,49.70,26.30,17,265
20:59:32,47462.97,2812.47,215853.64,50.10,26.00,79,457
21:0:4,43046.24,2319.28,166666.67,49.80,25.90,151,685
21:1:5,44982.14,2346.67,167324.95,49.70,25.80,118,231
21:2:5,45453.45,2346.96,166606.83,50.90,25.60,121,401
21:3:6,45789.16,2365.11,166010.73,51.90,25.40,103,495
21:4:6,45182.09,2337.50,163410.31,52.60,25.20,106,492
21:5:7,46200.00,2365.11,166010.73,53.30,25.10,103,644
21:6:7,46273.56,2374.75,165295.17,53.40,24.90,109,346
21:7:7,46825.69,2411.89,164705.89,54.20,24.80,103,445
21:8:8,46200.00,2393.06,164705.89,53.70,24.70,99,442
21:9:8,46615.86,2402.45,166010.73,54.40,24.60,109,542
21:10:9,47036.81,2421.35,163410.31,55.30,24.50,104,637
21:11:9,46825.69,2402.45,163410.31,55.10,24.40,102,249
21:12:10,47609.91,2435.88,166308.25,54.80,24.30,103,467
21:13:10,47462.97,2450.00,164056.95,54.40,24.20,104,355
21:14:11,47249.23,2421.35,163410.31,54.80,24.20,99,538
21:15:11,46407.30,2421.35,163410.31,54.80,24.10,105,336
21:16:12,46825.69,2440.41,163410.31,55.70,24.10,103,388
21:17:12,47462.97,2459.63,163410.31,55.50,24.10,109,366
21:18:13,46825.69,2440.41,164056.95,55.60,24.00,103,406
21:19:13,46825.69,2430.86,161484.09,56.50,23.90,104,292
21:20:14,47046.16,2436.36,164285.72,56.20,23.90,102,401
21:21:14,46615.86,2421.35,161484.09,56.00,23.80,102,459
21:22:15,46615.86,2459.63,163410.31,56.20,23.80,102,277
21:23:15,46758.41,2464.73,164349.39,57.90,23.70,102,274
21:24:16,45993.96,2430.86,162765.97,58.00,23.70,102,250
21:25:16,45789.16,2430.86,164705.89,58.90,23.70,101,354
21:26:17,45585.58,2421.35,161484.09,59.70,23.60,101,479
21:27:17,45383.23,2402.45,163410.31,59.50,23.60,102,183
21:28:18,45585.58,2402.45,155826.09,59.50,23.60,99,430
21:29:18,44982.14,2402.45,155208.34,58.00,23.50,101,383
21:30:19,44982.14,2402.45,155208.34,58.70,23.50,106,343
21:31:19,44585.80,2402.45,153979.25,58.80,23.50,102,377
21:32:20,44585.80,2383.71,153979.25,58.40,23.40,100,433
21:33:20,44194.12,2365.11,154592.73,58.70,23.40,102,480
21:34:21,44389.38,2383.71,153367.89,58.40,23.40,102,369
21:35:21,44389.38,2383.71,153367.89,57.30,23.40,100,236
21:36:22,43807.02,2383.71,152758.63,57.20,23.30,100,512
21:37:22,44585.80,2402.45,153979.25,56.90,23.30,101,509
21:38:22,44389.38,2402.45,152151.48,57.00,23.30,109,674
21:39:23,44194.12,2393.06,153367.89,57.30,23.30,100,402
21:40:23,44194.12,2383.71,152758.63,56.90,23.30,101,699
21:41:24,43807.02,2365.11,150943.41,58.00,23.30,97,508
21:42:24,44389.38,2393.06,153979.25,56.80,23.30,184,731
21:43:25,44000.00,2374.39,153979.25,58.60,23.30,117,461
21:44:25,44064.70,2384.08,156993.02,58.80,23.30,114,352
21:45:26,43807.02,2374.39,155826.09,59.70,23.30,108,474
21:46:26,43615.16,2365.11,153367.89,60.10,23.30,102,477
21:47:27,43234.78,2374.39,153979.25,60.00,23.30,162,587
21:48:27,43807.02,2383.71,153367.89,60.60,23.30,98,491
21:49:28,43424.41,2374.39,152758.63,60.30,23.20,102,337
21:50:28,43234.78,2365.11,153367.89,60.40,23.20,102,496
21:51:29,44064.89,2398.77,155944.06,60.00,23.20,102,361
21:52:29,43614.04,2379.59,153552.88,61.20,23.10,103,436
21:53:30,43614.04,2388.96,153552.88,61.00,23.10,99,493
21:54:30,43424.41,2383.71,150943.41,60.40,23.10,90,389
21:55:31,43424.41,2402.45,153979.25,61.00,23.10,98,318
21:56:31,43234.78,2383.71,154592.73,62.00,23.00,100,342
21:57:32,43358.60,2375.10,153206.25,62.40,23.00,96,382
21:58:32,43046.24,2393.06,152151.48,61.40,23.00,105,418
21:59:33,43171.01,2388.57,151807.25,61.30,23.00,110,568
22:0:33,42302.86,2365.11,152151.48,60.70,22.90,107,619
22:1:34,41937.50,2355.87,150342.47,61.30,22.90,114,606
22:2:34,42672.41,2383.71,152758.63,61.50,22.80,102,495
22:3:35,42487.11,2365.11,152151.48,61.40,22.80,106,479
22:4:35,42858.79,2374.39,150943.41,60.40,22.80,101,316
22:5:36,42672.41,2374.39,151546.41,60.00,22.80,101,493
22:6:36,42672.41,2383.71,150943.41,61.00,22.80,108,415
22:7:37,42668.59,2379.59,153552.88,61.50,22.80,99,289
22:8:37,41937.50,2355.87,148551.98,61.00,22.80,98,386
22:9:37,41756.37,2355.87,147959.19,61.30,22.70,149,683
22:10:38,41397.18,2346.67,147959.19,60.50,22.70,100,415
22:11:38,41812.50,2365.45,148464.17,61.40,22.70,100,444
22:12:39,41756.37,2365.11,147368.41,60.80,22.70,106,606
22:13:39,41812.50,2356.19,150257.30,60.70,22.70,101,448
22:14:40,41937.50,2365.11,151546.41,61.20,22.70,116,420
22:15:40,42302.86,2383.71,150943.41,61.30,22.70,96,317
22:16:41,42302.86,2383.71,149146.77,60.80,22.70,99,561
22:17:41,42487.11,2383.71,150943.41,60.20,22.60,102,271
22:18:42,42672.41,2411.89,151546.41,60.80,22.60,102,468
22:19:42,43424.41,2421.35,152758.63,60.20,22.70,105,440
22:20:43,43424.41,2402.45,153979.25,60.40,22.60,98,600
22:21:43,43615.16,2411.89,154592.73,60.70,22.60,103,416
22:22:44,44000.00,2450.00,155208.34,60.50,22.60,102,382
22:23:44,44000.00,2430.86,157692.31,60.80,22.50,101,467
22:24:45,44390.53,2445.96,159154.94,61.00,22.50,98,353
22:25:45,44783.38,2450.00,157692.31,60.70,22.50,102,196
22:26:46,44783.38,2459.63,157692.31,59.70,22.50,100,236
22:27:46,45383.23,2469.29,158318.75,59.40,22.60,105,413
22:28:47,45789.16,2469.29,159578.20,60.40,22.50,97,303
22:29:47,45585.58,2479.00,157692.31,60.00,22.50,103,463
22:30:48,45251.49,2450.52,159507.05,59.90,22.50,88,233
22:31:48,44985.07,2465.28,158523.73,60.80,22.50,99,301
22:32:49,42858.79,2469.29,153979.25,59.90,22.50,102,288
22:33:49,42119.66,2450.00,149146.77,59.90,22.50,99,430
22:34:50,41756.37,2450.00,149146.77,59.60,22.40,104,198
22:35:50,41937.50,2450.00,147959.19,59.90,22.40,111,507
22:36:51,41576.27,2411.89,146779.64,60.20,22.40,100,499
22:37:51,40804.47,2397.95,147028.84,60.40,22.40,125,603
22:38:51,40171.27,2393.06,145608.09,60.90,22.40,103,268
22:39:52,40690.80,2393.06,146779.64,60.80,22.40,106,301
22:40:52,40865.92,2383.71,146192.89,60.90,22.30,100,352
22:41:53,40690.80,2383.71,145608.09,60.10,22.30,103,447
22:42:53,40857.14,2398.36,148122.86,60.60,22.40,101,324
22:43:54,40516.66,2365.11,145025.28,60.60,22.30,103,343
22:44:54,40690.80,2365.11,146779.64,60.60,22.40,100,616
22:45:55,41042.02,2365.11,145608.09,59.80,22.30,105,398
22:46:55,41631.73,2384.08,149059.84,59.90,22.30,99,482
22:47:56,40690.80,2374.39,146779.64,60.60,22.40,115,225
22:48:56,40690.80,2374.39,146779.64,62.10,22.30,102,260
22:49:57,41219.10,2374.39,146779.64,62.10,22.30,99,476
22:50:57,41397.18,2402.45,147959.19,62.10,22.30,100,338
22:51:58,41576.27,2365.11,147959.19,62.30,22.30,100,283
22:52:58,41937.50,2393.06,149146.77,61.10,22.30,136,646
22:53:59,42056.98,2397.95,151202.77,61.80,22.20,102,30500
22:54:59,41937.50,2393.06,149146.77,62.40,22.20,103,591
22:56:0,42302.86,2411.89,151546.41,62.50,22.20,96,360
22:57:0,41937.50,2393.06,147959.19,63.00,22.20,104,201
22:58:1,42302.86,2383.71,149146.77,61.00,22.20,105,417
22:59:1,41397.18,2355.87,144444.42,61.70,22.10,100,365
23:0:2,41750.00,2388.96,148122.86,60.50,22.10,98,284
23:1:2,40865.92,2355.87,145025.28,61.00,22.20,96,496
23:2:3,41569.40,2370.26,148717.95,61.50,22.20,107,457
23:3:3,41694.05,2388.57,150600.34,60.70,22.20,102,282
23:4:4,41756.37,2383.71,149146.77,62.30,22.20,108,450
23:5:4,41042.02,2355.87,147959.19,62.30,22.20,98,248
23:6:5,41397.18,2374.39,148551.98,62.30,22.10,103,492
23:7:5,41397.18,2393.06,147959.19,62.60,22.10,104,449
23:8:5,41931.63,2407.80,149914.25,62.60,22.10,73,294
23:9:6,41988.57,2427.27,150430.31,62.40,22.10,100,500
23:10:6,41756.37,2402.45,149146.77,62.00,22.10,108,209
23:11:7,41576.27,2383.71,148551.98,62.60,22.00,102,497
23:12:7,41397.18,2393.06,148551.98,63.40,22.10,101,432
23:13:8,41931.63,2398.36,151118.78,62.80,22.10,149,503
23:14:8,41756.37,2402.45,149743.59,63.20,22.00,100,345
23:15:9,41576.27,2402.45,151546.41,63.00,22.00,119,531
23:16:9,42240.00,2416.84,154246.11,62.70,22.00,100,529
23:17:10,42545.98,2421.81,153287.22,62.90,22.00,96,459
23:18:10,43296.51,2450.52,155749.14,62.40,22.00,102,488
23:19:11,42858.79,2459.63,156446.00,62.00,21.90,105,431
23:20:11,44652.82,2489.35,159507.05,62.10,21.90,113,494
23:21:12,45993.96,2498.54,162765.97,60.80,21.90,100,505
23:22:12,47473.69,2534.18,164285.72,60.50,21.90,101,422
23:23:13,46825.69,2508.37,165357.14,59.50,21.90,102,320
23:24:13,46825.69,2518.24,162123.91,60.40,21.90,100,369
23:25:14,46407.30,2508.37,160846.56,60.10,21.90,102,336
23:26:14,45993.96,2479.00,162765.97,60.10,21.90,101,351
23:27:15,47678.02,2528.15,164056.95,59.90,21.90,99,163
23:28:15,46407.30,2469.29,159578.20,59.40,21.80,96,279
23:29:16,48773.59,2498.54,161484.09,59.30,21.90,99,395
23:30:16,50600.00,2558.14,168648.64,58.10,21.90,102,282
23:31:17,51071.43,2508.37,163410.31,57.90,21.90,101,302
23:32:17,54033.78,2588.51,170652.16,57.50,21.90,97,240
23:33:18,54812.29,2568.22,168648.64,57.20,21.90,103,259
23:34:18,54033.78,2568.22,166010.73,56.90,21.90,103,233
23:35:18,54291.52,2558.14,166010.73,56.30,21.90,101,329
23:36:19,53449.66,2553.49,166308.25,56.60,21.90,95,337
23:37:19,52624.58,2558.90,169927.52,56.60,22.00,99,246
23:38:20,50295.82,2523.53,165652.95,56.60,22.00,101,30398
23:39:20,50366.56,2538.11,162765.97,56.90,22.00,103,212
23:40:21,49904.16,2538.11,163410.31,56.60,22.00,101,214
23:41:21,50134.61,2528.15,162765.97,56.70,22.10,99,244
23:42:22,50529.03,2543.46,166308.25,56.50,22.10,99,241
23:43:22,49693.29,2544.19,167567.56,56.10,22.10,99,295
23:44:23,49904.16,2548.10,164056.95,56.60,22.10,96,351
23:45:23,49923.08,2544.19,165591.41,56.10,22.00,107,304
23:46:24,50134.61,2479.00,162123.91,56.00,22.10,107,283
23:47:24,52770.76,2558.14,167324.95,56.00,22.10,99,254
23:48:25,53523.49,2508.37,164056.95,55.70,22.10,99,327
23:49:25,55647.05,2514.29,169565.20,55.70,22.10,96,200
23:50:26,56034.84,2505.04,168840.56,55.90,22.20,100,200
23:51:26,57526.50,2469.29,166010.73,56.10,22.20,100,243
23:52:27,60338.24,2554.99,174953.95,56.20,22.20,100,163
23:53:27,57808.50,2508.37,166010.73,56.30,22.20,101,404
23:54:28,60058.40,2523.53,166965.89,56.40,22.30,151,428
23:55:28,58666.68,2528.15,168648.64,56.50,22.30,103,302
23:56:29,65914.06,2578.34,171324.84,56.50,22.30,107,342
23:57:29,60439.56,2459.63,167324.95,56.90,22.30,101,277
23:58:30,59840.00,2469.29,166666.67,56.70,22.30,130,331
23:59:30,65062.02,2548.84,173992.67,56.70,22.30,103,184
