Hora,O3,NO2,CO,Humedad,Temperatura,P25,P10
0:0:31,61977.62,2528.15,169314.06,57.10,22.40,97,323
0:1:31,67402.39,2574.47,176383.75,57.00,22.40,101,148
0:2:32,71499.99,2564.33,174311.92,57.50,22.30,103,165
0:3:32,68385.54,2440.41,170652.16,57.50,22.40,106,282
0:4:32,69117.41,2528.15,174040.20,57.30,22.40,98,245
0:5:33,72563.02,2528.15,174725.27,57.60,22.40,100,206
0:6:33,76279.48,2558.14,177490.75,57.70,22.40,97,243
0:7:34,71385.89,2538.11,174725.27,57.60,22.40,104,310
0:8:34,77733.34,2534.18,174999.98,57.90,22.40,97,261
0:9:35,76279.48,2518.24,172677.58,57.80,22.40,99,291
0:10:35,77486.73,2543.46,173674.58,57.80,22.40,102,222
0:11:36,82679.07,2578.34,176795.58,57.90,22.40,103,253
0:12:36,74179.48,2548.10,174040.20,58.00,22.40,98,220
0:13:37,77584.08,2548.10,176102.92,57.90,22.40,102,332
0:14:37,85171.44,2558.14,176795.58,58.10,22.40,98,207
0:15:38,78026.68,2469.29,171324.84,58.30,22.40,100,165
0:16:38,85884.62,2554.24,177777.77,58.20,22.40,103,168
0:17:39,82859.82,2534.18,177777.77,58.40,22.40,99,217
0:18:39,78026.68,2548.10,174725.27,58.00,22.40,99,251
0:19:40,86724.64,2548.10,177490.75,58.10,22.40,101,256
0:20:40,83455.40,2469.85,173308.94,58.50,22.40,99,165
0:21:41,80767.13,2538.11,174040.20,58.10,22.40,101,220
0:22:41,85884.62,2564.33,179182.14,58.20,22.40,102,234
0:23:42,82679.07,2548.10,176795.58,58.70,22.40,103,243
0:24:42,82679.07,2488.75,173357.66,58.70,22.40,100,290
0:25:43,79378.39,2518.24,172677.58,58.10,22.40,98,217
0:26:43,79378.39,2508.37,174040.20,58.20,22.40,101,260
0:27:44,90530.00,2588.51,178188.52,58.20,22.40,100,247
0:28:44,81410.14,2564.33,177777.77,58.60,22.40,108,237
0:29:45,79378.39,2548.10,174725.27,58.40,22.40,107,212
0:30:45,84160.38,2568.22,177490.75,58.60,22.40,101,235
0:31:45,79378.39,2548.10,176102.92,59.30,22.30,102,214
0:32:46,81714.29,2568.22,177490.75,59.40,22.30,99,277
0:33:46,80300.01,2588.51,178188.52,59.40,22.30,99,189
0:34:47,79378.39,2619.27,179591.83,59.20,22.30,105,279
0:35:47,71891.20,2584.65,178478.66,59.70,22.20,102,249
0:36:48,68297.19,2583.83,176427.25,59.90,22.20,98,240
0:37:48,64561.54,2548.10,174040.20,59.70,22.20,102,188
0:38:49,67309.52,2608.97,177490.75,59.80,22.20,100,252
0:39:49,61665.43,2568.22,174040.20,59.90,22.10,97,210
0:40:50,61256.51,2595.72,177736.55,60.50,22.10,102,247
0:41:50,59840.00,2568.22,176102.92,60.60,22.10,99,236
0:42:51,63648.86,2605.14,179182.14,60.60,22.00,104,207
0:43:51,60439.56,2578.34,175412.84,59.90,22.00,102,194
0:44:52,63490.50,2594.03,177121.75,61.00,22.00,98,161
0:45:52,63900.76,2588.51,174040.20,60.60,21.90,100,195
0:46:53,61977.62,2598.72,175412.84,60.80,21.90,100,302
0:47:53,59840.00,2588.51,176102.92,61.20,21.90,101,191
0:48:54,59680.00,2630.54,180970.14,61.60,21.90,99,306
0:49:54,61665.43,2598.72,174725.27,61.70,21.80,99,182
0:50:55,62513.21,2606.01,178438.64,61.60,21.80,99,161
0:51:55,62928.30,2588.51,174725.27,61.10,21.80,100,163
0:52:56,59840.00,2598.72,175412.84,61.40,21.70,100,208
0:53:56,60642.07,2626.72,179850.73,61.90,21.70,100,163
0:54:57,61420.08,2615.45,177777.77,61.90,21.70,104,350
0:55:57,58956.84,2568.22,176102.92,61.90,21.70,103,267
0:56:58,60138.69,2588.51,175412.84,61.60,21.60,101,163
0:57:58,58378.58,2588.51,174040.20,62.10,21.60,101,163
0:58:58,57808.50,2598.72,177490.75,62.50,21.50,103,163
0:59:59,58719.43,2615.45,178478.66,62.40,21.50,107,189
1:0:59,55875.43,2588.51,174725.27,62.60,21.50,102,281
1:2:0,59010.84,2605.14,176383.75,62.80,21.50,103,202
1:3:0,56341.46,2604.27,175045.88,62.20,21.40,103,174
1:4:1,56418.11,2598.72,174725.27,62.60,21.40,103,188
1:5:1,57808.50,2608.97,176795.58,62.70,21.40,98,400
1:6:2,57293.28,2615.45,178478.66,63.00,21.40,98,210
1:7:2,56692.30,2608.97,174725.27,62.30,21.40,104,218
1:8:3,56145.83,2598.72,174040.20,62.80,21.30,100,213
1:9:3,56968.41,2619.27,172000.00,62.90,21.30,98,224
1:10:4,57808.50,2588.51,172000.00,62.30,21.30,102,328
1:11:4,56188.15,2594.87,174311.92,62.10,21.30,102,197
1:12:5,56145.83,2598.72,173357.66,62.60,21.30,101,219
1:13:5,58142.85,2584.65,175690.61,62.70,21.30,99,254
1:14:6,55875.43,2588.51,170652.16,62.40,21.20,102,236
1:15:6,58719.43,2646.65,177079.47,62.50,21.20,100,242
1:16:7,55875.43,2619.27,173357.66,63.30,21.20,99,261
1:17:7,55000.00,2624.89,172992.69,62.60,21.10,97,254
1:18:8,55340.20,2588.51,173357.66,62.60,21.10,100,240
1:19:8,57246.47,2629.61,174725.27,62.80,21.10,105,287
1:20:9,55875.43,2588.51,172677.58,63.10,21.10,104,300
1:21:9,57526.50,2629.61,173357.66,62.40,21.10,101,252
1:22:10,56418.11,2598.72,170652.16,62.60,21.00,97,221
1:23:10,55875.43,2588.51,171324.84,63.40,21.00,103,223
1:24:11,56145.83,2629.61,175412.84,63.00,21.00,104,306
1:25:11,55340.20,2588.51,170652.16,63.50,21.00,102,248
1:26:11,54587.03,2605.14,172262.77,63.60,20.90,101,219
1:27:12,56461.53,2646.65,174311.92,62.50,21.00,100,201
1:28:12,54216.95,2624.89,174358.97,63.80,21.00,104,264
1:29:13,54551.02,2629.61,172677.58,63.90,20.90,101,338
1:30:13,54142.37,2640.95,173308.94,64.30,20.90,99,322
1:31:14,53523.49,2619.27,172000.00,64.00,20.80,109,411
1:32:14,53270.90,2640.00,171324.84,64.30,20.90,103,232
1:33:15,52800.00,2615.45,173626.38,63.40,20.80,101,247
1:34:15,52032.89,2619.27,170652.16,64.20,20.80,99,213
1:35:16,52523.18,2608.97,172000.00,64.60,20.80,99,202
1:36:16,52032.89,2619.27,171324.84,64.00,20.80,102,208
1:37:17,52032.89,2598.72,169314.06,64.30,20.70,97,259
1:38:17,51071.43,2608.97,169314.06,64.40,20.80,99,162
1:39:18,52653.33,2616.34,172212.05,63.60,20.80,99,343
1:40:18,52873.33,2609.85,173992.67,64.40,20.70,102,174
1:41:19,53020.00,2608.97,169314.06,64.50,20.70,99,201
1:42:19,53020.00,2619.27,172677.58,64.50,20.70,102,277
1:43:20,53777.77,2598.72,172000.00,64.70,20.60,102,241
1:44:20,53703.70,2614.56,171636.36,64.60,20.70,98,212
1:45:21,52032.89,2608.97,171324.84,64.10,20.60,99,293
1:46:21,52059.41,2605.14,172943.31,64.50,20.60,100,164
1:47:22,51790.16,2608.97,169314.06,64.40,20.60,99,232
1:48:22,52032.89,2640.00,171324.84,64.40,20.60,99,263
1:49:23,52032.89,2619.27,171324.84,64.50,20.60,95,361
1:50:23,51333.33,2615.45,172943.31,65.30,20.50,100,330
1:51:23,52032.89,2640.00,172677.58,65.20,20.50,100,442
1:52:24,53918.64,2637.15,174264.70,65.30,20.50,101,178
1:53:24,53777.77,2650.43,173357.66,65.30,20.50,100,181
1:54:25,57857.64,2646.65,175690.61,65.10,20.40,100,467
1:55:25,56891.22,2624.89,172992.69,65.10,20.50,103,238
1:56:26,55606.89,2619.27,173357.66,64.80,20.40,103,255
1:57:26,57526.50,2598.72,172677.58,64.70,20.50,103,218
1:58:27,55075.34,2629.61,173357.66,64.20,20.40,103,265
1:59:27,55531.03,2624.89,175735.28,64.10,20.50,99,238
2:0:28,56615.38,2624.89,175735.28,64.80,20.50,101,167
2:1:28,59249.10,2629.61,174040.20,64.40,20.50,102,163
2:2:29,66869.56,2645.69,177121.75,63.60,20.40,103,178
2:3:29,78825.13,2687.83,182056.09,63.40,20.40,102,186
2:4:30,78026.68,2660.91,179591.83,62.40,20.40,98,162
2:5:30,81888.90,2688.89,182022.50,62.20,20.40,99,164
2:6:31,83661.98,2660.91,178188.52,62.40,20.40,97,181
2:7:31,86724.64,2629.61,180297.38,61.80,20.40,98,258
2:8:32,89415.84,2703.27,181005.59,60.80,20.50,101,194
2:9:32,82679.07,2682.00,180297.38,60.70,20.40,99,162
2:10:33,82194.45,2650.43,179591.83,61.90,20.50,101,165
2:11:33,85171.44,2703.27,184586.48,61.20,20.50,110,333
2:12:34,87252.43,2692.61,181716.44,61.60,20.40,102,235
2:13:34,80300.01,2682.00,178888.88,61.50,20.40,101,365
2:14:35,77292.05,2657.14,180597.00,61.70,20.50,100,199
2:15:35,82194.45,2682.00,181005.59,60.70,20.50,99,162
2:16:35,94611.40,2735.53,183864.92,60.80,20.50,102,266
2:17:36,89089.11,2710.28,184180.80,59.80,20.40,99,230
2:18:36,94383.41,2736.70,186742.44,60.50,20.40,99,162
2:19:37,94611.40,2703.27,181716.44,60.10,20.40,102,192
2:20:37,88323.52,2692.61,183146.09,59.80,20.40,101,202
2:21:38,84663.51,2682.00,177490.75,60.40,20.40,103,220
2:22:38,86201.92,2682.00,181005.59,59.70,20.40,102,183
2:23:39,105028.23,2752.42,187855.80,60.40,20.40,100,186
2:24:39,106712.63,2765.85,190038.31,59.50,20.40,102,174
2:25:40,100983.59,2724.73,185310.75,59.50,20.40,99,248
2:26:40,96452.63,2692.61,183864.92,59.70,20.30,100,262
2:27:41,99956.51,2731.87,185633.28,59.80,20.30,103,184
2:28:41,97712.76,2735.53,183864.92,59.80,20.30,98,161
2:29:42,95218.74,2703.27,181716.44,59.80,20.30,101,245
2:30:42,96452.63,2746.37,185310.75,59.70,20.30,99,257
2:31:43,94874.99,2721.05,184905.67,60.00,20.30,103,164
2:32:43,93189.74,2758.50,185283.03,59.20,20.30,102,251
2:33:44,85368.42,2721.05,184180.80,60.40,20.30,100,257
2:34:44,92826.52,2713.97,181716.44,60.60,20.30,97,223
2:35:45,90530.00,2703.27,181716.44,59.00,20.20,100,161
2:36:45,103363.11,2753.64,184905.67,59.50,20.20,100,348
2:37:46,118662.46,2768.21,185310.75,58.30,20.20,99,234
2:38:46,105028.23,2763.36,186389.42,58.00,20.20,101,213
2:39:47,95832.45,2757.27,187500.00,59.20,20.20,100,162
2:40:47,98352.93,2735.53,185310.75,59.50,20.20,101,163
2:41:47,98999.99,2735.53,186037.73,59.30,20.20,99,257
2:42:48,93415.38,2703.27,183146.09,59.50,20.10,98,438
2:43:48,96452.63,2713.97,182429.92,59.00,20.10,103,214
2:44:49,96846.55,2715.10,186011.36,59.60,20.10,103,261
2:45:49,107344.80,2790.24,188973.39,59.10,20.10,97,193
2:46:50,104779.64,2753.64,184905.67,58.70,20.10,100,276
2:47:50,98352.93,2724.73,182429.92,58.50,20.10,103,161
2:48:51,89415.84,2703.27,181716.44,59.60,20.10,111,314
2:49:51,90542.71,2765.85,186337.78,59.30,20.20,99,319
2:50:52,86405.80,2731.87,185633.28,60.40,20.10,101,197
2:51:52,93076.92,2764.60,186363.64,59.80,20.10,101,163
2:52:53,101296.69,2742.73,184905.67,59.80,20.10,99,272
2:53:53,95832.45,2724.73,181716.44,58.60,20.10,97,250
2:54:54,94010.30,2724.73,181005.59,59.20,20.10,97,251
2:55:54,90530.00,2713.97,178188.52,59.00,20.20,96,159
2:56:55,86724.64,2692.61,178888.88,58.90,20.20,102,210
2:57:55,88323.52,2724.73,184586.48,59.10,20.10,100,223
2:58:56,84857.15,2731.87,182022.50,59.70,20.10,97,201
2:59:56,82679.07,2713.97,182429.92,59.30,20.10,101,199
3:0:57,82372.09,2742.73,184905.67,59.50,20.10,106,261
3:1:57,83352.12,2731.87,182739.22,60.10,20.10,100,166
3:2:58,88541.87,2753.64,184180.80,58.90,20.10,99,184
3:3:58,88323.52,2703.27,181005.59,59.10,20.00,99,161
3:4:59,91666.66,2746.37,181716.44,59.40,20.00,100,163
3:5:59,89415.84,2692.61,174040.20,59.20,20.00,97,231
3:6:59,90530.00,2724.73,178888.88,58.50,20.00,98,149
3:8:0,93896.90,2709.17,179925.64,58.60,20.00,100,201
3:9:0,91444.44,2715.10,182397.03,58.70,20.00,100,162
3:10:1,94269.43,2786.67,184905.67,59.10,20.00,96,193
3:11:1,85171.44,2724.73,181716.44,59.60,19.90,98,192
3:12:2,82576.75,2730.70,179925.64,60.20,19.90,122,240
3:13:2,83849.06,2742.73,184180.80,59.70,19.90,103,181
3:14:3,81238.54,2713.97,181716.44,59.80,19.90,97,204
3:15:3,82679.07,2703.27,178188.52,60.10,19.80,95,230
3:16:4,84857.15,2731.87,181308.39,59.90,19.80,99,217
3:17:4,80300.01,2735.53,181005.59,59.40,19.80,104,281
3:18:5,81410.14,2753.64,183458.66,60.50,19.80,100,204
3:19:5,79378.39,2724.73,181716.44,60.20,19.70,94,290
3:20:6,80767.13,2724.73,178188.52,60.60,19.70,99,183
3:21:6,82194.45,2724.73,181716.44,60.20,19.70,100,219
3:22:7,81888.90,2753.64,185633.28,60.40,19.70,135,247
3:23:7,75008.61,2735.53,181716.44,60.80,19.60,100,258
3:24:8,76710.54,2735.53,178888.88,61.40,19.60,97,207
3:25:8,74592.27,2724.73,178888.88,61.00,19.60,98,321
3:26:9,75008.61,2735.53,180297.38,60.70,19.60,98,216
3:27:9,75008.61,2735.53,179591.83,61.40,19.50,96,204
3:28:10,74179.48,2746.37,179591.83,61.40,19.50,103,232
3:29:10,70617.27,2660.91,176795.58,61.60,19.50,104,187
3:30:11,71591.66,2704.37,176752.75,61.20,19.40,96,189
3:31:11,70818.17,2704.37,179553.89,61.40,19.40,100,162
3:32:11,71774.99,2724.73,178888.88,61.70,19.40,98,160
3:33:12,71891.20,2742.73,184180.80,62.10,19.40,102,184
3:34:12,73364.40,2713.97,181005.59,62.10,19.40,96,233
3:35:13,69861.22,2713.97,184586.48,62.20,19.40,106,295
3:36:13,70929.46,2733.04,182706.78,62.00,19.40,100,210
3:37:14,70345.67,2721.05,183458.66,61.30,19.40,101,268
3:38:14,68750.00,2724.73,181005.59,61.90,19.40,103,227
3:39:15,68208.83,2725.88,180970.14,61.80,19.40,99,201
3:40:15,68483.87,2742.73,184905.67,61.40,19.40,102,207
3:41:16,72167.35,2735.53,185310.75,61.50,19.40,96,335
3:42:16,70999.99,2724.73,183864.92,61.20,19.40,99,163
3:43:17,69861.22,2746.37,183864.92,61.60,19.40,100,164
3:44:17,69487.80,2746.37,183864.92,62.00,19.40,101,263
3:45:18,69028.34,2752.42,184934.09,62.40,19.40,99,232
3:46:18,73084.73,2764.60,185633.28,62.00,19.40,105,265
3:47:19,72470.58,2741.54,184210.55,61.90,19.40,100,258
3:48:19,72563.02,2735.53,186767.50,62.30,19.40,99,162
3:49:20,77048.47,2741.54,184210.55,63.00,19.40,106,286
3:50:20,72378.14,2736.70,183834.61,63.10,19.40,103,185
3:51:21,68385.54,2713.97,184586.48,63.00,19.40,103,262
3:52:21,71774.99,2746.37,183864.92,62.60,19.50,98,240
3:53:22,76710.54,2735.53,186037.73,63.50,19.50,100,261
3:54:22,74179.48,2746.37,187500.00,63.60,19.50,100,286
3:55:22,73084.73,2742.73,184905.67,63.80,19.50,99,254
3:56:23,76279.48,2713.97,184586.48,63.60,19.50,97,187
3:57:23,80300.01,2724.73,182429.92,63.40,19.50,104,249
3:58:24,78375.01,2730.70,187121.22,63.60,19.50,97,161
3:59:24,82194.45,2713.97,183864.92,63.60,19.50,100,203
4:0:25,81888.90,2731.87,184180.80,63.50,19.50,100,163
4:1:25,79837.11,2746.37,183146.09,63.90,19.50,100,189
4:2:26,75142.85,2721.05,185633.28,63.60,19.50,98,341
4:3:26,78473.22,2746.37,183146.09,63.20,19.50,100,162
4:4:27,78923.78,2724.73,183146.09,63.80,19.50,99,224
4:5:27,77928.90,2719.91,185660.39,64.20,19.50,100,197
4:6:28,82679.07,2746.37,187500.00,64.30,19.50,101,288
4:7:28,75991.26,2742.73,186363.64,64.00,19.50,102,442
4:8:29,73770.20,2724.73,181716.44,63.90,19.50,98,340
4:9:29,78178.58,2742.73,184905.67,63.50,19.50,98,296
4:10:30,73770.20,2735.53,183146.09,64.30,19.50,98,383
4:11:30,83849.06,2775.61,188571.44,64.30,19.50,100,351
4:12:31,78026.68,2757.27,184586.48,64.60,19.50,99,577
4:13:31,79638.02,2704.37,185283.03,64.80,19.50,101,323
4:14:32,83455.40,2736.70,183834.61,64.30,19.50,101,386
4:15:32,81036.70,2725.88,186742.44,64.50,19.50,95,311
4:16:33,82679.07,2735.53,183864.92,64.50,19.50,100,301
4:17:33,81888.90,2721.05,186363.64,65.00,19.50,104,352
4:18:33,80767.13,2692.61,181005.59,65.00,19.50,98,245
4:19:34,86201.92,2757.27,185310.75,64.60,19.50,119,639
4:20:34,83661.98,2713.97,181716.44,65.20,19.50,99,269
4:21:35,83661.98,2713.97,179591.83,64.70,19.50,100,402
4:22:35,81238.54,2703.27,180297.38,65.20,19.50,103,293
4:23:36,80666.67,2752.42,184210.55,64.70,19.50,97,354
4:24:36,78080.37,2684.10,183082.72,65.60,19.50,94,230
4:25:37,78178.58,2731.87,183458.66,64.70,19.50,100,223
4:26:37,76421.05,2742.73,183458.66,65.00,19.50,107,298
4:27:38,74179.48,2692.61,181005.59,64.80,19.50,107,266
4:28:38,74309.01,2721.05,184180.80,65.10,19.50,99,240
4:29:39,78375.01,2752.42,184934.09,65.90,19.50,101,212
4:30:39,78473.22,2713.97,181005.59,65.30,19.50,99,316
4:31:40,74085.46,2698.47,182056.09,65.80,19.50,100,279
4:32:40,78981.99,2737.89,182363.98,64.80,19.50,99,227
4:33:41,75852.19,2713.97,182429.92,65.50,19.50,98,231
4:34:41,77733.34,2721.05,182022.50,65.40,19.50,100,292
4:35:42,73770.20,2703.27,180297.38,65.70,19.50,98,162
4:36:42,79081.09,2753.64,184180.80,65.40,19.50,124,254
4:37:43,74724.13,2731.87,185633.28,65.70,19.50,101,163
4:38:43,78726.47,2769.47,185283.03,65.90,19.50,101,272
4:39:44,74403.42,2747.58,186742.44,66.40,19.50,100,303
4:40:44,71499.99,2710.28,182739.22,66.40,19.40,107,422
4:41:44,73770.20,2757.27,183146.09,65.20,19.40,100,340
4:42:45,75428.56,2746.37,182429.92,65.80,19.40,96,263
4:43:45,77145.38,2757.27,183146.09,65.60,19.40,98,161
4:44:46,77145.38,2757.27,185310.75,66.00,19.40,101,323
4:45:46,78276.80,2736.70,184557.45,65.60,19.40,100,187
4:46:47,81410.14,2786.67,184905.67,65.30,19.40,99,300
4:47:47,76710.54,2735.53,184586.48,66.00,19.40,100,164
4:48:48,82194.45,2746.37,183146.09,66.20,19.40,101,182
4:49:48,80666.67,2741.54,184934.09,65.70,19.40,99,256
4:50:49,83661.98,2713.97,181005.59,65.30,19.40,100,214
4:51:49,86618.36,2752.42,183489.69,65.80,19.50,97,161
4:52:50,82679.07,2735.53,181716.44,66.00,19.50,96,431
4:53:50,79378.39,2713.97,183864.92,65.90,19.50,97,241
4:54:51,78473.22,2735.53,178888.88,65.70,19.50,97,229
4:55:51,86618.36,2763.36,182056.09,65.70,19.50,102,212
4:56:52,81714.29,2724.73,182429.92,66.00,19.50,101,211
4:57:52,81714.29,2713.97,179591.83,65.80,19.40,100,193
4:58:53,83849.06,2742.73,179888.27,65.60,19.40,97,158
4:59:53,79279.29,2687.83,177818.83,65.30,19.50,111,260
5:0:54,77584.08,2724.73,178888.88,64.70,19.50,97,299
5:1:54,75142.85,2678.26,177079.47,65.60,19.50,97,161
5:2:55,86201.92,2735.53,178888.88,64.90,19.50,98,283
5:3:55,76421.05,2710.28,179888.27,65.30,19.50,105,355
5:4:56,72962.02,2703.27,179591.83,65.50,19.50,101,252
5:5:56,70727.27,2699.56,180597.00,65.70,19.50,99,288
5:6:56,70237.70,2713.97,180297.38,65.40,19.50,99,225
5:7:57,69967.21,2710.28,182739.22,65.90,19.50,98,186
5:8:57,70617.27,2735.53,183146.09,65.60,19.40,98,161
5:9:58,75373.91,2743.93,184877.14,65.70,19.40,99,219
5:10:58,72167.35,2724.73,182429.92,65.70,19.40,98,209
5:11:59,75852.19,2757.27,183864.92,65.70,19.40,98,270
5:12:59,78473.22,2768.21,186037.73,65.80,19.40,97,161
5:14:0,73770.20,2735.53,186037.73,66.20,19.40,98,162
5:15:0,71385.89,2713.97,184586.48,66.00,19.40,97,280
5:16:1,69117.41,2724.73,182429.92,65.80,19.40,104,144
5:17:1,71499.99,2764.60,187096.80,65.80,19.40,101,192
5:18:2,86201.92,2768.21,186037.73,66.20,19.30,100,149
5:19:2,80767.13,2746.37,183864.92,64.50,19.30,100,244
5:20:3,78026.68,2768.21,185310.75,65.20,19.40,98,194
5:21:3,94497.41,2829.98,188593.17,65.50,19.30,99,161
5:22:4,83558.69,2741.54,183489.69,64.10,19.30,98,191
5:23:4,83661.98,2790.24,186767.50,64.50,19.40,98,270
5:24:5,77145.38,2671.43,180297.38,65.00,19.40,99,163
5:25:5,81714.29,2735.53,182429.92,64.70,19.40,102,163
5:26:6,81714.29,2746.37,185310.75,64.70,19.40,99,163
5:27:6,88215.68,2796.44,187121.22,64.60,19.30,98,203
5:28:7,92826.52,2790.24,186037.73,64.40,19.30,99,262
5:29:7,94010.30,2779.20,186767.50,64.30,19.30,93,185
5:30:7,101659.33,2768.21,186767.50,63.90,19.30,98,160
5:31:8,98999.99,2640.00,181005.59,62.60,19.30,97,199
5:32:8,105152.52,2790.24,189714.30,62.50,19.30,99,162
5:33:9,108848.82,2801.33,188973.39,62.20,19.30,95,159
5:34:9,111171.57,2801.33,189714.30,62.80,19.30,101,211
5:35:10,102342.53,2757.27,185310.75,61.60,19.30,99,163
5:36:10,98352.93,2746.37,185310.75,61.90,19.30,98,150
5:37:11,97079.36,2757.27,186037.73,62.10,19.30,100,160
5:38:11,97079.36,2768.21,184586.48,62.30,19.30,95,211
5:39:12,105749.98,2807.57,188593.17,61.60,19.30,95,206
5:40:12,97999.99,2808.93,190057.38,61.60,19.30,99,463
5:41:13,93670.09,2753.64,186363.64,62.20,19.30,101,162
5:42:13,95832.45,2768.21,186037.73,62.10,19.30,99,160
5:43:14,105874.98,2812.47,186767.50,61.60,19.30,94,396
5:44:14,108848.82,2790.24,187500.00,62.00,19.30,102,144
5:45:15,96452.63,2768.21,184586.48,61.30,19.30,98,160
5:46:15,107344.80,2790.24,185310.75,61.60,19.30,99,161
5:47:16,96452.63,2790.24,184586.48,61.10,19.30,99,161
5:48:16,102911.09,2807.57,186389.42,61.70,19.30,96,347
5:49:17,107344.80,2823.66,190458.02,62.10,19.30,97,160
5:50:17,104067.40,2786.67,184905.67,60.10,19.30,100,403
5:51:18,103731.83,2812.47,186037.73,60.30,19.30,102,223
5:52:18,103033.32,2812.47,185310.75,61.00,19.30,98,231
5:53:18,105499.98,2854.05,188571.44,60.00,19.30,102,254
5:54:19,95832.45,2757.27,183146.09,60.20,19.30,100,182
5:55:19,99297.29,2820.13,185633.28,60.10,19.30,100,221
5:56:20,96452.63,2757.27,183864.92,60.20,19.30,102,164
5:57:20,95218.74,2834.90,183864.92,60.00,19.30,100,161
5:58:21,92851.28,2810.29,186337.78,59.80,19.40,102,213
5:59:21,81888.90,2657.14,178478.66,59.70,19.40,97,308
6:0:22,95602.09,2847.64,188212.94,59.10,19.40,99,334
6:1:22,97712.76,2834.90,186767.50,59.80,19.40,95,195
6:2:23,103943.80,2895.00,189674.97,60.20,19.30,100,320
6:3:23,96105.26,2820.13,186363.64,60.20,19.30,103,226
6:4:24,87252.43,2790.24,184586.48,60.30,19.30,92,295
6:5:24,84663.51,2779.20,182429.92,61.30,19.30,108,227
6:6:25,87252.43,2757.27,181005.59,60.60,19.30,99,213
6:7:25,85171.44,2790.24,183864.92,60.60,19.30,96,247
6:8:26,79837.11,2768.21,180297.38,61.00,19.40,97,282
6:9:26,82679.07,2801.33,184586.48,61.20,19.30,96,358
6:10:27,81238.54,2746.37,180297.38,61.50,19.30,103,285
6:11:27,79378.39,2779.20,182429.92,61.00,19.30,100,260
6:12:28,84160.38,2790.24,181005.59,62.10,19.30,106,306
6:13:28,83248.83,2826.46,185984.86,61.30,19.40,91,173
6:14:29,77584.08,2801.33,181716.44,61.60,19.40,105,288
6:15:29,78026.68,2779.20,182429.92,62.50,19.40,97,322
6:16:29,75852.19,2779.20,179591.83,61.60,19.30,97,194
6:17:30,77486.73,2796.44,183489.69,62.10,19.30,96,234
6:18:30,75428.56,2768.21,180297.38,62.10,19.40,100,222
6:19:31,75008.61,2779.20,180297.38,62.00,19.30,100,245
6:20:31,81612.91,2774.34,184210.55,62.30,19.30,101,165
6:21:32,85990.38,2747.58,180260.70,61.20,19.40,99,255
6:22:32,78923.78,2768.21,179591.83,60.80,19.40,96,166
6:23:33,77145.38,2757.27,181716.44,61.30,19.40,103,309
6:24:33,75660.86,2769.47,180970.14,61.70,19.40,99,234
6:25:34,75852.19,2768.21,179591.83,61.40,19.40,98,208
6:26:34,80767.13,2790.24,181005.59,62.00,19.40,99,303
6:27:35,77389.39,2780.49,181682.27,60.90,19.40,100,197
6:28:35,74592.27,2801.33,180297.38,61.90,19.40,100,218
6:29:36,70237.70,2790.24,181005.59,62.70,19.40,102,163
6:30:36,71112.03,2786.67,183458.66,62.20,19.40,102,264
6:31:37,70999.99,2768.21,179591.83,62.10,19.40,111,427
6:32:37,69861.22,2757.27,179591.83,61.90,19.40,97,374
6:33:38,72167.35,2790.24,181716.44,61.80,19.40,101,376
6:34:38,76279.48,2801.33,178888.88,62.00,19.50,123,311
6:35:39,74179.48,2801.33,179591.83,61.80,19.50,98,276
6:36:39,72563.02,2790.24,178888.88,62.20,19.50,97,257
6:37:40,72167.35,2768.21,178888.88,62.20,19.50,103,321
6:38:40,74179.48,2779.20,183146.09,62.50,19.50,99,192
6:39:40,70237.70,2757.27,179591.83,62.20,19.50,99,184
6:40:41,69040.65,2787.97,182706.78,62.60,19.50,96,195
6:41:41,75799.12,2799.11,181273.39,62.70,19.60,100,158
6:42:42,72378.14,2802.67,180970.14,60.40,19.60,100,242
6:43:42,68385.54,2746.37,178188.52,61.60,19.70,101,144
6:44:43,69681.63,2758.50,180260.70,61.30,19.70,98,164
6:45:43,68750.00,2703.27,176795.58,61.90,19.70,95,234
6:46:44,76614.05,2763.36,179220.77,61.20,19.70,98,211
6:47:44,73364.40,2768.21,179591.83,60.20,19.80,99,251
6:48:45,73364.40,2768.21,179591.83,61.20,19.80,99,330
6:49:45,72962.02,2746.37,178888.88,61.30,19.90,99,174
6:50:46,74818.96,2769.47,179553.89,60.80,19.80,99,297
6:51:46,70999.99,2746.37,179591.83,61.00,19.90,100,278
6:52:47,68385.54,2735.53,176795.58,61.50,19.90,98,194
6:53:47,68750.00,2703.27,172677.58,61.80,19.90,96,241
6:54:48,71774.99,2703.27,172000.00,61.00,20.00,99,251
6:55:48,71774.99,2724.73,173357.66,59.80,20.00,98,292
6:56:49,71799.16,2737.89,176014.73,59.50,20.10,100,208
6:57:49,79378.39,2790.24,178888.88,60.40,20.10,110,393
6:58:50,73582.97,2758.50,178849.72,59.10,20.10,100,242
6:59:50,71774.99,2746.37,173357.66,60.00,20.20,110,236
7:0:51,68483.87,2721.05,172943.31,59.60,20.20,97,255
7:1:51,65232.56,2703.27,172677.58,59.60,20.20,99,260
7:2:51,60439.56,2671.43,170652.16,60.40,20.30,98,216
7:3:52,61665.43,2682.00,173357.66,59.60,20.20,96,166
7:4:52,62292.14,2713.97,177490.75,60.10,20.30,94,217
7:5:53,61665.43,2713.97,172677.58,61.10,20.30,101,326
7:6:53,61355.56,2724.73,174040.20,60.50,20.30,98,182
7:7:54,61047.98,2713.97,175412.84,60.90,20.30,101,221
7:8:54,61111.11,2710.28,176383.75,60.30,20.30,98,205
7:9:55,63250.00,2735.53,175412.84,60.30,20.30,97,192
7:10:55,65232.56,2757.27,178188.52,59.80,20.30,98,345
7:11:56,63900.76,2724.73,176795.58,59.60,20.30,100,300
7:12:56,62845.28,2719.91,175045.88,59.80,20.30,96,359
7:13:57,63574.15,2619.27,169314.06,60.00,20.40,101,262
7:14:57,69117.41,2757.27,178188.52,58.80,20.30,98,239
7:15:58,68750.00,2724.73,174725.27,58.60,20.30,96,232
7:16:58,67047.62,2721.05,177079.47,58.60,20.40,97,214
7:17:59,65232.56,2735.53,174725.27,59.20,20.30,97,291
7:18:59,65232.56,2746.37,176102.92,59.90,20.40,101,196
7:20:0,66956.52,2713.97,175412.84,60.00,20.40,99,300
7:21:0,70617.27,2724.73,176102.92,59.20,20.40,98,239
7:22:1,68750.00,2746.37,176102.92,59.30,20.40,98,193
7:23:1,68385.54,2724.73,177490.75,59.50,20.40,100,220
7:24:2,72962.02,2757.27,177490.75,59.40,20.40,99,223
7:25:2,70617.27,2746.37,176102.92,58.50,20.40,105,347
7:26:2,70617.27,2724.73,175412.84,59.20,20.40,101,254
7:27:3,69487.80,2703.27,174725.27,59.50,20.40,97,202
7:28:3,66956.52,2703.27,174725.27,59.60,20.40,97,251
7:29:4,69861.22,2703.27,174040.20,60.10,20.40,98,182
7:30:4,69487.80,2703.27,175412.84,59.70,20.40,98,262
7:31:5,70237.70,2703.27,173357.66,60.10,20.50,93,258
7:32:5,69117.41,2713.97,174040.20,59.70,20.50,101,366
7:33:6,68385.54,2682.00,172677.58,59.30,20.50,98,307
7:34:6,66258.83,2713.97,174725.27,59.60,20.50,97,257
7:35:7,65571.98,2682.00,172677.58,60.40,20.60,103,280
7:36:7,68385.54,2692.61,175412.84,60.30,20.60,102,301
7:37:8,68297.19,2719.91,173674.58,59.70,20.60,100,271
7:38:8,66000.00,2721.05,178478.66,59.80,20.60,96,196
7:39:9,63900.76,2608.97,169314.06,60.80,20.60,98,257
7:40:9,62292.14,2682.00,172000.00,59.70,20.60,99,343
7:41:10,65571.98,2692.61,172677.58,60.10,20.70,97,337
7:42:10,64895.75,2682.00,173357.66,59.60,20.70,97,228
7:43:11,65571.98,2692.61,171324.84,59.50,20.80,101,206
7:44:11,63900.76,2671.43,173357.66,59.00,20.80,103,256
7:45:12,63900.76,2671.43,170652.16,59.60,20.80,101,387
7:46:12,61355.56,2660.91,170652.16,60.00,20.80,96,382
7:47:13,66258.83,2629.61,172677.58,60.00,20.90,101,233
7:48:13,70237.70,2682.00,172000.00,59.20,20.90,99,230
7:49:14,69681.63,2683.04,175367.64,58.40,20.90,98,262
7:50:14,69771.42,2677.22,173674.58,58.70,20.90,99,425
7:51:14,68750.00,2692.61,172000.00,58.60,21.00,99,198
7:52:15,75008.61,2703.27,172677.58,58.80,21.00,96,538
7:53:15,69117.41,2671.43,173357.66,57.90,21.00,104,193
7:54:16,71774.99,2671.43,171324.84,59.00,21.00,113,244
7:55:16,85171.44,2768.21,176795.58,58.30,21.00,101,163
7:56:17,75238.09,2693.68,173992.67,57.70,21.10,188,496
7:57:17,75991.26,2731.87,179182.14,58.30,21.10,102,218
7:58:18,78178.58,2721.05,176383.75,58.10,21.10,101,268
7:59:18,73364.40,2692.61,172677.58,58.50,21.10,102,234
8:0:19,73770.20,2682.00,169981.91,58.90,21.20,100,263
8:1:19,70237.70,2682.00,171324.84,58.30,21.20,99,298
8:2:20,73770.20,2682.00,172000.00,59.10,21.20,102,217
8:3:20,69861.22,2713.97,174040.20,58.70,21.30,103,315
8:4:21,70237.70,2703.27,175412.84,59.20,21.30,97,263
8:5:21,76854.63,2721.05,176383.75,59.00,21.30,101,209
8:6:22,80767.13,2703.27,174725.27,58.70,21.30,155,320
8:7:22,80767.13,2713.97,177490.75,57.80,21.40,100,253
8:8:23,78026.68,2682.00,172000.00,57.80,21.40,100,239
8:9:23,78178.58,2699.56,175690.61,57.90,21.40,96,318
8:10:24,78026.68,2682.00,172000.00,58.40,21.50,104,302
8:11:24,89415.84,2703.27,169314.06,58.40,21.50,97,199
8:12:25,87785.36,2692.61,167324.95,56.50,21.50,103,219
8:13:25,86724.64,2640.00,164705.89,57.00,21.60,101,269
8:14:26,81036.70,2630.54,165295.17,57.00,21.60,98,347
8:15:26,81207.38,2668.70,169509.97,57.40,21.60,100,199
8:16:26,81238.54,2629.61,164056.95,57.30,21.70,97,334
8:17:27,92243.65,2703.27,166010.73,56.50,21.80,97,367
8:18:27,102342.53,2724.73,170652.16,55.80,21.80,95,253
8:19:28,111171.57,2757.27,172000.00,55.00,21.80,99,318
8:20:28,92714.28,2677.22,170961.88,54.10,21.80,101,286
8:21:29,90530.00,2671.43,170652.16,56.90,21.80,98,338
8:22:29,85171.44,2660.91,171324.84,55.60,21.90,104,207
8:23:30,84056.61,2666.67,172992.69,55.80,21.90,101,253
8:24:30,84160.38,2650.43,170652.16,55.50,21.90,102,293
8:25:31,83661.98,2713.97,175412.84,54.30,22.00,97,274
8:26:31,82194.45,2703.27,174725.27,54.30,22.00,101,472
8:27:32,79837.11,2713.97,177490.75,54.40,22.10,125,325
8:28:32,77145.38,2682.00,175412.84,54.70,22.20,99,238
8:29:33,86201.92,2724.73,173357.66,55.00,22.20,98,181
8:30:33,87252.43,2619.27,175412.84,54.00,22.20,99,229
8:31:34,98352.93,2779.20,181716.44,54.50,22.30,100,227
8:32:34,94989.58,2747.58,183834.61,54.10,22.30,99,291
8:33:35,100315.20,2746.37,178888.88,54.00,22.40,99,283
8:36:34,43870.96,2412.32,167266.19,52.10,22.60,0,0
8:37:58,42119.66,2498.54,168648.64,52.20,22.90,0,227
10:24:38,16145.76,1273.15,132682.92,50.30,24.10,0,0
10:25:39,14980.26,1217.02,92417.73,51.20,24.20,5050,10853
10:26:39,15385.38,1236.03,92703.86,50.20,24.20,5206,10175
10:27:40,14714.52,1189.46,87763.71,48.90,24.60,3963,8564
10:28:40,14241.55,1179.28,80658.43,49.00,24.60,0,30124
10:29:41,14476.50,1169.16,80273.98,48.10,24.90,97,257
10:30:41,14452.03,1166.07,83055.55,47.60,25.20,97,332
10:31:42,14559.35,1165.87,81155.44,47.40,25.40,94,367
10:32:45,16406.14,1278.52,87359.55,45.70,25.80,0,30107
10:33:43,14183.28,1184.36,80658.43,45.70,25.80,170,30513
