Hora,O3,NO2,CO,Humedad,Temperatura,P25,P10
2/3/18-0:0:57,839,388,451,44.90,23.50,9.10,16.70
2/3/18-0:1:58,839,390,445,45.40,23.50,8.80,14.10
2/3/18-0:2:59,838,392,445,46.20,23.50,9.40,18.60
2/3/18-0:4:0,838,387,446,45.80,23.50,9.50,14.20
2/3/18-0:5:1,839,396,454,45.70,23.50,9.50,16.10
2/3/18-0:6:2,839,390,448,45.50,23.40,9.00,14.30
2/3/18-0:7:3,839,393,451,45.20,23.40,8.80,13.40
2/3/18-0:8:4,840,397,455,45.40,23.40,9.40,18.10
2/3/18-0:9:5,838,395,454,45.50,23.40,9.20,12.30
2/3/18-0:10:6,839,383,445,45.80,23.40,10.70,17.70
2/3/18-0:11:7,838,389,459,44.90,23.40,10.60,17.00
2/3/18-0:12:8,838,385,450,45.30,23.40,10.40,20.40
2/3/18-0:13:9,838,390,458,44.60,23.40,11.40,15.60
2/3/18-0:14:10,839,387,449,44.80,23.30,11.80,20.30
2/3/18-0:15:11,839,381,450,45.50,23.30,10.90,17.20
2/3/18-0:16:12,839,390,461,45.40,23.30,11.20,16.60
2/3/18-0:17:13,839,394,463,46.20,23.30,12.10,21.00
2/3/18-0:18:14,839,393,461,46.70,23.30,9.90,16.70
2/3/18-0:19:15,839,394,460,46.80,23.30,10.80,17.30
2/3/18-0:20:16,838,394,460,47.00,23.30,11.50,22.50
2/3/18-0:21:17,840,398,466,47.30,23.30,10.70,18.40
2/3/18-0:22:18,839,399,465,48.00,23.30,10.70,17.00
2/3/18-0:23:19,839,402,468,48.00,23.30,10.60,19.40
2/3/18-0:24:20,840,403,469,47.70,23.30,10.70,18.50
2/3/18-0:25:21,839,402,470,47.50,23.30,11.90,18.20
2/3/18-0:26:22,839,409,474,47.60,23.20,11.60,20.40
2/3/18-0:27:23,839,403,467,48.70,23.20,12.90,20.00
2/3/18-0:28:24,839,412,475,47.20,23.20,14.30,24.00
2/3/18-0:29:25,839,413,474,48.50,23.20,14.40,25.10
2/3/18-0:30:26,840,414,477,48.50,23.20,15.60,24.20
2/3/18-0:31:27,840,414,478,48.80,23.20,15.10,27.00
2/3/18-0:32:28,839,418,478,48.40,23.20,15.10,24.20
2/3/18-0:33:29,840,413,472,48.40,23.20,15.60,27.20
2/3/18-0:34:30,840,415,473,48.50,23.20,13.60,20.90
2/3/18-0:35:31,840,420,478,48.50,23.20,14.30,26.20
2/3/18-0:36:32,839,419,473,48.80,23.20,13.70,26.20
2/3/18-0:37:33,839,422,477,49.00,23.20,11.90,23.90
2/3/18-0:38:34,839,428,482,49.00,23.20,13.50,25.20
2/3/18-0:39:35,840,431,481,49.30,23.20,13.00,30.90
2/3/18-0:40:36,839,431,473,48.40,23.20,13.80,30.90
2/3/18-0:41:37,839,428,469,48.80,23.10,12.20,23.60
2/3/18-0:42:38,840,423,464,48.70,23.20,11.70,28.40
2/3/18-0:43:39,839,426,467,48.30,23.10,12.50,31.50
2/3/18-0:44:40,840,419,453,48.70,23.10,12.40,29.90
2/3/18-0:45:41,840,416,455,48.40,23.10,10.20,22.90
2/3/18-0:46:42,841,416,452,47.90,23.10,9.50,23.10
2/3/18-0:47:43,839,413,448,48.40,23.10,8.30,25.00
2/3/18-0:48:44,840,409,443,48.00,23.10,9.50,17.70
2/3/18-0:49:44,839,408,434,48.00,23.00,9.30,21.70
2/3/18-0:50:45,839,404,428,48.60,23.00,8.60,19.40
2/3/18-0:51:46,840,403,430,50.20,23.00,8.40,25.50
2/3/18-0:52:47,840,407,440,49.20,23.00,8.80,18.40
2/3/18-0:53:48,840,406,430,49.50,23.00,9.00,19.20
2/3/18-0:54:49,839,411,436,48.70,22.90,9.20,20.70
2/3/18-0:55:50,839,411,424,49.20,22.90,9.20,18.20
2/3/18-0:56:51,840,410,428,49.20,22.90,8.80,20.20
2/3/18-0:57:52,840,410,429,49.60,22.80,8.60,24.50
2/3/18-0:58:53,839,418,437,48.80,22.90,9.00,22.60
2/3/18-0:59:54,839,411,426,49.20,22.90,9.10,17.20
2/3/18-1:0:55,839,415,428,49.20,22.90,9.40,16.50
2/3/18-1:1:56,840,416,430,48.90,22.90,9.00,13.40
2/3/18-1:2:57,840,414,426,48.90,22.90,10.30,22.30
2/3/18-1:3:58,840,414,430,49.30,22.90,9.80,22.50
2/3/18-1:4:59,840,405,423,49.20,22.90,10.90,17.20
2/3/18-1:6:0,840,406,424,47.70,22.80,11.90,28.70
2/3/18-1:7:1,840,411,425,48.60,22.80,11.00,18.60
2/3/18-1:8:2,840,409,419,49.50,22.80,10.00,22.20
2/3/18-1:9:3,840,408,420,49.60,22.80,9.10,18.20
2/3/18-1:10:4,839,409,428,50.10,22.70,9.20,13.10
2/3/18-1:11:5,840,391,410,50.10,22.70,8.80,14.70
2/3/18-1:12:6,839,394,420,49.00,22.70,8.10,20.90
2/3/18-1:13:7,839,398,412,48.80,22.70,8.10,18.60
2/3/18-1:14:8,839,401,421,49.40,22.70,7.30,18.50
2/3/18-1:15:9,838,398,417,49.60,22.60,7.70,14.80
2/3/18-1:16:10,839,393,414,49.50,22.60,6.40,19.80
2/3/18-1:17:11,841,389,409,49.70,22.60,6.40,13.00
2/3/18-1:18:12,841,386,410,50.00,22.60,7.30,17.60
2/3/18-1:19:13,839,396,422,50.40,22.60,6.90,12.80
2/3/18-1:20:14,839,390,411,49.70,22.60,6.40,12.20
2/3/18-1:21:15,838,387,406,49.80,22.60,6.70,14.60
2/3/18-1:22:16,839,393,414,50.10,22.50,6.80,13.70
2/3/18-1:23:17,840,394,426,50.30,22.50,6.40,12.00
2/3/18-1:24:18,840,387,409,49.70,22.50,6.20,11.80
2/3/18-1:25:19,840,386,419,50.20,22.50,6.30,12.30
2/3/18-1:26:20,840,383,406,49.00,22.50,5.90,9.80
2/3/18-1:27:21,839,382,410,49.40,22.50,6.30,13.50
2/3/18-1:28:22,840,385,410,49.40,22.40,7.20,15.50
2/3/18-1:29:23,840,383,414,49.80,22.40,7.90,10.50
2/3/18-1:30:24,840,386,417,49.30,22.40,9.20,16.80
2/3/18-1:31:25,839,385,412,49.80,22.40,8.40,18.90
2/3/18-1:32:26,840,382,409,50.90,22.30,8.30,17.80
2/3/18-1:33:27,839,388,414,50.20,22.30,7.90,12.90
2/3/18-1:34:28,840,382,406,50.50,22.30,7.50,12.30
2/3/18-1:35:29,840,381,404,51.60,22.30,7.80,15.60
2/3/18-1:36:30,839,383,416,51.40,22.30,7.00,13.00
2/3/18-1:37:30,839,393,418,50.60,22.20,7.60,16.50
2/3/18-1:38:31,840,394,418,52.10,22.20,7.20,12.60
2/3/18-1:39:32,839,392,413,51.80,22.20,8.30,13.70
2/3/18-1:40:33,840,391,428,52.20,22.20,8.60,15.10
2/3/18-1:41:34,840,392,416,51.80,22.20,7.70,14.70
2/3/18-1:42:35,840,387,414,51.20,22.20,7.30,11.90
2/3/18-1:43:36,840,388,412,51.60,22.10,6.70,13.20
2/3/18-1:44:37,839,388,420,51.90,22.10,7.10,14.40
2/3/18-1:45:38,840,384,415,51.00,22.10,6.00,12.20
2/3/18-1:46:39,840,384,413,50.60,22.10,7.40,15.90
2/3/18-1:47:40,840,387,417,51.20,22.10,6.90,14.90
2/3/18-1:48:41,839,389,416,51.70,22.00,7.10,16.70
2/3/18-1:49:42,840,388,419,51.70,22.10,6.10,10.10
2/3/18-1:50:43,839,384,411,51.60,22.00,6.00,11.60
2/3/18-1:51:44,840,387,419,51.70,22.00,6.60,14.60
2/3/18-1:52:45,839,383,411,51.70,22.00,7.10,15.00
2/3/18-1:53:46,840,387,414,50.70,22.00,6.50,12.70
2/3/18-1:54:47,840,382,410,51.80,22.00,6.30,12.20
2/3/18-1:55:48,839,383,414,51.70,22.00,6.00,13.20
2/3/18-1:56:49,839,385,413,52.20,21.90,5.80,10.10
2/3/18-1:57:50,839,384,410,52.30,21.90,6.30,13.20
2/3/18-1:58:51,839,381,411,52.30,22.00,6.00,12.20
2/3/18-1:59:52,840,388,420,52.20,21.90,5.70,12.60
2/3/18-2:0:53,840,383,414,52.30,21.90,5.60,12.10
2/3/18-2:1:54,840,380,416,52.10,21.90,5.60,13.00
2/3/18-2:2:55,838,384,416,51.80,21.90,5.40,8.50
2/3/18-2:3:56,839,379,414,52.70,21.80,5.70,12.70
2/3/18-2:4:57,840,376,419,52.70,21.80,5.60,11.60
2/3/18-2:5:58,840,372,418,52.70,21.80,5.10,12.00
2/3/18-2:6:59,838,377,416,51.80,21.80,5.20,11.10
2/3/18-2:8:0,839,384,419,52.10,21.80,4.70,8.10
2/3/18-2:9:1,840,382,416,52.20,21.80,5.10,11.00
2/3/18-2:10:2,840,387,414,52.10,21.80,5.30,11.30
2/3/18-2:11:3,838,394,419,53.10,21.80,5.00,10.50
2/3/18-2:12:4,839,388,418,53.30,21.80,4.70,11.80
2/3/18-2:13:5,839,390,419,52.80,21.80,4.90,10.70
2/3/18-2:14:6,840,385,413,53.20,21.70,5.00,10.50
2/3/18-2:15:7,842,377,415,53.20,21.80,4.60,7.80
2/3/18-2:16:8,839,390,421,53.00,21.70,4.70,9.30
2/3/18-2:17:9,840,386,415,53.20,21.70,4.50,6.90
2/3/18-2:18:10,840,376,406,53.40,21.70,5.10,14.20
2/3/18-2:19:11,838,385,415,53.30,21.70,5.50,13.10
2/3/18-2:20:12,839,381,413,53.60,21.70,4.90,9.20
2/3/18-2:21:13,839,382,413,53.00,21.60,5.20,12.30
2/3/18-2:22:14,840,379,413,52.90,21.70,4.30,8.20
2/3/18-2:23:15,839,383,418,52.60,21.60,4.80,9.90
2/3/18-2:24:15,839,379,408,53.40,21.60,5.00,10.90
2/3/18-2:25:16,840,376,407,53.20,21.60,4.40,10.10
2/3/18-2:26:17,838,378,406,53.10,21.60,5.30,13.10
2/3/18-2:27:18,839,380,416,53.20,21.60,4.50,11.30
2/3/18-2:28:19,838,381,412,53.30,21.60,4.40,9.00
2/3/18-2:29:20,839,378,405,53.90,21.60,4.30,7.90
2/3/18-2:30:21,839,378,410,53.70,21.60,4.70,12.60
2/3/18-2:31:22,839,380,412,53.20,21.60,4.30,10.30
2/3/18-2:32:23,838,380,407,53.80,21.50,4.10,9.40
2/3/18-2:33:24,839,381,414,52.90,21.50,4.10,10.00
2/3/18-2:34:25,840,378,405,53.40,21.50,4.20,9.10
2/3/18-2:35:26,838,379,408,53.40,21.50,3.90,9.20
2/3/18-2:36:27,840,376,403,53.40,21.40,4.00,7.60
2/3/18-2:37:28,839,376,406,53.80,21.40,4.10,7.70
2/3/18-2:38:29,839,376,402,53.90,21.40,4.10,8.50
2/3/18-2:39:30,839,374,406,53.80,21.40,3.80,7.20
2/3/18-2:40:31,838,379,410,53.50,21.40,3.60,6.00
2/3/18-2:41:32,839,373,402,53.20,21.40,4.10,12.30
2/3/18-2:42:33,838,371,401,54.10,21.40,4.00,9.80
2/3/18-2:43:34,840,380,404,54.10,21.30,4.20,13.40
2/3/18-2:44:35,839,373,403,54.90,21.40,4.00,9.00
2/3/18-2:45:36,838,375,403,54.30,21.30,3.70,9.40
2/3/18-2:46:37,840,378,404,53.70,21.30,3.90,10.10
2/3/18-2:47:38,841,375,399,54.10,21.30,3.30,8.30
2/3/18-2:48:39,838,375,402,54.00,21.20,3.50,8.90
2/3/18-2:49:40,840,375,403,54.10,21.20,3.60,6.70
2/3/18-2:50:41,839,374,400,54.00,21.30,3.20,5.70
2/3/18-2:51:42,839,371,399,53.70,21.20,3.30,6.70
2/3/18-2:52:43,839,374,402,54.30,21.20,3.20,7.30
2/3/18-2:53:44,839,369,404,54.10,21.20,3.50,7.70
2/3/18-2:54:45,839,372,399,53.30,21.20,3.00,6.20
2/3/18-2:55:46,838,375,406,53.90,21.20,3.10,7.30
2/3/18-2:56:47,838,376,413,53.80,21.20,3.10,6.20
2/3/18-2:57:48,839,378,405,53.40,21.20,3.70,8.70
2/3/18-2:58:49,838,380,405,54.00,21.20,3.00,10.70
2/3/18-2:59:50,838,380,411,53.90,21.10,3.50,6.50
2/3/18-3:0:51,839,377,399,54.20,21.20,3.40,10.00
2/3/18-3:1:52,840,384,413,54.40,21.20,3.30,11.10
2/3/18-3:2:53,840,374,405,54.60,21.10,3.50,8.70
2/3/18-3:3:54,839,377,411,54.50,21.10,3.60,7.20
2/3/18-3:4:55,839,382,414,54.70,21.10,3.30,7.10
2/3/18-3:5:56,838,377,408,55.60,21.10,3.10,7.50
2/3/18-3:6:57,838,367,401,55.10,21.10,3.20,8.60
2/3/18-3:7:58,839,369,404,54.90,21.10,3.00,7.90
2/3/18-3:8:59,839,373,401,54.50,21.10,2.90,7.20
2/3/18-3:10:0,839,368,401,54.90,21.10,3.00,11.70
2/3/18-3:11:0,839,379,415,54.30,21.10,2.80,6.10
2/3/18-3:12:1,839,378,408,54.50,21.10,2.90,7.80
2/3/18-3:13:2,839,384,412,55.40,21.10,3.10,9.50
2/3/18-3:14:3,839,377,406,56.00,21.10,3.10,8.10
2/3/18-3:15:4,838,375,403,55.50,21.00,3.60,9.20
2/3/18-3:16:5,839,372,402,55.00,21.10,3.10,8.40
2/3/18-3:17:6,838,369,396,54.70,21.10,3.50,7.30
2/3/18-3:18:7,839,368,412,55.00,21.10,3.00,7.60
2/3/18-3:19:8,838,376,408,55.30,21.10,2.90,10.10
2/3/18-3:20:9,838,374,407,54.70,21.10,3.10,8.40
2/3/18-3:21:10,838,373,398,55.50,21.10,3.40,8.10
2/3/18-3:22:11,839,370,400,55.30,21.10,3.40,7.30
2/3/18-3:23:12,839,371,405,55.00,21.10,3.20,10.10
2/3/18-3:24:13,839,374,404,55.00,21.10,3.30,5.40
2/3/18-3:25:14,839,380,409,54.50,21.00,3.30,15.30
2/3/18-3:26:15,839,378,402,54.50,21.00,3.30,9.70
2/3/18-3:27:16,838,375,391,55.10,21.00,3.10,15.70
2/3/18-3:28:17,838,375,402,54.40,21.00,2.90,8.10
2/3/18-3:29:18,839,369,400,55.60,20.90,3.50,8.00
2/3/18-3:30:19,838,376,403,57.40,20.90,3.20,7.60
2/3/18-3:31:20,839,378,407,55.30,20.90,2.80,5.30
2/3/18-3:32:21,841,377,405,53.90,20.90,2.80,6.30
2/3/18-3:33:22,839,377,403,54.30,20.90,2.40,4.50
2/3/18-3:34:23,838,373,398,55.40,20.90,3.00,7.70
2/3/18-3:35:24,838,375,404,54.90,20.90,2.60,7.10
2/3/18-3:36:25,839,370,403,54.60,20.90,2.70,7.80
2/3/18-3:37:26,838,363,392,54.50,20.80,2.20,4.00
2/3/18-3:38:27,839,365,397,54.50,20.80,3.60,5.40
2/3/18-3:39:28,839,361,392,55.30,20.80,2.90,7.90
2/3/18-3:40:29,839,363,391,55.10,20.80,2.70,7.60
2/3/18-3:41:30,839,364,391,54.30,20.80,2.70,7.50
2/3/18-3:42:31,839,366,395,55.40,20.80,2.60,12.50
2/3/18-3:43:32,839,371,393,55.10,20.80,2.90,7.00
2/3/18-3:44:33,839,367,389,55.10,20.80,2.90,5.50
2/3/18-3:45:34,838,367,384,55.10,20.80,2.90,6.70
2/3/18-3:46:35,839,368,395,55.80,20.80,3.00,7.50
2/3/18-3:47:36,838,369,390,55.30,20.70,2.50,6.60
2/3/18-3:48:37,839,365,383,56.30,20.70,2.60,6.50
2/3/18-3:49:38,839,361,385,55.30,20.70,2.30,6.10
2/3/18-3:50:39,838,370,393,54.50,20.70,2.50,5.70
2/3/18-3:51:40,839,367,387,55.60,20.70,3.00,7.70
2/3/18-3:52:41,839,365,395,54.60,20.60,2.90,6.30
2/3/18-3:53:42,839,365,386,55.40,20.60,2.50,5.80
2/3/18-3:54:43,838,367,391,55.90,20.70,2.40,5.60
2/3/18-3:55:44,838,369,394,53.90,20.70,2.40,4.20
2/3/18-3:56:44,839,367,386,54.40,20.60,2.90,9.30
2/3/18-3:57:45,838,362,383,55.50,20.60,2.90,7.90
2/3/18-3:58:46,840,368,396,55.40,20.60,2.50,7.00
2/3/18-3:59:47,839,370,389,56.40,20.60,2.20,4.60
2/3/18-4:0:48,839,364,387,55.90,20.60,2.50,5.40
2/3/18-4:1:49,838,367,390,55.20,20.50,2.40,5.60
2/3/18-4:2:50,838,365,396,55.00,20.60,2.20,5.10
2/3/18-4:3:51,839,367,399,54.80,20.60,2.90,6.70
2/3/18-4:4:52,839,364,389,55.00,20.50,2.70,4.20
2/3/18-4:5:53,839,368,394,55.30,20.50,2.60,5.90
2/3/18-4:6:54,838,373,398,55.00,20.50,2.40,5.90
2/3/18-4:7:55,839,365,388,55.40,20.50,2.40,5.40
2/3/18-4:8:56,838,368,392,55.00,20.50,2.80,8.50
2/3/18-4:9:57,838,366,387,54.90,20.50,2.50,5.20
2/3/18-4:10:58,838,369,391,55.40,20.50,2.80,11.50
2/3/18-4:11:59,839,369,392,56.00,20.50,3.20,7.40
2/3/18-4:13:0,839,370,391,55.90,20.50,2.40,4.60
2/3/18-4:14:1,839,369,393,55.30,20.50,2.70,8.50
2/3/18-4:15:2,839,369,391,55.90,20.40,2.90,7.60
2/3/18-4:16:3,839,369,393,55.80,20.50,2.60,5.90
2/3/18-4:17:4,839,366,391,55.20,20.40,2.70,4.00
2/3/18-4:18:5,840,362,388,54.60,20.50,2.40,5.70
2/3/18-4:19:6,841,365,395,54.20,20.40,2.60,7.30
2/3/18-4:20:7,838,368,394,56.00,20.50,2.50,5.80
2/3/18-4:21:8,839,366,392,55.90,20.40,2.60,4.50
2/3/18-4:22:9,840,357,389,55.20,20.40,2.60,5.10
2/3/18-4:23:10,841,360,383,54.80,20.40,2.40,5.70
2/3/18-4:24:11,839,361,391,54.80,20.40,2.60,7.20
2/3/18-4:25:12,839,365,391,54.90,20.40,2.30,4.50
2/3/18-4:26:13,839,361,385,55.90,20.40,2.70,6.40
2/3/18-4:27:14,838,363,391,55.20,20.40,2.80,5.90
2/3/18-4:28:15,841,359,390,55.10,20.40,2.80,6.20
2/3/18-4:29:16,839,366,391,55.00,20.40,2.70,5.70
2/3/18-4:30:17,839,367,389,55.20,20.40,2.20,4.00
2/3/18-4:31:18,839,363,382,55.30,20.30,2.70,6.10
2/3/18-4:32:19,839,364,389,55.40,20.30,2.40,5.50
2/3/18-4:33:20,838,368,391,56.40,20.30,2.70,4.90
2/3/18-4:34:21,839,364,383,56.20,20.30,2.60,5.00
2/3/18-4:35:22,838,365,386,57.10,20.30,2.20,4.10
2/3/18-4:36:23,838,365,394,56.10,20.30,2.30,4.00
2/3/18-4:37:24,839,365,392,55.70,20.30,2.30,5.30
2/3/18-4:38:25,839,361,389,56.10,20.30,2.60,7.40
2/3/18-4:39:26,839,361,384,55.50,20.30,2.70,4.40
2/3/18-4:40:27,840,359,386,55.00,20.30,2.40,6.40
2/3/18-4:41:27,839,362,385,55.40,20.30,2.40,5.20
2/3/18-4:42:28,839,360,383,55.40,20.30,2.40,3.90
2/3/18-4:43:29,839,367,393,56.00,20.30,2.80,5.80
2/3/18-4:44:30,838,367,386,57.40,20.20,2.10,3.20
2/3/18-4:45:31,838,355,376,55.90,20.20,2.30,5.30
2/3/18-4:46:32,839,356,383,55.50,20.20,1.90,3.40
2/3/18-4:47:33,839,361,388,55.10,20.20,2.10,2.70
2/3/18-4:48:34,839,361,386,55.80,20.20,2.10,3.50
2/3/18-4:49:35,839,357,380,55.60,20.20,2.30,6.00
2/3/18-4:50:36,838,350,372,56.60,20.20,2.70,7.80
2/3/18-4:51:37,839,347,377,55.00,20.20,2.00,3.90
2/3/18-4:52:38,839,345,377,55.60,20.20,1.90,4.50
2/3/18-4:53:39,839,338,371,55.20,20.20,2.30,4.60
2/3/18-4:54:40,839,337,372,55.20,20.10,2.30,5.30
2/3/18-4:55:41,839,334,370,55.20,20.10,1.90,3.90
2/3/18-4:56:42,839,334,373,54.50,20.10,1.90,3.70
2/3/18-4:57:43,839,332,370,54.60,20.00,1.60,4.00
2/3/18-4:58:44,838,333,373,54.50,20.00,1.50,4.30
2/3/18-4:59:45,839,338,377,55.90,20.00,1.90,3.80
2/3/18-5:0:46,839,338,374,55.10,20.00,1.60,2.90
2/3/18-5:1:47,838,332,372,54.30,20.00,1.70,6.00
2/3/18-5:2:48,838,327,376,54.10,20.00,2.00,5.90
2/3/18-5:3:49,839,320,365,54.00,20.00,1.60,2.80
2/3/18-5:4:50,839,317,363,54.50,19.90,1.80,3.70
2/3/18-5:5:51,839,304,358,53.80,19.90,1.40,3.90
2/3/18-5:6:52,839,303,363,53.50,19.90,1.60,3.30
2/3/18-5:7:53,839,307,364,53.70,19.80,1.70,3.40
2/3/18-5:8:54,839,315,365,54.20,19.80,1.90,3.40
2/3/18-5:9:55,839,320,373,54.40,19.80,1.80,2.50
2/3/18-5:10:56,839,325,365,54.00,19.80,1.50,5.50
2/3/18-5:11:57,838,329,373,54.90,19.80,1.70,4.70
2/3/18-5:12:58,839,330,370,53.80,19.80,1.80,3.10
2/3/18-5:13:59,839,326,366,54.20,19.80,1.60,4.20
2/3/18-5:15:0,840,323,365,54.10,19.80,1.80,4.50
2/3/18-5:16:1,839,321,365,55.20,19.80,1.60,2.90
2/3/18-5:17:2,839,325,365,54.70,19.80,1.50,2.10
2/3/18-5:18:3,840,326,364,54.70,19.80,1.60,2.70
2/3/18-5:19:4,839,329,373,54.70,19.90,1.60,3.50
2/3/18-5:20:5,839,328,367,54.50,19.80,1.90,4.00
2/3/18-5:21:6,838,331,363,54.20,19.90,2.00,5.00
2/3/18-5:22:7,838,332,372,54.90,19.90,1.70,2.50
2/3/18-5:23:8,839,333,370,54.60,19.90,1.80,2.20
2/3/18-5:24:9,838,339,374,54.90,19.90,2.00,2.90
2/3/18-5:25:10,838,334,368,55.00,19.90,1.50,4.70
2/3/18-5:26:10,839,330,368,53.80,19.90,1.70,2.20
2/3/18-5:27:11,840,331,371,54.50,19.90,1.60,2.40
2/3/18-5:28:12,838,340,374,54.00,19.90,1.70,2.00
2/3/18-5:29:13,839,339,375,54.30,19.90,1.50,2.40
2/3/18-5:30:14,838,338,370,54.70,19.90,1.70,2.10
2/3/18-5:31:15,839,327,363,54.40,19.90,1.40,2.90
2/3/18-5:32:16,839,326,366,54.30,20.00,1.30,2.10
2/3/18-5:33:17,839,328,366,53.60,19.90,1.30,3.00
2/3/18-5:34:18,839,327,369,54.20,19.90,1.50,2.10
2/3/18-5:35:19,838,329,359,54.10,19.90,1.60,4.40
2/3/18-5:36:20,839,329,373,54.50,19.90,1.80,4.20
2/3/18-5:37:21,839,334,368,56.50,19.90,1.80,3.40
2/3/18-5:38:22,839,334,368,56.10,19.90,1.50,3.80
2/3/18-5:39:23,839,334,371,55.30,19.90,1.60,2.30
2/3/18-5:40:24,839,335,371,55.70,19.90,1.70,4.00
2/3/18-5:41:25,839,338,370,55.50,19.90,1.80,4.00
2/3/18-5:42:26,838,337,371,55.60,19.90,2.10,5.00
2/3/18-5:43:27,839,342,370,56.30,19.90,1.80,3.90
2/3/18-5:44:28,839,341,367,56.70,19.90,1.90,4.50
2/3/18-5:45:29,839,347,378,56.50,19.90,1.70,5.90
2/3/18-5:46:30,839,348,380,57.00,19.90,2.40,5.70
2/3/18-5:47:31,839,349,378,56.10,19.90,1.60,1.90
2/3/18-5:48:32,839,345,374,57.70,19.90,1.80,3.90
2/3/18-5:49:33,839,338,369,57.50,19.90,1.90,3.80
2/3/18-5:50:34,840,333,365,56.30,19.90,1.90,4.50
2/3/18-5:51:35,839,335,378,56.90,19.90,1.80,3.30
2/3/18-5:52:36,838,337,373,55.20,19.90,1.70,4.50
2/3/18-5:53:37,839,341,383,57.30,19.90,1.60,4.50
2/3/18-5:54:38,838,339,373,56.40,19.90,1.70,3.10
2/3/18-5:55:39,839,330,370,55.30,19.80,1.50,3.50
2/3/18-5:56:40,840,328,365,57.10,19.90,1.70,3.70
2/3/18-5:57:41,839,334,372,56.10,19.90,1.40,2.10
2/3/18-5:58:42,841,338,372,56.20,19.90,1.70,4.00
2/3/18-5:59:43,841,335,370,56.70,19.90,1.60,5.30
2/3/18-6:0:44,839,331,368,55.00,19.80,1.50,2.20
2/3/18-6:1:45,839,330,366,55.10,19.80,1.60,4.90
2/3/18-6:2:46,839,332,371,56.10,19.80,1.40,3.00
2/3/18-6:3:47,839,332,372,55.10,19.80,1.40,2.50
2/3/18-6:4:48,839,332,371,54.70,19.80,2.10,6.60
2/3/18-6:5:49,840,332,368,56.00,19.80,1.60,3.70
2/3/18-6:6:50,839,340,379,55.30,19.80,1.50,2.30
2/3/18-6:7:51,839,347,377,56.00,19.70,1.40,4.30
2/3/18-6:8:52,839,342,377,56.30,19.70,1.60,3.70
2/3/18-6:9:53,839,339,373,55.40,19.80,1.70,2.60
2/3/18-6:10:53,839,335,372,55.30,19.70,2.10,3.80
2/3/18-6:11:54,838,335,373,54.50,19.70,2.10,4.10
2/3/18-6:12:55,838,335,373,56.00,19.70,2.00,3.20
2/3/18-6:13:56,839,336,374,56.40,19.70,2.00,3.70
2/3/18-6:14:57,838,336,373,56.60,19.70,2.10,5.60
2/3/18-6:15:58,839,337,377,55.70,19.70,1.70,2.40
2/3/18-6:16:59,839,337,372,55.90,19.70,2.00,5.30
2/3/18-6:18:0,839,331,368,56.90,19.70,2.20,6.10
2/3/18-6:19:1,838,335,388,56.40,19.70,1.70,3.40
2/3/18-6:20:2,838,329,376,56.30,19.70,1.70,7.00
2/3/18-6:21:3,839,336,372,57.00,19.70,1.40,4.30
2/3/18-6:22:4,839,340,376,57.10,19.70,1.40,4.70
2/3/18-6:23:5,839,338,374,56.90,19.70,1.80,6.10
2/3/18-6:24:6,838,338,377,56.20,19.70,1.60,3.10
2/3/18-6:25:7,839,337,376,56.40,19.70,1.90,4.60
2/3/18-6:26:8,839,334,371,56.10,19.70,1.70,4.10
2/3/18-6:27:9,838,340,380,55.10,19.70,1.90,5.50
2/3/18-6:28:10,840,333,376,55.90,19.70,2.40,6.30
2/3/18-6:29:11,839,334,369,56.80,19.70,2.00,6.30
2/3/18-6:30:12,838,340,377,56.20,19.70,2.00,5.60
2/3/18-6:31:13,839,334,369,56.60,19.70,2.10,3.30
2/3/18-6:32:14,838,335,372,55.50,19.70,1.80,5.20
2/3/18-6:33:15,838,334,373,55.90,19.70,2.00,5.30
2/3/18-6:34:16,838,335,376,55.90,19.70,1.80,7.00
2/3/18-6:35:17,838,339,388,56.50,19.70,1.60,2.40
2/3/18-6:36:18,838,343,385,56.30,19.70,1.90,5.10
2/3/18-6:37:19,839,341,377,55.90,19.70,1.70,3.30
2/3/18-6:38:20,839,342,385,56.90,19.70,1.50,2.80
2/3/18-6:39:21,839,341,382,55.30,19.70,1.60,2.20
2/3/18-6:40:22,838,343,382,55.40,19.70,1.70,3.60
2/3/18-6:41:23,839,339,378,56.30,19.70,1.40,3.90
2/3/18-6:42:24,839,337,377,57.30,19.70,1.80,3.60
2/3/18-6:43:25,839,336,379,55.80,19.70,1.50,3.50
2/3/18-6:44:26,839,335,378,56.10,19.70,1.60,3.20
2/3/18-6:45:27,839,330,369,56.00,19.70,1.40,2.90
2/3/18-6:46:28,839,327,372,54.80,19.70,1.70,2.70
2/3/18-6:47:29,838,325,366,57.10,19.70,1.50,3.60
2/3/18-6:48:30,839,320,366,55.50,19.60,1.70,5.10
2/3/18-6:49:31,839,320,370,55.90,19.60,1.70,3.90
2/3/18-6:50:32,838,328,373,54.70,19.60,2.00,5.50
2/3/18-6:51:33,839,332,378,55.60,19.60,1.60,5.00
2/3/18-6:52:34,839,330,368,55.50,19.60,1.90,4.10
2/3/18-6:53:35,839,334,376,56.30,19.60,1.70,3.40
2/3/18-6:54:36,841,335,380,55.60,19.60,1.80,4.60
2/3/18-6:55:36,839,330,375,56.20,19.60,1.60,3.50
2/3/18-6:56:37,838,331,370,56.90,19.60,1.30,2.30
2/3/18-6:57:38,838,328,370,55.70,19.60,1.30,3.00
2/3/18-6:58:39,838,315,371,55.00,19.60,1.50,4.80
2/3/18-6:59:40,838,311,373,53.40,19.50,1.30,2.50
2/3/18-7:0:41,839,308,365,55.80,19.50,1.40,5.90
2/3/18-7:1:42,838,315,377,55.60,19.50,1.70,4.50
2/3/18-7:2:43,839,308,366,54.20,19.50,1.50,2.70
2/3/18-7:3:44,839,300,367,53.30,19.50,1.30,4.70
2/3/18-7:4:45,839,295,380,55.40,19.50,1.60,5.30
2/3/18-7:5:46,839,291,378,55.00,19.50,1.40,3.80
2/3/18-7:6:47,839,279,360,52.80,19.50,1.20,2.30
2/3/18-7:7:48,841,285,367,52.30,19.50,1.70,4.40
2/3/18-7:8:49,839,288,368,53.70,19.50,1.10,1.90
2/3/18-7:9:50,839,286,372,53.60,19.50,1.20,2.70
2/3/18-7:10:51,838,288,372,53.10,19.40,1.30,4.90
2/3/18-7:11:52,839,283,366,53.90,19.40,1.50,5.90
2/3/18-7:12:53,839,270,361,53.00,19.40,1.40,4.00
2/3/18-7:13:54,838,255,364,51.30,19.40,1.20,3.10
2/3/18-7:14:55,839,255,370,51.50,19.40,1.20,3.00
2/3/18-7:15:56,838,278,375,51.90,19.40,1.00,3.10
2/3/18-7:16:57,839,292,391,53.00,19.40,1.60,4.20
2/3/18-7:17:58,839,293,362,53.30,19.40,1.30,5.60
2/3/18-7:18:59,838,283,366,52.60,19.40,1.30,6.90
2/3/18-7:20:0,839,275,371,52.70,19.40,1.40,2.80
2/3/18-7:21:1,841,271,370,51.80,19.40,1.30,3.80
2/3/18-7:22:2,839,253,355,51.20,19.40,1.20,3.40
2/3/18-7:23:3,838,249,360,50.50,19.40,1.30,4.40
2/3/18-7:24:4,838,255,367,51.40,19.30,1.80,6.80
2/3/18-7:25:5,838,260,371,51.20,19.30,1.50,3.40
2/3/18-7:26:6,838,252,365,51.10,19.30,1.80,4.00
2/3/18-7:27:7,838,233,350,51.30,19.30,2.00,4.40
2/3/18-7:28:8,838,230,370,50.70,19.30,1.90,3.80
2/3/18-7:29:9,839,227,353,52.60,19.30,2.10,4.20
2/3/18-7:30:10,839,220,348,51.40,19.30,1.80,6.00
2/3/18-7:31:11,839,213,357,50.30,19.30,1.80,3.30
2/3/18-7:32:12,838,204,348,50.80,19.20,1.70,4.90
2/3/18-7:33:13,839,223,364,51.80,19.30,2.00,5.30
2/3/18-7:34:14,839,201,354,49.40,19.30,1.70,4.40
2/3/18-7:35:15,838,200,354,50.80,19.30,2.10,6.30
2/3/18-7:36:16,839,203,359,50.30,19.40,1.60,4.00
2/3/18-7:37:17,837,205,349,49.90,19.30,1.80,6.40
2/3/18-7:38:18,838,196,359,49.40,19.40,1.80,4.20
2/3/18-7:39:18,838,209,367,49.00,19.40,2.50,8.70
2/3/18-7:40:19,838,200,359,50.30,19.50,1.80,4.60
2/3/18-7:41:20,839,210,356,49.80,19.50,2.10,8.10
2/3/18-7:42:21,839,218,377,49.60,19.50,1.60,4.10
2/3/18-7:43:22,841,225,378,50.50,19.50,1.80,4.50
2/3/18-7:44:23,839,216,358,50.50,19.60,1.90,5.20
2/3/18-7:45:24,839,210,357,49.10,19.60,2.50,9.10
2/3/18-7:46:25,837,225,374,48.40,19.70,1.90,6.00
2/3/18-7:47:26,839,241,368,49.60,19.70,1.80,7.20
2/3/18-7:48:27,839,271,404,49.10,19.70,1.80,5.90
2/3/18-7:49:28,838,250,373,49.60,19.80,2.40,5.30
2/3/18-7:50:29,840,230,389,48.70,19.80,2.40,8.20
2/3/18-7:51:30,838,231,366,48.90,19.80,2.50,6.00
2/3/18-7:52:31,839,217,372,49.50,19.90,2.40,5.80
2/3/18-7:53:32,838,212,360,48.50,19.90,2.50,4.70
2/3/18-7:54:33,837,220,378,48.10,19.80,2.90,7.40
2/3/18-7:55:34,839,219,373,48.80,19.90,4.50,8.60
2/3/18-7:56:35,839,220,377,48.80,20.00,5.20,14.10
2/3/18-7:57:36,839,231,376,47.60,20.00,5.70,8.40
2/3/18-7:58:37,839,212,364,48.60,20.10,7.10,12.40
2/3/18-7:59:38,838,215,378,48.40,20.10,7.20,10.80
2/3/18-8:0:39,837,218,367,47.90,20.10,7.80,12.90
2/3/18-8:1:40,838,210,370,46.80,20.10,8.60,16.20
2/3/18-8:2:41,839,221,372,46.10,20.20,8.90,14.20
2/3/18-8:3:42,839,247,418,46.20,20.20,8.90,17.40
2/3/18-8:4:43,840,239,380,48.00,20.30,9.20,14.50
2/3/18-8:5:44,839,239,389,45.30,20.30,9.60,14.30
2/3/18-8:6:45,839,227,366,46.80,20.40,10.80,21.00
2/3/18-8:7:46,838,235,380,46.80,20.30,10.80,17.80
2/3/18-8:8:47,837,239,382,46.70,20.40,10.40,16.20
2/3/18-8:9:48,839,233,375,47.20,20.40,10.60,15.60
2/3/18-8:10:49,839,225,377,47.00,20.50,11.60,19.70
2/3/18-8:11:50,838,230,387,46.50,20.50,12.30,17.80
2/3/18-8:12:51,839,245,393,46.30,20.50,11.70,18.60
2/3/18-8:13:52,839,247,395,47.80,20.60,12.40,19.00
2/3/18-8:14:53,839,252,383,47.30,20.60,11.50,21.60
2/3/18-8:15:54,839,229,368,46.90,20.70,10.60,17.50
2/3/18-8:16:55,838,226,362,46.80,20.70,9.40,13.10
2/3/18-8:17:56,838,239,397,46.30,20.70,7.90,13.00
2/3/18-8:18:57,838,236,362,48.10,20.70,7.90,13.30
2/3/18-8:19:58,839,241,399,47.80,20.80,7.10,10.80
2/3/18-8:20:59,837,240,403,46.40,20.80,6.20,13.60
2/3/18-8:22:0,838,224,372,45.80,20.80,5.40,9.10
2/3/18-8:23:1,838,276,526,44.40,20.80,5.00,11.60
2/3/18-8:24:1,838,297,453,46.70,20.90,5.30,8.40
2/3/18-8:25:2,838,262,352,46.60,21.00,5.00,10.60
2/3/18-8:26:3,839,228,384,47.20,20.90,3.80,7.40
2/3/18-8:27:4,837,239,420,45.80,21.00,3.30,7.80
2/3/18-8:28:5,839,240,386,45.20,21.00,3.30,8.20
2/3/18-8:29:6,838,239,366,46.70,21.10,3.50,7.40
2/3/18-8:30:7,839,239,389,44.30,21.10,3.20,5.60
2/3/18-8:31:8,839,232,362,46.70,21.20,2.90,5.70
2/3/18-8:32:9,839,219,362,44.70,21.20,2.90,6.30
2/3/18-8:33:10,839,226,362,44.70,21.20,2.80,7.10
2/3/18-8:34:11,839,235,391,44.90,21.20,2.30,3.20
2/3/18-8:35:12,838,235,375,44.50,21.30,2.50,5.70
2/3/18-8:36:13,838,232,380,45.00,21.30,2.40,6.70
2/3/18-8:37:14,839,217,351,44.80,21.30,2.30,3.50
2/3/18-8:38:15,839,241,419,45.90,21.40,2.00,3.90
2/3/18-8:39:16,838,243,361,45.90,21.40,2.10,8.10
2/3/18-8:40:17,839,262,385,45.20,21.50,2.30,6.30
2/3/18-8:41:18,840,252,412,46.70,21.50,1.90,5.40
2/3/18-8:42:19,839,282,399,46.70,21.50,2.00,7.00
2/3/18-8:43:20,837,286,392,47.70,21.50,2.00,7.30
2/3/18-8:44:21,839,268,408,47.60,21.60,1.80,5.80
2/3/18-8:45:22,838,278,391,45.60,21.60,1.70,4.20
2/3/18-8:46:23,841,263,379,45.30,21.70,2.10,4.90
2/3/18-8:47:24,838,254,388,45.10,21.70,2.00,6.80
2/3/18-8:48:25,838,238,367,44.80,21.70,1.80,4.90
2/3/18-8:49:26,839,264,428,46.00,21.70,2.70,5.90
2/3/18-8:50:27,838,282,399,46.00,21.80,2.10,7.20
2/3/18-8:51:28,839,260,397,45.80,21.80,1.90,4.80
2/3/18-8:52:29,837,265,413,43.40,21.80,1.80,5.10
2/3/18-8:53:30,839,271,415,45.20,21.80,5.70,16.00
2/3/18-8:54:31,839,271,412,45.40,21.80,4.90,14.70
2/3/18-8:55:32,839,276,457,45.20,21.90,7.70,24.10
2/3/18-8:56:33,838,269,389,45.60,21.90,2.00,7.40
2/3/18-8:57:34,839,288,464,44.80,22.00,4.50,13.80
2/3/18-8:58:35,839,282,396,43.60,22.00,3.20,9.70
2/3/18-8:59:36,839,277,387,45.90,22.00,2.40,5.60
2/3/18-9:0:37,839,278,392,45.00,22.10,1.80,3.80
2/3/18-9:1:38,839,285,411,44.70,22.10,3.60,9.40
2/3/18-9:2:39,839,279,438,44.80,22.20,2.10,6.70
2/3/18-9:3:40,839,262,378,46.00,22.20,2.60,6.20
2/3/18-9:4:41,838,260,381,44.70,22.20,2.10,6.90
2/3/18-9:5:42,838,251,414,46.10,22.30,2.50,6.80
2/3/18-9:6:43,839,247,408,43.90,22.30,2.70,7.20
2/3/18-9:7:44,838,260,432,45.30,22.40,2.40,4.70
2/3/18-9:8:45,839,281,429,44.00,22.40,4.50,9.70
2/3/18-9:9:46,838,295,427,45.50,22.50,3.30,10.40
2/3/18-9:10:46,838,298,419,44.60,22.50,2.80,5.90
2/3/18-9:11:47,839,296,402,44.30,22.50,4.30,11.90
2/3/18-9:12:48,839,272,382,44.40,22.60,3.50,8.50
2/3/18-9:13:49,838,263,381,44.00,22.60,4.00,15.70
2/3/18-9:14:50,839,279,412,44.30,22.70,3.30,8.40
2/3/18-9:15:51,839,275,424,43.40,22.70,4.00,11.20
2/3/18-9:16:52,839,275,409,43.90,22.80,3.90,8.40
2/3/18-9:17:53,837,261,389,43.60,22.80,3.80,10.80
2/3/18-9:18:54,839,270,444,43.60,22.80,4.50,11.20
2/3/18-9:19:55,839,275,397,43.80,22.80,4.70,15.10
2/3/18-9:20:56,839,275,417,44.00,22.90,4.30,16.50
2/3/18-9:21:57,838,282,419,43.70,22.90,4.40,17.10
2/3/18-9:22:58,839,286,407,43.90,22.90,4.40,12.30
2/3/18-9:23:59,837,293,533,44.90,23.00,4.00,13.60
2/3/18-9:25:0,838,286,410,44.20,23.00,4.20,12.30
2/3/18-9:26:1,838,299,451,45.70,23.10,5.10,10.80
2/3/18-9:27:2,837,306,422,45.40,23.10,4.70,10.50
2/3/18-9:28:3,837,308,426,44.10,23.20,4.10,8.40
2/3/18-9:29:4,838,271,388,45.20,23.20,5.00,11.50
2/3/18-9:30:5,838,300,515,45.20,23.30,5.00,11.00
2/3/18-9:31:6,837,290,419,46.00,23.30,4.80,12.60
2/3/18-9:32:7,838,272,388,44.60,23.40,4.90,18.80
2/3/18-9:33:8,837,273,404,45.50,23.40,5.10,14.90
2/3/18-9:34:9,837,290,440,46.00,23.50,5.70,13.90
2/3/18-9:35:10,838,301,410,45.40,23.50,6.50,19.20
2/3/18-9:36:11,838,284,411,44.40,23.50,4.90,17.20
2/3/18-9:37:12,838,284,411,44.20,23.50,4.80,15.00
2/3/18-9:38:13,837,286,396,44.10,23.60,5.40,13.70
2/3/18-9:39:14,838,291,412,45.60,23.70,4.30,11.70
2/3/18-9:40:15,838,268,408,44.50,23.70,4.60,9.20
2/3/18-9:41:16,837,260,392,44.50,23.70,5.00,12.60
2/3/18-9:42:17,837,261,419,44.20,23.80,4.50,13.50
2/3/18-9:43:18,837,283,400,45.60,23.80,5.30,13.60
2/3/18-9:44:19,837,277,397,46.60,23.90,4.70,12.40
2/3/18-9:45:20,838,280,399,43.80,23.90,5.10,14.60
2/3/18-9:46:21,837,289,463,44.10,23.90,4.30,14.70
2/3/18-9:47:22,836,290,452,45.00,24.00,4.30,8.50
2/3/18-9:48:23,837,272,394,44.80,24.00,5.20,16.30
2/3/18-9:49:24,838,294,450,46.50,24.10,4.50,14.20
2/3/18-9:50:25,838,292,421,45.50,24.10,5.10,15.60
2/3/18-9:51:26,837,274,391,45.10,24.10,5.10,13.00
2/3/18-9:52:27,837,258,388,44.60,24.20,3.90,13.20
2/3/18-9:53:28,836,261,390,43.40,24.20,4.60,12.60
2/3/18-9:54:29,837,285,494,45.40,24.30,4.50,13.40
2/3/18-9:55:30,836,292,409,44.80,24.30,4.60,11.60
2/3/18-9:56:31,839,258,387,45.10,24.30,4.10,15.20
2/3/18-9:57:32,837,239,390,44.10,24.40,4.40,10.10
2/3/18-9:58:33,836,236,391,43.70,24.40,4.20,10.50
2/3/18-9:59:34,837,236,399,42.90,24.50,3.90,12.20
2/3/18-10:0:34,837,245,399,43.40,24.50,3.90,11.10
2/3/18-10:1:35,837,263,419,43.00,24.60,3.80,11.40
2/3/18-10:2:36,836,242,397,42.70,24.60,3.30,8.80
2/3/18-10:3:37,837,243,477,43.00,24.60,3.40,7.70
2/3/18-10:4:38,837,242,406,43.30,24.70,2.90,8.70
2/3/18-10:5:39,836,223,385,42.00,24.70,2.70,9.20
2/3/18-10:6:40,838,218,384,41.80,24.80,2.80,8.40
2/3/18-10:7:41,836,222,392,39.90,24.80,2.20,8.30
2/3/18-10:8:42,837,186,381,40.10,24.80,1.80,6.90
2/3/18-10:9:43,837,216,399,38.40,24.90,2.60,6.20
2/3/18-10:10:44,835,179,369,38.40,24.90,1.90,5.60
2/3/18-10:11:45,836,172,474,37.00,24.90,1.80,6.30
2/3/18-10:12:46,838,161,384,38.10,25.00,1.60,3.20
2/3/18-10:13:47,837,160,370,37.70,25.00,2.00,3.80
2/3/18-10:14:48,836,156,367,38.30,25.00,2.00,9.70
2/3/18-10:15:49,836,164,415,37.70,25.00,1.90,3.80
2/3/18-10:16:50,837,145,358,37.80,25.00,2.00,4.40
2/3/18-10:17:51,836,148,368,36.60,25.10,1.80,5.60
2/3/18-10:18:52,835,159,403,37.50,25.20,1.50,3.40
2/3/18-10:19:53,835,152,374,37.40,25.20,1.90,6.90
2/3/18-10:20:54,836,140,364,37.00,25.20,1.70,4.60
2/3/18-10:21:55,836,163,415,37.60,25.20,1.60,4.00
2/3/18-10:22:56,835,167,371,36.80,25.20,2.60,10.00
2/3/18-10:23:57,836,172,370,37.50,25.30,1.90,8.20
2/3/18-10:24:58,835,193,401,37.10,25.30,2.40,11.50
2/3/18-10:25:59,836,172,368,36.90,25.30,2.50,16.30
2/3/18-10:27:0,836,179,377,37.30,25.40,2.10,5.90
2/3/18-10:28:1,837,186,383,36.30,25.40,2.60,9.20
2/3/18-10:29:2,837,189,372,38.80,25.50,2.30,9.60
2/3/18-10:30:3,836,222,435,38.70,25.60,2.30,8.30
2/3/18-10:31:4,836,232,391,36.70,25.60,2.10,7.00
2/3/18-10:32:5,836,263,509,36.90,25.60,2.60,10.10
2/3/18-10:33:6,835,236,384,37.20,25.70,2.30,8.80
2/3/18-10:34:7,836,230,398,38.50,25.70,2.40,9.60
2/3/18-10:35:8,836,221,452,38.10,25.80,2.40,8.70
2/3/18-10:36:9,836,241,442,36.50,25.80,3.30,10.30
2/3/18-10:37:10,836,247,473,36.20,25.80,3.00,15.50
2/3/18-10:38:11,836,229,389,35.70,25.90,2.50,8.40
2/3/18-10:39:12,835,203,391,36.50,25.90,2.40,9.10
2/3/18-10:40:13,835,192,387,36.10,25.90,2.60,12.10
2/3/18-10:41:14,836,197,383,36.20,26.00,2.60,8.90
2/3/18-10:42:15,836,204,383,36.20,26.10,2.80,12.40
2/3/18-10:43:16,836,193,393,36.70,26.10,2.50,9.20
2/3/18-10:44:17,837,176,377,35.90,26.10,2.50,13.60
2/3/18-10:45:18,836,174,396,36.00,26.10,2.20,7.10
2/3/18-10:46:19,836,178,390,35.80,26.20,2.40,10.70
2/3/18-10:47:20,837,189,462,35.60,26.30,2.00,7.50
2/3/18-10:48:21,837,164,384,35.30,26.30,2.40,10.50
2/3/18-10:49:22,836,164,382,34.50,26.30,2.60,10.70
2/3/18-10:50:23,836,185,425,35.30,26.40,2.50,11.20
2/3/18-10:51:24,836,193,391,35.70,26.40,2.70,12.50
2/3/18-10:52:25,836,197,409,35.50,26.50,2.70,12.30
2/3/18-10:53:26,836,210,449,34.40,26.50,2.60,9.60
2/3/18-10:54:26,835,219,502,35.00,26.50,2.80,12.60
2/3/18-10:55:27,836,192,392,34.70,26.50,4.00,19.70
2/3/18-10:56:28,835,215,443,34.70,26.50,2.80,11.00
2/3/18-10:57:29,836,195,388,35.30,26.60,2.70,8.40
2/3/18-10:58:30,835,182,394,36.20,26.70,2.60,17.30
2/3/18-10:59:31,835,217,474,36.00,26.70,2.60,10.70
2/3/18-11:0:32,836,209,410,34.90,26.70,2.50,7.70
2/3/18-11:1:33,836,208,476,35.30,26.80,2.30,9.50
2/3/18-11:2:34,836,236,501,35.20,26.80,2.10,9.20
2/3/18-11:3:35,835,241,456,35.90,26.90,2.30,5.10
2/3/18-11:4:36,836,211,438,35.30,26.90,2.10,10.80
2/3/18-11:5:37,836,214,517,34.00,26.90,2.30,5.60
2/3/18-11:6:38,837,225,573,34.90,27.00,1.90,6.60
2/3/18-11:7:39,836,196,406,35.30,27.00,1.90,4.70
2/3/18-11:8:40,836,167,408,36.00,27.00,2.20,8.30
2/3/18-11:9:41,835,168,383,36.00,27.10,1.80,7.10
2/3/18-11:10:42,836,184,441,35.60,27.10,2.30,6.70
2/3/18-11:11:43,836,178,398,35.50,27.10,2.20,5.00
2/3/18-11:12:44,835,176,393,34.00,27.20,1.70,4.40
2/3/18-11:13:45,836,168,419,34.60,27.20,2.10,8.90
2/3/18-11:14:46,836,164,503,34.50,27.20,2.00,5.90
2/3/18-11:15:47,837,184,474,35.20,27.30,2.10,6.60
2/3/18-11:16:48,834,235,503,34.50,27.30,2.20,9.50
2/3/18-11:17:49,836,171,391,34.60,27.40,2.50,9.80
2/3/18-11:18:50,837,177,415,35.30,27.40,2.40,5.50
2/3/18-11:19:51,836,207,493,34.70,27.40,2.50,8.50
2/3/18-11:20:52,836,185,410,34.30,27.40,2.20,5.90
2/3/18-11:21:53,838,187,549,34.10,27.40,2.50,7.70
2/3/18-11:22:54,838,244,534,34.40,27.40,2.30,9.20
2/3/18-11:23:55,836,222,444,34.50,27.50,2.60,7.00
2/3/18-11:24:56,835,190,415,34.80,27.50,2.30,9.10
2/3/18-11:25:57,836,214,488,34.70,27.60,2.40,9.60
2/3/18-11:26:58,835,219,470,35.00,27.50,2.30,6.40
2/3/18-11:27:59,836,214,491,35.50,27.60,2.50,9.00
2/3/18-11:29:0,836,232,463,34.70,27.60,3.00,11.60
2/3/18-11:30:1,835,253,467,33.80,27.60,2.60,8.70
2/3/18-11:31:2,836,221,469,33.40,27.60,2.50,7.70
2/3/18-11:32:3,836,205,476,33.20,27.60,2.40,7.30
2/3/18-11:33:4,836,173,402,33.20,27.70,2.30,8.20
2/3/18-11:34:5,836,207,497,34.20,27.80,3.00,7.90
2/3/18-11:35:6,836,259,490,33.90,27.70,3.00,15.90
2/3/18-11:36:7,836,240,434,34.10,27.80,3.50,14.70
2/3/18-11:37:8,835,225,447,34.80,27.80,4.20,20.50
2/3/18-11:38:9,835,191,401,34.90,27.80,4.00,17.50
2/3/18-11:39:10,836,241,559,35.80,27.80,4.60,13.40
2/3/18-11:40:11,835,232,434,36.90,27.90,4.90,14.90
2/3/18-11:41:12,835,247,464,36.50,27.90,4.80,11.40
2/3/18-11:42:13,836,256,448,35.70,28.00,5.30,12.90
2/3/18-11:43:14,836,240,428,35.70,28.00,6.20,24.70
2/3/18-11:44:15,835,207,429,36.50,28.00,5.50,18.70
2/3/18-11:45:16,836,240,494,36.50,28.10,5.50,15.50
2/3/18-11:46:17,836,263,551,36.30,28.10,6.70,14.30
2/3/18-11:47:18,836,252,434,36.50,28.10,6.10,15.50
2/3/18-11:48:19,835,223,446,35.00,28.20,5.10,16.20
2/3/18-11:49:20,837,246,491,35.10,28.10,4.30,13.10
2/3/18-11:50:21,836,255,473,35.80,28.20,3.90,9.20
2/3/18-11:51:22,835,288,608,36.40,28.20,4.60,11.00
2/3/18-11:52:22,836,270,511,35.50,28.20,5.20,12.00
2/3/18-11:53:23,835,255,433,35.00,28.20,4.10,9.70
2/3/18-11:54:24,836,255,450,35.80,28.30,4.30,14.20
2/3/18-11:55:25,835,277,520,35.50,28.20,3.60,9.80
2/3/18-11:56:26,836,248,427,35.50,28.30,4.80,12.80
2/3/18-11:57:27,835,239,438,36.30,28.30,4.00,13.10
2/3/18-11:58:28,835,249,450,35.70,28.40,3.40,9.00
2/3/18-11:59:29,836,213,421,35.50,28.40,3.50,14.40
2/3/18-12:0:30,836,206,511,35.90,28.40,3.70,7.40
2/3/18-12:1:31,836,217,479,36.30,28.40,3.10,9.70
2/3/18-12:2:32,836,255,485,36.10,28.50,3.60,12.40
2/3/18-12:3:33,837,284,526,34.50,28.50,3.70,11.40
2/3/18-12:4:34,835,272,477,34.50,28.60,3.60,10.70
2/3/18-12:5:35,836,251,517,34.30,28.60,3.70,29.10
2/3/18-12:6:36,836,203,400,34.40,28.60,3.50,13.50
2/3/18-12:7:37,836,224,492,35.20,28.50,4.10,14.00
2/3/18-12:8:38,835,215,427,34.50,28.60,5.30,9.00
2/3/18-12:9:39,835,236,485,35.00,28.60,8.50,14.00
2/3/18-12:10:40,836,246,497,35.00,28.60,5.00,9.90
2/3/18-12:11:41,838,235,458,34.30,28.70,3.00,6.40
2/3/18-12:12:42,835,266,445,34.30,28.70,3.00,7.30
2/3/18-12:13:43,836,234,457,32.40,28.70,3.00,6.70
2/3/18-12:14:44,836,246,468,32.70,28.70,2.40,4.20
2/3/18-12:15:45,836,252,464,32.90,28.70,2.20,3.60
2/3/18-12:16:46,836,214,424,32.50,28.70,2.80,7.20
2/3/18-12:17:47,835,271,462,33.50,28.70,2.50,8.80
2/3/18-12:18:48,836,230,501,33.40,28.70,3.10,8.40
2/3/18-12:19:49,835,200,416,33.70,28.70,3.10,5.80
2/3/18-12:20:50,836,252,459,34.00,28.80,3.00,7.50
2/3/18-12:21:51,836,267,466,33.10,28.80,2.30,3.80
2/3/18-12:22:52,835,238,465,32.60,28.80,2.20,3.70
2/3/18-12:23:53,838,218,440,32.30,28.80,2.40,4.60
2/3/18-12:24:54,836,214,473,32.60,28.80,3.00,6.60
2/3/18-12:25:55,836,202,484,33.40,28.80,2.80,7.60
2/3/18-12:26:56,834,243,486,33.20,28.80,2.80,6.30
2/3/18-12:27:57,835,220,522,32.60,28.90,2.90,10.00
2/3/18-12:28:58,835,193,400,32.90,28.90,3.20,11.60
2/3/18-12:29:59,835,187,452,33.60,28.90,2.90,8.70
2/3/18-12:31:0,835,181,412,33.80,28.90,3.60,9.30
2/3/18-12:32:1,836,181,486,33.60,28.90,2.60,6.70
2/3/18-12:33:2,836,260,489,34.00,29.00,2.20,3.90
2/3/18-12:34:3,836,255,509,32.50,29.00,2.30,4.20
2/3/18-12:35:4,835,224,434,33.00,29.00,2.90,6.90
2/3/18-12:36:5,836,216,520,32.40,29.00,2.90,4.20
2/3/18-12:37:6,835,214,456,33.60,29.00,3.30,5.90
2/3/18-12:38:7,836,248,512,34.10,29.10,3.50,8.40
2/3/18-12:39:8,835,275,468,32.80,29.10,3.10,7.70
2/3/18-12:40:9,835,262,512,31.10,29.10,2.30,11.00
2/3/18-12:41:10,834,256,471,31.50,29.20,1.80,5.40
2/3/18-12:42:11,836,222,444,32.00,29.20,2.20,9.60
2/3/18-12:43:12,835,210,476,32.30,29.10,2.30,6.20
2/3/18-12:44:13,835,211,417,33.40,29.20,2.20,7.10
2/3/18-12:45:14,835,210,434,32.60,29.20,2.40,6.60
2/3/18-12:46:15,834,234,502,32.80,29.20,2.20,7.40
2/3/18-12:47:16,835,268,499,31.00,29.20,2.00,8.70
2/3/18-12:48:17,834,248,434,32.20,29.20,2.20,5.00
2/3/18-12:49:18,834,233,501,33.40,29.20,1.80,7.40
2/3/18-12:50:19,835,215,420,32.70,29.30,1.70,3.60
2/3/18-12:51:20,835,202,492,30.80,29.30,1.60,4.10
2/3/18-12:52:21,834,269,502,31.60,29.30,1.60,4.60
2/3/18-12:53:21,835,242,459,31.10,29.30,1.50,4.70
2/3/18-12:54:22,835,166,401,31.90,29.40,1.90,3.20
2/3/18-12:55:23,835,232,504,31.50,29.40,1.80,4.10
2/3/18-12:56:24,834,250,508,31.60,29.40,1.40,3.20
2/3/18-12:57:25,835,283,510,32.60,29.40,1.60,4.20
2/3/18-12:58:26,835,254,483,31.80,29.40,1.50,6.00
2/3/18-12:59:27,834,206,491,31.50,29.40,1.80,6.20
2/3/18-13:0:28,833,199,522,33.50,29.40,1.50,5.70
2/3/18-13:1:29,834,201,452,32.90,29.40,1.50,3.20
2/3/18-13:2:30,835,219,473,32.30,29.50,1.40,6.70
2/3/18-13:3:31,833,247,476,31.50,29.50,1.90,4.50
2/3/18-13:4:32,834,215,446,32.30,29.50,1.70,5.90
2/3/18-13:5:33,833,225,510,33.80,29.50,1.50,4.50
2/3/18-13:6:34,835,189,430,33.70,29.50,1.90,7.40
2/3/18-13:7:35,835,243,485,32.80,29.50,1.50,5.50
2/3/18-13:8:36,835,243,450,32.00,29.60,1.40,6.20
2/3/18-13:9:37,834,249,513,31.60,29.60,1.40,5.10
2/3/18-13:10:38,835,208,474,32.20,29.70,1.50,2.90
2/3/18-13:11:39,835,213,496,32.70,29.70,1.30,3.20
2/3/18-13:12:40,834,190,420,32.40,29.70,1.80,4.40
2/3/18-13:13:41,834,166,493,33.50,29.70,1.70,8.30
2/3/18-13:14:42,833,172,479,32.90,29.70,1.70,3.70
2/3/18-13:15:43,835,289,544,32.10,29.70,1.50,5.80
2/3/18-13:16:44,835,255,508,31.10,29.80,1.60,3.10
2/3/18-13:17:45,835,262,478,31.90,29.80,1.90,5.70
2/3/18-13:18:46,833,226,483,32.00,29.80,1.80,6.50
2/3/18-13:19:47,835,218,453,32.80,29.80,1.60,5.00
2/3/18-13:20:48,835,199,467,32.20,29.80,1.90,5.50
2/3/18-13:21:49,834,201,480,32.60,29.80,2.10,3.50
2/3/18-13:22:50,835,217,449,31.90,29.80,1.50,6.40
2/3/18-13:23:51,834,257,509,31.00,29.80,1.40,2.90
2/3/18-13:24:52,835,272,498,31.40,29.90,1.60,6.60
2/3/18-13:25:53,835,206,433,31.30,29.90,1.30,3.50
2/3/18-13:26:54,835,192,435,30.60,29.90,1.30,2.70
2/3/18-13:27:55,835,206,473,31.00,29.90,1.50,4.30
2/3/18-13:28:56,834,195,428,31.50,29.90,1.30,2.90
2/3/18-13:29:57,834,191,465,31.60,29.90,1.60,4.50
2/3/18-13:30:58,835,224,546,30.80,29.90,1.30,1.80
2/3/18-13:31:59,835,207,462,31.50,29.90,1.40,3.60
2/3/18-13:33:0,835,231,489,32.10,30.00,1.30,3.90
2/3/18-13:34:1,834,251,530,31.70,29.90,1.80,6.50
2/3/18-13:35:2,835,238,484,33.10,30.00,1.60,4.60
2/3/18-13:36:3,835,163,446,32.70,30.00,1.90,7.40
2/3/18-13:37:4,834,142,425,33.20,30.10,1.70,4.00
2/3/18-13:38:5,834,152,480,32.30,30.00,1.30,2.50
2/3/18-13:39:6,835,220,512,32.50,30.10,1.60,7.80
2/3/18-13:40:7,834,165,423,32.80,30.10,1.70,6.60
2/3/18-13:41:8,834,195,516,32.40,30.10,1.50,5.50
2/3/18-13:42:9,835,232,442,32.80,30.10,1.70,4.70
2/3/18-13:43:10,835,195,502,31.90,30.20,2.20,8.20
2/3/18-13:44:11,834,204,451,32.80,30.30,2.00,7.40
2/3/18-13:45:12,834,197,450,32.00,30.30,2.10,6.40
2/3/18-13:46:13,834,168,407,31.70,30.30,1.90,4.40
2/3/18-13:47:14,834,185,482,31.50,30.30,1.40,3.70
2/3/18-13:48:15,834,222,458,32.10,30.40,1.70,7.20
2/3/18-13:49:16,834,215,503,29.60,30.40,1.20,5.10
2/3/18-13:50:17,834,191,458,30.00,30.40,1.70,5.90
2/3/18-13:51:18,834,269,494,30.00,30.40,1.70,7.90
2/3/18-13:52:19,835,288,544,31.00,30.40,2.30,8.50
2/3/18-13:53:20,834,268,460,30.10,30.40,1.80,8.10
2/3/18-13:54:21,835,243,472,29.50,30.40,1.40,2.60
2/3/18-13:55:22,835,282,504,29.30,30.40,1.70,3.80
2/3/18-13:56:23,835,265,488,29.10,30.40,2.10,5.60
2/3/18-13:57:23,833,257,491,29.00,30.40,1.60,4.10
2/3/18-13:58:24,833,315,529,29.70,30.40,1.80,5.80
2/3/18-13:59:25,833,303,495,29.00,30.50,1.60,3.80
2/3/18-14:0:26,834,263,509,30.00,30.50,1.30,4.60
2/3/18-14:1:27,834,221,481,30.10,30.50,1.50,6.20
2/3/18-14:2:28,834,207,470,30.60,30.50,1.90,6.30
2/3/18-14:3:29,834,263,564,30.00,30.50,1.50,4.40
2/3/18-14:4:30,834,262,506,30.10,30.50,1.70,4.10
2/3/18-14:5:31,833,239,436,29.20,30.50,1.30,3.10
2/3/18-14:6:32,833,229,478,29.10,30.50,1.60,3.50
2/3/18-14:7:33,834,275,518,29.10,30.50,1.80,6.60
2/3/18-14:8:34,833,259,482,28.30,30.50,1.40,3.70
2/3/18-14:9:35,833,266,491,28.80,30.60,1.40,10.20
2/3/18-14:10:36,833,281,497,29.00,30.60,1.40,5.00
2/3/18-14:11:37,833,237,441,29.30,30.60,1.60,4.00
2/3/18-14:12:38,834,221,471,28.90,30.60,1.80,9.40
2/3/18-14:13:39,834,280,497,29.00,30.60,1.50,6.60
2/3/18-14:14:40,832,308,519,29.10,30.60,1.40,5.00
2/3/18-14:15:41,833,233,482,28.90,30.70,1.90,6.60
2/3/18-14:16:42,832,256,501,28.80,30.70,1.60,5.40
2/3/18-14:17:43,833,258,443,28.30,30.70,1.50,3.70
2/3/18-14:18:44,833,293,501,28.60,30.70,1.10,5.00
2/3/18-14:19:45,832,232,528,28.20,30.70,1.90,5.20
2/3/18-14:20:46,833,251,530,28.90,30.70,1.50,5.30
2/3/18-14:21:47,833,248,466,28.70,30.70,1.60,3.90
2/3/18-14:22:48,834,284,460,27.40,30.80,1.20,7.30
2/3/18-14:23:49,832,289,504,25.90,30.70,1.20,4.20
2/3/18-14:24:50,834,325,529,26.10,30.70,1.20,3.50
2/3/18-14:25:51,834,304,550,27.20,30.70,1.40,3.10
2/3/18-14:26:52,833,287,471,27.20,30.80,2.40,5.70
2/3/18-14:27:53,834,279,455,27.20,30.80,1.70,4.80
2/3/18-14:28:54,834,207,447,27.00,30.80,1.20,2.60
2/3/18-14:29:55,832,255,486,27.60,30.80,1.40,3.70
2/3/18-14:30:56,834,296,488,27.60,30.90,3.50,4.80
2/3/18-14:31:57,833,321,522,26.60,30.90,3.10,6.40
2/3/18-14:32:58,834,285,441,26.60,30.90,4.20,9.00
2/3/18-14:33:59,833,290,527,26.50,30.90,2.10,7.40
2/3/18-14:35:0,834,309,479,25.80,30.90,1.30,2.40
2/3/18-14:36:1,834,304,475,24.80,31.00,1.30,7.20
2/3/18-14:37:2,834,291,462,24.70,31.00,1.20,2.50
2/3/18-14:38:3,832,267,433,25.30,31.00,1.20,2.20
2/3/18-14:39:4,836,191,404,24.90,31.00,1.10,3.20
2/3/18-14:40:5,834,272,476,24.70,31.00,2.00,17.50
2/3/18-14:41:6,832,300,449,24.50,31.00,2.00,4.40
2/3/18-14:42:7,834,278,458,23.40,31.00,1.00,1.10
2/3/18-14:43:8,833,254,496,24.30,31.00,1.10,2.70
2/3/18-14:44:9,834,253,417,24.40,31.10,2.20,4.90
2/3/18-14:45:10,834,265,484,24.90,31.10,2.50,3.70
2/3/18-14:46:11,832,272,451,26.20,31.10,2.70,4.50
2/3/18-14:47:12,833,314,472,25.20,31.10,2.30,4.90
2/3/18-14:48:13,834,307,490,24.90,31.10,2.00,4.80
2/3/18-14:49:14,834,324,475,25.40,31.10,2.50,4.20
2/3/18-14:50:15,833,301,450,25.20,31.20,1.50,2.30
2/3/18-14:51:16,834,328,523,25.10,31.20,1.90,3.40
2/3/18-14:52:17,833,344,539,25.20,31.30,2.10,4.80
2/3/18-14:53:18,834,290,442,25.10,31.30,2.00,4.90
2/3/18-14:54:19,832,320,538,24.90,31.30,1.60,4.70
2/3/18-14:55:20,833,338,491,25.20,31.30,0.90,2.00
2/3/18-14:56:21,832,305,467,25.60,31.30,1.10,1.70
2/3/18-14:57:22,834,306,487,25.10,31.30,1.70,5.70
2/3/18-14:58:23,833,233,410,25.10,31.30,1.10,1.20
2/3/18-14:59:24,833,273,505,26.10,31.30,1.10,2.20
2/3/18-15:0:25,833,299,540,26.20,31.30,1.20,3.10
2/3/18-15:1:26,834,323,516,25.70,31.40,1.40,4.60
2/3/18-15:2:27,834,322,471,25.20,31.40,1.00,3.90
2/3/18-15:3:28,835,303,451,25.20,31.50,1.00,2.50
2/3/18-15:4:28,833,314,479,24.90,31.50,0.80,2.20
2/3/18-15:5:29,833,255,450,24.80,31.50,1.10,5.00
2/3/18-15:6:30,833,240,451,25.10,31.50,0.80,2.60
2/3/18-15:7:31,834,266,514,25.30,31.50,0.90,2.00
2/3/18-15:8:32,835,299,456,25.20,31.50,1.30,4.80
2/3/18-15:9:33,835,318,508,24.80,31.60,1.10,2.60
2/3/18-15:10:34,835,266,484,24.80,31.60,2.50,3.40
2/3/18-15:11:35,835,219,416,24.60,31.60,1.90,4.80
2/3/18-15:12:36,837,239,442,25.20,31.60,3.20,5.70
2/3/18-15:13:37,835,275,472,25.10,31.60,2.60,4.30
2/3/18-15:14:38,835,250,429,24.70,31.60,1.20,5.10
2/3/18-15:15:39,835,271,446,24.70,31.60,1.00,2.30
2/3/18-15:16:40,835,263,470,25.00,31.60,1.40,4.90
2/3/18-15:17:41,835,207,425,25.00,31.60,1.00,2.30
2/3/18-15:18:42,834,273,491,25.20,31.70,0.70,0.90
2/3/18-15:19:43,836,241,462,25.30,31.60,1.70,3.80
2/3/18-15:20:44,833,310,520,25.90,31.60,1.50,3.00
2/3/18-15:21:45,835,294,482,25.30,31.80,1.00,2.40
2/3/18-15:22:46,834,310,540,25.30,31.80,1.20,3.80
2/3/18-15:23:47,834,343,527,25.10,31.70,1.10,2.20
2/3/18-15:24:48,834,324,513,24.90,31.80,2.50,6.20
2/3/18-15:25:49,835,324,463,25.10,31.80,1.40,5.20
2/3/18-15:26:50,835,352,518,25.30,31.80,1.20,3.40
2/3/18-15:27:51,835,367,548,25.10,31.80,1.10,1.40
2/3/18-15:28:52,835,294,541,24.80,31.90,1.40,2.50
2/3/18-15:29:53,835,230,448,25.30,31.90,1.10,4.00
2/3/18-15:30:54,834,246,491,25.50,31.90,0.90,3.00
2/3/18-15:31:55,835,310,519,25.40,31.80,1.10,1.80
2/3/18-15:32:56,835,345,520,24.60,31.90,1.10,4.80
2/3/18-15:33:57,835,326,453,24.20,31.90,1.60,4.20
2/3/18-15:34:58,834,312,462,23.80,31.90,1.20,3.60
2/3/18-15:35:59,834,335,518,24.00,31.90,1.40,8.10
2/3/18-15:37:0,835,304,462,24.60,31.90,1.10,2.20
2/3/18-15:38:1,834,302,491,24.50,31.90,1.20,2.00
2/3/18-15:39:2,836,342,510,24.00,31.90,0.80,2.30
2/3/18-15:40:3,835,318,458,23.70,31.90,0.80,3.10
2/3/18-15:41:4,836,358,568,23.80,31.90,1.00,3.20
2/3/18-15:42:5,836,367,575,24.60,32.00,1.00,2.10
2/3/18-15:43:6,835,367,507,24.50,31.90,1.10,4.10
2/3/18-15:44:7,835,361,529,23.90,32.00,0.90,2.40
2/3/18-15:45:8,836,349,492,24.10,32.00,0.90,2.90
2/3/18-15:46:9,835,351,513,24.00,32.00,0.90,2.70
2/3/18-15:47:10,836,365,532,24.50,32.00,1.00,4.10
2/3/18-15:48:11,835,325,485,24.10,32.10,0.80,2.30
2/3/18-15:49:12,836,345,528,24.80,32.00,0.80,6.20
2/3/18-15:50:13,836,347,506,23.80,32.10,1.00,2.00
2/3/18-15:51:14,835,312,446,23.80,32.10,0.90,4.80
2/3/18-15:52:15,835,297,448,24.00,32.10,0.70,0.70
2/3/18-15:53:16,836,271,474,24.50,32.10,1.10,2.00
2/3/18-15:54:17,836,340,512,24.60,32.10,1.40,5.60
2/3/18-15:55:18,835,312,507,24.30,32.10,1.00,6.60
2/3/18-15:56:19,837,334,517,24.70,32.10,1.10,3.80
2/3/18-15:57:20,836,265,444,24.30,32.10,0.90,2.00
2/3/18-15:58:21,836,283,507,24.60,32.10,0.80,2.00
2/3/18-15:59:22,835,276,499,24.20,32.10,1.00,1.90
2/3/18-16:0:23,835,210,420,24.90,32.10,0.70,3.30
2/3/18-16:1:24,835,298,498,24.90,32.20,0.50,1.20
2/3/18-16:2:25,836,299,452,25.00,32.20,1.00,2.60
2/3/18-16:3:26,836,356,539,25.30,32.20,1.00,3.10
2/3/18-16:4:27,835,360,533,24.30,32.30,0.90,1.10
2/3/18-16:5:28,835,320,458,24.10,32.30,0.80,1.20
2/3/18-16:6:29,836,273,510,24.00,32.30,1.00,4.60
2/3/18-16:7:30,835,254,444,25.20,32.30,0.90,4.60
2/3/18-16:8:31,836,289,495,25.00,32.30,0.90,4.70
2/3/18-16:9:32,835,223,430,24.20,32.30,0.90,1.80
2/3/18-16:10:33,836,274,489,24.90,32.30,0.80,2.10
2/3/18-16:11:34,837,312,459,24.10,32.30,1.00,2.20
2/3/18-16:12:35,835,341,479,24.80,32.30,0.90,1.30
2/3/18-16:13:36,836,312,451,23.80,32.40,0.80,1.90
2/3/18-16:14:36,835,314,450,24.00,32.30,0.90,1.30
2/3/18-16:15:37,837,275,460,24.50,32.30,0.80,1.20
2/3/18-16:16:38,835,331,528,24.60,32.30,1.00,1.30
2/3/18-16:17:39,836,352,514,24.00,32.30,0.90,1.50
2/3/18-16:18:40,835,348,473,24.40,32.40,1.00,2.80
2/3/18-16:19:41,836,338,489,23.90,32.40,0.80,1.20
2/3/18-16:20:42,835,314,486,24.20,32.40,0.90,2.70
2/3/18-16:21:43,834,321,486,24.20,32.30,1.00,2.90
2/3/18-16:22:44,836,361,527,23.70,32.30,1.30,3.30
2/3/18-16:23:45,836,375,503,23.90,32.40,0.80,0.80
2/3/18-16:24:46,836,321,447,24.10,32.40,0.90,3.70
2/3/18-16:25:47,836,244,451,24.70,32.40,0.90,2.40
2/3/18-16:26:48,836,286,458,25.10,32.40,0.80,5.50
2/3/18-16:27:49,835,281,485,24.50,32.40,0.90,4.40
2/3/18-16:28:50,836,344,545,24.40,32.50,1.20,2.10
2/3/18-16:29:51,836,301,460,23.90,32.40,0.70,1.40
2/3/18-16:30:52,834,334,520,25.50,32.40,0.80,4.20
2/3/18-16:31:53,836,315,570,23.90,32.50,0.80,3.70
2/3/18-16:32:54,836,326,570,24.50,32.50,0.70,5.00
2/3/18-16:33:55,836,320,528,23.90,32.50,0.80,2.20
2/3/18-16:34:56,836,324,501,24.60,32.50,1.00,2.20
2/3/18-16:35:57,836,317,476,23.60,32.50,0.90,3.40
2/3/18-16:36:58,836,330,475,24.30,32.50,1.00,3.20
2/3/18-16:37:59,836,288,472,23.30,32.50,0.90,4.20
2/3/18-16:39:0,837,320,508,24.20,32.50,0.90,3.60
2/3/18-16:40:1,836,331,482,23.80,32.50,0.90,3.10
2/3/18-16:41:2,836,331,518,23.90,32.50,0.90,2.60
2/3/18-16:42:3,836,327,505,23.50,32.50,0.70,2.20
2/3/18-16:43:4,835,337,455,24.30,32.50,1.00,2.30
2/3/18-16:44:5,836,374,542,23.00,32.50,0.80,0.90
2/3/18-16:45:6,835,389,525,23.10,32.50,0.80,1.40
2/3/18-16:46:7,837,323,477,22.60,32.60,0.80,2.10
2/3/18-16:47:8,835,271,464,23.10,32.50,0.80,1.30
2/3/18-16:48:9,836,235,428,23.80,32.50,0.70,1.90
2/3/18-16:49:10,838,339,498,24.30,32.50,0.80,2.50
2/3/18-16:50:11,836,367,516,23.30,32.60,1.40,5.90
2/3/18-16:51:12,837,353,492,23.50,32.60,0.80,3.60
2/3/18-16:52:13,835,352,519,22.60,32.60,0.80,1.30
2/3/18-16:53:14,835,378,520,22.70,32.60,0.90,4.00
2/3/18-16:54:15,837,354,475,23.00,32.60,0.80,3.20
2/3/18-16:55:16,837,341,474,23.60,32.60,1.00,1.30
2/3/18-16:56:17,837,352,496,23.60,32.60,0.90,0.90
2/3/18-16:57:18,835,337,508,23.30,32.60,0.70,1.60
2/3/18-16:58:19,836,336,497,24.30,32.60,0.90,5.70
2/3/18-16:59:20,838,310,463,23.60,32.60,1.00,3.00
2/3/18-17:0:21,836,327,488,23.60,32.70,0.90,1.40
2/3/18-17:1:22,836,356,508,23.30,32.70,0.80,2.50
2/3/18-17:2:23,837,375,540,23.10,32.60,1.20,5.70
2/3/18-17:3:24,835,366,540,23.40,32.60,1.00,2.70
2/3/18-17:4:25,837,349,555,23.60,32.60,1.00,3.00
2/3/18-17:5:26,837,355,519,24.00,32.60,0.80,1.20
2/3/18-17:6:27,837,348,466,23.80,32.60,1.00,2.30
2/3/18-17:7:28,839,321,491,23.20,32.70,1.00,2.40
2/3/18-17:8:29,836,347,497,23.70,32.70,0.80,1.30
2/3/18-17:9:30,837,373,533,23.90,32.70,0.90,4.00
2/3/18-17:10:31,837,313,457,23.50,32.80,0.80,1.70
2/3/18-17:11:32,837,328,490,24.40,32.80,0.90,4.30
2/3/18-17:12:33,837,345,539,23.80,32.80,0.90,3.40
2/3/18-17:13:34,837,316,485,23.60,32.80,1.10,3.20
2/3/18-17:14:35,836,347,494,23.80,32.80,0.90,1.40
2/3/18-17:15:36,835,330,522,22.90,32.80,0.80,1.30
2/3/18-17:16:37,836,339,509,23.70,32.80,0.80,2.50
2/3/18-17:17:38,836,348,481,23.20,32.90,1.10,3.70
2/3/18-17:18:39,836,325,472,23.20,32.90,0.80,1.50
2/3/18-17:19:40,837,285,440,22.80,32.90,1.00,1.90
2/3/18-17:20:41,837,243,437,22.90,32.90,0.70,1.20
2/3/18-17:21:42,837,253,463,24.20,32.90,0.90,4.40
2/3/18-17:22:43,836,343,553,23.90,32.90,1.20,3.70
2/3/18-17:23:44,836,390,580,23.50,32.90,1.30,1.80
2/3/18-17:24:45,836,349,463,22.90,32.90,1.10,2.50
2/3/18-17:25:46,837,326,506,22.90,32.90,0.80,4.50
2/3/18-17:26:47,835,344,508,22.50,32.90,0.70,1.60
2/3/18-17:27:47,836,318,532,23.50,33.00,0.50,2.50
2/3/18-17:28:48,836,347,494,23.60,33.00,0.80,3.90
2/3/18-17:29:49,837,242,436,23.70,33.00,0.80,1.20
2/3/18-17:30:50,836,243,502,24.80,33.00,1.10,4.40
2/3/18-17:31:51,835,346,496,23.60,33.00,1.30,4.30
2/3/18-17:32:52,837,351,511,23.30,33.00,0.90,3.00
2/3/18-17:33:53,837,342,538,23.40,33.10,1.00,3.90
2/3/18-17:34:54,837,363,536,22.50,33.10,0.90,4.60
2/3/18-17:35:55,836,304,493,22.30,33.10,0.70,3.20
2/3/18-17:36:56,836,271,479,22.80,33.10,0.90,4.60
2/3/18-17:37:57,835,372,524,23.70,33.20,1.60,2.70
2/3/18-17:38:58,835,381,567,23.40,33.20,1.30,4.00
2/3/18-17:39:59,836,365,508,22.60,33.30,0.80,2.60
2/3/18-17:41:0,837,369,498,22.50,33.30,1.50,6.00
2/3/18-17:42:1,836,319,473,23.00,33.30,1.10,3.50
2/3/18-17:43:2,836,331,484,22.70,33.40,1.00,4.00
2/3/18-17:44:3,836,326,496,22.70,33.40,1.10,2.70
2/3/18-17:45:4,836,279,476,22.30,33.40,1.40,2.80
2/3/18-17:46:5,836,331,481,22.40,33.50,1.10,5.00
2/3/18-17:47:6,836,283,456,22.40,33.60,1.00,3.60
2/3/18-17:48:7,836,329,530,23.90,33.70,0.70,1.10
2/3/18-17:49:8,836,350,496,23.10,33.90,1.10,2.30
2/3/18-17:50:9,836,357,556,23.00,34.00,1.20,2.00
2/3/18-17:51:10,835,382,537,22.50,34.10,1.50,5.70
2/3/18-17:52:11,835,330,498,22.30,34.20,1.10,7.80
2/3/18-17:53:12,836,359,499,22.10,34.20,1.20,4.40
2/3/18-17:54:13,836,372,514,22.10,34.30,1.20,1.40
2/3/18-17:55:14,834,345,501,21.30,34.30,1.30,4.40
2/3/18-17:56:15,837,330,472,21.80,34.40,1.30,2.50
2/3/18-17:57:16,835,315,489,22.30,34.30,1.10,3.10
2/3/18-17:58:17,835,364,568,22.50,34.40,1.00,4.00
2/3/18-17:59:18,835,361,543,23.70,34.40,0.80,1.80
2/3/18-18:0:19,836,322,460,22.50,34.50,1.20,2.40
2/3/18-18:1:20,835,324,486,22.10,34.50,0.80,2.20
2/3/18-18:2:21,835,352,539,22.50,34.50,1.10,5.20
2/3/18-18:3:22,834,364,547,22.30,34.60,1.10,1.40
2/3/18-18:4:23,834,301,485,22.40,34.60,1.10,3.60
2/3/18-18:5:24,835,288,456,22.30,34.60,0.90,1.60
2/3/18-18:6:25,834,318,521,22.00,34.60,1.20,3.10
2/3/18-18:7:26,835,360,532,21.90,34.60,2.50,5.00
2/3/18-18:8:27,833,375,520,21.80,34.60,1.50,3.00
2/3/18-18:9:28,835,360,517,22.20,34.60,1.20,4.30
2/3/18-18:10:29,834,354,515,21.80,34.70,1.10,4.60
2/3/18-18:11:30,834,369,558,22.30,34.70,1.50,5.40
2/3/18-18:12:31,835,377,558,22.10,34.70,1.40,5.70
2/3/18-18:13:32,835,367,507,21.80,34.70,1.10,3.00
2/3/18-18:14:33,835,341,511,21.30,34.70,1.00,1.20
2/3/18-18:15:34,833,342,505,21.70,34.70,1.50,4.20
2/3/18-18:16:35,836,347,546,21.50,34.60,0.90,3.90
2/3/18-18:17:36,834,345,504,22.10,34.60,1.30,3.10
2/3/18-18:18:37,835,341,498,21.90,34.50,0.90,1.50
2/3/18-18:19:38,835,321,487,22.00,34.50,3.80,13.30
2/3/18-18:20:39,835,378,544,22.10,34.40,1.30,2.80
2/3/18-18:21:40,834,370,491,21.90,34.30,1.10,2.70
2/3/18-18:22:41,833,378,506,21.70,34.10,1.70,4.20
2/3/18-18:23:42,836,337,516,21.80,34.00,0.90,1.40
2/3/18-18:24:43,835,363,513,21.50,33.90,1.10,5.00
2/3/18-18:25:44,835,354,505,21.90,33.70,1.50,5.20
2/3/18-18:26:45,835,375,497,22.00,33.60,1.30,6.40
2/3/18-18:27:46,835,340,464,21.70,33.60,1.10,3.60
2/3/18-18:28:47,835,318,455,22.10,33.50,0.80,3.20
2/3/18-18:29:48,835,324,497,22.50,33.30,1.00,5.40
2/3/18-18:30:49,835,303,473,22.40,33.30,1.20,5.10
2/3/18-18:31:50,834,343,514,22.50,33.30,0.80,1.50
2/3/18-18:32:51,834,383,548,22.40,33.20,1.10,3.40
2/3/18-18:33:52,835,330,477,22.40,33.10,1.10,5.90
2/3/18-18:34:53,834,368,532,22.80,33.00,0.90,3.60
2/3/18-18:35:54,834,344,464,23.50,33.00,1.00,3.60
2/3/18-18:36:55,833,368,534,22.90,32.90,1.00,3.60
2/3/18-18:37:56,835,356,517,23.20,32.90,1.00,6.10
2/3/18-18:38:57,835,367,528,23.70,32.90,1.00,3.20
2/3/18-18:39:58,835,372,508,23.40,32.80,0.90,3.10
2/3/18-18:40:59,835,368,522,23.30,32.80,2.10,24.10
2/3/18-18:42:0,834,364,511,23.30,32.70,1.30,10.10
2/3/18-18:43:1,833,370,501,23.60,32.70,1.10,5.20
2/3/18-18:44:2,834,348,483,23.60,32.60,1.00,2.50
2/3/18-18:45:2,834,352,486,23.90,32.50,1.00,3.50
2/3/18-18:46:3,834,377,541,24.00,32.50,1.40,5.00
2/3/18-18:47:4,835,336,487,23.20,32.50,1.30,3.00
2/3/18-18:48:5,834,365,511,23.90,32.50,1.20,2.50
2/3/18-18:49:6,834,340,482,23.80,32.50,1.10,3.70
2/3/18-18:50:7,833,374,545,24.20,32.40,0.90,3.60
2/3/18-18:51:8,834,367,513,24.00,32.40,1.40,5.70
2/3/18-18:52:9,835,349,494,23.20,32.40,1.00,1.10
2/3/18-18:53:10,834,343,501,23.30,32.40,1.10,1.40
2/3/18-18:54:11,833,365,549,23.80,32.50,1.00,5.60
2/3/18-18:55:12,834,356,497,24.10,32.50,0.80,1.80
2/3/18-18:56:13,835,304,451,23.80,32.60,0.80,3.20
2/3/18-18:57:14,834,331,533,23.70,32.70,1.30,7.30
2/3/18-18:58:15,834,384,570,23.80,32.70,0.90,2.80
2/3/18-18:59:16,835,356,503,23.60,32.70,0.90,4.80
2/3/18-19:0:17,834,325,463,23.70,32.90,1.30,4.30
2/3/18-19:1:18,835,344,511,23.80,32.90,1.50,6.00
2/3/18-19:2:19,835,346,504,23.90,32.90,1.20,3.50
2/3/18-19:3:20,835,371,546,23.90,33.00,1.50,5.80
2/3/18-19:4:21,833,346,472,24.10,33.10,1.30,4.70
2/3/18-19:5:22,833,304,455,24.60,33.00,1.30,6.90
2/3/18-19:6:23,834,324,489,24.50,33.10,1.70,5.90
2/3/18-19:7:24,834,347,521,24.50,33.00,1.60,4.30
2/3/18-19:8:25,833,359,489,24.10,33.00,1.50,5.00
2/3/18-19:9:26,834,343,529,23.90,32.90,1.10,3.90
2/3/18-19:10:27,834,377,545,23.90,32.90,1.20,8.70
2/3/18-19:11:28,834,358,481,25.00,32.80,1.20,7.20
2/3/18-19:12:29,834,362,510,24.70,32.70,1.60,8.20
2/3/18-19:13:30,834,344,497,24.90,32.70,1.70,7.30
2/3/18-19:14:31,834,375,519,25.30,32.60,1.40,4.10
2/3/18-19:15:32,834,347,480,25.50,32.60,1.40,4.70
2/3/18-19:16:33,834,340,488,25.20,32.50,1.70,4.70
2/3/18-19:17:34,835,329,471,24.90,32.50,1.20,5.00
2/3/18-19:18:35,834,347,514,24.90,32.30,1.20,5.40
2/3/18-19:19:36,835,376,524,24.90,32.30,1.30,5.10
2/3/18-19:20:37,834,351,485,24.60,32.20,1.50,6.20
2/3/18-19:21:38,834,332,480,23.80,32.20,1.10,7.10
2/3/18-19:22:39,835,351,512,24.70,32.10,1.70,5.40
2/3/18-19:23:40,834,365,515,25.50,32.00,1.70,8.40
2/3/18-19:24:41,835,341,473,26.90,32.00,2.20,9.60
2/3/18-19:25:42,835,339,499,25.50,31.90,2.20,7.60
2/3/18-19:26:43,835,362,510,26.00,31.80,1.70,9.50
2/3/18-19:27:44,835,328,462,25.80,31.80,1.40,4.80
2/3/18-19:28:45,835,340,464,25.40,31.70,1.40,5.10
2/3/18-19:29:46,835,357,510,25.70,31.70,1.30,6.00
2/3/18-19:30:47,835,326,458,26.60,31.60,1.50,6.40
2/3/18-19:31:48,835,344,475,26.80,31.50,1.40,3.80
2/3/18-19:32:49,835,348,493,27.00,31.50,1.30,4.20
2/3/18-19:33:50,834,348,453,27.80,31.50,1.50,6.30
2/3/18-19:34:51,835,346,459,28.90,31.50,1.40,4.90
2/3/18-19:35:52,835,346,459,29.30,31.40,1.80,13.80
2/3/18-19:36:53,834,361,478,29.20,31.40,1.60,5.60
2/3/18-19:37:54,836,351,472,30.00,31.30,1.50,7.20
2/3/18-19:38:55,836,341,455,29.30,31.30,1.40,6.80
2/3/18-19:39:56,836,354,494,29.50,31.20,1.30,6.10
2/3/18-19:40:57,835,369,491,29.10,31.20,1.60,7.00
2/3/18-19:41:58,834,364,464,29.30,31.10,1.60,6.20
2/3/18-19:42:59,834,349,452,30.10,31.10,1.70,6.00
2/3/18-19:44:0,836,345,466,32.80,31.00,1.60,7.60
2/3/18-19:45:1,835,346,460,29.90,31.00,1.70,5.30
2/3/18-19:46:2,835,339,458,30.30,30.90,1.40,2.90
2/3/18-19:47:3,835,339,460,29.90,30.80,1.90,7.50
2/3/18-19:48:4,834,335,442,29.90,30.80,1.70,4.70
2/3/18-19:49:5,835,329,442,30.70,30.70,1.70,9.80
2/3/18-19:50:6,835,330,440,30.00,30.70,1.60,8.60
2/3/18-19:51:7,836,326,449,30.50,30.60,1.50,6.70
2/3/18-19:52:8,834,333,447,29.80,30.60,1.80,5.60
2/3/18-19:53:9,836,327,435,30.10,30.60,1.80,6.60
2/3/18-19:54:10,835,324,437,31.70,30.50,1.70,7.00
2/3/18-19:55:10,835,327,438,31.50,30.40,1.50,5.80
2/3/18-19:56:11,834,324,434,32.10,30.30,2.10,8.20
2/3/18-19:57:12,835,329,437,32.90,30.30,1.80,7.40
2/3/18-19:58:13,836,319,431,31.90,30.20,2.00,8.20
2/3/18-19:59:14,834,321,434,32.10,30.20,1.50,12.30
2/3/18-20:0:15,835,337,446,31.80,30.10,2.60,13.50
2/3/18-20:1:16,834,341,443,32.30,30.10,1.70,6.20
2/3/18-20:2:17,836,327,429,33.00,30.00,2.10,6.20
2/3/18-20:3:18,835,333,434,32.60,30.00,2.00,9.30
2/3/18-20:4:19,835,328,427,31.90,29.90,2.10,8.40
2/3/18-20:5:20,835,326,429,33.20,29.90,2.00,6.50
2/3/18-20:6:21,836,330,435,33.30,29.80,5.70,79.30
2/3/18-20:7:22,835,324,427,32.90,29.70,3.90,58.90
2/3/18-20:8:23,835,322,431,33.80,29.70,3.40,28.10
2/3/18-20:9:24,837,318,430,32.30,29.70,2.70,18.10
2/3/18-20:10:25,835,324,444,33.60,29.60,2.40,10.10
2/3/18-20:11:26,836,321,433,32.80,29.50,2.70,14.70
2/3/18-20:12:27,836,326,441,33.10,29.50,2.40,9.80
2/3/18-20:13:28,835,334,448,32.70,29.40,3.00,20.50
2/3/18-20:14:29,836,336,447,33.70,29.40,2.60,12.60
2/3/18-20:15:30,835,345,456,33.80,29.40,2.80,19.50
2/3/18-20:16:31,835,350,460,33.90,29.30,3.20,17.90
2/3/18-20:17:32,836,351,461,34.50,29.30,3.90,28.30
2/3/18-20:18:33,836,348,468,33.70,29.30,3.80,30.40
2/3/18-20:19:34,835,353,464,34.20,29.20,3.70,22.60
2/3/18-20:20:35,834,359,473,34.40,29.20,4.60,28.20
2/3/18-20:21:36,836,354,470,34.70,29.20,5.00,28.40
2/3/18-20:22:37,835,353,464,34.40,29.10,6.00,30.10
2/3/18-20:23:38,834,352,460,34.40,29.10,4.20,20.00
2/3/18-20:24:39,835,349,462,34.90,29.10,4.30,22.10
2/3/18-20:25:40,835,354,464,35.10,29.00,4.00,22.30
2/3/18-20:26:41,836,351,462,36.20,29.00,3.40,12.20
2/3/18-20:27:42,835,348,461,35.30,28.90,4.30,29.20
2/3/18-20:28:43,836,354,466,35.80,29.00,4.80,29.20
2/3/18-20:29:44,836,358,466,35.10,28.90,5.00,33.90
2/3/18-20:30:45,836,361,468,35.60,28.90,5.10,26.80
2/3/18-20:31:46,836,358,459,35.00,28.90,5.10,29.90
2/3/18-20:32:47,836,360,461,36.70,28.80,5.40,40.20
2/3/18-20:33:48,835,359,459,36.20,28.80,5.60,37.30
2/3/18-20:34:49,835,360,459,37.10,28.80,4.30,34.00
2/3/18-20:35:50,836,367,466,36.90,28.70,4.70,28.20
2/3/18-20:36:51,836,364,466,36.80,28.70,4.50,29.90
2/3/18-20:37:52,835,366,487,36.30,28.70,4.40,24.70
2/3/18-20:38:53,835,360,488,35.20,28.70,4.00,16.50
2/3/18-20:39:54,834,357,473,35.20,28.60,4.60,22.10
2/3/18-20:40:55,836,367,479,36.00,28.50,3.90,17.90
2/3/18-20:41:56,836,368,490,37.30,28.50,4.40,20.10
2/3/18-20:42:57,836,371,483,36.00,28.50,3.50,16.40
2/3/18-20:43:58,834,374,480,36.50,28.40,4.00,19.30
2/3/18-20:44:59,836,362,470,36.70,28.40,4.50,17.30
2/3/18-20:46:0,835,368,477,37.20,28.40,3.90,13.40
2/3/18-20:47:1,836,379,483,37.30,28.30,4.30,19.60
2/3/18-20:48:2,836,369,477,37.50,28.30,3.90,10.30
2/3/18-20:49:3,838,376,486,36.90,28.20,4.30,14.40
2/3/18-20:50:4,836,371,480,36.60,28.20,4.20,9.80
2/3/18-20:51:5,836,369,481,36.50,28.20,4.40,11.50
2/3/18-20:52:6,835,375,487,36.50,28.20,4.20,15.70
2/3/18-20:53:7,838,370,488,36.40,28.20,3.90,13.70
2/3/18-20:54:8,835,383,494,36.50,28.10,4.30,15.50
2/3/18-20:55:9,835,381,487,37.20,28.10,3.90,13.60
2/3/18-20:56:9,835,383,497,37.30,28.10,4.60,13.50
2/3/18-20:57:10,835,381,493,37.20,28.00,5.20,15.30
2/3/18-20:58:11,836,378,485,37.50,28.00,5.70,18.30
2/3/18-20:59:12,835,385,492,38.30,28.00,5.60,20.10
2/3/18-21:0:13,836,384,494,38.40,28.00,4.80,13.70
2/3/18-21:1:14,836,379,490,38.40,27.90,5.20,19.60
2/3/18-21:2:15,836,380,495,38.20,27.90,5.10,14.30
2/3/18-21:3:16,835,383,500,38.20,27.90,5.50,22.70
2/3/18-21:4:17,836,373,493,38.00,27.90,5.80,18.10
2/3/18-21:5:18,835,375,494,37.50,27.90,5.00,17.40
2/3/18-21:6:19,836,378,505,38.00,27.80,6.10,15.10
2/3/18-21:7:20,836,381,494,37.50,27.80,10.40,27.80
2/3/18-21:8:21,835,389,498,38.30,27.80,12.00,30.40
2/3/18-21:9:22,836,407,514,38.20,27.70,31.70,58.80
2/3/18-21:10:23,835,436,534,39.40,27.70,84.70,121.80
2/3/18-21:11:24,834,452,537,38.10,27.70,130.10,175.10
2/3/18-21:12:25,836,465,543,37.90,27.70,112.50,155.80
2/3/18-21:13:26,836,464,542,38.90,27.70,111.40,162.50
2/3/18-21:14:27,835,462,540,38.00,27.70,83.30,134.20
2/3/18-21:15:28,836,452,525,38.50,27.60,65.30,111.60
2/3/18-21:16:29,836,445,520,38.90,27.60,59.70,99.10
2/3/18-21:17:30,836,443,521,38.30,27.60,51.20,95.20
2/3/18-21:18:31,836,441,519,38.80,27.60,41.60,79.50
2/3/18-21:19:32,836,438,520,39.20,27.50,40.80,82.80
2/3/18-21:20:33,836,434,519,39.30,27.50,41.00,84.70
2/3/18-21:21:34,835,444,526,39.10,27.50,39.60,86.40
2/3/18-21:22:35,836,437,525,39.60,27.50,36.90,71.40
2/3/18-21:23:36,835,452,539,39.20,27.50,55.10,94.50
2/3/18-21:24:37,834,469,551,39.00,27.40,111.80,163.20
2/3/18-21:25:38,836,474,550,39.70,27.50,132.40,179.10
2/3/18-21:26:39,835,475,544,39.30,27.40,109.40,165.40
2/3/18-21:27:40,836,474,535,39.40,27.40,101.20,151.70
2/3/18-21:28:41,835,458,523,40.10,27.30,53.10,97.30
2/3/18-21:29:42,836,451,517,40.00,27.40,44.60,85.40
2/3/18-21:30:43,836,449,519,40.60,27.30,41.10,82.30
2/3/18-21:31:44,835,443,516,40.30,27.30,35.10,76.30
2/3/18-21:32:45,836,438,512,40.00,27.30,30.40,72.40
2/3/18-21:33:46,835,445,517,40.00,27.30,30.00,66.30
2/3/18-21:34:47,836,436,509,41.00,27.20,32.70,77.90
2/3/18-21:35:48,836,440,512,41.20,27.30,30.80,76.30
2/3/18-21:36:49,836,441,513,42.50,27.20,30.40,69.10
2/3/18-21:37:50,835,438,515,42.10,27.20,28.90,69.10
2/3/18-21:38:51,835,436,520,42.40,27.20,26.90,73.60
2/3/18-21:39:52,836,431,515,41.50,27.10,27.80,74.10
2/3/18-21:40:53,836,433,520,41.10,27.10,26.60,62.10
2/3/18-21:41:54,835,436,524,42.00,27.10,25.00,64.80
2/3/18-21:42:55,834,430,520,41.60,27.00,24.40,60.00
2/3/18-21:43:56,835,425,515,42.00,27.00,23.70,60.00
2/3/18-21:44:57,836,428,514,41.80,27.00,27.00,69.70
2/3/18-21:45:58,836,429,519,41.80,27.00,26.00,69.50
2/3/18-21:46:59,836,433,519,42.10,27.00,27.80,68.90
2/3/18-21:48:0,836,438,522,41.80,26.90,27.00,66.90
2/3/18-21:49:1,835,439,518,41.70,26.90,27.10,64.70
2/3/18-21:50:2,836,435,511,42.80,26.90,26.00,68.40
2/3/18-21:51:3,837,430,508,42.90,26.80,25.10,63.20
2/3/18-21:52:4,836,431,511,43.20,26.90,25.20,63.30
2/3/18-21:53:4,836,434,518,43.30,26.80,26.70,70.20
2/3/18-21:54:5,835,441,509,42.90,26.80,26.30,74.20
2/3/18-21:55:6,835,446,518,44.80,26.80,27.20,71.00
2/3/18-21:56:7,836,443,515,43.20,26.80,25.20,60.00
2/3/18-21:57:8,836,440,512,42.70,26.80,26.20,59.80
2/3/18-21:58:9,835,437,517,42.50,26.70,26.00,60.40
2/3/18-21:59:10,836,442,517,42.70,26.70,26.00,56.80
2/3/18-22:0:11,836,437,516,43.30,26.70,26.90,55.60
2/3/18-22:1:12,835,435,508,43.10,26.70,26.20,55.40
2/3/18-22:2:13,838,438,512,43.30,26.70,26.10,57.50
2/3/18-22:3:14,836,437,510,43.40,26.70,25.90,57.90
2/3/18-22:4:15,837,439,513,43.40,26.70,25.20,55.50
2/3/18-22:5:16,835,445,516,44.50,26.60,25.70,61.20
2/3/18-22:6:17,836,436,509,44.70,26.60,24.80,50.40
2/3/18-22:7:18,836,440,517,43.80,26.60,25.40,55.10
2/3/18-22:8:19,837,435,511,44.30,26.60,27.00,65.10
2/3/18-22:9:20,836,439,515,44.40,26.50,27.40,59.90
2/3/18-22:10:21,835,446,519,44.40,26.50,25.80,58.90
2/3/18-22:11:22,836,445,516,44.70,26.50,24.40,54.30
2/3/18-22:12:23,836,441,511,44.90,26.50,26.70,58.20
2/3/18-22:13:24,836,435,509,44.50,26.50,25.80,50.10
2/3/18-22:14:25,836,438,511,44.10,26.50,25.00,44.80
2/3/18-22:15:26,835,436,506,44.00,26.50,23.20,51.30
2/3/18-22:16:27,837,434,510,43.70,26.40,27.90,54.20
2/3/18-22:17:28,835,449,524,43.90,26.50,64.00,97.30
2/3/18-22:18:29,836,465,536,43.80,26.40,102.70,148.60
2/3/18-22:19:30,835,467,527,45.60,26.40,101.10,141.90
2/3/18-22:20:31,835,459,515,43.30,26.30,70.50,109.90
2/3/18-22:21:32,835,458,516,43.00,26.30,53.70,86.50
2/3/18-22:22:33,836,450,510,43.10,26.30,48.60,76.40
2/3/18-22:23:34,836,445,498,43.50,26.30,35.00,66.50
2/3/18-22:24:35,836,441,500,44.60,26.20,29.00,55.30
2/3/18-22:25:36,836,436,501,44.30,26.30,25.10,47.20
2/3/18-22:26:37,835,444,511,44.60,26.20,26.40,50.70
2/3/18-22:27:38,835,448,510,44.80,26.20,24.80,51.10
2/3/18-22:28:39,836,448,512,44.60,26.20,25.00,46.30
2/3/18-22:29:40,836,447,511,45.00,26.10,24.50,51.00
2/3/18-22:30:41,836,444,508,45.10,26.10,25.90,61.00
2/3/18-22:31:42,835,445,509,45.20,26.10,23.90,51.10
2/3/18-22:32:43,836,448,512,45.30,26.10,29.20,51.90
2/3/18-22:33:44,837,455,519,45.60,26.10,35.30,70.20
2/3/18-22:34:45,836,464,527,44.60,26.10,58.40,98.20
2/3/18-22:35:46,835,467,523,44.30,26.10,47.40,79.50
2/3/18-22:36:47,836,466,519,44.10,26.00,43.10,76.10
2/3/18-22:37:48,836,463,508,44.60,26.00,41.10,66.40
2/3/18-22:38:49,836,465,515,44.80,26.00,35.70,60.30
2/3/18-22:39:50,836,457,508,44.40,26.00,30.80,58.60
2/3/18-22:40:51,835,452,507,43.90,25.90,26.00,52.90
2/3/18-22:41:52,837,448,503,43.70,25.90,28.20,55.90
2/3/18-22:42:53,836,450,507,44.30,25.90,26.40,55.20
2/3/18-22:43:54,837,446,498,43.70,25.90,26.40,50.60
2/3/18-22:44:55,837,445,497,44.20,25.90,25.60,55.30
2/3/18-22:45:56,836,444,498,44.10,25.90,23.80,44.80
2/3/18-22:46:57,837,439,493,44.00,25.80,23.40,45.70
2/3/18-22:47:57,836,441,494,44.00,25.80,24.60,50.90
2/3/18-22:48:58,837,444,502,43.90,25.80,23.60,41.00
2/3/18-22:49:59,837,444,498,44.70,25.80,23.00,40.20
2/3/18-22:51:0,837,444,500,45.50,25.80,23.20,41.50
2/3/18-22:52:1,836,442,505,45.20,25.70,24.10,45.40
2/3/18-22:53:2,835,439,499,44.70,25.70,24.30,47.60
2/3/18-22:54:3,836,441,507,44.80,25.70,24.80,50.00
2/3/18-22:55:4,835,435,500,44.90,25.70,23.40,44.00
2/3/18-22:56:5,837,448,507,44.60,25.60,24.10,45.70
2/3/18-22:57:6,836,448,496,45.30,25.60,23.00,50.70
2/3/18-22:58:7,836,451,496,46.00,25.50,23.60,42.40
2/3/18-22:59:8,836,442,487,46.80,25.50,23.40,47.70
2/3/18-23:0:9,836,447,496,46.60,25.50,23.40,45.10
2/3/18-23:1:10,835,444,507,47.20,25.50,24.50,47.50
2/3/18-23:2:11,836,433,488,47.20,25.50,22.60,43.20
2/3/18-23:3:12,836,430,489,46.20,25.50,21.00,39.90
2/3/18-23:4:13,835,430,484,45.40,25.50,20.80,45.80
2/3/18-23:5:14,837,429,484,45.30,25.50,21.60,41.30
2/3/18-23:6:15,835,440,491,46.50,25.40,22.90,37.80
2/3/18-23:7:16,836,435,492,46.40,25.40,22.70,40.70
2/3/18-23:8:17,837,421,488,45.90,25.50,22.10,43.30
2/3/18-23:9:18,837,416,479,44.00,25.40,23.70,46.10
2/3/18-23:10:19,836,429,487,44.20,25.40,21.70,39.30
2/3/18-23:11:20,837,434,482,45.80,25.40,22.80,45.50
2/3/18-23:12:21,838,429,480,46.50,25.40,22.50,48.40
2/3/18-23:13:22,837,430,477,46.40,25.40,22.20,47.10
2/3/18-23:14:23,837,438,482,46.30,25.30,22.20,40.10
2/3/18-23:15:24,837,431,481,46.60,25.40,20.10,40.60
2/3/18-23:16:25,837,425,474,45.80,25.40,20.20,35.80
2/3/18-23:17:26,837,421,474,46.40,25.40,20.10,37.20
2/3/18-23:18:27,837,421,477,46.00,25.30,21.20,39.60
2/3/18-23:19:28,836,422,475,45.70,25.30,19.10,35.70
2/3/18-23:20:29,835,422,479,44.70,25.30,17.70,33.70
2/3/18-23:21:30,836,412,471,45.10,25.30,18.20,35.40
2/3/18-23:22:31,836,410,470,43.50,25.30,20.50,88.00
2/3/18-23:23:32,837,413,474,44.40,25.20,20.20,59.80
2/3/18-23:24:33,836,414,472,45.00,25.20,21.80,92.60
2/3/18-23:25:34,836,421,474,45.20,25.20,21.90,82.40
2/3/18-23:26:35,836,415,467,45.90,25.20,20.40,74.90
2/3/18-23:27:36,836,420,474,45.70,25.20,20.30,63.40
2/3/18-23:28:37,837,419,468,45.70,25.20,17.40,46.60
2/3/18-23:29:38,835,419,467,45.70,25.10,16.60,43.60
2/3/18-23:30:39,836,414,465,46.20,25.10,16.90,33.60
2/3/18-23:31:40,836,413,469,45.40,25.10,15.30,38.60
2/3/18-23:32:41,837,413,470,44.90,25.00,14.10,23.70
2/3/18-23:33:42,837,401,466,45.80,25.10,15.10,31.10
2/3/18-23:34:43,837,400,464,44.80,25.00,14.20,33.30
2/3/18-23:35:44,836,403,477,42.90,25.00,15.30,32.80
2/3/18-23:36:45,837,396,475,43.60,24.90,14.70,29.40
2/3/18-23:37:46,835,401,465,43.50,24.90,15.40,30.50
2/3/18-23:38:47,835,392,455,43.50,24.90,16.60,32.20
2/3/18-23:39:48,835,393,455,43.00,24.90,15.80,34.70
2/3/18-23:40:48,836,395,459,44.50,24.90,15.00,31.40
2/3/18-23:41:49,837,398,456,44.20,24.90,14.80,33.30
2/3/18-23:42:50,836,407,469,44.20,24.90,15.30,32.50
2/3/18-23:43:51,837,396,464,43.90,24.90,13.90,32.30
2/3/18-23:44:52,837,402,465,43.20,24.80,14.50,26.10
2/3/18-23:45:53,837,400,462,43.90,24.80,14.20,31.10
2/3/18-23:46:54,838,394,463,43.50,24.80,14.20,26.60
2/3/18-23:47:55,837,388,454,42.80,24.80,13.60,24.40
2/3/18-23:48:56,837,403,484,43.20,24.80,12.70,33.40
2/3/18-23:49:57,836,404,460,42.60,24.80,14.10,31.70
2/3/18-23:50:58,836,392,448,43.90,24.80,13.00,26.20
2/3/18-23:51:59,837,396,457,43.50,24.80,13.90,31.10
2/3/18-23:53:0,837,395,454,42.90,24.80,13.00,24.30
2/3/18-23:54:1,837,398,458,42.90,24.80,12.20,22.70
2/3/18-23:55:2,836,398,459,43.00,24.80,13.10,22.60
2/3/18-23:56:3,835,398,454,43.00,24.80,14.50,27.00
2/3/18-23:57:4,836,393,451,42.80,24.80,13.10,26.30
2/3/18-23:58:5,836,397,454,43.10,24.80,14.60,26.50
2/3/18-23:59:6,837,398,460,43.20,24.70,14.40,28.30
