Hora,O3,NO2,CO,Humedad,Temperatura,P25,P10
3/3/18-0:0:7,839,392,467,43.00,24.70,14.50,29.50
3/3/18-0:1:8,836,390,450,41.80,24.70,14.40,23.90
3/3/18-0:2:9,837,394,451,42.50,24.60,13.80,26.50
3/3/18-0:3:10,835,395,453,43.40,24.70,14.40,30.90
3/3/18-0:4:11,837,396,463,42.70,24.60,15.20,33.00
3/3/18-0:5:12,837,397,452,43.10,24.60,15.40,28.70
3/3/18-0:6:13,837,398,460,43.20,24.60,14.20,26.80
3/3/18-0:7:14,837,395,446,43.30,24.60,13.50,27.20
3/3/18-0:8:15,837,397,455,43.00,24.60,13.90,29.90
3/3/18-0:9:16,835,398,453,43.00,24.50,13.10,24.40
3/3/18-0:10:17,837,392,451,43.20,24.50,13.40,29.10
3/3/18-0:11:18,837,399,454,43.30,24.50,13.10,25.00
3/3/18-0:12:19,836,398,464,43.30,24.50,14.00,31.90
3/3/18-0:13:20,836,384,452,42.80,24.50,15.70,34.50
3/3/18-0:14:21,836,393,452,42.30,24.40,16.00,44.20
3/3/18-0:15:22,838,389,450,43.60,24.50,18.00,62.40
3/3/18-0:16:23,836,398,457,43.50,24.40,17.80,56.80
3/3/18-0:17:24,836,396,451,43.70,24.40,18.40,52.60
3/3/18-0:18:25,837,393,456,43.80,24.40,16.30,49.00
3/3/18-0:19:26,836,390,448,44.00,24.30,15.60,44.40
3/3/18-0:20:27,837,395,455,44.20,24.30,14.90,41.40
3/3/18-0:21:28,837,394,454,43.50,24.30,16.40,35.40
3/3/18-0:22:29,836,395,460,43.30,24.30,15.10,34.00
3/3/18-0:23:30,835,393,455,43.50,24.30,13.90,28.20
3/3/18-0:24:31,837,394,457,43.90,24.30,14.30,28.10
3/3/18-0:25:32,836,399,463,43.60,24.30,13.40,26.00
3/3/18-0:26:33,837,398,455,44.20,24.20,14.30,28.50
3/3/18-0:27:34,835,404,466,44.90,24.20,14.00,34.20
3/3/18-0:28:35,837,392,452,44.60,24.20,14.10,27.80
3/3/18-0:29:36,837,396,456,44.20,24.20,13.90,29.90
3/3/18-0:30:37,836,405,465,45.70,24.20,13.90,31.50
3/3/18-0:31:37,836,400,466,45.80,24.20,14.00,25.40
3/3/18-0:32:38,837,400,465,44.30,24.20,15.90,31.40
3/3/18-0:33:39,838,399,462,44.60,24.20,16.40,33.00
3/3/18-0:34:40,838,401,462,45.00,24.30,13.90,34.30
3/3/18-0:35:41,835,402,462,44.50,24.20,14.60,36.10
3/3/18-0:36:42,836,405,463,44.20,24.20,14.50,32.00
3/3/18-0:37:43,836,406,467,44.70,24.20,14.70,34.70
3/3/18-0:38:44,837,409,476,44.60,24.20,16.30,43.10
3/3/18-0:39:45,836,412,469,46.20,24.20,15.40,27.90
3/3/18-0:40:46,837,402,461,46.30,24.20,15.20,32.30
3/3/18-0:41:47,837,405,467,45.30,24.20,15.20,40.40
3/3/18-0:42:48,837,403,455,45.20,24.20,14.40,34.10
3/3/18-0:43:49,837,405,462,45.90,24.10,14.70,32.20
3/3/18-0:44:50,835,406,466,45.50,24.10,14.30,32.70
3/3/18-0:45:51,836,405,468,45.40,24.10,15.00,24.00
3/3/18-0:46:52,837,402,464,45.50,24.10,14.00,25.60
3/3/18-0:47:53,837,400,460,45.50,24.10,14.20,27.10
3/3/18-0:48:54,836,402,470,46.40,24.10,14.60,28.30
3/3/18-0:49:55,837,400,464,46.40,24.00,13.70,27.10
3/3/18-0:50:56,837,400,465,45.50,24.00,13.30,25.30
3/3/18-0:51:57,836,401,464,46.40,24.00,14.20,28.10
3/3/18-0:52:58,836,399,460,46.30,24.00,14.90,36.20
3/3/18-0:53:59,836,392,452,47.60,24.00,14.20,23.30
3/3/18-0:55:0,837,390,464,46.40,24.00,15.10,29.50
3/3/18-0:56:1,839,401,465,47.70,23.90,14.80,26.40
3/3/18-0:57:2,837,405,469,47.10,23.90,15.10,32.80
3/3/18-0:58:3,836,402,466,46.70,23.90,15.50,29.10
3/3/18-0:59:4,837,397,472,47.20,23.90,16.70,29.90
3/3/18-1:0:5,837,400,479,46.90,23.80,16.80,27.80
3/3/18-1:1:6,837,409,473,47.20,23.80,16.60,30.30
3/3/18-1:2:7,836,406,473,47.90,23.80,16.80,28.90
3/3/18-1:3:8,837,396,467,47.30,23.80,18.00,31.20
3/3/18-1:4:9,837,398,473,45.80,23.80,17.80,33.20
3/3/18-1:5:10,837,396,475,45.70,23.80,18.60,31.50
3/3/18-1:6:11,837,398,475,45.60,23.70,16.90,28.00
3/3/18-1:7:12,837,405,470,45.30,23.70,18.30,38.70
3/3/18-1:8:13,836,413,473,47.10,23.70,18.70,32.10
3/3/18-1:9:14,837,419,473,47.60,23.80,17.40,28.00
3/3/18-1:10:15,837,408,469,49.00,23.80,17.70,33.30
3/3/18-1:11:16,836,415,480,47.10,23.80,18.90,34.10
3/3/18-1:12:17,837,416,477,47.50,23.80,18.50,32.30
3/3/18-1:13:18,836,421,489,47.10,23.80,18.10,33.50
3/3/18-1:14:19,835,416,475,48.00,23.80,18.60,36.90
3/3/18-1:15:20,836,412,478,48.10,23.80,17.40,33.50
3/3/18-1:16:21,837,415,475,47.60,23.80,18.20,33.50
3/3/18-1:17:22,838,409,475,49.80,23.80,16.60,29.30
3/3/18-1:18:23,837,416,478,50.30,23.80,17.10,31.90
3/3/18-1:19:24,837,416,478,49.10,23.80,17.70,33.00
3/3/18-1:20:25,836,413,471,49.20,23.80,18.50,33.80
3/3/18-1:21:26,837,414,478,50.30,23.70,16.60,31.00
3/3/18-1:22:26,837,416,475,49.40,23.70,18.40,35.30
3/3/18-1:23:27,839,415,477,50.30,23.80,18.50,34.50
3/3/18-1:24:28,836,422,487,51.10,23.70,17.50,32.50
3/3/18-1:25:29,836,419,478,50.30,23.70,18.00,32.70
3/3/18-1:26:30,837,420,482,49.30,23.70,18.60,32.00
3/3/18-1:27:31,836,421,484,49.20,23.80,18.30,37.90
3/3/18-1:28:32,836,412,475,48.70,23.80,17.60,33.80
3/3/18-1:29:33,835,424,489,48.80,23.80,18.20,35.60
3/3/18-1:30:34,836,428,488,48.00,23.80,18.40,33.30
3/3/18-1:31:35,837,418,489,48.80,23.70,18.30,30.90
3/3/18-1:32:36,837,421,485,49.70,23.70,17.80,29.90
3/3/18-1:33:37,837,422,478,49.20,23.70,18.40,31.70
3/3/18-1:34:38,837,420,481,49.10,23.70,17.10,30.20
3/3/18-1:35:39,837,421,478,48.30,23.70,17.20,27.50
3/3/18-1:36:40,836,423,479,49.30,23.80,16.70,31.20
3/3/18-1:37:41,837,419,485,49.10,23.70,16.60,35.20
3/3/18-1:38:42,835,422,484,48.50,23.70,16.60,39.70
3/3/18-1:39:43,835,417,475,48.20,23.70,15.60,27.60
3/3/18-1:40:44,836,411,469,48.20,23.70,15.50,32.70
3/3/18-1:41:45,837,416,480,47.70,23.70,15.70,31.10
3/3/18-1:42:46,836,419,482,48.50,23.60,16.20,26.70
3/3/18-1:43:47,837,420,477,48.60,23.60,15.60,27.00
3/3/18-1:44:48,837,416,475,48.90,23.60,15.70,28.10
3/3/18-1:45:49,837,415,469,48.80,23.60,15.20,29.50
3/3/18-1:46:50,836,416,475,49.00,23.60,15.30,32.50
3/3/18-1:47:51,836,418,476,48.80,23.60,15.00,30.20
3/3/18-1:48:52,836,416,471,48.30,23.60,14.80,29.80
3/3/18-1:49:53,835,414,473,50.20,23.60,15.30,26.60
3/3/18-1:50:54,837,405,470,49.70,23.50,14.30,32.40
3/3/18-1:51:55,836,409,479,48.90,23.50,14.10,26.40
3/3/18-1:52:56,836,412,472,48.30,23.40,13.40,27.20
3/3/18-1:53:57,835,405,465,50.00,23.50,12.20,25.10
3/3/18-1:54:58,835,399,460,48.30,23.40,11.80,22.60
3/3/18-1:55:59,836,413,471,48.70,23.40,11.90,22.90
3/3/18-1:57:0,837,420,467,49.20,23.40,12.10,23.60
3/3/18-1:58:1,836,422,472,49.10,23.40,12.80,22.70
3/3/18-1:59:2,836,427,476,49.20,23.50,12.60,25.30
3/3/18-2:0:3,837,425,472,49.00,23.40,11.90,26.50
3/3/18-2:1:4,837,418,465,49.10,23.40,11.20,23.00
3/3/18-2:2:5,835,416,467,48.70,23.40,11.50,26.00
3/3/18-2:3:6,836,417,475,49.00,23.40,11.80,21.00
3/3/18-2:4:7,836,420,469,49.30,23.40,11.70,26.90
3/3/18-2:5:8,836,416,467,49.90,23.40,11.00,25.40
3/3/18-2:6:9,836,415,465,50.00,23.40,11.40,22.90
3/3/18-2:7:10,836,414,466,50.10,23.40,10.10,20.80
3/3/18-2:8:11,836,418,478,49.90,23.50,10.20,21.50
3/3/18-2:9:12,837,421,470,49.70,23.50,10.80,22.90
3/3/18-2:10:13,835,419,470,49.50,23.50,10.00,20.20
3/3/18-2:11:13,835,422,472,49.50,23.40,10.00,17.00
3/3/18-2:12:14,837,418,469,49.80,23.50,9.90,19.30
3/3/18-2:13:15,835,426,473,49.60,23.50,9.20,24.20
3/3/18-2:14:16,837,420,467,50.20,23.50,9.40,20.60
3/3/18-2:15:17,835,418,470,50.40,23.50,9.40,22.20
3/3/18-2:16:18,837,414,461,49.40,23.40,8.20,17.40
3/3/18-2:17:19,837,414,461,49.40,23.40,8.80,16.00
3/3/18-2:18:20,836,408,464,49.90,23.50,8.90,19.20
3/3/18-2:19:21,837,409,460,49.30,23.40,7.90,16.50
3/3/18-2:20:22,836,415,470,49.30,23.40,8.00,18.70
3/3/18-2:21:23,836,409,456,49.50,23.40,8.40,19.40
3/3/18-2:22:24,836,412,461,49.70,23.40,8.50,24.40
3/3/18-2:23:25,835,416,461,49.80,23.40,7.80,17.80
3/3/18-2:24:26,836,414,459,49.20,23.40,7.90,19.30
3/3/18-2:25:27,836,407,455,49.70,23.40,7.90,20.60
3/3/18-2:26:28,836,406,457,48.80,23.40,7.30,20.10
3/3/18-2:27:29,836,407,457,48.90,23.30,7.10,17.20
3/3/18-2:28:30,835,406,455,49.40,23.40,6.60,14.70
3/3/18-2:29:31,836,406,453,49.70,23.40,6.70,16.90
3/3/18-2:30:32,836,407,460,49.40,23.30,6.80,16.70
3/3/18-2:31:33,836,398,446,50.70,23.30,7.60,15.20
3/3/18-2:32:34,835,403,460,50.50,23.30,7.20,18.30
3/3/18-2:33:35,835,403,458,51.10,23.30,7.40,15.60
3/3/18-2:34:36,836,399,451,50.70,23.30,8.30,19.60
3/3/18-2:35:37,838,411,464,50.70,23.20,7.60,21.80
3/3/18-2:36:38,835,410,452,51.50,23.20,6.80,11.60
3/3/18-2:37:39,835,409,461,51.60,23.30,7.20,18.40
3/3/18-2:38:40,835,407,447,51.20,23.20,6.70,16.00
3/3/18-2:39:41,837,395,449,51.60,23.30,7.40,18.20
3/3/18-2:40:42,835,407,454,51.50,23.30,7.20,17.60
3/3/18-2:41:43,836,414,452,52.30,23.20,6.80,17.50
3/3/18-2:42:44,834,423,461,52.50,23.20,7.00,18.00
3/3/18-2:43:45,835,413,447,52.30,23.20,7.10,16.10
3/3/18-2:44:46,836,409,457,52.60,23.20,6.20,14.90
3/3/18-2:45:47,836,411,459,52.40,23.20,6.50,15.40
3/3/18-2:46:48,835,411,457,51.30,23.20,7.40,17.50
3/3/18-2:47:49,835,405,447,51.30,23.20,7.00,16.10
3/3/18-2:48:50,835,402,451,52.80,23.20,5.90,15.80
3/3/18-2:49:51,836,404,452,51.40,23.20,6.70,15.80
3/3/18-2:50:52,838,401,450,50.90,23.20,6.40,16.30
3/3/18-2:51:53,834,406,451,50.70,23.20,6.20,16.80
3/3/18-2:52:54,836,403,448,51.40,23.20,6.60,16.50
3/3/18-2:53:55,836,404,453,50.40,23.20,6.10,16.30
3/3/18-2:54:56,838,400,445,50.80,23.20,6.30,13.40
3/3/18-2:55:57,834,401,446,50.20,23.10,6.40,17.10
3/3/18-2:56:58,836,403,449,50.60,23.20,6.20,15.40
3/3/18-2:57:59,836,399,438,50.40,23.20,5.80,15.40
3/3/18-2:59:0,836,406,450,51.50,23.10,5.90,12.20
3/3/18-3:0:1,836,401,442,51.30,23.10,6.70,14.70
3/3/18-3:1:1,836,398,439,51.60,23.10,5.60,16.30
3/3/18-3:2:2,836,391,438,51.40,23.10,5.70,18.10
3/3/18-3:3:3,836,385,431,50.70,23.10,5.60,16.20
3/3/18-3:4:4,836,385,439,50.70,23.00,5.50,13.50
3/3/18-3:5:5,838,388,443,49.80,22.90,7.40,47.50
3/3/18-3:6:6,836,389,440,50.50,23.00,8.00,60.20
3/3/18-3:7:7,836,388,442,51.00,22.90,7.90,51.70
3/3/18-3:8:8,836,385,439,50.60,22.90,8.40,43.60
3/3/18-3:9:9,835,389,445,51.10,22.90,5.50,16.00
3/3/18-3:10:10,835,384,432,51.00,22.90,4.90,17.70
3/3/18-3:11:11,838,370,424,50.40,22.90,4.60,16.50
3/3/18-3:12:12,835,368,421,49.20,22.80,5.10,18.20
3/3/18-3:13:13,835,368,424,48.70,22.80,4.00,9.40
3/3/18-3:14:14,836,368,421,49.00,22.80,4.80,16.50
3/3/18-3:15:15,835,370,424,48.60,22.80,3.30,9.20
3/3/18-3:16:16,835,360,416,49.00,22.80,4.10,8.30
3/3/18-3:17:17,836,369,426,48.10,22.70,3.80,8.40
3/3/18-3:18:18,836,358,417,47.80,22.70,4.10,9.60
3/3/18-3:19:19,836,357,416,47.30,22.60,3.50,7.80
3/3/18-3:20:20,836,351,413,47.90,22.60,4.00,7.10
3/3/18-3:21:21,836,361,420,47.80,22.70,3.60,10.10
3/3/18-3:22:22,835,372,425,49.10,22.60,3.50,7.80
3/3/18-3:23:23,836,363,415,49.20,22.60,3.80,10.20
3/3/18-3:24:24,835,362,415,49.40,22.60,3.70,9.40
3/3/18-3:25:25,837,368,423,49.70,22.70,3.90,10.40
3/3/18-3:26:26,838,362,415,49.80,22.70,3.60,10.90
3/3/18-3:27:27,836,366,417,49.20,22.70,3.40,8.60
3/3/18-3:28:28,836,364,414,50.10,22.70,3.90,12.80
3/3/18-3:29:29,836,361,418,49.50,22.70,3.70,9.50
3/3/18-3:30:30,836,354,419,49.40,22.70,4.30,9.30
3/3/18-3:31:31,836,354,415,48.70,22.70,3.60,10.70
3/3/18-3:32:32,837,355,413,49.40,22.70,4.00,11.60
3/3/18-3:33:33,835,368,420,50.00,22.70,4.40,11.70
3/3/18-3:34:34,837,372,419,49.40,22.70,3.80,13.90
3/3/18-3:35:35,836,374,422,50.60,22.70,3.70,7.40
3/3/18-3:36:36,835,377,424,50.60,22.70,3.80,11.10
3/3/18-3:37:37,836,372,418,49.80,22.70,3.80,13.10
3/3/18-3:38:38,835,367,417,50.00,22.70,3.60,8.00
3/3/18-3:39:39,836,366,416,48.60,22.70,3.60,9.00
3/3/18-3:40:40,835,370,425,48.70,22.70,4.00,10.00
3/3/18-3:41:41,837,366,410,50.10,22.60,3.80,10.20
3/3/18-3:42:42,835,369,414,49.80,22.60,3.90,13.90
3/3/18-3:43:43,836,368,415,49.30,22.60,3.50,13.60
3/3/18-3:44:44,836,357,408,49.70,22.60,4.00,13.00
3/3/18-3:45:45,835,368,416,49.50,22.50,3.40,11.40
3/3/18-3:46:46,839,365,419,49.60,22.50,3.00,7.20
3/3/18-3:47:47,835,366,412,48.60,22.50,2.90,10.10
3/3/18-3:48:48,837,365,412,49.00,22.50,2.90,8.20
3/3/18-3:49:48,836,365,409,49.30,22.40,3.20,10.10
3/3/18-3:50:49,836,359,406,48.70,22.40,2.70,4.20
3/3/18-3:51:50,836,354,401,48.30,22.40,2.60,7.80
3/3/18-3:52:51,836,355,402,48.60,22.40,2.50,6.00
3/3/18-3:53:52,836,359,403,49.10,22.30,2.60,4.20
3/3/18-3:54:53,836,358,405,49.10,22.30,2.80,10.00
3/3/18-3:55:54,836,350,396,49.20,22.30,2.60,5.80
3/3/18-3:56:55,836,347,397,48.60,22.30,2.80,8.40
3/3/18-3:57:56,836,352,400,48.50,22.30,2.80,9.30
3/3/18-3:58:57,837,353,402,48.60,22.30,2.50,5.70
3/3/18-3:59:58,836,342,391,48.60,22.30,3.00,7.10
3/3/18-4:0:59,836,345,399,47.00,22.20,2.90,9.40
3/3/18-4:2:0,836,345,396,49.00,22.20,2.70,7.10
3/3/18-4:3:1,836,339,403,48.90,22.20,2.70,7.30
3/3/18-4:4:2,836,339,394,48.90,22.20,2.20,5.30
3/3/18-4:5:3,836,341,394,49.50,22.20,2.30,6.60
3/3/18-4:6:4,835,334,389,49.40,22.20,2.20,5.00
3/3/18-4:7:5,836,339,401,48.30,22.10,2.80,6.50
3/3/18-4:8:6,835,340,394,50.10,22.10,2.10,7.70
3/3/18-4:9:7,836,338,395,47.50,22.10,2.60,8.50
3/3/18-4:10:8,835,348,405,48.30,22.10,2.40,6.80
3/3/18-4:11:9,837,338,397,48.50,22.10,2.90,10.90
3/3/18-4:12:10,835,334,393,47.80,22.10,3.20,9.70
3/3/18-4:13:11,835,328,388,47.00,22.10,2.70,4.30
3/3/18-4:14:12,836,328,392,47.00,22.10,3.00,7.60
3/3/18-4:15:13,836,337,396,47.00,22.10,3.30,7.30
3/3/18-4:16:14,835,349,403,47.50,22.10,3.20,5.90
3/3/18-4:17:15,837,344,401,48.20,22.10,4.10,5.60
3/3/18-4:18:16,837,355,402,48.20,22.10,4.60,11.00
3/3/18-4:19:17,835,360,408,47.80,22.10,4.60,10.70
3/3/18-4:20:18,837,355,397,47.80,22.20,5.10,9.30
3/3/18-4:21:19,837,354,397,48.30,22.20,5.70,10.00
3/3/18-4:22:20,835,359,401,48.10,22.20,5.20,7.60
3/3/18-4:23:21,835,358,399,48.60,22.10,5.40,9.70
3/3/18-4:24:22,836,357,398,48.30,22.20,5.50,9.20
3/3/18-4:25:23,836,355,401,48.10,22.10,5.70,10.50
3/3/18-4:26:24,836,359,401,48.50,22.10,6.10,9.00
3/3/18-4:27:25,836,368,405,50.60,22.10,5.70,7.40
3/3/18-4:28:26,837,366,405,50.00,22.10,5.90,8.90
3/3/18-4:29:27,837,367,402,49.70,22.10,5.60,9.90
3/3/18-4:30:28,835,370,402,49.70,22.10,5.00,10.40
3/3/18-4:31:29,835,370,407,49.60,22.10,5.60,9.00
3/3/18-4:32:30,835,365,405,50.00,22.10,5.00,10.60
3/3/18-4:33:31,836,365,410,50.40,22.10,4.90,9.60
3/3/18-4:34:32,836,365,402,51.40,22.10,4.20,8.10
3/3/18-4:35:33,837,366,411,50.30,22.10,3.40,5.90
3/3/18-4:36:34,836,370,408,49.70,22.00,3.30,5.60
3/3/18-4:37:34,836,367,399,50.10,22.10,3.50,7.20
3/3/18-4:38:35,835,354,392,49.60,22.10,2.90,5.00
3/3/18-4:39:36,837,358,401,49.30,22.00,2.70,4.80
3/3/18-4:40:37,838,362,402,48.70,22.00,3.00,6.60
3/3/18-4:41:38,836,364,401,49.90,22.00,2.80,8.00
3/3/18-4:42:39,837,359,400,50.70,22.00,2.50,4.70
3/3/18-4:43:40,836,364,406,50.40,22.00,2.40,5.90
3/3/18-4:44:41,836,362,403,51.20,22.00,2.40,4.80
3/3/18-4:45:42,837,363,404,50.70,22.00,2.80,6.50
3/3/18-4:46:43,835,369,407,50.50,22.00,2.50,4.80
3/3/18-4:47:44,836,369,405,50.20,22.00,2.90,6.70
3/3/18-4:48:45,836,368,404,51.40,22.00,2.70,8.00
3/3/18-4:49:46,837,371,406,51.50,22.00,2.60,7.50
3/3/18-4:50:47,836,373,405,52.80,22.00,2.60,5.30
3/3/18-4:51:48,835,376,406,51.20,21.90,2.90,4.50
3/3/18-4:52:49,835,372,405,52.60,21.90,2.30,3.00
3/3/18-4:53:50,837,366,401,52.50,22.00,2.50,5.10
3/3/18-4:54:51,836,368,405,51.50,21.90,2.60,5.10
3/3/18-4:55:52,836,362,400,52.40,21.90,3.00,10.50
3/3/18-4:56:53,837,365,405,52.20,21.90,2.40,4.90
3/3/18-4:57:54,837,368,404,51.50,21.90,2.80,9.20
3/3/18-4:58:55,837,371,407,51.70,21.90,2.60,5.60
3/3/18-4:59:56,836,370,407,51.90,21.90,2.90,8.70
3/3/18-5:0:57,836,373,406,51.60,21.90,2.70,9.90
3/3/18-5:1:58,836,372,407,51.50,21.80,2.30,5.00
3/3/18-5:2:59,836,371,407,51.80,21.80,2.60,5.30
3/3/18-5:4:0,837,366,402,52.00,21.80,2.70,9.00
3/3/18-5:5:1,836,367,409,52.60,21.80,2.60,8.20
3/3/18-5:6:2,837,369,417,52.10,21.80,2.50,4.70
3/3/18-5:7:3,837,368,407,51.60,21.80,2.60,4.20
3/3/18-5:8:4,836,368,400,52.40,21.80,3.10,7.30
3/3/18-5:9:5,836,364,400,51.40,21.80,2.90,4.80
3/3/18-5:10:6,836,361,399,51.40,21.80,2.50,6.00
3/3/18-5:11:7,837,360,398,51.60,21.70,2.60,11.30
3/3/18-5:12:8,835,363,405,52.40,21.70,3.10,8.40
3/3/18-5:13:9,836,361,404,51.40,21.60,2.70,7.20
3/3/18-5:14:10,837,366,409,51.80,21.70,2.60,4.20
3/3/18-5:15:11,837,367,409,52.40,21.60,2.80,7.40
3/3/18-5:16:12,837,362,404,51.80,21.60,2.70,5.30
3/3/18-5:17:13,836,362,401,51.70,21.60,2.40,8.60
3/3/18-5:18:14,837,365,410,51.80,21.60,2.50,6.60
3/3/18-5:19:15,836,375,409,52.30,21.50,2.50,6.10
3/3/18-5:20:16,837,371,407,52.60,21.60,2.60,6.60
3/3/18-5:21:17,836,372,406,52.60,21.60,2.60,6.20
3/3/18-5:22:18,836,373,409,52.40,21.60,2.10,5.10
3/3/18-5:23:19,836,367,405,52.40,21.60,2.70,9.50
3/3/18-5:24:19,836,371,405,53.20,21.50,2.20,4.90
3/3/18-5:25:20,835,373,406,52.40,21.50,2.60,6.70
3/3/18-5:26:21,838,363,399,52.90,21.50,2.70,8.10
3/3/18-5:27:22,837,359,398,53.90,21.50,2.70,5.40
3/3/18-5:28:23,837,354,402,52.40,21.50,2.60,7.60
3/3/18-5:29:24,835,355,403,51.50,21.50,2.50,6.10
3/3/18-5:30:25,837,353,408,52.30,21.50,2.20,6.50
3/3/18-5:31:26,837,358,405,52.40,21.50,2.60,9.60
3/3/18-5:32:27,839,364,408,52.50,21.50,2.30,6.00
3/3/18-5:33:28,836,364,401,52.10,21.40,2.60,6.10
3/3/18-5:34:29,835,368,407,52.60,21.40,2.80,6.80
3/3/18-5:35:30,836,367,406,53.70,21.40,2.20,7.40
3/3/18-5:36:31,836,362,400,53.20,21.50,2.50,6.80
3/3/18-5:37:32,836,364,409,53.50,21.40,2.70,5.80
3/3/18-5:38:33,837,363,409,52.70,21.50,2.60,5.40
3/3/18-5:39:34,836,369,414,54.50,21.40,2.60,7.50
3/3/18-5:40:35,835,368,408,54.90,21.40,2.30,4.20
3/3/18-5:41:36,837,367,406,54.20,21.40,2.50,5.90
3/3/18-5:42:37,837,359,398,55.20,21.40,2.60,7.70
3/3/18-5:43:38,835,361,400,53.60,21.40,2.90,8.30
3/3/18-5:44:39,837,362,403,53.50,21.40,2.50,8.20
3/3/18-5:45:40,837,362,403,52.80,21.40,2.30,6.50
3/3/18-5:46:41,835,366,404,53.80,21.30,2.70,8.50
3/3/18-5:47:42,836,362,400,53.70,21.30,2.30,5.30
3/3/18-5:48:43,836,364,399,53.80,21.30,2.70,8.70
3/3/18-5:49:44,837,361,400,53.50,21.30,2.40,8.90
3/3/18-5:50:45,836,363,400,54.30,21.30,2.30,7.60
3/3/18-5:51:46,837,364,405,53.60,21.30,2.70,7.90
3/3/18-5:52:47,837,363,404,53.40,21.30,2.60,6.30
3/3/18-5:53:48,836,362,403,53.30,21.30,2.40,4.70
3/3/18-5:54:49,837,356,402,53.30,21.30,2.20,5.60
3/3/18-5:55:50,835,360,403,53.30,21.30,2.20,6.10
3/3/18-5:56:51,836,358,399,52.80,21.30,2.50,11.00
3/3/18-5:57:52,836,362,408,53.20,21.30,2.10,4.00
3/3/18-5:58:53,837,359,398,52.90,21.30,2.60,8.50
3/3/18-5:59:54,836,357,397,52.20,21.30,2.20,8.60
3/3/18-6:0:55,837,350,396,52.80,21.30,2.30,9.40
3/3/18-6:1:56,837,353,395,52.10,21.30,2.30,6.90
3/3/18-6:2:57,836,352,395,52.80,21.20,2.00,7.60
3/3/18-6:3:58,836,353,397,53.00,21.20,1.70,3.80
3/3/18-6:4:59,837,353,396,52.50,21.20,1.60,5.50
3/3/18-6:6:0,837,353,393,52.20,21.20,1.80,6.80
3/3/18-6:7:1,835,351,393,52.70,21.20,1.60,2.70
3/3/18-6:8:2,836,351,393,52.10,21.20,1.70,3.30
3/3/18-6:9:3,836,351,392,52.70,21.10,1.80,10.20
3/3/18-6:10:4,837,352,390,52.70,21.10,1.70,3.90
3/3/18-6:11:4,837,349,389,52.90,21.10,2.00,8.30
3/3/18-6:12:5,836,351,393,52.80,21.10,1.40,2.50
3/3/18-6:13:6,836,351,393,52.60,21.10,1.50,5.20
3/3/18-6:14:7,837,348,390,52.30,21.10,1.60,4.90
3/3/18-6:15:8,835,354,399,52.70,21.10,1.70,5.40
3/3/18-6:16:9,836,352,393,52.80,21.10,1.20,3.10
3/3/18-6:17:10,835,352,394,53.40,21.10,1.60,5.50
3/3/18-6:18:11,837,342,389,53.10,21.10,1.40,3.60
3/3/18-6:19:12,837,347,393,52.50,21.10,1.30,3.60
3/3/18-6:20:13,835,346,400,53.30,21.10,1.20,2.30
3/3/18-6:21:14,836,344,387,51.70,21.10,1.60,5.60
3/3/18-6:22:15,837,342,388,52.10,21.10,1.50,5.40
3/3/18-6:23:16,834,346,390,52.20,21.10,1.50,4.10
3/3/18-6:24:17,837,342,391,52.20,21.10,1.50,4.80
3/3/18-6:25:18,836,340,390,52.10,21.10,1.50,6.90
3/3/18-6:26:19,835,345,388,51.90,21.00,1.50,4.00
3/3/18-6:27:20,836,340,400,52.80,21.10,1.30,3.40
3/3/18-6:28:21,836,343,397,51.10,21.00,1.30,5.20
3/3/18-6:29:22,836,350,386,51.40,21.00,1.60,4.80
3/3/18-6:30:23,836,352,389,52.00,21.00,1.40,4.40
3/3/18-6:31:24,837,350,389,52.30,21.00,1.40,3.10
3/3/18-6:32:25,837,351,394,51.30,21.00,1.30,3.40
3/3/18-6:33:26,837,349,390,51.00,21.00,1.50,2.60
3/3/18-6:34:27,836,345,385,51.30,21.00,1.30,2.20
3/3/18-6:35:28,836,348,390,51.70,21.00,1.30,2.80
3/3/18-6:36:29,839,345,386,51.50,21.00,0.90,2.70
3/3/18-6:37:30,837,347,396,51.70,20.90,0.90,2.30
3/3/18-6:38:31,835,346,401,51.10,20.90,1.20,4.80
3/3/18-6:39:32,837,336,393,51.00,20.90,1.40,4.50
3/3/18-6:40:33,837,336,387,51.60,20.90,1.00,1.80
3/3/18-6:41:34,835,340,390,51.80,20.90,1.30,2.30
3/3/18-6:42:35,836,330,376,51.40,20.90,1.00,2.20
3/3/18-6:43:36,836,333,383,51.20,20.80,1.20,4.00
3/3/18-6:44:37,836,339,396,51.60,20.80,1.30,4.10
3/3/18-6:45:38,837,335,384,51.70,20.80,1.40,3.90
3/3/18-6:46:39,836,335,385,51.00,20.80,1.30,3.30
3/3/18-6:47:40,836,334,389,51.50,20.80,1.30,6.70
3/3/18-6:48:41,836,335,390,51.30,20.80,1.30,3.50
3/3/18-6:49:42,839,335,389,50.70,20.80,1.30,3.80
3/3/18-6:50:43,836,333,388,51.00,20.80,1.00,2.20
3/3/18-6:51:44,835,331,387,50.90,20.80,1.60,5.60
3/3/18-6:52:45,837,330,384,50.90,20.70,1.20,4.70
3/3/18-6:53:46,835,333,386,51.10,20.80,1.40,3.20
3/3/18-6:54:47,837,333,387,51.10,20.80,1.20,5.80
3/3/18-6:55:48,836,336,391,51.50,20.70,1.50,2.50
3/3/18-6:56:48,836,334,384,52.20,20.70,1.70,4.40
3/3/18-6:57:49,836,339,392,51.50,20.70,1.40,4.50
3/3/18-6:58:50,836,347,394,51.10,20.70,1.50,3.40
3/3/18-6:59:51,836,339,390,52.50,20.70,1.70,4.60
3/3/18-7:0:52,836,339,385,52.20,20.70,1.30,4.40
3/3/18-7:1:53,835,339,387,51.50,20.70,1.20,2.50
3/3/18-7:2:54,837,331,388,51.80,20.70,1.10,1.70
3/3/18-7:3:55,835,323,377,50.30,20.70,1.00,4.10
3/3/18-7:4:56,837,312,385,48.70,20.70,1.30,3.30
3/3/18-7:5:57,835,321,386,50.40,20.70,1.10,1.80
3/3/18-7:6:58,837,311,378,50.10,20.70,2.10,7.90
3/3/18-7:7:59,837,286,362,49.10,20.70,1.10,2.00
3/3/18-7:9:0,836,270,379,47.70,20.70,1.20,2.40
3/3/18-7:10:1,837,276,373,48.30,20.60,1.30,5.20
3/3/18-7:11:2,836,279,383,48.80,20.60,1.40,4.00
3/3/18-7:12:3,836,279,371,49.00,20.60,1.00,4.20
3/3/18-7:13:4,836,295,399,48.60,20.60,1.10,3.20
3/3/18-7:14:5,836,290,389,49.00,20.60,1.30,3.40
3/3/18-7:15:6,837,284,375,49.80,20.60,1.30,4.50
3/3/18-7:16:7,836,285,376,50.30,20.60,1.40,5.70
3/3/18-7:17:8,836,285,380,50.10,20.60,1.40,2.20
3/3/18-7:18:9,835,282,393,49.90,20.60,1.30,4.10
3/3/18-7:19:10,836,278,386,50.10,20.60,1.40,3.90
3/3/18-7:20:11,836,270,388,49.70,20.60,1.20,6.40
3/3/18-7:21:12,835,279,381,49.80,20.50,1.20,5.90
3/3/18-7:22:13,836,279,377,48.30,20.50,1.10,2.50
3/3/18-7:23:14,836,271,374,48.40,20.60,1.00,4.30
3/3/18-7:24:15,836,257,365,48.50,20.60,1.20,5.10
3/3/18-7:25:16,836,267,376,47.90,20.60,1.40,6.90
3/3/18-7:26:17,835,274,369,48.50,20.60,1.20,5.00
3/3/18-7:27:18,836,270,372,47.80,20.50,1.40,4.70
3/3/18-7:28:19,837,260,367,48.60,20.50,1.60,7.60
3/3/18-7:29:20,835,268,383,47.00,20.60,1.80,5.20
3/3/18-7:30:21,836,272,376,49.50,20.60,1.50,8.70
3/3/18-7:31:22,836,278,373,48.10,20.60,1.70,8.90
3/3/18-7:32:23,836,282,376,48.50,20.60,1.70,10.30
3/3/18-7:33:24,835,294,385,47.90,20.60,1.80,9.30
3/3/18-7:34:25,838,296,379,47.70,20.60,1.90,11.70
3/3/18-7:35:26,836,296,380,48.00,20.60,1.50,4.50
3/3/18-7:36:27,836,285,373,47.60,20.70,2.00,6.50
3/3/18-7:37:28,835,288,374,46.90,20.60,1.60,6.00
3/3/18-7:38:29,835,288,378,47.60,20.70,4.60,48.50
3/3/18-7:39:30,835,284,377,47.00,20.70,2.40,10.10
3/3/18-7:40:31,836,285,380,47.10,20.70,5.00,46.80
3/3/18-7:41:31,837,291,379,48.40,20.70,2.70,19.80
3/3/18-7:42:32,836,299,386,48.10,20.70,2.40,12.30
3/3/18-7:43:33,837,304,390,48.50,20.70,2.10,6.50
3/3/18-7:44:34,836,299,383,48.70,20.70,2.50,17.00
3/3/18-7:45:35,836,309,386,47.60,20.70,4.30,20.10
3/3/18-7:46:36,836,295,371,47.90,20.80,2.30,14.50
3/3/18-7:47:37,836,304,381,47.90,20.80,2.40,8.30
3/3/18-7:48:38,836,279,362,47.70,20.80,3.80,23.30
3/3/18-7:49:39,835,263,369,45.80,20.80,2.70,8.50
3/3/18-7:50:40,836,259,368,45.90,20.80,2.90,7.40
3/3/18-7:51:41,837,255,373,46.40,20.80,3.20,12.50
3/3/18-7:52:42,836,252,375,45.90,20.80,2.80,8.10
3/3/18-7:53:43,836,237,367,45.50,20.70,2.80,12.40
3/3/18-7:54:44,836,234,369,47.10,20.70,2.50,6.20
3/3/18-7:55:45,836,224,369,45.60,20.70,2.90,12.60
3/3/18-7:56:46,836,232,382,45.30,20.70,3.30,7.00
3/3/18-7:57:47,835,243,375,45.60,20.70,3.40,8.20
3/3/18-7:58:48,836,227,366,46.10,20.70,2.90,7.40
3/3/18-7:59:49,836,213,371,45.40,20.70,3.10,8.50
3/3/18-8:0:50,836,214,365,45.00,20.70,2.90,6.80
3/3/18-8:1:51,836,197,365,45.90,20.70,3.20,10.60
3/3/18-8:2:52,836,217,375,46.30,20.70,2.80,8.40
3/3/18-8:3:53,836,257,395,46.80,20.70,3.10,6.50
3/3/18-8:4:54,836,282,396,46.10,20.80,2.50,6.10
3/3/18-8:5:55,836,279,388,47.90,20.80,2.80,6.70
3/3/18-8:6:56,836,279,382,46.20,20.90,2.60,7.50
3/3/18-8:7:57,836,290,393,47.80,20.90,3.30,8.80
3/3/18-8:8:58,836,288,384,46.70,20.90,3.30,10.50
3/3/18-8:9:59,836,285,379,47.00,21.00,3.10,8.40
3/3/18-8:11:0,837,285,396,46.00,21.00,2.80,10.20
3/3/18-8:12:1,837,285,376,46.90,21.00,3.00,7.20
3/3/18-8:13:2,836,277,370,46.10,21.10,3.60,8.60
3/3/18-8:14:3,837,276,384,47.20,21.10,3.20,10.10
3/3/18-8:15:4,835,290,398,46.50,21.10,3.60,9.20
3/3/18-8:16:5,837,283,379,47.20,21.10,3.80,11.80
3/3/18-8:17:6,836,293,389,46.60,21.10,3.80,11.30
3/3/18-8:18:7,836,295,392,47.20,21.10,3.60,9.20
3/3/18-8:19:8,836,295,392,46.80,21.10,4.10,13.60
3/3/18-8:20:9,836,285,394,46.20,21.20,3.80,11.70
3/3/18-8:21:10,836,290,402,45.80,21.20,4.00,12.90
3/3/18-8:22:11,836,288,391,45.90,21.20,4.00,11.20
3/3/18-8:23:12,836,280,394,45.80,21.20,3.70,11.10
3/3/18-8:24:13,836,293,410,46.00,21.20,3.30,10.70
3/3/18-8:25:14,836,284,379,46.80,21.20,3.80,14.10
3/3/18-8:26:15,836,267,379,46.40,21.20,3.40,11.60
3/3/18-8:27:15,836,279,399,45.00,21.20,3.10,8.60
3/3/18-8:28:16,836,283,393,45.20,21.20,2.60,7.90
3/3/18-8:29:17,836,278,394,45.50,21.30,2.80,5.30
3/3/18-8:30:18,836,279,395,44.90,21.30,2.60,9.60
3/3/18-8:31:19,835,296,414,45.90,21.40,2.70,5.70
3/3/18-8:32:20,836,304,436,46.40,21.40,2.80,6.80
3/3/18-8:33:21,835,310,405,46.30,21.50,3.00,6.60
3/3/18-8:34:22,834,314,444,45.90,21.50,2.70,6.90
3/3/18-8:35:23,835,325,421,45.80,21.50,2.70,5.90
3/3/18-8:36:24,835,323,424,46.60,21.50,2.90,6.40
3/3/18-8:37:25,836,321,429,47.20,21.60,2.30,5.80
3/3/18-8:38:26,836,309,399,46.50,21.70,2.70,11.20
3/3/18-8:39:27,837,294,390,45.80,21.70,2.60,4.80
3/3/18-8:40:28,836,304,401,44.50,21.70,2.70,7.70
3/3/18-8:41:29,836,323,414,45.50,21.80,2.90,7.90
3/3/18-8:42:30,835,320,412,45.80,21.80,2.60,4.90
3/3/18-8:43:31,836,314,400,46.50,21.80,2.30,3.60
3/3/18-8:44:32,835,314,419,45.30,21.90,2.50,6.60
3/3/18-8:45:33,836,304,397,45.30,21.90,2.30,7.10
3/3/18-8:46:34,835,315,409,45.10,22.00,2.40,5.00
3/3/18-8:47:35,835,314,417,45.50,21.90,2.50,10.30
3/3/18-8:48:36,835,327,434,46.10,22.00,2.30,7.50
3/3/18-8:49:37,836,327,420,46.40,22.00,2.40,9.90
3/3/18-8:50:38,835,319,399,46.90,22.10,2.50,8.00
3/3/18-8:51:39,835,327,426,47.40,22.10,2.50,7.10
3/3/18-8:52:40,836,322,415,47.00,22.20,3.20,19.00
3/3/18-8:53:41,836,318,420,47.70,22.20,2.70,4.80
3/3/18-8:54:42,835,316,420,46.30,22.20,2.80,5.30
3/3/18-8:55:43,838,309,400,46.40,22.30,2.70,7.50
3/3/18-8:56:44,835,313,423,47.60,22.30,2.60,11.30
3/3/18-8:57:45,835,321,422,46.10,22.40,2.80,10.60
3/3/18-8:58:46,836,319,409,47.10,22.40,3.00,14.40
3/3/18-8:59:47,835,327,407,46.90,22.40,3.00,15.80
3/3/18-9:0:48,835,333,422,47.40,22.50,2.90,8.00
3/3/18-9:1:49,835,341,423,48.40,22.50,3.00,10.40
3/3/18-9:2:50,834,334,414,48.00,22.50,5.00,15.20
3/3/18-9:3:51,835,322,400,47.30,22.60,3.40,11.30
3/3/18-9:4:52,836,325,421,48.50,22.60,3.20,9.60
3/3/18-9:5:53,836,332,420,48.30,22.60,3.20,9.90
3/3/18-9:6:54,835,344,422,48.00,22.70,3.60,12.50
3/3/18-9:7:55,836,346,436,48.30,22.70,3.40,8.20
3/3/18-9:8:56,835,337,411,49.60,22.80,3.50,8.80
3/3/18-9:9:57,836,348,448,48.50,22.80,3.50,11.20
3/3/18-9:10:58,836,341,424,48.50,22.80,3.70,9.70
3/3/18-9:11:59,835,362,465,48.00,22.90,3.00,9.60
3/3/18-9:13:0,835,347,419,48.70,22.90,3.00,6.60
3/3/18-9:14:1,836,355,452,48.50,23.00,3.30,10.40
3/3/18-9:15:1,836,373,473,48.90,23.00,3.80,12.50
3/3/18-9:16:2,835,362,444,49.20,23.10,4.00,10.80
3/3/18-9:17:3,834,367,438,48.70,23.10,3.60,11.40
3/3/18-9:18:4,835,367,434,49.10,23.20,3.00,8.70
3/3/18-9:19:5,836,366,474,50.80,23.20,3.20,7.50
3/3/18-9:20:6,836,340,399,50.70,23.20,3.90,12.60
3/3/18-9:21:7,835,358,440,48.60,23.20,3.30,10.90
3/3/18-9:22:8,836,365,491,49.50,23.30,3.50,13.60
3/3/18-9:23:9,835,368,478,50.10,23.30,3.80,13.10
3/3/18-9:24:10,835,385,489,50.00,23.40,3.50,13.30
3/3/18-9:25:11,836,371,431,49.50,23.40,4.40,17.30
3/3/18-9:26:12,836,351,419,48.60,23.50,3.60,7.70
3/3/18-9:27:13,836,364,472,48.30,23.50,3.70,9.10
3/3/18-9:28:14,836,364,467,47.90,23.60,3.70,10.90
3/3/18-9:29:15,836,341,417,48.50,23.60,3.60,11.60
3/3/18-9:30:16,836,358,456,47.40,23.60,3.40,8.80
3/3/18-9:31:17,836,385,509,48.10,23.70,2.90,8.80
3/3/18-9:32:18,834,376,446,49.00,23.70,2.90,10.00
3/3/18-9:33:19,836,364,441,48.30,23.80,3.00,7.90
3/3/18-9:34:20,836,336,402,48.40,23.90,3.60,12.00
3/3/18-9:35:21,835,341,435,47.90,23.90,3.20,7.50
3/3/18-9:36:22,836,358,417,48.70,23.90,3.40,6.50
3/3/18-9:37:23,835,351,467,46.60,23.90,4.20,10.00
3/3/18-9:38:24,836,352,451,46.00,24.00,4.10,11.60
3/3/18-9:39:25,834,352,421,45.60,24.00,4.30,13.20
3/3/18-9:40:26,834,344,395,47.00,24.10,5.70,15.90
3/3/18-9:41:27,838,321,427,44.80,24.10,3.20,9.10
3/3/18-9:42:28,836,321,406,43.70,24.10,3.30,9.80
3/3/18-9:43:29,836,326,424,44.30,24.20,4.00,10.10
3/3/18-9:44:30,835,311,395,43.80,24.20,4.00,9.30
3/3/18-9:45:31,836,308,449,43.50,24.30,3.00,9.90
3/3/18-9:46:32,835,305,398,43.20,24.30,3.60,9.10
3/3/18-9:47:33,835,290,400,43.70,24.40,3.20,8.30
3/3/18-9:48:34,835,313,499,44.20,24.40,3.90,9.20
3/3/18-9:49:35,835,274,382,43.80,24.40,4.00,10.80
3/3/18-9:50:36,836,228,379,40.90,24.50,3.40,11.20
3/3/18-9:51:37,835,228,388,41.00,24.50,2.60,4.00
3/3/18-9:52:38,835,240,385,41.90,24.60,3.00,9.20
3/3/18-9:53:39,835,249,388,42.00,24.60,3.30,11.40
3/3/18-9:54:40,836,240,384,42.80,24.70,2.40,7.90
3/3/18-9:55:41,836,235,453,41.00,24.70,2.60,10.60
3/3/18-9:56:42,837,277,479,39.70,24.80,3.50,6.60
3/3/18-9:57:43,835,288,507,40.20,24.80,3.20,7.80
3/3/18-9:58:44,834,253,390,40.30,24.90,3.00,6.90
3/3/18-9:59:45,834,244,402,39.60,24.90,2.90,6.90
3/3/18-10:0:46,835,246,472,39.70,25.00,2.60,6.90
3/3/18-10:1:47,836,232,413,39.00,25.00,3.30,11.40
3/3/18-10:2:48,835,215,393,38.80,25.00,2.80,5.40
3/3/18-10:3:49,835,209,383,38.70,25.10,3.20,7.70
3/3/18-10:4:50,835,193,383,39.00,25.10,2.70,7.60
3/3/18-10:5:50,834,247,472,39.30,25.20,3.30,8.30
3/3/18-10:6:51,836,230,411,38.80,25.20,3.30,9.90
3/3/18-10:7:52,836,247,476,39.30,25.30,2.80,5.90
3/3/18-10:8:53,835,234,394,40.00,25.30,3.00,6.20
3/3/18-10:9:54,835,225,424,40.40,25.40,2.60,7.40
3/3/18-10:10:55,834,239,412,37.30,25.40,2.90,7.60
3/3/18-10:11:56,834,249,523,37.90,25.50,3.10,6.00
3/3/18-10:12:57,835,207,381,36.80,25.50,2.60,4.70
3/3/18-10:13:58,835,188,388,36.40,25.50,2.80,5.10
3/3/18-10:14:59,835,214,393,37.20,25.60,2.80,8.50
3/3/18-10:16:0,834,232,448,36.60,25.60,2.90,5.80
3/3/18-10:17:1,835,211,389,35.50,25.70,2.70,9.90
3/3/18-10:18:2,835,196,405,35.80,25.70,2.90,7.00
3/3/18-10:19:3,835,186,411,35.60,25.80,2.70,7.10
3/3/18-10:20:4,834,200,393,35.80,25.80,2.60,6.20
3/3/18-10:21:5,835,204,402,36.30,25.80,2.90,5.90
3/3/18-10:22:6,834,246,510,35.90,25.90,2.70,8.60
3/3/18-10:23:7,834,238,398,34.70,25.90,3.30,10.70
3/3/18-10:24:8,835,222,384,36.20,26.00,3.80,11.40
3/3/18-10:25:9,837,222,424,35.60,26.00,3.30,12.50
3/3/18-10:26:10,834,227,442,35.80,26.10,3.10,11.30
3/3/18-10:27:11,835,220,388,35.80,26.10,3.30,8.90
3/3/18-10:28:12,834,204,435,35.20,26.10,2.40,6.30
3/3/18-10:29:13,835,229,479,34.70,26.20,2.60,7.00
3/3/18-10:30:14,834,234,412,33.30,26.20,3.20,9.00
3/3/18-10:31:15,835,217,448,34.80,26.30,3.20,10.40
3/3/18-10:32:16,835,231,503,34.60,26.30,3.40,8.10
3/3/18-10:33:17,834,199,405,32.90,26.30,3.50,11.20
3/3/18-10:34:18,834,202,448,33.20,26.30,3.20,12.10
3/3/18-10:35:19,835,193,402,33.40,26.40,3.50,9.70
3/3/18-10:36:20,835,166,381,33.10,26.40,3.70,11.50
3/3/18-10:37:21,833,183,473,33.60,26.50,3.10,9.60
3/3/18-10:38:22,835,178,390,33.30,26.50,3.30,7.30
3/3/18-10:39:23,835,191,465,34.10,26.60,3.30,7.50
3/3/18-10:40:24,835,196,393,33.90,26.60,4.20,12.00
3/3/18-10:41:25,835,228,460,34.00,26.70,3.60,9.20
3/3/18-10:42:26,835,186,430,33.30,26.70,3.70,9.80
3/3/18-10:43:27,833,206,467,33.60,26.70,3.90,8.50
3/3/18-10:44:28,833,213,418,33.50,26.80,3.70,8.50
3/3/18-10:45:29,835,194,399,33.50,26.80,4.20,15.20
3/3/18-10:46:30,835,212,574,33.60,26.90,3.80,6.60
3/3/18-10:47:31,834,238,407,33.30,26.90,4.10,6.10
3/3/18-10:48:32,835,191,425,34.70,26.90,4.50,12.20
3/3/18-10:49:33,834,196,493,35.40,27.00,3.80,10.40
3/3/18-10:50:34,835,186,466,34.40,27.00,4.00,8.00
3/3/18-10:51:35,835,203,468,35.80,27.00,4.20,10.70
3/3/18-10:52:36,833,194,395,36.00,27.10,3.10,8.70
3/3/18-10:53:37,835,202,573,35.90,27.10,3.50,8.00
3/3/18-10:54:38,835,188,460,34.60,27.10,3.80,11.30
3/3/18-10:55:39,834,153,382,34.60,27.20,3.50,7.10
3/3/18-10:56:40,834,155,401,34.40,27.20,3.00,5.20
3/3/18-10:57:41,835,176,480,34.00,27.30,2.90,5.90
3/3/18-10:58:42,835,157,397,34.90,27.30,2.60,6.50
3/3/18-10:59:43,835,161,396,33.90,27.30,3.00,8.10
3/3/18-11:0:43,835,172,458,33.50,27.40,3.40,11.40
3/3/18-11:1:44,834,182,470,33.90,27.40,3.30,9.90
3/3/18-11:2:45,835,223,502,34.00,27.40,3.70,11.20
3/3/18-11:3:46,834,259,519,36.40,27.40,3.80,9.10
3/3/18-11:4:47,833,195,457,35.70,27.40,3.50,15.90
3/3/18-11:5:48,835,204,478,36.60,27.50,3.80,13.00
3/3/18-11:6:49,834,168,396,36.80,27.50,3.70,13.10
3/3/18-11:7:50,833,160,395,35.80,27.60,3.60,12.10
3/3/18-11:8:51,833,208,444,35.70,27.60,2.90,10.60
3/3/18-11:9:52,834,164,420,34.30,27.70,3.00,9.80
3/3/18-11:10:53,835,172,444,34.90,27.70,3.30,10.50
3/3/18-11:11:54,834,197,479,34.10,27.80,3.20,7.40
3/3/18-11:12:55,835,177,402,33.90,27.80,3.10,7.50
3/3/18-11:13:56,834,159,436,34.10,27.80,2.50,6.50
3/3/18-11:14:57,835,190,424,33.80,27.80,3.30,12.50
3/3/18-11:15:58,836,211,486,33.40,27.90,3.30,20.00
3/3/18-11:16:59,834,210,484,34.30,27.80,3.30,8.60
3/3/18-11:18:0,835,178,414,34.10,27.80,3.40,7.00
3/3/18-11:19:1,835,187,464,34.00,27.90,3.00,10.20
3/3/18-11:20:2,835,189,478,35.30,28.00,3.70,13.40
3/3/18-11:21:3,835,195,431,35.60,28.00,3.60,11.80
3/3/18-11:22:4,835,171,430,35.90,28.00,4.20,11.50
3/3/18-11:23:5,833,183,451,36.20,28.10,4.20,16.90
3/3/18-11:24:6,835,219,515,36.30,28.10,4.10,10.30
3/3/18-11:25:7,835,204,466,36.30,28.10,4.40,12.50
3/3/18-11:26:8,835,204,458,36.50,28.10,4.90,16.40
3/3/18-11:27:9,834,260,502,36.50,28.20,4.50,11.70
3/3/18-11:28:10,834,230,438,36.00,28.20,5.50,18.90
3/3/18-11:29:11,834,217,438,36.40,28.20,5.20,14.60
3/3/18-11:30:12,834,223,434,36.60,28.30,5.40,10.90
3/3/18-11:31:13,835,182,405,36.70,28.30,5.20,15.60
3/3/18-11:32:14,830,241,508,37.50,28.30,5.90,23.30
3/3/18-11:33:15,831,228,424,37.50,28.30,5.60,21.60
3/3/18-11:34:16,832,243,454,37.60,28.30,5.00,16.20
3/3/18-11:35:17,831,207,416,38.00,28.30,5.60,18.10
3/3/18-11:36:18,833,249,478,37.40,28.30,4.70,19.00
3/3/18-11:37:19,832,269,445,37.20,28.30,5.00,24.60
3/3/18-11:38:20,832,243,501,36.90,28.40,3.50,9.70
3/3/18-11:39:21,833,192,399,36.40,28.40,4.40,9.90
3/3/18-11:40:22,831,203,459,37.10,28.30,4.20,9.50
3/3/18-11:41:23,833,227,498,37.10,28.40,3.10,13.00
3/3/18-11:42:24,832,253,515,36.40,28.40,3.80,12.50
3/3/18-11:43:25,832,186,396,36.00,28.40,3.40,14.60
3/3/18-11:44:26,832,172,447,35.40,28.40,3.20,8.30
3/3/18-11:45:27,831,178,408,37.10,28.50,3.70,11.90
3/3/18-11:46:28,831,242,473,36.00,28.50,3.50,12.90
3/3/18-11:47:29,830,213,472,36.20,28.50,3.70,10.30
3/3/18-11:48:30,830,208,405,35.20,28.50,3.70,9.70
3/3/18-11:49:31,829,190,475,34.40,28.60,2.90,11.00
3/3/18-11:50:32,830,197,471,34.40,28.70,3.60,13.20
3/3/18-11:51:33,831,188,459,34.60,28.70,3.60,13.10
3/3/18-11:52:34,832,234,449,34.40,28.70,3.60,15.40
3/3/18-11:53:35,830,161,386,35.40,28.80,3.30,10.00
3/3/18-11:54:36,831,180,406,35.40,28.80,3.30,12.70
3/3/18-11:55:37,832,157,414,35.00,28.80,3.50,10.00
3/3/18-11:56:38,832,167,416,34.30,28.80,3.10,9.30
3/3/18-11:57:39,831,171,400,35.10,28.90,3.00,9.10
3/3/18-11:58:40,830,191,485,34.90,28.90,3.40,11.50
3/3/18-11:59:41,832,186,460,33.90,28.90,3.10,10.60
3/3/18-12:0:41,832,146,436,34.10,29.00,3.10,11.00
3/3/18-12:1:42,832,155,495,33.10,29.00,3.20,13.40
3/3/18-12:2:43,832,195,561,34.40,29.00,3.50,11.70
3/3/18-12:3:44,832,258,449,34.20,29.00,2.80,10.30
3/3/18-12:4:45,832,222,461,32.80,29.10,3.10,5.60
3/3/18-12:5:46,832,209,485,33.40,29.10,3.00,12.40
3/3/18-12:6:47,832,198,426,32.20,29.10,3.80,13.40
3/3/18-12:7:48,832,171,473,32.90,29.10,2.90,13.00
3/3/18-12:8:49,832,168,448,32.30,29.10,3.10,8.30
3/3/18-12:9:50,831,157,407,33.10,29.10,3.20,10.80
3/3/18-12:10:51,833,133,400,33.60,29.10,3.30,12.00
3/3/18-12:11:52,836,131,445,33.40,29.20,3.10,12.70
3/3/18-12:12:53,832,175,447,32.60,29.10,2.90,12.40
3/3/18-12:13:54,833,128,398,32.60,29.20,3.20,11.40
3/3/18-12:14:55,832,148,461,32.60,29.20,2.40,9.40
3/3/18-12:15:56,833,139,404,33.80,29.20,2.70,12.30
3/3/18-12:16:57,833,127,391,31.80,29.30,2.70,8.20
3/3/18-12:17:58,834,158,499,33.60,29.30,2.60,10.90
3/3/18-12:18:59,832,152,424,31.80,29.30,2.60,9.20
3/3/18-12:20:0,834,137,404,31.60,29.40,2.80,12.80
3/3/18-12:21:1,834,167,468,31.80,29.40,2.60,12.60
3/3/18-12:22:2,833,170,426,31.70,29.40,2.70,9.90
3/3/18-12:23:3,832,248,451,31.50,29.50,3.30,11.50
3/3/18-12:24:4,834,146,397,32.30,29.50,5.90,10.50
3/3/18-12:25:5,832,150,482,33.30,29.50,5.90,7.90
3/3/18-12:26:6,833,128,382,32.00,29.50,4.40,9.50
3/3/18-12:27:7,834,127,454,32.60,29.50,3.70,8.90
3/3/18-12:28:8,834,134,434,32.20,29.50,3.30,11.00
3/3/18-12:29:9,833,157,394,32.20,29.60,6.60,13.90
3/3/18-12:30:10,834,123,381,32.20,29.60,5.10,12.00
3/3/18-12:31:11,834,146,422,31.50,29.60,3.40,29.30
3/3/18-12:32:12,833,154,438,31.80,29.70,2.90,7.70
3/3/18-12:33:13,832,188,479,31.10,29.70,3.10,9.70
3/3/18-12:34:14,834,139,397,31.30,29.70,3.20,9.70
3/3/18-12:35:15,832,128,395,32.60,29.80,2.70,8.50
3/3/18-12:36:16,834,152,425,31.90,29.80,3.20,11.30
3/3/18-12:37:17,834,133,401,32.40,29.80,2.60,6.00
3/3/18-12:38:18,833,140,407,32.40,29.90,2.80,5.20
3/3/18-12:39:19,835,182,480,32.30,29.90,3.20,7.90
3/3/18-12:40:20,834,189,459,30.60,29.90,3.50,6.50
3/3/18-12:41:21,833,167,391,30.40,30.00,3.20,7.70
3/3/18-12:42:22,833,175,435,30.90,30.00,3.40,6.70
3/3/18-12:43:23,835,164,438,31.30,30.00,3.90,19.30
3/3/18-12:44:24,833,164,460,31.20,30.00,2.60,11.70
3/3/18-12:45:25,834,154,439,31.10,30.00,4.20,41.10
3/3/18-12:46:26,834,182,440,31.30,30.00,3.40,12.60
3/3/18-12:47:27,833,197,432,30.60,30.00,2.90,5.40
3/3/18-12:48:28,835,238,487,30.80,30.10,3.50,7.70
3/3/18-12:49:29,833,216,431,31.10,30.10,3.60,7.10
3/3/18-12:50:30,834,267,525,31.10,30.10,3.20,6.60
3/3/18-12:51:31,834,251,479,30.00,30.20,3.50,8.30
3/3/18-12:52:32,834,174,408,30.00,30.20,2.90,6.20
3/3/18-12:53:33,832,223,512,29.90,30.20,2.40,4.60
3/3/18-12:54:34,833,242,491,29.80,30.20,3.20,13.50
3/3/18-12:55:35,834,231,497,30.00,30.30,3.20,5.50
3/3/18-12:56:36,833,229,478,30.00,30.30,3.40,9.20
3/3/18-12:57:37,834,170,418,29.80,30.30,3.20,13.30
3/3/18-12:58:38,834,171,470,30.50,30.30,3.20,11.70
3/3/18-12:59:39,834,203,467,30.90,30.30,3.00,6.90
3/3/18-13:0:40,834,165,427,30.40,30.40,2.60,4.90
3/3/18-13:1:41,834,206,486,30.50,30.40,2.80,5.00
3/3/18-13:2:42,833,210,474,30.70,30.40,3.40,8.60
3/3/18-13:3:42,834,234,458,30.90,30.30,2.80,6.10
3/3/18-13:4:43,833,137,403,30.40,30.40,3.00,7.80
3/3/18-13:5:44,834,190,460,30.00,30.40,2.40,6.70
3/3/18-13:6:45,834,204,511,29.70,30.40,2.90,9.60
3/3/18-13:7:46,835,125,402,30.20,30.40,3.30,8.80
3/3/18-13:8:47,834,137,450,30.70,30.40,3.40,6.10
3/3/18-13:9:48,835,135,411,31.50,30.40,3.50,9.40
3/3/18-13:10:49,833,176,519,30.00,30.40,3.70,7.40
3/3/18-13:11:50,833,189,470,30.00,30.40,3.10,7.70
3/3/18-13:12:51,833,266,566,30.40,30.40,3.20,8.70
3/3/18-13:13:52,835,159,409,30.10,30.40,3.30,11.30
3/3/18-13:14:53,834,126,413,30.00,30.40,3.20,12.30
3/3/18-13:15:54,835,206,507,30.70,30.40,3.30,11.30
3/3/18-13:16:55,834,204,501,30.60,30.40,2.40,6.70
3/3/18-13:17:56,835,159,441,30.80,30.40,2.80,7.70
3/3/18-13:18:57,834,227,512,30.90,30.40,2.70,8.20
3/3/18-13:19:58,833,195,435,31.20,30.40,2.30,7.60
3/3/18-13:20:59,833,140,451,30.60,30.40,2.20,4.50
3/3/18-13:22:0,835,120,438,31.80,30.40,2.50,5.70
3/3/18-13:23:1,834,109,458,31.90,30.40,2.40,9.30
3/3/18-13:24:2,834,130,428,31.80,30.40,2.60,11.80
3/3/18-13:25:3,835,166,476,31.10,30.50,1.90,8.30
3/3/18-13:26:4,834,285,531,31.70,30.50,2.00,6.80
3/3/18-13:27:5,834,223,441,30.90,30.50,2.40,5.40
3/3/18-13:28:6,834,248,467,30.80,30.50,2.70,8.00
3/3/18-13:29:7,834,268,556,30.50,30.60,3.20,9.40
3/3/18-13:30:8,834,214,443,30.70,30.50,2.20,4.50
3/3/18-13:31:9,833,200,523,31.00,30.60,2.20,4.10
3/3/18-13:32:10,835,195,503,30.60,30.60,2.60,9.20
3/3/18-13:33:11,834,236,507,31.60,30.60,2.60,8.60
3/3/18-13:34:12,834,184,490,30.90,30.60,8.70,14.30
3/3/18-13:35:13,835,224,498,31.10,30.70,5.60,11.80
3/3/18-13:36:14,834,155,462,30.50,30.70,4.10,12.10
3/3/18-13:37:15,833,143,446,31.50,30.70,5.90,7.80
3/3/18-13:38:16,834,138,460,31.70,30.80,3.80,6.30
3/3/18-13:39:17,835,214,540,31.90,30.80,3.00,8.60
3/3/18-13:40:18,833,227,490,30.60,30.80,2.00,5.00
3/3/18-13:41:19,835,202,452,30.20,30.80,2.00,5.70
3/3/18-13:42:20,833,265,480,29.90,30.80,2.00,3.80
3/3/18-13:43:21,833,242,483,29.80,30.80,1.90,5.10
3/3/18-13:44:22,833,236,532,29.60,30.80,2.10,6.20
3/3/18-13:45:23,833,251,556,30.10,30.80,2.50,7.10
3/3/18-13:46:24,834,226,452,30.20,30.90,2.70,3.80
3/3/18-13:47:25,834,139,415,30.10,30.90,2.40,8.30
3/3/18-13:48:26,834,157,434,30.80,30.90,2.50,8.40
3/3/18-13:49:27,833,146,443,30.20,30.90,2.40,8.80
3/3/18-13:50:28,834,158,461,30.40,30.90,3.60,11.30
3/3/18-13:51:29,834,168,451,31.60,31.00,2.60,9.40
3/3/18-13:52:30,835,265,510,30.90,30.90,2.50,6.40
3/3/18-13:53:31,833,244,466,30.30,31.00,2.00,7.80
3/3/18-13:54:32,834,178,430,29.20,31.10,2.10,4.70
3/3/18-13:55:33,834,258,529,29.50,31.00,2.00,5.30
3/3/18-13:56:34,833,281,470,29.30,31.10,1.90,3.60
3/3/18-13:57:35,834,280,526,29.60,31.10,2.30,6.70
3/3/18-13:58:36,833,283,514,30.40,31.10,1.90,6.70
3/3/18-13:59:37,834,272,480,29.80,31.10,1.90,3.10
3/3/18-14:0:38,834,247,492,29.60,31.20,1.90,6.60
3/3/18-14:1:39,834,187,467,30.10,31.20,1.80,5.40
3/3/18-14:2:40,834,172,445,30.90,31.20,1.90,4.30
3/3/18-14:3:41,833,156,407,30.60,31.20,2.10,7.60
3/3/18-14:4:42,833,189,448,31.50,31.20,1.90,7.70
3/3/18-14:5:43,834,202,473,29.90,31.30,2.30,5.20
3/3/18-14:6:44,834,207,474,30.10,31.30,2.60,5.10
3/3/18-14:7:45,833,229,506,30.10,31.30,2.20,3.20
3/3/18-14:8:46,834,277,501,30.00,31.40,1.80,5.70
3/3/18-14:9:47,833,176,443,30.30,31.40,2.20,6.40
3/3/18-14:10:47,832,204,446,30.60,31.40,2.20,6.90
3/3/18-14:11:48,834,203,428,29.90,31.50,1.80,7.50
3/3/18-14:12:49,833,176,417,30.00,31.60,1.80,5.10
3/3/18-14:13:50,834,195,454,29.60,31.60,1.80,4.60
3/3/18-14:14:51,833,192,436,30.30,31.60,1.70,4.10
3/3/18-14:15:52,834,212,470,29.90,31.60,1.80,4.60
3/3/18-14:16:53,834,267,474,29.40,31.60,1.50,5.20
3/3/18-14:17:54,832,234,475,29.20,31.60,1.60,4.70
3/3/18-14:18:55,833,205,419,29.20,31.60,1.40,2.80
3/3/18-14:19:56,833,230,483,28.60,31.70,1.90,5.00
3/3/18-14:20:57,833,211,423,29.10,31.70,1.50,4.80
3/3/18-14:21:58,832,228,521,28.20,31.70,1.40,5.10
3/3/18-14:22:59,835,266,475,28.80,31.70,2.20,5.20
3/3/18-14:24:0,833,298,505,28.50,31.80,8.50,14.10
3/3/18-14:25:1,834,298,527,28.30,31.80,10.40,16.70
3/3/18-14:26:2,834,299,495,28.10,31.80,2.80,8.80
3/3/18-14:27:3,834,264,460,28.70,31.80,1.80,7.70
3/3/18-14:28:4,834,274,499,28.60,31.80,2.20,10.80
3/3/18-14:29:5,833,293,441,27.90,31.90,1.40,4.30
3/3/18-14:30:6,834,309,466,26.90,31.90,1.20,3.70
3/3/18-14:31:7,835,322,525,26.80,31.90,1.20,5.20
3/3/18-14:32:8,834,314,482,26.40,31.90,1.20,5.90
3/3/18-14:33:9,834,248,424,26.30,31.90,1.20,5.20
3/3/18-14:34:10,834,219,461,27.00,31.90,1.10,4.60
3/3/18-14:35:11,834,263,502,27.40,31.90,1.20,3.80
3/3/18-14:36:12,832,292,537,27.40,31.90,1.70,3.70
3/3/18-14:37:13,832,232,421,27.10,31.90,2.10,5.30
3/3/18-14:38:14,831,252,510,28.40,31.90,2.40,6.90
3/3/18-14:39:15,832,249,430,28.50,32.00,1.60,2.80
3/3/18-14:40:16,832,245,416,28.00,32.10,1.50,5.60
3/3/18-14:41:17,831,232,481,28.00,32.00,1.60,6.30
3/3/18-14:42:18,833,301,494,27.80,32.00,1.20,2.90
3/3/18-14:43:19,830,311,499,26.80,32.10,1.20,5.30
3/3/18-14:44:20,831,318,491,26.60,32.10,1.10,3.70
3/3/18-14:45:21,831,316,481,26.70,32.10,1.20,5.70
3/3/18-14:46:22,832,341,508,26.30,32.10,1.70,6.20
3/3/18-14:47:23,830,360,519,26.40,32.10,2.00,18.80
3/3/18-14:48:24,832,359,533,26.20,32.10,1.10,2.60
3/3/18-14:49:25,831,339,513,25.90,32.20,1.00,3.10
3/3/18-14:50:26,833,323,473,26.20,32.20,0.80,3.90
3/3/18-14:51:27,832,326,466,25.80,32.20,1.20,2.60
3/3/18-14:52:28,833,330,483,25.70,32.30,1.20,8.10
3/3/18-14:53:29,831,343,472,25.30,32.20,1.20,3.80
3/3/18-14:54:30,831,334,458,24.70,32.30,1.10,3.90
3/3/18-14:55:31,831,350,556,25.20,32.30,1.10,1.80
3/3/18-14:56:32,833,329,479,25.00,32.30,0.90,3.40
3/3/18-14:57:33,833,322,473,25.20,32.30,2.90,4.70
3/3/18-14:58:34,831,369,544,24.70,32.30,3.50,5.80
3/3/18-14:59:35,832,318,463,25.40,32.30,3.10,4.40
3/3/18-15:0:36,833,319,495,25.30,32.30,2.80,5.20
3/3/18-15:1:37,831,342,527,25.00,32.30,2.80,6.00
3/3/18-15:2:38,833,359,507,24.80,32.30,1.50,2.70
3/3/18-15:3:39,833,328,461,24.60,32.40,2.30,4.90
3/3/18-15:4:40,833,345,529,24.60,32.50,1.00,2.50
3/3/18-15:5:41,832,326,461,24.20,32.50,1.00,4.70
3/3/18-15:6:42,833,359,504,24.50,32.40,1.20,2.60
3/3/18-15:7:43,834,343,476,23.90,32.50,0.80,3.50
3/3/18-15:8:44,832,378,551,24.40,32.50,0.70,0.80
3/3/18-15:9:45,832,324,474,24.10,32.50,0.80,1.60
3/3/18-15:10:46,833,354,536,24.30,32.50,0.80,3.60
3/3/18-15:11:47,833,375,543,24.00,32.50,1.10,3.10
3/3/18-15:12:48,832,418,616,23.90,32.60,1.10,5.30
3/3/18-15:13:49,832,377,496,23.70,32.60,0.80,3.60
3/3/18-15:14:50,832,365,509,23.60,32.60,1.00,4.40
3/3/18-15:15:51,833,365,512,23.70,32.70,0.90,2.20
3/3/18-15:16:52,833,338,565,24.00,32.60,1.00,3.70
3/3/18-15:17:53,833,310,475,24.00,32.60,0.90,3.30
3/3/18-15:18:54,833,302,462,24.50,32.70,0.80,2.60
3/3/18-15:19:55,833,355,505,24.20,32.70,0.80,4.70
3/3/18-15:20:55,832,367,499,23.80,32.80,1.00,5.60
3/3/18-15:21:56,832,315,444,23.30,32.80,0.80,2.40
3/3/18-15:22:57,832,345,528,23.50,32.80,1.00,1.90
3/3/18-15:23:58,832,281,449,23.60,32.80,0.80,2.40
3/3/18-15:24:59,834,341,551,23.70,32.90,0.70,1.10
3/3/18-15:26:0,834,324,515,23.90,32.90,1.10,2.80
3/3/18-15:27:1,834,332,503,24.30,32.80,0.90,1.90
3/3/18-15:28:2,835,370,541,23.60,32.90,0.80,2.40
3/3/18-15:29:3,832,383,534,23.50,32.90,0.90,1.20
3/3/18-15:30:4,833,381,499,23.40,32.90,0.90,3.00
3/3/18-15:31:5,832,382,512,23.20,33.00,1.30,2.70
3/3/18-15:32:6,833,368,490,23.20,33.00,1.00,1.10
3/3/18-15:33:7,833,357,540,22.90,33.00,0.80,2.70
3/3/18-15:34:8,832,364,511,23.40,33.00,0.80,2.10
3/3/18-15:35:9,832,358,507,23.80,33.00,0.70,3.40
3/3/18-15:36:10,833,355,498,23.70,33.00,0.80,3.70
3/3/18-15:37:11,832,346,512,24.10,33.00,0.70,0.70
3/3/18-15:38:12,832,314,445,24.30,33.00,0.80,1.30
3/3/18-15:39:13,833,323,471,24.80,33.00,0.80,0.80
3/3/18-15:40:14,833,274,472,23.70,33.00,0.80,1.40
3/3/18-15:41:15,832,309,489,24.00,33.00,0.70,1.00
3/3/18-15:42:16,834,376,545,24.00,33.00,0.90,5.70
3/3/18-15:43:17,834,349,456,23.80,33.10,0.60,0.60
3/3/18-15:44:18,834,314,435,24.10,33.10,0.60,2.90
3/3/18-15:45:19,834,316,541,23.70,33.10,1.00,4.40
3/3/18-15:46:20,833,307,433,24.00,33.10,1.10,3.50
3/3/18-15:47:21,833,309,519,24.10,33.10,1.10,3.40
3/3/18-15:48:22,834,326,498,24.00,33.20,1.20,2.60
3/3/18-15:49:23,833,358,493,24.20,33.10,1.50,2.80
3/3/18-15:50:24,834,357,500,23.60,33.20,0.90,2.50
3/3/18-15:51:25,833,377,525,23.90,33.30,0.70,2.30
3/3/18-15:52:26,833,366,513,24.10,33.30,1.10,3.50
3/3/18-15:53:27,834,372,493,23.40,33.30,0.90,2.30
3/3/18-15:54:28,832,342,451,23.40,33.30,0.80,2.50
3/3/18-15:55:29,833,359,488,23.70,33.30,0.70,1.40
3/3/18-15:56:30,833,329,495,22.70,33.30,0.80,1.90
3/3/18-15:57:31,834,374,535,23.50,33.30,1.00,3.10
3/3/18-15:58:32,834,350,502,23.70,33.30,0.80,1.20
3/3/18-15:59:33,833,375,560,24.00,33.30,0.90,2.20
3/3/18-16:0:34,834,354,463,23.50,33.30,0.70,1.40
3/3/18-16:1:35,834,288,430,23.30,33.40,0.90,5.80
3/3/18-16:2:36,834,295,523,23.00,33.40,0.60,1.50
3/3/18-16:3:37,832,371,556,23.10,33.30,0.70,1.10
3/3/18-16:4:38,834,379,525,23.20,33.30,1.10,3.60
3/3/18-16:5:39,832,360,464,23.10,33.30,0.90,3.30
3/3/18-16:6:40,834,352,489,23.60,33.40,0.90,3.00
3/3/18-16:7:41,834,335,505,23.40,33.40,1.10,5.70
3/3/18-16:8:42,834,375,533,22.90,33.50,0.70,3.50
3/3/18-16:9:43,834,370,511,22.90,33.40,0.90,2.50
3/3/18-16:10:44,832,350,506,22.10,33.50,0.80,5.00
3/3/18-16:11:45,833,379,557,22.00,33.50,0.70,0.70
3/3/18-16:12:46,832,350,500,22.30,33.50,0.70,0.90
3/3/18-16:13:47,833,353,484,22.80,33.40,0.80,2.60
3/3/18-16:14:48,834,358,508,22.40,33.50,0.80,1.50
3/3/18-16:15:49,833,293,444,22.30,33.50,0.60,1.40
3/3/18-16:16:50,833,350,514,23.00,33.50,0.80,0.80
3/3/18-16:17:51,833,384,540,22.90,33.50,0.80,1.70
3/3/18-16:18:52,833,372,515,22.20,33.50,0.70,1.00
3/3/18-16:19:53,834,376,496,22.90,33.50,0.70,1.40
3/3/18-16:20:54,833,365,506,22.70,33.50,0.70,1.70
3/3/18-16:21:55,834,391,534,23.30,33.50,0.70,1.10
3/3/18-16:22:56,834,357,467,22.60,33.60,0.90,5.60
3/3/18-16:23:57,834,376,524,22.30,33.60,0.70,0.80
3/3/18-16:24:58,833,388,521,22.60,33.60,0.90,3.70
3/3/18-16:25:59,834,392,512,22.60,33.60,0.70,4.40
3/3/18-16:27:0,834,389,546,22.70,33.60,1.00,3.60
3/3/18-16:28:1,835,362,483,22.10,33.60,0.80,2.80
3/3/18-16:29:2,833,349,528,22.00,33.60,0.90,1.90
3/3/18-16:30:3,834,369,496,22.40,33.60,0.90,3.30
3/3/18-16:31:4,833,340,476,22.20,33.60,0.70,1.20
3/3/18-16:32:5,835,350,506,22.40,33.60,0.60,0.60
3/3/18-16:33:6,834,363,501,22.60,33.60,0.80,2.10
3/3/18-16:34:7,833,403,590,22.50,33.60,0.70,1.00
3/3/18-16:35:8,833,395,519,22.50,33.60,0.80,2.00
3/3/18-16:36:8,833,383,510,22.50,33.70,1.00,2.50
3/3/18-16:37:9,835,388,518,22.20,33.60,0.80,2.80
3/3/18-16:38:10,834,404,564,21.90,33.60,0.90,2.00
3/3/18-16:39:11,834,389,496,22.10,33.70,1.10,3.10
3/3/18-16:40:12,833,405,565,21.80,33.70,0.80,0.90
3/3/18-16:41:13,835,380,505,21.80,33.70,0.90,3.70
3/3/18-16:42:14,835,344,489,21.90,33.70,0.80,2.50
3/3/18-16:43:15,834,377,528,22.60,33.80,1.00,5.40
3/3/18-16:44:16,834,356,498,22.40,33.70,1.20,2.70
3/3/18-16:45:17,834,372,506,21.80,33.70,1.00,2.80
3/3/18-16:46:18,834,339,458,22.00,33.80,1.10,2.30
3/3/18-16:47:19,833,363,506,22.00,33.80,1.20,2.60
3/3/18-16:48:20,833,328,459,22.30,33.80,3.10,7.40
3/3/18-16:49:21,833,390,551,22.40,33.80,1.90,4.40
3/3/18-16:50:22,834,343,459,21.90,33.80,0.70,2.70
3/3/18-16:51:23,834,372,538,22.20,33.80,0.70,1.30
3/3/18-16:52:24,836,361,483,22.00,33.80,1.00,3.80
3/3/18-16:53:25,834,340,442,21.50,33.90,1.20,4.20
3/3/18-16:54:26,834,376,546,21.70,33.90,0.90,2.10
3/3/18-16:55:27,834,371,500,21.90,33.90,0.80,1.70
3/3/18-16:56:28,834,384,503,21.70,33.90,1.00,3.30
3/3/18-16:57:29,834,363,494,21.80,33.90,0.90,2.10
3/3/18-16:58:30,833,321,499,21.70,33.90,1.10,3.30
3/3/18-16:59:31,835,351,501,22.10,33.80,0.80,3.80
3/3/18-17:0:32,834,350,476,21.90,33.80,0.90,2.10
3/3/18-17:1:33,834,361,492,21.70,33.80,1.00,2.20
3/3/18-17:2:34,833,350,512,21.00,33.80,0.90,3.30
3/3/18-17:3:35,834,345,467,21.50,33.80,1.00,3.60
3/3/18-17:4:36,834,365,507,21.20,33.80,1.20,2.50
3/3/18-17:5:37,834,362,477,21.20,33.80,0.80,2.50
3/3/18-17:6:38,835,382,508,21.90,33.80,0.80,3.20
3/3/18-17:7:39,834,342,459,21.40,33.80,0.90,2.80
3/3/18-17:8:40,834,312,494,21.90,33.80,0.70,2.00
3/3/18-17:9:41,835,268,453,23.00,33.80,1.00,3.50
3/3/18-17:10:42,835,381,566,22.60,33.80,1.50,9.90
3/3/18-17:11:43,835,389,532,21.90,33.80,0.80,1.30
3/3/18-17:12:44,835,392,529,21.70,33.80,0.90,1.80
3/3/18-17:13:45,835,365,526,21.70,33.90,1.00,1.30
3/3/18-17:14:46,834,289,437,21.70,33.90,1.00,4.10
3/3/18-17:15:47,835,354,532,21.90,33.90,0.90,2.50
3/3/18-17:16:48,834,353,484,21.30,33.90,1.00,1.60
3/3/18-17:17:49,834,340,486,21.50,34.00,1.00,1.70
3/3/18-17:18:50,835,317,460,21.80,34.00,0.70,1.30
3/3/18-17:19:51,834,352,504,21.70,33.90,0.80,0.80
3/3/18-17:20:52,835,361,530,21.50,33.90,0.90,2.10
3/3/18-17:21:53,834,390,543,21.30,33.90,1.00,1.90
3/3/18-17:22:54,835,386,502,21.00,33.90,0.80,1.60
3/3/18-17:23:55,835,336,513,21.20,33.90,1.00,2.60
3/3/18-17:24:56,835,309,432,21.60,33.90,0.90,3.60
3/3/18-17:25:57,837,385,517,21.50,33.90,0.90,1.50
3/3/18-17:26:58,835,371,515,21.50,34.00,0.80,4.80
3/3/18-17:27:59,835,376,516,21.30,34.00,0.80,1.40
3/3/18-17:29:0,835,321,451,21.50,34.00,0.90,3.30
3/3/18-17:30:1,833,376,543,22.10,34.00,0.90,4.90
3/3/18-17:31:2,834,347,508,21.40,34.10,0.90,6.00
3/3/18-17:32:3,834,357,543,21.50,34.20,1.00,1.60
3/3/18-17:33:4,834,376,555,21.60,34.10,0.90,4.50
3/3/18-17:34:5,834,353,492,21.50,34.20,1.00,2.50
3/3/18-17:35:6,836,389,547,21.40,34.20,1.10,3.20
3/3/18-17:36:7,833,388,507,21.40,34.20,0.90,1.00
3/3/18-17:37:8,834,378,512,21.30,34.30,1.00,2.90
3/3/18-17:38:9,833,393,519,21.00,34.30,1.10,2.30
3/3/18-17:39:10,833,389,527,21.10,34.30,0.90,2.90
3/3/18-17:40:11,833,386,532,21.30,34.30,0.50,0.50
3/3/18-17:41:12,835,382,532,20.90,34.40,1.10,2.70
3/3/18-17:42:13,834,412,583,21.00,34.40,0.90,1.20
3/3/18-17:43:14,834,396,579,21.00,34.40,0.70,1.60
3/3/18-17:44:15,834,402,595,21.40,34.40,1.00,2.50
3/3/18-17:45:16,835,346,478,21.40,34.50,0.80,2.60
3/3/18-17:46:17,835,376,506,21.50,34.60,0.90,1.70
3/3/18-17:47:18,834,355,505,21.30,34.70,0.70,2.80
3/3/18-17:48:19,834,331,475,21.50,34.80,0.90,1.10
3/3/18-17:49:20,834,369,508,20.90,34.80,1.10,2.80
3/3/18-17:50:21,833,373,488,20.80,34.80,1.00,2.10
3/3/18-17:51:22,834,350,488,20.90,34.90,0.70,1.10
3/3/18-17:52:23,834,312,467,21.00,34.90,1.00,1.80
3/3/18-17:53:24,835,306,504,21.30,34.90,1.30,2.60
3/3/18-17:54:24,833,388,591,21.80,35.00,0.80,0.80
3/3/18-17:55:25,835,365,497,21.10,35.00,1.10,2.90
3/3/18-17:56:26,835,402,574,21.30,35.10,1.20,1.90
3/3/18-17:57:27,833,377,482,20.70,35.20,0.80,0.80
3/3/18-17:58:28,834,359,518,20.70,35.20,0.80,3.20
3/3/18-17:59:29,835,300,475,20.60,35.30,1.00,4.40
3/3/18-18:0:30,834,353,494,20.90,35.30,0.80,2.20
3/3/18-18:1:31,834,389,532,20.60,35.50,0.90,1.30
3/3/18-18:2:32,833,404,545,20.10,35.60,0.70,3.30
3/3/18-18:3:33,833,375,516,20.10,35.60,0.80,3.00
3/3/18-18:4:34,834,380,509,20.20,35.50,0.70,0.90
3/3/18-18:5:35,834,396,528,19.80,35.60,0.90,1.80
3/3/18-18:6:36,833,379,493,19.70,35.70,0.70,1.40
3/3/18-18:7:37,834,351,473,19.60,35.70,0.70,1.80
3/3/18-18:8:38,834,381,543,19.90,35.60,0.90,2.60
3/3/18-18:9:39,834,388,495,20.10,35.60,0.80,1.90
3/3/18-18:10:40,834,340,483,19.80,35.70,0.90,1.90
3/3/18-18:11:41,834,374,536,20.40,35.70,0.80,3.10
3/3/18-18:12:42,833,370,521,20.20,35.70,1.00,2.90
3/3/18-18:13:43,835,375,489,20.00,35.70,0.80,0.80
3/3/18-18:14:44,834,361,504,19.60,35.70,0.80,2.70
3/3/18-18:15:45,834,374,564,19.90,35.70,0.80,2.10
3/3/18-18:16:46,836,372,475,20.10,35.70,1.00,4.70
3/3/18-18:17:47,834,347,474,20.20,35.60,0.70,2.90
3/3/18-18:18:48,833,387,526,19.40,35.60,0.70,3.50
3/3/18-18:19:49,835,389,523,19.70,35.60,0.90,3.60
3/3/18-18:20:50,834,404,536,19.50,35.60,0.80,2.90
3/3/18-18:21:51,833,397,497,20.00,35.50,0.90,4.90
3/3/18-18:22:52,835,384,508,20.00,35.50,0.80,2.10
3/3/18-18:23:53,833,383,520,19.70,35.40,0.90,3.90
3/3/18-18:24:54,834,357,479,19.70,35.40,1.00,2.80
3/3/18-18:25:55,835,352,483,20.20,35.30,0.90,1.50
3/3/18-18:26:56,834,339,495,19.70,35.30,0.90,1.40
3/3/18-18:27:57,834,351,469,20.20,35.30,1.00,2.20
3/3/18-18:28:58,834,378,520,20.80,35.10,0.80,2.80
3/3/18-18:29:59,835,397,542,20.30,35.10,0.90,2.10
3/3/18-18:31:0,835,399,522,20.40,35.10,0.90,5.60
3/3/18-18:32:1,834,387,515,20.50,35.10,1.00,2.00
3/3/18-18:33:2,835,362,488,20.60,35.00,0.80,2.20
3/3/18-18:34:3,834,363,497,21.00,35.00,0.80,1.40
3/3/18-18:35:4,835,365,496,20.30,34.90,1.00,3.30
3/3/18-18:36:5,835,357,479,19.90,34.90,1.20,3.00
3/3/18-18:37:6,834,369,469,20.50,35.00,1.00,1.50
3/3/18-18:38:7,835,359,475,20.20,35.00,0.80,1.20
3/3/18-18:39:8,842,377,507,20.00,34.90,1.00,2.70
3/3/18-18:40:9,841,342,466,19.90,34.90,0.90,2.70
3/3/18-18:41:10,841,347,524,20.20,34.90,0.90,1.70
3/3/18-18:42:11,841,349,480,20.80,34.80,0.90,4.90
3/3/18-18:43:12,842,356,500,20.70,34.80,0.80,1.90
3/3/18-18:44:13,843,365,475,20.70,34.80,1.00,2.30
3/3/18-18:45:14,840,379,507,20.30,34.80,0.70,5.30
3/3/18-18:46:15,842,352,464,20.40,34.80,0.90,5.10
3/3/18-18:47:16,840,357,504,20.60,34.80,0.90,2.10
3/3/18-18:48:17,841,366,501,20.40,34.80,1.10,5.30
3/3/18-18:49:18,842,330,478,20.60,34.80,0.90,1.10
3/3/18-18:50:19,841,348,488,20.50,34.80,1.00,1.50
3/3/18-18:51:20,842,368,513,20.50,34.80,0.90,3.80
3/3/18-18:52:21,840,388,495,20.40,34.80,1.30,4.60
3/3/18-18:53:22,842,380,503,20.20,34.90,1.20,3.60
3/3/18-18:54:23,841,370,508,20.30,34.90,1.00,2.50
3/3/18-18:55:24,842,375,508,20.60,35.00,1.30,5.40
3/3/18-18:56:25,842,386,540,20.30,35.00,1.20,1.70
3/3/18-18:57:26,842,387,561,20.40,35.00,1.10,5.30
3/3/18-18:58:27,842,386,551,20.40,35.00,0.90,5.00
3/3/18-18:59:28,841,385,550,20.60,35.00,1.40,2.40
3/3/18-19:0:29,841,391,548,20.70,35.00,1.40,5.20
3/3/18-19:1:30,842,392,526,20.50,35.00,1.30,3.10
3/3/18-19:2:31,842,363,486,20.60,35.00,1.20,3.10
3/3/18-19:3:32,842,368,538,20.80,35.00,1.20,2.20
3/3/18-19:4:33,842,372,552,20.70,35.00,1.10,3.30
3/3/18-19:5:34,840,383,481,20.90,35.00,1.10,1.90
3/3/18-19:6:35,842,378,491,20.30,35.00,1.60,2.70
3/3/18-19:7:36,841,362,482,20.30,35.00,1.50,2.80
3/3/18-19:8:37,842,366,487,20.60,34.90,1.40,4.20
3/3/18-19:9:38,842,323,462,20.30,34.90,1.30,2.00
3/3/18-19:10:39,842,348,484,20.40,34.90,1.20,4.80
3/3/18-19:11:40,842,317,455,20.60,34.90,1.10,2.80
3/3/18-19:12:41,842,334,468,20.60,34.80,1.20,3.90
3/3/18-19:13:42,842,304,455,20.50,34.70,1.20,2.60
3/3/18-19:14:43,844,318,474,20.60,34.60,1.20,4.10
3/3/18-19:15:44,841,354,475,20.60,34.40,1.00,4.00
3/3/18-19:16:44,843,346,492,20.90,34.40,1.30,4.10
3/3/18-19:17:45,843,359,472,21.20,34.20,1.50,7.30
3/3/18-19:18:46,842,342,474,21.00,34.20,1.10,4.20
3/3/18-19:19:47,841,366,503,21.90,34.10,1.50,6.60
3/3/18-19:20:48,842,360,483,21.30,34.00,1.20,1.60
3/3/18-19:21:49,842,379,516,21.40,34.00,1.00,4.80
3/3/18-19:22:50,843,374,488,20.80,33.80,1.20,4.30
3/3/18-19:23:51,843,363,520,20.70,33.80,1.00,1.70
3/3/18-19:24:52,842,343,489,21.50,33.70,1.20,3.90
3/3/18-19:25:53,842,345,474,21.90,33.70,1.20,4.60
3/3/18-19:26:54,841,360,514,22.30,33.60,1.50,3.50
3/3/18-19:27:55,842,378,504,22.20,33.50,1.10,4.40
3/3/18-19:28:56,843,350,467,22.00,33.50,1.20,2.80
3/3/18-19:29:57,842,383,509,22.30,33.40,29.70,45.80
3/3/18-19:30:58,841,394,521,22.10,33.40,11.30,21.00
3/3/18-19:31:59,843,403,522,21.90,33.40,5.50,11.20
3/3/18-19:33:0,841,381,515,22.40,33.30,22.80,38.60
3/3/18-19:34:1,842,379,506,22.80,33.20,35.40,49.60
3/3/18-19:35:2,842,368,503,23.30,33.10,29.60,47.70
3/3/18-19:36:3,841,376,504,23.30,33.10,15.10,35.00
3/3/18-19:37:4,844,359,488,23.90,33.10,15.70,33.60
3/3/18-19:38:5,841,364,493,23.80,33.00,19.40,23.50
3/3/18-19:39:6,843,360,484,23.20,32.90,21.90,24.40
3/3/18-19:40:7,843,382,514,22.80,32.90,17.50,19.50
3/3/18-19:41:8,843,389,517,23.30,32.80,47.10,51.60
3/3/18-19:42:9,842,394,505,23.80,32.80,60.50,66.90
3/3/18-19:43:10,841,417,541,23.50,32.80,144.10,158.70
3/3/18-19:44:11,843,430,542,24.20,32.80,144.60,159.50
3/3/18-19:45:12,843,411,493,24.80,32.70,218.10,239.60
3/3/18-19:46:13,842,404,496,24.40,32.60,100.20,110.30
3/3/18-19:47:14,842,385,497,23.80,32.60,16.60,18.80
3/3/18-19:48:15,843,352,454,23.80,32.60,16.80,21.30
3/3/18-19:49:16,843,367,493,24.10,32.50,9.90,13.30
3/3/18-19:50:17,844,387,520,24.80,32.50,10.90,12.30
3/3/18-19:51:18,843,372,492,24.60,32.40,7.60,12.40
3/3/18-19:52:19,843,356,471,24.90,32.40,6.20,7.80
3/3/18-19:53:20,843,358,470,24.60,32.40,4.50,8.10
3/3/18-19:54:21,843,352,470,24.90,32.40,3.90,5.80
3/3/18-19:55:22,843,345,465,24.70,32.30,2.80,4.10
3/3/18-19:56:23,841,347,464,25.20,32.30,3.20,5.70
3/3/18-19:57:24,841,346,460,24.70,32.30,2.30,5.40
3/3/18-19:58:25,842,352,456,25.50,32.20,2.50,7.70
3/3/18-19:59:26,843,351,458,25.90,32.20,3.40,7.90
3/3/18-20:0:27,843,383,490,26.10,32.20,3.60,8.40
3/3/18-20:1:28,843,392,486,26.00,32.10,4.10,12.10
3/3/18-20:2:29,842,394,479,27.50,32.10,4.40,9.30
3/3/18-20:3:30,842,399,476,26.00,32.10,4.70,5.80
3/3/18-20:4:31,841,419,484,27.30,32.00,4.40,5.60
3/3/18-20:5:32,843,416,482,27.20,31.90,4.40,6.80
3/3/18-20:6:33,843,413,477,27.50,31.90,3.60,8.80
3/3/18-20:7:34,843,403,468,26.70,31.90,3.10,6.10
3/3/18-20:8:35,843,388,461,26.20,31.80,3.50,9.50
3/3/18-20:9:36,843,382,456,26.20,31.80,2.70,4.70
3/3/18-20:10:37,842,376,450,27.80,31.70,2.20,5.30
3/3/18-20:11:38,843,363,440,27.90,31.70,2.90,10.50
3/3/18-20:12:39,842,383,470,28.00,31.60,2.90,7.00
3/3/18-20:13:40,844,380,462,27.90,31.60,2.60,5.90
3/3/18-20:14:41,842,384,456,27.20,31.50,3.00,6.80
3/3/18-20:15:42,842,391,480,28.20,31.50,2.60,6.40
3/3/18-20:16:43,843,372,456,27.10,31.40,3.10,7.30
3/3/18-20:17:44,843,371,459,27.40,31.30,2.50,9.40
3/3/18-20:18:45,842,372,455,28.80,31.30,2.60,6.00
3/3/18-20:19:46,843,377,468,28.80,31.20,2.30,10.20
3/3/18-20:20:47,842,381,464,27.70,31.10,2.70,6.80
3/3/18-20:21:48,843,377,455,29.70,31.10,2.70,6.60
3/3/18-20:22:49,843,365,444,30.40,31.00,2.40,8.10
3/3/18-20:23:50,843,379,470,30.00,30.90,2.60,11.00
3/3/18-20:24:51,842,360,441,30.20,30.90,2.90,9.70
3/3/18-20:25:52,843,359,445,30.50,30.90,2.90,19.50
3/3/18-20:26:53,843,354,446,30.40,30.80,3.50,23.80
3/3/18-20:27:53,843,365,454,30.80,30.70,3.70,30.20
3/3/18-20:28:54,843,364,453,31.60,30.70,9.20,107.70
3/3/18-20:29:55,843,368,454,31.30,30.60,11.60,59.20
3/3/18-20:30:56,843,364,453,31.20,30.60,12.80,26.80
3/3/18-20:31:57,842,353,439,31.10,30.60,5.90,13.40
3/3/18-20:32:58,844,342,436,32.20,30.60,5.60,12.80
3/3/18-20:33:59,843,343,436,31.50,30.40,3.10,9.40
3/3/18-20:35:0,842,349,445,31.80,30.40,3.60,14.60
3/3/18-20:36:1,843,350,449,31.80,30.40,3.30,7.60
3/3/18-20:37:2,842,343,439,31.60,30.40,4.60,14.60
3/3/18-20:38:3,843,353,453,32.70,30.30,6.50,16.10
3/3/18-20:39:4,843,355,455,32.70,30.30,11.50,21.60
3/3/18-20:40:5,843,361,455,32.20,30.20,18.90,38.20
3/3/18-20:41:6,842,363,451,33.40,30.20,18.20,44.10
3/3/18-20:42:7,844,351,445,33.50,30.10,16.60,43.30
3/3/18-20:43:8,842,348,448,33.90,30.10,15.20,40.60
3/3/18-20:44:9,842,363,474,33.20,30.00,16.00,56.80
3/3/18-20:45:10,844,373,484,33.90,30.00,18.90,52.10
3/3/18-20:46:11,844,362,477,34.30,30.00,16.80,63.60
3/3/18-20:47:12,844,365,473,32.40,29.80,10.00,27.20
3/3/18-20:48:13,844,361,471,34.80,29.80,9.70,32.60
3/3/18-20:49:14,842,368,483,34.50,29.80,9.00,20.90
3/3/18-20:50:15,842,367,480,33.40,29.70,8.50,23.50
3/3/18-20:51:16,843,358,461,35.20,29.70,8.40,25.20
3/3/18-20:52:17,842,352,454,36.00,29.60,8.50,31.70
3/3/18-20:53:18,842,357,461,36.00,29.60,8.40,22.00
3/3/18-20:54:19,843,356,463,35.40,29.60,8.40,22.30
3/3/18-20:55:20,844,353,462,34.70,29.60,9.50,19.20
3/3/18-20:56:21,842,355,467,35.40,29.60,9.00,18.70
3/3/18-20:57:22,843,345,452,34.70,29.50,8.50,14.10
3/3/18-20:58:23,842,348,457,35.00,29.40,8.50,20.50
3/3/18-20:59:24,844,349,452,35.00,29.40,8.30,18.10
3/3/18-21:0:25,842,352,475,36.60,29.30,8.50,18.50
3/3/18-21:1:26,842,356,465,35.20,29.30,9.50,16.50
3/3/18-21:2:27,843,376,479,35.70,29.30,9.30,15.00
3/3/18-21:3:28,842,366,475,36.10,29.20,9.70,16.60
3/3/18-21:4:29,843,361,478,36.50,29.30,9.80,16.20
3/3/18-21:5:30,842,368,468,35.20,29.20,9.90,18.40
3/3/18-21:6:31,844,381,481,36.30,29.20,10.70,19.70
3/3/18-21:7:32,844,381,473,36.10,29.20,10.30,19.30
3/3/18-21:8:33,844,373,473,37.20,29.20,9.70,17.20
3/3/18-21:9:34,843,382,476,36.80,29.10,11.00,21.70
3/3/18-21:10:35,843,384,476,36.60,29.10,10.20,20.50
3/3/18-21:11:36,842,384,478,36.60,29.10,9.00,21.40
3/3/18-21:12:37,844,379,474,37.50,29.00,9.70,18.90
3/3/18-21:13:38,844,389,482,36.30,29.00,9.30,19.30
3/3/18-21:14:39,843,384,481,36.90,29.00,8.70,15.40
3/3/18-21:15:40,845,389,489,36.60,29.00,8.50,15.70
3/3/18-21:16:41,844,383,474,36.80,29.00,8.50,19.50
3/3/18-21:17:42,843,382,481,36.70,29.00,7.80,12.60
3/3/18-21:18:43,844,382,478,35.80,28.90,8.40,13.30
3/3/18-21:19:44,842,387,476,35.90,28.90,7.70,16.60
3/3/18-21:20:45,844,390,485,36.50,28.90,8.50,17.50
3/3/18-21:21:46,843,387,481,36.70,28.80,9.20,19.30
3/3/18-21:22:47,844,387,483,36.50,28.80,8.70,16.50
3/3/18-21:23:48,843,386,479,35.80,28.80,9.40,17.80
3/3/18-21:24:49,843,383,484,36.30,28.80,8.40,18.00
3/3/18-21:25:50,843,392,492,36.00,28.80,8.90,17.80
3/3/18-21:26:51,843,400,488,36.80,28.80,8.50,14.60
3/3/18-21:27:52,844,401,495,37.70,28.80,8.60,19.60
3/3/18-21:28:53,844,399,490,36.80,28.70,8.20,14.50
3/3/18-21:29:53,843,395,485,37.30,28.70,7.80,17.00
3/3/18-21:30:54,843,387,480,37.00,28.70,7.90,16.30
3/3/18-21:31:55,843,387,476,37.40,28.70,7.50,12.90
3/3/18-21:32:56,844,380,476,37.80,28.70,8.20,19.80
3/3/18-21:33:57,843,377,475,36.90,28.60,7.30,17.10
3/3/18-21:34:58,844,367,467,36.90,28.60,7.30,13.70
3/3/18-21:35:59,843,365,463,36.30,28.60,6.30,13.80
3/3/18-21:37:0,844,368,475,36.60,28.60,7.30,17.70
3/3/18-21:38:1,843,374,473,36.90,28.60,8.60,25.30
3/3/18-21:39:2,844,370,472,37.10,28.60,7.20,14.80
3/3/18-21:40:3,844,380,481,37.10,28.60,9.20,23.60
3/3/18-21:41:4,843,385,480,37.00,28.50,10.10,20.60
3/3/18-21:42:5,843,392,479,37.00,28.50,10.10,26.30
3/3/18-21:43:6,844,389,483,37.40,28.50,12.40,23.90
3/3/18-21:44:7,843,395,485,37.40,28.50,11.50,21.10
3/3/18-21:45:8,844,391,479,37.80,28.50,12.50,22.30
3/3/18-21:46:9,843,388,480,38.00,28.40,11.90,24.30
3/3/18-21:47:10,844,382,475,37.60,28.40,10.10,17.40
3/3/18-21:48:11,842,383,481,37.90,28.40,10.20,22.40
3/3/18-21:49:12,844,387,483,37.60,28.40,8.60,18.80
3/3/18-21:50:13,844,383,475,38.00,28.40,9.00,21.10
3/3/18-21:51:14,843,377,469,38.20,28.40,8.90,24.30
3/3/18-21:52:15,844,377,469,38.70,28.30,7.70,15.50
3/3/18-21:53:16,844,383,480,39.20,28.30,8.50,22.30
3/3/18-21:54:17,843,385,472,38.80,28.30,9.80,26.90
3/3/18-21:55:18,844,386,476,39.80,28.30,9.00,19.90
3/3/18-21:56:19,843,394,488,38.80,28.30,9.80,17.30
3/3/18-21:57:20,844,389,482,38.90,28.30,9.50,24.30
3/3/18-21:58:21,842,388,484,39.10,28.20,9.10,18.20
3/3/18-21:59:22,843,397,489,38.50,28.20,9.60,17.70
3/3/18-22:0:23,844,389,481,39.90,28.20,8.20,21.40
3/3/18-22:1:24,843,388,484,39.60,28.20,10.50,20.10
3/3/18-22:2:25,844,396,490,40.20,28.20,10.90,33.00
3/3/18-22:3:26,844,401,503,40.10,28.10,11.00,26.40
3/3/18-22:4:27,844,399,491,40.70,28.10,10.50,28.20
3/3/18-22:5:28,844,404,498,40.80,28.10,11.10,25.70
3/3/18-22:6:29,844,410,500,41.40,28.10,11.40,23.80
3/3/18-22:7:30,844,415,515,41.10,28.10,11.50,27.70
3/3/18-22:8:31,843,422,513,40.20,28.10,15.90,32.70
3/3/18-22:9:32,844,417,514,39.50,28.00,15.80,34.20
3/3/18-22:10:33,844,420,516,40.60,28.00,17.10,29.20
3/3/18-22:11:34,844,425,511,40.10,28.00,17.60,41.20
3/3/18-22:12:35,843,433,518,41.10,27.90,18.20,38.60
3/3/18-22:13:36,844,431,507,42.10,28.00,19.50,39.90
3/3/18-22:14:37,844,432,510,43.70,28.00,18.10,34.10
3/3/18-22:15:38,844,431,507,41.30,27.90,18.90,41.00
3/3/18-22:16:39,843,435,507,41.50,27.90,19.30,37.50
3/3/18-22:17:40,844,435,525,42.10,27.90,19.90,37.00
3/3/18-22:18:41,844,439,532,41.10,27.90,19.30,40.60
3/3/18-22:19:42,843,432,506,42.40,28.00,20.80,33.50
3/3/18-22:20:43,843,429,504,41.50,27.90,19.20,33.70
3/3/18-22:21:44,846,428,507,41.90,27.90,18.60,30.20
3/3/18-22:22:45,843,426,500,40.70,27.90,19.20,33.40
3/3/18-22:23:46,844,423,500,40.50,27.90,19.50,32.10
3/3/18-22:24:47,843,432,504,40.70,27.90,19.30,41.80
3/3/18-22:25:48,842,430,505,40.10,27.90,19.20,33.20
3/3/18-22:26:49,844,425,496,41.30,27.90,18.60,34.60
3/3/18-22:27:50,843,422,500,41.50,27.80,17.60,33.50
3/3/18-22:28:50,843,429,499,41.10,27.80,18.40,41.10
3/3/18-22:29:51,844,429,512,42.30,27.80,17.00,34.60
3/3/18-22:30:52,844,427,505,41.60,27.70,17.00,30.10
3/3/18-22:31:53,844,430,504,41.60,27.70,16.30,29.40
3/3/18-22:32:54,843,433,515,42.60,27.70,15.40,29.80
3/3/18-22:33:55,844,413,486,41.30,27.70,16.90,28.90
3/3/18-22:34:56,844,411,485,40.50,27.70,18.50,36.80
3/3/18-22:35:57,844,403,482,41.10,27.60,18.00,29.50
3/3/18-22:36:58,843,405,520,39.50,27.60,17.80,27.30
3/3/18-22:37:59,844,413,505,38.70,27.60,15.00,25.80
3/3/18-22:39:0,842,385,476,37.90,27.60,13.50,23.80
3/3/18-22:40:1,844,381,464,36.80,27.60,14.80,22.20
3/3/18-22:41:2,843,409,516,37.30,27.60,17.40,28.10
3/3/18-22:42:3,843,402,484,36.90,27.60,19.50,27.20
3/3/18-22:43:4,844,396,476,37.70,27.60,19.20,25.10
3/3/18-22:44:5,844,405,497,38.40,27.60,18.30,28.00
3/3/18-22:45:6,844,407,511,37.80,27.70,16.20,22.40
3/3/18-22:46:7,845,401,477,38.70,27.70,14.00,21.10
3/3/18-22:47:8,844,398,492,39.10,27.70,15.40,25.00
3/3/18-22:48:9,843,392,478,38.40,27.70,15.10,24.50
3/3/18-22:49:10,844,397,487,38.20,27.70,14.40,24.20
3/3/18-22:50:11,844,391,473,37.80,27.70,18.60,29.10
3/3/18-22:51:12,843,382,472,37.40,27.70,18.30,32.50
3/3/18-22:52:13,844,380,465,37.80,27.80,16.30,25.30
3/3/18-22:53:14,843,387,492,37.70,27.70,15.00,23.40
3/3/18-22:54:15,842,382,462,36.80,27.80,14.90,23.70
3/3/18-22:55:16,844,384,465,37.60,27.80,13.40,26.70
3/3/18-22:56:17,842,370,449,37.60,27.80,9.70,15.40
3/3/18-22:57:18,843,384,472,37.60,27.80,9.00,15.60
3/3/18-22:58:19,844,365,440,36.60,27.90,7.60,13.50
3/3/18-22:59:20,842,354,441,37.60,27.90,6.30,12.80
3/3/18-23:0:21,842,382,470,37.40,27.90,6.60,11.80
3/3/18-23:1:22,844,361,451,36.30,27.90,5.80,8.90
3/3/18-23:2:23,842,362,460,36.80,27.90,5.80,13.20
3/3/18-23:3:24,843,373,466,36.50,28.00,5.40,9.40
3/3/18-23:4:25,844,373,456,36.50,28.00,5.60,6.70
3/3/18-23:5:26,844,363,479,36.90,28.00,5.60,11.90
3/3/18-23:6:27,844,356,446,37.10,28.00,5.10,8.50
3/3/18-23:7:28,844,354,449,37.00,28.10,4.60,8.20
3/3/18-23:8:29,843,332,429,37.10,28.10,6.30,8.70
3/3/18-23:9:30,844,359,480,36.50,28.10,5.90,7.90
3/3/18-23:10:31,844,378,483,35.80,28.20,7.10,9.70
3/3/18-23:11:32,843,351,444,35.30,28.20,7.60,10.80
3/3/18-23:12:33,844,360,455,36.70,28.20,6.70,10.50
3/3/18-23:13:34,844,366,459,36.10,28.30,5.70,9.90
3/3/18-23:14:35,844,346,439,35.70,28.30,5.10,10.10
3/3/18-23:15:36,843,334,446,36.10,28.30,7.40,10.10
3/3/18-23:16:37,844,354,479,36.10,28.30,7.80,13.80
3/3/18-23:17:38,843,355,438,36.00,28.30,7.00,11.20
3/3/18-23:18:39,844,356,489,36.40,28.30,6.00,11.30
3/3/18-23:19:40,843,378,476,36.50,28.40,4.50,7.30
3/3/18-23:20:41,844,382,470,35.80,28.30,5.30,7.90
3/3/18-23:21:42,845,402,491,35.10,28.40,10.90,12.40
3/3/18-23:22:43,842,382,463,36.60,28.40,9.50,12.00
3/3/18-23:23:44,844,361,448,36.40,28.40,10.20,15.00
3/3/18-23:24:45,843,402,537,36.50,28.50,9.20,13.90
3/3/18-23:25:46,843,409,506,36.90,28.50,7.80,11.90
3/3/18-23:26:46,844,401,469,37.30,28.40,9.30,11.10
3/3/18-23:27:47,843,388,458,38.00,28.50,11.30,15.20
3/3/18-23:28:48,843,413,508,38.40,28.50,16.90,19.80
3/3/18-23:29:49,843,405,518,37.90,28.50,13.20,19.20
3/3/18-23:30:50,843,410,510,37.10,28.40,12.00,16.50
3/3/18-23:31:51,843,389,470,37.10,28.50,9.20,12.50
3/3/18-23:32:52,843,377,447,37.00,28.40,7.00,12.50
3/3/18-23:33:53,844,373,480,37.10,28.40,7.40,13.40
3/3/18-23:34:54,843,378,451,36.60,28.40,6.70,11.30
3/3/18-23:35:55,844,379,449,37.20,28.50,7.00,10.30
3/3/18-23:36:56,842,385,458,37.60,28.40,6.60,9.40
3/3/18-23:37:57,844,387,462,37.30,28.40,7.90,14.50
3/3/18-23:38:58,843,376,445,37.60,28.40,9.30,11.90
3/3/18-23:39:59,845,388,458,37.30,28.30,13.00,21.60
3/3/18-23:41:0,843,397,465,38.80,28.40,12.60,19.40
3/3/18-23:42:1,844,404,478,38.00,28.30,18.20,34.50
3/3/18-23:43:2,844,406,451,37.30,28.30,16.10,27.60
3/3/18-23:44:3,844,406,460,38.20,28.30,14.80,29.40
3/3/18-23:45:4,843,411,464,38.30,28.30,13.70,24.50
3/3/18-23:46:5,844,404,461,38.60,28.30,13.50,22.00
3/3/18-23:47:6,844,396,449,38.60,28.30,12.40,18.00
3/3/18-23:48:7,844,407,459,38.50,28.20,11.40,21.20
3/3/18-23:49:8,843,401,466,39.80,28.30,11.20,22.20
3/3/18-23:50:9,843,406,478,39.20,28.20,11.80,21.80
3/3/18-23:51:10,845,397,461,38.70,28.20,10.90,17.10
3/3/18-23:52:11,843,394,450,39.90,28.20,10.60,17.10
3/3/18-23:53:12,843,390,447,39.20,28.10,10.80,18.20
3/3/18-23:54:13,844,389,449,39.60,28.10,10.50,18.60
3/3/18-23:55:14,843,382,441,38.70,28.10,10.40,16.40
3/3/18-23:56:15,844,387,455,39.20,28.00,10.20,18.50
3/3/18-23:57:16,842,390,448,38.40,28.00,10.80,16.10
3/3/18-23:58:17,843,392,459,38.20,27.90,10.20,14.60
3/3/18-23:59:18,844,388,445,37.80,27.90,10.60,20.20
