Hora,O3,NO2,CO,Humedad,Temperatura,P25,P10
7/3/18-0:0:48,838,318,396,52.50,22.50,4.30,9.40
7/3/18-0:1:49,839,316,395,49.70,22.50,3.40,10.80
7/3/18-0:2:50,838,307,393,49.70,22.50,3.20,6.20
7/3/18-0:3:51,838,319,409,49.30,22.50,3.60,10.60
7/3/18-0:4:52,838,310,387,49.70,22.50,3.60,10.20
7/3/18-0:5:53,841,307,391,49.30,22.50,3.50,8.20
7/3/18-0:6:54,838,313,395,50.30,22.50,4.00,13.00
7/3/18-0:7:55,837,314,394,49.90,22.50,3.90,9.00
7/3/18-0:8:56,837,313,391,50.20,22.50,4.00,8.70
7/3/18-0:9:57,837,320,401,47.90,22.40,3.90,9.10
7/3/18-0:10:58,839,320,396,48.10,22.40,4.90,13.50
7/3/18-0:11:59,839,318,396,50.00,22.40,3.80,8.60
7/3/18-0:13:0,839,311,388,49.40,22.40,4.70,10.40
7/3/18-0:14:1,837,318,400,50.30,22.40,4.20,8.50
7/3/18-0:15:2,836,315,396,49.70,22.40,5.20,12.90
7/3/18-0:16:3,837,310,399,47.80,22.40,5.30,12.10
7/3/18-0:17:4,839,311,406,47.60,22.30,5.10,13.40
7/3/18-0:18:5,837,312,405,49.00,22.30,4.90,9.80
7/3/18-0:19:6,837,297,389,49.30,22.20,5.10,15.80
7/3/18-0:20:7,839,296,387,47.90,22.20,4.30,12.80
7/3/18-0:21:8,839,288,385,49.40,22.20,3.70,11.80
7/3/18-0:22:9,838,276,386,46.20,22.10,3.40,9.40
7/3/18-0:23:10,839,272,388,48.30,22.00,3.90,13.40
7/3/18-0:24:11,839,250,374,46.50,22.00,3.50,10.60
7/3/18-0:25:11,835,245,379,46.20,22.00,3.30,12.20
7/3/18-0:26:12,838,249,379,46.00,21.90,3.50,11.60
7/3/18-0:27:13,837,241,366,46.60,21.90,2.70,9.90
7/3/18-0:28:14,836,243,375,47.90,21.90,3.30,9.60
7/3/18-0:29:15,838,243,370,46.60,21.90,3.20,8.40
7/3/18-0:30:16,836,246,369,48.00,21.90,3.20,11.00
7/3/18-0:31:17,838,255,373,46.70,21.90,2.70,7.00
7/3/18-0:32:18,835,251,371,45.90,21.90,2.70,7.70
7/3/18-0:33:19,836,234,362,46.40,21.90,3.30,8.00
7/3/18-0:34:20,836,248,387,47.10,21.80,2.50,8.60
7/3/18-0:35:21,837,237,375,46.10,21.90,3.00,12.40
7/3/18-0:36:22,837,242,368,47.00,21.80,3.10,13.30
7/3/18-0:37:23,839,234,365,46.50,21.80,3.20,9.30
7/3/18-0:38:24,838,235,371,46.90,21.80,3.10,7.10
7/3/18-0:39:25,837,236,364,46.80,21.80,2.80,8.10
7/3/18-0:40:26,838,241,372,45.90,21.80,3.30,12.40
7/3/18-0:41:27,836,246,375,46.70,21.80,2.70,7.80
7/3/18-0:42:28,837,236,368,46.50,21.70,2.70,6.30
7/3/18-0:43:29,837,234,369,47.60,21.70,2.80,12.50
7/3/18-0:44:30,837,240,369,47.60,21.70,2.50,6.10
7/3/18-0:45:31,836,246,369,48.60,21.70,2.30,5.10
7/3/18-0:46:32,837,253,376,48.80,21.70,2.60,12.50
7/3/18-0:47:33,837,246,369,49.00,21.70,2.70,11.60
7/3/18-0:48:34,836,264,371,49.30,21.70,2.30,11.60
7/3/18-0:49:35,836,280,376,48.00,21.70,2.40,10.90
7/3/18-0:50:36,837,287,377,47.60,21.80,2.80,9.50
7/3/18-0:51:37,836,294,379,49.20,21.80,2.90,14.60
7/3/18-0:52:38,836,298,381,47.20,21.80,2.50,10.30
7/3/18-0:53:39,838,301,379,50.50,21.80,2.50,13.60
7/3/18-0:54:40,838,303,383,50.80,21.80,3.00,13.30
7/3/18-0:55:41,841,301,384,51.70,21.80,2.60,10.10
7/3/18-0:56:42,838,300,376,51.80,21.80,2.60,12.00
7/3/18-0:57:43,839,288,372,50.80,21.80,2.40,7.40
7/3/18-0:58:44,841,276,369,52.20,21.80,2.10,8.00
7/3/18-0:59:45,840,271,371,51.80,21.80,2.20,8.00
7/3/18-1:0:46,836,269,370,52.70,21.80,2.50,7.80
7/3/18-1:1:47,837,269,371,50.60,21.80,2.10,7.20
7/3/18-1:2:48,836,274,370,51.50,21.70,2.40,9.40
7/3/18-1:3:49,834,279,372,51.30,21.70,2.10,7.80
7/3/18-1:4:50,837,276,370,49.10,21.60,2.60,8.90
7/3/18-1:5:51,837,274,365,49.70,21.60,2.30,4.60
7/3/18-1:6:52,837,279,367,50.30,21.60,2.60,7.50
7/3/18-1:7:53,836,282,370,54.40,21.60,2.30,5.60
7/3/18-1:8:54,836,282,368,51.10,21.50,3.00,8.10
7/3/18-1:9:55,836,286,370,51.30,21.50,2.60,7.20
7/3/18-1:10:56,838,281,368,51.80,21.60,2.60,5.80
7/3/18-1:11:57,837,278,368,52.10,21.50,2.60,8.80
7/3/18-1:12:57,837,278,365,51.70,21.50,2.60,8.90
7/3/18-1:13:58,836,284,370,50.90,21.50,2.20,5.10
7/3/18-1:14:59,836,283,368,50.00,21.50,2.30,6.40
7/3/18-1:16:0,835,281,364,50.30,21.50,2.40,9.90
7/3/18-1:17:1,837,276,366,50.30,21.50,2.50,10.10
7/3/18-1:18:2,835,277,363,50.20,21.50,2.60,9.90
7/3/18-1:19:3,837,280,373,51.60,21.50,2.70,7.70
7/3/18-1:20:4,837,294,371,51.60,21.40,2.80,9.30
7/3/18-1:21:5,838,295,373,51.70,21.40,2.60,9.90
7/3/18-1:22:6,836,291,370,54.10,21.50,2.30,9.00
7/3/18-1:23:7,837,282,367,52.90,21.50,2.10,6.10
7/3/18-1:24:8,837,282,364,52.30,21.40,2.40,7.20
7/3/18-1:25:9,836,275,363,51.30,21.40,2.50,6.00
7/3/18-1:26:10,837,275,367,50.90,21.40,2.40,6.50
7/3/18-1:27:11,838,274,369,52.90,21.40,2.60,5.20
7/3/18-1:28:12,837,280,373,52.20,21.40,2.20,5.90
7/3/18-1:29:13,838,276,376,53.40,21.40,2.20,5.70
7/3/18-1:30:14,838,258,356,52.20,21.40,2.40,7.70
7/3/18-1:31:15,836,252,363,49.60,21.30,2.20,6.70
7/3/18-1:32:16,838,250,363,49.50,21.30,2.10,6.60
7/3/18-1:33:17,837,260,367,51.50,21.30,2.30,4.80
7/3/18-1:34:18,838,262,362,50.90,21.30,2.30,8.50
7/3/18-1:35:19,838,268,367,50.90,21.30,2.30,7.50
7/3/18-1:36:20,838,270,367,53.30,21.30,2.50,5.70
7/3/18-1:37:21,839,261,361,51.60,21.30,2.40,6.90
7/3/18-1:38:22,838,260,369,51.30,21.30,2.10,5.60
7/3/18-1:39:23,838,263,364,51.10,21.20,2.30,7.30
7/3/18-1:40:24,836,256,366,53.80,21.20,2.20,4.70
7/3/18-1:41:25,837,241,365,52.80,21.20,2.30,7.60
7/3/18-1:42:26,838,235,361,50.00,21.10,3.00,10.40
7/3/18-1:43:27,836,229,361,50.60,21.20,3.10,8.90
7/3/18-1:44:28,840,220,373,51.10,21.10,2.70,10.70
7/3/18-1:45:29,838,232,366,50.50,21.10,2.60,7.00
7/3/18-1:46:30,840,230,364,52.00,21.00,2.70,4.80
7/3/18-1:47:31,840,237,366,49.90,21.00,3.20,7.40
7/3/18-1:48:32,840,237,365,50.20,21.00,2.90,6.20
7/3/18-1:49:33,841,235,362,50.90,21.00,2.90,6.60
7/3/18-1:50:34,840,231,361,51.00,21.00,2.80,8.80
7/3/18-1:51:35,840,241,364,49.90,21.00,3.00,10.10
7/3/18-1:52:36,838,248,377,50.90,20.90,3.50,11.00
7/3/18-1:53:37,840,247,362,50.40,20.90,3.10,10.40
7/3/18-1:54:38,839,253,366,51.00,20.90,2.90,5.20
7/3/18-1:55:39,840,267,381,50.70,21.00,2.90,7.10
7/3/18-1:56:40,843,272,373,51.20,20.90,3.10,7.70
7/3/18-1:57:41,840,275,368,51.70,21.00,3.00,5.40
7/3/18-1:58:41,841,272,366,51.40,21.00,2.80,6.40
7/3/18-1:59:42,839,271,371,50.90,21.00,2.80,8.30
7/3/18-2:0:43,840,266,377,51.90,21.00,2.60,6.30
7/3/18-2:1:44,840,249,370,51.10,21.00,2.70,7.30
7/3/18-2:2:45,841,262,377,51.10,21.00,2.70,9.30
7/3/18-2:3:46,839,273,372,50.80,21.00,2.40,8.10
7/3/18-2:4:47,841,269,366,50.90,21.00,2.40,7.40
7/3/18-2:5:48,842,259,363,50.40,21.00,2.50,7.50
7/3/18-2:6:49,840,263,371,51.50,21.00,2.60,10.40
7/3/18-2:7:50,840,261,369,50.90,21.00,2.40,6.30
7/3/18-2:8:51,842,259,365,51.40,20.90,2.50,4.40
7/3/18-2:9:52,842,265,370,52.10,21.00,2.30,4.70
7/3/18-2:10:53,842,262,365,50.80,21.00,2.70,5.40
7/3/18-2:11:54,841,261,367,52.40,21.00,2.20,8.50
7/3/18-2:12:55,841,260,368,50.20,21.00,2.60,8.70
7/3/18-2:13:56,842,253,366,49.60,21.00,2.30,13.00
7/3/18-2:14:57,843,254,365,51.60,21.00,2.40,6.90
7/3/18-2:15:58,842,258,364,51.40,20.90,2.50,10.40
7/3/18-2:16:59,842,255,361,52.40,21.00,2.40,4.20
7/3/18-2:18:0,841,250,366,53.40,20.90,2.10,3.70
7/3/18-2:19:1,843,253,368,51.80,20.90,2.40,6.70
7/3/18-2:20:2,844,253,375,51.80,20.90,2.40,7.60
7/3/18-2:21:3,844,255,364,52.20,20.90,2.80,6.30
7/3/18-2:22:4,843,262,371,53.90,20.90,2.40,7.10
7/3/18-2:23:5,842,269,375,54.20,20.80,2.70,9.30
7/3/18-2:24:6,840,269,367,54.10,20.90,2.80,8.40
7/3/18-2:25:7,841,265,366,52.60,20.80,2.50,7.60
7/3/18-2:26:8,843,256,376,52.50,20.90,2.50,6.60
7/3/18-2:27:9,844,245,371,50.50,20.90,2.60,7.60
7/3/18-2:28:10,843,241,365,50.50,20.80,2.10,5.00
7/3/18-2:29:11,843,253,369,50.50,20.80,2.10,4.10
7/3/18-2:30:12,841,268,370,50.90,20.80,1.80,3.90
7/3/18-2:31:13,842,279,376,53.70,20.80,2.20,4.70
7/3/18-2:32:14,840,292,377,52.40,20.80,2.30,9.00
7/3/18-2:33:15,841,291,369,53.20,20.80,2.40,9.20
7/3/18-2:34:16,842,287,373,52.40,20.80,2.00,6.30
7/3/18-2:35:17,841,296,379,52.20,20.80,2.40,6.80
7/3/18-2:36:18,840,290,370,52.10,20.80,1.90,8.50
7/3/18-2:37:19,840,294,372,50.70,20.80,2.10,6.60
7/3/18-2:38:20,839,304,377,51.50,20.80,2.20,4.00
7/3/18-2:39:21,840,301,378,52.00,20.80,2.00,4.50
7/3/18-2:40:22,838,301,376,51.30,20.80,2.70,8.20
7/3/18-2:41:23,839,302,374,52.00,20.80,2.10,6.10
7/3/18-2:42:24,838,300,375,51.90,20.90,2.90,9.00
7/3/18-2:43:25,840,297,375,51.20,20.80,2.80,10.30
7/3/18-2:44:25,839,298,367,53.20,20.80,2.50,6.00
7/3/18-2:45:26,840,296,373,52.30,20.80,2.40,8.50
7/3/18-2:46:27,838,300,373,51.50,20.80,2.50,8.40
7/3/18-2:47:28,838,291,370,51.30,20.80,2.30,8.50
7/3/18-2:48:29,838,299,375,51.80,20.80,2.30,7.40
7/3/18-2:49:30,836,305,375,52.80,20.80,2.40,7.10
7/3/18-2:50:31,838,302,371,52.50,20.70,2.60,7.60
7/3/18-2:51:32,838,297,366,52.80,20.70,2.40,4.70
7/3/18-2:52:33,838,293,366,52.80,20.70,2.10,6.80
7/3/18-2:53:34,838,302,373,52.30,20.70,1.90,3.70
7/3/18-2:54:35,838,302,377,53.00,20.70,2.40,7.70
7/3/18-2:55:36,836,298,376,52.50,20.70,2.00,7.70
7/3/18-2:56:37,839,300,375,51.70,20.70,2.20,8.10
7/3/18-2:57:38,836,305,373,52.90,20.60,2.30,7.00
7/3/18-2:58:39,837,293,372,52.40,20.60,2.20,7.20
7/3/18-2:59:40,837,300,372,54.00,20.60,2.00,5.10
7/3/18-3:0:41,839,301,373,54.30,20.60,2.20,7.20
7/3/18-3:1:42,838,303,374,53.70,20.50,1.80,5.50
7/3/18-3:2:43,838,309,373,53.20,20.60,2.20,5.20
7/3/18-3:3:44,841,303,383,53.60,20.50,2.30,3.50
7/3/18-3:4:45,838,309,382,52.50,20.50,2.00,3.40
7/3/18-3:5:46,837,300,373,52.90,20.50,2.30,6.60
7/3/18-3:6:47,835,302,377,53.70,20.40,2.40,4.80
7/3/18-3:7:48,836,307,377,53.70,20.40,2.20,6.50
7/3/18-3:8:49,836,310,379,53.20,20.40,2.50,4.40
7/3/18-3:9:50,838,313,383,54.50,20.50,2.30,6.50
7/3/18-3:10:51,835,322,385,55.70,20.50,2.60,5.50
7/3/18-3:11:52,836,318,385,53.90,20.50,2.20,3.90
7/3/18-3:12:53,834,309,377,53.20,20.50,2.00,5.70
7/3/18-3:13:54,836,314,382,53.10,20.50,2.30,7.60
7/3/18-3:14:55,836,323,384,54.40,20.50,2.50,10.60
7/3/18-3:15:56,837,327,389,54.80,20.50,2.20,6.90
7/3/18-3:16:57,836,333,393,54.40,20.60,2.00,3.60
7/3/18-3:17:58,837,333,388,54.90,20.50,2.50,4.50
7/3/18-3:18:59,839,331,386,54.20,20.60,2.30,6.80
7/3/18-3:20:0,836,329,382,53.70,20.60,2.10,4.30
7/3/18-3:21:1,836,324,379,54.30,20.60,2.30,6.70
7/3/18-3:22:2,837,320,382,55.60,20.60,2.20,8.00
7/3/18-3:23:3,837,313,376,52.90,20.60,2.10,3.80
7/3/18-3:24:4,836,309,374,52.80,20.60,2.10,6.20
7/3/18-3:25:5,837,305,375,53.10,20.60,2.30,7.10
7/3/18-3:26:6,837,301,372,54.00,20.60,2.60,5.70
7/3/18-3:27:7,837,300,371,55.40,20.60,2.10,7.30
7/3/18-3:28:8,837,297,376,56.00,20.60,2.50,6.40
7/3/18-3:29:9,839,304,384,56.10,20.60,2.70,8.40
7/3/18-3:30:9,836,318,385,55.50,20.60,2.60,7.00
7/3/18-3:31:10,835,324,386,54.50,20.60,2.20,5.40
7/3/18-3:32:11,837,321,377,55.00,20.60,2.30,4.40
7/3/18-3:33:12,837,321,382,56.40,20.50,2.50,4.60
7/3/18-3:34:13,838,321,378,56.20,20.60,2.10,4.70
7/3/18-3:35:14,838,316,376,53.70,20.50,2.70,7.30
7/3/18-3:36:15,839,312,377,54.60,20.50,2.70,5.20
7/3/18-3:37:16,839,311,374,54.20,20.50,2.40,6.70
7/3/18-3:38:17,839,311,375,53.80,20.50,2.10,5.00
7/3/18-3:39:18,839,314,384,54.70,20.60,2.70,6.00
7/3/18-3:40:19,838,314,379,54.80,20.60,2.50,9.20
7/3/18-3:41:20,838,316,381,54.20,20.60,2.50,7.80
7/3/18-3:42:21,838,316,374,54.50,20.50,2.70,6.20
7/3/18-3:43:22,839,315,378,54.80,20.50,2.20,5.60
7/3/18-3:44:23,838,314,378,54.50,20.50,2.10,7.10
7/3/18-3:45:24,839,314,382,56.70,20.50,2.30,5.20
7/3/18-3:46:25,837,314,381,55.20,20.50,2.20,6.80
7/3/18-3:47:26,837,314,380,53.50,20.50,2.10,6.30
7/3/18-3:48:27,837,316,380,54.30,20.50,1.90,4.80
7/3/18-3:49:28,841,313,381,57.70,20.50,2.50,7.00
7/3/18-3:50:29,836,318,384,56.50,20.50,2.10,3.40
7/3/18-3:51:30,836,317,377,56.20,20.50,2.00,4.00
7/3/18-3:52:31,837,316,377,55.30,20.50,2.00,5.10
7/3/18-3:53:32,837,316,378,54.90,20.50,2.10,9.10
7/3/18-3:54:33,838,313,376,54.00,20.40,2.40,6.30
7/3/18-3:55:34,839,314,380,55.50,20.50,2.70,6.30
7/3/18-3:56:35,839,315,377,57.70,20.40,2.50,4.80
7/3/18-3:57:36,838,318,380,56.40,20.40,2.20,5.80
7/3/18-3:58:37,837,320,379,55.30,20.40,2.30,10.30
7/3/18-3:59:38,838,318,375,55.40,20.50,2.60,5.00
7/3/18-4:0:39,837,321,376,55.70,20.40,2.50,6.50
7/3/18-4:1:40,836,324,381,58.30,20.50,2.10,6.00
7/3/18-4:2:41,835,322,376,55.70,20.40,2.20,7.30
7/3/18-4:3:42,837,317,374,57.30,20.40,2.30,6.70
7/3/18-4:4:43,840,319,384,55.60,20.40,2.30,7.00
7/3/18-4:5:44,836,326,384,56.00,20.40,2.50,10.60
7/3/18-4:6:45,835,328,384,56.10,20.40,2.20,7.10
7/3/18-4:7:46,837,323,377,55.90,20.40,3.10,7.90
7/3/18-4:8:47,837,320,374,56.60,20.40,2.90,4.80
7/3/18-4:9:48,835,320,380,55.30,20.40,2.40,4.40
7/3/18-4:10:49,837,317,374,56.10,20.40,2.60,3.90
7/3/18-4:11:50,836,315,377,57.60,20.30,3.00,5.80
7/3/18-4:12:51,837,306,367,56.20,20.40,3.40,9.50
7/3/18-4:13:52,836,304,367,55.70,20.30,2.60,4.80
7/3/18-4:14:52,836,302,375,57.00,20.30,2.60,6.20
7/3/18-4:15:53,835,312,381,57.50,20.30,3.30,7.40
7/3/18-4:16:54,835,314,378,56.00,20.20,3.20,6.00
7/3/18-4:17:55,835,313,372,55.30,20.20,2.90,5.50
7/3/18-4:18:56,835,310,369,55.50,20.20,3.10,7.30
7/3/18-4:19:57,836,304,364,56.50,20.20,2.80,10.70
7/3/18-4:20:58,836,298,367,55.60,20.20,2.90,5.90
7/3/18-4:21:59,835,299,365,58.10,20.20,2.60,5.50
7/3/18-4:23:0,836,307,372,55.30,20.20,2.50,5.00
7/3/18-4:24:1,836,311,371,55.60,20.20,2.70,5.40
7/3/18-4:25:2,838,305,364,55.90,20.20,2.70,6.80
7/3/18-4:26:3,837,301,361,56.30,20.20,2.20,5.30
7/3/18-4:27:4,838,297,365,56.80,20.20,2.00,4.70
7/3/18-4:28:5,837,292,365,55.30,20.20,2.00,5.20
7/3/18-4:29:6,836,289,365,55.00,20.20,2.20,6.20
7/3/18-4:30:7,840,279,363,55.30,20.20,2.00,4.20
7/3/18-4:31:8,838,274,359,55.00,20.20,1.90,4.10
7/3/18-4:32:9,836,282,366,56.00,20.20,2.10,4.70
7/3/18-4:33:10,838,276,358,54.70,20.20,1.90,4.60
7/3/18-4:34:11,837,274,359,53.90,20.20,2.50,8.60
7/3/18-4:35:12,837,280,359,54.90,20.20,2.50,10.50
7/3/18-4:36:13,837,282,361,54.80,20.20,2.10,7.40
7/3/18-4:37:14,837,286,361,54.50,20.10,1.80,4.50
7/3/18-4:38:15,837,285,359,54.30,20.20,2.20,4.00
7/3/18-4:39:16,837,282,357,54.10,20.10,2.30,6.40
7/3/18-4:40:17,838,280,362,54.00,20.10,1.80,3.60
7/3/18-4:41:18,835,287,359,54.20,20.10,1.80,5.80
7/3/18-4:42:19,837,277,353,55.10,20.10,1.90,5.80
7/3/18-4:43:20,836,272,356,55.20,20.10,1.80,4.40
7/3/18-4:44:21,837,278,362,55.10,20.00,2.10,7.70
7/3/18-4:45:22,834,283,364,55.20,20.00,1.90,4.40
7/3/18-4:46:23,837,278,356,56.30,20.00,2.10,6.70
7/3/18-4:47:24,835,287,368,55.00,20.00,1.90,7.20
7/3/18-4:48:25,836,278,357,55.30,20.00,2.40,6.20
7/3/18-4:49:26,836,273,358,54.30,20.00,2.20,8.10
7/3/18-4:50:27,838,274,359,54.70,20.00,1.80,6.20
7/3/18-4:51:28,837,266,354,54.80,19.90,1.90,2.70
7/3/18-4:52:29,837,260,358,55.00,20.00,2.40,5.90
7/3/18-4:53:30,836,249,351,53.70,20.00,2.00,3.30
7/3/18-4:54:31,837,239,356,54.80,19.90,1.60,4.50
7/3/18-4:55:32,835,222,348,53.10,19.90,1.80,5.30
7/3/18-4:56:33,836,216,352,53.40,19.80,1.90,4.70
7/3/18-4:57:34,837,222,355,53.00,19.80,1.90,6.40
7/3/18-4:58:35,837,232,351,54.60,19.80,1.90,7.10
7/3/18-4:59:35,836,237,349,57.10,19.70,1.90,5.60
7/3/18-5:0:36,837,240,354,54.60,19.70,2.20,6.90
7/3/18-5:1:37,837,246,358,53.50,19.70,2.20,5.20
7/3/18-5:2:38,835,254,356,55.70,19.70,2.00,5.50
7/3/18-5:3:39,834,251,354,54.20,19.70,1.90,5.70
7/3/18-5:4:40,837,244,361,53.90,19.70,1.80,4.60
7/3/18-5:5:41,835,245,353,54.90,19.70,1.80,4.50
7/3/18-5:6:42,835,245,355,54.80,19.70,2.00,4.40
7/3/18-5:7:43,836,234,349,53.40,19.70,2.00,6.20
7/3/18-5:8:44,837,233,352,54.00,19.70,2.40,5.50
7/3/18-5:9:45,835,244,357,54.40,19.60,1.90,3.30
7/3/18-5:10:46,835,249,355,54.00,19.70,1.80,5.00
7/3/18-5:11:47,837,245,355,54.00,19.60,1.50,5.60
7/3/18-5:12:48,836,250,362,54.20,19.70,1.70,3.70
7/3/18-5:13:49,836,252,356,54.50,19.70,1.50,4.20
7/3/18-5:14:50,837,239,361,54.30,19.70,2.10,5.40
7/3/18-5:15:51,835,221,355,53.70,19.70,2.50,6.80
7/3/18-5:16:52,837,224,359,53.40,19.60,2.00,4.60
7/3/18-5:17:53,838,223,352,53.00,19.60,1.80,4.70
7/3/18-5:18:54,837,228,368,53.80,19.60,2.20,5.70
7/3/18-5:19:55,836,224,361,54.40,19.60,2.10,4.60
7/3/18-5:20:56,837,222,367,54.00,19.60,2.20,5.60
7/3/18-5:21:57,836,247,365,54.20,19.60,2.10,7.10
7/3/18-5:22:58,835,245,364,54.00,19.60,2.10,5.20
7/3/18-5:23:59,837,223,351,57.60,19.70,1.80,5.80
7/3/18-5:25:0,836,237,360,54.50,19.70,1.80,4.50
7/3/18-5:26:1,841,248,362,55.60,19.70,1.70,4.30
7/3/18-5:27:2,836,240,357,54.70,19.80,1.60,2.80
7/3/18-5:28:3,837,255,361,55.00,19.80,1.80,4.00
7/3/18-5:29:4,837,264,361,56.30,19.80,2.40,6.90
7/3/18-5:30:5,837,264,356,55.10,19.80,1.70,5.40
7/3/18-5:31:6,837,259,355,58.10,19.80,1.70,5.00
7/3/18-5:32:7,837,252,352,55.80,19.80,1.80,5.80
7/3/18-5:33:8,837,250,354,54.20,19.80,2.00,5.60
7/3/18-5:34:9,835,249,353,54.10,19.80,1.90,5.90
7/3/18-5:35:10,837,242,351,54.60,19.80,2.10,6.70
7/3/18-5:36:11,836,247,355,53.80,19.80,1.80,4.20
7/3/18-5:37:12,838,251,357,54.10,19.80,2.10,6.80
7/3/18-5:38:13,837,258,357,53.70,19.70,1.60,5.50
7/3/18-5:39:14,836,258,357,54.50,19.80,1.80,5.30
7/3/18-5:40:15,836,253,354,54.40,19.80,2.00,8.00
7/3/18-5:41:16,836,251,356,55.10,19.70,2.20,6.10
7/3/18-5:42:17,836,248,357,56.90,19.70,2.10,4.10
7/3/18-5:43:17,835,238,361,55.30,19.70,2.20,6.10
7/3/18-5:44:18,837,247,358,54.70,19.70,2.00,6.20
7/3/18-5:45:19,837,256,359,56.50,19.70,2.10,5.30
7/3/18-5:46:20,840,258,361,56.00,19.70,1.90,6.20
7/3/18-5:47:21,837,267,363,55.90,19.70,1.90,6.00
7/3/18-5:48:22,839,268,363,57.30,19.70,1.80,6.40
7/3/18-5:49:23,837,264,357,55.90,19.70,2.20,4.80
7/3/18-5:50:24,836,269,364,56.00,19.70,1.60,4.50
7/3/18-5:51:25,835,271,358,56.30,19.80,1.80,5.60
7/3/18-5:52:26,836,265,360,56.40,19.80,1.90,5.00
7/3/18-5:53:27,837,262,359,56.10,19.70,1.90,4.10
7/3/18-5:54:28,838,260,354,55.70,19.80,2.50,8.20
7/3/18-5:55:29,838,264,357,55.10,19.80,1.60,2.70
7/3/18-5:56:30,836,265,353,55.30,19.70,1.80,3.70
7/3/18-5:57:31,837,263,357,55.40,19.70,1.70,5.70
7/3/18-5:58:32,841,262,357,55.40,19.80,1.90,5.10
7/3/18-5:59:33,835,258,354,56.90,19.70,1.90,6.10
7/3/18-6:0:34,838,250,359,55.70,19.70,1.80,5.20
7/3/18-6:1:35,838,251,360,56.30,19.70,1.80,3.70
7/3/18-6:2:36,837,256,358,56.30,19.70,1.80,4.30
7/3/18-6:3:37,838,258,356,54.90,19.70,1.80,2.80
7/3/18-6:4:38,837,260,359,54.80,19.70,1.80,4.50
7/3/18-6:5:39,838,263,361,54.90,19.60,2.10,5.10
7/3/18-6:6:40,838,259,357,55.00,19.60,1.80,3.70
7/3/18-6:7:41,838,256,357,55.30,19.60,1.60,3.50
7/3/18-6:8:42,839,250,356,55.20,19.60,1.80,5.00
7/3/18-6:9:43,839,252,357,56.00,19.70,2.10,4.10
7/3/18-6:10:44,838,252,360,56.00,19.60,2.00,2.70
7/3/18-6:11:45,839,254,361,55.30,19.60,2.10,7.30
7/3/18-6:12:46,837,255,361,55.10,19.70,2.30,4.70
7/3/18-6:13:47,839,253,370,55.30,19.60,2.30,4.80
7/3/18-6:14:48,838,263,362,55.80,19.70,2.20,4.00
7/3/18-6:15:49,837,268,364,56.50,19.60,2.40,6.50
7/3/18-6:16:50,836,273,362,55.70,19.70,1.80,4.20
7/3/18-6:17:51,836,272,363,55.40,19.60,2.10,3.60
7/3/18-6:18:52,835,278,369,56.30,19.60,2.20,6.10
7/3/18-6:19:53,835,277,362,56.20,19.60,2.20,6.50
7/3/18-6:20:54,835,269,360,56.80,19.60,2.00,4.50
7/3/18-6:21:55,837,260,359,57.00,19.60,2.00,4.70
7/3/18-6:22:56,838,256,353,56.90,19.60,2.10,4.50
7/3/18-6:23:57,836,250,354,56.20,19.70,2.00,3.50
7/3/18-6:24:58,838,229,362,56.50,19.60,1.90,3.30
7/3/18-6:25:59,838,227,353,56.50,19.60,1.90,5.80
7/3/18-6:27:0,837,220,353,56.30,19.60,2.00,4.50
7/3/18-6:28:0,838,224,353,55.90,19.60,2.10,4.60
7/3/18-6:29:1,838,231,352,56.20,19.50,1.70,4.50
7/3/18-6:30:2,836,238,357,56.60,19.50,2.30,4.80
7/3/18-6:31:3,836,224,353,55.70,19.60,1.40,3.30
7/3/18-6:32:4,838,223,358,55.70,19.60,1.70,4.70
7/3/18-6:33:5,838,213,359,55.00,19.60,1.80,6.10
7/3/18-6:34:6,837,224,355,56.30,19.60,2.10,9.00
7/3/18-6:35:7,838,228,360,57.50,19.50,1.70,3.80
7/3/18-6:36:8,837,239,367,58.00,19.60,1.90,5.70
7/3/18-6:37:9,836,239,355,59.80,19.60,1.90,7.00
7/3/18-6:38:10,837,253,365,60.30,19.60,2.20,6.70
7/3/18-6:39:11,836,245,358,59.00,19.60,1.80,5.10
7/3/18-6:40:12,836,255,363,59.60,19.60,1.90,3.90
7/3/18-6:41:13,836,251,370,58.80,19.60,1.60,4.70
7/3/18-6:42:14,838,253,360,55.90,19.60,1.90,4.60
7/3/18-6:43:15,836,261,366,55.50,19.60,1.70,5.10
7/3/18-6:44:16,836,257,361,55.90,19.70,1.70,4.40
7/3/18-6:45:17,837,258,362,56.30,19.70,1.80,4.70
7/3/18-6:46:18,835,270,381,55.70,19.70,1.60,4.40
7/3/18-6:47:19,837,263,361,55.90,19.70,1.70,5.00
7/3/18-6:48:20,837,272,372,55.90,19.70,1.60,5.40
7/3/18-6:49:21,837,253,359,56.20,19.70,1.60,3.70
7/3/18-6:50:22,837,242,367,54.90,19.70,2.00,3.70
7/3/18-6:51:23,835,237,373,55.70,19.70,1.90,7.00
7/3/18-6:52:24,836,227,355,54.30,19.70,1.90,2.80
7/3/18-6:53:25,837,225,357,54.80,19.70,1.90,5.80
7/3/18-6:54:26,837,214,353,55.10,19.70,1.50,6.30
7/3/18-6:55:27,837,228,357,54.80,19.70,2.10,6.10
7/3/18-6:56:28,835,230,375,55.70,19.70,2.10,10.00
7/3/18-6:57:29,836,247,382,55.50,19.70,2.40,5.40
7/3/18-6:58:30,835,243,362,55.90,19.70,2.50,5.50
7/3/18-6:59:31,835,234,354,55.20,19.70,2.80,9.10
7/3/18-7:0:32,836,238,363,54.00,19.80,3.30,5.60
7/3/18-7:1:33,837,248,360,55.40,19.80,3.10,5.10
7/3/18-7:2:34,837,259,370,55.00,19.80,3.20,5.40
7/3/18-7:3:35,838,260,367,55.10,19.80,3.10,4.60
7/3/18-7:4:36,837,264,366,56.60,19.90,3.20,5.50
7/3/18-7:5:37,838,264,363,55.60,19.90,3.30,5.40
7/3/18-7:6:38,837,261,364,54.80,19.90,3.10,5.70
7/3/18-7:7:39,837,265,371,54.10,19.90,3.40,4.60
7/3/18-7:8:40,838,271,367,55.00,19.90,3.10,6.60
7/3/18-7:9:41,837,272,374,55.70,19.90,3.30,7.90
7/3/18-7:10:42,838,273,374,55.00,19.90,3.00,5.50
7/3/18-7:11:42,838,273,374,54.40,19.90,3.50,12.50
7/3/18-7:12:43,838,274,369,55.50,19.90,2.80,9.30
7/3/18-7:13:44,837,275,369,55.00,19.90,3.20,6.90
7/3/18-7:14:45,837,283,376,55.40,19.90,2.70,5.10
7/3/18-7:15:46,837,288,371,56.00,19.90,2.80,7.10
7/3/18-7:16:47,835,288,370,56.20,19.90,2.50,4.20
7/3/18-7:17:48,837,280,362,55.50,19.90,2.30,7.10
7/3/18-7:18:49,837,278,363,56.30,19.90,2.50,3.90
7/3/18-7:19:50,837,270,360,56.10,19.90,2.40,5.20
7/3/18-7:20:51,838,278,368,56.50,19.90,2.60,6.10
7/3/18-7:21:52,838,282,372,56.40,19.90,2.70,7.20
7/3/18-7:22:53,835,286,372,56.80,19.90,2.50,7.00
7/3/18-7:23:54,838,287,367,55.30,19.80,3.30,9.70
7/3/18-7:24:55,838,284,369,54.70,19.80,2.40,8.90
7/3/18-7:25:56,838,284,365,56.00,19.80,2.80,9.30
7/3/18-7:26:57,837,290,368,57.00,19.80,2.70,10.70
7/3/18-7:27:58,838,289,366,55.20,19.80,2.80,8.70
7/3/18-7:28:59,838,290,372,56.60,19.80,2.70,10.40
7/3/18-7:30:0,838,291,372,57.10,19.70,3.20,8.30
7/3/18-7:31:1,838,289,372,57.30,19.80,3.10,8.40
7/3/18-7:32:2,838,287,369,56.40,19.70,3.10,6.80
7/3/18-7:33:3,837,285,368,56.60,19.70,5.90,25.10
7/3/18-7:34:4,838,287,374,57.90,19.70,3.80,24.20
7/3/18-7:35:5,837,290,372,57.40,19.70,4.00,18.20
7/3/18-7:36:6,837,292,371,56.80,19.60,3.30,12.80
7/3/18-7:37:7,839,291,374,56.80,19.60,3.60,15.00
7/3/18-7:38:8,837,292,373,57.40,19.70,3.60,16.40
7/3/18-7:39:9,839,289,372,57.70,19.60,3.60,15.60
7/3/18-7:40:10,839,289,370,57.20,19.60,3.20,9.80
7/3/18-7:41:11,839,289,373,57.20,19.60,3.20,13.90
7/3/18-7:42:12,840,297,379,56.30,19.50,3.60,13.10
7/3/18-7:43:13,839,299,380,57.80,19.50,4.40,15.30
7/3/18-7:44:14,839,298,379,57.20,19.50,4.20,19.70
7/3/18-7:45:15,840,297,375,57.40,19.50,4.30,12.50
7/3/18-7:46:16,840,297,376,58.30,19.50,4.20,15.10
7/3/18-7:47:17,841,299,385,58.70,19.50,4.10,23.30
7/3/18-7:48:18,839,298,374,58.80,19.50,4.60,23.90
7/3/18-7:49:19,839,300,384,58.90,19.50,5.00,33.40
7/3/18-7:50:20,838,305,390,57.60,19.50,3.70,11.30
7/3/18-7:51:21,838,304,382,59.00,19.50,4.60,15.90
7/3/18-7:52:22,839,297,377,58.50,19.50,4.00,16.30
7/3/18-7:53:23,840,297,380,57.70,19.50,5.40,33.50
7/3/18-7:54:24,838,300,380,58.90,19.50,4.60,33.00
7/3/18-7:55:25,840,299,377,58.50,19.50,4.60,23.60
7/3/18-7:56:25,838,301,380,57.90,19.60,3.60,19.50
7/3/18-7:57:26,840,293,379,58.00,19.60,5.00,25.10
7/3/18-7:58:27,839,302,379,58.50,19.60,4.90,15.70
7/3/18-7:59:28,838,308,386,58.70,19.50,5.10,34.00
7/3/18-8:0:29,839,305,380,58.30,19.60,4.30,15.50
7/3/18-8:1:30,839,301,375,58.90,19.60,3.80,17.90
7/3/18-8:2:31,840,309,384,58.60,19.60,4.20,22.90
7/3/18-8:3:32,839,304,378,58.30,19.60,5.10,25.40
7/3/18-8:4:33,839,303,379,58.50,19.60,4.00,22.60
7/3/18-8:5:34,839,306,386,58.00,19.60,4.30,24.10
7/3/18-8:6:35,837,305,378,57.90,19.60,3.00,8.70
7/3/18-8:7:36,836,308,375,58.50,19.70,3.80,16.80
7/3/18-8:8:37,837,301,375,57.80,19.70,3.90,19.30
7/3/18-8:9:38,839,301,381,58.10,19.70,3.10,12.70
7/3/18-8:10:39,839,308,389,58.60,19.70,3.20,11.00
7/3/18-8:11:40,839,302,381,57.90,19.70,3.40,9.70
7/3/18-8:12:41,839,299,384,57.00,19.80,3.40,8.50
7/3/18-8:13:42,839,290,372,57.50,19.70,3.30,9.40
7/3/18-8:14:43,839,275,365,56.00,19.80,3.20,12.20
7/3/18-8:15:44,839,276,376,55.90,19.70,3.10,17.70
7/3/18-8:16:45,837,281,375,56.10,19.70,3.10,17.50
7/3/18-8:17:46,839,275,371,55.80,19.70,3.20,13.10
7/3/18-8:18:47,840,278,377,56.10,19.70,3.50,15.30
7/3/18-8:19:48,838,293,379,56.10,19.80,2.60,7.80
7/3/18-8:20:49,838,287,376,56.60,19.80,3.30,24.80
7/3/18-8:21:50,837,286,382,56.20,19.70,3.30,19.80
7/3/18-8:22:51,838,290,391,56.70,19.70,3.70,16.60
7/3/18-8:23:52,838,287,373,56.50,19.80,3.30,26.10
7/3/18-8:24:53,838,279,380,56.30,19.80,3.40,14.80
7/3/18-8:25:54,838,276,380,56.10,19.80,3.10,15.40
7/3/18-8:26:55,836,288,396,55.80,19.80,3.30,11.60
7/3/18-8:27:56,836,298,395,56.70,19.80,2.90,11.30
7/3/18-8:28:57,838,289,374,57.20,19.80,2.60,9.80
7/3/18-8:29:58,838,283,372,55.90,19.90,3.20,10.50
7/3/18-8:30:59,839,285,378,56.90,19.90,2.80,11.60
7/3/18-8:32:0,837,286,389,57.40,19.90,2.80,11.80
7/3/18-8:33:1,838,284,388,57.40,20.00,3.00,14.50
7/3/18-8:34:2,837,293,393,56.90,20.00,3.00,9.90
7/3/18-8:35:3,837,282,377,56.50,20.00,3.10,13.00
7/3/18-8:36:4,836,271,387,55.70,20.00,2.80,8.10
7/3/18-8:37:5,837,286,386,56.30,20.10,2.50,12.10
7/3/18-8:38:6,836,281,379,57.00,20.10,3.40,13.20
7/3/18-8:39:7,837,276,381,55.30,20.10,3.30,10.60
7/3/18-8:40:7,840,260,377,55.70,20.20,3.30,10.50
7/3/18-8:41:8,838,258,372,53.80,20.20,3.50,14.10
7/3/18-8:42:9,837,258,375,53.40,20.20,3.10,12.50
7/3/18-8:43:10,839,256,376,55.50,20.30,3.20,9.80
7/3/18-8:44:11,838,256,372,55.60,20.20,3.20,13.90
7/3/18-8:45:12,838,255,392,54.80,20.30,3.60,11.70
7/3/18-8:46:13,837,251,381,55.30,20.30,4.00,14.80
7/3/18-8:47:14,836,261,381,55.30,20.40,3.90,13.20
7/3/18-8:48:15,838,258,370,54.60,20.40,4.00,12.50
7/3/18-8:49:16,838,279,399,54.40,20.50,3.50,13.10
7/3/18-8:50:17,837,279,381,54.10,20.50,4.60,14.70
7/3/18-8:51:18,838,286,389,56.00,20.60,3.70,13.30
7/3/18-8:52:19,837,278,373,55.90,20.60,4.80,27.80
7/3/18-8:53:20,838,265,369,54.70,20.70,4.90,20.30
7/3/18-8:54:21,836,275,409,55.10,20.70,5.90,30.10
7/3/18-8:55:22,838,283,395,55.20,20.70,5.30,18.00
7/3/18-8:56:23,837,287,401,55.40,20.70,6.10,19.30
7/3/18-8:57:24,838,262,368,54.80,20.80,5.80,20.00
7/3/18-8:58:25,839,283,415,55.00,20.80,6.40,18.80
7/3/18-8:59:26,836,276,389,55.10,20.90,6.40,18.70
7/3/18-9:0:27,838,245,359,54.40,20.90,7.50,16.80
7/3/18-9:1:28,839,239,404,54.00,21.00,8.20,13.80
7/3/18-9:2:29,837,244,371,54.70,20.90,8.30,17.90
7/3/18-9:3:30,838,251,437,54.80,21.00,8.90,17.90
7/3/18-9:4:31,838,239,363,54.30,21.00,8.80,22.50
7/3/18-9:5:32,838,224,369,54.30,21.00,10.20,22.30
7/3/18-9:6:33,838,242,393,54.40,21.10,9.90,18.10
7/3/18-9:7:34,839,263,424,54.30,21.10,9.90,20.20
7/3/18-9:8:35,837,278,482,54.40,21.10,11.50,21.00
7/3/18-9:9:36,839,299,418,54.50,21.20,10.20,20.60
7/3/18-9:10:37,839,268,371,54.90,21.30,11.20,23.00
7/3/18-9:11:38,838,241,373,54.40,21.30,12.30,28.10
7/3/18-9:12:39,842,229,370,54.20,21.30,11.70,24.60
7/3/18-9:13:40,840,212,385,54.60,21.30,13.30,25.50
7/3/18-9:14:41,838,233,415,54.00,21.40,14.50,26.30
7/3/18-9:15:42,838,251,417,54.30,21.40,13.70,28.00
7/3/18-9:16:43,839,247,388,54.00,21.40,14.90,28.00
7/3/18-9:17:44,838,251,406,54.40,21.50,15.90,26.50
7/3/18-9:18:45,837,247,432,54.20,21.50,17.00,31.30
7/3/18-9:19:46,837,256,407,53.60,21.60,16.20,25.60
7/3/18-9:20:47,838,268,541,53.20,21.70,16.00,36.70
7/3/18-9:21:48,838,277,424,53.90,21.70,15.00,28.40
7/3/18-9:22:49,836,272,396,54.50,21.80,16.80,31.00
7/3/18-9:23:50,838,274,416,54.90,21.80,15.40,32.20
7/3/18-9:24:51,837,248,393,53.60,21.90,15.40,30.30
7/3/18-9:25:51,838,203,371,52.30,21.90,16.30,24.20
7/3/18-9:26:52,836,196,398,51.50,21.90,16.90,31.80
7/3/18-9:27:53,838,176,377,52.00,22.00,15.80,29.70
7/3/18-9:28:54,838,177,382,51.20,22.00,15.10,29.60
7/3/18-9:29:55,839,182,415,51.50,22.10,15.60,30.30
7/3/18-9:30:56,838,199,400,51.20,22.10,14.50,25.00
7/3/18-9:31:57,837,242,414,52.30,22.10,13.90,27.40
7/3/18-9:32:58,837,269,450,52.00,22.20,13.80,31.70
7/3/18-9:33:59,837,252,413,51.40,22.20,12.90,30.20
7/3/18-9:35:0,837,238,399,53.20,22.30,12.60,26.60
7/3/18-9:36:1,838,212,375,52.00,22.40,12.20,24.30
7/3/18-9:37:2,838,188,395,51.90,22.40,9.80,20.30
7/3/18-9:38:3,840,202,438,51.50,22.40,7.90,19.00
7/3/18-9:39:4,839,209,383,52.40,22.50,6.70,19.80
7/3/18-9:40:5,839,227,409,51.90,22.60,6.60,19.70
7/3/18-9:41:6,839,236,396,51.90,22.60,6.00,26.10
7/3/18-9:42:7,838,239,400,51.30,22.60,6.20,21.70
7/3/18-9:43:8,840,248,415,51.00,22.70,5.10,14.40
7/3/18-9:44:9,841,241,417,51.00,22.80,5.60,19.40
7/3/18-9:45:10,839,238,418,51.80,22.80,6.10,21.10
7/3/18-9:46:11,840,226,379,50.30,22.80,5.10,24.20
7/3/18-9:47:12,838,227,383,50.70,22.80,5.10,16.50
7/3/18-9:48:13,838,245,440,51.40,22.90,5.50,22.20
7/3/18-9:49:14,839,228,426,50.40,22.90,4.50,13.70
7/3/18-9:50:15,840,195,376,49.80,23.00,3.70,10.10
7/3/18-9:51:16,841,191,435,49.60,23.00,3.40,11.00
7/3/18-9:52:17,839,218,401,49.80,23.00,3.90,16.20
7/3/18-9:53:18,839,226,464,49.20,23.10,3.20,10.50
7/3/18-9:54:19,839,256,555,50.10,23.10,3.30,12.30
7/3/18-9:55:20,839,210,382,50.20,23.20,3.30,9.10
7/3/18-9:56:21,840,151,350,49.20,23.20,3.20,9.30
7/3/18-9:57:22,838,153,357,49.00,23.30,3.00,9.80
7/3/18-9:58:23,837,160,376,49.30,23.30,3.10,6.30
7/3/18-9:59:24,837,161,364,49.20,23.30,3.80,10.30
7/3/18-10:0:25,837,178,424,49.00,23.30,4.00,12.70
7/3/18-10:1:26,837,193,404,49.20,23.40,3.70,11.40
7/3/18-10:2:27,838,210,426,48.50,23.40,3.70,11.80
7/3/18-10:3:28,837,213,410,49.00,23.40,3.80,12.20
7/3/18-10:4:29,837,191,379,50.00,23.50,3.10,10.50
7/3/18-10:5:30,837,188,476,49.80,23.50,3.00,9.50
7/3/18-10:6:31,837,170,371,49.70,23.60,2.80,9.90
7/3/18-10:7:32,836,190,382,49.50,23.60,3.70,11.30
7/3/18-10:8:33,837,205,431,49.50,23.60,2.80,8.50
7/3/18-10:9:34,838,208,392,50.10,23.70,3.20,8.80
7/3/18-10:10:35,838,227,436,49.80,23.70,3.00,13.40
7/3/18-10:11:36,837,206,395,49.60,23.70,3.50,12.50
7/3/18-10:12:37,838,184,424,49.50,23.70,3.90,15.70
7/3/18-10:13:38,838,183,400,49.80,23.70,4.20,15.60
7/3/18-10:14:38,840,192,426,50.30,23.70,4.50,13.60
7/3/18-10:15:39,838,242,439,50.30,23.80,4.40,17.10
7/3/18-10:16:40,838,223,399,49.40,23.80,4.40,16.30
7/3/18-10:17:41,837,197,401,49.00,23.90,4.10,12.60
7/3/18-10:18:42,837,183,452,49.20,23.90,4.20,18.50
7/3/18-10:19:43,837,186,405,49.00,23.90,3.80,11.50
7/3/18-10:20:44,837,205,420,48.90,23.90,4.10,21.70
7/3/18-10:21:45,838,249,528,48.50,24.00,4.70,19.00
7/3/18-10:22:46,837,246,419,48.60,24.00,4.70,17.60
7/3/18-10:23:47,837,243,431,49.00,24.00,5.10,25.00
7/3/18-10:24:48,839,233,447,48.20,24.00,5.60,24.30
7/3/18-10:25:49,841,225,434,48.20,24.00,5.20,15.30
7/3/18-10:26:50,840,229,401,48.60,24.00,5.60,19.00
7/3/18-10:27:51,839,252,446,48.60,24.10,6.40,22.40
7/3/18-10:28:52,840,214,393,48.30,24.10,7.00,23.90
7/3/18-10:29:53,842,226,472,48.90,24.10,6.30,26.60
7/3/18-10:30:54,839,250,454,49.00,24.10,6.00,21.20
7/3/18-10:31:55,838,242,449,48.10,24.20,6.10,24.70
7/3/18-10:32:56,839,248,489,48.40,24.10,6.10,24.40
7/3/18-10:33:57,839,241,416,48.90,24.20,6.00,26.90
7/3/18-10:34:58,839,268,485,49.40,24.20,5.70,22.40
7/3/18-10:35:59,837,269,457,49.70,24.20,6.10,18.70
7/3/18-10:37:0,840,248,429,48.80,24.30,5.70,17.30
7/3/18-10:38:1,838,262,481,49.10,24.30,5.90,32.00
7/3/18-10:39:2,839,234,452,49.70,24.30,6.50,17.90
7/3/18-10:40:3,839,252,436,49.30,24.30,6.00,26.70
7/3/18-10:41:4,839,249,414,49.60,24.40,5.70,15.90
7/3/18-10:42:5,839,230,437,48.90,24.40,5.80,27.00
7/3/18-10:43:6,839,243,437,49.00,24.40,7.00,20.90
7/3/18-10:44:7,839,255,464,49.00,24.40,5.80,23.30
7/3/18-10:45:8,839,236,434,50.10,24.40,6.00,25.70
7/3/18-10:46:9,840,248,454,49.00,24.40,6.00,19.40
7/3/18-10:47:10,840,245,454,50.20,24.40,6.80,17.40
7/3/18-10:48:11,837,259,447,50.20,24.50,6.10,21.90
7/3/18-10:49:12,838,237,429,50.00,24.50,6.00,15.50
7/3/18-10:50:13,840,252,453,49.90,24.50,6.00,14.70
7/3/18-10:51:14,838,269,468,49.50,24.50,6.30,15.70
7/3/18-10:52:15,838,283,512,50.30,24.50,5.40,22.00
7/3/18-10:53:16,838,257,430,49.90,24.50,5.50,21.20
7/3/18-10:54:17,839,218,385,51.90,24.50,5.50,16.10
7/3/18-10:55:18,838,212,438,50.00,24.50,5.00,19.10
7/3/18-10:56:19,839,205,414,50.70,24.50,4.90,16.50
7/3/18-10:57:20,839,197,389,50.50,24.60,4.90,17.30
7/3/18-10:58:21,838,209,449,50.20,24.60,4.90,16.80
7/3/18-10:59:22,839,200,411,50.70,24.60,4.70,17.70
7/3/18-11:0:23,837,202,413,50.70,24.60,4.10,10.40
7/3/18-11:1:24,838,229,454,50.30,24.60,3.80,9.80
7/3/18-11:2:25,840,228,414,49.60,24.70,3.90,13.50
7/3/18-11:3:26,840,236,444,49.70,24.70,4.10,12.10
7/3/18-11:4:27,838,181,410,49.10,24.70,3.90,10.70
7/3/18-11:5:27,839,208,450,48.00,24.70,3.30,8.50
7/3/18-11:6:28,840,195,478,48.00,24.70,3.20,13.20
7/3/18-11:7:29,840,195,416,48.90,24.80,3.10,7.30
7/3/18-11:8:30,838,197,437,48.50,24.80,3.50,10.30
7/3/18-11:9:31,838,197,397,48.90,24.80,3.30,11.80
7/3/18-11:10:32,838,192,398,49.60,24.80,3.60,15.00
7/3/18-11:11:33,837,187,414,48.90,24.80,3.50,12.20
7/3/18-11:12:34,837,170,383,48.50,24.90,3.00,9.30
7/3/18-11:13:35,836,212,428,48.00,24.80,2.80,7.20
7/3/18-11:14:36,838,193,417,48.80,24.90,2.50,8.80
7/3/18-11:15:37,837,199,427,48.20,24.90,3.30,10.40
7/3/18-11:16:38,838,181,381,48.90,24.90,3.20,10.80
7/3/18-11:17:39,840,151,371,47.70,24.90,2.70,11.00
7/3/18-11:18:40,840,141,389,47.70,25.00,3.20,13.90
7/3/18-11:19:41,839,128,369,47.90,25.00,4.00,15.50
7/3/18-11:20:42,839,194,443,48.00,25.00,2.50,11.70
7/3/18-11:21:43,840,180,416,46.50,25.00,3.00,7.80
7/3/18-11:22:44,838,172,405,46.50,25.10,2.80,11.20
7/3/18-11:23:45,838,215,471,46.20,25.10,3.10,14.90
7/3/18-11:24:46,839,218,467,45.90,25.10,2.70,8.00
7/3/18-11:25:47,839,208,400,45.70,25.20,2.30,9.00
7/3/18-11:26:48,838,202,450,45.70,25.20,2.60,8.60
7/3/18-11:27:49,837,166,387,45.30,25.20,2.20,9.50
7/3/18-11:28:50,838,183,417,46.10,25.20,2.50,7.40
7/3/18-11:29:51,839,169,432,46.50,25.20,2.30,4.80
7/3/18-11:30:52,840,155,377,48.10,25.20,2.60,7.30
7/3/18-11:31:53,838,176,457,48.50,25.20,2.70,9.20
7/3/18-11:32:54,842,144,384,47.80,25.30,2.60,8.30
7/3/18-11:33:55,837,134,403,48.60,25.30,3.40,11.60
7/3/18-11:34:56,836,137,482,49.30,25.30,2.60,11.90
7/3/18-11:35:57,839,151,383,51.40,25.30,2.50,6.40
7/3/18-11:36:58,838,177,441,48.10,25.30,2.80,8.30
7/3/18-11:37:59,839,178,402,49.40,25.40,3.10,12.00
7/3/18-11:39:0,839,145,395,49.00,25.50,3.00,9.90
7/3/18-11:40:1,839,139,436,49.40,25.40,2.30,8.50
7/3/18-11:41:2,837,129,376,49.50,25.50,2.70,8.80
7/3/18-11:42:3,839,138,398,49.60,25.50,2.90,6.40
7/3/18-11:43:4,838,134,406,48.90,25.50,2.10,7.80
7/3/18-11:44:5,839,151,412,49.50,25.50,2.50,8.80
7/3/18-11:45:6,839,163,449,47.00,25.50,3.00,9.60
7/3/18-11:46:7,837,200,440,47.00,25.50,2.10,5.80
7/3/18-11:47:8,838,169,389,48.60,25.60,2.90,12.30
7/3/18-11:48:9,840,163,424,46.90,25.60,2.70,10.60
7/3/18-11:49:10,838,148,408,49.70,25.60,3.00,9.60
7/3/18-11:50:11,839,143,420,47.50,25.60,2.30,8.60
7/3/18-11:51:12,839,125,435,46.80,25.60,2.90,8.80
7/3/18-11:52:13,839,144,439,49.80,25.70,2.50,8.00
7/3/18-11:53:14,839,139,452,48.70,25.70,2.70,7.70
7/3/18-11:54:15,838,121,364,48.10,25.70,3.00,8.70
7/3/18-11:55:16,839,146,403,49.30,25.80,3.30,10.60
7/3/18-11:56:17,837,110,365,49.90,25.80,3.00,12.60
7/3/18-11:57:18,837,104,359,47.00,25.90,3.20,17.00
7/3/18-11:58:19,837,158,464,47.60,25.90,3.20,14.20
7/3/18-11:59:19,837,137,374,46.80,25.90,3.30,11.10
7/3/18-12:0:20,838,127,389,47.90,25.90,3.80,11.20
7/3/18-12:1:21,839,115,381,47.60,25.90,3.60,10.30
7/3/18-12:2:22,837,128,391,47.70,26.00,3.30,13.90
7/3/18-12:3:23,837,154,430,47.20,26.00,3.40,7.30
7/3/18-12:4:24,836,163,441,46.90,26.10,2.70,11.00
7/3/18-12:5:25,836,123,371,47.20,26.10,2.90,10.40
7/3/18-12:6:26,839,158,402,50.80,26.10,2.90,12.80
7/3/18-12:7:27,837,151,428,49.00,26.10,2.90,10.40
7/3/18-12:8:28,835,148,456,50.00,26.20,3.30,12.50
7/3/18-12:9:29,836,145,432,50.20,26.20,2.90,6.10
7/3/18-12:10:30,837,164,398,50.20,26.20,2.80,9.50
7/3/18-12:11:31,836,183,475,50.00,26.20,2.70,6.90
7/3/18-12:12:32,837,119,361,49.00,26.20,2.80,8.40
7/3/18-12:13:33,836,161,433,49.60,26.20,2.80,8.80
7/3/18-12:14:34,836,159,494,49.40,26.20,2.50,9.30
7/3/18-12:15:35,837,177,442,48.20,26.20,2.60,11.60
7/3/18-12:16:36,840,171,426,49.90,26.20,2.40,9.00
7/3/18-12:17:37,837,153,425,50.30,26.20,2.40,8.50
7/3/18-12:18:38,836,134,375,49.60,26.20,2.40,8.00
7/3/18-12:19:39,834,196,439,51.50,26.20,3.10,8.30
7/3/18-12:20:40,833,151,384,49.20,26.20,2.90,9.70
7/3/18-12:21:41,834,152,381,49.20,26.30,2.70,15.80
7/3/18-12:22:42,835,157,402,48.80,26.30,3.00,13.60
7/3/18-12:23:43,836,149,377,47.10,26.40,3.20,9.10
7/3/18-12:24:44,834,147,392,50.70,26.40,2.90,16.50
7/3/18-12:25:45,834,155,421,48.10,26.40,2.80,9.20
7/3/18-12:26:46,835,189,432,47.00,26.50,2.60,9.00
7/3/18-12:27:47,836,199,436,47.10,26.50,3.00,8.60
7/3/18-12:28:48,836,152,405,47.40,26.50,3.20,12.10
7/3/18-12:29:49,836,147,378,47.10,26.50,3.20,9.80
7/3/18-12:30:50,836,127,400,47.10,26.50,3.20,10.30
7/3/18-12:31:51,833,118,365,47.10,26.50,2.90,9.00
7/3/18-12:32:52,835,133,436,48.40,26.40,3.00,11.10
7/3/18-12:33:53,836,174,462,48.50,26.50,3.00,8.90
7/3/18-12:34:54,834,173,423,48.30,26.50,2.80,6.50
7/3/18-12:35:55,832,156,416,48.70,26.50,3.60,14.70
7/3/18-12:36:56,834,204,430,49.50,26.50,3.30,15.10
7/3/18-12:37:57,834,155,437,51.20,26.50,3.30,10.30
7/3/18-12:38:58,833,179,409,53.90,26.50,3.40,8.20
7/3/18-12:39:59,833,199,431,52.70,26.60,3.50,13.30
7/3/18-12:41:0,833,175,380,54.60,26.60,3.40,8.30
7/3/18-12:42:1,834,138,409,51.50,26.70,3.00,10.40
7/3/18-12:43:2,834,168,409,48.20,26.70,3.10,10.40
7/3/18-12:44:3,833,166,434,48.00,26.70,2.90,9.40
7/3/18-12:45:4,834,216,471,49.80,26.70,3.50,9.70
7/3/18-12:46:5,832,171,415,48.00,26.80,3.30,12.10
7/3/18-12:47:6,832,154,440,49.10,26.90,3.50,9.60
7/3/18-12:48:7,835,159,422,47.10,26.90,3.60,10.70
7/3/18-12:49:8,833,146,403,48.10,26.90,3.40,8.40
7/3/18-12:50:9,833,146,409,46.30,26.90,3.60,8.60
7/3/18-12:51:10,834,127,383,45.80,26.90,3.50,9.30
7/3/18-12:52:11,834,174,412,46.40,26.90,3.80,12.60
7/3/18-12:53:12,833,156,397,47.80,26.90,3.50,12.10
7/3/18-12:54:13,834,214,505,48.20,27.00,3.50,11.10
7/3/18-12:55:13,835,155,382,47.80,26.90,3.40,10.60
7/3/18-12:56:14,835,138,379,49.40,27.00,3.90,12.40
7/3/18-12:57:15,835,127,392,50.30,27.00,4.20,25.20
7/3/18-12:58:16,833,138,415,49.20,27.00,4.10,20.10
7/3/18-12:59:17,837,160,434,49.20,27.10,3.40,13.20
7/3/18-13:0:18,837,132,391,48.00,27.10,3.10,9.00
7/3/18-13:1:19,834,138,444,48.50,27.20,3.60,14.40
7/3/18-13:2:20,833,162,424,48.70,27.30,3.20,9.80
7/3/18-13:3:21,832,215,459,48.30,27.30,3.30,11.40
7/3/18-13:4:22,834,217,445,47.50,27.40,3.10,8.90
7/3/18-13:5:23,835,181,465,47.20,27.40,2.60,8.90
7/3/18-13:6:24,832,170,408,48.80,27.40,2.70,4.90
7/3/18-13:7:25,833,132,374,48.30,27.40,2.80,10.10
7/3/18-13:8:26,834,113,370,47.30,27.40,3.10,11.30
7/3/18-13:9:27,834,112,379,50.40,27.40,2.70,8.60
7/3/18-13:10:28,833,148,404,49.40,27.40,2.80,8.60
7/3/18-13:11:29,834,232,436,47.70,27.50,2.70,17.70
7/3/18-13:12:30,833,230,502,46.60,27.50,3.00,11.20
7/3/18-13:13:31,832,174,451,46.90,27.60,2.90,7.50
7/3/18-13:14:32,834,163,393,46.90,27.60,2.70,10.00
7/3/18-13:15:33,834,148,409,44.10,27.60,2.90,9.70
7/3/18-13:16:34,835,183,412,44.80,27.60,2.20,9.00
7/3/18-13:17:35,834,187,413,45.30,27.60,2.40,5.00
7/3/18-13:18:36,834,222,464,43.70,27.70,2.90,10.20
7/3/18-13:19:37,833,229,463,44.90,27.70,2.80,8.10
7/3/18-13:20:38,834,216,413,44.40,27.70,2.40,7.10
7/3/18-13:21:39,832,233,434,44.30,27.80,2.50,9.70
7/3/18-13:22:40,833,245,470,45.30,27.80,2.40,9.30
7/3/18-13:23:41,834,223,421,44.90,27.80,2.70,10.20
7/3/18-13:24:42,833,161,408,47.00,27.80,2.80,9.30
7/3/18-13:25:43,834,150,451,46.70,27.80,2.10,11.60
7/3/18-13:26:44,833,213,426,47.40,27.80,2.90,8.60
7/3/18-13:27:45,832,191,416,46.80,27.90,2.80,7.40
7/3/18-13:28:46,834,235,453,46.00,27.90,2.60,7.40
7/3/18-13:29:47,833,208,430,43.70,27.90,2.10,6.50
7/3/18-13:30:48,834,169,383,43.60,27.90,1.50,5.90
7/3/18-13:31:49,834,181,440,44.80,28.00,2.20,10.50
7/3/18-13:32:50,834,204,426,43.50,28.00,1.90,5.70
7/3/18-13:33:51,834,165,399,44.80,28.10,2.70,8.80
7/3/18-13:34:52,836,158,445,42.00,28.00,2.00,6.10
7/3/18-13:35:53,835,189,455,42.20,28.00,1.70,7.00
7/3/18-13:36:54,833,202,455,42.30,28.10,1.80,5.20
7/3/18-13:37:55,836,175,441,41.50,28.10,2.10,7.30
7/3/18-13:38:56,834,230,522,44.20,28.20,2.40,6.90
7/3/18-13:39:57,834,223,445,43.20,28.20,2.40,5.80
7/3/18-13:40:58,833,208,439,41.50,28.20,1.80,3.30
7/3/18-13:41:59,835,196,446,41.90,28.30,2.20,7.70
7/3/18-13:43:0,835,206,427,42.70,28.30,2.30,7.70
7/3/18-13:44:1,835,173,421,44.50,28.30,2.10,8.30
7/3/18-13:45:2,835,149,413,44.70,28.30,2.20,11.50
7/3/18-13:46:3,835,189,433,45.40,28.30,2.30,10.10
7/3/18-13:47:4,834,224,469,41.90,28.40,2.50,16.30
7/3/18-13:48:5,835,167,416,42.70,28.40,2.10,4.30
7/3/18-13:49:6,835,135,409,39.80,28.40,2.20,6.50
7/3/18-13:50:7,833,213,439,41.50,28.40,1.80,6.30
7/3/18-13:51:8,835,208,431,40.80,28.40,1.70,5.80
7/3/18-13:52:9,833,186,452,40.30,28.50,2.10,8.00
7/3/18-13:53:9,834,233,495,40.70,28.50,1.40,3.70
7/3/18-13:54:10,833,268,484,40.20,28.50,1.80,5.70
7/3/18-13:55:11,834,272,472,42.10,28.60,1.90,7.60
7/3/18-13:56:12,833,244,453,39.90,28.60,1.70,5.60
7/3/18-13:57:13,835,201,424,39.70,28.70,1.50,3.80
7/3/18-13:58:14,835,177,459,42.10,28.70,1.70,7.00
7/3/18-13:59:15,834,219,427,42.00,28.70,1.50,3.30
7/3/18-14:0:16,835,209,423,42.90,28.70,1.50,3.30
7/3/18-14:1:17,837,257,502,43.00,28.80,2.20,7.80
7/3/18-14:2:18,835,225,453,44.00,28.80,2.10,9.20
7/3/18-14:3:19,835,243,453,42.00,28.80,2.00,7.10
7/3/18-14:4:20,835,220,440,46.20,28.90,1.80,8.90
7/3/18-14:5:21,835,221,452,47.70,28.80,1.90,7.00
7/3/18-14:6:22,833,211,453,47.50,28.90,1.90,7.30
7/3/18-14:7:23,835,204,438,48.80,28.90,1.80,7.80
7/3/18-14:8:24,833,197,420,44.00,28.90,1.60,5.20
7/3/18-14:9:25,834,213,454,40.40,28.90,1.60,5.20
7/3/18-14:10:26,835,210,472,40.50,29.00,1.80,8.40
7/3/18-14:11:27,835,242,465,41.70,29.00,1.70,5.10
7/3/18-14:12:28,835,229,507,39.90,29.00,1.50,4.40
7/3/18-14:13:29,835,206,401,41.30,29.00,1.90,7.40
7/3/18-14:14:30,835,216,433,40.90,29.10,1.80,7.20
7/3/18-14:15:31,837,182,420,41.70,29.10,1.90,9.90
7/3/18-14:16:32,835,203,430,42.50,29.10,1.60,6.90
7/3/18-14:17:33,834,218,428,40.90,29.20,1.40,4.20
7/3/18-14:18:34,836,220,488,41.70,29.20,1.50,5.70
7/3/18-14:19:35,834,170,409,41.00,29.20,1.70,5.30
7/3/18-14:20:36,835,211,449,42.20,29.30,1.90,6.70
7/3/18-14:21:37,835,224,436,41.20,29.30,1.50,6.30
7/3/18-14:22:38,834,222,429,39.70,29.40,2.00,7.10
7/3/18-14:23:39,833,231,423,41.00,29.40,1.80,5.50
7/3/18-14:24:40,834,218,444,40.00,29.40,1.60,5.30
7/3/18-14:25:41,835,159,402,39.30,29.40,1.90,5.30
7/3/18-14:26:42,833,205,450,39.20,29.40,1.50,5.50
7/3/18-14:27:43,836,220,421,39.80,29.40,1.80,5.40
7/3/18-14:28:44,835,235,438,38.10,29.50,1.30,6.10
7/3/18-14:29:45,835,208,442,40.70,29.50,1.90,6.20
7/3/18-14:30:46,834,258,528,40.60,29.50,1.50,3.80
7/3/18-14:31:47,834,235,449,40.50,29.50,1.40,5.40
7/3/18-14:32:48,835,249,470,41.20,29.60,1.70,7.50
7/3/18-14:33:49,834,244,462,40.40,29.60,1.90,7.80
7/3/18-14:34:50,835,263,526,42.30,29.60,1.80,4.10
7/3/18-14:35:51,835,263,422,44.20,29.70,1.30,7.40
7/3/18-14:36:52,834,215,437,39.60,29.70,1.20,4.40
7/3/18-14:37:53,835,269,422,39.40,29.70,1.60,8.40
7/3/18-14:38:54,833,268,472,42.70,29.70,1.40,6.90
7/3/18-14:39:55,834,207,445,40.50,29.80,1.80,5.30
7/3/18-14:40:56,834,268,530,43.60,29.80,2.60,8.20
7/3/18-14:41:57,833,245,425,40.70,29.80,1.50,5.10
7/3/18-14:42:58,835,222,514,41.60,29.80,1.60,5.50
7/3/18-14:43:59,835,208,430,43.40,29.80,1.30,5.10
7/3/18-14:45:0,833,220,411,43.40,29.90,1.50,7.50
7/3/18-14:46:1,834,231,411,39.20,29.90,2.10,21.40
7/3/18-14:47:2,833,204,429,40.60,30.00,1.70,9.50
7/3/18-14:48:3,834,211,447,43.10,30.00,1.70,10.10
7/3/18-14:49:4,834,198,412,42.60,30.00,1.80,12.60
7/3/18-14:50:5,833,227,410,42.30,30.00,1.90,10.90
7/3/18-14:51:6,835,241,452,41.80,30.10,1.70,4.60
7/3/18-14:52:7,835,240,436,42.90,30.00,1.40,5.20
7/3/18-14:53:8,836,199,417,41.90,30.00,1.20,5.80
7/3/18-14:54:9,834,236,461,38.90,30.00,1.30,4.70
7/3/18-14:55:9,836,225,447,40.20,30.00,1.20,2.90
7/3/18-14:56:10,835,225,465,39.20,30.10,1.30,6.00
7/3/18-14:57:11,834,233,449,39.10,30.10,1.40,4.40
7/3/18-14:58:12,834,261,467,41.40,30.20,1.60,5.50
7/3/18-14:59:13,834,230,450,38.30,30.20,1.30,3.80
7/3/18-15:0:14,835,217,396,42.40,30.20,1.80,5.70
7/3/18-15:1:15,835,233,505,40.70,30.30,1.90,8.40
7/3/18-15:2:16,833,264,427,42.00,30.20,1.50,3.60
7/3/18-15:3:17,835,229,400,38.90,30.30,1.30,6.20
7/3/18-15:4:18,833,176,421,38.70,30.30,1.20,9.00
7/3/18-15:5:19,833,219,415,39.40,30.30,1.30,7.80
7/3/18-15:6:20,833,249,451,39.00,30.40,1.10,2.70
7/3/18-15:7:21,835,263,451,37.30,30.40,1.10,4.20
7/3/18-15:8:22,834,245,421,38.60,30.40,1.60,2.50
7/3/18-15:9:23,835,217,431,38.00,30.40,1.40,4.40
7/3/18-15:10:24,833,225,441,37.40,30.40,1.30,4.60
7/3/18-15:11:25,835,207,423,35.80,30.30,1.20,5.80
7/3/18-15:12:26,835,242,467,37.70,30.30,1.80,6.20
7/3/18-15:13:27,836,212,441,36.30,30.40,1.00,4.80
7/3/18-15:14:28,835,234,412,35.10,30.40,1.10,6.60
7/3/18-15:15:29,835,240,429,35.50,30.40,1.20,3.10
7/3/18-15:16:30,833,285,471,35.70,30.40,1.60,6.90
7/3/18-15:17:31,835,320,479,35.70,30.50,1.60,7.20
7/3/18-15:18:32,834,282,422,36.40,30.50,1.20,4.00
7/3/18-15:19:33,834,293,438,35.00,30.50,1.30,3.70
7/3/18-15:20:34,835,288,431,34.40,30.60,1.00,3.50
7/3/18-15:21:35,835,220,426,34.00,30.60,1.30,4.20
7/3/18-15:22:36,835,265,462,34.50,30.60,1.40,2.90
7/3/18-15:23:37,836,295,513,34.20,30.60,1.50,5.40
7/3/18-15:24:38,835,261,436,34.30,30.60,1.40,4.80
7/3/18-15:25:39,835,262,464,34.80,30.60,1.30,8.10
7/3/18-15:26:40,834,268,433,33.30,30.60,1.30,4.80
7/3/18-15:27:41,834,278,424,33.40,30.70,1.20,3.90
7/3/18-15:28:42,833,229,430,34.40,30.60,1.20,1.90
7/3/18-15:29:43,833,250,508,34.40,30.60,1.20,4.00
7/3/18-15:30:44,836,219,460,34.90,30.70,1.40,5.60
7/3/18-15:31:45,836,240,480,36.50,30.70,1.50,4.20
7/3/18-15:32:46,835,247,448,34.60,30.70,1.10,4.80
7/3/18-15:33:47,837,256,421,34.60,30.70,1.60,5.30
7/3/18-15:34:48,834,265,458,34.10,30.70,1.70,8.40
7/3/18-15:35:49,836,250,450,34.30,30.80,1.20,4.10
7/3/18-15:36:50,836,223,441,34.90,30.80,1.40,3.50
7/3/18-15:37:51,836,244,429,34.60,30.80,1.20,4.50
7/3/18-15:38:52,836,264,490,35.40,30.80,1.20,3.00
7/3/18-15:39:53,835,290,481,35.00,30.80,1.40,4.80
7/3/18-15:40:54,833,254,407,34.20,30.80,1.10,4.20
7/3/18-15:41:55,835,246,434,37.00,30.90,1.10,1.70
7/3/18-15:42:56,836,239,418,33.90,30.80,1.40,4.50
7/3/18-15:43:57,835,287,493,33.90,30.80,1.40,7.40
7/3/18-15:44:58,837,280,450,34.30,30.80,1.00,3.80
7/3/18-15:45:59,837,300,480,37.60,30.80,1.60,4.10
7/3/18-15:47:0,833,286,485,39.20,30.80,1.30,6.70
7/3/18-15:48:1,836,184,405,33.80,30.80,1.00,4.90
7/3/18-15:49:2,833,241,459,35.30,30.80,1.20,4.20
7/3/18-15:50:3,835,255,428,35.20,30.80,1.30,3.70
7/3/18-15:51:4,837,258,442,34.90,30.80,1.40,5.70
7/3/18-15:52:5,836,276,478,33.60,30.80,1.20,5.60
7/3/18-15:53:6,835,299,492,33.70,30.90,1.50,5.70
7/3/18-15:54:7,835,291,470,34.30,30.90,1.20,4.20
7/3/18-15:55:8,835,262,424,34.00,30.90,1.40,4.70
7/3/18-15:56:9,837,270,464,33.80,30.90,1.20,3.10
7/3/18-15:57:10,837,276,443,35.20,30.90,1.30,4.80
7/3/18-15:58:11,836,241,407,34.70,31.00,1.30,2.20
7/3/18-15:59:12,838,230,435,34.00,31.00,1.30,2.80
7/3/18-16:0:12,839,236,451,33.80,31.00,1.20,5.20
7/3/18-16:1:13,837,263,426,33.60,30.90,1.20,4.00
7/3/18-16:2:14,838,257,481,32.60,31.00,1.20,6.30
7/3/18-16:3:15,838,238,432,33.30,31.00,1.20,3.10
7/3/18-16:4:16,838,261,470,34.10,31.00,1.00,2.10
7/3/18-16:5:17,839,276,477,33.00,30.90,1.50,5.20
7/3/18-16:6:18,839,263,479,32.20,30.90,1.60,4.70
7/3/18-16:7:19,839,264,466,32.00,30.90,1.30,5.90
7/3/18-16:8:20,839,239,457,32.90,30.90,1.40,6.70
7/3/18-16:9:21,838,264,488,32.60,30.90,1.20,1.90
7/3/18-16:10:22,838,243,423,33.50,31.00,1.20,3.70
7/3/18-16:11:23,840,264,458,32.70,31.00,1.20,4.20
7/3/18-16:12:24,838,254,443,31.70,31.00,1.60,6.50
7/3/18-16:13:25,840,255,450,31.30,31.10,1.00,1.40
7/3/18-16:14:26,838,260,409,31.60,31.10,1.40,3.00
7/3/18-16:15:27,842,260,468,31.60,31.10,1.10,8.50
7/3/18-16:16:28,841,230,425,30.60,31.10,1.00,3.60
7/3/18-16:17:29,840,236,433,30.30,31.10,1.00,3.20
7/3/18-16:18:30,839,263,454,31.40,31.10,1.50,5.40
7/3/18-16:19:31,840,292,494,31.70,31.10,1.10,2.20
7/3/18-16:20:32,837,281,454,32.10,31.10,1.10,2.30
7/3/18-16:21:33,840,292,487,32.30,31.10,1.50,4.00
7/3/18-16:22:34,838,288,464,32.10,31.10,1.40,5.90
7/3/18-16:23:35,839,274,472,31.80,31.10,1.10,2.80
7/3/18-16:24:36,838,265,476,32.60,31.10,1.00,3.00
7/3/18-16:25:37,840,287,452,32.60,31.10,1.10,3.90
7/3/18-16:26:38,839,264,429,32.50,31.10,1.10,1.30
7/3/18-16:27:39,839,252,430,32.10,31.10,1.30,4.00
7/3/18-16:28:40,839,240,440,32.20,31.10,0.90,1.30
7/3/18-16:29:41,840,281,517,33.40,31.10,1.30,7.70
7/3/18-16:30:42,841,311,500,33.70,31.10,1.30,3.60
7/3/18-16:31:43,839,235,429,32.40,31.10,1.30,6.40
7/3/18-16:32:44,841,274,529,33.10,31.20,1.20,2.30
7/3/18-16:33:45,838,290,490,32.70,31.20,1.20,6.10
7/3/18-16:34:46,839,243,473,32.10,31.30,0.90,2.90
7/3/18-16:35:47,840,251,434,33.80,31.30,1.20,1.40
7/3/18-16:36:48,839,281,482,33.30,31.30,1.00,5.30
7/3/18-16:37:49,838,281,451,32.50,31.30,1.00,3.50
7/3/18-16:38:50,840,282,446,31.70,31.40,1.00,5.20
7/3/18-16:39:51,836,302,450,31.20,31.30,1.10,3.40
7/3/18-16:40:52,839,257,445,32.00,31.40,1.30,5.70
7/3/18-16:41:53,838,256,425,31.90,31.40,1.60,9.30
7/3/18-16:42:54,840,245,425,32.10,31.40,1.00,4.00
7/3/18-16:43:55,842,277,476,32.00,31.40,1.30,5.00
7/3/18-16:44:56,839,293,446,32.10,31.40,1.10,5.00
7/3/18-16:45:57,840,293,443,32.10,31.40,1.40,4.20
7/3/18-16:46:58,837,273,421,31.60,31.40,1.30,6.80
7/3/18-16:47:59,840,268,501,31.00,31.40,1.60,5.60
7/3/18-16:49:0,840,300,512,31.80,31.40,1.20,4.70
7/3/18-16:50:1,839,294,453,32.40,31.40,1.30,4.90
7/3/18-16:51:2,840,281,466,32.10,31.40,0.90,2.60
7/3/18-16:52:3,839,292,498,32.40,31.40,0.90,3.60
7/3/18-16:53:4,839,244,440,31.80,31.40,1.10,4.10
7/3/18-16:54:5,840,284,466,32.30,31.40,4.00,12.40
7/3/18-16:55:6,843,286,451,32.70,31.40,1.90,4.40
7/3/18-16:56:7,839,310,497,31.70,31.50,1.50,6.40
7/3/18-16:57:8,838,294,509,31.90,31.50,1.50,5.90
7/3/18-16:58:9,840,297,504,32.30,31.50,1.50,10.20
7/3/18-16:59:10,839,321,471,32.60,31.50,1.60,4.40
7/3/18-17:0:11,840,299,453,31.70,31.60,1.20,5.10
7/3/18-17:1:12,840,284,441,30.80,31.50,1.20,7.80
7/3/18-17:2:13,841,240,418,31.20,31.50,1.10,3.40
7/3/18-17:3:14,840,252,468,31.10,31.60,1.20,4.80
7/3/18-17:4:15,838,282,478,31.40,31.50,1.40,6.90
7/3/18-17:5:16,838,287,460,31.30,31.50,1.50,7.90
7/3/18-17:6:17,838,281,440,31.50,31.50,1.20,4.40
7/3/18-17:7:18,839,261,450,31.40,31.50,1.20,5.10
7/3/18-17:8:18,840,261,450,31.10,31.60,1.10,5.60
7/3/18-17:9:19,836,294,478,30.80,31.60,1.40,4.90
7/3/18-17:10:20,839,272,470,32.10,31.50,1.10,3.80
7/3/18-17:11:21,836,274,439,31.00,31.60,1.20,7.30
7/3/18-17:12:22,840,231,465,32.20,31.60,1.50,6.70
7/3/18-17:13:23,838,234,428,31.90,31.60,0.90,3.90
7/3/18-17:14:24,837,253,440,32.20,31.60,1.30,4.40
7/3/18-17:15:25,839,265,439,30.90,31.60,1.10,5.70
7/3/18-17:16:26,840,253,460,29.90,31.60,0.80,3.80
7/3/18-17:17:27,838,252,469,31.50,31.60,1.10,3.50
7/3/18-17:18:28,838,291,444,32.20,31.50,1.40,3.40
7/3/18-17:19:29,839,296,476,31.60,31.60,1.00,3.90
7/3/18-17:20:30,840,308,480,31.40,31.60,1.20,3.30
7/3/18-17:21:31,839,288,480,30.50,31.60,1.10,6.10
7/3/18-17:22:32,839,310,459,31.30,31.60,1.50,6.70
7/3/18-17:23:33,838,280,471,29.60,31.60,1.20,4.00
7/3/18-17:24:34,838,320,514,29.90,31.60,1.00,3.20
7/3/18-17:25:35,839,297,458,29.10,31.70,1.10,4.80
7/3/18-17:26:36,840,307,484,29.50,31.70,1.00,2.20
7/3/18-17:27:37,838,300,483,29.50,31.60,2.00,22.10
7/3/18-17:28:38,839,295,438,29.70,31.60,1.10,5.50
7/3/18-17:29:39,839,309,492,28.90,31.70,1.40,6.20
7/3/18-17:30:40,840,280,452,29.10,31.70,1.00,2.10
7/3/18-17:31:41,840,316,470,30.00,31.80,1.10,4.00
7/3/18-17:32:42,838,271,423,29.70,31.80,1.20,4.30
7/3/18-17:33:43,840,281,495,32.10,31.80,1.30,3.30
7/3/18-17:34:44,839,282,437,30.60,31.80,1.00,5.00
7/3/18-17:35:45,839,305,463,31.00,31.90,1.20,3.60
7/3/18-17:36:46,840,300,462,30.90,31.90,1.10,6.40
7/3/18-17:37:47,840,333,495,29.70,31.90,0.90,4.30
7/3/18-17:38:48,839,345,519,31.20,32.00,1.10,3.20
7/3/18-17:39:49,838,317,444,30.20,31.90,1.00,3.90
7/3/18-17:40:50,840,288,422,30.20,32.00,1.30,6.00
7/3/18-17:41:51,839,300,441,30.10,32.00,1.20,2.20
7/3/18-17:42:52,839,271,466,29.90,32.00,1.20,7.20
7/3/18-17:43:53,839,266,467,33.80,32.00,0.90,3.00
7/3/18-17:44:54,838,283,455,30.00,32.00,1.60,22.20
7/3/18-17:45:55,839,285,448,30.80,32.10,1.40,5.50
7/3/18-17:46:56,837,271,477,30.00,32.20,1.10,4.70
7/3/18-17:47:57,839,284,475,29.80,32.20,1.00,5.00
7/3/18-17:48:58,840,290,458,29.80,32.30,1.20,3.40
7/3/18-17:49:59,839,283,441,29.70,32.30,1.30,6.20
7/3/18-17:51:0,838,278,462,31.10,32.30,1.30,3.90
7/3/18-17:52:1,839,322,522,30.50,32.40,1.20,6.40
7/3/18-17:53:2,839,300,459,30.40,32.50,1.00,7.20
7/3/18-17:54:3,841,309,469,31.10,32.50,1.50,13.70
7/3/18-17:55:4,842,307,462,31.60,32.50,1.50,10.60
7/3/18-17:56:5,840,327,526,30.70,32.50,1.20,6.20
7/3/18-17:57:6,839,337,487,31.70,32.60,1.40,4.60
7/3/18-17:58:7,838,327,469,30.80,32.60,1.40,4.30
7/3/18-17:59:8,839,338,481,29.70,32.70,1.50,4.70
7/3/18-18:0:9,838,342,486,30.50,32.70,1.30,5.70
7/3/18-18:1:10,838,348,504,30.00,32.80,1.20,3.90
7/3/18-18:2:11,838,332,495,30.10,32.80,1.10,7.10
7/3/18-18:3:12,837,326,472,30.60,32.80,1.20,5.50
7/3/18-18:4:13,839,316,449,29.70,32.80,1.10,1.80
7/3/18-18:5:14,838,284,439,30.00,32.80,1.10,5.10
7/3/18-18:6:15,837,321,487,30.30,32.80,1.20,3.50
7/3/18-18:7:16,838,327,482,29.70,32.80,1.10,3.50
7/3/18-18:8:17,839,298,458,28.90,32.80,1.30,6.60
7/3/18-18:9:18,839,288,430,29.50,32.80,1.20,5.70
7/3/18-18:10:19,838,288,447,29.20,32.90,1.00,4.30
7/3/18-18:11:20,837,301,483,0.00,32.90,1.30,2.90
7/3/18-18:12:21,837,326,470,28.10,32.80,1.10,4.40
7/3/18-18:13:22,835,334,510,27.80,32.80,1.00,5.20
7/3/18-18:14:23,838,335,472,28.20,32.80,1.00,5.40
7318.txt
7/3/18-18:23:39,833,396,371,28.30,32.30,1.00,3.00
7/3/18-18:24:40,830,330,370,30.00,32.30,1.20,3.20
7/3/18-18:25:41,833,317,379,30.00,32.20,0.90,2.00
7/3/18-18:26:42,833,319,392,30.10,32.30,1.70,4.60
7/3/18-18:27:43,833,344,404,29.40,32.30,1.50,5.00
7/3/18-18:28:44,833,316,381,29.60,32.30,1.20,4.70
7/3/18-18:29:45,833,318,425,30.00,32.30,1.40,7.90
7/3/18-18:30:46,833,299,385,29.50,32.30,1.50,8.40
7/3/18-18:31:47,833,278,376,29.30,32.30,1.20,4.20
7/3/18-18:32:48,833,323,454,30.10,32.30,1.70,4.40
7/3/18-18:33:49,831,362,426,30.40,32.30,1.30,8.60
7/3/18-18:34:50,832,353,411,31.30,32.30,1.60,7.20
7/3/18-18:35:51,831,353,416,30.20,32.40,1.50,6.80
7/3/18-18:36:51,833,343,405,30.20,32.50,1.30,6.70
7/3/18-18:37:52,833,329,429,30.00,32.50,1.20,3.70
7/3/18-18:38:53,832,326,406,31.60,32.50,1.50,7.00
7/3/18-18:39:54,832,326,433,32.90,32.50,1.30,6.50
7/3/18-18:40:55,833,326,435,31.60,32.50,1.20,4.90
7/3/18-18:41:56,833,301,401,30.60,32.50,1.40,6.20
7/3/18-18:42:57,836,320,432,31.00,32.50,1.30,3.70
7/3/18-18:43:58,833,329,444,30.00,32.50,1.10,2.50
7/3/18-18:44:59,833,331,420,29.70,32.50,1.30,5.10
7/3/18-18:46:0,832,294,390,30.50,32.50,1.20,3.50
7/3/18-18:47:1,833,274,397,30.70,32.50,1.30,2.50
7/3/18-18:48:2,833,299,402,29.90,32.50,1.20,5.80
7/3/18-18:49:3,833,306,428,30.00,32.50,1.00,6.60
7/3/18-18:50:4,832,337,466,31.00,32.50,1.30,5.70
7/3/18-18:51:5,832,314,398,30.40,32.60,1.40,6.70
7/3/18-18:52:6,830,322,413,29.70,32.70,1.70,5.80
7/3/18-18:53:7,833,323,427,30.00,32.60,1.50,9.30
7/3/18-18:54:8,832,338,425,30.70,32.70,1.50,5.90
7/3/18-18:55:9,833,320,411,30.40,32.70,1.80,12.10
7/3/18-18:56:10,831,304,415,30.80,32.70,1.70,11.30
7/3/18-18:57:11,832,335,440,31.70,32.60,1.40,4.20
7/3/18-18:58:12,831,357,428,31.90,32.60,1.50,3.30
7/3/18-18:59:13,834,345,442,30.00,32.50,1.80,8.80
7/3/18-19:0:14,833,339,427,33.40,32.50,1.50,7.80
7/3/18-19:1:15,833,355,462,32.80,32.40,1.50,5.90
7/3/18-19:2:16,833,334,417,34.10,32.30,1.60,5.90
7/3/18-19:3:17,832,316,408,34.30,32.20,1.50,6.80
7/3/18-19:4:18,832,312,413,34.90,32.10,1.50,6.60
7/3/18-19:5:19,833,294,417,34.70,32.00,1.80,6.70
7/3/18-19:6:20,831,301,426,34.40,31.90,1.90,9.90
7/3/18-19:7:21,832,317,412,35.60,31.80,2.10,9.40
7/3/18-19:8:22,834,320,441,36.10,31.70,2.00,8.40
7/3/18-19:9:23,833,300,406,36.20,31.70,1.80,11.60
7/3/18-19:10:24,834,277,416,35.90,31.60,1.60,7.90
7/3/18-19:11:25,833,306,429,35.40,31.50,1.80,4.90
7/3/18-19:12:26,832,313,416,36.20,31.40,1.70,4.90
7/3/18-19:13:27,832,284,405,35.90,31.30,1.50,6.00
7/3/18-19:14:28,832,283,412,36.60,31.20,1.60,7.40
7/3/18-19:15:29,834,310,415,37.00,31.20,1.50,3.20
7/3/18-19:16:30,833,316,421,36.10,31.10,1.70,8.10
7/3/18-19:17:31,832,336,468,36.40,31.00,1.50,9.20
7/3/18-19:18:32,834,338,433,36.50,31.00,1.50,7.90
7/3/18-19:19:33,834,328,411,36.40,31.00,1.40,6.30
7/3/18-19:20:34,835,299,416,36.30,30.90,1.60,4.50
7/3/18-19:21:35,833,283,408,36.60,30.90,1.70,4.80
7/3/18-19:22:36,834,282,404,37.60,30.80,2.00,8.00
7/3/18-19:23:37,834,270,421,35.80,30.80,1.60,8.90
7/3/18-19:24:38,833,285,419,37.30,30.80,1.90,9.00
7/3/18-19:25:39,835,310,432,35.80,30.70,1.80,7.90
7/3/18-19:26:40,832,294,422,36.40,30.60,1.40,7.60
7/3/18-19:27:41,835,313,420,36.00,30.60,2.20,12.90
7/3/18-19:28:42,834,287,421,35.00,30.60,1.80,9.20
7/3/18-19:29:43,835,288,423,35.70,30.60,2.00,17.30
7/3/18-19:30:44,833,286,443,36.70,30.50,1.80,9.30
7/3/18-19:31:45,834,309,414,36.20,30.50,1.80,10.30
7/3/18-19:32:46,835,299,416,37.10,30.50,1.90,13.00
7/3/18-19:33:47,832,305,434,36.00,30.40,2.10,11.40
7/3/18-19:34:48,836,308,420,37.10,30.40,2.10,12.30
7/3/18-19:35:49,834,309,411,36.70,30.40,2.70,10.10
7/3/18-19:36:50,834,324,445,37.10,30.30,2.80,25.20
7/3/18-19:37:51,834,346,474,36.60,30.30,2.00,13.40
7/3/18-19:38:52,833,345,446,38.00,30.30,2.20,9.90
7/3/18-19:39:53,833,337,425,37.40,30.20,1.80,10.70
7/3/18-19:40:54,833,359,453,38.20,30.20,2.00,8.20
7/3/18-19:41:55,835,320,432,37.80,30.20,3.30,12.00
7/3/18-19:42:56,835,322,420,39.40,30.20,3.20,10.90
7/3/18-19:43:57,835,320,416,38.50,30.10,4.50,8.70
7/3/18-19:44:58,835,315,428,38.10,30.10,4.70,11.00
7/3/18-19:45:59,835,318,414,38.10,30.00,5.50,14.60
7/3/18-19:46:59,834,317,427,38.90,30.00,5.80,11.80
7/3/18-19:48:0,834,314,425,38.40,30.00,4.40,12.00
7/3/18-19:49:1,835,330,432,38.80,30.00,3.80,11.20
7/3/18-19:50:2,835,320,413,39.20,29.90,3.70,9.70
7/3/18-19:51:3,834,322,413,39.10,29.80,3.70,11.30
7/3/18-19:52:4,835,324,439,37.10,29.80,3.50,14.60
7/3/18-19:53:5,835,333,434,39.20,29.80,3.10,9.10
7/3/18-19:54:6,833,327,422,38.30,29.70,2.40,7.40
7/3/18-19:55:7,835,342,440,39.10,29.80,2.30,7.40
7/3/18-19:56:8,834,348,438,39.80,29.70,2.40,9.50
7/3/18-19:57:9,832,330,413,38.90,29.70,2.80,10.50
7/3/18-19:58:10,835,320,403,37.40,29.70,2.70,11.40
7/3/18-19:59:11,834,311,422,37.90,29.70,2.50,14.70
7/3/18-20:0:12,835,298,428,37.50,29.60,2.30,11.20
7/3/18-20:1:13,835,290,409,39.30,29.60,2.50,11.70
7/3/18-20:2:14,833,304,411,39.20,29.50,2.10,12.80
7/3/18-20:3:15,835,299,412,38.90,29.50,2.40,8.60
7/3/18-20:4:16,835,273,398,40.40,29.50,2.30,9.50
7/3/18-20:5:17,835,297,438,40.00,29.40,2.50,8.20
7/3/18-20:6:18,835,306,429,38.40,29.40,2.10,6.90
7/3/18-20:7:19,835,313,425,40.00,29.30,1.70,6.90
7/3/18-20:8:20,834,306,408,39.80,29.30,2.10,13.60
7/3/18-20:9:21,834,314,421,39.10,29.30,1.90,7.90
7/3/18-20:10:22,836,285,392,40.50,29.20,1.70,7.90
7/3/18-20:11:23,835,287,403,40.60,29.30,2.00,7.70
7/3/18-20:12:24,838,302,411,39.10,29.20,1.60,7.30
7/3/18-20:13:25,834,303,425,40.00,29.20,2.00,8.70
7/3/18-20:14:26,838,279,389,41.90,29.20,2.00,9.10
7/3/18-20:15:27,836,288,420,43.50,29.10,1.80,10.50
7/3/18-20:16:28,835,326,437,42.60,29.10,1.70,9.30
7/3/18-20:17:29,836,317,421,41.40,29.10,2.00,11.40
7/3/18-20:18:30,836,318,440,40.70,29.10,1.90,11.00
7/3/18-20:19:31,839,319,418,42.10,29.00,1.80,8.70
7/3/18-20:20:32,836,309,417,39.60,29.00,1.80,7.50
7/3/18-20:21:33,835,314,412,41.50,29.00,2.00,6.10
7/3/18-20:22:34,836,321,431,42.20,29.00,2.10,6.30
7/3/18-20:23:35,836,319,413,41.70,29.00,2.60,6.60
7/3/18-20:24:36,836,333,425,38.40,29.00,2.00,6.90
7/3/18-20:25:37,836,327,416,38.40,29.00,1.80,4.30
7/3/18-20:26:38,836,337,451,38.40,29.00,2.00,9.30
7/3/18-20:27:39,836,331,415,38.70,29.00,1.60,6.30
7/3/18-20:28:40,834,322,409,38.50,29.00,2.50,8.10
7/3/18-20:29:41,837,297,405,38.60,29.00,1.80,6.30
7/3/18-20:30:42,836,294,407,38.30,28.90,2.30,8.30
7/3/18-20:31:43,837,315,435,38.10,28.90,2.10,9.60
7/3/18-20:32:44,836,311,421,38.20,28.90,1.90,8.90
7/3/18-20:33:45,836,341,451,38.20,28.90,2.00,10.30
7/3/18-20:34:46,837,332,419,38.10,28.90,2.20,6.10
7/3/18-20:35:47,835,300,415,39.30,28.80,1.80,10.50
7/3/18-20:36:48,836,330,442,38.00,28.80,2.10,6.40
7/3/18-20:37:49,835,326,411,38.10,28.80,1.90,6.60
7/3/18-20:38:50,837,302,397,38.10,28.80,2.20,8.30
7/3/18-20:39:51,837,291,415,38.20,28.80,1.80,8.40
7/3/18-20:40:52,837,290,400,39.10,28.80,1.70,5.70
7/3/18-20:41:53,836,288,397,38.90,28.80,1.80,8.80
7/3/18-20:42:54,836,290,407,38.90,28.80,2.20,6.80
7/3/18-20:43:55,837,295,403,38.80,28.70,2.10,7.30
7/3/18-20:44:56,836,293,398,38.80,28.70,2.00,9.90
7/3/18-20:45:57,837,301,409,39.60,28.70,1.70,7.70
7/3/18-20:46:58,837,312,407,39.40,28.60,2.00,5.30
7/3/18-20:47:58,836,298,395,41.70,28.70,1.90,6.60
7/3/18-20:48:59,835,319,412,39.70,28.60,2.00,10.10
7/3/18-20:50:0,837,317,419,40.40,28.60,1.90,10.00
7/3/18-20:51:1,837,326,414,40.50,28.60,2.10,7.60
7/3/18-20:52:2,837,323,407,39.80,28.60,2.00,9.40
7/3/18-20:53:3,840,324,439,42.50,28.60,1.80,10.60
7/3/18-20:54:4,837,303,400,41.20,28.50,2.10,6.60
7/3/18-20:55:5,839,306,401,41.40,28.40,2.00,7.90
7/3/18-20:56:6,836,319,415,41.70,28.40,2.30,8.20
7/3/18-20:57:7,836,313,403,41.50,28.40,2.10,7.40
7/3/18-20:58:8,836,305,397,41.50,28.40,2.90,13.30
7/3/18-20:59:9,835,308,393,42.00,28.30,2.20,13.00
7/3/18-21:0:10,836,302,391,42.30,28.30,2.10,9.50
7/3/18-21:1:11,836,314,419,42.70,28.30,2.20,8.10
7/3/18-21:2:12,836,318,408,43.20,28.30,2.00,8.40
7/3/18-21:3:13,835,315,398,42.50,28.20,2.70,8.70
7/3/18-21:4:14,837,311,406,43.30,28.30,2.00,6.90
7/3/18-21:5:15,835,323,409,42.70,28.20,2.60,7.20
7/3/18-21:6:16,836,309,390,43.60,28.20,4.40,11.40
7/3/18-21:7:17,836,327,410,44.30,28.20,4.10,7.60
7/3/18-21:8:18,836,321,402,43.10,28.20,3.90,10.50
7/3/18-21:9:19,840,299,396,41.90,28.20,3.60,10.90
7/3/18-21:10:20,837,309,394,43.00,28.20,3.80,12.20
7/3/18-21:11:21,837,308,392,44.20,28.10,3.30,9.90
7/3/18-21:12:22,837,317,409,44.20,28.10,3.00,6.90
7/3/18-21:13:23,837,325,413,43.20,28.10,3.90,11.30
7/3/18-21:14:24,835,339,441,44.00,28.10,3.30,8.50
7/3/18-21:15:25,836,323,406,45.10,28.00,3.70,10.60
7/3/18-21:16:26,835,337,442,45.10,28.00,3.80,13.00
7/3/18-21:17:27,837,324,409,43.60,28.00,3.20,12.00
7/3/18-21:18:28,837,323,421,43.60,28.00,3.50,10.40
7/3/18-21:19:29,836,323,402,41.60,27.90,4.60,19.00
7/3/18-21:20:30,839,322,402,44.90,27.90,4.60,16.50
7/3/18-21:21:31,835,324,402,45.20,28.00,4.70,21.10
7/3/18-21:22:32,837,318,402,45.90,28.00,4.40,21.60
7/3/18-21:23:33,837,322,403,43.40,27.90,4.50,21.00
7/3/18-21:24:34,837,327,406,43.80,27.90,4.60,18.90
7/3/18-21:25:35,837,334,411,44.00,27.80,4.20,12.90
7/3/18-21:26:36,838,329,411,44.60,27.90,4.40,17.40
7/3/18-21:27:37,837,332,406,43.70,27.80,5.10,20.50
7/3/18-21:28:38,837,335,410,44.50,27.80,4.60,22.20
7/3/18-21:29:39,836,335,407,44.70,27.80,5.50,14.40
7/3/18-21:30:40,837,329,402,44.50,27.70,5.50,14.20
7/3/18-21:31:41,837,335,417,44.50,27.80,6.60,17.10
7/3/18-21:32:42,836,335,417,45.30,27.70,6.60,20.20
7/3/18-21:33:43,835,337,409,44.70,27.60,6.30,15.50
7/3/18-21:34:44,837,332,402,44.80,27.70,6.20,14.00
7/3/18-21:35:45,838,332,406,46.30,27.60,6.20,14.70
7/3/18-21:36:46,837,333,407,44.50,27.60,6.20,11.10
7/3/18-21:37:47,836,330,400,44.40,27.60,7.00,14.40
7/3/18-21:38:48,836,329,404,44.20,27.50,5.80,17.10
7/3/18-21:39:49,837,334,423,44.00,27.50,6.20,15.70
7/3/18-21:40:50,836,343,408,44.40,27.40,6.60,16.90
7/3/18-21:41:51,837,338,414,45.90,27.40,5.40,10.50
7/3/18-21:42:52,835,332,408,45.80,27.40,8.20,20.70
7/3/18-21:43:53,838,335,414,45.80,27.30,6.80,18.40
7/3/18-21:44:54,835,352,425,46.10,27.30,6.00,14.50
7/3/18-21:45:54,838,341,431,46.30,27.30,5.90,15.50
7/3/18-21:46:55,836,343,417,45.40,27.30,5.20,11.90
7/3/18-21:47:56,837,333,408,44.90,27.30,4.40,9.70
7/3/18-21:48:57,837,331,406,47.60,27.30,4.80,11.60
7/3/18-21:49:58,836,349,413,45.60,27.30,4.90,17.00
7/3/18-21:50:59,838,354,447,44.20,27.20,4.10,9.20
7/3/18-21:52:0,837,349,422,44.60,27.20,4.70,10.30
7/3/18-21:53:1,838,326,400,45.40,27.30,4.30,12.90
7/3/18-21:54:2,838,318,429,45.90,27.20,3.40,12.40
7/3/18-21:55:3,838,319,417,44.20,27.20,3.50,7.20
7/3/18-21:56:4,836,319,412,45.00,27.20,3.30,10.40
7/3/18-21:57:5,835,321,413,45.50,27.20,3.50,10.90
7/3/18-21:58:6,836,331,429,44.70,27.30,2.70,9.70
7/3/18-21:59:7,838,313,399,47.10,27.20,2.80,9.40
7/3/18-22:0:8,837,346,459,44.80,27.20,2.60,11.10
7/3/18-22:1:9,838,324,406,43.80,27.20,2.70,9.10
7/3/18-22:2:10,837,314,399,44.50,27.20,3.20,7.00
7/3/18-22:3:11,837,323,445,45.40,27.30,2.90,9.20
7/3/18-22:4:12,838,343,435,45.00,27.30,3.00,6.70
7/3/18-22:5:13,838,334,413,44.90,27.30,3.90,8.50
7/3/18-22:6:14,836,312,403,46.10,27.30,3.70,9.20
7/3/18-22:7:15,837,315,428,45.40,27.30,3.90,8.80
7/3/18-22:8:16,837,311,397,45.20,27.30,4.70,9.90
7/3/18-22:9:17,837,343,454,44.50,27.30,5.30,12.70
7/3/18-22:10:18,837,352,443,45.20,27.30,4.20,10.00
7/3/18-22:11:19,835,347,421,46.80,27.30,4.40,9.80
7/3/18-22:12:20,838,356,448,44.10,27.30,3.70,7.90
7/3/18-22:13:21,838,365,453,45.50,27.30,3.90,11.20
7/3/18-22:14:22,835,363,435,45.60,27.30,4.30,8.90
7/3/18-22:15:23,837,330,405,46.30,27.30,3.50,6.70
7/3/18-22:16:24,838,325,407,45.50,27.30,3.70,9.10
7/3/18-22:17:25,836,332,426,46.30,27.30,4.10,11.20
7/3/18-22:18:26,837,334,424,45.90,27.40,4.60,11.10
7/3/18-22:19:27,836,328,406,45.20,27.40,3.50,9.10
7/3/18-22:20:28,838,327,419,46.60,27.40,4.00,10.90
7/3/18-22:21:29,838,321,412,46.50,27.40,3.80,9.00
7/3/18-22:22:30,837,319,411,46.10,27.40,4.10,8.90
7/3/18-22:23:31,838,347,451,46.60,27.30,4.10,13.30
7/3/18-22:24:32,836,347,440,44.60,27.30,5.30,10.20
7/3/18-22:25:33,838,366,447,47.00,27.30,4.80,16.90
7/3/18-22:26:34,838,343,414,46.80,27.30,4.50,13.60
7/3/18-22:27:35,838,335,421,47.10,27.30,4.40,12.20
7/3/18-22:28:36,837,342,429,46.50,27.30,5.50,11.50
7/3/18-22:29:37,841,334,419,46.50,27.30,5.20,8.70
7/3/18-22:30:38,839,323,420,47.90,27.30,4.70,13.10
7/3/18-22:31:39,836,345,422,45.80,27.30,4.90,19.50
7/3/18-22:32:40,837,343,424,47.30,27.30,4.80,12.00
7/3/18-22:33:41,837,324,401,47.30,27.30,4.80,11.50
7/3/18-22:34:42,836,334,414,47.80,27.30,4.80,9.40
7/3/18-22:35:43,836,327,411,46.80,27.30,5.20,14.00
7/3/18-22:36:44,838,323,405,46.40,27.30,5.00,9.20
7/3/18-22:37:45,835,324,419,45.90,27.20,5.10,13.80
7/3/18-22:38:46,838,333,435,47.20,27.30,5.50,14.70
7/3/18-22:39:47,838,339,413,46.70,27.20,5.00,11.00
7/3/18-22:40:48,838,328,406,47.00,27.20,5.60,13.40
7/3/18-22:41:49,838,324,404,46.90,27.20,4.30,9.50
7/3/18-22:42:49,836,321,399,47.50,27.20,4.60,10.80
7/3/18-22:43:50,838,321,403,48.10,27.10,4.60,11.40
7/3/18-22:44:51,837,336,419,48.30,27.10,4.10,8.50
7/3/18-22:45:52,838,327,411,46.50,27.10,4.80,13.40
7/3/18-22:46:53,837,336,416,47.40,27.10,3.90,9.10
7/3/18-22:47:54,836,355,439,46.40,27.00,4.30,9.50
7/3/18-22:48:55,838,342,411,47.00,27.00,4.10,15.40
7/3/18-22:49:56,836,331,414,48.50,27.00,4.00,9.30
7/3/18-22:50:57,836,348,443,48.60,27.00,4.20,8.00
7/3/18-22:51:58,837,345,411,48.60,27.00,4.50,10.60
7/3/18-22:52:59,838,336,415,48.80,27.00,4.10,13.00
7/3/18-22:54:0,837,337,427,48.20,27.00,3.50,7.00
7/3/18-22:55:1,837,338,410,48.40,27.00,3.60,9.60
7/3/18-22:56:2,838,344,437,50.00,27.00,3.80,9.20
7/3/18-22:57:3,838,341,417,49.10,27.00,3.60,11.30
7/3/18-22:58:4,837,330,407,48.30,27.00,3.50,8.10
7/3/18-22:59:5,838,327,427,48.90,26.90,4.20,7.90
7/3/18-23:0:6,837,328,413,47.80,27.00,3.80,8.90
7/3/18-23:1:7,838,330,436,46.30,26.90,3.70,8.60
7/3/18-23:2:8,840,326,413,46.10,26.90,3.60,8.80
7/3/18-23:3:9,836,326,402,20.50,26.90,3.70,8.50
7/3/18-23:4:10,839,322,404,49.60,26.90,3.90,8.90
7/3/18-23:5:11,838,339,430,50.00,26.90,3.80,7.60
7/3/18-23:6:12,838,326,409,49.00,26.90,4.50,11.80
7/3/18-23:7:13,839,330,417,49.20,26.80,3.50,7.50
7/3/18-23:8:14,839,316,400,50.00,26.80,4.00,9.80
7/3/18-23:9:15,838,315,397,47.90,26.80,3.40,10.00
7/3/18-23:10:16,838,326,418,48.30,26.80,3.60,10.60
7/3/18-23:11:17,838,322,405,47.60,26.80,4.30,15.60
7/3/18-23:12:18,839,313,399,48.10,26.80,4.10,10.10
7/3/18-23:13:19,837,320,406,47.00,26.70,4.00,12.20
7/3/18-23:14:20,838,325,408,47.90,26.70,4.10,10.70
7/3/18-23:15:21,838,333,408,47.80,26.70,4.80,11.70
7/3/18-23:16:22,838,333,407,48.50,26.70,4.40,8.80
7/3/18-23:17:23,838,336,428,48.10,26.70,5.20,11.40
7/3/18-23:18:24,838,329,404,47.70,26.70,6.10,12.30
7/3/18-23:19:25,838,328,403,48.10,26.70,5.20,12.10
7/3/18-23:20:26,839,326,402,47.90,26.60,5.70,17.00
7/3/18-23:21:27,838,325,403,48.20,26.60,4.50,10.30
7/3/18-23:22:28,839,323,399,47.20,26.60,5.00,8.60
7/3/18-23:23:29,839,324,396,48.20,26.60,5.20,12.60
7/3/18-23:24:30,837,329,404,48.30,26.50,4.90,11.80
7/3/18-23:25:31,837,323,404,47.70,26.50,5.30,13.60
7/3/18-23:26:32,838,315,393,48.20,26.50,5.60,12.00
7/3/18-23:27:33,837,325,402,48.70,26.50,5.10,11.20
7/3/18-23:28:34,838,330,401,49.40,26.50,4.80,13.40
7/3/18-23:29:35,837,335,406,49.40,26.40,4.60,8.50
7/3/18-23:30:36,838,337,406,49.40,26.40,5.70,12.90
7/3/18-23:31:37,839,337,400,48.30,26.40,7.30,40.80
7/3/18-23:32:38,836,351,410,49.40,26.40,7.40,38.90
7/3/18-23:33:39,838,348,412,49.40,26.30,7.60,38.90
7/3/18-23:34:40,837,354,417,49.10,26.30,6.90,31.70
7/3/18-23:35:41,838,356,417,50.00,26.30,10.50,63.40
7/3/18-23:36:42,838,355,417,50.50,26.30,8.70,47.90
7/3/18-23:37:43,838,356,415,50.50,26.30,9.10,53.20
7/3/18-23:38:43,838,359,421,51.10,26.30,10.00,67.50
7/3/18-23:39:44,837,363,416,50.30,26.20,10.00,49.40
7/3/18-23:40:45,837,349,411,51.10,26.20,10.20,56.30
7/3/18-23:41:46,838,349,408,48.90,26.10,9.00,51.10
7/3/18-23:42:47,838,346,408,49.90,26.10,8.70,44.00
7/3/18-23:43:48,837,353,411,51.30,26.10,7.30,25.60
7/3/18-23:44:49,837,345,408,51.30,26.10,7.00,22.90
7/3/18-23:45:50,838,342,405,48.90,26.00,6.70,20.90
7/3/18-23:46:51,837,345,408,50.70,26.00,6.10,24.60
7/3/18-23:47:52,837,347,410,50.90,26.00,6.00,17.10
7/3/18-23:48:53,838,341,403,50.00,25.90,6.00,13.10
7/3/18-23:49:54,841,351,413,50.60,25.90,6.00,17.30
7/3/18-23:50:55,839,352,409,53.10,25.90,4.50,10.70
7/3/18-23:51:56,838,348,405,50.30,25.90,6.20,16.40
7/3/18-23:52:57,839,347,411,51.10,25.90,5.40,15.40
7/3/18-23:53:58,839,353,409,51.60,25.90,5.30,14.40
7/3/18-23:54:59,838,356,411,51.60,25.80,5.30,15.40
7/3/18-23:56:0,839,343,399,50.90,25.80,4.60,12.70
7/3/18-23:57:1,838,341,409,50.00,25.80,4.80,13.10
7/3/18-23:58:2,838,353,410,51.30,25.80,4.90,12.90
7/3/18-23:59:3,839,346,403,52.30,25.80,5.10,11.90
