Hora,O3,NO2,CO,Humedad,Temperatura,P25,P10
8/3/18-0:0:4,839,346,406,49.60,25.70,4.90,9.00
8/3/18-0:1:5,837,338,401,51.30,25.70,4.90,9.20
8/3/18-0:2:6,841,335,405,52.40,25.70,5.70,14.50
8/3/18-0:3:7,835,350,415,52.20,25.70,6.40,15.50
8/3/18-0:4:8,837,358,414,53.10,25.60,6.00,12.60
8/3/18-0:5:9,835,352,405,50.90,25.60,6.80,16.40
8/3/18-0:6:10,836,349,409,52.00,25.50,6.80,12.70
8/3/18-0:7:11,837,352,411,51.20,25.50,6.30,17.10
8/3/18-0:8:12,836,346,407,53.40,25.50,6.80,14.50
8/3/18-0:9:13,837,340,400,53.70,25.50,7.40,17.20
8/3/18-0:10:14,835,349,412,53.10,25.50,7.70,13.60
8/3/18-0:11:15,838,351,411,51.40,25.40,7.40,14.40
8/3/18-0:12:16,837,347,406,51.70,25.40,7.80,17.10
8/3/18-0:13:17,838,346,411,51.30,25.40,6.80,13.60
8/3/18-0:14:18,836,351,411,50.70,25.40,7.40,21.20
8/3/18-0:15:19,838,345,405,51.50,25.40,7.20,14.10
8/3/18-0:16:20,836,337,397,51.30,25.40,6.60,15.20
8/3/18-0:17:21,835,345,413,52.50,25.30,6.10,13.00
8/3/18-0:18:22,841,349,408,52.30,25.30,6.60,11.90
8/3/18-0:19:23,838,347,409,53.10,25.20,5.90,10.70
8/3/18-0:20:24,837,346,407,52.60,25.20,6.70,17.20
8/3/18-0:21:25,837,350,411,53.10,25.20,6.40,30.00
8/3/18-0:22:26,838,353,409,53.20,25.20,6.60,17.70
8/3/18-0:23:27,836,354,406,52.80,25.20,5.80,16.80
8/3/18-0:24:28,837,342,399,50.60,25.20,5.90,14.00
8/3/18-0:25:29,839,343,405,51.20,25.20,5.90,14.20
8/3/18-0:26:30,837,343,404,53.00,25.10,5.80,12.00
8/3/18-0:27:31,837,344,403,52.60,25.10,5.80,11.80
8/3/18-0:28:32,837,346,404,53.80,25.10,6.00,11.90
8/3/18-0:29:33,838,339,398,54.20,25.10,5.50,16.60
8/3/18-0:30:34,837,337,399,52.60,25.10,5.60,11.90
8/3/18-0:31:34,836,336,397,52.90,25.10,5.60,14.10
8/3/18-0:32:35,838,337,401,54.10,25.00,5.50,12.00
8/3/18-0:33:36,838,343,405,54.10,25.00,6.00,16.80
8/3/18-0:34:37,838,343,401,56.50,25.00,5.70,13.20
8/3/18-0:35:38,838,341,400,53.70,25.00,4.80,13.50
8/3/18-0:36:39,838,343,405,55.30,25.00,5.80,12.30
8/3/18-0:37:40,838,349,407,54.20,24.90,5.20,16.30
8/3/18-0:38:41,837,349,405,53.10,24.90,6.40,13.80
8/3/18-0:39:42,836,350,409,52.80,24.90,5.20,14.80
8/3/18-0:40:43,836,352,411,53.20,24.80,5.80,12.20
8/3/18-0:41:44,837,351,407,52.20,24.80,6.00,13.40
8/3/18-0:42:45,838,352,410,52.10,24.80,5.50,12.80
8/3/18-0:43:46,837,348,404,52.60,24.80,5.40,12.90
8/3/18-0:44:47,836,350,405,52.70,24.80,5.30,12.80
8/3/18-0:45:48,836,350,404,55.80,24.80,5.00,14.20
8/3/18-0:46:49,839,342,404,51.80,24.70,5.00,16.40
8/3/18-0:47:50,839,342,400,52.40,24.70,5.40,15.50
8/3/18-0:48:51,837,349,409,53.50,24.70,5.50,20.00
8/3/18-0:49:52,836,345,399,52.70,24.70,5.00,13.30
8/3/18-0:50:53,837,345,403,54.10,24.70,5.40,12.80
8/3/18-0:51:54,838,340,399,52.10,24.60,5.50,11.40
8/3/18-0:52:55,836,348,409,53.70,24.60,5.10,11.00
8/3/18-0:53:56,838,347,403,54.20,24.60,5.20,13.50
8/3/18-0:54:57,839,348,403,53.20,24.60,4.60,11.90
8/3/18-0:55:58,837,350,404,53.40,24.60,6.00,12.30
8/3/18-0:56:59,837,345,401,54.20,24.50,5.20,14.10
8/3/18-0:58:0,838,347,399,52.60,24.50,5.40,12.30
8/3/18-0:59:1,837,345,401,53.00,24.40,5.10,15.10
8/3/18-1:0:2,837,343,397,54.40,24.50,4.90,13.00
8/3/18-1:1:3,838,343,399,53.90,24.40,5.80,14.90
8/3/18-1:2:4,838,349,405,53.80,24.50,5.70,17.20
8/3/18-1:3:5,837,347,398,55.30,24.40,6.00,16.50
8/3/18-1:4:6,838,353,404,54.30,24.40,6.70,20.10
8/3/18-1:5:7,839,354,403,54.90,24.30,5.90,20.50
8/3/18-1:6:8,838,355,405,3.70,24.30,5.60,14.10
8/3/18-1:7:9,837,359,406,54.30,24.30,5.90,12.30
8/3/18-1:8:10,837,360,409,54.60,24.30,5.90,17.10
8/3/18-1:9:11,839,359,408,55.20,24.30,6.30,12.60
8/3/18-1:10:12,839,363,408,54.20,24.30,5.10,13.60
8/3/18-1:11:13,838,363,414,55.90,24.30,6.70,16.00
8/3/18-1:12:14,839,365,408,56.30,24.30,7.10,21.30
8/3/18-1:13:15,837,361,408,54.50,24.30,6.80,19.00
8/3/18-1:14:16,838,364,409,56.80,24.30,6.40,18.20
8/3/18-1:15:17,839,363,409,56.40,24.20,6.80,22.80
8/3/18-1:16:18,836,361,405,57.00,24.30,6.00,18.20
8/3/18-1:17:19,840,360,406,56.30,24.20,6.60,16.30
8/3/18-1:18:20,839,359,401,56.10,24.20,6.20,16.30
8/3/18-1:19:21,838,364,404,57.90,24.20,7.20,17.40
8/3/18-1:20:22,838,364,404,56.90,24.20,7.20,18.20
8/3/18-1:21:23,839,363,402,57.00,24.10,6.80,13.80
8/3/18-1:22:23,839,365,405,56.90,24.10,6.40,18.10
8/3/18-1:23:24,840,369,410,57.90,24.10,6.80,13.40
8/3/18-1:24:25,837,376,410,59.00,24.10,6.80,16.20
8/3/18-1:25:26,838,378,411,59.30,24.10,7.10,17.50
8/3/18-1:26:27,839,380,415,58.80,24.10,7.00,17.60
8/3/18-1:27:28,839,383,414,59.00,24.10,7.60,17.00
8/3/18-1:28:29,839,373,412,58.50,24.00,6.40,14.90
8/3/18-1:29:30,838,380,411,58.40,24.00,6.80,17.60
8/3/18-1:30:31,839,378,413,59.40,24.10,8.50,21.10
8/3/18-1:31:32,838,377,412,59.60,24.10,6.50,13.40
8/3/18-1:32:33,838,378,413,58.00,24.10,6.60,16.30
8/3/18-1:33:34,838,378,414,58.40,24.00,7.30,19.60
8/3/18-1:34:35,837,382,414,58.80,24.00,6.60,14.70
8/3/18-1:35:36,838,379,413,58.70,24.00,7.00,17.90
8/3/18-1:36:37,837,379,412,59.10,23.90,6.50,15.60
8/3/18-1:37:38,839,368,407,59.20,24.00,6.50,13.30
8/3/18-1:38:39,839,369,408,59.00,24.00,5.80,16.90
8/3/18-1:39:40,837,368,415,59.10,23.90,6.10,14.20
8/3/18-1:40:41,839,363,404,59.70,23.90,6.20,14.00
8/3/18-1:41:42,839,367,402,60.20,23.90,5.20,9.30
8/3/18-1:42:43,838,362,397,58.80,23.80,5.60,17.70
8/3/18-1:43:44,837,362,403,57.60,23.90,5.50,14.50
8/3/18-1:44:45,839,354,394,60.40,23.90,5.60,13.80
8/3/18-1:45:46,837,357,398,59.90,23.80,5.90,13.70
8/3/18-1:46:47,837,363,400,61.00,23.80,5.50,17.90
8/3/18-1:47:48,839,361,399,59.50,23.80,5.60,17.10
8/3/18-1:48:49,838,358,395,59.60,23.80,6.10,21.40
8/3/18-1:49:50,838,346,391,58.70,23.70,5.10,11.00
8/3/18-1:50:51,838,357,394,60.30,23.70,6.20,26.00
8/3/18-1:51:52,839,359,392,60.70,23.70,5.00,12.50
8/3/18-1:52:53,840,359,390,59.80,23.70,4.80,17.90
8/3/18-1:53:54,838,357,389,61.80,23.70,5.10,21.60
8/3/18-1:54:55,839,354,391,61.30,23.70,5.10,10.40
8/3/18-1:55:56,839,355,391,61.30,23.70,5.20,18.70
8/3/18-1:56:57,837,357,390,61.40,23.70,5.70,20.10
8/3/18-1:57:58,840,348,390,60.30,23.70,5.20,15.50
8/3/18-1:58:59,838,354,388,61.50,23.70,4.50,11.80
8/3/18-2:0:0,839,353,385,60.80,23.70,4.90,11.20
8/3/18-2:1:1,839,353,393,60.70,23.70,4.70,9.90
8/3/18-2:2:2,838,351,387,61.20,23.70,5.30,14.10
8/3/18-2:3:3,837,355,387,60.60,23.70,5.30,15.80
8/3/18-2:4:4,839,357,386,61.30,23.70,4.20,10.60
8/3/18-2:5:5,839,353,381,61.50,23.70,5.20,13.10
8/3/18-2:6:6,837,356,386,61.40,23.60,5.00,12.10
8/3/18-2:7:7,839,351,380,61.40,23.60,5.20,11.30
8/3/18-2:8:8,839,354,391,59.90,23.60,5.00,17.30
8/3/18-2:9:9,837,358,389,60.40,23.60,4.70,12.20
8/3/18-2:10:10,837,357,388,61.10,23.60,5.10,17.40
8/3/18-2:11:11,838,358,389,61.00,23.50,5.80,15.40
8/3/18-2:12:12,838,351,387,61.10,23.50,4.90,13.00
8/3/18-2:13:12,838,352,384,60.60,23.50,4.70,13.40
8/3/18-2:14:13,839,351,385,60.20,23.50,4.80,12.00
8/3/18-2:15:14,839,349,384,61.80,23.50,5.20,16.00
8/3/18-2:16:15,840,345,376,60.00,23.50,4.30,15.70
8/3/18-2:17:16,839,347,379,61.00,23.50,4.60,12.10
8/3/18-2:18:17,839,349,381,61.10,23.50,4.10,9.70
8/3/18-2:19:18,841,349,379,60.30,23.50,5.10,13.30
8/3/18-2:20:19,839,347,380,60.20,23.50,5.20,13.80
8/3/18-2:21:20,838,346,375,59.60,23.50,5.40,14.80
8/3/18-2:22:21,838,338,373,59.50,23.50,4.60,11.40
8/3/18-2:23:22,839,345,375,61.10,23.50,4.40,10.90
8/3/18-2:24:23,838,343,372,61.40,23.50,4.20,15.50
8/3/18-2:25:24,840,334,365,61.80,23.40,4.20,10.90
8/3/18-2:26:25,840,335,369,60.50,23.40,3.80,8.90
8/3/18-2:27:26,839,341,374,60.10,23.40,4.00,11.20
8/3/18-2:28:27,840,338,368,60.60,23.40,4.10,9.90
8/3/18-2:29:28,838,337,367,59.60,23.40,4.20,8.80
8/3/18-2:30:29,839,336,368,59.70,23.40,4.30,10.20
8/3/18-2:31:30,839,334,365,60.40,23.40,4.30,13.10
8/3/18-2:32:31,837,335,369,60.10,23.40,4.20,9.70
8/3/18-2:33:32,838,334,365,59.00,23.40,4.60,12.30
8/3/18-2:34:33,839,333,367,58.60,23.30,4.30,9.30
8/3/18-2:35:34,838,331,365,58.40,23.30,4.40,14.40
8/3/18-2:36:35,840,337,374,60.00,23.30,4.30,15.80
8/3/18-2:37:36,838,339,371,60.50,23.30,3.70,11.90
8/3/18-2:38:37,838,339,370,60.70,23.30,4.70,13.10
8/3/18-2:39:38,839,333,367,59.70,23.30,3.60,11.40
8/3/18-2:40:39,840,329,362,59.80,23.30,3.80,11.10
8/3/18-2:41:40,838,329,361,59.90,23.20,3.80,9.10
8/3/18-2:42:41,837,334,373,61.20,23.20,4.30,12.80
8/3/18-2:43:42,837,330,366,62.10,23.20,4.10,10.30
8/3/18-2:44:43,839,317,358,61.10,23.20,4.00,8.70
8/3/18-2:45:44,837,322,366,60.90,23.20,4.40,12.20
8/3/18-2:46:45,839,325,360,60.30,23.20,4.40,10.70
8/3/18-2:47:46,837,331,371,63.30,23.20,3.90,9.00
8/3/18-2:48:47,838,332,367,62.90,23.20,4.20,7.80
8/3/18-2:49:48,839,336,370,62.50,23.20,4.60,15.60
8/3/18-2:50:49,838,335,362,59.80,23.20,4.40,11.70
8/3/18-2:51:50,838,334,368,63.30,23.20,3.50,9.50
8/3/18-2:52:51,840,330,358,61.40,23.10,4.00,13.50
8/3/18-2:53:52,839,333,368,62.20,23.20,3.60,9.40
8/3/18-2:54:53,840,338,371,60.80,23.10,4.00,12.90
8/3/18-2:55:54,839,344,375,61.90,23.10,3.60,6.40
8/3/18-2:56:55,840,345,371,62.30,23.10,3.70,10.10
8/3/18-2:57:56,840,340,367,61.30,23.10,4.10,12.30
8/3/18-2:58:57,838,341,372,60.10,23.10,4.20,14.30
8/3/18-2:59:58,839,342,368,59.80,23.00,4.20,13.00
8/3/18-3:0:59,839,339,367,60.70,23.00,4.10,7.20
8/3/18-3:1:59,838,342,368,60.40,23.00,4.60,12.50
8/3/18-3:3:0,838,343,365,59.50,23.00,4.60,9.90
8/3/18-3:4:1,839,343,363,61.80,23.00,4.00,9.00
8/3/18-3:5:2,839,342,368,59.70,23.00,4.00,9.50
8/3/18-3:6:3,838,338,361,59.40,23.00,4.00,7.70
8/3/18-3:7:4,840,329,359,61.50,23.00,3.80,8.90
8/3/18-3:8:5,840,329,360,60.70,23.00,4.90,11.90
8/3/18-3:9:6,840,333,362,61.40,22.90,4.50,11.00
8/3/18-3:10:7,838,336,364,62.30,22.90,4.20,10.60
8/3/18-3:11:8,838,334,364,61.90,22.90,3.70,9.80
8/3/18-3:12:9,839,331,365,62.30,22.90,4.30,11.80
8/3/18-3:13:10,840,336,366,61.80,22.80,4.40,13.00
8/3/18-3:14:11,840,335,359,62.50,22.80,3.90,9.50
8/3/18-3:15:12,839,329,359,62.80,22.80,3.80,9.70
8/3/18-3:16:13,838,328,358,61.60,22.80,3.50,8.60
8/3/18-3:17:14,838,336,367,62.20,22.80,3.80,8.20
8/3/18-3:18:15,838,332,358,61.80,22.80,3.30,7.90
8/3/18-3:19:16,838,327,356,63.20,22.80,3.60,10.40
8/3/18-3:20:17,838,319,352,62.50,22.70,3.40,7.00
8/3/18-3:21:18,839,317,361,62.90,22.70,2.80,6.80
8/3/18-3:22:19,839,321,358,63.20,22.70,3.10,10.90
8/3/18-3:23:20,838,326,357,63.30,22.70,2.80,4.50
8/3/18-3:24:21,839,325,361,62.00,22.70,3.10,7.60
8/3/18-3:25:22,839,325,360,65.40,22.70,3.20,6.30
8/3/18-3:26:23,839,326,363,63.30,22.70,3.10,7.50
8/3/18-3:27:24,839,326,358,61.50,22.70,3.30,10.20
8/3/18-3:28:25,840,324,354,62.00,22.70,4.00,8.90
8/3/18-3:29:26,840,319,350,62.70,22.70,3.10,5.50
8/3/18-3:30:27,839,314,351,63.40,22.70,2.90,6.90
8/3/18-3:31:28,840,314,361,62.50,22.70,2.90,6.80
8/3/18-3:32:29,838,313,353,61.80,22.70,2.80,6.50
8/3/18-3:33:30,839,314,355,62.80,22.70,2.90,5.70
8/3/18-3:34:31,841,316,354,62.20,22.70,2.90,10.60
8/3/18-3:35:32,836,314,355,61.40,22.60,2.50,5.20
8/3/18-3:36:33,837,308,347,58.90,22.60,2.60,7.50
8/3/18-3:37:34,836,313,350,60.10,22.60,2.50,6.70
8/3/18-3:38:35,839,317,351,59.90,22.60,2.40,4.40
8/3/18-3:39:36,838,325,351,60.50,22.60,2.60,8.80
8/3/18-3:40:37,838,319,346,59.50,22.60,3.10,6.10
8/3/18-3:41:38,838,321,352,63.20,22.60,2.70,6.70
8/3/18-3:42:39,836,319,348,58.00,22.60,2.70,6.10
8/3/18-3:43:40,840,315,348,58.70,22.60,2.60,6.40
8/3/18-3:44:41,837,312,349,59.30,22.60,2.70,9.10
8/3/18-3:45:42,837,315,349,58.60,22.60,2.80,6.70
8/3/18-3:46:43,837,315,342,59.50,22.60,2.60,6.40
8/3/18-3:47:44,835,316,349,59.20,22.50,2.70,6.60
8/3/18-3:48:45,840,298,347,59.90,22.50,3.20,8.10
8/3/18-3:49:46,837,291,355,59.80,22.60,2.50,7.60
8/3/18-3:50:46,837,280,343,60.10,22.50,2.90,6.10
8/3/18-3:51:47,835,276,343,58.50,22.50,2.70,7.80
8/3/18-3:52:48,837,286,349,58.20,22.50,2.90,6.40
8/3/18-3:53:49,837,277,342,58.90,22.40,2.90,9.40
8/3/18-3:54:50,835,274,342,58.50,22.40,2.70,5.80
8/3/18-3:55:51,837,281,342,60.90,22.40,2.90,8.90
8/3/18-3:56:52,837,295,356,63.10,22.40,2.60,7.10
8/3/18-3:57:53,837,295,344,63.70,22.40,2.80,7.80
8/3/18-3:58:54,837,292,345,64.60,22.40,3.80,10.60
8/3/18-3:59:55,837,291,348,62.10,22.40,4.00,10.10
8/3/18-4:0:56,835,289,341,62.40,22.40,3.30,6.50
8/3/18-4:1:57,836,277,342,63.80,22.40,3.50,10.40
8/3/18-4:2:58,838,285,340,64.60,22.40,4.00,5.60
8/3/18-4:3:59,838,277,340,65.00,22.40,3.20,5.10
8/3/18-4:5:0,837,285,345,65.70,22.40,3.60,10.60
8/3/18-4:6:1,835,286,339,66.00,22.40,3.10,10.60
8/3/18-4:7:2,837,278,339,64.80,22.40,3.00,8.60
8/3/18-4:8:3,835,294,353,62.90,22.40,3.30,5.50
8/3/18-4:9:4,837,299,344,63.00,22.40,3.40,8.50
8/3/18-4:10:5,834,297,341,62.60,22.40,3.20,6.60
8/3/18-4:11:6,836,309,355,60.70,22.50,3.30,6.50
8/3/18-4:12:7,835,301,341,60.70,22.50,3.50,9.20
8/3/18-4:13:8,836,306,360,61.40,22.50,3.50,12.40
8/3/18-4:14:9,834,312,349,61.10,22.50,2.90,7.90
8/3/18-4:15:10,840,313,349,62.10,22.50,3.30,8.80
8/3/18-4:16:11,835,315,346,60.70,22.50,2.80,9.40
8/3/18-4:17:12,837,309,340,61.20,22.50,2.70,6.60
8/3/18-4:18:13,835,313,352,62.60,22.50,3.90,11.50
8/3/18-4:19:14,835,314,346,63.00,22.50,2.90,9.90
8/3/18-4:20:15,835,305,343,62.50,22.40,3.30,6.50
8/3/18-4:21:16,836,301,346,63.20,22.50,4.20,7.40
8/3/18-4:22:17,835,309,353,63.00,22.50,3.90,10.60
8/3/18-4:23:18,836,306,348,61.60,22.50,3.90,7.40
8/3/18-4:24:19,839,296,350,63.00,22.40,4.00,10.50
8/3/18-4:25:20,836,291,341,61.60,22.40,3.70,9.20
8/3/18-4:26:21,835,296,342,63.10,22.40,3.60,7.70
8/3/18-4:27:22,837,294,345,63.00,22.40,4.60,13.10
8/3/18-4:28:23,837,296,342,62.40,22.40,3.80,7.70
8/3/18-4:29:24,835,302,349,63.60,22.40,4.10,9.00
8/3/18-4:30:25,836,298,343,62.00,22.40,3.70,10.40
8/3/18-4:31:26,837,300,341,62.30,22.40,4.60,8.80
8/3/18-4:32:27,836,291,342,63.00,22.40,3.70,8.60
8/3/18-4:33:28,837,279,342,63.30,22.40,3.50,9.10
8/3/18-4:34:29,839,271,346,62.00,22.40,4.00,7.00
8/3/18-4:35:30,835,280,352,61.00,22.40,3.90,8.40
8/3/18-4:36:31,836,267,337,61.70,22.40,4.20,10.60
8/3/18-4:37:32,836,272,350,63.20,22.30,4.60,8.70
8/3/18-4:38:32,835,286,343,61.90,22.30,4.90,9.20
8/3/18-4:39:33,837,294,347,61.10,22.30,4.40,9.50
8/3/18-4:40:34,837,292,342,62.00,22.30,5.00,10.50
8/3/18-4:41:35,837,299,346,61.90,22.30,3.80,6.00
8/3/18-4:42:36,837,302,343,62.80,22.30,4.00,6.20
8/3/18-4:43:37,836,304,345,61.70,22.30,4.00,5.90
8/3/18-4:44:38,836,306,347,63.30,22.30,4.10,12.50
8/3/18-4:45:39,836,314,348,63.20,22.40,4.20,7.10
8/3/18-4:46:40,836,314,347,63.80,22.40,5.30,9.70
8/3/18-4:47:41,836,311,345,63.60,22.40,4.50,7.90
8/3/18-4:48:42,835,317,346,63.20,22.40,4.20,9.80
8/3/18-4:49:43,836,317,350,59.70,22.30,4.50,9.10
8/3/18-4:50:44,835,310,344,59.00,22.40,5.80,11.30
8/3/18-4:51:45,836,313,344,62.80,22.40,4.80,9.40
8/3/18-4:52:46,837,312,345,60.70,22.30,5.60,12.40
8/3/18-4:53:47,835,323,352,59.80,22.30,5.40,13.60
8/3/18-4:54:48,834,328,355,61.00,22.30,6.00,14.00
8/3/18-4:55:49,836,319,348,60.80,22.30,5.20,9.50
8/3/18-4:56:50,835,318,349,62.60,22.30,5.70,10.60
8/3/18-4:57:51,834,319,354,62.20,22.30,5.50,8.80
8/3/18-4:58:52,835,310,346,60.70,22.30,5.80,10.80
8/3/18-4:59:53,835,312,343,59.30,22.20,5.80,11.70
8/3/18-5:0:54,836,303,344,60.10,22.20,5.80,13.50
8/3/18-5:1:55,835,311,353,59.20,22.20,5.40,12.40
8/3/18-5:2:56,835,305,345,61.20,22.20,6.20,11.00
8/3/18-5:3:57,835,308,348,60.90,22.10,5.10,8.60
8/3/18-5:4:58,836,310,349,61.20,22.10,5.70,11.00
8/3/18-5:5:59,835,316,352,60.30,22.10,6.40,11.70
8/3/18-5:7:0,834,295,336,60.20,22.10,6.50,15.60
8/3/18-5:8:1,835,296,361,59.30,22.00,6.50,13.60
8/3/18-5:9:2,834,281,337,61.30,21.90,6.30,11.70
8/3/18-5:10:3,835,278,340,62.40,21.90,6.20,11.40
8/3/18-5:11:4,833,275,343,63.70,21.80,6.40,14.30
8/3/18-5:12:5,836,276,346,64.20,21.80,7.20,15.80
8/3/18-5:13:6,839,274,347,62.60,21.80,6.80,13.90
8/3/18-5:14:7,837,272,337,63.50,21.80,7.10,13.80
8/3/18-5:15:8,835,274,342,63.80,21.80,6.30,11.10
8/3/18-5:16:9,837,278,353,62.30,21.80,6.70,12.60
8/3/18-5:17:10,834,279,350,62.10,21.80,6.70,12.00
8/3/18-5:18:11,836,261,337,63.60,21.80,6.60,14.40
8/3/18-5:19:12,836,258,341,63.50,21.80,6.10,10.60
8/3/18-5:20:13,835,262,340,63.10,21.80,6.40,16.20
8/3/18-5:21:14,837,260,354,63.60,21.80,6.10,12.60
8/3/18-5:22:15,836,264,341,62.40,21.80,5.80,9.00
8/3/18-5:23:16,836,252,337,63.10,21.80,6.20,12.20
8/3/18-5:24:17,835,250,341,61.20,21.80,6.30,14.30
8/3/18-5:25:18,836,257,341,62.50,21.70,5.90,12.10
8/3/18-5:26:18,837,259,349,63.90,21.70,6.40,14.00
8/3/18-5:27:19,837,276,345,62.60,21.70,6.30,15.60
8/3/18-5:28:20,836,276,352,63.70,21.70,5.90,12.40
8/3/18-5:29:21,836,271,338,64.10,21.70,5.90,13.10
8/3/18-5:30:22,835,265,339,64.00,21.70,5.50,10.80
8/3/18-5:31:23,836,259,344,63.40,21.70,5.80,13.20
8/3/18-5:32:24,835,268,349,62.80,21.70,5.40,10.30
8/3/18-5:33:25,837,270,344,62.60,21.70,5.30,10.80
8/3/18-5:34:26,837,269,344,62.80,21.70,5.60,10.80
8/3/18-5:35:27,837,266,345,62.80,21.80,5.10,11.90
8/3/18-5:36:28,837,288,364,63.10,21.80,5.50,11.40
8/3/18-5:37:29,836,295,352,63.00,21.80,5.30,12.80
8/3/18-5:38:30,838,292,355,63.40,21.80,5.30,10.10
8/3/18-5:39:31,837,298,361,63.30,21.80,4.80,10.00
8/3/18-5:40:32,836,298,368,61.20,21.80,5.00,13.50
8/3/18-5:41:33,836,304,352,62.20,21.90,5.50,9.50
8/3/18-5:42:34,835,298,350,62.30,21.90,4.70,10.40
8/3/18-5:43:35,835,299,353,60.10,21.90,5.30,8.60
8/3/18-5:44:36,837,294,349,61.30,21.90,5.00,12.20
8/3/18-5:45:37,837,296,353,62.50,21.90,5.20,13.80
8/3/18-5:46:38,838,282,343,62.60,21.90,4.90,10.30
8/3/18-5:47:39,838,281,350,64.20,21.90,4.50,10.00
8/3/18-5:48:40,838,263,338,63.80,21.90,4.30,8.90
8/3/18-5:49:41,837,249,339,62.60,21.90,4.60,11.90
8/3/18-5:50:42,837,240,345,60.80,21.90,4.20,15.00
8/3/18-5:51:43,837,248,345,62.10,21.80,4.60,13.60
8/3/18-5:52:44,840,240,343,60.80,21.80,4.40,11.80
8/3/18-5:53:45,839,256,351,62.60,21.80,4.60,8.90
8/3/18-5:54:46,838,267,350,63.80,21.80,4.40,9.80
8/3/18-5:55:47,839,268,349,62.80,21.80,4.80,8.50
8/3/18-5:56:48,838,268,351,61.60,21.80,4.50,11.60
8/3/18-5:57:49,839,272,348,62.20,21.80,4.80,10.30
8/3/18-5:58:50,839,272,345,59.90,21.80,4.80,10.00
8/3/18-5:59:51,838,263,347,60.20,21.80,3.90,10.10
8/3/18-6:0:52,838,269,348,62.00,21.70,4.20,10.40
8/3/18-6:1:53,838,256,342,60.40,21.70,4.80,11.00
8/3/18-6:2:54,839,263,345,61.60,21.70,3.70,10.20
8/3/18-6:3:55,839,272,349,62.30,21.70,4.50,9.00
8/3/18-6:4:56,837,279,349,61.90,21.70,4.50,10.60
8/3/18-6:5:57,838,275,348,61.70,21.70,4.00,10.80
8/3/18-6:6:58,842,279,362,60.50,21.70,4.60,12.40
8/3/18-6:7:59,839,266,349,62.40,21.70,3.70,12.50
8/3/18-6:9:0,837,275,360,60.50,21.70,4.40,13.40
8/3/18-6:10:1,838,272,352,60.80,21.70,4.50,9.10
8/3/18-6:11:2,837,275,350,62.60,21.70,4.80,11.70
8/3/18-6:12:3,839,278,354,62.30,21.70,3.70,9.20
8/3/18-6:13:3,839,275,349,62.80,21.80,3.90,8.90
8/3/18-6:14:4,839,268,346,60.20,21.70,3.80,7.80
8/3/18-6:15:5,839,257,348,61.20,21.70,4.00,9.20
8/3/18-6:16:6,838,246,352,59.90,21.70,4.00,10.80
8/3/18-6:17:7,839,236,342,62.60,21.70,4.60,10.80
8/3/18-6:18:8,837,252,347,61.80,21.70,4.10,11.20
8/3/18-6:19:9,838,250,354,63.00,21.70,4.00,8.00
8/3/18-6:20:10,839,248,343,61.80,21.70,4.10,8.80
8/3/18-6:21:11,837,243,347,62.60,21.70,4.20,9.80
8/3/18-6:22:12,837,244,345,62.40,21.60,4.50,10.10
8/3/18-6:23:13,837,231,347,61.90,21.60,4.50,9.60
8/3/18-6:24:14,838,233,343,61.30,21.60,4.60,9.50
8/3/18-6:25:15,839,238,342,61.60,21.60,5.10,10.10
8/3/18-6:26:16,838,257,370,62.10,21.60,4.90,10.30
8/3/18-6:27:17,838,257,346,63.60,21.60,4.40,10.20
8/3/18-6:28:18,836,257,349,61.50,21.60,4.70,11.20
8/3/18-6:29:19,837,262,352,62.40,21.70,4.50,10.60
8/3/18-6:30:20,839,267,354,63.00,21.60,4.80,8.80
8/3/18-6:31:21,838,262,349,63.90,21.70,5.10,9.00
8/3/18-6:32:22,836,260,353,62.10,21.70,4.70,10.30
8/3/18-6:33:23,839,246,360,59.80,21.70,5.50,12.10
8/3/18-6:34:24,839,252,358,61.20,21.70,4.70,9.40
8/3/18-6:35:25,840,264,356,61.70,21.70,5.20,11.20
8/3/18-6:36:26,838,270,357,61.60,21.70,5.10,11.00
8/3/18-6:37:27,839,264,349,61.70,21.70,4.60,7.80
8/3/18-6:38:28,838,266,350,61.10,21.70,5.60,10.30
8/3/18-6:39:29,838,269,347,60.20,21.70,5.00,8.40
8/3/18-6:40:30,838,266,362,60.40,21.70,6.10,13.30
8/3/18-6:41:31,839,263,352,61.30,21.70,5.80,12.40
8/3/18-6:42:32,838,267,350,62.20,21.80,5.30,8.70
8/3/18-6:43:33,838,272,368,61.80,21.80,4.90,8.20
8/3/18-6:44:34,837,266,351,61.60,21.80,5.10,9.10
8/3/18-6:45:35,838,261,349,62.20,21.80,5.40,9.20
8/3/18-6:46:36,838,263,353,62.40,21.80,5.40,12.00
8/3/18-6:47:37,838,267,350,61.70,21.80,5.20,10.20
8/3/18-6:48:38,838,272,353,61.40,21.80,5.60,10.90
8/3/18-6:49:39,836,271,348,63.70,21.80,5.90,14.90
8/3/18-6:50:40,838,250,346,63.90,21.80,6.10,15.00
8/3/18-6:51:41,837,255,350,60.80,21.80,5.10,9.50
8/3/18-6:52:42,838,264,352,62.50,21.80,5.90,12.80
8/3/18-6:53:43,839,254,344,61.90,21.80,5.60,10.60
8/3/18-6:54:44,839,250,348,62.00,21.70,4.90,12.30
8/3/18-6:55:45,838,240,345,62.10,21.70,5.00,9.30
8/3/18-6:56:46,838,244,351,62.30,21.70,5.00,10.80
8/3/18-6:57:47,841,249,350,60.00,21.70,4.60,10.30
8/3/18-6:58:48,836,259,359,61.20,21.70,4.60,10.50
8/3/18-6:59:48,836,255,344,61.70,21.70,5.00,9.80
8/3/18-7:0:49,836,246,349,60.20,21.70,4.80,9.50
8/3/18-7:1:50,838,226,339,59.80,21.70,4.30,11.00
8/3/18-7:2:51,837,216,340,60.20,21.70,4.60,10.10
8/3/18-7:3:52,836,215,335,60.90,21.60,4.90,15.30
8/3/18-7:4:53,837,213,341,62.10,21.60,5.10,16.80
8/3/18-7:5:54,839,221,354,62.50,21.60,4.70,15.10
8/3/18-7:6:55,837,227,354,61.30,21.60,4.20,15.60
8/3/18-7:7:56,838,210,335,59.90,21.60,4.20,10.30
8/3/18-7:8:57,838,205,338,63.20,21.60,4.00,8.30
8/3/18-7:9:58,837,199,344,61.30,21.50,4.40,9.50
8/3/18-7:10:59,838,199,337,62.10,21.50,4.70,15.00
8/3/18-7:12:0,838,213,342,64.00,21.40,4.60,12.40
8/3/18-7:13:1,839,211,343,62.20,21.50,3.80,10.80
8/3/18-7:14:2,842,229,350,64.80,21.50,4.30,12.80
8/3/18-7:15:3,838,245,347,62.60,21.50,3.90,11.50
8/3/18-7:16:4,838,255,358,62.40,21.60,3.70,7.90
8/3/18-7:17:5,837,253,348,60.40,21.60,4.20,13.10
8/3/18-7:18:6,837,258,358,63.40,21.60,3.60,10.90
8/3/18-7:19:7,837,266,352,63.60,21.60,3.80,7.50
8/3/18-7:20:8,838,266,360,64.90,21.60,4.10,12.50
8/3/18-7:21:9,841,278,359,63.00,21.60,3.60,8.60
8/3/18-7:22:10,839,281,363,65.00,21.60,4.40,8.00
8/3/18-7:23:11,837,314,372,63.10,21.60,3.90,8.80
8/3/18-7:24:12,838,297,358,65.00,21.60,4.20,9.50
8/3/18-7:25:13,838,291,353,64.20,21.60,4.20,10.90
8/3/18-7:26:14,837,293,358,64.40,21.70,3.70,10.30
8/3/18-7:27:15,839,287,357,62.10,21.70,4.60,12.80
8/3/18-7:28:16,838,275,346,61.30,21.70,4.30,10.10
8/3/18-7:29:17,838,269,347,62.40,21.60,5.30,15.30
8/3/18-7:30:18,835,281,365,62.10,21.60,3.40,7.60
8/3/18-7:31:19,836,295,374,63.30,21.60,3.70,8.50
8/3/18-7:32:20,837,289,361,60.80,21.60,4.50,10.60
8/3/18-7:33:21,836,294,362,61.10,21.60,4.30,13.50
8/3/18-7:34:22,837,296,367,60.30,21.60,4.80,16.60
8/3/18-7:35:23,839,289,352,60.70,21.60,5.00,20.90
8/3/18-7:36:24,839,290,354,62.40,21.50,4.30,12.60
8/3/18-7:37:25,836,286,353,61.50,21.50,4.50,13.70
8/3/18-7:38:26,838,279,359,61.20,21.60,3.90,12.60
8/3/18-7:39:27,837,287,361,63.10,21.60,3.70,7.40
8/3/18-7:40:28,837,290,361,63.60,21.50,4.60,10.60
8/3/18-7:41:29,836,293,358,64.20,21.60,3.90,15.40
8/3/18-7:42:30,838,292,368,61.40,21.60,3.90,9.60
8/3/18-7:43:31,837,299,361,65.60,21.50,3.90,11.10
8/3/18-7:44:32,837,286,352,65.50,21.50,4.00,14.20
8/3/18-7:45:33,837,290,382,65.30,21.60,4.40,15.40
8/3/18-7:46:33,836,295,358,65.80,21.60,3.80,10.30
8/3/18-7:47:34,836,285,359,67.90,21.60,4.00,17.30
8/3/18-7:48:35,838,285,355,67.30,21.50,4.00,10.50
8/3/18-7:49:36,837,285,347,65.20,21.50,3.50,8.70
8/3/18-7:50:37,838,274,349,67.10,21.60,3.50,9.50
8/3/18-7:51:38,837,278,353,66.00,21.60,3.90,13.20
8/3/18-7:52:39,837,274,348,65.80,21.60,5.50,20.90
8/3/18-7:53:40,836,268,349,64.70,21.50,4.00,14.20
8/3/18-7:54:41,837,281,358,66.60,21.50,4.00,12.00
8/3/18-7:55:42,838,277,349,67.00,21.50,4.60,11.90
8/3/18-7:56:43,838,274,350,66.60,21.50,4.10,15.00
8/3/18-7:57:44,837,272,347,66.70,21.50,4.20,13.30
8/3/18-7:58:45,836,269,352,67.00,21.50,3.80,8.40
8/3/18-7:59:46,836,279,353,67.50,21.50,4.40,9.80
8/3/18-8:0:47,837,276,350,68.20,21.50,4.00,10.40
8/3/18-8:1:48,837,282,354,66.40,21.50,4.80,23.90
8/3/18-8:2:49,837,287,353,65.40,21.50,5.30,18.90
8/3/18-8:3:50,837,293,363,64.00,21.60,5.10,16.90
8/3/18-8:4:51,838,298,359,62.80,21.60,4.60,15.00
8/3/18-8:5:52,836,296,354,66.40,21.60,4.10,11.50
8/3/18-8:6:53,838,292,355,66.00,21.60,3.90,12.40
8/3/18-8:7:54,836,294,355,65.20,21.60,3.80,9.10
8/3/18-8:8:55,837,293,353,64.80,21.60,4.00,16.90
8/3/18-8:9:56,838,298,363,66.10,21.60,3.50,18.00
8/3/18-8:10:57,841,297,361,66.50,21.60,4.20,20.00
8/3/18-8:11:58,838,303,366,63.30,21.60,4.40,13.40
8/3/18-8:12:59,839,307,363,62.40,21.60,3.80,16.00
8/3/18-8:14:0,837,303,363,61.20,21.60,3.50,12.20
8/3/18-8:15:1,838,300,360,64.00,21.70,4.00,13.00
8/3/18-8:16:2,837,300,363,66.50,21.70,4.50,20.70
8/3/18-8:17:3,838,304,361,66.40,21.70,4.60,17.80
8/3/18-8:18:4,837,305,365,66.60,21.70,7.00,34.00
8/3/18-8:19:5,838,306,362,66.30,21.80,4.40,15.30
8/3/18-8:20:6,838,307,361,66.70,21.80,4.90,15.20
8/3/18-8:21:7,838,318,398,63.80,21.80,4.30,14.80
8/3/18-8:22:8,838,319,366,63.40,21.80,4.70,16.30
8/3/18-8:23:9,837,320,366,63.70,21.80,5.40,18.90
8/3/18-8:24:10,837,315,364,64.40,21.80,4.30,18.80
8/3/18-8:25:11,838,307,361,62.50,21.80,4.90,18.00
8/3/18-8:26:12,837,307,361,62.80,21.80,4.50,21.20
8/3/18-8:27:13,837,300,354,62.50,21.90,4.50,15.20
8/3/18-8:28:14,836,286,363,62.10,21.90,3.90,15.40
8/3/18-8:29:15,838,285,359,63.20,21.90,3.70,12.80
8/3/18-8:30:16,837,287,361,62.20,21.90,3.60,12.50
8/3/18-8:31:17,836,292,359,62.80,21.90,3.80,9.70
8/3/18-8:32:18,836,297,358,63.10,21.90,4.20,15.40
8/3/18-8:33:18,836,294,358,62.80,21.90,4.10,13.00
8/3/18-8:34:19,837,294,357,64.80,21.90,3.50,8.80
8/3/18-8:35:20,837,299,360,63.10,21.90,3.60,10.70
8/3/18-8:36:21,836,301,357,63.50,22.00,3.70,11.60
8/3/18-8:37:22,838,295,364,63.90,22.00,3.40,10.80
8/3/18-8:38:23,836,314,380,61.60,22.00,4.60,16.40
8/3/18-8:39:24,838,314,367,66.90,22.10,3.80,13.00
8/3/18-8:40:25,836,299,360,63.10,22.10,3.60,9.50
8/3/18-8:41:26,838,283,359,63.70,22.10,3.70,10.40
8/3/18-8:42:27,837,316,399,65.00,22.10,4.80,14.60
8/3/18-8:43:28,839,305,370,63.20,22.10,3.70,11.60
8/3/18-8:44:29,841,319,405,64.20,22.20,3.30,8.20
8/3/18-8:45:30,839,325,401,63.40,22.20,3.80,18.50
8/3/18-8:46:31,839,320,395,66.40,22.20,3.40,9.10
8/3/18-8:47:32,838,321,405,65.20,22.20,3.00,12.00
8/3/18-8:48:33,837,314,386,63.40,22.30,3.30,11.70
8/3/18-8:49:34,840,291,367,62.60,22.30,4.20,12.60
8/3/18-8:50:35,838,279,377,64.70,22.30,3.00,8.30
8/3/18-8:51:36,837,278,364,64.80,22.40,3.10,11.30
8/3/18-8:52:37,837,258,357,62.90,22.40,2.90,15.60
8/3/18-8:53:38,839,276,386,62.30,22.40,4.00,20.20
8/3/18-8:54:39,838,285,396,62.60,22.40,3.20,11.90
8/3/18-8:55:40,837,297,399,62.70,22.50,3.20,15.40
8/3/18-8:56:41,838,293,376,64.20,22.50,3.40,13.70
8/3/18-8:57:42,839,288,367,65.30,22.50,3.00,9.30
8/3/18-8:58:43,839,305,387,65.10,22.60,3.10,10.50
8/3/18-8:59:44,840,285,379,66.30,22.60,3.40,14.30
8/3/18-9:0:45,839,262,369,62.50,22.70,2.90,9.30
8/3/18-9:1:46,839,270,421,64.80,22.70,3.00,8.70
8/3/18-9:2:47,838,253,366,64.00,22.70,2.90,12.20
8/3/18-9:3:48,838,278,397,63.20,22.70,2.70,9.30
8/3/18-9:4:49,839,267,364,61.50,22.80,2.90,8.90
8/3/18-9:5:50,838,254,385,60.20,22.80,3.10,11.80
8/3/18-9:6:51,839,246,362,60.10,22.80,2.40,9.40
8/3/18-9:7:52,838,225,360,59.20,22.80,3.20,10.50
8/3/18-9:8:53,839,219,355,57.90,22.80,2.70,9.10
8/3/18-9:9:54,839,217,379,56.70,22.90,2.50,7.60
8/3/18-9:10:55,837,221,377,58.30,22.90,2.80,8.80
8/3/18-9:11:56,837,230,367,57.70,22.90,2.80,14.20
8/3/18-9:12:57,838,212,356,57.80,23.00,2.20,9.80
8/3/18-9:13:58,838,241,410,58.10,23.00,4.00,25.30
8/3/18-9:14:59,837,293,404,58.60,23.00,2.60,8.00
8/3/18-9:16:0,835,286,390,58.50,23.00,2.40,8.90
8/3/18-9:17:1,834,267,362,58.00,23.10,2.60,10.80
8/3/18-9:18:2,836,221,356,57.00,23.10,2.10,8.00
8/3/18-9:19:3,835,201,356,58.00,23.10,3.10,17.50
8/3/18-9:20:4,835,221,364,58.00,23.10,2.50,8.90
8/3/18-9:21:4,836,225,391,57.70,23.10,2.50,5.40
8/3/18-9:22:5,835,214,341,56.70,23.20,2.50,12.30
8/3/18-9:23:6,835,183,362,56.90,23.20,3.00,10.60
8/3/18-9:24:7,836,186,344,57.00,23.20,2.70,8.90
8/3/18-9:25:8,836,172,388,56.50,23.30,2.70,11.80
8/3/18-9:26:9,837,192,367,55.60,23.30,3.20,11.70
8/3/18-9:27:10,838,187,366,55.90,23.30,3.70,27.80
8/3/18-9:28:11,838,211,404,56.50,23.40,3.00,26.20
8/3/18-9:29:12,838,206,392,56.80,23.40,2.60,18.70
8/3/18-9:30:13,837,206,383,57.60,23.40,2.70,6.20
8/3/18-9:31:14,838,235,391,57.80,23.40,2.90,6.30
8/3/18-9:32:15,838,247,375,57.70,23.50,3.00,6.90
8/3/18-9:33:16,839,249,411,56.30,23.50,2.60,6.20
8/3/18-9:34:17,838,257,391,57.30,23.60,2.80,11.80
8/3/18-9:35:18,837,232,368,56.80,23.60,2.50,7.50
8/3/18-9:36:19,839,254,396,57.20,23.70,3.30,12.80
8/3/18-9:37:20,838,273,428,57.10,23.70,2.70,7.60
8/3/18-9:38:21,839,249,365,57.70,23.70,2.40,6.00
8/3/18-9:39:22,839,203,433,55.90,23.70,2.80,7.80
8/3/18-9:40:23,837,201,359,55.70,23.70,2.80,10.00
8/3/18-9:41:24,837,214,411,57.00,23.80,2.90,12.10
8/3/18-9:42:25,836,223,373,57.50,23.80,3.30,14.10
8/3/18-9:43:26,837,205,356,57.00,23.80,2.60,8.40
8/3/18-9:44:27,837,249,406,57.10,23.90,3.00,10.60
8/3/18-9:45:28,834,270,404,57.20,23.90,3.00,12.70
8/3/18-9:46:29,835,267,392,57.70,23.90,3.10,9.60
8/3/18-9:47:30,834,268,413,57.60,24.00,2.60,9.50
8/3/18-9:48:31,836,244,381,56.10,24.00,2.80,8.50
8/3/18-9:49:32,835,254,426,56.00,24.10,2.60,7.80
8/3/18-9:50:33,834,234,364,56.30,24.10,2.50,7.60
8/3/18-9:51:34,834,211,373,56.00,24.10,2.80,5.80
8/3/18-9:52:35,837,200,364,55.70,24.20,2.70,8.50
8/3/18-9:53:36,834,178,343,56.40,24.10,2.70,7.30
8/3/18-9:54:37,835,177,358,56.50,24.10,2.50,5.70
8/3/18-9:55:38,835,158,346,57.10,24.20,2.50,7.70
8/3/18-9:56:39,837,190,370,55.10,24.10,2.60,10.20
8/3/18-9:57:40,836,169,400,56.10,24.20,2.70,8.90
8/3/18-9:58:41,836,163,354,56.70,24.20,2.50,7.20
8/3/18-9:59:42,837,189,409,54.80,24.20,2.70,8.60
8/3/18-10:0:43,837,208,368,56.80,24.20,2.60,8.00
8/3/18-10:1:44,837,209,373,56.70,24.20,2.40,7.20
8/3/18-10:2:45,836,207,391,57.20,24.20,2.30,5.10
8/3/18-10:3:46,835,175,349,56.20,24.30,2.70,7.90
8/3/18-10:4:47,837,171,356,56.10,24.30,2.80,8.20
8/3/18-10:5:48,840,163,367,55.90,24.30,2.40,4.50
8/3/18-10:6:49,837,166,384,55.80,24.30,2.30,9.60
8/3/18-10:7:50,836,185,368,56.10,24.30,2.20,5.30
8/3/18-10:8:51,837,193,365,56.30,24.40,2.60,7.80
8/3/18-10:9:52,836,164,340,56.10,24.40,2.20,12.10
8/3/18-10:10:53,837,163,354,55.00,24.40,2.70,7.70
8/3/18-10:11:53,837,163,359,55.40,24.40,2.50,5.50
8/3/18-10:12:54,836,176,351,56.00,24.40,2.50,8.70
8/3/18-10:13:55,835,204,429,56.10,24.50,3.00,10.60
8/3/18-10:14:56,834,229,376,55.80,24.50,2.20,6.80
8/3/18-10:15:57,836,193,353,55.80,24.50,2.80,9.60
8/3/18-10:16:58,836,181,380,56.10,24.60,2.90,12.90
8/3/18-10:17:59,836,186,350,55.10,24.60,2.80,25.20
8/3/18-10:19:0,834,225,396,54.90,24.70,3.50,15.80
8/3/18-10:20:1,836,209,373,54.70,24.60,3.00,12.80
8/3/18-10:21:2,835,223,381,56.00,24.60,2.50,9.10
8/3/18-10:22:3,835,205,355,56.00,24.70,2.70,10.20
8/3/18-10:23:4,839,173,341,55.90,24.70,2.60,9.70
8/3/18-10:24:5,838,139,337,55.30,24.80,2.60,12.30
8/3/18-10:25:6,837,146,346,54.30,24.80,2.80,10.50
8/3/18-10:26:7,838,167,356,55.90,24.80,3.10,14.80
8/3/18-10:27:8,837,224,421,55.90,24.80,3.30,18.00
8/3/18-10:28:9,836,227,384,54.10,24.80,3.20,14.30
8/3/18-10:29:10,837,192,354,53.70,24.80,2.70,9.30
8/3/18-10:30:11,837,174,366,54.30,24.80,3.20,8.80
8/3/18-10:31:12,838,179,378,54.50,24.90,2.90,7.30
8/3/18-10:32:13,839,189,371,55.50,24.90,3.50,16.10
8/3/18-10:33:14,836,153,349,54.00,24.90,2.80,10.40
8/3/18-10:34:15,837,152,379,53.90,24.90,2.30,8.10
8/3/18-10:35:16,836,176,362,54.70,24.90,2.40,11.20
8/3/18-10:36:17,838,222,445,56.00,24.90,3.80,12.90
8/3/18-10:37:18,838,206,387,56.30,24.90,3.00,8.00
8/3/18-10:38:19,838,225,377,56.10,25.00,2.60,11.20
8/3/18-10:39:20,837,185,367,55.40,25.00,2.60,8.70
8/3/18-10:40:21,836,166,374,53.70,25.00,3.10,11.90
8/3/18-10:41:22,836,173,368,53.50,25.00,2.80,10.20
8/3/18-10:42:23,838,154,365,55.20,25.10,2.50,4.80
8/3/18-10:43:24,836,180,411,53.40,25.10,2.70,9.70
8/3/18-10:44:25,835,196,385,53.60,25.10,2.50,11.00
8/3/18-10:45:26,837,171,358,54.30,25.10,3.30,10.60
8/3/18-10:46:27,835,161,348,55.50,25.20,2.60,10.00
8/3/18-10:47:28,833,157,353,53.40,25.20,2.70,7.70
8/3/18-10:48:29,835,170,356,53.30,25.20,2.60,8.50
8/3/18-10:49:30,835,182,381,54.90,25.20,2.60,7.80
8/3/18-10:50:31,837,189,364,54.40,25.30,2.50,9.80
8/3/18-10:51:32,836,185,383,54.90,25.30,2.70,8.30
8/3/18-10:52:33,837,178,372,54.50,25.40,2.50,10.10
8/3/18-10:53:34,834,169,382,54.40,25.40,2.40,7.80
8/3/18-10:54:35,834,171,362,53.00,25.40,3.10,7.90
8/3/18-10:55:36,834,148,377,52.10,25.50,3.10,9.40
8/3/18-10:56:37,834,134,342,53.20,25.40,2.30,6.50
8/3/18-10:57:38,834,151,352,52.60,25.40,2.60,9.30
8/3/18-10:58:39,836,161,372,52.40,25.40,3.10,13.10
8/3/18-10:59:40,837,209,451,54.20,25.40,2.80,19.20
8/3/18-11:0:41,837,179,358,52.00,25.50,2.80,11.60
8/3/18-11:1:42,837,246,394,52.70,25.50,2.30,6.60
8/3/18-11:2:43,836,274,410,52.60,25.50,2.70,7.60
8/3/18-11:3:44,836,243,389,51.80,25.50,2.80,6.60
8/3/18-11:4:44,834,213,361,52.90,25.50,2.60,8.80
8/3/18-11:5:45,836,152,343,53.30,25.60,2.50,14.50
8/3/18-11:6:46,836,162,369,51.60,25.60,2.60,5.70
8/3/18-11:7:47,835,192,394,52.60,25.60,3.40,11.70
8/3/18-11:8:48,834,171,382,53.20,25.70,2.80,15.60
8/3/18-11:9:49,833,210,391,47.30,25.70,2.60,6.50
8/3/18-11:10:50,835,194,361,47.00,25.70,3.00,9.00
8/3/18-11:11:51,835,210,380,46.90,25.80,2.90,8.90
8/3/18-11:12:52,835,230,393,46.90,25.80,3.20,9.70
8/3/18-11:13:53,834,216,367,46.20,25.80,3.40,14.00
8/3/18-11:14:54,835,199,401,46.80,25.90,2.80,12.20
8/3/18-11:15:55,835,160,370,47.00,25.80,2.30,5.80
8/3/18-11:16:56,834,170,387,47.20,25.80,2.30,7.90
8/3/18-11:17:57,833,205,429,46.50,25.90,2.60,7.80
8/3/18-11:18:58,833,218,438,46.70,25.90,2.70,9.00
8/3/18-11:19:59,835,159,351,45.90,25.90,2.40,5.70
8/3/18-11:21:0,833,147,395,46.70,26.00,2.50,4.90
8/3/18-11:22:1,833,150,358,46.80,26.00,2.80,10.10
8/3/18-11:23:2,832,147,350,46.90,26.00,3.00,10.60
8/3/18-11:24:3,832,170,395,46.40,26.10,2.70,7.70
8/3/18-11:25:4,835,166,366,46.40,26.10,3.10,18.90
8/3/18-11:26:5,835,151,438,46.20,26.10,3.10,10.50
8/3/18-11:27:6,834,158,348,46.10,26.20,2.80,6.60
8/3/18-11:28:7,833,154,362,46.90,26.20,2.70,8.30
8/3/18-11:29:8,833,131,340,46.40,26.30,2.50,6.70
8/3/18-11:30:9,834,154,367,46.20,26.30,2.60,7.90
8/3/18-11:31:10,834,166,403,46.20,26.30,2.50,8.20
8/3/18-11:32:11,834,154,360,45.80,26.30,3.20,12.80
8/3/18-11:33:12,833,135,356,46.60,26.40,2.80,8.40
8/3/18-11:34:13,832,157,369,46.80,26.40,2.70,7.50
8/3/18-11:35:14,833,163,387,45.90,26.40,2.90,14.80
8/3/18-11:36:15,832,153,366,45.60,26.40,2.60,12.20
8/3/18-11:37:16,834,150,366,45.60,26.50,2.90,8.40
8/3/18-11:38:17,833,135,340,45.50,26.50,2.70,7.10
8/3/18-11:39:18,833,141,403,46.40,26.50,2.20,5.40
8/3/18-11:40:19,834,130,344,45.60,26.50,2.20,5.50
8/3/18-11:41:20,833,147,416,46.30,26.60,2.50,7.30
8/3/18-11:42:21,834,148,356,45.60,26.60,3.20,10.00
8/3/18-11:43:22,835,209,422,45.10,26.60,2.70,9.00
8/3/18-11:44:23,837,304,440,44.90,26.70,8.10,22.30
8/3/18-11:45:24,834,304,380,45.00,26.70,28.50,85.00
8/3/18-11:46:25,833,255,365,44.90,26.70,9.50,29.10
8/3/18-11:47:26,834,239,378,45.80,26.70,5.60,15.60
8/3/18-11:48:27,833,240,400,45.00,26.80,6.50,18.30
8/3/18-11:49:28,834,171,358,45.20,26.70,3.40,12.20
8/3/18-11:50:29,834,173,363,44.80,26.80,3.40,11.80
8/3/18-11:51:30,833,213,449,45.10,26.80,3.30,11.50
8/3/18-11:52:31,834,212,368,44.80,26.90,2.70,8.20
8/3/18-11:53:32,832,191,374,44.60,26.90,3.10,13.80
8/3/18-11:54:33,832,171,362,44.60,26.90,3.40,13.20
8/3/18-11:55:34,832,151,390,44.90,26.90,3.70,15.30
8/3/18-11:56:35,834,202,412,45.40,26.90,3.20,11.00
8/3/18-11:57:36,834,214,412,45.20,27.00,3.00,6.70
8/3/18-11:58:37,834,179,400,46.00,27.00,2.60,9.70
8/3/18-11:59:38,833,234,461,44.60,27.00,3.00,14.60
8/3/18-12:0:38,834,201,395,44.40,27.00,3.20,10.20
8/3/18-12:1:39,834,176,394,44.80,27.00,3.90,12.40
8/3/18-12:2:40,832,168,383,45.10,27.00,3.00,7.80
8/3/18-12:3:41,833,181,427,45.20,27.00,2.40,6.20
8/3/18-12:4:42,833,188,385,44.30,27.10,3.10,8.70
8/3/18-12:5:43,832,160,407,44.70,27.10,2.80,11.80
8/3/18-12:6:44,833,159,388,44.00,27.10,3.40,9.50
8/3/18-12:7:45,834,154,385,43.80,27.20,2.60,8.20
8/3/18-12:8:46,834,227,439,44.60,27.20,3.00,10.10
8/3/18-12:9:47,834,214,445,44.90,27.30,3.30,12.20
8/3/18-12:10:48,831,218,385,44.70,27.30,3.00,8.20
8/3/18-12:11:49,834,178,382,44.40,27.40,3.20,12.40
8/3/18-12:12:50,833,153,359,44.60,27.30,3.10,9.40
8/3/18-12:13:51,834,190,477,44.70,27.40,3.30,11.80
8/3/18-12:14:52,834,244,404,45.00,27.40,3.40,14.40
8/3/18-12:15:53,832,203,428,44.40,27.50,4.40,32.40
8/3/18-12:16:54,834,168,417,43.40,27.40,3.20,10.80
8/3/18-12:17:55,833,164,409,43.60,27.50,3.00,9.90
8/3/18-12:18:56,834,217,428,43.60,27.50,2.70,13.50
8/3/18-12:19:57,835,172,367,43.70,27.50,3.00,13.10
8/3/18-12:20:58,835,157,365,43.40,27.60,2.80,10.20
8/3/18-12:21:59,835,145,435,43.00,27.60,2.70,5.40
8/3/18-12:23:0,836,114,365,43.20,27.50,3.50,16.30
8/3/18-12:24:1,838,137,386,44.10,27.50,3.20,11.70
8/3/18-12:25:2,833,121,380,44.50,27.50,3.40,15.60
8/3/18-12:26:3,834,140,402,44.00,27.40,4.00,12.70
8/3/18-12:27:4,835,160,423,44.00,27.40,3.20,12.40
8/3/18-12:28:5,833,188,421,44.00,27.40,3.80,16.50
8/3/18-12:29:6,833,183,410,44.70,27.50,3.80,13.00
8/3/18-12:30:7,835,180,392,44.20,27.60,3.60,12.90
8/3/18-12:31:8,835,139,376,43.40,27.60,3.80,19.60
8/3/18-12:32:9,835,165,451,43.40,27.60,3.10,10.80
8/3/18-12:33:10,834,200,412,44.10,27.60,3.10,9.70
8/3/18-12:34:11,834,214,439,43.60,27.60,3.60,15.50
8/3/18-12:35:12,833,203,438,43.60,27.70,3.60,11.30
8/3/18-12:36:13,836,147,407,42.60,27.70,3.90,15.30
8/3/18-12:37:14,839,140,396,43.20,27.70,3.60,11.50
8/3/18-12:38:15,835,185,414,43.40,27.70,4.00,14.90
8/3/18-12:39:16,833,163,412,42.90,27.70,3.90,14.20
8/3/18-12:40:17,834,173,427,43.60,27.70,4.60,19.40
8/3/18-12:41:18,834,159,416,43.60,27.80,4.20,14.30
8/3/18-12:42:19,834,139,383,43.60,27.80,3.90,16.70
8/3/18-12:43:20,834,126,407,43.40,27.80,3.80,12.80
8/3/18-12:44:21,836,161,412,44.10,27.80,4.30,14.10
8/3/18-12:45:22,834,139,367,43.40,27.90,4.40,15.60
8/3/18-12:46:23,836,139,423,46.30,27.90,4.40,15.70
8/3/18-12:47:24,835,162,386,46.90,28.00,4.10,18.90
8/3/18-12:48:25,836,183,453,44.70,28.00,4.80,12.10
8/3/18-12:49:26,835,191,438,44.40,28.10,4.70,18.80
8/3/18-12:50:27,835,170,401,44.90,28.00,4.00,12.60
8/3/18-12:51:28,835,157,415,42.90,28.10,3.80,15.50
8/3/18-12:52:29,836,210,429,43.20,28.10,4.20,13.00
8/3/18-12:53:30,835,184,400,42.60,28.20,4.30,12.50
8/3/18-12:54:31,834,204,407,42.80,28.20,4.50,17.00
8/3/18-12:55:32,835,145,377,41.60,28.20,4.40,9.20
8/3/18-12:56:33,835,176,458,41.50,28.20,3.90,9.70
8/3/18-12:57:34,833,174,420,41.80,28.20,3.30,11.10
8/3/18-12:58:34,835,149,375,16.20,28.20,3.90,13.40
8/3/18-12:59:35,834,116,381,40.90,28.20,3.50,11.80
8/3/18-13:0:36,834,124,392,42.20,28.20,3.80,14.30
8/3/18-13:1:37,835,134,430,42.20,28.20,4.20,13.80
8/3/18-13:2:38,836,187,433,41.90,28.20,3.80,12.70
8/3/18-13:3:39,834,173,436,41.80,28.20,3.60,12.60
8/3/18-13:4:40,836,177,413,41.90,28.30,4.30,12.50
8/3/18-13:5:41,835,185,416,42.40,28.30,4.20,12.50
8/3/18-13:6:42,835,127,389,42.50,28.30,4.10,10.60
8/3/18-13:7:43,834,131,383,42.30,28.30,3.80,8.50
8/3/18-13:8:44,835,190,448,42.60,28.30,4.50,12.40
8/3/18-13:9:45,835,170,447,42.10,28.40,4.30,13.30
8/3/18-13:10:46,834,161,379,41.40,28.40,4.00,10.70
8/3/18-13:11:47,834,158,435,41.40,28.40,4.80,9.00
8/3/18-13:12:48,833,168,388,42.70,28.40,5.00,14.60
8/3/18-13:13:49,837,129,384,41.10,28.40,3.80,10.20
8/3/18-13:14:50,835,139,417,41.70,28.40,3.90,10.60
8/3/18-13:15:51,834,135,382,40.80,28.50,4.00,11.00
8/3/18-13:16:52,835,125,376,41.50,28.50,3.80,9.50
8/3/18-13:17:53,835,145,454,41.90,28.60,3.80,9.20
8/3/18-13:18:54,834,185,446,41.40,28.60,4.20,10.50
8/3/18-13:19:55,834,121,360,40.70,28.60,4.80,11.30
8/3/18-13:20:56,836,124,422,41.40,28.60,3.90,14.30
8/3/18-13:21:57,833,147,409,42.60,28.70,4.40,14.30
8/3/18-13:22:58,839,152,438,41.50,28.70,4.20,10.40
8/3/18-13:23:59,835,128,387,41.70,28.70,3.80,11.60
8/3/18-13:25:0,837,150,434,41.80,28.70,4.30,17.00
8/3/18-13:26:1,836,190,442,41.80,28.80,4.50,9.40
8/3/18-13:27:2,835,187,384,41.70,28.90,3.60,13.00
8/3/18-13:28:3,836,180,449,40.00,28.90,4.10,10.30
8/3/18-13:29:4,834,155,414,40.00,28.90,3.80,11.00
8/3/18-13:30:5,834,136,383,41.40,29.00,3.70,9.20
8/3/18-13:31:6,835,202,420,41.60,29.00,3.50,11.60
8/3/18-13:32:7,835,176,425,41.50,29.00,3.70,12.80
8/3/18-13:33:8,834,159,433,40.70,29.00,4.00,13.50
8/3/18-13:34:9,833,218,443,40.80,29.00,3.90,7.30
8/3/18-13:35:10,835,167,419,40.80,29.10,3.30,8.80
8/3/18-13:36:11,834,155,401,40.40,29.10,3.70,13.60
8/3/18-13:37:12,835,125,388,41.10,29.10,3.50,7.60
8/3/18-13:38:13,839,123,402,41.40,29.10,3.20,12.30
8/3/18-13:39:14,835,157,402,40.50,29.10,3.00,7.80
8/3/18-13:40:15,834,117,364,40.60,29.20,4.10,12.70
8/3/18-13:41:16,839,123,396,39.40,29.10,3.70,10.60
8/3/18-13:42:17,835,163,436,41.10,29.00,3.00,10.20
8/3/18-13:43:18,836,158,406,41.10,29.00,3.50,13.40
8/3/18-13:44:19,834,136,402,41.70,29.00,3.60,11.70
8/3/18-13:45:20,834,140,395,40.50,29.00,3.70,7.40
8/3/18-13:46:21,836,140,421,41.20,29.10,3.50,11.20
8/3/18-13:47:22,836,130,383,41.70,29.10,3.90,12.20
8/3/18-13:48:23,836,129,420,41.10,29.10,4.00,9.20
8/3/18-13:49:24,834,160,432,39.70,29.20,3.90,11.10
8/3/18-13:50:25,836,145,393,39.70,29.20,3.90,11.60
8/3/18-13:51:26,839,128,387,39.80,29.20,3.90,14.40
8/3/18-13:52:27,836,190,443,40.30,29.20,4.10,12.80
8/3/18-13:53:28,835,198,422,39.80,29.20,5.40,17.30
8/3/18-13:54:29,836,209,459,39.70,29.20,7.10,12.80
8/3/18-13:55:30,839,192,428,39.10,29.30,8.30,19.00
8/3/18-13:56:31,838,167,417,39.60,29.30,6.70,17.60
8/3/18-13:57:32,835,138,402,39.80,29.30,5.50,12.30
8/3/18-13:58:33,837,132,393,39.80,29.30,5.20,16.50
8/3/18-13:59:33,836,117,390,39.60,29.40,4.40,12.00
8/3/18-14:0:34,836,119,377,39.80,29.40,3.80,13.70
8/3/18-14:1:35,837,127,401,41.20,29.40,4.20,8.70
8/3/18-14:2:36,837,161,456,41.50,29.50,4.40,14.10
8/3/18-14:3:37,836,158,404,41.40,29.60,5.20,14.30
8/3/18-14:4:38,837,143,414,40.50,29.60,4.60,15.30
8/3/18-14:5:39,837,132,426,40.20,29.70,4.70,10.60
8/3/18-14:6:40,834,153,444,40.70,29.70,5.90,27.80
8/3/18-14:7:41,836,194,450,40.70,29.80,5.00,17.10
8/3/18-14:8:42,837,127,399,40.20,29.80,5.20,13.00
8/3/18-14:9:43,837,145,431,39.90,29.80,5.00,15.00
8/3/18-14:10:44,837,163,485,41.00,29.90,5.30,15.70
8/3/18-14:11:45,837,194,443,40.90,29.90,5.90,16.60
8/3/18-14:12:46,835,152,407,40.10,29.90,5.50,18.60
8/3/18-14:13:47,835,163,456,39.70,29.80,5.30,15.30
8/3/18-14:14:48,835,172,448,39.30,29.90,5.10,12.10
8/3/18-14:15:49,835,177,434,39.60,29.90,6.50,15.00
8/3/18-14:16:50,836,209,471,38.90,29.90,5.30,10.70
8/3/18-14:17:51,835,195,408,39.10,29.90,4.70,12.20
8/3/18-14:18:52,835,176,436,38.30,29.90,4.10,9.00
8/3/18-14:19:53,835,155,426,38.00,29.90,3.80,8.00
8/3/18-14:20:54,837,141,399,38.00,29.90,3.20,7.80
8/3/18-14:21:55,836,111,389,38.70,29.80,3.40,8.50
8/3/18-14:22:56,834,141,441,38.30,29.80,3.70,14.80
8/3/18-14:23:57,835,189,452,38.40,29.80,3.60,12.20
8/3/18-14:24:58,835,228,450,39.60,29.80,3.70,10.30
8/3/18-14:25:59,836,212,431,39.90,29.90,3.90,11.70
8/3/18-14:27:0,836,151,418,37.90,29.90,4.10,9.20
8/3/18-14:28:1,836,130,392,37.60,29.90,4.70,13.10
8/3/18-14:29:2,835,228,475,38.10,29.90,4.20,11.60
8/3/18-14:30:3,836,186,441,38.10,29.90,4.60,15.80
8/3/18-14:31:4,837,208,417,38.60,29.90,4.20,10.10
8/3/18-14:32:5,836,220,465,39.00,30.00,4.30,10.80
8/3/18-14:33:6,835,223,479,38.40,30.00,4.50,11.40
8/3/18-14:34:7,836,207,464,38.10,30.00,4.10,10.10
8/3/18-14:35:8,835,147,385,37.40,30.10,3.90,7.70
8/3/18-14:36:9,834,189,466,37.80,30.10,3.50,8.60
8/3/18-14:37:10,832,192,394,38.30,30.10,3.20,7.40
8/3/18-14:38:11,834,172,398,38.30,30.10,3.60,8.90
8/3/18-14:39:12,832,188,458,39.80,30.20,3.20,6.70
8/3/18-14:40:13,834,195,460,38.80,30.20,3.70,9.50
8/3/18-14:41:14,834,231,452,38.30,30.20,2.80,9.90
8/3/18-14:42:15,831,163,413,38.40,30.30,3.20,10.40
8/3/18-14:43:16,833,150,449,38.40,30.30,2.90,8.50
8/3/18-14:44:17,833,223,467,37.70,30.30,2.80,9.90
8/3/18-14:45:18,832,187,419,38.00,30.30,3.00,7.40
8/3/18-14:46:19,834,228,430,38.30,30.30,3.10,10.70
8/3/18-14:47:20,834,154,384,38.00,30.40,3.60,17.60
8/3/18-14:48:21,832,121,375,38.00,30.40,2.90,14.00
8/3/18-14:49:22,832,132,405,38.50,30.40,2.70,9.40
8/3/18-14:50:23,833,157,432,37.70,30.50,2.80,6.40
8/3/18-14:51:24,833,158,420,37.80,30.50,2.70,7.40
8/3/18-14:52:25,836,160,434,38.20,30.50,3.00,8.70
8/3/18-14:53:26,835,248,489,37.60,30.50,2.70,9.80
8/3/18-14:54:27,838,226,471,37.60,30.50,2.60,7.90
8/3/18-14:55:28,836,187,437,37.00,30.60,2.60,10.70
8/3/18-14:56:29,837,153,389,36.50,30.60,2.50,8.80
8/3/18-14:57:30,838,222,490,36.50,30.60,2.10,6.50
8/3/18-14:58:31,838,162,387,36.50,30.60,1.90,5.80
8/3/18-14:59:32,836,228,465,37.20,30.70,1.80,6.60
8/3/18-15:0:33,837,246,458,36.60,30.70,2.30,7.30
8/3/18-15:1:34,836,189,433,36.20,30.70,2.50,8.70
8/3/18-15:2:35,836,256,498,35.50,30.70,2.40,6.10
8/3/18-15:3:36,837,214,450,36.10,30.70,1.90,4.50
8/3/18-15:4:36,836,186,450,36.20,30.70,2.40,9.30
8/3/18-15:5:37,835,213,441,36.30,30.70,2.20,7.60
8/3/18-15:6:38,835,210,417,36.00,30.70,2.40,13.30
8/3/18-15:7:39,837,213,438,36.10,30.80,2.10,9.80
8/3/18-15:8:40,836,257,482,34.30,30.80,2.20,5.70
8/3/18-15:9:41,837,206,407,34.20,30.80,2.00,7.80
8/3/18-15:10:42,835,206,420,34.20,30.80,2.20,6.80
8/3/18-15:11:43,834,167,425,34.60,30.80,1.90,6.80
8/3/18-15:12:44,835,162,418,34.90,30.80,2.00,12.50
8/3/18-15:13:45,837,211,476,35.40,30.70,1.90,4.40
8/3/18-15:14:46,837,150,375,35.30,30.70,2.10,7.50
8/3/18-15:15:47,837,120,388,35.40,30.70,2.10,7.90
8/3/18-15:16:48,837,117,373,35.00,30.70,2.10,7.20
8/3/18-15:17:49,839,125,387,35.40,30.60,1.90,6.40
8/3/18-15:18:50,835,167,394,35.30,30.60,1.90,5.70
8/3/18-15:19:51,839,220,438,35.30,30.50,2.20,9.80
8/3/18-15:20:52,837,203,407,35.60,30.50,1.80,4.50
8/3/18-15:21:53,839,159,375,34.10,30.50,2.00,8.60
8/3/18-15:22:54,835,157,398,35.00,30.50,1.50,3.20
8/3/18-15:23:55,837,174,420,35.60,30.40,2.00,4.80
8/3/18-15:24:56,837,215,437,35.30,30.40,2.30,3.30
8/3/18-15:25:57,837,233,442,34.00,30.40,2.40,6.30
8/3/18-15:26:58,837,164,390,34.40,30.40,1.60,5.90
8/3/18-15:27:59,837,187,417,34.70,30.40,2.20,9.10
8/3/18-15:29:0,837,134,382,34.30,30.40,1.90,5.80
8/3/18-15:30:1,836,204,476,35.30,30.50,2.10,8.30
8/3/18-15:31:2,837,220,399,34.40,30.50,1.90,6.00
8/3/18-15:32:3,836,226,448,34.40,30.50,1.40,6.80
8/3/18-15:33:4,835,220,446,33.90,30.60,1.80,5.20
8/3/18-15:34:5,837,206,417,33.50,30.70,1.80,10.40
8/3/18-15:35:6,835,149,378,33.70,30.70,1.80,3.50
8/3/18-15:36:7,836,189,472,34.60,30.70,1.80,6.30
8/3/18-15:37:8,836,153,382,34.60,30.80,2.10,5.50
8/3/18-15:38:9,836,113,363,35.20,30.80,2.20,9.20
8/3/18-15:39:10,835,213,447,34.30,30.80,1.80,4.10
8/3/18-15:40:11,836,145,391,34.40,30.80,2.00,7.50
8/3/18-15:41:12,836,143,401,34.30,30.80,2.10,9.40
8/3/18-15:42:13,837,127,372,33.70,30.80,2.10,6.80
8/3/18-15:43:14,835,137,402,33.60,30.90,1.90,10.20
8/3/18-15:44:15,837,174,424,34.30,30.90,2.00,7.20
8/3/18-15:45:16,837,207,468,33.90,30.90,1.80,4.50
8/3/18-15:46:17,837,187,432,34.90,31.00,1.90,7.50
8/3/18-15:47:18,837,180,422,35.60,31.10,2.10,8.10
8/3/18-15:48:19,836,227,455,35.50,31.10,1.80,5.10
8/3/18-15:49:20,837,271,466,34.00,31.10,2.10,8.40
8/3/18-15:50:21,836,267,499,33.10,31.20,1.80,5.10
8/3/18-15:51:22,834,253,430,33.10,31.20,1.90,4.30
8/3/18-15:52:23,836,220,459,32.70,31.30,1.90,7.80
8/3/18-15:53:24,834,213,429,33.00,31.30,2.30,5.60
8/3/18-15:54:25,835,267,462,33.20,31.30,2.20,9.70
8/3/18-15:55:26,834,163,390,32.50,31.30,2.20,5.50
8/3/18-15:56:27,836,143,399,33.20,31.30,1.80,3.70
8/3/18-15:57:28,836,123,377,34.80,31.30,2.10,6.30
8/3/18-15:58:29,834,123,386,34.80,31.40,2.40,9.50
8/3/18-15:59:30,835,144,429,34.60,31.40,2.10,6.30
8/3/18-16:0:31,837,148,413,34.80,31.50,2.20,10.80
8/3/18-16:1:32,835,216,411,35.80,31.60,2.20,7.10
8/3/18-16:2:33,834,266,444,33.90,31.60,2.40,5.80
8/3/18-16:3:34,837,182,416,33.90,31.60,1.90,7.30
8/3/18-16:4:35,836,169,441,33.50,31.60,2.50,6.70
8/3/18-16:5:36,837,203,448,34.50,31.60,2.00,3.60
8/3/18-16:6:37,836,207,449,33.70,31.60,2.30,5.70
8/3/18-16:7:38,836,180,464,33.90,31.60,2.30,6.80
8/3/18-16:8:39,837,236,443,34.30,31.50,2.30,6.30
8/3/18-16:9:40,837,235,496,33.50,31.50,2.60,11.40
8/3/18-16:10:41,836,196,440,33.20,31.60,2.50,7.00
8/3/18-16:11:41,836,190,470,33.70,31.60,2.70,14.80
8/3/18-16:12:42,836,150,405,33.80,31.60,2.20,7.50
8/3/18-16:13:43,835,127,384,33.60,31.60,2.60,14.50
8/3/18-16:14:44,837,122,391,32.60,31.60,2.20,7.90
8/3/18-16:15:45,836,173,444,33.50,31.60,2.40,11.00
8/3/18-16:16:46,836,153,414,33.80,31.60,2.50,8.70
8/3/18-16:17:47,836,205,411,34.40,31.60,2.30,7.10
8/3/18-16:18:48,836,199,442,33.80,31.70,2.30,8.30
8/3/18-16:19:49,837,182,402,33.00,31.60,1.90,4.10
8/3/18-16:20:50,837,150,409,34.40,31.70,2.20,13.50
8/3/18-16:21:51,837,209,442,34.50,31.70,2.10,4.70
8/3/18-16:22:52,838,170,401,33.30,31.80,2.40,13.50
8/3/18-16:23:53,838,199,443,33.30,31.80,2.10,8.30
8/3/18-16:24:54,837,216,460,34.10,31.80,2.50,9.70
8/3/18-16:25:55,838,166,427,32.90,31.80,2.40,9.40
8/3/18-16:26:56,838,217,415,33.90,31.70,2.50,9.90
8/3/18-16:27:57,840,173,387,33.90,31.70,2.00,5.30
8/3/18-16:28:58,836,213,506,33.20,31.70,2.20,6.40
8/3/18-16:29:59,836,184,394,32.90,31.70,2.30,5.70
8/3/18-16:31:0,836,165,414,32.80,31.60,2.40,7.40
8/3/18-16:32:1,837,296,497,32.70,31.60,2.30,11.70
8/3/18-16:33:2,836,309,444,33.50,31.60,2.50,5.50
8/3/18-16:34:3,837,202,395,33.40,31.60,2.20,5.40
8/3/18-16:35:4,837,226,426,33.90,31.60,3.00,9.80
8/3/18-16:36:5,837,182,403,32.50,31.50,2.40,4.90
8/3/18-16:37:6,836,129,372,32.90,31.40,2.80,10.10
8/3/18-16:38:7,837,126,419,33.20,31.40,2.50,7.30
8/3/18-16:39:8,838,229,455,33.90,31.30,2.60,8.90
8/3/18-16:40:9,838,216,403,33.60,31.30,2.40,8.50
8/3/18-16:41:10,838,219,502,33.40,31.20,2.30,7.90
8/3/18-16:42:11,836,225,449,34.00,31.20,2.30,6.50
8/3/18-16:43:12,837,212,406,36.20,31.20,2.50,9.50
8/3/18-16:44:13,837,252,436,35.90,31.20,2.10,10.00
8/3/18-16:45:14,838,259,454,36.20,31.20,2.40,6.00
8/3/18-16:46:15,838,222,398,37.60,31.20,2.40,7.60
8/3/18-16:47:16,836,224,459,35.50,31.10,2.30,10.60
8/3/18-16:48:17,839,232,419,34.80,31.10,2.40,10.30
8/3/18-16:49:18,839,227,441,35.20,31.10,2.50,10.50
8/3/18-16:50:19,839,240,445,34.60,31.10,2.10,6.00
8/3/18-16:51:20,837,245,426,34.30,31.10,2.70,8.10
8/3/18-16:52:21,839,178,404,34.40,31.00,2.80,9.20
8/3/18-16:53:22,838,155,397,34.70,31.00,2.50,9.00
8/3/18-16:54:23,835,151,394,34.20,30.90,3.10,15.00
8/3/18-16:55:24,836,203,460,34.70,30.90,2.60,9.90
8/3/18-16:56:25,834,243,429,35.20,30.90,2.30,7.30
8/3/18-16:57:26,837,201,416,34.80,30.90,2.00,9.40
8/3/18-16:58:27,835,217,442,35.10,30.90,2.40,9.80
8/3/18-16:59:28,836,243,446,35.10,30.90,2.40,8.40
8/3/18-17:0:29,837,227,455,35.20,30.90,2.50,7.80
8/3/18-17:1:30,836,223,466,35.90,30.90,2.50,7.80
8/3/18-17:2:31,835,221,408,36.30,30.90,2.70,12.20
8/3/18-17:3:32,836,145,374,34.10,30.90,2.20,8.20
8/3/18-17:4:33,836,177,455,34.70,31.00,2.10,6.30
8/3/18-17:5:34,837,225,427,35.40,31.00,2.40,9.80
8/3/18-17:6:35,836,155,376,34.80,31.00,2.20,7.10
8/3/18-17:7:36,837,128,377,34.90,31.10,1.90,6.50
8/3/18-17:8:37,835,183,429,35.60,31.20,2.80,7.80
8/3/18-17:9:38,837,143,389,33.70,31.20,2.50,9.10
8/3/18-17:10:39,835,152,405,34.80,31.30,2.10,3.40
8/3/18-17:11:40,835,157,432,35.60,31.40,2.20,7.00
8/3/18-17:12:41,836,141,397,34.00,31.40,2.40,8.10
8/3/18-17:13:42,837,139,406,33.60,31.50,2.20,8.40
8/3/18-17:14:43,837,167,427,33.80,31.50,2.40,8.00
8/3/18-17:15:44,837,130,396,33.70,31.60,2.50,6.50
8/3/18-17:16:45,838,127,375,33.80,31.70,2.70,7.00
8/3/18-17:17:46,837,165,434,33.40,31.70,2.40,6.50
8/3/18-17:18:47,835,146,378,32.80,31.80,2.50,5.30
8/3/18-17:19:48,838,116,362,33.60,31.80,2.50,13.00
8/3/18-17:20:48,838,110,379,32.20,31.80,2.40,7.00
8/3/18-17:21:49,836,137,380,32.20,31.80,2.30,7.70
8/3/18-17:22:50,837,221,442,32.50,31.80,2.20,7.30
8/3/18-17:23:51,836,263,498,33.00,31.80,2.80,8.40
8/3/18-17:24:52,837,206,403,32.50,31.80,2.40,9.90
8/3/18-17:25:53,838,178,427,32.30,31.90,2.50,5.60
8/3/18-17:26:54,837,242,445,33.10,31.90,2.30,6.40
8/3/18-17:27:55,836,214,469,32.70,31.90,2.10,7.00
8/3/18-17:28:56,840,249,461,33.20,32.00,2.30,12.50
8/3/18-17:29:57,836,220,486,33.00,31.90,2.00,6.80
8/3/18-17:30:58,837,199,416,33.00,31.90,2.50,9.30
8/3/18-17:31:59,838,156,390,33.30,32.00,2.20,6.30
8/3/18-17:33:0,837,151,457,33.00,31.90,2.50,11.30
8/3/18-17:34:1,837,212,425,32.60,31.90,2.20,8.90
8/3/18-17:35:2,836,219,477,32.70,31.90,2.60,9.20
8/3/18-17:36:3,838,210,439,33.20,31.90,2.80,10.50
8/3/18-17:37:4,838,209,470,35.20,32.00,3.00,8.60
8/3/18-17:38:5,838,237,494,35.10,32.00,2.90,8.30
8/3/18-17:39:6,836,194,404,35.50,31.90,3.00,9.40
8/3/18-17:40:7,838,215,479,34.40,31.90,2.60,8.90
8/3/18-17:41:8,837,220,429,33.50,31.90,2.80,7.90
8/3/18-17:42:9,834,192,399,35.50,31.90,2.60,8.20
8/3/18-17:43:10,834,207,428,34.90,31.80,2.60,8.40
8/3/18-17:44:11,836,175,403,34.20,31.90,2.40,11.00
8/3/18-17:45:12,834,190,418,34.80,31.80,3.00,14.20
8/3/18-17:46:13,834,182,430,33.50,31.80,2.50,8.20
8/3/18-17:47:14,834,188,400,35.00,31.80,2.20,7.80
8/3/18-17:48:15,835,227,447,34.00,31.80,2.50,7.30
8/3/18-17:49:16,834,295,442,34.00,31.80,2.70,7.30
