Hora,O3,NO2,CO,Humedad,Temperatura,P25,P10
1/3/18-0:0:23,853,367,443,68.80,19.80,7.30,14.10
1/3/18-0:1:24,853,368,444,68.70,19.80,6.20,10.40
1/3/18-0:2:25,853,369,448,68.90,19.80,6.40,10.10
1/3/18-0:3:26,853,371,448,66.80,19.80,6.80,14.40
1/3/18-0:4:27,852,373,447,68.10,19.80,7.00,11.60
1/3/18-0:5:28,853,370,446,69.50,19.80,7.10,12.30
1/3/18-0:6:29,853,370,445,68.30,19.80,6.80,12.90
1/3/18-0:7:29,853,368,444,69.90,19.80,7.30,11.80
1/3/18-0:8:30,852,367,439,67.10,19.80,6.20,10.90
1/3/18-0:9:31,853,368,444,67.10,19.80,6.20,8.90
1/3/18-0:10:32,852,361,447,68.30,19.80,5.90,10.50
1/3/18-0:11:33,853,369,447,67.50,19.70,6.30,9.20
1/3/18-0:12:34,853,371,448,68.00,19.80,6.10,11.40
1/3/18-0:13:35,853,376,450,68.20,19.80,5.60,10.10
1/3/18-0:14:36,853,369,446,68.00,19.80,5.90,10.90
1/3/18-0:15:37,853,369,445,66.60,19.80,5.70,8.30
1/3/18-0:16:38,853,372,446,67.00,19.70,5.40,11.30
1/3/18-0:17:39,853,374,446,67.20,19.70,4.80,7.40
1/3/18-0:18:40,853,372,444,68.40,19.80,5.20,9.90
1/3/18-0:19:41,852,366,441,67.10,19.80,5.60,10.00
1/3/18-0:20:42,853,370,442,69.20,19.70,4.50,7.40
1/3/18-0:21:43,853,367,442,68.40,19.70,4.20,7.10
1/3/18-0:22:44,852,367,441,68.30,19.70,4.80,8.80
1/3/18-0:23:45,853,364,440,68.90,19.70,4.60,7.60
1/3/18-0:24:46,852,366,440,69.00,19.70,4.40,9.20
1/3/18-0:25:47,853,365,440,67.80,19.70,4.30,7.20
1/3/18-0:26:48,853,365,441,68.50,19.70,4.10,8.90
1/3/18-0:27:49,852,364,439,68.40,19.70,4.50,10.30
1/3/18-0:28:50,852,363,439,69.30,19.70,4.00,6.40
1/3/18-0:29:51,853,367,440,67.90,19.70,4.40,9.20
1/3/18-0:30:52,853,367,441,68.50,19.70,5.00,11.30
1/3/18-0:31:53,853,368,444,69.20,19.70,4.40,10.10
1/3/18-0:32:54,853,367,443,68.80,19.70,4.10,8.30
1/3/18-0:33:55,853,370,447,68.00,19.70,4.40,7.30
1/3/18-0:34:56,853,374,444,68.00,19.70,4.30,8.70
1/3/18-0:35:57,852,369,439,69.50,19.70,4.80,7.70
1/3/18-0:36:58,853,373,445,67.60,19.70,4.60,10.20
1/3/18-0:37:59,853,375,442,67.60,19.60,4.90,7.80
1/3/18-0:39:0,853,368,438,69.30,19.60,4.10,6.40
1/3/18-0:40:1,853,366,437,68.60,19.60,5.20,8.70
1/3/18-0:41:2,853,368,439,69.80,19.70,4.00,6.90
1/3/18-0:42:3,852,370,438,68.70,19.60,4.60,8.60
1/3/18-0:43:4,853,367,439,68.30,19.60,4.10,8.80
1/3/18-0:44:5,853,371,438,69.40,19.60,4.10,7.20
1/3/18-0:45:6,853,367,438,69.00,19.60,5.10,11.80
1/3/18-0:46:7,853,362,437,68.70,19.60,4.80,11.20
1/3/18-0:47:8,853,364,437,68.80,19.60,5.20,9.50
1/3/18-0:48:9,853,366,437,69.50,19.60,5.40,11.50
1/3/18-0:49:10,853,368,441,69.60,19.60,5.60,10.30
1/3/18-0:50:11,854,368,441,67.90,19.60,5.00,7.80
1/3/18-0:51:12,853,370,442,69.50,19.60,4.40,8.70
1/3/18-0:52:12,853,366,440,70.00,19.60,4.60,6.40
1/3/18-0:53:13,852,370,443,68.20,19.60,4.60,10.50
1/3/18-0:54:14,853,366,443,73.40,19.60,4.80,8.20
1/3/18-0:55:15,853,373,441,72.60,19.60,4.40,6.70
1/3/18-0:56:16,853,372,443,72.00,19.60,5.00,11.30
1/3/18-0:57:17,853,369,440,69.80,19.60,4.50,8.30
1/3/18-0:58:18,852,373,444,69.30,19.50,5.00,8.50
1/3/18-0:59:19,853,366,443,69.20,19.60,4.10,7.70
1/3/18-1:0:20,853,372,445,68.20,19.50,4.70,9.50
1/3/18-1:1:21,852,371,443,69.20,19.50,4.30,10.70
1/3/18-1:2:22,852,372,443,68.80,19.60,4.20,9.90
1/3/18-1:3:23,852,379,445,69.30,19.50,4.50,8.00
1/3/18-1:4:24,852,377,445,69.80,19.50,4.50,6.50
1/3/18-1:5:25,853,369,440,70.40,19.50,4.70,7.80
1/3/18-1:6:26,853,365,444,68.00,19.50,4.30,8.00
1/3/18-1:7:27,853,376,444,69.60,19.50,5.10,12.70
1/3/18-1:8:28,853,371,440,70.50,19.50,4.70,11.10
1/3/18-1:9:29,853,365,436,69.80,19.50,4.80,9.70
1/3/18-1:10:30,852,360,440,70.60,19.50,4.40,9.30
1/3/18-1:11:31,853,369,440,69.40,19.50,4.90,11.90
1/3/18-1:12:32,852,370,441,69.80,19.50,4.50,10.70
1/3/18-1:13:33,853,375,442,69.20,19.40,4.70,8.60
1/3/18-1:14:34,853,371,444,70.50,19.40,4.50,9.30
1/3/18-1:15:35,853,374,446,70.30,19.50,4.80,7.90
1/3/18-1:16:36,852,374,445,70.10,19.40,4.10,8.50
1/3/18-1:17:37,853,370,445,70.20,19.50,4.60,10.20
1/3/18-1:18:38,853,371,443,69.20,19.50,4.40,10.80
1/3/18-1:19:39,852,377,444,69.80,19.50,4.70,11.90
1/3/18-1:20:40,853,380,445,71.70,19.50,3.90,9.40
1/3/18-1:21:41,852,381,446,70.50,19.50,4.50,9.60
1/3/18-1:22:42,853,379,446,70.40,19.60,4.00,5.70
1/3/18-1:23:43,853,380,446,70.00,19.60,4.00,7.40
1/3/18-1:24:44,853,384,446,69.40,19.60,4.20,9.30
1/3/18-1:25:45,853,394,457,71.20,19.50,3.80,7.40
1/3/18-1:26:46,852,396,451,70.80,19.60,4.20,8.60
1/3/18-1:27:47,853,386,445,70.80,19.60,4.60,7.40
1/3/18-1:28:48,853,385,445,71.40,19.60,3.90,8.00
1/3/18-1:29:49,853,384,447,70.80,19.60,4.50,12.20
1/3/18-1:30:50,853,386,449,70.70,19.50,4.70,10.90
1/3/18-1:31:51,852,384,447,71.20,19.50,4.30,10.80
1/3/18-1:32:52,853,385,446,70.90,19.50,4.70,9.90
1/3/18-1:33:53,853,387,445,71.70,19.50,4.30,7.30
1/3/18-1:34:54,853,385,446,72.30,19.40,3.90,7.80
1/3/18-1:35:55,853,378,443,71.50,19.40,3.80,10.40
1/3/18-1:36:55,853,375,442,70.20,19.40,3.80,8.60
1/3/18-1:37:56,852,377,443,68.50,19.40,3.40,6.50
1/3/18-1:38:57,853,376,442,70.70,19.30,3.40,7.60
1/3/18-1:39:58,853,373,441,70.70,19.40,3.40,7.60
1/3/18-1:40:59,853,377,445,70.20,19.30,3.10,4.90
1/3/18-1:42:0,853,376,442,72.60,19.30,3.40,9.30
1/3/18-1:43:1,853,375,442,71.20,19.30,3.60,8.30
1/3/18-1:44:2,853,379,444,71.70,19.20,4.00,10.90
1/3/18-1:45:3,853,376,442,71.60,19.20,3.50,7.70
1/3/18-1:46:4,853,382,454,71.70,19.20,4.00,8.20
1/3/18-1:47:5,853,380,446,70.70,19.20,4.30,9.00
1/3/18-1:48:6,854,385,452,72.00,19.30,3.90,7.70
1/3/18-1:49:7,853,388,455,71.00,19.30,4.00,7.90
1/3/18-1:50:8,853,379,440,69.90,19.30,3.90,7.00
1/3/18-1:51:9,853,384,467,68.90,19.30,3.50,10.80
1/3/18-1:52:10,853,385,447,68.40,19.30,2.50,5.60
1/3/18-1:53:11,853,377,433,68.50,19.30,2.30,3.80
1/3/18-1:54:12,853,382,442,66.40,19.40,2.20,13.30
1/3/18-1:55:13,853,373,431,67.00,19.50,2.40,7.20
1/3/18-1:56:14,853,374,431,66.90,19.40,1.90,3.20
1/3/18-1:57:15,853,368,426,68.30,19.50,2.20,4.40
1/3/18-1:58:16,853,368,425,66.20,19.40,2.10,4.90
1/3/18-1:59:17,853,370,423,66.40,19.40,2.10,4.50
1/3/18-2:0:18,853,359,422,67.50,19.40,1.80,4.30
1/3/18-2:1:19,853,360,423,65.80,19.30,1.80,5.00
1/3/18-2:2:20,853,362,430,65.10,19.40,1.50,1.90
1/3/18-2:3:21,853,355,420,64.30,19.40,1.30,1.40
1/3/18-2:4:22,853,357,421,63.10,19.40,1.50,3.10
1/3/18-2:5:23,853,344,413,65.70,19.40,1.30,2.40
1/3/18-2:6:24,853,341,413,66.60,19.40,1.20,1.40
1/3/18-2:7:25,853,349,422,64.30,19.40,1.40,2.30
1/3/18-2:8:26,854,337,411,65.00,19.40,1.60,2.90
1/3/18-2:9:27,853,335,414,64.80,19.40,1.10,2.10
1/3/18-2:10:28,853,335,412,64.60,19.40,1.40,2.90
1/3/18-2:11:29,853,336,423,63.30,19.40,1.30,3.60
1/3/18-2:12:30,853,331,410,64.10,19.40,1.30,2.90
1/3/18-2:13:31,853,328,409,64.10,19.40,1.30,3.80
1/3/18-2:14:32,853,330,414,64.50,19.30,1.40,3.10
1/3/18-2:15:33,853,325,409,64.30,19.30,1.20,4.10
1/3/18-2:16:34,853,320,406,63.80,19.30,1.50,4.30
1/3/18-2:17:35,852,318,414,62.60,19.20,1.60,4.70
1/3/18-2:18:36,852,313,401,64.30,19.20,1.40,2.70
1/3/18-2:19:37,852,313,409,64.10,19.20,1.20,1.80
1/3/18-2:20:37,853,315,406,64.70,19.20,1.20,1.50
1/3/18-2:21:38,853,321,408,64.50,19.20,1.30,1.40
1/3/18-2:22:39,853,319,407,66.00,19.20,1.40,4.50
1/3/18-2:23:40,853,319,407,64.10,19.10,1.10,1.20
1/3/18-2:24:41,854,324,418,63.60,19.20,1.20,1.80
1/3/18-2:25:42,853,326,421,63.10,19.10,1.40,4.10
1/3/18-2:26:43,853,323,408,63.20,19.20,1.30,2.10
1/3/18-2:27:44,853,331,408,64.60,19.20,1.00,1.80
1/3/18-2:28:45,853,322,404,65.40,19.10,1.00,1.30
1/3/18-2:29:46,853,313,402,64.10,19.10,1.20,2.90
1/3/18-2:30:47,853,308,404,63.20,19.10,1.10,2.60
1/3/18-2:31:48,853,316,403,64.80,19.00,1.20,2.60
1/3/18-2:32:49,853,315,402,64.90,19.00,1.00,3.70
1/3/18-2:33:50,853,320,407,63.70,19.00,1.10,2.40
1/3/18-2:34:51,853,328,407,66.70,19.00,1.00,2.50
1/3/18-2:35:52,853,326,404,66.50,19.00,1.10,1.50
1/3/18-2:36:53,852,329,404,66.50,19.00,1.20,2.20
1/3/18-2:37:54,852,319,402,65.60,19.00,1.00,1.30
1/3/18-2:38:55,853,324,403,64.90,19.00,1.20,1.70
1/3/18-2:39:56,853,327,403,65.70,18.90,1.20,2.50
1/3/18-2:40:57,853,327,404,66.00,18.90,1.10,1.40
1/3/18-2:41:58,853,330,404,68.30,18.90,1.10,2.20
1/3/18-2:42:59,853,324,405,65.70,18.90,1.00,2.90
1/3/18-2:44:0,853,326,405,65.60,18.80,1.00,1.80
1/3/18-2:45:1,853,325,399,67.10,18.80,1.40,2.10
1/3/18-2:46:2,853,324,404,66.10,18.80,1.30,7.40
1/3/18-2:47:3,853,324,403,66.10,18.80,1.20,2.80
1/3/18-2:48:4,853,317,402,64.70,18.80,0.80,0.80
1/3/18-2:49:5,853,319,402,66.00,18.80,1.30,3.60
1/3/18-2:50:6,853,324,402,66.40,18.80,1.40,2.30
1/3/18-2:51:7,853,314,397,65.90,18.70,1.10,1.20
1/3/18-2:52:8,853,318,401,65.60,18.70,1.00,2.80
1/3/18-2:53:9,853,319,399,66.30,18.70,1.20,3.90
1/3/18-2:54:10,853,322,401,66.70,18.70,1.10,2.90
1/3/18-2:55:11,853,321,401,67.10,18.70,1.20,1.70
1/3/18-2:56:12,853,327,402,66.70,18.60,1.20,2.30
1/3/18-2:57:13,852,332,403,67.70,18.60,1.20,1.50
1/3/18-2:58:14,853,330,401,66.80,18.60,1.10,2.90
1/3/18-2:59:15,853,326,399,67.20,18.60,1.20,4.40
1/3/18-3:0:16,853,324,403,66.30,18.60,1.20,2.00
1/3/18-3:1:17,853,326,403,67.00,18.50,1.20,1.70
1/3/18-3:2:18,853,325,404,67.10,18.50,1.40,3.00
1/3/18-3:3:19,853,323,401,67.50,18.50,1.30,1.90
1/3/18-3:4:19,853,316,399,67.30,18.50,1.30,2.70
1/3/18-3:5:20,853,316,410,66.70,18.50,1.10,3.40
1/3/18-3:6:21,853,317,404,66.70,18.50,1.30,6.60
1/3/18-3:7:22,853,325,403,67.60,18.50,1.30,3.80
1/3/18-3:8:23,853,325,401,68.30,18.50,1.30,2.60
1/3/18-3:9:24,853,327,401,67.40,18.50,1.30,3.70
1/3/18-3:10:25,853,332,405,67.70,18.40,1.20,1.50
1/3/18-3:11:26,853,328,403,67.70,18.40,1.50,3.50
1/3/18-3:12:27,853,324,400,67.50,18.40,1.50,4.20
1/3/18-3:13:28,853,323,404,67.50,18.40,1.40,3.30
1/3/18-3:14:29,853,325,406,68.70,18.40,1.30,2.40
1/3/18-3:15:30,853,327,407,67.10,18.40,1.00,1.10
1/3/18-3:16:31,853,318,405,66.40,18.40,1.60,3.20
1/3/18-3:17:32,853,321,418,66.00,18.40,1.10,2.00
1/3/18-3:18:33,853,308,398,67.20,18.40,1.60,2.70
1/3/18-3:19:34,853,303,401,67.30,18.50,1.30,2.20
1/3/18-3:20:35,853,327,417,66.40,18.50,1.40,3.10
1/3/18-3:21:36,853,321,408,65.80,18.50,1.30,2.70
1/3/18-3:22:37,853,328,417,66.60,18.50,1.30,4.00
1/3/18-3:23:38,853,337,416,66.30,18.50,1.10,1.60
1/3/18-3:24:39,853,335,416,65.90,18.50,1.10,3.00
1/3/18-3:25:40,853,330,418,66.20,18.50,1.20,1.90
1/3/18-3:26:41,853,331,417,66.10,18.50,1.20,2.00
1/3/18-3:27:42,853,327,410,65.50,18.50,0.90,1.80
1/3/18-3:28:43,853,337,419,64.70,18.50,1.10,2.00
1/3/18-3:29:44,853,337,417,64.60,18.50,0.90,2.40
1/3/18-3:30:45,853,332,409,65.20,18.60,0.80,1.40
1/3/18-3:31:46,852,332,418,65.30,18.60,1.10,1.50
1/3/18-3:32:47,853,327,407,65.10,18.60,1.10,3.30
1/3/18-3:33:48,852,325,403,65.30,18.60,1.00,1.50
1/3/18-3:34:49,853,330,403,67.10,18.60,1.10,4.00
1/3/18-3:35:50,853,324,401,67.10,18.60,1.30,7.30
1/3/18-3:36:51,853,322,400,67.10,18.50,1.00,1.40
1/3/18-3:37:52,853,321,403,65.70,18.50,1.20,1.50
1/3/18-3:38:53,853,319,403,66.30,18.50,1.00,1.60
1/3/18-3:39:54,853,323,401,67.10,18.50,1.20,2.10
1/3/18-3:40:55,853,328,401,67.70,18.50,1.30,1.90
1/3/18-3:41:56,853,322,398,67.60,18.50,1.10,1.20
1/3/18-3:42:57,853,317,398,66.50,18.40,1.20,1.80
1/3/18-3:43:58,853,315,397,66.70,18.40,1.20,2.40
1/3/18-3:44:59,853,319,398,67.40,18.40,1.00,1.60
1/3/18-3:46:0,853,320,399,68.30,18.40,1.20,3.20
1/3/18-3:47:1,852,315,398,67.50,18.30,1.20,3.20
1/3/18-3:48:1,852,327,400,68.60,18.30,1.00,1.10
1/3/18-3:49:2,853,330,401,67.60,18.30,0.90,2.40
1/3/18-3:50:3,853,320,397,66.70,18.30,1.00,2.00
1/3/18-3:51:4,853,329,402,67.80,18.30,1.30,5.40
1/3/18-3:52:5,853,327,403,67.00,18.30,1.20,1.70
1/3/18-3:53:6,853,331,405,67.20,18.30,1.30,1.90
1/3/18-3:54:7,853,323,400,67.20,18.30,1.10,1.20
1/3/18-3:55:8,853,331,406,65.70,18.30,1.10,2.50
1/3/18-3:56:9,853,328,400,65.50,18.30,1.30,1.50
1/3/18-3:57:10,853,331,406,65.40,18.30,1.30,2.20
1/3/18-3:58:11,852,348,412,65.90,18.40,1.10,1.70
1/3/18-3:59:12,853,348,408,67.30,18.30,1.30,1.80
1/3/18-4:0:13,852,349,406,67.90,18.40,1.10,1.90
1/3/18-4:1:14,853,345,404,68.10,18.30,1.40,1.90
1/3/18-4:2:15,853,344,406,68.00,18.30,1.10,1.20
1/3/18-4:3:16,852,344,407,66.30,18.30,1.10,2.70
1/3/18-4:4:17,854,339,402,67.80,18.30,1.60,4.40
1/3/18-4:5:18,854,343,406,67.90,18.30,1.10,1.20
1/3/18-4:6:19,853,339,402,68.60,18.30,1.10,1.40
1/3/18-4:7:20,853,344,401,68.80,18.30,1.30,2.30
1/3/18-4:8:21,853,340,402,68.40,18.20,0.90,1.50
1/3/18-4:9:22,853,341,401,68.90,18.20,1.10,1.90
1/3/18-4:10:23,853,337,401,69.70,18.20,1.30,3.00
1/3/18-4:11:24,853,337,401,70.70,18.20,1.40,4.10
1/3/18-4:12:25,853,336,400,70.70,18.20,1.20,1.30
1/3/18-4:13:26,853,334,401,70.80,18.10,1.20,3.90
1/3/18-4:14:27,853,345,409,70.10,18.00,1.10,3.00
1/3/18-4:15:28,853,345,406,70.60,18.00,1.30,1.40
1/3/18-4:16:29,853,342,404,70.10,18.00,1.30,3.20
1/3/18-4:17:30,853,348,406,70.30,18.00,1.40,3.90
1/3/18-4:18:31,853,349,406,71.20,18.10,1.40,2.40
1/3/18-4:19:32,853,350,407,72.30,18.00,1.60,5.40
1/3/18-4:20:33,853,352,410,70.80,18.00,1.30,2.80
1/3/18-4:21:34,853,350,405,72.20,18.00,1.40,2.40
1/3/18-4:22:35,854,349,407,71.30,18.00,1.50,5.50
1/3/18-4:23:36,854,347,404,70.40,18.00,1.90,3.40
1/3/18-4:24:37,853,343,402,70.00,18.00,1.40,2.80
1/3/18-4:25:38,853,346,404,69.60,18.00,1.60,4.50
1/3/18-4:26:39,853,345,402,70.80,18.00,1.50,3.90
1/3/18-4:27:40,853,344,402,71.40,18.00,1.70,2.40
1/3/18-4:28:41,853,347,406,72.10,17.90,1.80,2.50
1/3/18-4:29:42,853,343,405,71.80,17.90,1.60,3.30
1/3/18-4:30:42,853,344,404,71.40,17.90,1.80,2.80
1/3/18-4:31:43,853,339,400,71.00,17.90,1.70,5.60
1/3/18-4:32:44,853,345,403,71.50,17.90,1.60,1.90
1/3/18-4:33:45,853,347,404,71.50,17.90,1.70,2.90
1/3/18-4:34:46,853,343,404,71.60,17.90,1.30,2.50
1/3/18-4:35:47,854,344,404,71.50,17.90,1.60,3.40
1/3/18-4:36:48,853,346,403,71.50,17.80,1.90,3.50
1/3/18-4:37:49,853,350,407,71.10,17.90,1.80,4.30
1/3/18-4:38:50,853,345,404,71.70,17.80,2.00,6.00
1/3/18-4:39:51,853,347,405,71.10,17.80,2.10,8.40
1/3/18-4:40:52,853,346,404,70.80,17.80,2.30,7.30
1/3/18-4:41:53,853,346,405,71.10,17.80,2.10,8.50
1/3/18-4:42:54,853,343,401,71.00,17.80,1.90,4.50
1/3/18-4:43:55,853,345,402,70.20,17.80,1.70,6.30
1/3/18-4:44:56,853,346,401,70.90,17.80,2.10,6.40
1/3/18-4:45:57,853,343,399,70.60,17.70,2.00,3.60
1/3/18-4:46:58,853,340,396,71.20,17.70,2.00,2.40
1/3/18-4:47:59,853,340,397,71.10,17.70,2.40,5.50
1/3/18-4:49:0,854,339,396,70.60,17.70,2.00,2.70
1/3/18-4:50:1,853,336,394,71.80,17.70,1.70,2.20
1/3/18-4:51:2,853,338,398,71.50,17.70,1.30,1.40
1/3/18-4:52:3,853,335,396,72.20,17.70,1.30,2.10
1/3/18-4:53:4,853,335,397,71.60,17.60,2.30,4.10
1/3/18-4:54:5,852,336,399,71.70,17.60,1.40,3.00
1/3/18-4:55:6,853,328,393,71.20,17.60,1.40,2.90
1/3/18-4:56:7,853,326,393,70.00,17.60,1.50,2.70
1/3/18-4:57:8,853,325,395,70.50,17.70,1.40,3.10
1/3/18-4:58:9,853,324,394,70.20,17.60,1.30,2.40
1/3/18-4:59:10,853,335,403,70.70,17.60,1.30,1.40
1/3/18-5:0:11,854,340,401,70.60,17.60,1.40,1.50
1/3/18-5:1:12,853,341,401,70.50,17.60,1.90,3.30
1/3/18-5:2:13,853,342,399,71.10,17.60,2.00,3.70
1/3/18-5:3:14,854,340,403,72.50,17.60,2.30,3.70
1/3/18-5:4:15,853,344,404,71.20,17.60,2.10,2.30
1/3/18-5:5:16,853,347,402,72.40,17.60,2.20,2.50
1/3/18-5:6:17,853,346,399,71.90,17.60,2.40,2.60
1/3/18-5:7:18,853,344,400,71.40,17.60,2.40,2.60
1/3/18-5:8:19,853,341,400,71.30,17.60,2.90,4.60
1/3/18-5:9:20,853,338,399,71.50,17.60,2.70,3.50
1/3/18-5:10:21,853,339,395,71.90,17.60,2.70,2.90
1/3/18-5:11:22,853,339,404,71.10,17.60,2.80,3.30
1/3/18-5:12:23,853,341,404,72.30,17.60,3.20,3.60
1/3/18-5:13:23,853,340,401,71.60,17.60,3.30,4.70
1/3/18-5:14:24,853,343,401,71.70,17.60,2.90,5.30
1/3/18-5:15:25,853,343,400,72.00,17.60,2.80,4.40
1/3/18-5:16:26,853,349,405,72.40,17.60,2.80,5.90
1/3/18-5:17:27,853,346,404,72.60,17.50,2.90,3.20
1/3/18-5:18:28,853,342,403,71.70,17.50,2.90,3.50
1/3/18-5:19:29,854,345,405,72.00,17.60,2.80,4.30
1/3/18-5:20:30,853,344,405,72.90,17.50,2.80,3.70
1/3/18-5:21:31,853,342,403,72.70,17.60,2.80,3.80
1/3/18-5:22:32,853,339,401,71.60,17.60,2.80,3.70
1/3/18-5:23:33,853,339,399,71.70,17.60,2.30,2.40
1/3/18-5:24:34,853,326,397,71.60,17.50,2.10,4.00
1/3/18-5:25:35,853,336,399,72.70,17.60,2.00,3.50
1/3/18-5:26:36,853,339,398,72.60,17.50,1.90,3.00
1/3/18-5:27:37,853,337,396,70.60,17.50,1.90,2.00
1/3/18-5:28:38,853,336,395,71.40,17.50,1.70,2.70
1/3/18-5:29:39,853,334,395,72.10,17.50,1.50,1.60
1/3/18-5:30:40,853,330,394,70.60,17.50,1.30,2.90
1/3/18-5:31:41,853,335,403,71.60,17.50,1.10,1.90
1/3/18-5:32:42,854,333,397,71.50,17.50,1.30,2.70
1/3/18-5:33:43,853,319,393,71.60,17.50,1.20,1.90
1/3/18-5:34:44,853,327,400,71.40,17.50,1.10,3.60
1/3/18-5:35:45,853,328,396,70.20,17.50,1.30,1.80
1/3/18-5:36:46,853,326,399,70.80,17.40,1.30,2.90
1/3/18-5:37:47,853,320,402,70.80,17.50,1.30,2.20
1/3/18-5:38:48,853,331,403,70.70,17.50,1.40,3.30
1/3/18-5:39:49,854,331,408,70.50,17.50,1.00,3.00
1/3/18-5:40:50,853,326,408,69.80,17.50,1.00,1.80
1/3/18-5:41:51,853,327,416,69.90,17.50,1.00,2.00
1/3/18-5:42:52,853,323,410,69.20,17.50,0.90,1.20
1/3/18-5:43:53,853,309,390,69.10,17.50,0.70,0.70
1/3/18-5:44:54,853,308,398,68.50,17.60,1.30,2.90
1/3/18-5:45:55,853,312,402,68.90,17.60,0.80,1.50
1/3/18-5:46:56,853,309,396,68.40,17.50,1.00,1.80
1/3/18-5:47:57,853,304,396,69.60,17.50,1.20,1.50
1/3/18-5:48:58,853,302,400,68.60,17.50,1.20,3.40
1/3/18-5:49:59,853,309,401,69.40,17.50,1.20,3.90
1/3/18-5:51:0,853,322,409,70.10,17.50,1.40,4.40
1/3/18-5:52:1,853,319,398,70.50,17.50,1.20,3.10
1/3/18-5:53:2,853,318,395,70.40,17.50,0.90,1.20
1/3/18-5:54:3,853,315,400,70.70,17.50,1.10,1.90
1/3/18-5:55:3,854,317,396,70.30,17.50,1.10,2.30
1/3/18-5:56:4,853,306,393,70.00,17.50,1.00,2.00
1/3/18-5:57:5,853,305,396,69.00,17.50,1.00,3.50
1/3/18-5:58:6,854,298,394,69.10,17.50,1.00,1.70
1/3/18-5:59:7,853,293,392,68.50,17.50,1.10,2.20
1/3/18-6:0:8,854,291,394,69.30,17.50,1.00,1.90
1/3/18-6:1:9,853,291,395,69.70,17.50,1.10,1.90
1/3/18-6:2:10,853,288,392,70.00,17.40,0.80,1.00
1/3/18-6:3:11,853,285,395,69.20,17.40,0.80,1.00
1/3/18-6:4:12,853,296,395,70.10,17.40,0.90,1.00
1/3/18-6:5:13,853,300,396,70.40,17.40,1.00,2.00
1/3/18-6:6:14,853,296,393,70.30,17.40,1.10,3.10
1/3/18-6:7:15,854,299,398,70.40,17.40,1.10,1.80
1/3/18-6:8:16,854,300,402,69.70,17.40,1.00,3.90
1/3/18-6:9:17,853,308,397,69.80,17.40,1.20,5.80
1/3/18-6:10:18,853,315,396,70.90,17.40,1.20,2.70
1/3/18-6:11:19,854,316,395,70.40,17.40,1.20,2.40
1/3/18-6:12:20,853,314,389,71.70,17.30,1.10,4.30
1/3/18-6:13:21,853,316,398,70.50,17.30,1.10,1.50
1/3/18-6:14:22,853,321,401,70.60,17.30,1.30,3.70
1/3/18-6:15:23,853,322,398,72.20,17.30,1.20,2.10
1/3/18-6:16:24,853,323,397,71.10,17.40,1.30,5.50
1/3/18-6:17:25,854,324,397,71.60,17.30,1.80,4.50
1/3/18-6:18:26,854,325,403,72.30,17.30,1.50,4.40
1/3/18-6:19:27,853,326,406,71.50,17.30,1.40,3.30
1/3/18-6:20:28,853,324,404,70.70,17.30,1.40,3.60
1/3/18-6:21:29,853,323,399,72.10,17.30,1.40,3.50
1/3/18-6:22:30,853,331,403,71.50,17.30,1.60,3.60
1/3/18-6:23:31,853,333,406,72.70,17.30,1.40,2.70
1/3/18-6:24:32,854,334,407,72.60,17.30,1.80,7.50
1/3/18-6:25:33,853,333,405,73.10,17.20,1.90,4.50
1/3/18-6:26:34,853,334,406,73.90,17.20,2.00,7.20
1/3/18-6:27:35,853,333,407,73.60,17.20,1.90,6.70
1/3/18-6:28:36,854,335,409,72.10,17.20,1.70,5.00
1/3/18-6:29:37,854,338,410,71.00,17.20,1.60,3.20
1/3/18-6:30:38,853,338,408,71.20,17.20,1.50,3.80
1/3/18-6:31:39,853,336,406,71.40,17.20,1.70,5.10
1/3/18-6:32:40,853,343,411,71.50,17.20,1.50,4.40
1/3/18-6:33:41,854,339,402,71.70,17.20,1.50,6.10
1/3/18-6:34:42,854,343,406,71.70,17.20,1.40,3.20
1/3/18-6:35:43,853,346,402,71.40,17.20,1.20,2.40
1/3/18-6:36:43,854,342,401,71.20,17.20,1.20,3.30
1/3/18-6:37:44,854,344,403,72.00,17.20,1.40,4.80
1/3/18-6:38:45,854,338,400,71.80,17.10,1.20,4.50
1/3/18-6:39:46,853,340,402,72.00,17.10,1.50,5.20
1/3/18-6:40:47,853,343,410,72.50,17.10,1.50,2.00
1/3/18-6:41:48,854,347,413,72.40,17.10,1.50,4.20
1/3/18-6:42:49,853,339,401,71.70,17.10,1.10,4.60
1/3/18-6:43:50,853,335,402,71.60,17.10,1.20,4.40
1/3/18-6:44:51,853,325,397,71.20,17.20,1.60,3.60
1/3/18-6:45:52,853,324,396,71.80,17.20,1.10,2.00
1/3/18-6:46:53,853,320,396,71.30,17.10,1.30,3.20
1/3/18-6:47:54,853,325,400,71.00,17.10,1.20,2.30
1/3/18-6:48:55,854,325,399,72.30,17.10,1.10,3.50
1/3/18-6:49:56,854,323,394,71.80,17.10,1.20,1.30
1/3/18-6:50:57,853,326,397,72.40,17.10,1.30,2.10
1/3/18-6:51:58,853,332,400,72.40,17.10,1.20,3.60
1/3/18-6:52:59,853,331,402,72.70,17.10,1.10,2.50
1/3/18-6:54:0,854,327,400,72.30,17.10,1.10,3.30
1/3/18-6:55:1,854,324,402,71.50,17.10,1.10,3.30
1/3/18-6:56:2,853,325,402,71.40,17.10,1.20,3.30
1/3/18-6:57:3,854,328,408,70.40,17.00,1.30,4.10
1/3/18-6:58:4,854,331,407,70.30,17.00,1.80,4.30
1/3/18-6:59:5,854,329,400,70.10,17.00,2.00,2.70
1/3/18-7:0:6,854,328,398,70.30,17.00,1.70,3.90
1/3/18-7:1:7,853,333,401,72.10,17.00,1.70,3.10
1/3/18-7:2:8,854,329,399,72.90,17.00,1.90,4.50
1/3/18-7:3:9,854,331,403,72.40,17.00,2.20,2.90
1/3/18-7:4:10,854,335,404,71.30,17.00,2.00,6.80
1/3/18-7:5:11,854,339,402,72.60,17.00,2.10,5.10
1/3/18-7:6:12,853,326,400,72.30,17.00,2.10,6.40
1/3/18-7:7:13,853,339,410,70.10,17.00,2.00,4.40
1/3/18-7:8:14,853,335,403,70.50,17.00,2.20,4.60
1/3/18-7:9:15,853,333,400,70.50,17.10,1.80,4.60
1/3/18-7:10:16,854,333,401,70.50,17.00,2.10,4.80
1/3/18-7:11:17,853,338,406,70.50,17.00,1.70,4.40
1/3/18-7:12:18,853,335,400,71.00,17.00,1.40,1.50
1/3/18-7:13:19,853,326,393,69.80,17.00,1.60,4.30
1/3/18-7:14:20,853,321,397,70.40,17.00,1.30,4.10
1/3/18-7:15:21,853,319,397,70.50,17.00,1.40,2.90
1/3/18-7:16:22,854,312,399,69.60,17.00,1.40,4.30
1/3/18-7:17:23,854,319,401,69.80,17.00,1.20,2.40
1/3/18-7:18:23,854,329,410,68.20,17.00,1.10,2.50
1/3/18-7:19:24,853,327,400,68.80,17.00,1.00,1.10
1/3/18-7:20:25,853,319,396,68.90,17.10,1.20,3.60
1/3/18-7:21:26,853,326,400,69.80,17.10,1.40,3.70
1/3/18-7:22:27,854,325,396,70.30,17.10,1.30,2.30
1/3/18-7:23:28,854,322,398,71.00,17.10,1.60,7.30
1/3/18-7:24:29,854,319,404,69.40,17.00,1.50,2.50
1/3/18-7:25:30,854,320,402,69.20,17.00,1.40,2.40
1/3/18-7:26:31,854,328,405,69.40,17.00,1.20,4.10
1/3/18-7:27:32,853,321,407,69.80,17.00,1.30,2.00
1/3/18-7:28:33,854,320,399,69.80,17.00,1.50,5.20
1/3/18-7:29:34,853,324,405,68.40,17.00,1.40,6.10
1/3/18-7:30:35,853,319,404,70.30,17.00,1.20,2.30
1/3/18-7:31:36,854,310,398,68.80,17.00,1.20,3.40
1/3/18-7:32:37,854,314,399,70.20,17.00,2.10,9.30
1/3/18-7:33:38,853,319,408,69.80,17.00,1.30,1.90
1/3/18-7:34:39,853,334,411,70.50,17.00,1.60,3.20
1/3/18-7:35:40,854,330,403,70.90,17.00,1.60,3.60
1/3/18-7:36:41,853,328,402,71.00,17.00,2.20,8.70
1/3/18-7:37:42,853,337,419,70.00,17.00,1.50,3.90
1/3/18-7:38:43,854,330,402,71.40,17.00,2.00,9.20
1/3/18-7:39:44,854,328,400,70.20,17.00,1.90,4.20
1/3/18-7:40:45,854,324,400,70.70,17.00,2.20,5.70
1/3/18-7:41:46,854,325,406,69.50,17.00,1.70,5.10
1/3/18-7:42:47,854,331,403,69.10,17.00,2.40,7.50
1/3/18-7:43:48,854,333,403,70.20,17.00,1.50,4.60
1/3/18-7:44:49,853,344,414,69.30,17.00,1.30,3.60
1/3/18-7:45:50,854,346,407,69.50,17.00,1.60,4.70
1/3/18-7:46:51,854,345,413,69.80,17.00,1.60,2.60
1/3/18-7:47:52,853,347,419,70.00,17.00,2.50,5.20
1/3/18-7:48:53,855,346,412,69.20,17.10,2.00,3.30
1/3/18-7:49:54,854,350,421,68.80,17.10,2.00,5.70
1/3/18-7:50:55,853,363,449,68.70,17.10,2.20,5.20
1/3/18-7:51:56,854,347,420,68.10,17.10,2.20,4.40
1/3/18-7:52:57,853,349,424,66.90,17.20,3.60,7.00
1/3/18-7:53:58,854,342,414,65.80,17.20,2.90,7.70
1/3/18-7:54:59,853,353,446,67.20,17.20,3.50,9.50
1/3/18-7:56:0,854,355,436,65.50,17.20,4.10,9.10
1/3/18-7:57:1,854,353,425,65.40,17.30,3.40,11.30
1/3/18-7:58:2,853,351,436,64.30,17.40,3.50,6.40
1/3/18-7:59:3,853,360,437,64.80,17.40,3.10,6.90
1/3/18-8:0:3,853,368,449,65.80,17.40,3.30,6.90
1/3/18-8:1:4,853,367,434,66.00,17.50,3.60,11.80
1/3/18-8:2:5,854,368,438,65.00,17.60,4.20,8.50
1/3/18-8:3:6,853,366,431,65.30,17.60,3.70,7.90
1/3/18-8:4:7,853,364,440,64.20,17.60,3.20,6.90
1/3/18-8:5:8,853,357,436,63.90,17.70,4.40,7.80
1/3/18-8:6:9,854,366,461,63.40,17.70,4.50,9.60
1/3/18-8:7:10,854,376,474,62.50,17.80,4.00,10.10
1/3/18-8:8:11,853,371,460,63.60,17.80,5.20,12.50
1/3/18-8:9:12,853,363,431,62.70,17.90,4.60,11.10
1/3/18-8:10:13,853,365,441,63.40,17.90,4.60,9.70
1/3/18-8:11:14,854,369,449,63.60,17.90,4.50,8.40
1/3/18-8:12:15,853,361,435,62.80,18.00,5.20,9.40
1/3/18-8:13:16,853,359,442,61.00,18.00,4.90,7.70
1/3/18-8:14:17,854,348,434,61.00,18.10,4.70,9.50
1/3/18-8:15:18,854,352,447,60.50,18.10,4.30,7.70
1/3/18-8:16:19,853,351,425,60.20,18.20,5.70,15.00
1/3/18-8:17:20,853,340,440,59.80,18.20,4.60,11.40
1/3/18-8:18:21,853,349,450,58.90,18.30,4.20,6.90
1/3/18-8:19:22,854,346,427,59.00,18.30,4.30,10.20
1/3/18-8:20:23,853,343,438,59.00,18.30,4.70,8.20
1/3/18-8:21:24,853,355,449,59.10,18.40,4.40,7.20
1/3/18-8:22:25,853,348,448,59.80,18.50,4.20,7.60
1/3/18-8:23:26,854,350,471,59.80,18.50,4.30,9.10
1/3/18-8:24:27,853,359,441,59.30,18.50,3.80,7.20
1/3/18-8:25:28,853,361,440,60.40,18.60,4.60,16.90
1/3/18-8:26:29,853,349,425,60.20,18.60,3.90,17.70
1/3/18-8:27:30,853,353,445,58.60,18.70,3.80,8.60
1/3/18-8:28:31,853,346,421,58.40,18.70,4.20,14.70
1/3/18-8:29:32,853,349,446,58.00,18.70,4.40,12.40
1/3/18-8:30:33,853,350,431,57.90,18.80,5.70,23.30
1/3/18-8:31:34,854,356,433,58.10,18.90,36.80,328.30
1/3/18-8:32:35,853,365,467,58.10,18.90,46.90,419.40
1/3/18-8:33:36,853,365,444,58.20,18.90,10.60,65.10
1/3/18-8:34:37,853,365,453,58.70,19.00,8.70,63.80
1/3/18-8:35:38,853,374,452,58.80,18.90,9.50,55.80
1/3/18-8:36:39,853,354,428,59.00,19.00,6.10,25.80
1/3/18-8:37:40,853,356,435,57.30,19.00,3.60,8.10
1/3/18-8:38:41,853,349,430,57.00,19.10,3.70,10.20
1/3/18-8:39:42,853,346,429,56.90,19.10,3.30,7.90
1/3/18-8:40:43,853,345,430,57.60,19.10,3.10,6.80
1/3/18-8:41:44,853,356,487,57.40,19.10,3.20,6.00
1/3/18-8:42:44,853,373,497,57.80,19.20,3.00,6.30
1/3/18-8:43:45,853,381,490,58.10,19.20,3.00,5.40
1/3/18-8:44:46,853,370,433,58.20,19.30,3.40,6.30
1/3/18-8:45:47,853,358,428,57.20,19.30,2.90,7.30
1/3/18-8:46:48,853,350,429,57.70,19.30,2.70,4.80
1/3/18-8:47:49,853,336,430,56.50,19.40,3.10,13.10
1/3/18-8:48:50,853,339,458,56.10,19.40,3.20,10.30
1/3/18-8:49:51,853,363,499,56.70,19.50,7.70,61.90
1/3/18-8:50:52,853,363,483,56.40,19.50,4.30,24.00
1/3/18-8:51:53,853,373,536,56.30,19.50,3.20,15.30
1/3/18-8:52:54,853,384,494,56.30,19.60,5.00,34.60
1/3/18-8:53:55,853,381,476,56.20,19.60,7.90,45.20
1/3/18-8:54:56,853,372,455,56.80,19.70,5.40,28.50
1/3/18-8:55:57,853,383,520,56.10,19.70,2.80,7.20
1/3/18-8:56:58,853,397,533,56.50,19.70,3.50,12.90
1/3/18-8:57:59,853,400,504,57.10,19.80,4.50,21.50
1/3/18-8:59:0,853,379,479,57.60,19.80,3.10,12.90
1/3/18-9:0:1,853,382,518,56.70,19.80,2.80,8.00
1/3/18-9:1:2,854,376,454,56.30,19.80,3.40,10.90
1/3/18-9:2:3,853,378,490,56.60,19.90,2.70,8.00
1/3/18-9:3:4,853,364,450,57.10,19.90,2.90,9.10
1/3/18-9:4:5,853,350,441,57.00,19.90,2.70,8.30
1/3/18-9:5:6,853,350,464,56.00,20.00,2.80,6.70
1/3/18-9:6:7,853,344,425,56.60,20.00,2.70,6.20
1/3/18-9:7:8,853,347,434,56.60,20.00,3.00,8.10
1/3/18-9:8:9,853,326,450,56.40,20.10,3.30,8.70
1/3/18-9:9:10,853,360,514,55.40,20.00,2.80,8.20
1/3/18-9:10:11,853,355,460,56.20,20.10,2.50,8.60
1/3/18-9:11:12,853,342,469,56.30,20.10,2.90,6.10
1/3/18-9:12:13,853,370,546,56.40,20.20,2.70,6.20
1/3/18-9:13:14,852,369,494,57.30,20.20,3.40,8.30
1/3/18-9:14:15,853,372,472,58.30,20.30,3.40,11.20
1/3/18-9:15:16,852,371,442,58.00,20.20,2.90,12.90
1/3/18-9:16:17,853,363,446,57.00,20.30,3.20,8.70
1/3/18-9:17:18,853,363,440,56.80,20.40,3.20,9.50
1/3/18-9:18:19,853,373,511,57.10,20.40,3.80,14.70
1/3/18-9:19:20,853,382,484,58.20,20.40,3.40,9.70
1/3/18-9:20:21,852,383,462,58.00,20.50,3.10,12.90
1/3/18-9:21:22,853,388,496,58.40,20.50,3.50,14.00
1/3/18-9:22:23,853,391,565,56.90,20.50,3.70,15.00
1/3/18-9:23:24,853,393,507,56.80,20.60,3.10,9.50
1/3/18-9:24:25,853,376,464,56.40,20.60,3.20,10.70
1/3/18-9:25:26,853,377,458,56.50,20.60,2.70,16.10
1/3/18-9:26:26,853,378,507,56.60,20.60,3.50,13.90
1/3/18-9:27:27,853,392,525,56.20,20.60,3.70,14.80
1/3/18-9:28:28,853,394,524,56.00,20.70,3.10,17.20
1/3/18-9:29:29,852,376,436,55.30,20.70,2.90,9.90
1/3/18-9:30:30,853,385,497,55.40,20.80,3.90,22.20
1/3/18-9:31:31,853,380,462,55.70,20.80,2.80,10.40
1/3/18-9:32:32,853,378,464,55.40,20.90,3.70,15.00
1/3/18-9:33:33,852,376,473,55.80,20.90,2.90,10.60
1/3/18-9:34:34,853,394,524,55.00,20.90,4.00,14.00
1/3/18-9:35:35,853,378,461,55.50,21.00,3.00,11.40
1/3/18-9:36:36,852,366,468,54.90,21.10,2.40,4.70
1/3/18-9:37:37,853,372,490,54.20,21.10,1.90,5.90
1/3/18-9:38:38,852,368,467,54.40,21.20,2.70,5.10
1/3/18-9:39:39,853,368,470,54.50,21.20,2.50,8.70
1/3/18-9:40:40,853,369,453,54.60,21.20,2.70,11.50
1/3/18-9:41:41,853,374,500,54.10,21.20,3.10,17.60
1/3/18-9:42:42,852,364,454,53.90,21.30,1.80,4.70
1/3/18-9:43:43,852,371,485,54.10,21.30,2.60,9.60
1/3/18-9:44:44,853,369,480,55.10,21.30,2.10,5.20
1/3/18-9:45:45,853,391,529,54.60,21.40,2.80,11.40
1/3/18-9:46:46,853,400,523,54.70,21.40,3.10,12.40
1/3/18-9:47:47,853,396,525,54.50,21.50,2.50,7.20
1/3/18-9:48:48,853,386,485,53.40,21.50,3.60,15.70
1/3/18-9:49:49,853,378,446,53.90,21.50,3.60,18.40
1/3/18-9:50:50,852,378,498,53.70,21.50,2.90,11.00
1/3/18-9:51:51,853,372,468,53.10,21.60,3.00,10.50
1/3/18-9:52:52,853,353,421,53.40,21.60,2.10,6.70
1/3/18-9:53:53,853,348,490,52.20,21.70,2.40,6.70
1/3/18-9:54:54,853,353,454,52.30,21.70,1.70,3.80
1/3/18-9:55:55,852,358,441,52.60,21.80,2.10,9.40
1/3/18-9:56:56,853,361,457,53.00,21.80,2.40,12.90
1/3/18-9:57:57,852,349,427,52.80,21.80,2.10,8.40
1/3/18-9:58:58,852,350,459,52.70,21.90,2.30,7.20
1/3/18-9:59:59,853,349,426,52.70,21.90,2.40,9.50
1/3/18-10:1:0,853,342,435,52.90,22.00,1.50,6.90
1/3/18-10:2:1,853,376,540,52.50,22.00,1.60,5.70
1/3/18-10:3:2,852,367,478,52.90,22.10,2.70,10.50
1/3/18-10:4:3,852,388,525,52.70,22.10,2.50,11.30
1/3/18-10:5:4,852,360,444,51.80,22.20,2.00,10.30
1/3/18-10:6:5,852,346,422,51.70,22.20,1.70,3.80
1/3/18-10:7:6,853,339,426,52.00,22.30,2.60,20.10
1/3/18-10:8:7,852,331,419,51.50,22.30,1.90,5.00
1/3/18-10:9:8,853,373,579,51.10,22.30,2.00,8.80
1/3/18-10:10:9,852,368,465,50.70,22.40,2.30,11.20
1/3/18-10:11:10,852,357,446,50.30,22.40,1.80,7.00
1/3/18-10:12:11,852,368,484,51.60,22.50,1.50,2.80
1/3/18-10:13:11,852,351,448,51.40,22.50,1.70,7.10
1/3/18-10:14:12,852,352,428,51.00,22.60,2.00,7.20
1/3/18-10:15:13,853,352,458,51.00,22.60,2.20,9.80
1/3/18-10:16:14,852,357,433,51.20,22.60,2.70,18.40
1/3/18-10:17:15,852,357,430,51.10,22.70,2.20,8.60
1/3/18-10:18:16,852,361,441,51.40,22.70,2.00,10.20
1/3/18-10:19:17,852,361,429,50.90,22.70,2.90,14.10
1/3/18-10:20:18,852,373,484,50.90,22.70,2.50,11.80
1/3/18-10:21:19,853,371,460,50.30,22.70,1.70,5.60
1/3/18-10:22:20,852,383,514,49.70,22.80,1.90,7.60
1/3/18-10:23:21,852,374,486,48.60,22.80,2.00,6.10
1/3/18-10:24:22,852,354,442,48.90,22.80,2.00,4.90
1/3/18-10:25:23,852,345,426,48.60,22.80,1.90,9.30
1/3/18-10:26:24,853,336,431,49.00,22.80,1.70,7.10
1/3/18-10:27:25,852,361,436,49.70,22.90,3.10,14.10
1/3/18-10:28:26,852,366,488,51.00,22.90,2.40,12.10
1/3/18-10:29:27,852,379,500,50.90,22.90,1.70,4.30
1/3/18-10:30:28,852,366,433,48.90,23.00,1.80,4.60
1/3/18-10:31:29,853,363,433,49.20,23.10,1.20,4.00
1/3/18-10:32:30,852,364,439,49.00,23.10,1.70,5.40
1/3/18-10:33:31,852,355,465,49.00,23.20,1.90,5.20
1/3/18-10:34:32,852,353,431,49.10,23.20,1.80,5.70
1/3/18-10:35:33,852,376,542,48.90,23.20,2.00,6.40
1/3/18-10:36:34,853,405,564,49.30,23.30,1.50,5.10
1/3/18-10:37:35,852,376,438,49.10,23.30,1.40,4.10
1/3/18-10:38:36,852,374,492,48.30,23.30,1.60,3.60
1/3/18-10:39:37,852,372,537,47.70,23.40,1.60,2.80
1/3/18-10:40:38,853,379,521,47.80,23.40,1.70,6.00
1/3/18-10:41:39,852,379,468,47.30,23.40,1.30,4.60
1/3/18-10:42:40,852,375,458,47.10,23.50,1.70,5.90
1/3/18-10:43:41,852,401,591,46.90,23.50,1.50,5.40
1/3/18-10:44:42,852,369,520,46.00,23.60,1.60,4.50
1/3/18-10:45:43,852,372,479,46.10,23.60,1.50,3.70
1/3/18-10:46:44,852,370,471,46.10,23.60,1.60,7.30
1/3/18-10:47:45,852,365,539,46.90,23.60,1.70,4.40
1/3/18-10:48:46,852,406,564,47.50,23.70,1.70,6.90
1/3/18-10:49:47,852,410,552,47.30,23.60,1.40,2.80
1/3/18-10:50:48,852,385,439,46.80,23.70,1.40,3.60
1/3/18-10:51:49,852,384,526,46.50,23.70,1.90,7.30
1/3/18-10:52:50,852,358,490,46.30,23.70,1.70,5.70
1/3/18-10:53:51,852,377,534,46.00,23.70,1.50,6.20
1/3/18-10:54:52,852,361,436,46.30,23.80,1.60,3.80
1/3/18-10:55:53,852,375,508,46.20,23.80,1.90,5.20
1/3/18-10:56:54,852,366,441,46.40,23.80,1.80,7.10
1/3/18-10:57:55,852,346,471,46.20,23.80,1.90,7.40
1/3/18-10:58:56,852,349,472,45.80,23.90,1.80,8.50
1/3/18-10:59:57,852,385,582,45.50,23.90,1.80,4.80
1/3/18-11:0:58,852,384,534,45.30,23.90,1.80,4.80
1/3/18-11:1:59,853,384,490,45.70,23.90,1.80,8.80
1/3/18-11:2:59,853,373,478,45.80,24.00,1.90,10.00
1/3/18-11:4:0,852,370,477,45.90,24.00,1.60,3.90
1/3/18-11:5:1,852,346,512,45.80,24.10,2.10,6.60
1/3/18-11:6:2,852,374,467,46.40,24.10,1.80,7.10
1/3/18-11:7:3,852,388,513,46.40,24.20,1.90,8.60
1/3/18-11:8:4,853,399,546,46.30,24.20,1.80,4.10
1/3/18-11:9:5,852,404,581,46.20,24.20,1.80,5.20
1/3/18-11:10:6,852,378,445,45.50,24.30,1.90,7.30
1/3/18-11:11:7,853,365,449,45.20,24.30,2.10,7.30
1/3/18-11:12:8,852,355,437,45.40,24.30,2.40,6.50
1/3/18-11:13:9,852,349,474,45.20,24.40,2.20,11.00
1/3/18-11:14:10,852,380,568,44.70,24.40,2.10,5.10
1/3/18-11:15:11,852,367,540,44.70,24.40,2.00,7.60
1/3/18-11:16:12,852,385,505,45.40,24.40,2.30,8.80
1/3/18-11:17:13,852,376,493,45.20,24.50,1.90,5.20
1/3/18-11:18:14,852,339,452,44.30,24.50,2.10,7.70
1/3/18-11:19:15,852,315,458,44.10,24.50,2.10,3.80
1/3/18-11:20:16,852,353,614,43.50,24.50,2.20,8.60
1/3/18-11:21:17,852,374,499,43.30,24.50,1.70,6.50
1/3/18-11:22:18,852,326,441,43.00,24.60,2.00,5.60
1/3/18-11:23:19,852,342,651,42.50,24.60,2.20,7.40
1/3/18-11:24:20,852,344,492,43.20,24.60,1.80,4.60
1/3/18-11:25:21,851,401,585,43.30,24.60,1.50,3.40
1/3/18-11:26:22,852,386,506,44.00,24.60,1.90,3.80
1/3/18-11:27:23,852,353,450,44.40,24.70,1.70,4.10
1/3/18-11:28:24,852,326,420,44.50,24.70,2.10,3.90
1/3/18-11:29:25,852,291,461,41.90,24.70,1.90,6.70
1/3/18-11:30:26,852,318,552,42.80,24.70,2.40,9.10
1/3/18-11:31:27,852,368,581,43.00,24.70,1.70,4.60
1/3/18-11:32:28,852,370,503,42.90,24.80,2.10,7.10
1/3/18-11:33:29,852,377,466,42.90,24.90,1.60,2.70
1/3/18-11:34:30,852,347,480,42.90,24.90,2.10,7.60
1/3/18-11:35:31,852,342,516,44.00,24.90,2.20,6.80
1/3/18-11:36:32,852,323,472,43.60,24.90,2.00,7.80
1/3/18-11:37:33,852,342,480,43.50,25.00,2.20,8.60
1/3/18-11:38:34,852,364,550,43.70,25.00,2.40,4.30
1/3/18-11:39:35,852,354,436,44.10,25.00,2.40,5.80
1/3/18-11:40:36,852,343,454,43.30,25.00,1.50,2.00
1/3/18-11:41:37,852,358,528,43.20,25.10,1.70,5.90
1/3/18-11:42:38,852,358,469,42.60,25.10,2.00,3.20
1/3/18-11:43:39,852,348,448,41.90,25.10,1.70,5.00
1/3/18-11:44:40,852,309,427,42.30,25.20,2.30,7.60
1/3/18-11:45:41,852,324,509,42.50,25.20,2.10,5.00
1/3/18-11:46:42,852,312,476,43.60,25.20,2.20,6.60
1/3/18-11:47:43,852,273,440,42.80,25.20,1.80,4.60
1/3/18-11:48:44,852,337,514,40.60,25.20,1.40,5.70
1/3/18-11:49:45,852,355,534,40.90,25.20,1.60,4.70
1/3/18-11:50:46,852,318,437,42.30,25.30,2.00,5.50
1/3/18-11:51:47,852,335,503,41.60,25.30,1.60,4.20
1/3/18-11:52:48,852,335,482,41.40,25.30,1.90,3.70
1/3/18-11:53:49,852,337,460,42.10,25.30,1.80,5.10
1/3/18-11:54:49,851,322,473,41.50,25.40,2.10,8.10
1/3/18-11:55:50,851,324,444,40.90,25.50,1.50,3.90
1/3/18-11:56:51,852,312,494,41.40,25.50,1.70,2.90
1/3/18-11:57:52,852,357,546,42.30,25.50,1.70,3.00
1/3/18-11:58:53,852,296,436,42.00,25.50,1.60,3.40
1/3/18-11:59:54,851,295,481,41.90,25.50,2.10,7.60
1/3/18-12:0:55,852,270,517,42.20,25.50,1.80,4.10
1/3/18-12:1:56,851,251,411,41.70,25.50,2.10,6.50
1/3/18-12:2:57,851,168,406,41.10,25.50,2.40,10.40
1/3/18-12:3:58,851,223,465,41.10,25.40,2.10,4.00
1/3/18-12:4:59,851,266,529,42.00,25.40,1.70,2.80
1/3/18-12:6:0,852,290,423,42.10,25.50,1.70,6.50
1/3/18-12:7:1,852,277,501,41.90,25.50,1.90,6.10
1/3/18-12:8:2,851,302,538,42.00,25.50,1.70,5.80
1/3/18-12:9:3,852,363,517,42.40,25.60,1.50,3.30
1/3/18-12:10:4,851,279,433,42.70,25.60,1.70,3.90
1/3/18-12:11:5,851,284,445,42.40,25.60,1.90,9.70
1/3/18-12:12:6,852,312,569,42.90,25.60,1.90,4.80
1/3/18-12:13:7,851,418,631,42.20,25.70,1.90,5.20
1/3/18-12:14:8,852,396,518,42.00,25.70,1.70,3.80
1/3/18-12:15:9,852,389,456,42.10,25.80,2.60,8.00
1/3/18-12:16:10,852,360,450,42.90,25.80,2.40,3.90
1/3/18-12:17:11,851,351,495,43.90,25.90,2.00,4.40
1/3/18-12:18:12,851,197,412,44.00,25.90,2.30,7.40
1/3/18-12:19:13,851,233,449,40.70,25.90,1.80,5.50
1/3/18-12:20:14,852,185,425,42.40,25.90,1.90,3.80
1/3/18-12:21:15,852,274,443,41.40,25.90,1.90,3.30
1/3/18-12:22:16,852,176,413,41.10,25.90,2.30,6.50
1/3/18-12:23:17,852,300,506,40.50,25.90,2.10,4.30
1/3/18-12:24:18,852,184,407,41.00,25.90,1.70,3.80
1/3/18-12:25:19,852,243,468,39.00,25.90,1.70,3.00
1/3/18-12:26:20,852,296,479,40.50,25.90,1.80,3.20
1/3/18-12:27:21,851,370,565,41.00,25.90,1.70,3.40
1/3/18-12:28:22,852,327,449,42.10,26.00,2.00,3.90
1/3/18-12:29:23,852,333,446,41.20,26.00,2.40,7.50
1/3/18-12:30:24,851,291,447,42.00,26.10,2.50,6.20
1/3/18-12:31:25,851,302,502,42.30,26.10,2.60,4.90
1/3/18-12:32:26,852,315,450,43.30,26.10,2.60,4.00
1/3/18-12:33:27,852,235,412,42.30,26.10,3.00,7.60
1/3/18-12:34:28,852,173,451,41.80,26.10,3.30,9.80
1/3/18-12:35:29,852,187,462,42.50,26.10,3.60,8.50
1/3/18-12:36:30,852,193,472,42.30,26.10,3.90,5.10
1/3/18-12:37:31,852,278,471,42.20,26.10,3.50,8.50
1/3/18-12:38:32,851,266,501,43.00,26.10,4.00,6.80
1/3/18-12:39:33,852,219,461,43.10,26.10,4.20,7.70
1/3/18-12:40:34,851,274,477,42.40,26.10,3.60,6.10
1/3/18-12:41:35,852,295,526,42.80,26.10,3.90,8.20
1/3/18-12:42:36,851,324,453,41.90,26.10,3.30,4.80
1/3/18-12:43:37,852,201,413,42.20,26.20,3.00,3.90
1/3/18-12:44:38,852,257,531,41.60,26.20,3.00,5.00
1/3/18-12:45:39,852,236,442,41.70,26.20,2.90,7.30
1/3/18-12:46:40,852,221,433,41.80,26.30,3.50,5.50
1/3/18-12:47:41,851,283,545,42.30,26.30,3.00,5.50
1/3/18-12:48:41,851,289,491,42.60,26.30,2.70,6.70
1/3/18-12:49:42,852,368,625,42.30,26.40,2.50,4.70
1/3/18-12:50:43,851,386,531,42.70,26.40,2.00,3.40
1/3/18-12:51:44,852,369,502,43.20,26.40,1.80,3.60
1/3/18-12:52:45,851,275,420,42.10,26.50,2.10,4.90
1/3/18-12:53:46,851,176,427,42.20,26.50,2.10,4.00
1/3/18-12:54:47,851,282,526,40.60,26.40,1.50,2.80
1/3/18-12:55:48,851,195,448,41.30,26.40,1.80,9.60
1/3/18-12:56:49,851,198,449,40.50,26.40,1.40,2.90
1/3/18-12:57:50,852,178,443,40.90,26.40,1.90,4.60
1/3/18-12:58:51,851,271,439,41.00,26.50,1.50,3.90
1/3/18-12:59:52,851,167,432,40.40,26.40,1.70,4.20
1/3/18-13:0:53,851,125,391,39.10,26.40,1.30,1.70
1/3/18-13:1:54,851,114,392,37.90,26.40,1.60,3.90
1/3/18-13:2:55,852,113,394,38.40,26.30,1.40,2.30
1/3/18-13:3:56,851,123,412,40.80,26.30,1.50,4.90
1/3/18-13:4:57,851,237,534,40.50,26.30,1.30,2.70
1/3/18-13:5:58,851,263,459,39.80,26.40,1.60,5.70
1/3/18-13:6:59,851,333,548,40.60,26.40,1.50,4.00
1/3/18-13:8:0,851,287,443,41.50,26.50,1.60,3.60
1/3/18-13:9:1,851,321,485,42.00,26.50,1.60,4.00
1/3/18-13:10:2,852,337,525,41.70,26.60,1.50,3.00
1/3/18-13:11:3,851,331,439,41.80,26.50,1.50,3.30
1/3/18-13:12:4,851,315,517,41.00,26.60,1.70,5.40
1/3/18-13:13:5,851,270,422,41.40,26.60,3.30,4.40
1/3/18-13:14:6,851,197,485,41.30,26.60,2.60,4.60
1/3/18-13:15:7,851,246,431,39.10,26.60,1.60,3.60
1/3/18-13:16:8,851,323,556,40.10,26.70,1.70,2.80
1/3/18-13:17:9,851,195,406,40.50,26.70,2.20,3.10
1/3/18-13:18:10,851,203,540,38.60,26.70,4.30,7.30
1/3/18-13:19:11,851,355,548,39.60,26.70,3.90,11.20
1/3/18-13:20:12,852,275,427,41.50,26.70,3.20,5.80
1/3/18-13:21:13,852,173,405,40.10,26.80,1.90,3.90
1/3/18-13:22:14,851,154,488,39.30,26.80,1.50,2.90
1/3/18-13:23:15,851,248,432,39.80,26.80,1.30,2.30
1/3/18-13:24:16,851,240,473,40.40,26.80,1.20,1.70
1/3/18-13:25:17,850,345,546,42.10,26.80,1.40,1.70
1/3/18-13:26:18,851,209,416,40.40,26.90,1.40,4.80
1/3/18-13:27:19,852,206,543,41.30,26.90,1.30,1.70
1/3/18-13:28:20,852,265,491,41.10,26.90,1.60,4.00
1/3/18-13:29:21,852,175,462,40.60,26.90,1.20,1.80
1/3/18-13:30:22,852,172,434,39.30,26.80,1.20,2.40
1/3/18-13:31:23,851,143,407,39.80,26.90,1.50,4.30
1/3/18-13:32:24,851,150,428,39.40,26.90,1.30,3.00
1/3/18-13:33:25,851,121,397,39.70,26.90,1.10,1.50
1/3/18-13:34:26,852,152,427,38.40,26.90,1.40,2.50
1/3/18-13:35:27,851,220,511,39.60,26.90,1.30,4.00
1/3/18-13:36:28,851,150,399,40.10,26.90,1.50,4.60
1/3/18-13:37:29,851,118,400,38.80,26.90,1.30,2.50
1/3/18-13:38:30,851,171,456,38.50,26.90,1.10,2.40
1/3/18-13:39:31,851,265,559,39.30,26.90,1.20,3.10
1/3/18-13:40:32,851,215,418,40.20,26.90,1.40,2.20
1/3/18-13:41:33,851,173,412,39.40,27.00,1.10,1.80
1/3/18-13:42:34,851,153,439,41.50,27.00,1.10,4.00
1/3/18-13:43:35,851,228,504,39.60,27.00,1.30,2.30
1/3/18-13:44:35,852,297,501,40.40,27.00,1.20,3.00
1/3/18-13:45:36,851,217,431,41.40,27.00,1.30,5.70
1/3/18-13:46:37,851,191,426,39.80,27.10,1.90,2.40
1/3/18-13:47:38,851,306,577,39.40,27.10,1.20,5.00
1/3/18-13:48:39,851,305,454,39.50,27.20,1.20,2.10
1/3/18-13:49:40,851,211,434,40.80,27.20,1.80,6.20
1/3/18-13:50:41,851,267,462,40.90,27.30,1.60,5.80
1/3/18-13:51:42,851,280,469,41.50,27.30,1.60,3.10
1/3/18-13:52:43,852,337,526,40.70,27.30,1.30,7.60
1/3/18-13:53:44,851,316,496,39.90,27.30,1.10,3.40
1/3/18-13:54:45,851,359,563,40.20,27.40,1.20,2.00
1/3/18-13:55:46,851,260,440,40.80,27.40,1.10,2.00
1/3/18-13:56:47,851,212,440,40.10,27.40,1.30,3.20
1/3/18-13:57:48,851,139,413,38.40,27.40,1.80,3.90
1/3/18-13:58:49,852,139,408,37.20,27.40,1.20,2.70
1/3/18-13:59:50,851,112,396,36.80,27.40,1.20,1.80
1/3/18-14:0:51,851,115,454,36.00,27.30,1.10,4.10
1/3/18-14:1:52,851,149,455,35.90,27.20,0.90,1.00
1/3/18-14:2:53,852,287,540,36.20,27.30,1.00,1.20
1/3/18-14:3:54,851,195,432,37.40,27.30,1.80,2.70
1/3/18-14:4:55,851,220,453,37.70,27.30,2.50,4.50
1/3/18-14:5:56,852,150,426,37.70,27.30,1.80,3.80
1/3/18-14:6:57,851,150,417,37.10,27.40,2.10,3.90
1/3/18-14:7:58,851,148,424,37.80,27.40,2.20,2.80
1/3/18-14:8:59,851,148,416,38.40,27.30,1.90,3.10
1/3/18-14:10:0,851,187,490,38.30,27.40,2.20,4.90
1/3/18-14:11:1,851,211,489,38.10,27.40,1.90,6.40
1/3/18-14:12:2,851,253,462,38.40,27.40,1.90,6.70
1/3/18-14:13:3,852,156,425,39.10,27.40,1.60,2.70
1/3/18-14:14:4,852,179,449,38.70,27.40,1.60,3.50
1/3/18-14:15:5,852,138,429,40.20,27.50,2.00,5.00
1/3/18-14:16:6,851,154,426,38.60,27.50,1.90,4.30
1/3/18-14:17:7,851,150,428,38.70,27.50,1.90,6.50
1/3/18-14:18:8,852,129,413,38.00,27.60,2.80,7.70
1/3/18-14:19:9,851,170,448,34.70,27.60,1.60,2.60
1/3/18-14:20:10,851,194,422,35.50,27.70,1.20,4.10
1/3/18-14:21:11,851,195,425,37.10,27.70,1.80,3.70
1/3/18-14:22:12,851,170,441,36.20,27.80,1.40,3.60
1/3/18-14:23:13,851,139,408,35.60,27.80,1.70,3.90
1/3/18-14:24:14,851,243,537,35.80,27.80,1.50,4.10
1/3/18-14:25:15,852,236,472,37.70,27.80,1.10,2.50
1/3/18-14:26:16,851,286,465,36.70,27.80,1.10,3.10
1/3/18-14:27:17,852,263,467,35.60,27.80,2.10,5.90
1/3/18-14:28:18,851,242,430,35.60,27.80,1.60,4.10
1/3/18-14:29:19,851,250,467,35.70,27.90,1.10,3.90
1/3/18-14:30:20,851,287,519,36.30,27.90,1.40,3.40
1/3/18-14:31:21,851,261,518,35.60,27.80,1.80,3.00
1/3/18-14:32:22,852,187,435,35.90,27.90,1.30,3.70
1/3/18-14:33:23,851,277,597,36.10,27.90,1.10,3.00
1/3/18-14:34:24,851,197,448,36.80,27.90,1.30,3.20
1/3/18-14:35:25,851,221,464,36.10,27.90,1.10,2.40
1/3/18-14:36:26,851,258,503,36.10,27.90,1.00,1.90
1/3/18-14:37:27,851,295,507,36.30,27.90,1.00,4.20
1/3/18-14:38:28,851,354,528,36.30,27.90,0.90,2.20
1/3/18-14:39:29,851,311,545,36.90,28.00,1.20,3.10
1/3/18-14:40:30,851,230,428,37.20,28.00,1.30,3.10
1/3/18-14:41:30,851,213,445,36.40,28.00,1.00,4.50
1/3/18-14:42:31,851,263,438,35.90,28.00,0.90,1.80
1/3/18-14:43:32,851,233,451,36.10,28.10,0.90,1.30
1/3/18-14:44:33,851,276,513,36.70,28.10,0.80,2.60
1/3/18-14:45:34,851,244,441,36.30,28.10,0.80,1.40
1/3/18-14:46:35,851,257,542,36.20,28.10,1.00,2.30
1/3/18-14:47:36,851,270,456,36.50,28.10,1.00,1.90
1/3/18-14:48:37,851,136,408,36.30,28.10,1.00,2.10
1/3/18-14:49:38,851,249,574,35.10,28.10,1.00,4.20
1/3/18-14:50:39,851,297,462,36.00,28.10,1.30,3.50
1/3/18-14:51:40,851,186,414,36.60,28.10,0.80,1.40
1/3/18-14:52:41,852,236,476,36.10,28.10,0.90,1.70
1/3/18-14:53:42,851,292,481,36.80,28.20,0.90,3.20
1/3/18-14:54:43,851,214,469,37.00,28.20,0.90,2.60
1/3/18-14:55:44,851,182,419,36.50,28.20,1.60,5.20
1/3/18-14:56:45,851,114,397,35.90,28.20,0.80,2.40
1/3/18-14:57:46,851,124,414,35.10,28.20,0.80,2.10
1/3/18-14:58:47,852,132,444,36.50,28.20,1.00,2.80
1/3/18-14:59:48,851,162,416,35.60,28.20,0.70,1.80
1/3/18-15:0:49,851,140,430,35.20,28.20,0.90,1.40
1/3/18-15:1:50,851,163,443,35.00,28.20,1.00,1.50
1/3/18-15:2:51,851,240,463,36.00,28.20,0.80,2.50
1/3/18-15:3:52,851,172,436,36.20,28.30,0.80,2.00
1/3/18-15:4:53,851,234,445,35.20,28.30,1.00,8.90
1/3/18-15:5:54,851,187,441,37.10,28.30,0.80,3.30
1/3/18-15:6:55,851,276,499,35.20,28.30,0.80,2.90
1/3/18-15:7:56,851,254,444,35.70,28.30,0.60,1.50
1/3/18-15:8:57,851,295,459,35.10,28.40,0.90,3.00
1/3/18-15:9:58,851,240,471,34.20,28.30,0.70,2.10
1/3/18-15:10:59,851,324,502,35.30,28.40,1.00,2.00
1/3/18-15:12:0,851,254,436,34.40,28.40,0.60,1.60
1/3/18-15:13:1,851,230,435,35.70,28.40,0.70,1.10
1/3/18-15:14:2,851,160,407,35.80,28.40,0.90,2.80
1/3/18-15:15:3,851,209,478,34.10,28.40,0.90,4.20
1/3/18-15:16:4,851,240,425,34.90,28.50,0.90,2.50
1/3/18-15:17:5,851,223,495,34.80,28.50,0.90,5.50
1/3/18-15:18:6,851,214,422,34.70,28.50,0.90,2.30
1/3/18-15:19:7,852,155,439,33.40,28.50,0.90,1.00
1/3/18-15:20:8,851,161,446,33.40,28.50,0.80,2.10
1/3/18-15:21:9,851,211,483,33.70,28.50,1.10,4.10
1/3/18-15:22:10,851,227,465,33.40,28.50,0.80,2.60
1/3/18-15:23:11,851,152,412,33.60,28.60,0.70,2.80
1/3/18-15:24:12,851,143,425,33.40,28.60,0.90,2.00
1/3/18-15:25:13,851,199,433,34.40,28.60,0.70,1.10
1/3/18-15:26:14,851,159,414,33.00,28.60,0.80,1.20
1/3/18-15:27:15,851,153,419,33.30,28.60,0.70,2.10
1/3/18-15:28:16,851,143,419,33.20,28.60,0.60,2.50
1/3/18-15:29:17,851,122,401,32.80,28.60,1.00,2.60
1/3/18-15:30:18,851,121,421,32.60,28.60,0.80,1.50
1/3/18-15:31:19,851,115,399,32.60,28.60,0.70,0.90
1/3/18-15:32:20,851,200,451,32.70,28.60,0.70,0.80
1/3/18-15:33:21,851,173,425,33.60,28.60,1.00,2.50
1/3/18-15:34:22,851,234,450,33.50,28.60,0.90,3.40
1/3/18-15:35:23,851,199,416,34.30,28.60,0.80,2.10
1/3/18-15:36:24,851,177,414,33.70,28.70,1.10,4.60
1/3/18-15:37:25,851,137,408,32.80,28.70,0.80,1.60
1/3/18-15:38:26,851,242,576,31.30,28.70,0.70,0.90
1/3/18-15:39:27,851,162,431,32.70,28.80,0.90,1.60
1/3/18-15:40:27,851,126,403,31.90,28.80,0.60,1.40
1/3/18-15:41:28,851,160,465,31.50,28.80,0.60,2.60
1/3/18-15:42:29,851,154,400,32.40,28.70,0.60,1.00
1/3/18-15:43:30,851,162,426,31.30,28.80,0.70,1.00
1/3/18-15:44:31,851,293,513,32.10,28.70,0.70,1.20
1/3/18-15:45:32,851,241,464,32.50,28.80,0.50,0.60
1/3/18-15:46:33,851,216,473,33.00,28.80,0.50,1.50
1/3/18-15:47:34,851,281,557,32.10,28.80,0.70,2.20
1/3/18-15:48:35,851,295,438,33.40,28.80,0.70,2.00
1/3/18-15:49:36,851,286,441,31.40,28.80,0.60,1.30
1/3/18-15:50:37,851,279,438,32.10,28.80,0.90,2.00
1/3/18-15:51:38,851,205,426,32.30,28.90,1.00,2.30
1/3/18-15:52:39,851,182,439,31.80,28.90,0.60,1.30
1/3/18-15:53:40,851,195,440,32.90,29.00,0.80,1.60
1/3/18-15:54:41,851,206,435,33.10,29.00,0.80,3.70
1/3/18-15:55:42,851,285,513,32.40,28.90,0.90,1.80
1/3/18-15:56:43,851,341,539,32.80,29.00,0.90,3.70
1/3/18-15:57:44,851,369,496,32.60,29.00,0.70,2.60
1/3/18-15:58:45,851,320,467,32.40,29.10,0.60,2.00
1/3/18-15:59:46,851,251,454,32.60,29.10,0.70,2.90
1/3/18-16:0:47,851,223,478,31.80,29.10,0.60,0.90
1/3/18-16:1:48,851,280,443,30.80,29.10,0.70,1.90
1/3/18-16:2:49,851,277,472,31.20,29.20,0.90,2.40
1/3/18-16:3:50,850,286,508,31.50,29.10,0.40,2.30
1/3/18-16:4:51,850,353,506,30.80,29.20,0.50,1.60
1/3/18-16:5:52,850,340,488,30.80,29.10,0.70,2.50
1/3/18-16:6:53,851,290,432,30.80,29.10,0.80,2.70
1/3/18-16:7:54,851,313,510,30.50,29.10,0.80,1.20
1/3/18-16:8:55,851,371,508,31.70,29.10,0.50,2.30
1/3/18-16:9:56,851,337,455,32.10,29.10,0.50,1.20
1/3/18-16:10:57,851,336,470,31.70,29.10,0.70,2.00
1/3/18-16:11:58,851,304,497,31.30,29.10,0.70,3.70
1/3/18-16:12:59,851,323,547,30.90,29.10,0.60,0.60
1/3/18-16:14:0,851,391,551,31.00,29.20,0.70,2.30
1/3/18-16:15:1,851,294,442,32.80,29.20,0.70,2.10
1/3/18-16:16:2,851,219,435,30.30,29.20,0.60,0.60
1/3/18-16:17:3,850,198,442,29.40,29.20,0.70,2.00
1/3/18-16:18:4,851,269,471,29.90,29.30,0.70,5.00
1/3/18-16:19:5,851,215,431,31.30,29.30,0.60,2.20
1/3/18-16:20:6,851,185,428,29.50,29.30,0.60,1.50
1/3/18-16:21:7,851,236,478,29.30,29.30,0.70,0.70
1/3/18-16:22:8,851,148,405,30.00,29.30,0.60,0.80
1/3/18-16:23:9,851,186,437,28.80,29.30,0.70,1.40
1/3/18-16:24:10,851,217,473,30.00,29.30,0.70,3.60
1/3/18-16:25:11,850,249,441,29.90,29.30,0.80,2.50
1/3/18-16:26:12,851,209,445,29.10,29.30,0.70,2.40
1/3/18-16:27:13,851,237,461,29.60,29.40,0.90,2.50
1/3/18-16:28:14,851,154,418,29.80,29.40,0.60,1.30
1/3/18-16:29:15,851,181,429,29.40,29.40,0.60,2.50
1/3/18-16:30:16,851,190,435,29.50,29.30,0.70,3.60
1/3/18-16:31:17,851,210,445,30.20,29.40,0.80,2.90
1/3/18-16:32:18,851,239,417,29.90,29.50,0.70,1.10
1/3/18-16:33:19,850,180,427,29.80,29.50,0.70,3.40
1/3/18-16:34:20,851,225,432,28.70,29.50,0.90,2.50
1/3/18-16:35:21,851,163,422,28.90,29.50,0.80,2.70
1/3/18-16:36:22,851,148,406,27.70,29.50,0.70,2.00
1/3/18-16:37:23,851,123,402,27.90,29.50,0.70,4.60
1/3/18-16:38:24,850,175,439,27.60,29.50,1.00,6.10
1/3/18-16:39:25,851,189,463,28.40,29.50,0.70,1.40
1/3/18-16:40:25,851,226,444,28.30,29.50,0.90,1.00
1/3/18-16:41:26,851,191,429,28.70,29.50,1.00,1.90
1/3/18-16:42:27,851,205,431,28.50,29.60,1.10,1.50
1/3/18-16:43:28,850,241,433,28.60,29.60,0.90,0.90
1/3/18-16:44:29,851,147,404,28.70,29.70,0.70,1.00
1/3/18-16:45:30,851,131,410,27.90,29.60,0.70,1.20
1/3/18-16:46:31,851,135,413,28.00,29.60,0.50,0.60
1/3/18-16:47:32,851,146,424,28.20,29.60,0.70,0.80
1/3/18-16:48:33,851,230,436,28.20,29.60,0.60,0.70
1/3/18-16:49:34,851,159,414,28.00,29.60,0.90,1.40
1/3/18-16:50:35,851,206,431,27.80,29.60,0.60,0.90
1/3/18-16:51:36,851,359,486,28.10,29.60,0.90,1.00
1/3/18-16:52:37,851,241,434,28.40,29.60,0.70,2.70
1/3/18-16:53:38,851,251,475,28.30,29.60,0.80,1.00
1/3/18-16:54:39,851,333,519,27.80,29.60,0.60,0.60
1/3/18-16:55:40,850,377,583,28.40,29.70,0.80,1.20
1/3/18-16:56:41,851,311,469,28.30,29.70,0.90,1.90
1/3/18-16:57:42,851,252,454,27.70,29.70,1.00,3.00
1/3/18-16:58:43,851,381,576,27.50,29.80,0.70,2.10
1/3/18-16:59:44,851,220,400,28.10,29.80,0.70,1.60
1/3/18-17:0:45,851,217,452,26.60,29.80,0.90,3.10
1/3/18-17:1:46,851,240,441,28.10,29.80,0.70,1.50
1/3/18-17:2:47,851,252,464,27.50,29.80,0.80,2.00
1/3/18-17:3:48,851,193,436,27.30,29.80,0.70,1.40
1/3/18-17:4:49,851,293,477,27.50,29.80,0.90,1.20
1/3/18-17:5:50,851,206,433,28.20,29.90,0.70,2.10
1/3/18-17:6:51,851,199,458,27.00,29.80,1.00,2.10
1/3/18-17:7:52,851,178,432,26.80,29.80,1.10,3.80
1/3/18-17:8:53,850,203,450,26.90,29.80,0.70,1.60
1/3/18-17:9:54,851,191,409,27.20,29.90,0.80,1.10
1/3/18-17:10:55,851,134,401,27.30,29.80,1.00,3.00
1/3/18-17:11:56,851,125,401,26.00,29.80,1.20,1.70
1/3/18-17:12:57,851,134,400,26.40,29.80,1.00,2.40
1/3/18-17:13:58,851,136,404,26.80,29.80,0.80,3.40
1/3/18-17:14:59,850,229,477,26.90,29.80,0.90,3.20
1/3/18-17:16:0,851,215,439,27.70,29.80,0.90,2.40
1/3/18-17:17:1,852,180,408,26.80,29.80,0.70,1.70
1/3/18-17:18:2,851,209,465,26.70,29.90,0.80,1.30
1/3/18-17:19:3,851,296,481,27.40,29.80,0.80,1.30
1/3/18-17:20:4,851,309,460,27.20,29.90,0.60,0.90
1/3/18-17:21:5,851,264,424,28.20,30.00,0.80,2.40
1/3/18-17:22:6,851,182,436,27.50,29.90,0.70,0.70
1/3/18-17:23:7,851,201,425,27.10,29.90,0.80,2.10
1/3/18-17:24:8,850,254,516,27.70,29.90,1.00,3.60
1/3/18-17:25:9,851,327,538,28.40,29.90,0.90,1.00
1/3/18-17:26:10,851,264,449,29.10,29.90,1.10,3.80
1/3/18-17:27:11,851,209,409,28.30,29.90,1.00,2.10
1/3/18-17:28:12,851,265,446,27.30,30.00,1.00,1.80
1/3/18-17:29:13,851,374,681,28.10,30.00,0.90,1.40
1/3/18-17:30:14,851,362,494,28.40,30.00,0.70,1.60
1/3/18-17:31:15,851,341,477,28.20,30.00,1.10,4.00
1/3/18-17:32:16,851,230,430,28.50,30.00,0.60,1.40
1/3/18-17:33:17,851,189,428,27.70,30.00,0.80,2.40
1/3/18-17:34:18,851,164,415,27.40,30.00,0.90,2.10
1/3/18-17:35:19,851,252,516,27.00,30.00,0.90,2.40
1/3/18-17:36:20,851,289,487,28.00,30.00,0.70,2.70
1/3/18-17:37:21,851,248,452,28.10,30.00,1.10,1.90
1/3/18-17:38:22,851,282,463,27.80,30.10,1.00,1.90
1/3/18-17:39:23,851,190,413,27.90,30.10,1.00,5.60
1/3/18-17:40:24,851,156,424,26.60,30.10,0.70,1.10
1/3/18-17:41:25,851,143,416,26.80,30.10,0.70,1.70
1/3/18-17:42:26,851,162,432,26.70,30.10,0.90,2.50
1/3/18-17:43:26,851,222,454,27.70,30.10,0.90,2.00
1/3/18-17:44:27,851,167,414,27.40,30.20,0.80,1.60
1/3/18-17:45:28,851,268,468,26.40,30.20,0.60,1.40
1/3/18-17:46:29,851,196,437,27.70,30.20,1.00,2.10
1/3/18-17:47:30,850,200,414,26.60,30.20,0.90,3.30
1/3/18-17:48:31,850,224,462,26.00,30.30,0.80,2.80
1/3/18-17:49:32,850,241,499,27.10,30.30,1.00,3.10
1/3/18-17:50:33,851,264,450,27.00,30.30,0.80,1.90
1/3/18-17:51:34,851,267,448,26.40,30.30,0.80,1.30
1/3/18-17:52:35,851,182,441,25.80,30.30,0.90,2.00
1/3/18-17:53:36,850,157,428,25.80,30.30,0.50,1.80
1/3/18-17:54:37,851,169,433,25.30,30.30,0.80,4.80
1/3/18-17:55:38,850,195,432,26.10,30.30,0.90,1.30
1/3/18-17:56:39,851,221,488,26.00,30.30,0.60,1.00
1/3/18-17:57:40,851,239,441,26.00,30.30,1.00,1.70
1/3/18-17:58:41,851,175,416,26.30,30.30,0.80,1.10
1/3/18-17:59:42,850,164,444,25.50,30.30,1.00,4.10
1/3/18-18:0:43,851,171,432,25.40,30.30,0.80,0.80
1/3/18-18:1:44,850,213,432,25.10,30.30,0.80,1.40
1/3/18-18:2:45,851,293,526,26.30,30.30,0.80,1.30
1/3/18-18:3:46,850,320,495,26.70,30.30,0.90,5.90
1/3/18-18:4:47,852,374,531,26.80,30.40,0.80,1.30
1/3/18-18:5:48,851,325,473,26.00,30.40,0.90,1.50
1/3/18-18:6:49,851,300,485,26.10,30.50,0.80,1.90
1/3/18-18:7:50,850,314,466,26.40,30.50,0.80,1.50
1/3/18-18:8:51,851,287,463,26.10,30.50,0.80,3.30
1/3/18-18:9:52,851,310,649,26.10,30.60,0.90,2.50
1/3/18-18:10:53,850,295,458,25.90,30.60,0.80,2.00
1/3/18-18:11:54,851,289,485,27.10,30.60,1.00,1.70
1/3/18-18:12:55,851,212,428,26.60,30.60,1.20,4.70
1/3/18-18:13:56,852,152,414,26.10,30.60,0.80,0.80
1/3/18-18:14:57,852,151,420,25.60,30.50,0.90,1.60
1/3/18-18:15:58,851,162,434,25.60,30.50,1.10,2.00
1/3/18-18:16:59,851,242,519,25.80,30.50,1.10,3.70
1/3/18-18:18:0,851,214,432,26.80,30.50,0.90,1.20
1/3/18-18:19:1,851,198,424,26.80,30.50,0.90,1.90
1/3/18-18:20:2,851,206,448,26.80,30.50,0.80,2.00
1/3/18-18:21:3,851,227,460,26.30,30.40,1.10,2.90
1/3/18-18:22:4,851,197,438,26.70,30.50,0.90,1.40
1/3/18-18:23:5,851,227,439,26.40,30.50,1.00,3.00
1/3/18-18:24:6,852,180,433,26.60,30.50,0.90,2.70
1/3/18-18:25:7,851,219,434,26.10,30.50,0.80,1.10
1/3/18-18:26:8,851,190,417,25.80,30.50,0.70,1.80
1/3/18-18:27:9,851,212,478,26.10,30.50,0.70,2.50
1/3/18-18:28:10,851,197,444,24.70,30.60,0.90,2.00
1/3/18-18:29:11,851,206,460,24.90,30.60,1.00,11.50
1/3/18-18:30:12,852,246,492,26.30,30.60,0.70,1.50
1/3/18-18:31:13,851,184,422,25.40,30.60,0.70,1.20
1/3/18-18:32:14,851,199,469,25.10,30.60,0.80,1.60
1/3/18-18:33:15,851,336,566,25.80,30.60,0.70,2.50
1/3/18-18:34:16,851,241,429,25.70,30.70,0.90,2.40
1/3/18-18:35:17,851,182,427,25.00,30.70,0.90,1.90
1/3/18-18:36:18,851,188,448,25.10,30.70,1.00,2.80
1/3/18-18:37:19,851,264,539,25.90,30.70,1.00,3.70
1/3/18-18:38:20,851,268,503,26.00,30.80,0.80,1.10
1/3/18-18:39:21,851,197,438,26.00,30.80,0.80,2.00
1/3/18-18:40:22,851,187,451,25.80,30.80,0.80,2.70
1/3/18-18:41:23,852,205,477,25.80,30.80,1.00,1.80
1/3/18-18:42:24,851,211,432,25.90,30.70,0.40,0.90
1/3/18-18:43:25,851,151,419,25.80,30.80,0.80,1.00
1/3/18-18:44:26,851,164,429,26.00,30.80,0.80,1.70
1/3/18-18:45:27,851,260,507,25.50,30.80,1.00,2.10
1/3/18-18:46:28,852,250,440,26.50,30.80,0.80,2.50
1/3/18-18:47:28,851,355,528,26.90,30.80,0.70,1.00
1/3/18-18:48:29,851,238,443,26.20,30.90,0.80,0.90
1/3/18-18:49:30,851,250,461,25.60,30.80,1.10,6.30
1/3/18-18:50:31,850,204,449,25.00,30.80,1.00,4.90
1/3/18-18:51:32,851,176,426,25.40,30.80,1.00,3.60
1/3/18-18:52:33,851,152,421,25.40,30.90,0.90,2.60
1/3/18-18:53:34,851,172,457,24.90,30.80,0.80,1.20
1/3/18-18:54:35,851,157,457,25.40,30.90,0.90,1.50
1/3/18-18:55:36,851,132,409,24.90,30.80,1.00,2.40
1/3/18-18:56:37,852,170,430,25.30,30.80,0.70,1.90
1/3/18-18:57:38,851,185,439,25.40,30.80,0.80,2.90
1/3/18-18:58:39,851,225,468,25.60,30.80,0.80,1.00
1/3/18-18:59:40,851,232,499,26.10,30.90,0.90,2.30
1/3/18-19:0:41,851,212,440,25.90,30.90,1.10,4.10
1/3/18-19:1:42,851,165,417,25.40,30.90,1.00,3.60
1/3/18-19:2:43,851,162,435,25.00,30.90,0.80,1.20
1/3/18-19:3:44,851,181,438,25.40,30.80,1.00,1.10
1/3/18-19:4:45,851,187,430,25.40,30.80,1.00,3.60
1/3/18-19:5:46,851,227,456,26.10,30.80,0.80,3.20
1/3/18-19:6:47,851,157,417,26.50,30.80,0.90,5.70
1/3/18-19:7:48,851,156,417,26.40,30.80,0.90,2.80
1/3/18-19:8:49,851,239,523,25.70,30.70,0.90,1.90
1/3/18-19:9:50,850,167,420,25.80,30.70,0.80,1.10
1/3/18-19:10:51,851,219,458,25.80,30.60,0.90,3.50
1/3/18-19:11:52,851,218,420,26.00,30.60,0.80,1.90
1/3/18-19:12:53,851,167,427,25.70,30.50,0.90,1.10
1/3/18-19:13:54,851,221,446,26.20,30.40,1.10,3.80
1/3/18-19:14:55,851,195,422,26.40,30.40,0.80,2.10
1/3/18-19:15:56,851,155,415,26.90,30.30,1.10,1.50
1/3/18-19:16:57,851,134,406,26.00,30.20,1.20,5.40
1/3/18-19:17:58,851,150,438,25.80,30.10,1.10,1.90
1/3/18-19:18:59,851,221,455,26.10,30.00,0.90,2.00
1/3/18-19:20:0,851,279,449,27.00,30.00,0.80,2.50
1/3/18-19:21:1,851,203,419,26.50,29.90,0.90,2.70
1/3/18-19:22:2,851,153,416,27.20,29.80,1.00,3.40
1/3/18-19:23:3,852,179,433,26.60,29.70,1.20,4.30
1/3/18-19:24:4,852,290,475,27.90,29.70,1.10,4.60
1/3/18-19:25:5,852,173,408,28.50,29.70,1.00,4.60
1/3/18-19:26:6,852,177,428,27.10,29.50,1.10,2.20
1/3/18-19:27:7,852,167,412,27.90,29.50,1.00,5.40
1/3/18-19:28:8,852,197,420,27.40,29.40,1.20,4.40
1/3/18-19:29:9,852,255,454,27.10,29.40,1.00,2.80
1/3/18-19:30:10,852,265,448,27.60,29.40,0.90,1.50
1/3/18-19:31:11,852,254,427,27.90,29.40,1.00,1.80
1/3/18-19:32:12,852,280,486,27.70,29.40,1.30,6.40
1/3/18-19:33:13,852,263,470,28.40,29.40,1.20,2.00
1/3/18-19:34:14,852,206,421,27.80,29.30,1.40,3.60
1/3/18-19:35:15,853,241,449,28.60,29.20,1.60,5.10
1/3/18-19:36:16,852,271,448,29.20,29.30,1.00,4.90
1/3/18-19:37:17,852,225,437,28.40,29.20,1.00,5.00
1/3/18-19:38:18,853,332,485,28.90,29.20,1.30,3.00
1/3/18-19:39:19,852,306,447,29.30,29.20,1.10,3.60
1318.txt
1318.txt
1/3/18-20:4:57,532,270,400,33.80,26.50,192.70,493.30
1318.txt
1/3/18-20:14:12,531,115,170,35.60,26.60,321.60,556.40
1/3/18-20:15:13,531,109,170,35.50,26.60,336.50,568.10
1/3/18-20:16:14,531,109,171,35.60,26.70,337.60,565.00
1/3/18-20:17:15,531,104,168,35.80,26.70,319.90,553.50
1/3/18-20:18:16,532,104,168,35.70,26.70,342.60,571.50
1/3/18-20:19:17,532,102,168,35.70,26.70,332.60,566.20
1/3/18-20:20:18,531,105,170,35.50,26.70,339.40,568.30
1/3/18-20:21:19,530,104,171,35.50,26.70,346.60,571.60
1/3/18-20:22:20,533,99,171,35.60,26.70,346.70,576.00
1318.txt
1/3/18-20:25:30,840,420,352,34.60,26.60,1.30,3.90
1/3/18-20:26:31,841,383,374,38.30,26.60,2.20,12.10
1/3/18-20:27:32,839,370,365,37.70,26.60,2.40,18.30
1/3/18-20:28:33,839,371,387,38.40,26.60,2.50,13.60
1/3/18-20:29:33,839,368,382,37.10,26.60,2.20,7.10
1/3/18-20:30:34,837,361,379,38.70,26.70,2.40,11.20
1/3/18-20:31:35,836,363,388,39.00,26.70,2.40,9.10
1/3/18-20:32:36,838,358,386,38.30,26.70,2.40,7.90
1/3/18-20:33:37,838,354,387,38.40,26.70,1.90,7.20
1/3/18-20:34:38,837,353,390,37.60,26.80,2.40,11.40
1/3/18-20:35:39,838,347,389,38.00,26.80,2.00,4.70
1/3/18-20:36:40,837,353,394,37.80,26.90,2.30,10.30
1/3/18-20:37:41,837,354,393,37.30,26.90,2.20,12.10
1/3/18-20:38:42,837,353,396,39.00,26.90,2.90,11.30
1/3/18-20:39:43,838,349,396,38.00,26.90,2.70,9.30
1/3/18-20:40:44,837,354,398,37.20,26.90,2.20,8.00
1/3/18-20:41:45,837,352,398,38.20,27.00,2.70,6.30
1/3/18-20:42:46,837,348,397,38.20,27.00,2.40,9.30
1/3/18-20:43:47,836,348,397,38.70,26.90,3.00,13.20
1/3/18-20:44:48,837,355,408,39.30,27.00,2.60,12.40
1/3/18-20:45:49,836,356,409,38.50,27.00,3.00,10.40
1/3/18-20:46:50,837,352,406,37.70,27.00,3.00,10.70
1/3/18-20:47:51,837,351,407,37.20,27.00,2.60,11.60
1/3/18-20:48:52,837,352,411,37.10,26.90,2.80,11.10
1/3/18-20:49:53,835,353,408,37.30,26.90,2.60,10.10
1/3/18-20:50:54,835,351,405,37.90,27.00,2.90,12.40
1/3/18-20:51:55,837,352,415,39.10,26.90,3.60,11.10
1/3/18-20:52:56,835,353,414,38.30,26.90,3.10,14.30
1/3/18-20:53:57,837,361,420,38.20,26.90,3.40,18.10
1/3/18-20:54:58,836,359,418,38.40,26.80,3.20,16.20
1/3/18-20:55:59,837,366,425,39.20,26.90,3.90,12.30
1/3/18-20:57:0,837,364,424,38.50,26.80,3.90,17.40
1/3/18-20:58:1,836,362,425,38.90,26.80,4.30,15.60
1/3/18-20:59:2,838,360,425,38.90,26.80,4.80,25.10
1/3/18-21:0:3,837,365,428,38.40,26.80,4.80,19.90
1/3/18-21:1:4,838,366,430,38.60,26.80,4.30,22.30
1/3/18-21:2:5,837,373,439,38.40,26.80,4.60,14.40
1/3/18-21:3:6,838,360,433,38.30,26.70,4.50,13.80
1/3/18-21:4:7,836,368,438,37.10,26.70,5.30,18.00
1/3/18-21:5:8,838,369,446,38.10,26.70,5.40,16.90
1/3/18-21:6:9,838,362,429,38.30,26.70,4.80,24.80
1/3/18-21:7:10,837,365,441,39.50,26.60,5.00,22.20
1/3/18-21:8:11,838,363,440,39.10,26.60,4.70,26.00
1/3/18-21:9:12,837,369,445,38.30,26.50,5.60,27.80
1/3/18-21:10:13,838,375,447,39.10,26.50,5.00,26.30
1/3/18-21:11:14,837,377,441,38.80,26.50,5.40,20.90
1/3/18-21:12:15,838,374,434,40.30,26.50,4.90,22.80
1/3/18-21:13:16,838,381,441,40.80,26.50,4.40,16.00
1/3/18-21:14:17,837,386,446,40.30,26.50,3.90,12.60
1/3/18-21:15:18,837,380,446,41.10,26.50,3.90,9.10
1/3/18-21:16:19,838,374,449,40.50,26.50,4.10,12.60
1/3/18-21:17:20,838,376,448,39.40,26.50,3.90,17.20
1/3/18-21:18:21,838,379,460,39.50,26.50,4.00,10.40
1/3/18-21:19:22,838,384,455,39.60,26.40,4.00,12.80
1/3/18-21:20:23,838,383,455,39.60,26.40,4.20,13.00
1/3/18-21:21:24,837,379,454,40.10,26.40,4.60,11.30
1/3/18-21:22:25,838,377,458,39.60,26.40,5.10,11.10
1/3/18-21:23:26,838,383,460,39.50,26.30,5.00,11.00
1/3/18-21:24:27,839,392,458,40.10,26.30,4.20,12.20
1/3/18-21:25:27,838,388,460,40.70,26.30,4.90,14.60
1/3/18-21:26:28,837,386,457,40.40,26.30,5.50,17.40
1/3/18-21:27:29,839,395,465,40.70,26.20,4.80,11.00
1/3/18-21:28:30,839,387,462,40.80,26.20,5.50,17.90
1/3/18-21:29:31,837,392,461,41.00,26.20,4.90,13.00
1/3/18-21:30:32,837,391,463,41.90,26.10,6.00,15.10
1/3/18-21:31:33,838,392,459,41.60,26.10,5.40,13.60
1/3/18-21:32:34,838,390,459,42.00,26.10,6.20,15.40
1/3/18-21:33:35,838,385,457,41.80,26.10,5.80,12.60
1/3/18-21:34:36,838,387,457,41.70,26.10,6.10,14.10
1/3/18-21:35:37,839,385,456,41.70,26.10,5.90,16.50
1/3/18-21:36:38,837,376,446,41.90,26.00,6.60,13.20
1/3/18-21:37:39,837,373,445,42.10,26.00,6.00,15.10
1/3/18-21:38:40,838,379,455,41.90,25.90,6.40,17.40
1/3/18-21:39:41,838,380,456,41.30,25.90,8.20,48.20
1/3/18-21:40:42,838,382,459,41.70,25.90,6.30,15.10
1/3/18-21:41:43,839,388,462,41.70,25.90,7.00,24.30
1/3/18-21:42:44,837,389,463,42.50,25.90,6.80,20.90
1/3/18-21:43:45,837,389,463,41.90,25.80,6.90,19.10
1/3/18-21:44:46,839,382,464,42.10,25.80,7.80,18.80
1/3/18-21:45:47,838,384,457,42.80,25.80,7.90,23.00
1/3/18-21:46:48,838,384,463,42.50,25.80,8.60,26.40
1/3/18-21:47:49,837,391,466,42.30,25.80,8.40,20.40
1/3/18-21:48:50,838,387,469,42.60,25.80,9.20,19.50
1/3/18-21:49:51,836,389,464,42.60,25.80,8.80,24.80
1/3/18-21:50:52,837,395,476,43.40,25.70,8.40,17.50
1/3/18-21:51:53,838,390,467,43.60,25.80,8.70,23.80
1/3/18-21:52:54,837,386,462,43.50,25.70,9.10,23.50
1/3/18-21:53:55,838,383,465,44.40,25.70,9.70,19.40
1/3/18-21:54:56,837,396,471,44.00,25.70,10.20,25.50
1/3/18-21:55:57,838,399,476,44.00,25.70,10.30,20.80
1/3/18-21:56:58,838,396,471,44.10,25.60,10.20,22.90
1/3/18-21:57:59,837,397,478,43.80,25.60,12.00,21.80
1/3/18-21:59:0,838,391,475,43.60,25.60,12.60,25.50
1/3/18-22:0:1,838,393,477,43.10,25.60,12.50,28.60
1/3/18-22:1:2,837,398,478,43.30,0.00,13.20,27.70
1/3/18-22:2:3,838,397,472,43.40,25.50,13.10,27.10
1/3/18-22:3:4,837,397,473,44.10,25.50,12.60,25.10
1/3/18-22:4:5,838,395,470,43.80,25.50,13.20,29.50
1/3/18-22:5:6,838,400,473,43.30,25.40,13.20,27.80
1/3/18-22:6:7,838,396,472,43.60,25.40,13.30,25.50
1/3/18-22:7:8,838,399,471,44.00,25.30,12.90,28.10
1/3/18-22:8:9,837,404,476,44.20,25.30,12.60,22.90
1/3/18-22:9:10,837,399,470,44.70,25.30,11.70,24.70
1/3/18-22:10:11,837,391,467,44.00,25.30,11.80,27.50
1/3/18-22:11:12,839,394,473,43.60,25.20,11.00,24.90
1/3/18-22:12:13,837,398,474,43.30,25.20,12.30,23.10
1/3/18-22:13:14,838,392,470,43.60,25.20,12.10,28.70
1/3/18-22:14:15,838,393,469,43.30,25.10,11.90,24.50
1/3/18-22:15:16,837,404,477,44.30,25.10,11.70,20.80
1/3/18-22:16:17,838,392,463,44.00,25.10,10.80,22.10
1/3/18-22:17:18,838,396,473,44.00,25.10,10.50,26.70
1/3/18-22:18:18,838,394,468,43.80,25.10,10.20,17.90
1/3/18-22:19:19,838,388,459,43.90,25.10,9.80,15.50
1/3/18-22:20:20,838,387,463,43.80,25.10,9.50,19.10
1/3/18-22:21:21,837,393,468,43.20,25.00,9.80,19.60
1/3/18-22:22:22,838,389,467,43.70,25.00,9.10,18.70
1/3/18-22:23:23,838,386,461,43.70,25.00,9.80,20.10
1/3/18-22:24:24,837,381,455,42.60,25.00,10.50,18.10
1/3/18-22:25:25,836,377,453,43.30,25.00,9.60,18.20
1/3/18-22:26:26,837,377,457,43.50,25.00,9.90,15.10
1/3/18-22:27:27,838,378,460,42.90,25.00,10.40,25.20
1/3/18-22:28:28,836,391,463,43.20,24.90,10.40,19.10
1/3/18-22:29:29,836,390,461,44.50,24.90,10.50,20.00
1/3/18-22:30:30,837,384,463,44.50,24.90,10.40,20.60
1/3/18-22:31:31,837,386,463,43.80,24.90,10.40,22.70
1/3/18-22:32:32,838,386,465,43.90,24.80,10.60,19.90
1/3/18-22:33:33,840,390,467,44.20,24.80,11.20,18.60
1/3/18-22:34:34,837,391,463,43.90,24.90,11.90,21.00
1/3/18-22:35:35,838,384,460,43.70,24.80,12.10,20.60
1/3/18-22:36:36,838,387,460,43.40,24.80,11.80,23.20
1/3/18-22:37:37,837,385,459,43.80,24.80,12.20,23.00
1/3/18-22:38:38,837,387,458,43.80,24.80,12.40,23.60
1/3/18-22:39:39,839,392,464,44.20,24.80,12.50,25.10
1/3/18-22:40:40,838,385,457,43.80,24.70,11.70,24.30
1/3/18-22:41:41,838,385,462,43.80,24.80,14.20,23.20
1/3/18-22:42:42,837,393,469,43.70,24.70,14.10,25.90
1/3/18-22:43:43,837,396,465,43.70,24.70,14.40,27.90
1/3/18-22:44:44,836,396,467,44.40,24.70,14.20,32.60
1/3/18-22:45:45,836,398,469,44.70,24.70,12.20,22.50
1/3/18-22:46:46,837,395,469,44.70,24.70,12.70,21.20
1/3/18-22:47:47,838,400,472,43.10,24.70,13.70,27.20
1/3/18-22:48:48,837,399,468,43.40,24.60,13.60,24.20
1/3/18-22:49:49,837,400,466,43.40,24.60,13.60,25.90
1/3/18-22:50:50,838,397,459,44.10,24.60,12.70,24.90
1/3/18-22:51:51,837,399,464,44.60,24.60,13.00,22.30
1/3/18-22:52:52,838,395,458,43.60,24.60,11.70,17.90
1/3/18-22:53:53,837,388,450,43.00,24.50,10.90,19.20
1/3/18-22:54:54,836,387,449,42.90,24.50,11.00,22.90
1/3/18-22:55:55,838,385,453,43.50,24.50,10.80,16.30
1/3/18-22:56:56,838,389,455,43.10,24.40,10.00,16.60
1/3/18-22:57:57,838,381,446,43.40,24.40,10.00,17.90
1/3/18-22:58:58,837,390,454,43.60,24.40,10.90,19.10
1/3/18-22:59:59,836,393,458,43.50,24.40,10.50,19.40
1/3/18-23:1:0,837,391,451,43.80,24.40,10.70,18.80
1/3/18-23:2:1,837,395,463,43.60,24.40,11.00,19.60
1/3/18-23:3:2,838,391,453,43.50,24.30,10.00,17.20
1/3/18-23:4:3,837,390,453,44.20,24.30,9.70,14.60
1/3/18-23:5:4,838,385,448,44.20,24.30,9.50,16.60
1/3/18-23:6:5,838,381,445,43.40,24.30,8.80,17.20
1/3/18-23:7:6,838,385,450,43.70,24.30,9.60,15.40
1/3/18-23:8:7,837,380,449,43.10,24.30,9.50,16.30
1/3/18-23:9:8,837,381,447,43.00,24.20,8.90,16.40
1/3/18-23:10:8,838,382,449,43.10,24.20,9.60,17.20
1/3/18-23:11:9,838,385,451,43.30,24.20,8.80,14.70
1/3/18-23:12:10,838,380,442,43.90,24.20,8.70,12.40
1/3/18-23:13:11,840,376,454,44.10,24.20,7.10,10.70
1/3/18-23:14:12,839,374,442,43.50,24.10,6.50,11.80
1/3/18-23:15:13,839,374,448,44.00,24.20,7.50,17.50
1/3/18-23:16:14,838,379,452,43.60,24.10,8.20,12.30
1/3/18-23:17:15,838,381,447,43.20,24.10,7.60,15.20
1/3/18-23:18:16,837,382,445,44.00,24.10,7.40,12.20
1/3/18-23:19:17,838,380,448,43.50,24.10,7.60,13.10
1/3/18-23:20:18,838,379,452,43.50,24.10,8.10,16.40
1/3/18-23:21:19,839,374,439,43.10,24.10,6.70,11.20
1/3/18-23:22:20,838,382,447,43.30,24.00,7.40,16.10
1/3/18-23:23:21,838,386,450,43.50,24.10,8.10,14.00
1/3/18-23:24:22,838,382,442,43.50,24.00,7.90,13.50
1/3/18-23:25:23,839,382,447,43.80,24.00,8.10,14.60
1/3/18-23:26:24,839,387,453,43.70,24.00,9.90,18.90
1/3/18-23:27:25,838,394,458,43.80,24.00,14.40,21.00
1/3/18-23:28:26,838,392,453,44.60,24.00,14.30,21.20
1/3/18-23:29:27,838,401,459,43.90,23.90,18.30,29.80
1/3/18-23:30:28,837,399,457,44.80,24.00,17.40,28.10
1/3/18-23:31:29,839,398,457,44.00,23.90,16.20,31.10
1/3/18-23:32:30,837,401,459,44.00,23.90,16.20,23.70
1/3/18-23:33:31,838,398,458,44.70,23.90,14.60,26.80
1/3/18-23:34:32,839,392,450,44.70,23.90,12.50,23.00
1/3/18-23:35:33,839,396,456,45.10,23.90,11.80,19.90
1/3/18-23:36:34,838,392,450,45.50,23.90,10.90,19.70
1/3/18-23:37:35,839,387,451,45.10,23.80,10.10,17.10
1/3/18-23:38:36,837,392,456,45.10,23.90,9.20,21.10
1/3/18-23:39:37,839,392,455,44.90,23.80,9.20,17.60
1/3/18-23:40:38,838,390,463,45.00,23.80,9.30,18.20
1/3/18-23:41:39,838,391,450,45.30,23.80,9.30,22.40
1/3/18-23:42:40,839,389,451,45.50,23.80,9.70,25.10
1/3/18-23:43:41,838,388,449,45.40,23.80,8.20,15.90
1/3/18-23:44:42,839,385,452,45.50,23.80,8.60,19.80
1/3/18-23:45:43,838,388,457,45.70,23.80,8.30,18.80
1/3/18-23:46:44,839,390,453,45.50,23.80,8.60,22.80
1/3/18-23:47:45,839,386,450,45.50,23.70,9.40,19.30
1/3/18-23:48:46,837,391,456,45.60,23.70,8.20,16.20
1/3/18-23:49:47,839,389,449,45.30,23.70,9.10,22.60
1/3/18-23:50:48,838,389,447,45.80,23.70,8.50,19.50
1/3/18-23:51:49,838,390,454,46.30,23.70,8.60,19.70
1/3/18-23:52:50,838,390,452,45.90,23.60,9.00,16.60
1/3/18-23:53:51,838,390,450,46.10,23.60,8.30,14.70
1/3/18-23:54:52,839,387,446,46.50,23.60,8.20,17.10
1/3/18-23:55:53,840,382,449,46.10,23.60,8.10,17.40
1/3/18-23:56:54,839,383,450,45.60,23.60,7.10,10.60
1/3/18-23:57:55,839,383,442,45.00,23.60,7.60,17.00
1/3/18-23:58:56,839,385,446,45.00,23.60,8.60,15.50
1/3/18-23:59:56,838,386,449,45.40,23.50,8.10,13.10
