Hora,O3,NO2,CO,Humedad,Temperatura,P25,P10
28/2/18-0:0:16,853,248,404,79.00,18.80,1.00,2.40
28/2/18-0:1:17,854,238,400,78.50,18.80,0.90,1.50
28/2/18-0:2:18,854,227,397,77.90,18.80,0.80,2.00
28/2/18-0:3:19,854,228,402,77.80,18.80,0.80,1.30
28/2/18-0:4:20,855,238,401,77.10,18.80,0.60,0.60
28/2/18-0:5:21,854,218,397,76.50,18.90,0.80,2.40
28/2/18-0:6:22,854,227,400,76.80,18.90,0.70,0.80
28/2/18-0:7:23,854,231,399,77.10,18.90,0.80,0.80
28/2/18-0:8:24,854,232,396,77.60,18.90,1.00,1.60
28/2/18-0:9:25,854,232,402,75.80,18.90,1.00,1.10
28/2/18-0:10:26,854,239,405,77.40,18.90,0.70,1.90
28/2/18-0:11:27,854,239,408,78.10,18.80,0.70,0.70
28/2/18-0:12:28,854,241,403,77.10,18.90,0.70,0.90
28/2/18-0:13:29,854,250,404,77.90,18.90,0.70,0.80
28/2/18-0:14:30,854,251,404,77.70,18.80,0.80,1.70
28/2/18-0:15:31,854,273,418,77.80,18.80,1.10,2.40
28/2/18-0:16:32,854,279,409,78.10,18.80,1.00,1.50
28/2/18-0:17:33,854,275,406,78.00,18.80,1.10,1.90
28/2/18-0:18:34,855,282,407,79.20,18.80,1.00,1.20
28/2/18-0:19:35,854,271,406,77.80,18.90,0.90,1.00
28/2/18-0:20:36,847,245,434,78.90,18.90,0.80,0.90
28/2/18-0:21:37,854,264,404,76.70,18.80,0.90,1.90
28/2/18-0:22:38,854,253,410,76.40,18.90,0.80,0.80
28/2/18-0:23:39,854,263,419,75.80,18.80,0.70,1.60
28/2/18-0:24:40,854,267,412,76.10,18.90,1.00,4.30
28/2/18-0:25:41,854,277,410,76.70,18.90,0.80,0.80
28/2/18-0:26:42,854,270,407,76.80,18.90,0.90,1.30
28/2/18-0:27:43,855,292,421,77.10,18.90,0.70,0.70
28/2/18-0:28:44,854,317,433,77.30,18.90,0.80,0.80
28/2/18-0:29:45,854,313,422,75.30,18.90,0.80,2.00
28/2/18-0:30:46,854,303,414,75.00,18.90,0.70,2.00
28/2/18-0:31:47,854,304,413,75.20,19.00,0.70,0.80
28/2/18-0:32:47,854,300,415,76.20,18.90,0.90,3.70
28/2/18-0:33:48,854,308,418,76.60,18.90,0.80,1.90
28/2/18-0:34:49,854,300,410,77.10,19.00,0.80,1.80
28/2/18-0:35:50,854,306,412,76.90,18.90,0.90,2.00
28/2/18-0:36:51,853,308,421,77.70,18.90,0.80,0.80
28/2/18-0:37:52,854,316,417,77.20,18.90,1.10,2.30
28/2/18-0:38:53,855,302,409,76.80,18.90,0.90,1.60
28/2/18-0:39:54,855,282,406,76.20,18.90,1.00,1.10
28/2/18-0:40:55,853,271,403,75.80,18.90,0.90,2.10
28/2/18-0:41:56,854,261,404,76.20,18.90,0.60,0.60
28/2/18-0:42:57,854,268,407,76.20,18.80,0.60,0.60
28/2/18-0:43:58,854,270,411,77.30,18.90,0.70,0.70
28/2/18-0:44:59,854,278,410,78.10,18.90,0.70,1.00
28/2/18-0:46:0,854,264,404,75.30,18.80,0.90,1.50
28/2/18-0:47:1,854,266,406,76.40,18.80,0.80,1.20
28/2/18-0:48:2,854,271,414,75.70,18.80,0.70,0.70
28/2/18-0:49:3,854,273,405,76.70,18.90,0.70,1.00
28/2/18-0:50:4,854,269,403,77.00,18.80,0.60,2.10
28/2/18-0:51:5,854,274,409,76.90,18.80,0.90,1.10
28/2/18-0:52:6,854,272,411,76.50,18.90,0.90,1.10
28/2/18-0:53:7,854,293,417,76.40,18.80,0.80,0.80
28/2/18-0:54:8,855,303,414,76.70,18.80,0.60,1.70
28/2/18-0:55:9,854,296,415,77.40,18.80,0.60,0.60
28/2/18-0:56:10,854,302,412,76.90,18.80,1.00,2.20
28/2/18-0:57:11,855,298,406,77.60,18.80,0.80,1.70
28/2/18-0:58:12,854,296,410,77.90,18.80,1.00,1.90
28/2/18-0:59:13,854,296,406,78.10,18.80,0.80,0.90
28/2/18-1:0:14,854,297,407,78.40,18.80,1.20,4.70
28/2/18-1:1:15,854,296,398,78.30,18.70,1.00,1.50
28/2/18-1:2:16,849,295,413,78.70,18.70,0.90,1.20
28/2/18-1:3:17,848,294,414,78.90,18.70,0.90,1.90
28/2/18-1:4:18,854,298,406,78.30,18.70,1.50,2.40
28/2/18-1:5:19,853,304,407,78.70,18.70,1.00,2.70
28/2/18-1:6:20,848,315,422,79.00,18.70,1.10,1.60
28/2/18-1:7:21,853,332,416,79.10,18.80,1.10,1.20
28/2/18-1:8:22,848,324,429,79.00,18.80,1.10,3.30
28/2/18-1:9:23,849,335,430,78.20,18.80,1.00,2.30
28/2/18-1:10:24,848,348,433,78.80,18.80,0.90,1.80
28/2/18-1:11:25,853,345,420,79.30,18.90,0.80,1.80
28/2/18-1:12:26,854,347,418,79.60,18.90,0.70,1.40
28/2/18-1:13:27,854,341,416,79.40,18.90,1.00,2.40
28/2/18-1:14:28,854,343,420,79.20,18.90,0.80,1.40
28/2/18-1:15:29,854,341,417,80.00,18.90,0.90,1.40
28/2/18-1:16:29,850,328,431,79.80,18.90,0.80,1.60
28/2/18-1:17:30,854,341,423,79.30,18.90,0.90,2.60
28/2/18-1:18:31,849,342,421,79.10,18.90,0.90,1.50
28/2/18-1:19:32,853,352,421,78.90,18.90,1.00,1.60
28/2/18-1:20:33,854,362,454,78.50,18.90,0.80,1.10
28/2/18-1:21:34,854,366,449,76.70,19.00,0.90,2.50
28/2/18-1:22:35,848,362,451,75.20,19.00,0.80,1.00
28/2/18-1:23:36,853,365,450,75.80,19.00,0.90,1.90
28/2/18-1:24:37,853,374,443,75.80,19.00,1.10,1.30
28/2/18-1:25:38,852,359,426,75.30,19.10,0.90,2.90
28/2/18-1:26:39,849,358,436,76.00,19.10,1.20,4.20
28/2/18-1:27:40,849,346,433,76.40,19.10,1.00,3.00
28/2/18-1:28:41,853,342,419,76.80,19.10,1.10,2.10
28/2/18-1:29:42,852,343,413,76.90,19.10,1.40,3.10
28/2/18-1:30:43,853,343,419,76.50,19.10,1.40,2.20
28/2/18-1:31:44,852,335,419,77.50,19.00,1.40,3.70
28/2/18-1:32:45,848,330,442,77.80,19.00,1.10,1.40
28/2/18-1:33:46,853,337,427,76.80,19.00,1.60,2.50
28/2/18-1:34:47,853,337,429,77.40,19.00,1.40,4.20
28/2/18-1:35:48,852,333,416,76.40,19.00,1.20,1.90
28/2/18-1:36:49,852,327,422,76.80,19.00,1.40,4.60
28/2/18-1:37:50,852,341,432,76.90,19.00,1.30,2.90
28/2/18-1:38:51,852,351,441,77.40,19.00,1.30,2.60
28/2/18-1:39:52,853,360,428,77.00,19.00,1.90,3.80
28/2/18-1:40:53,852,362,426,77.90,19.00,1.30,3.20
28/2/18-1:41:54,852,364,432,77.10,19.00,1.50,2.90
28/2/18-1:42:55,847,360,430,77.80,19.00,1.20,3.10
28/2/18-1:43:56,853,368,439,78.20,19.00,1.10,2.00
28/2/18-1:44:57,853,365,428,78.60,19.00,1.30,3.00
28/2/18-1:45:58,848,356,432,78.80,19.00,1.20,1.70
28/2/18-1:46:59,853,355,423,79.20,19.00,1.10,2.10
28/2/18-1:48:0,852,361,434,79.50,18.90,1.40,2.90
28/2/18-1:49:1,853,351,422,78.40,18.90,1.30,1.90
28/2/18-1:50:2,852,348,413,78.40,18.90,1.40,3.00
28/2/18-1:51:3,852,350,425,78.80,18.90,1.60,3.20
28/2/18-1:52:4,853,344,421,78.80,18.90,1.40,2.80
28/2/18-1:53:5,853,345,418,78.70,18.90,1.50,3.50
28/2/18-1:54:6,853,335,424,78.80,18.90,1.40,3.60
28/2/18-1:55:7,847,352,435,77.70,18.90,1.70,3.20
28/2/18-1:56:8,853,357,430,78.10,18.90,1.50,4.30
28/2/18-1:57:9,847,352,430,78.70,18.90,1.50,3.80
28/2/18-1:58:10,847,357,436,78.90,18.90,1.80,5.60
28/2/18-1:59:11,847,360,432,78.10,18.90,1.50,2.00
28/2/18-2:0:11,847,358,427,79.00,18.90,1.30,2.90
28/2/18-2:1:12,847,362,430,79.70,18.90,1.60,4.30
28/2/18-2:2:13,847,360,429,79.60,18.90,1.60,2.50
28/2/18-2:3:14,847,366,442,80.10,18.90,1.30,1.90
28/2/18-2:4:15,847,366,440,79.60,18.90,1.80,4.40
28/2/18-2:5:16,847,369,445,79.20,18.90,1.50,4.20
28/2/18-2:6:17,847,363,440,78.70,18.90,1.30,3.40
28/2/18-2:7:18,846,365,440,79.10,19.00,1.50,3.00
28/2/18-2:8:19,847,369,450,79.30,18.90,1.30,5.30
28/2/18-2:9:20,847,392,512,78.30,19.00,1.30,3.30
28/2/18-2:10:21,846,418,501,76.00,19.00,1.50,1.60
28/2/18-2:11:22,846,414,509,75.30,19.00,1.80,5.20
28/2/18-2:12:23,847,404,487,72.50,19.00,2.30,5.40
28/2/18-2:13:24,847,394,477,72.60,19.10,1.80,3.70
28/2/18-2:14:25,846,405,504,71.30,19.10,1.50,4.30
28/2/18-2:15:26,847,392,471,71.10,19.10,1.70,3.30
28/2/18-2:16:27,847,383,464,69.30,19.20,1.30,2.90
28/2/18-2:17:28,847,373,449,69.80,19.20,1.20,3.10
28/2/18-2:18:29,847,375,448,71.30,19.20,1.00,1.70
28/2/18-2:19:30,846,384,466,71.90,19.20,1.10,1.50
28/2/18-2:20:31,847,376,452,72.60,19.30,1.20,2.00
28/2/18-2:21:32,847,373,455,72.60,19.20,1.30,1.90
28/2/18-2:22:33,847,362,452,73.50,19.20,1.30,2.00
28/2/18-2:23:34,847,369,453,74.20,19.20,1.00,1.20
28/2/18-2:24:35,848,363,450,72.60,19.20,1.00,3.60
28/2/18-2:25:36,847,362,448,74.10,19.20,1.30,2.80
28/2/18-2:26:37,848,356,441,74.90,19.10,1.10,1.40
28/2/18-2:27:38,853,359,440,75.10,19.10,1.00,2.10
28/2/18-2:28:39,854,354,437,75.10,19.10,1.10,1.60
28/2/18-2:29:40,853,358,436,75.20,19.00,1.10,1.50
28/2/18-2:30:41,853,354,425,74.40,19.00,1.30,3.40
28/2/18-2:31:42,853,352,428,75.20,19.00,1.20,4.40
28/2/18-2:32:43,853,356,424,75.30,18.90,1.20,2.40
28/2/18-2:33:44,853,369,434,75.40,18.90,1.50,2.40
28/2/18-2:34:45,847,375,441,75.00,18.90,1.20,2.40
28/2/18-2:35:46,847,375,427,76.30,18.80,1.50,4.60
28/2/18-2:36:47,846,377,428,76.20,18.80,1.30,2.70
28/2/18-2:37:48,847,386,433,75.70,18.80,1.40,2.10
28/2/18-2:38:49,847,381,426,74.90,18.80,1.30,2.60
28/2/18-2:39:50,846,379,424,76.20,18.80,1.30,1.80
28/2/18-2:40:51,847,382,431,76.50,18.70,1.40,2.50
28/2/18-2:41:52,846,384,424,77.60,18.70,1.40,4.30
28/2/18-2:42:53,848,378,422,77.20,18.70,1.60,3.00
28/2/18-2:43:53,846,374,427,77.40,18.70,2.00,5.10
28/2/18-2:44:54,847,378,433,77.20,18.70,1.70,3.10
28/2/18-2:45:55,847,376,422,77.60,18.70,2.00,5.20
28/2/18-2:46:56,847,369,415,78.50,18.70,1.90,3.40
28/2/18-2:47:57,847,365,416,77.80,18.60,1.80,3.80
28/2/18-2:48:58,847,363,416,78.10,18.60,1.70,3.80
28/2/18-2:49:59,847,364,416,78.50,18.60,1.90,4.00
28/2/18-2:51:0,847,363,415,78.30,18.70,2.20,4.80
28/2/18-2:52:1,847,363,418,79.00,18.70,1.90,2.90
28/2/18-2:53:2,847,358,421,77.30,18.60,1.90,5.10
28/2/18-2:54:3,846,363,420,77.20,18.60,2.00,4.10
28/2/18-2:55:4,846,359,416,77.80,18.70,2.20,3.70
28/2/18-2:56:5,846,360,417,76.90,18.60,2.30,4.40
28/2/18-2:57:6,846,364,418,76.10,18.60,2.00,3.50
28/2/18-2:58:7,846,366,428,76.90,18.60,2.20,3.10
28/2/18-2:59:8,847,366,420,76.20,18.60,2.20,3.10
28/2/18-3:0:9,846,369,422,76.70,18.60,2.00,5.20
28/2/18-3:1:10,846,367,421,76.50,18.60,2.60,6.70
28/2/18-3:2:11,848,368,426,76.30,18.70,2.30,5.70
28/2/18-3:3:12,846,368,428,76.00,18.70,2.00,3.20
28/2/18-3:4:13,847,369,422,76.60,18.70,2.20,5.20
28/2/18-3:5:14,846,369,430,76.40,18.70,2.20,3.60
28/2/18-3:6:15,847,363,423,73.60,18.70,2.70,4.60
28/2/18-3:7:16,846,363,437,72.10,18.80,2.10,3.10
28/2/18-3:8:17,846,351,425,71.80,18.80,3.10,6.00
28/2/18-3:9:18,847,344,426,72.20,18.80,2.60,4.50
28/2/18-3:10:19,847,350,428,72.30,18.80,2.40,5.50
28/2/18-3:11:20,846,365,426,73.70,18.80,2.90,5.60
28/2/18-3:12:21,846,372,432,74.80,18.90,2.40,3.80
28/2/18-3:13:22,847,364,436,74.10,18.80,2.50,3.80
28/2/18-3:14:23,847,373,446,74.40,18.80,2.50,4.30
28/2/18-3:15:24,846,366,422,74.40,18.80,2.40,4.00
28/2/18-3:16:25,847,365,434,74.30,18.80,2.80,10.10
28/2/18-3:17:26,847,372,426,73.60,18.80,2.30,3.70
28/2/18-3:18:27,846,374,425,75.70,18.80,2.90,4.90
28/2/18-3:19:28,847,374,427,76.00,18.80,2.50,4.70
28/2/18-3:20:29,846,375,427,76.20,18.80,2.90,6.00
28/2/18-3:21:30,847,372,422,77.00,18.70,2.50,7.40
28/2/18-3:22:31,847,362,419,77.20,18.70,3.00,6.20
28/2/18-3:23:32,847,362,421,77.30,18.70,3.00,6.50
28/2/18-3:24:33,846,369,427,77.50,18.60,2.90,4.10
28/2/18-3:25:34,847,364,423,77.70,18.70,3.20,11.00
28/2/18-3:26:35,846,357,419,77.00,18.60,2.80,3.60
28/2/18-3:27:35,847,357,419,77.80,18.60,2.70,3.00
28/2/18-3:28:36,846,361,421,77.30,18.60,2.60,3.50
28/2/18-3:29:37,847,357,419,76.70,18.50,2.40,3.60
28/2/18-3:30:38,847,355,418,77.60,18.50,2.70,6.00
28/2/18-3:31:39,847,352,416,77.70,18.50,2.50,3.20
28/2/18-3:32:40,847,350,417,77.60,18.40,2.80,5.30
28/2/18-3:33:41,847,342,413,77.10,18.40,2.60,4.20
28/2/18-3:34:42,848,343,415,77.00,18.40,2.90,6.00
28/2/18-3:35:43,850,342,410,78.20,18.30,2.60,5.50
28/2/18-3:36:44,853,349,413,77.70,18.30,2.90,4.60
28/2/18-3:37:45,854,350,411,78.20,18.30,2.60,8.30
28/2/18-3:38:46,854,355,415,78.50,18.30,2.80,4.80
28/2/18-3:39:47,854,364,423,79.30,18.30,2.50,4.00
28/2/18-3:40:48,854,363,418,79.00,18.30,2.80,4.20
28/2/18-3:41:49,853,373,425,77.40,18.30,2.40,3.50
28/2/18-3:42:50,854,381,432,78.70,18.30,2.50,5.40
28/2/18-3:43:51,854,377,426,78.10,18.40,2.90,5.20
28/2/18-3:44:52,853,366,425,76.50,18.40,2.70,4.20
28/2/18-3:45:53,854,365,421,76.00,18.50,2.70,6.00
28/2/18-3:46:54,853,364,436,77.00,18.50,2.40,4.90
28/2/18-3:47:55,853,365,422,77.10,18.50,2.80,5.40
28/2/18-3:48:56,853,368,429,77.30,18.50,3.30,6.40
28/2/18-3:49:57,852,365,419,77.00,18.50,2.50,5.40
28/2/18-3:50:58,853,360,418,77.50,18.50,3.10,6.00
28/2/18-3:51:59,854,370,431,77.20,18.40,2.90,5.20
28/2/18-3:53:0,853,363,425,79.00,18.40,3.00,5.60
28/2/18-3:54:1,853,358,419,78.20,18.40,3.10,8.40
28/2/18-3:55:2,853,350,413,77.90,18.40,3.00,5.20
28/2/18-3:56:3,853,342,410,78.10,18.40,2.90,6.80
28/2/18-3:57:4,853,342,412,77.30,18.30,2.30,3.30
28/2/18-3:58:5,853,345,415,78.70,18.30,2.70,4.00
28/2/18-3:59:6,852,342,413,77.40,18.30,3.00,4.70
28/2/18-4:0:7,852,360,450,77.20,18.20,3.00,6.00
28/2/18-4:1:8,852,359,427,77.10,18.20,3.20,6.60
28/2/18-4:2:9,852,345,432,74.90,18.20,3.00,4.70
28/2/18-4:3:10,851,332,446,75.40,18.30,3.00,5.60
28/2/18-4:4:11,853,313,425,71.80,18.30,2.40,3.70
28/2/18-4:5:12,852,318,440,70.20,18.30,2.70,4.20
28/2/18-4:6:13,853,327,431,71.90,18.40,2.90,6.60
28/2/18-4:7:14,853,331,443,72.00,18.50,2.90,5.30
28/2/18-4:8:15,852,346,431,72.50,18.50,2.60,4.20
28/2/18-4:9:16,853,337,436,73.50,18.60,2.60,3.90
28/2/18-4:10:17,852,340,428,72.50,18.60,2.80,5.30
28/2/18-4:11:17,853,340,432,73.30,18.60,2.70,6.00
28/2/18-4:12:18,853,340,424,73.60,18.60,2.60,6.00
28/2/18-4:13:19,852,341,419,74.60,18.60,2.80,4.80
28/2/18-4:14:20,852,335,417,75.30,18.60,3.00,4.30
28/2/18-4:15:21,852,349,420,76.70,18.60,3.40,5.80
28/2/18-4:16:22,852,353,426,77.40,18.60,2.70,6.20
28/2/18-4:17:23,852,360,429,75.80,18.50,2.90,3.10
28/2/18-4:18:24,852,370,440,74.60,18.60,2.80,3.20
28/2/18-4:19:25,852,365,423,75.20,18.60,2.70,3.00
28/2/18-4:20:26,852,363,421,76.60,18.70,3.10,3.40
28/2/18-4:21:27,853,359,424,76.30,18.70,3.00,4.20
28/2/18-4:22:28,852,352,423,75.00,18.60,2.90,3.80
28/2/18-4:23:29,853,354,417,76.00,18.60,3.30,4.50
28/2/18-4:24:30,853,348,412,76.70,18.60,3.10,4.20
28/2/18-4:25:31,852,349,413,77.50,18.60,3.30,5.10
28/2/18-4:26:32,853,347,417,77.00,18.50,3.30,9.30
28/2/18-4:27:33,852,356,416,76.40,18.50,3.50,5.80
28/2/18-4:28:34,853,359,417,77.20,18.50,3.80,4.20
28/2/18-4:29:35,853,360,415,76.40,18.50,3.30,4.10
28/2/18-4:30:36,853,359,411,76.90,18.50,3.10,4.20
28/2/18-4:31:37,853,358,409,77.50,18.50,3.50,6.40
28/2/18-4:32:38,852,360,411,78.20,18.40,3.20,3.50
28/2/18-4:33:39,852,361,411,78.30,18.40,3.00,5.60
28/2/18-4:34:40,853,358,408,78.80,18.40,3.90,6.60
28/2/18-4:35:41,852,357,408,78.80,18.40,3.50,5.30
28/2/18-4:36:42,852,365,413,78.70,18.40,3.10,4.80
28/2/18-4:37:43,852,359,408,79.40,18.40,3.60,4.00
28/2/18-4:38:44,853,373,448,77.50,18.40,2.90,3.70
28/2/18-4:39:45,853,378,421,77.50,18.40,3.20,4.70
28/2/18-4:40:46,852,374,410,77.00,18.50,2.70,3.00
28/2/18-4:41:47,852,369,407,77.50,18.50,3.00,3.30
28/2/18-4:42:48,853,370,408,78.80,18.50,3.00,5.30
28/2/18-4:43:49,852,370,409,79.80,18.50,3.20,4.10
28/2/18-4:44:50,852,364,408,80.80,18.50,2.90,4.80
28/2/18-4:45:51,853,360,408,80.20,18.40,3.30,9.30
28/2/18-4:46:52,852,362,405,79.30,18.40,2.70,3.00
28/2/18-4:47:53,852,361,399,79.20,18.40,3.00,6.40
28/2/18-4:48:54,853,380,417,79.90,18.40,2.70,4.10
28/2/18-4:49:55,852,378,415,79.10,18.40,2.90,5.90
28/2/18-4:50:56,853,379,418,78.10,18.40,2.90,4.80
28/2/18-4:51:57,852,374,407,77.20,18.40,2.50,4.50
28/2/18-4:52:58,853,374,405,78.70,18.40,2.60,3.90
28/2/18-4:53:58,853,370,403,79.30,18.40,2.90,4.80
28/2/18-4:54:59,852,372,404,80.00,18.40,2.70,4.70
28/2/18-4:56:0,852,374,410,80.90,18.40,2.80,3.10
28/2/18-4:57:1,852,375,409,80.60,18.50,2.90,3.70
28/2/18-4:58:2,853,376,415,79.80,18.50,2.40,3.00
28/2/18-4:59:3,852,370,403,81.20,18.50,2.40,3.60
28/2/18-5:0:4,852,371,404,80.20,18.50,3.10,4.30
28/2/18-5:1:5,853,376,413,81.50,18.50,2.50,3.00
28/2/18-5:2:6,853,374,424,80.10,18.50,3.30,6.80
28/2/18-5:3:7,852,379,407,79.60,18.50,2.50,4.20
28/2/18-5:4:8,853,381,407,80.00,18.50,2.50,3.70
28/2/18-5:5:9,853,386,415,80.60,18.50,2.70,3.40
28/2/18-5:6:10,853,381,408,80.10,18.50,2.50,3.80
28/2/18-5:7:11,852,377,412,79.30,18.50,2.40,2.80
28/2/18-5:8:12,853,368,402,79.20,18.40,2.80,3.60
28/2/18-5:9:13,853,367,403,78.70,18.40,2.30,4.00
28/2/18-5:10:14,853,361,402,78.70,18.40,2.50,3.50
28/2/18-5:11:15,852,367,412,79.00,18.40,2.40,4.50
28/2/18-5:12:16,852,360,403,80.20,18.40,2.20,5.60
28/2/18-5:13:17,853,359,408,78.10,18.40,2.10,5.30
28/2/18-5:14:18,853,347,406,77.60,18.30,1.90,3.80
28/2/18-5:15:19,853,351,396,77.20,18.40,2.60,4.30
28/2/18-5:16:20,853,322,393,77.50,18.30,2.00,3.90
28/2/18-5:17:21,853,329,398,76.40,18.40,2.20,2.80
28/2/18-5:18:22,853,321,395,77.90,18.30,2.00,3.80
28/2/18-5:19:23,853,319,399,77.90,18.40,1.90,2.30
28/2/18-5:20:24,853,309,397,78.00,18.40,1.70,2.90
28/2/18-5:21:25,853,306,394,78.00,18.30,1.90,2.10
28/2/18-5:22:26,852,316,396,80.40,18.30,1.90,3.10
28/2/18-5:23:27,853,310,391,81.10,18.30,2.10,4.30
28/2/18-5:24:28,853,314,391,80.50,18.30,1.80,2.50
28/2/18-5:25:29,853,320,386,80.70,18.30,2.00,2.40
28/2/18-5:26:30,853,330,421,80.50,18.30,2.10,2.40
28/2/18-5:27:31,853,328,389,79.60,18.30,1.60,2.60
28/2/18-5:28:32,853,317,391,78.80,18.30,1.80,2.80
28/2/18-5:29:33,853,325,401,78.70,18.20,1.60,2.20
28/2/18-5:30:34,853,323,387,80.20,18.20,1.90,2.30
28/2/18-5:31:35,853,330,387,79.80,18.20,2.20,3.90
28/2/18-5:32:36,853,330,387,79.00,18.20,1.60,3.80
28/2/18-5:33:37,853,332,388,79.30,18.20,1.70,4.00
28/2/18-5:34:38,853,329,388,79.20,18.10,1.60,1.70
28/2/18-5:35:39,853,333,388,80.60,18.10,1.50,1.70
28/2/18-5:36:40,853,340,391,79.80,18.10,1.60,2.10
28/2/18-5:37:40,852,338,380,80.00,18.10,1.40,1.50
28/2/18-5:38:41,853,332,383,80.70,18.10,1.80,3.80
28/2/18-5:39:42,853,333,385,80.00,18.10,1.70,2.70
28/2/18-5:40:43,853,325,383,80.10,18.00,1.80,5.70
28/2/18-5:41:44,853,320,384,81.00,18.00,1.70,2.00
28/2/18-5:42:45,853,328,389,80.20,18.00,1.60,4.10
28/2/18-5:43:46,853,327,387,80.90,18.00,1.70,2.50
28/2/18-5:44:47,852,330,389,81.60,18.00,1.50,3.30
28/2/18-5:45:48,852,337,382,80.30,18.00,1.70,4.80
28/2/18-5:46:49,852,331,381,81.10,18.00,1.70,2.30
28/2/18-5:47:50,852,327,388,81.20,18.00,1.40,4.30
28/2/18-5:48:51,852,334,393,79.30,18.00,1.40,2.80
28/2/18-5:49:52,852,336,390,79.20,18.00,1.90,4.20
28/2/18-5:50:53,852,333,387,79.40,18.00,1.50,4.50
28/2/18-5:51:54,853,333,389,79.60,18.00,1.60,3.20
28/2/18-5:52:55,852,336,389,80.80,18.00,1.60,2.50
28/2/18-5:53:56,852,335,387,80.00,18.00,2.10,4.50
28/2/18-5:54:57,852,340,388,80.00,18.00,1.60,2.20
28/2/18-5:55:58,852,345,388,80.70,18.00,1.80,3.80
28/2/18-5:56:59,853,351,391,81.00,18.00,1.80,4.00
28/2/18-5:58:0,853,346,386,81.10,18.00,1.70,5.80
28/2/18-5:59:1,853,342,385,82.40,17.90,1.70,2.80
28/2/18-6:0:2,853,339,385,81.80,17.90,1.70,2.20
28/2/18-6:1:3,852,340,388,81.80,17.90,1.60,3.20
28/2/18-6:2:4,852,344,393,81.60,17.90,1.70,4.10
28/2/18-6:3:5,852,338,389,81.30,17.90,1.70,4.00
28/2/18-6:4:6,852,338,388,81.60,17.90,1.70,3.20
28/2/18-6:5:7,852,342,385,81.90,17.90,1.60,3.20
28/2/18-6:6:8,852,346,388,81.90,17.90,1.70,2.70
28/2/18-6:7:9,852,347,391,81.90,17.90,1.60,6.10
28/2/18-6:8:10,853,339,393,81.10,17.90,1.70,4.20
28/2/18-6:9:11,852,334,390,80.30,17.90,1.70,3.20
28/2/18-6:10:12,852,337,393,80.80,17.90,1.70,3.10
28/2/18-6:11:13,852,340,394,80.70,17.90,1.70,3.30
28/2/18-6:12:14,852,337,386,80.80,17.90,1.90,5.10
28/2/18-6:13:15,852,333,387,81.30,17.90,1.90,5.60
28/2/18-6:14:16,853,341,394,83.40,17.90,1.90,2.80
28/2/18-6:15:17,852,344,396,81.80,17.90,1.70,2.40
28/2/18-6:16:18,853,347,392,82.30,17.90,2.10,2.70
28/2/18-6:17:19,853,353,396,82.90,17.90,1.80,2.20
28/2/18-6:18:20,853,357,398,82.70,17.90,1.80,5.10
28/2/18-6:19:21,852,350,397,81.10,17.90,2.70,4.80
28/2/18-6:20:21,853,354,396,82.20,17.90,2.50,4.60
28/2/18-6:21:22,853,351,396,81.60,17.90,2.80,4.90
28/2/18-6:22:23,853,358,398,82.70,17.90,2.80,4.50
28/2/18-6:23:24,852,360,397,82.90,17.90,2.50,5.10
28/2/18-6:24:25,852,365,397,86.90,17.90,2.70,4.50
28/2/18-6:25:26,852,368,403,82.20,17.90,2.50,4.40
28/2/18-6:26:27,853,364,402,80.50,17.90,2.50,2.80
28/2/18-6:27:28,852,373,424,81.60,17.90,3.00,4.60
28/2/18-6:28:29,853,373,420,80.70,18.00,2.40,5.50
28/2/18-6:29:30,853,382,409,81.10,17.90,2.40,4.30
28/2/18-6:30:31,853,376,406,80.00,18.00,3.00,5.80
28/2/18-6:31:32,852,384,422,80.70,18.00,2.90,4.40
28/2/18-6:32:33,853,378,407,79.50,18.00,3.10,5.90
28/2/18-6:33:34,854,389,427,79.80,18.00,3.60,7.80
28/2/18-6:34:35,853,380,401,80.00,18.10,2.50,3.10
28/2/18-6:35:36,853,383,409,80.00,18.10,3.10,6.70
28/2/18-6:36:37,852,380,400,80.40,18.10,2.50,4.20
28/2/18-6:37:38,853,378,400,80.00,18.10,2.80,5.90
28/2/18-6:38:39,853,375,406,79.90,18.10,2.60,3.80
28/2/18-6:39:40,853,377,414,78.20,18.10,2.80,8.90
28/2/18-6:40:41,853,380,415,80.90,18.10,3.30,5.70
28/2/18-6:41:42,852,383,417,79.20,18.10,3.20,5.30
28/2/18-6:42:43,853,383,423,77.70,18.20,2.90,5.10
28/2/18-6:43:44,853,379,411,75.80,18.20,3.30,8.50
28/2/18-6:44:45,853,389,427,77.70,18.20,2.70,4.00
28/2/18-6:45:46,853,384,411,76.70,18.30,2.90,4.10
28/2/18-6:46:47,853,375,407,75.70,18.30,2.70,6.40
28/2/18-6:47:48,852,385,404,78.70,18.30,3.50,9.00
28/2/18-6:48:49,853,387,407,80.30,18.30,3.00,5.00
28/2/18-6:49:50,852,386,413,75.30,18.30,3.60,8.70
28/2/18-6:50:51,853,378,403,74.50,18.30,2.80,5.40
28/2/18-6:51:52,853,370,400,74.20,18.40,2.80,5.20
28/2/18-6:52:53,853,373,406,74.90,18.40,3.60,6.60
28/2/18-6:53:54,853,366,400,74.70,18.30,2.80,5.80
28/2/18-6:54:55,852,362,411,78.10,18.30,2.50,4.30
28/2/18-6:55:56,853,369,406,76.60,18.30,2.80,6.30
28/2/18-6:56:57,853,379,411,77.10,18.20,3.10,6.60
28/2/18-6:57:58,852,368,402,77.30,18.20,2.90,6.00
28/2/18-6:58:59,852,368,402,77.30,18.20,2.90,7.20
28/2/18-7:0:0,853,364,399,80.10,18.20,3.00,5.60
28/2/18-7:1:1,853,368,398,78.30,18.20,2.70,5.30
28/2/18-7:2:2,853,370,402,81.90,18.10,3.30,7.30
28/2/18-7:3:2,853,373,402,78.20,18.20,2.70,8.40
28/2/18-7:4:3,853,364,394,77.90,18.20,2.90,5.70
28/2/18-7:5:4,853,370,412,78.90,18.10,2.40,5.10
28/2/18-7:6:5,853,372,406,77.40,18.10,3.30,6.10
28/2/18-7:7:6,853,370,397,80.30,18.10,3.20,8.20
28/2/18-7:8:7,854,377,409,79.90,18.10,2.80,7.80
28/2/18-7:9:8,853,369,399,80.40,18.10,3.10,7.60
28/2/18-7:10:9,853,374,400,76.30,18.10,2.90,7.20
28/2/18-7:11:10,853,377,402,77.30,18.10,2.50,8.40
28/2/18-7:12:11,853,373,397,78.20,18.10,3.10,6.90
28/2/18-7:13:12,853,370,395,80.60,18.20,2.40,7.30
28/2/18-7:14:13,853,375,411,78.00,18.20,2.80,8.40
28/2/18-7:15:14,853,365,394,79.50,18.20,2.70,7.60
28/2/18-7:16:15,853,369,400,80.30,18.10,2.50,4.40
28/2/18-7:17:16,853,367,400,81.20,18.10,2.40,7.80
28/2/18-7:18:17,853,367,402,79.10,18.20,2.60,5.60
28/2/18-7:19:18,853,362,394,84.20,18.10,2.80,7.00
28/2/18-7:20:19,853,366,398,78.80,18.10,2.30,6.40
28/2/18-7:21:20,853,367,401,78.50,18.10,2.50,5.10
28/2/18-7:22:21,853,367,407,81.20,18.10,2.60,5.90
28/2/18-7:23:22,853,354,405,78.50,18.10,3.00,6.20
28/2/18-7:24:23,853,367,406,77.30,18.10,2.60,5.40
28/2/18-7:25:24,853,360,401,79.80,18.10,2.70,4.80
28/2/18-7:26:25,853,357,403,78.10,18.10,3.50,11.60
28/2/18-7:27:26,853,364,403,78.60,18.10,2.40,9.30
28/2/18-7:28:27,853,355,393,79.00,18.10,2.70,5.80
28/2/18-7:29:28,853,359,399,78.40,18.10,2.50,4.30
28/2/18-7:30:29,853,360,395,78.80,18.10,3.80,6.30
28/2/18-7:31:30,853,359,402,80.30,18.10,2.60,7.60
28/2/18-7:32:31,853,357,397,81.40,18.10,2.70,6.50
28/2/18-7:33:32,853,368,408,81.30,18.10,2.80,6.60
28/2/18-7:34:33,854,358,408,81.60,18.10,2.70,6.00
28/2/18-7:35:34,853,371,427,81.00,18.10,2.90,5.20
28/2/18-7:36:35,853,364,415,80.50,18.00,3.00,5.70
28/2/18-7:37:36,853,357,410,82.90,18.00,2.60,7.90
28/2/18-7:38:37,853,349,405,79.20,18.10,2.60,7.40
28/2/18-7:39:38,853,355,412,78.70,18.00,2.90,6.30
28/2/18-7:40:39,853,360,410,80.00,18.00,3.00,3.80
28/2/18-7:41:40,853,347,401,86.10,18.00,2.60,5.00
28/2/18-7:42:41,853,348,401,81.20,18.00,2.80,5.50
28/2/18-7:43:42,852,348,400,82.60,18.00,2.90,5.30
28/2/18-7:44:43,854,342,401,79.30,18.00,3.20,5.80
28/2/18-7:45:43,853,345,397,80.70,18.00,2.70,7.60
28/2/18-7:46:44,853,345,398,81.30,18.00,2.90,7.00
28/2/18-7:47:45,854,345,400,80.40,17.90,2.50,7.00
28/2/18-7:48:46,853,345,399,79.60,17.90,2.70,6.10
28/2/18-7:49:47,853,350,400,80.20,17.90,2.50,4.90
28/2/18-7:50:48,853,353,399,80.50,18.00,2.60,8.00
28/2/18-7:51:49,853,349,396,78.50,18.00,2.40,5.60
28/2/18-7:52:50,853,361,414,81.00,18.00,2.50,6.70
28/2/18-7:53:51,853,359,399,80.10,18.00,2.70,7.30
28/2/18-7:54:52,853,359,400,80.10,18.00,2.80,5.10
28/2/18-7:55:53,853,352,398,81.10,18.00,2.60,8.20
28/2/18-7:56:54,853,359,402,83.80,18.00,2.50,7.50
28/2/18-7:57:55,853,361,404,82.20,18.00,2.60,5.20
28/2/18-7:58:56,853,363,408,81.50,17.90,2.40,5.00
28/2/18-7:59:57,853,363,398,86.40,17.90,2.90,8.90
28/2/18-8:0:58,853,376,406,81.20,17.90,3.00,7.00
28/2/18-8:1:59,853,359,398,80.00,17.90,4.80,13.20
28/2/18-8:3:0,852,353,398,79.50,17.90,3.30,6.90
28/2/18-8:4:1,852,361,402,78.90,17.90,3.70,10.60
28/2/18-8:5:2,852,368,409,81.50,17.90,3.60,10.00
28/2/18-8:6:3,853,362,394,81.10,17.90,3.80,9.30
28/2/18-8:7:4,853,364,403,82.00,17.90,3.30,8.00
28/2/18-8:8:5,853,369,407,81.80,17.90,4.50,14.40
28/2/18-8:9:6,853,369,401,79.00,17.90,5.00,13.20
28/2/18-8:10:7,853,364,398,79.60,17.90,3.90,8.90
28/2/18-8:11:8,853,363,398,82.50,18.00,3.80,7.30
28/2/18-8:12:9,853,359,394,81.90,18.00,3.70,8.20
28/2/18-8:13:10,853,367,400,81.60,17.90,3.80,9.60
28/2/18-8:14:11,853,362,396,81.80,18.00,4.50,9.20
28/2/18-8:15:12,853,378,415,82.30,18.00,4.20,10.10
28/2/18-8:16:13,853,369,399,81.90,17.90,4.70,22.00
28/2/18-8:17:14,853,372,403,83.80,17.90,4.20,15.80
28/2/18-8:18:15,853,369,402,79.50,17.90,4.40,8.80
28/2/18-8:19:16,853,365,401,82.10,18.00,4.90,12.70
28/2/18-8:20:17,854,361,402,80.60,18.00,4.60,15.10
28/2/18-8:21:18,853,362,399,80.10,18.00,4.50,15.20
28/2/18-8:22:19,853,363,402,84.90,18.00,3.80,9.80
28/2/18-8:23:20,853,370,410,80.40,18.00,4.40,8.00
28/2/18-8:24:21,853,371,408,85.30,18.00,5.00,12.80
28/2/18-8:25:22,853,363,406,80.10,18.00,4.10,10.20
28/2/18-8:26:23,853,355,400,79.30,18.00,4.00,10.20
28/2/18-8:27:24,853,357,410,78.80,18.10,4.60,18.30
28/2/18-8:28:24,853,369,422,78.00,18.10,7.40,17.40
28/2/18-8:29:25,852,368,406,81.40,18.10,6.50,12.40
28/2/18-8:30:26,853,368,416,84.30,18.10,8.00,14.10
28/2/18-8:31:27,853,374,419,79.90,18.10,9.00,18.80
28/2/18-8:32:28,853,368,419,79.40,18.10,9.10,17.50
28/2/18-8:33:29,853,381,427,82.30,18.20,9.50,15.90
28/2/18-8:34:30,853,376,422,77.10,18.20,8.70,22.80
28/2/18-8:35:31,853,380,415,76.60,18.20,7.10,14.70
28/2/18-8:36:32,852,374,409,78.20,18.20,8.60,22.90
28/2/18-8:37:33,853,374,408,82.60,18.20,7.40,10.80
28/2/18-8:38:34,853,376,407,82.60,18.30,7.00,10.00
28/2/18-8:39:35,853,367,408,81.10,18.30,6.10,11.40
28/2/18-8:40:36,853,381,413,78.90,18.30,7.10,10.30
28/2/18-8:41:37,853,380,412,79.40,18.30,7.30,16.20
28/2/18-8:42:38,853,370,407,79.60,18.40,6.80,12.30
28/2/18-8:43:39,853,373,413,78.90,18.30,6.30,11.30
28/2/18-8:44:40,853,393,439,78.00,18.40,6.10,14.20
28/2/18-8:45:41,853,378,416,77.60,18.40,5.70,12.40
28/2/18-8:46:42,852,390,433,76.90,18.40,5.50,9.10
28/2/18-8:47:43,853,380,416,76.60,18.40,5.70,10.50
28/2/18-8:48:44,853,414,506,76.20,18.40,4.80,11.10
28/2/18-8:49:45,853,413,460,76.40,18.40,4.60,8.00
28/2/18-8:50:46,852,395,428,76.70,18.50,4.90,9.10
28/2/18-8:51:47,853,391,418,77.10,18.50,4.90,9.50
28/2/18-8:52:48,854,386,442,75.40,18.50,5.00,12.30
28/2/18-8:53:49,853,390,430,74.10,18.50,6.10,16.80
28/2/18-8:54:50,853,396,451,75.90,18.50,6.40,13.70
28/2/18-8:55:51,853,389,423,75.60,18.60,6.80,14.70
28/2/18-8:56:52,853,390,427,75.20,18.60,7.60,19.40
28/2/18-8:57:53,853,401,449,76.50,18.60,7.00,14.50
28/2/18-8:58:54,853,393,430,75.40,18.60,5.80,12.50
28/2/18-8:59:55,853,384,413,75.80,18.70,7.20,11.70
28/2/18-9:0:56,853,390,421,77.10,18.60,6.90,11.90
28/2/18-9:1:57,853,379,406,77.00,18.70,6.90,13.50
28/2/18-9:2:58,853,381,419,75.80,18.60,6.70,12.10
28/2/18-9:3:59,853,381,429,75.20,18.70,8.00,14.10
28/2/18-9:5:0,853,392,425,75.10,18.70,6.40,12.30
28/2/18-9:6:1,853,396,431,74.90,18.70,7.40,13.40
28/2/18-9:7:2,853,401,443,74.20,18.80,6.10,11.00
28/2/18-9:8:3,853,388,416,73.80,18.80,6.20,11.20
28/2/18-9:9:4,853,387,423,73.40,18.80,6.80,14.80
28/2/18-9:10:5,853,388,435,73.10,18.80,5.90,10.50
28/2/18-9:11:6,852,386,419,73.30,18.90,5.50,10.50
28/2/18-9:12:6,853,373,416,77.50,18.80,6.30,12.90
28/2/18-9:13:7,853,369,408,76.10,18.90,4.70,6.80
28/2/18-9:14:8,853,363,403,76.20,18.90,4.70,6.30
28/2/18-9:15:9,853,369,422,70.70,19.00,3.80,5.60
28/2/18-9:16:10,853,375,429,70.70,19.00,3.20,5.20
28/2/18-9:17:11,853,373,430,70.50,19.00,3.20,6.40
28/2/18-9:18:12,853,377,432,70.50,19.00,3.10,7.10
28/2/18-9:19:13,853,378,414,71.10,19.00,2.60,4.80
28/2/18-9:20:14,853,371,429,74.10,19.00,3.50,5.70
28/2/18-9:21:15,853,376,458,71.40,19.10,3.10,5.90
28/2/18-9:22:16,852,374,421,71.90,19.20,3.10,4.90
28/2/18-9:23:17,853,378,433,70.80,19.20,3.30,7.00
28/2/18-9:24:18,852,365,426,78.30,19.20,2.90,5.40
28/2/18-9:25:19,853,365,435,75.40,19.20,3.10,7.90
28/2/18-9:26:20,853,369,427,70.20,19.30,3.20,7.80
28/2/18-9:27:21,853,375,429,71.00,19.30,3.40,14.00
28/2/18-9:28:22,853,367,425,75.90,19.30,3.10,4.70
28/2/18-9:29:23,853,359,421,74.90,19.30,4.10,8.10
28/2/18-9:30:24,853,368,423,74.70,19.30,2.70,5.10
28/2/18-9:31:25,853,362,420,74.00,19.40,3.20,6.80
28/2/18-9:32:26,853,360,416,71.80,19.40,2.70,6.10
28/2/18-9:33:27,853,369,427,74.20,19.40,3.10,5.90
28/2/18-9:34:28,853,365,409,70.60,19.50,3.80,8.20
28/2/18-9:35:29,852,367,414,72.20,19.50,3.60,8.40
28/2/18-9:36:30,853,374,424,69.10,19.50,4.10,7.10
28/2/18-9:37:31,853,393,460,70.50,19.60,4.10,8.30
28/2/18-9:38:32,853,396,443,76.60,19.60,4.60,8.20
28/2/18-9:39:33,853,388,440,76.20,19.70,5.00,9.20
28/2/18-9:40:34,852,375,412,74.10,19.60,7.80,11.40
28/2/18-9:41:35,853,376,448,73.90,19.70,9.30,20.60
28/2/18-9:42:36,853,386,440,75.30,19.80,8.30,13.50
28/2/18-9:43:37,853,380,447,70.70,19.80,8.90,15.30
28/2/18-9:44:38,852,376,413,68.90,19.80,8.70,14.10
28/2/18-9:45:39,853,379,448,68.00,19.80,9.90,21.60
28/2/18-9:46:40,853,395,485,69.30,19.90,9.70,12.50
28/2/18-9:47:41,853,393,442,69.90,19.90,9.10,13.80
28/2/18-9:48:42,853,391,441,68.40,19.90,9.40,13.50
28/2/18-9:49:43,852,407,456,68.80,20.00,9.50,16.90
28/2/18-9:50:44,853,401,457,69.40,20.00,10.20,17.60
28/2/18-9:51:45,853,409,533,74.30,20.00,8.30,11.50
28/2/18-9:52:46,853,393,419,75.70,20.00,8.90,14.10
28/2/18-9:53:47,853,400,474,73.50,20.10,8.20,14.70
28/2/18-9:54:48,852,394,448,69.50,20.10,8.80,13.70
28/2/18-9:55:48,853,404,482,70.30,20.10,8.50,14.90
28/2/18-9:56:49,852,407,448,74.30,20.20,8.70,12.20
28/2/18-9:57:50,853,405,467,70.20,20.20,9.20,14.30
28/2/18-9:58:51,853,414,516,70.40,20.20,8.40,12.60
28/2/18-9:59:52,853,416,475,71.70,20.20,8.50,13.20
28/2/18-10:0:53,853,423,505,71.00,20.20,8.10,10.40
28/2/18-10:1:54,853,407,431,71.30,20.30,8.30,10.20
28/2/18-10:2:55,853,405,437,71.90,20.30,8.20,14.00
28/2/18-10:3:56,853,405,430,71.80,20.30,8.50,17.90
28/2/18-10:4:57,853,396,429,70.90,20.30,8.90,14.00
28/2/18-10:5:58,853,410,508,73.60,20.40,7.80,12.10
28/2/18-10:6:59,852,417,502,69.70,20.40,8.00,16.50
28/2/18-10:8:0,853,423,500,70.90,20.40,7.90,10.70
28/2/18-10:9:1,852,417,467,71.80,20.40,8.20,11.70
28/2/18-10:10:2,853,399,453,73.60,20.40,7.30,12.00
28/2/18-10:11:3,853,401,498,69.10,20.50,7.30,13.20
28/2/18-10:12:4,852,399,472,67.80,20.50,7.20,12.30
28/2/18-10:13:5,853,391,460,69.00,20.50,7.70,15.10
28/2/18-10:14:6,852,400,472,73.90,20.50,7.20,13.50
28/2/18-10:15:7,852,415,510,66.60,20.60,8.00,16.00
28/2/18-10:16:8,852,452,626,72.20,20.60,7.90,12.00
28/2/18-10:17:9,852,449,537,68.40,20.60,7.60,14.20
28/2/18-10:18:10,853,430,490,73.50,20.70,7.00,11.70
28/2/18-10:19:11,852,424,490,74.40,20.70,6.50,9.90
28/2/18-10:20:12,853,412,459,75.10,20.70,7.00,10.60
28/2/18-10:21:13,852,413,486,73.80,20.70,6.90,12.50
28/2/18-10:22:14,852,430,507,73.70,20.80,6.50,10.10
28/2/18-10:23:15,852,430,511,73.70,20.80,7.00,12.60
28/2/18-10:24:16,852,436,543,73.70,20.80,7.10,12.20
28/2/18-10:25:17,853,421,505,72.10,20.80,7.50,12.70
28/2/18-10:26:18,853,408,457,69.90,20.80,7.20,13.60
28/2/18-10:27:19,852,397,455,70.60,20.90,7.30,12.70
28/2/18-10:28:20,852,394,503,70.40,20.90,7.30,16.10
28/2/18-10:29:21,852,391,459,70.60,20.90,7.70,13.70
28/2/18-10:30:22,852,392,466,70.70,21.00,6.80,14.80
28/2/18-10:31:23,852,398,466,70.10,21.00,6.50,14.20
28/2/18-10:32:24,852,412,539,68.50,21.00,6.90,13.00
28/2/18-10:33:25,852,397,460,63.50,21.00,6.30,12.50
28/2/18-10:34:26,853,383,454,64.20,21.10,8.00,16.00
28/2/18-10:35:27,852,369,465,62.80,21.10,5.80,12.20
28/2/18-10:36:28,854,387,483,62.60,21.10,6.30,15.70
28/2/18-10:37:29,853,377,439,62.80,21.10,6.50,10.30
28/2/18-10:38:30,852,364,427,63.30,21.10,6.00,11.10
28/2/18-10:39:31,853,340,416,64.70,21.10,5.70,10.70
28/2/18-10:40:32,852,364,481,65.10,21.10,5.50,13.50
28/2/18-10:41:32,853,363,433,61.80,21.10,6.10,12.80
28/2/18-10:42:33,853,350,423,60.60,21.20,6.10,14.20
28/2/18-10:43:34,852,334,414,63.00,21.10,6.10,13.20
28/2/18-10:44:35,852,360,487,60.30,21.20,5.90,11.80
28/2/18-10:45:36,853,381,478,60.60,21.20,6.00,11.70
28/2/18-10:46:37,852,364,436,64.50,21.20,6.00,14.50
28/2/18-10:47:38,853,368,454,64.50,21.30,5.70,12.10
28/2/18-10:48:39,852,362,441,64.00,21.30,5.40,12.70
28/2/18-10:49:40,852,356,441,63.80,21.30,5.60,11.70
28/2/18-10:50:41,852,366,453,60.30,21.30,5.50,10.00
28/2/18-10:51:42,852,386,479,59.70,21.30,5.80,12.90
28/2/18-10:52:43,853,377,437,59.90,21.40,6.50,13.00
28/2/18-10:53:44,852,375,466,59.30,21.30,6.20,13.20
28/2/18-10:54:45,853,366,442,60.10,21.40,6.10,11.90
28/2/18-10:55:46,852,397,564,59.80,21.40,5.70,12.80
28/2/18-10:56:47,852,387,471,60.00,21.50,6.30,12.20
28/2/18-10:57:48,853,366,424,59.30,21.50,5.60,12.90
28/2/18-10:58:49,852,422,611,59.60,21.50,4.90,12.00
28/2/18-10:59:50,852,415,529,62.70,21.50,5.20,9.90
28/2/18-11:0:51,852,390,448,59.70,21.50,5.50,12.70
28/2/18-11:1:52,852,367,431,59.40,21.50,5.20,12.90
28/2/18-11:2:53,852,366,487,64.00,21.50,4.90,11.30
28/2/18-11:3:54,852,371,436,63.50,21.50,5.10,9.40
28/2/18-11:4:55,853,369,502,63.60,21.50,6.80,13.40
28/2/18-11:5:56,852,362,421,59.30,21.50,5.00,11.70
28/2/18-11:6:57,852,357,425,59.60,21.60,4.60,10.70
28/2/18-11:7:58,852,358,464,60.80,21.60,4.70,9.40
28/2/18-11:8:59,852,352,420,59.80,21.60,5.10,13.60
28/2/18-11:10:0,853,346,428,58.20,21.70,4.70,8.30
28/2/18-11:11:1,852,352,427,59.50,21.60,5.10,12.00
28/2/18-11:12:2,853,366,481,59.50,21.60,5.10,11.50
28/2/18-11:13:3,852,371,457,60.60,21.70,5.10,13.20
28/2/18-11:14:4,852,374,457,58.50,21.70,4.80,12.80
28/2/18-11:15:5,853,367,471,59.50,21.70,5.10,9.40
28/2/18-11:16:6,853,365,443,59.70,21.70,4.80,9.90
28/2/18-11:17:7,852,369,440,60.00,21.80,6.00,14.10
28/2/18-11:18:8,852,344,428,60.40,21.80,5.80,14.80
28/2/18-11:19:9,852,359,439,62.70,21.80,5.80,12.30
28/2/18-11:20:10,852,349,441,58.30,21.80,5.80,12.90
28/2/18-11:21:11,852,339,433,58.60,21.90,6.20,16.40
28/2/18-11:22:12,852,334,438,62.10,21.80,6.60,14.20
28/2/18-11:23:13,852,342,450,60.70,21.80,6.10,10.60
28/2/18-11:24:14,853,325,428,62.60,21.80,6.30,13.30
28/2/18-11:25:15,852,337,450,59.10,21.80,5.80,14.20
28/2/18-11:26:16,852,351,482,61.80,21.80,5.70,14.00
28/2/18-11:27:17,852,365,464,60.00,21.80,6.20,17.90
28/2/18-11:28:18,852,364,465,59.90,21.80,5.50,13.40
28/2/18-11:29:18,852,384,517,59.90,21.80,6.10,20.10
28/2/18-11:30:19,852,379,460,63.50,21.80,5.40,13.90
28/2/18-11:31:20,852,391,482,62.60,21.90,5.80,13.70
28/2/18-11:32:21,852,355,433,61.50,21.90,6.20,12.10
28/2/18-11:33:22,852,374,471,61.80,21.90,5.70,13.60
28/2/18-11:34:23,852,365,452,62.50,21.90,6.60,13.10
28/2/18-11:35:24,852,348,424,64.40,21.90,6.60,14.20
28/2/18-11:36:25,852,337,434,64.20,21.90,6.70,13.90
28/2/18-11:37:26,852,347,436,61.40,21.90,5.90,11.60
28/2/18-11:38:27,852,334,422,61.30,21.90,6.10,12.00
28/2/18-11:39:28,852,339,497,61.00,21.90,6.40,11.30
28/2/18-11:40:29,852,362,484,61.30,21.90,6.50,12.20
28/2/18-11:41:30,852,350,430,63.50,22.00,6.10,11.80
28/2/18-11:42:31,853,335,423,64.00,22.00,5.20,10.60
28/2/18-11:43:32,852,335,472,63.90,22.00,6.20,13.40
28/2/18-11:44:33,852,366,474,63.80,22.00,5.60,12.20
28/2/18-11:45:34,852,356,430,64.00,22.00,6.80,12.50
28/2/18-11:46:35,852,354,445,63.80,22.00,6.30,16.90
28/2/18-11:47:36,852,358,447,64.00,22.00,6.00,12.10
28/2/18-11:48:37,852,361,463,63.70,22.10,6.20,14.80
28/2/18-11:49:38,853,377,514,63.30,22.00,6.30,13.60
28/2/18-11:50:39,852,407,486,64.30,22.10,6.10,12.20
28/2/18-11:51:40,852,396,453,64.60,22.20,5.90,11.60
28/2/18-11:52:41,852,400,492,64.60,22.20,6.30,12.00
28/2/18-11:53:42,853,394,467,63.70,22.20,5.40,12.30
28/2/18-11:54:43,852,361,427,61.10,22.30,5.70,13.90
28/2/18-11:55:44,852,352,438,61.30,22.20,5.60,8.90
28/2/18-11:56:45,852,351,436,60.50,22.20,6.00,12.40
28/2/18-11:57:46,852,368,477,64.50,22.30,5.70,12.00
28/2/18-11:58:47,852,401,508,63.60,22.40,5.60,14.10
28/2/18-11:59:48,852,408,513,64.40,22.30,5.90,14.70
28/2/18-12:0:49,852,397,474,62.90,22.40,6.40,12.30
28/2/18-12:1:50,852,379,464,60.60,22.40,5.50,10.50
28/2/18-12:2:51,852,361,437,63.90,22.50,6.30,12.10
28/2/18-12:3:52,852,342,444,59.60,22.40,5.90,12.70
28/2/18-12:4:53,852,334,448,59.60,22.40,5.70,10.40
28/2/18-12:5:54,852,350,493,60.50,22.40,5.00,9.40
28/2/18-12:6:55,852,368,442,58.20,22.40,5.20,11.10
28/2/18-12:7:56,852,347,440,58.70,22.40,4.50,9.80
28/2/18-12:8:57,852,339,425,58.50,22.40,4.60,8.80
28/2/18-12:9:58,852,306,416,58.50,22.50,5.00,12.00
28/2/18-12:10:59,852,306,420,59.90,22.50,4.90,7.50
28/2/18-12:12:0,852,321,434,59.80,22.50,4.10,7.90
28/2/18-12:13:1,853,296,433,56.70,22.50,5.10,12.10
28/2/18-12:14:2,852,279,412,54.70,22.50,4.70,10.20
28/2/18-12:15:3,852,277,417,58.30,22.50,4.40,9.70
28/2/18-12:16:4,852,303,494,57.20,22.50,4.00,9.50
28/2/18-12:17:4,852,324,457,57.00,22.50,4.50,11.10
28/2/18-12:18:5,852,305,435,57.40,22.50,4.90,12.80
28/2/18-12:19:6,852,291,421,56.40,22.50,4.50,9.90
28/2/18-12:20:7,852,292,434,56.00,22.50,4.20,8.50
28/2/18-12:21:8,852,315,430,56.40,22.60,5.00,7.60
28/2/18-12:22:9,852,363,506,56.60,22.60,4.00,9.30
28/2/18-12:23:10,852,363,450,56.70,22.70,4.80,13.70
28/2/18-12:24:11,852,354,443,59.80,22.70,4.40,7.90
28/2/18-12:25:12,852,350,427,60.90,22.80,4.60,9.40
28/2/18-12:26:13,852,312,452,59.30,22.80,3.90,8.20
28/2/18-12:27:14,852,310,415,56.40,22.70,4.10,6.40
28/2/18-12:28:15,852,270,409,58.80,22.70,3.80,8.30
28/2/18-12:29:16,852,315,447,56.40,22.70,3.80,9.10
28/2/18-12:30:17,852,325,440,56.60,22.80,3.90,8.90
28/2/18-12:31:18,852,318,435,56.50,22.80,4.30,15.60
28/2/18-12:32:19,852,338,482,56.00,22.80,3.80,6.60
28/2/18-12:33:20,852,339,461,56.70,22.90,4.40,8.90
28/2/18-12:34:21,852,301,422,55.40,22.90,4.00,11.40
28/2/18-12:35:22,852,329,483,55.20,22.90,4.20,6.50
28/2/18-12:36:23,852,378,476,55.40,23.00,4.40,9.00
28/2/18-12:37:24,852,321,410,56.30,23.00,4.40,7.50
28/2/18-12:38:25,852,300,430,55.80,22.90,5.00,7.60
28/2/18-12:39:26,852,268,405,55.10,22.90,4.40,7.10
28/2/18-12:40:27,852,261,411,55.50,22.90,4.60,7.50
28/2/18-12:41:28,852,228,395,55.30,22.90,4.10,5.70
28/2/18-12:42:29,852,242,415,53.60,22.90,4.80,6.80
28/2/18-12:43:30,852,344,570,54.80,22.90,5.20,10.20
28/2/18-12:44:31,852,340,422,55.80,23.00,5.40,9.50
28/2/18-12:45:32,852,280,411,56.10,23.00,5.20,6.20
28/2/18-12:46:33,852,353,596,58.50,23.00,5.50,10.20
28/2/18-12:47:34,852,397,541,56.20,23.00,4.60,6.10
28/2/18-12:48:35,852,313,399,56.80,23.10,4.00,6.90
28/2/18-12:49:36,852,260,403,55.50,23.10,3.80,6.80
28/2/18-12:50:37,852,230,402,55.00,23.10,3.70,6.50
28/2/18-12:51:38,852,238,410,56.10,23.10,4.20,7.30
28/2/18-12:52:39,852,224,445,54.60,23.10,4.00,7.60
28/2/18-12:53:40,852,223,396,54.20,23.10,3.40,10.10
28/2/18-12:54:41,852,249,426,55.50,23.10,3.10,7.60
28/2/18-12:55:42,851,256,407,55.00,23.20,2.80,5.10
28/2/18-12:56:43,852,216,398,57.30,23.20,2.40,7.30
28/2/18-12:57:44,852,201,397,54.00,23.20,2.80,5.90
28/2/18-12:58:45,851,229,426,57.00,23.20,2.50,3.20
28/2/18-12:59:46,852,235,416,55.50,23.20,2.70,6.00
28/2/18-13:0:47,852,269,503,55.80,23.20,3.00,5.80
28/2/18-13:1:48,852,267,441,57.50,23.30,2.80,7.40
28/2/18-13:2:49,852,257,421,55.40,23.30,2.70,6.90
28/2/18-13:3:50,852,254,395,54.30,23.30,2.70,5.00
28/2/18-13:4:51,852,253,499,55.60,23.30,2.40,7.00
28/2/18-13:5:52,852,279,402,58.40,23.40,2.70,6.80
28/2/18-13:6:52,851,250,411,59.20,23.40,2.90,5.90
28/2/18-13:7:53,852,225,396,58.40,23.40,2.70,5.80
28/2/18-13:8:54,852,194,395,56.00,23.50,2.60,6.90
28/2/18-13:9:55,852,202,456,56.30,23.50,2.50,8.60
28/2/18-13:10:56,852,269,418,57.90,23.50,2.30,4.90
28/2/18-13:11:57,852,200,383,55.60,23.60,2.90,12.80
28/2/18-13:12:58,851,211,435,53.20,23.50,2.10,4.10
28/2/18-13:13:59,852,250,473,54.00,23.50,2.00,5.40
28/2/18-13:15:0,852,263,421,55.30,23.50,2.10,3.60
28/2/18-13:16:1,852,222,396,55.80,23.60,2.50,4.50
28/2/18-13:17:2,852,249,404,54.30,23.60,2.50,4.50
28/2/18-13:18:3,851,227,414,55.10,23.60,2.30,5.50
28/2/18-13:19:4,851,231,436,55.10,23.60,2.40,5.50
28/2/18-13:20:5,852,254,510,56.10,23.70,2.30,9.60
28/2/18-13:21:6,852,254,395,55.80,23.70,2.40,4.30
28/2/18-13:22:7,852,219,417,56.20,23.70,2.50,8.80
28/2/18-13:23:8,851,213,406,56.60,23.70,2.90,8.40
28/2/18-13:24:9,852,269,456,55.50,23.70,2.30,5.50
28/2/18-13:25:10,852,281,443,55.70,23.70,2.20,7.50
28/2/18-13:26:11,852,276,427,58.30,23.70,2.30,4.70
28/2/18-13:27:12,852,249,390,55.60,23.80,2.70,5.30
28/2/18-13:28:13,851,208,388,56.30,23.80,2.50,5.90
28/2/18-13:29:14,852,257,441,56.30,23.70,2.30,5.80
28/2/18-13:30:15,851,319,539,57.00,23.80,2.40,4.60
28/2/18-13:31:16,852,282,415,55.60,23.80,2.20,3.70
28/2/18-13:32:17,852,253,419,54.70,23.70,3.10,8.30
28/2/18-13:33:18,852,249,407,57.20,23.80,2.60,8.10
28/2/18-13:34:19,851,250,409,58.50,23.80,3.00,4.80
28/2/18-13:35:20,852,271,421,57.90,23.80,2.90,4.50
28/2/18-13:36:21,852,307,472,57.40,23.90,2.30,4.10
28/2/18-13:37:22,852,286,411,55.10,23.90,2.20,4.70
28/2/18-13:38:23,852,215,401,55.80,23.90,2.80,9.80
28/2/18-13:39:24,851,236,408,56.60,23.90,2.30,3.50
28/2/18-13:40:25,852,322,551,58.10,23.90,2.80,6.30
28/2/18-13:41:26,851,232,393,58.00,24.00,3.00,8.20
28/2/18-13:42:27,851,249,426,55.40,24.00,2.80,5.30
28/2/18-13:43:28,852,208,398,57.10,24.00,2.80,7.20
28/2/18-13:44:29,852,180,402,54.70,24.00,2.80,5.40
28/2/18-13:45:30,852,306,461,53.10,24.00,2.70,3.60
28/2/18-13:46:31,852,259,416,54.90,24.00,2.40,6.60
28/2/18-13:47:32,852,224,440,54.20,24.00,2.70,5.80
28/2/18-13:48:33,852,227,393,54.30,24.10,2.70,5.30
28/2/18-13:49:34,852,228,435,54.50,24.10,2.70,5.80
28/2/18-13:50:35,852,299,483,55.00,24.10,2.80,4.70
28/2/18-13:51:36,851,273,402,55.50,24.10,2.60,5.10
28/2/18-13:52:37,852,192,388,54.60,24.20,2.90,6.70
28/2/18-13:53:38,852,156,379,54.00,24.20,2.90,5.20
28/2/18-13:54:39,852,147,382,53.60,24.10,2.90,5.10
28/2/18-13:55:40,852,186,424,54.40,24.10,2.90,9.40
28/2/18-13:56:41,853,235,439,54.50,24.10,3.50,11.40
28/2/18-13:57:41,852,301,462,53.50,24.20,2.50,6.70
28/2/18-13:58:42,852,307,449,52.90,24.20,2.20,6.40
28/2/18-13:59:43,852,333,448,55.30,24.20,2.30,3.70
28/2/18-14:0:44,851,312,429,55.80,24.30,2.10,3.80
28/2/18-14:1:45,852,298,421,54.90,24.30,2.10,4.40
28/2/18-14:2:46,851,246,399,55.00,24.30,1.90,5.10
28/2/18-14:3:47,852,236,447,54.10,24.30,2.20,7.30
28/2/18-14:4:48,852,258,405,55.00,24.30,2.40,7.60
28/2/18-14:5:49,852,204,442,53.30,24.30,1.80,4.90
28/2/18-14:6:50,851,204,389,51.10,24.30,1.70,2.30
28/2/18-14:7:51,852,154,390,50.70,24.20,1.80,3.80
28/2/18-14:8:52,852,206,410,52.30,24.20,1.80,2.60
28/2/18-14:9:53,852,217,406,55.80,24.20,1.40,3.40
28/2/18-14:10:54,852,299,457,57.40,24.20,1.80,6.10
28/2/18-14:11:55,852,243,440,57.40,24.20,1.80,6.50
28/2/18-14:12:56,851,190,384,54.10,24.20,1.90,3.10
28/2/18-14:13:57,852,221,419,53.70,24.20,1.30,1.80
28/2/18-14:14:58,852,206,397,56.40,24.20,1.80,3.10
28/2/18-14:15:59,852,237,422,53.70,24.20,2.00,3.60
28/2/18-14:17:0,852,210,449,52.60,24.30,1.70,3.90
28/2/18-14:18:1,852,295,445,53.10,24.20,1.80,2.40
28/2/18-14:19:2,852,358,481,54.30,24.30,1.80,4.30
28/2/18-14:20:3,851,332,438,53.90,24.30,1.60,2.90
28/2/18-14:21:4,852,279,407,55.20,24.40,2.10,3.00
28/2/18-14:22:5,852,254,461,55.80,24.40,2.10,6.30
28/2/18-14:23:6,852,226,416,54.60,24.40,2.20,3.10
28/2/18-14:24:7,852,229,441,52.60,24.40,1.70,3.90
28/2/18-14:25:8,852,206,395,52.10,24.40,1.50,3.00
28/2/18-14:26:9,852,203,398,52.40,24.40,1.50,4.60
28/2/18-14:27:10,852,234,448,53.00,24.50,1.60,2.60
28/2/18-14:28:11,852,247,409,52.80,24.50,1.70,2.70
28/2/18-14:29:12,852,204,393,51.50,24.50,1.90,2.80
28/2/18-14:30:13,852,267,439,52.60,24.50,1.60,2.80
28/2/18-14:31:14,852,242,420,53.20,24.60,1.90,3.80
28/2/18-14:32:15,851,253,435,51.80,24.60,1.60,2.20
28/2/18-14:33:16,852,313,433,51.90,24.60,1.70,2.80
28/2/18-14:34:17,852,268,411,52.10,24.60,1.90,4.70
28/2/18-14:35:18,852,250,442,51.80,24.60,1.80,2.90
28/2/18-14:36:19,851,236,424,51.80,24.70,1.50,2.60
28/2/18-14:37:20,852,241,476,49.10,24.70,1.60,3.00
28/2/18-14:38:21,852,266,512,48.80,24.70,1.50,4.30
28/2/18-14:39:22,852,276,509,48.50,24.70,1.70,6.80
28/2/18-14:40:23,852,300,447,48.60,24.80,1.80,5.60
28/2/18-14:41:24,852,328,531,50.90,24.80,1.50,2.70
28/2/18-14:42:25,851,286,405,51.40,24.80,1.60,2.10
28/2/18-14:43:26,852,208,407,50.90,24.90,1.70,4.10
28/2/18-14:44:27,851,230,420,49.40,24.80,1.30,2.20
28/2/18-14:45:28,852,230,430,50.50,24.90,1.00,2.30
28/2/18-14:46:29,852,203,402,50.40,24.80,1.10,3.00
28/2/18-14:47:30,852,269,535,50.30,24.80,1.10,1.50
28/2/18-14:48:31,851,248,393,50.20,24.90,1.30,1.40
28/2/18-14:49:31,851,219,411,49.00,24.90,1.30,5.50
28/2/18-14:50:32,852,216,422,49.80,24.90,1.20,2.90
28/2/18-14:51:33,851,162,384,49.50,24.80,1.40,1.80
28/2/18-14:52:34,852,185,427,48.50,24.80,1.00,1.50
28/2/18-14:53:35,851,209,414,52.70,24.80,1.30,2.70
28/2/18-14:54:36,851,238,485,49.70,24.80,1.80,3.30
28/2/18-14:55:37,852,238,443,49.70,24.80,1.40,2.40
28/2/18-14:56:38,852,221,415,50.30,24.80,1.50,2.70
28/2/18-14:57:39,851,207,436,50.90,24.80,1.50,4.90
28/2/18-14:58:40,851,185,384,50.30,24.80,1.60,3.00
28/2/18-14:59:41,851,168,380,47.10,24.80,1.10,1.70
28/2/18-15:0:42,851,221,469,46.60,24.80,1.40,4.60
28/2/18-15:1:43,852,241,403,48.30,24.80,1.10,3.90
28/2/18-15:2:44,852,306,477,47.60,24.80,1.20,3.00
28/2/18-15:3:45,852,250,565,46.00,24.90,0.90,1.00
28/2/18-15:4:46,852,280,457,44.70,24.90,1.30,1.70
28/2/18-15:5:47,852,339,557,45.90,24.90,0.80,0.80
28/2/18-15:6:48,851,247,464,46.60,25.00,1.20,2.10
28/2/18-15:7:49,852,305,452,44.30,25.00,1.50,3.40
28/2/18-15:8:50,852,189,403,45.00,25.00,1.10,2.60
28/2/18-15:9:51,852,192,393,47.30,25.00,1.40,2.90
28/2/18-15:10:52,852,159,400,48.20,25.00,1.40,3.40
28/2/18-15:11:53,852,162,426,48.20,25.00,1.30,3.20
28/2/18-15:12:54,852,227,442,46.80,25.10,1.30,2.30
28/2/18-15:13:55,851,166,407,48.00,25.20,1.20,1.60
28/2/18-15:14:56,852,216,408,45.50,25.10,1.00,1.20
28/2/18-15:15:57,852,280,425,46.60,25.20,1.30,3.20
28/2/18-15:16:58,851,212,417,46.70,25.20,1.50,2.10
28/2/18-15:17:59,851,153,383,47.00,25.30,1.00,2.40
28/2/18-15:19:0,851,141,396,45.70,25.20,1.10,1.90
28/2/18-15:20:1,851,141,403,47.00,25.20,1.40,3.90
28/2/18-15:21:2,852,139,393,48.10,25.20,1.20,1.70
28/2/18-15:22:3,851,173,403,48.30,25.20,1.20,4.80
28/2/18-15:23:4,852,224,431,49.00,25.30,1.40,3.40
28/2/18-15:24:5,852,215,391,49.40,25.30,1.20,2.70
28/2/18-15:25:6,851,211,431,46.20,25.30,1.30,2.00
28/2/18-15:26:7,852,246,434,47.90,25.40,1.20,3.00
28/2/18-15:27:8,852,221,454,48.60,25.40,1.20,1.90
28/2/18-15:28:9,852,191,403,48.20,25.50,1.30,2.10
28/2/18-15:29:10,851,180,401,47.80,25.50,1.50,2.70
28/2/18-15:30:11,852,162,414,45.20,25.50,1.40,2.40
28/2/18-15:31:12,851,208,430,45.00,25.50,1.10,1.70
28/2/18-15:32:13,852,200,415,45.90,25.50,1.20,3.80
28/2/18-15:33:14,852,202,426,47.90,25.50,1.50,4.20
28/2/18-15:34:15,852,179,413,45.50,25.50,1.20,2.20
28/2/18-15:35:16,852,154,388,45.90,25.50,1.50,3.20
28/2/18-15:36:17,852,148,445,43.90,25.60,1.70,4.20
28/2/18-15:37:18,851,288,507,45.50,25.50,1.50,4.30
28/2/18-15:38:19,851,318,445,45.90,25.60,1.30,7.10
28/2/18-15:39:20,850,207,397,48.00,25.60,1.70,4.90
28/2/18-15:40:21,852,157,381,46.00,25.60,1.50,5.10
28/2/18-15:41:22,851,161,401,44.30,25.50,1.40,1.60
28/2/18-15:42:22,851,183,414,44.80,25.50,1.40,2.60
28/2/18-15:43:23,852,249,409,44.20,25.50,0.90,2.10
28/2/18-15:44:24,851,217,446,43.80,25.50,1.10,1.50
28/2/18-15:45:25,851,257,445,44.50,25.50,1.00,3.10
28/2/18-15:46:26,851,278,441,44.40,25.50,0.70,1.60
28/2/18-15:47:27,851,224,401,44.00,25.50,1.10,2.60
28/2/18-15:48:28,851,287,469,42.90,25.60,1.10,2.40
28/2/18-15:49:29,851,292,417,43.90,25.60,1.10,3.90
28/2/18-15:50:30,851,244,436,43.70,25.70,1.10,2.70
28/2/18-15:51:31,851,197,410,44.50,25.70,0.90,1.50
28/2/18-15:52:32,851,248,481,45.20,25.70,0.90,2.10
28/2/18-15:53:33,851,175,392,45.60,25.70,1.30,2.60
28/2/18-15:54:34,851,149,386,42.90,25.70,1.00,2.30
28/2/18-15:55:35,851,149,395,42.90,25.70,1.00,1.40
28/2/18-15:56:36,852,239,503,43.90,25.70,1.10,3.80
28/2/18-15:57:37,851,190,397,44.80,25.60,1.40,4.20
28/2/18-15:58:38,851,166,395,45.70,25.60,1.10,1.50
28/2/18-15:59:39,851,274,475,45.50,25.70,1.10,1.90
28/2/18-16:0:40,851,183,390,46.00,25.80,0.90,2.90
28/2/18-16:1:41,852,171,430,46.10,25.80,1.10,2.20
28/2/18-16:2:42,851,159,411,46.10,25.80,1.20,2.30
28/2/18-16:3:43,851,174,408,46.40,25.80,1.00,2.00
28/2/18-16:4:44,852,222,429,46.00,25.80,0.90,1.40
28/2/18-16:5:45,851,162,400,46.20,25.80,0.90,1.80
28/2/18-16:6:46,852,172,392,46.00,25.80,1.10,3.40
28/2/18-16:7:47,852,146,381,45.00,25.90,1.00,1.70
28/2/18-16:8:48,851,124,386,44.30,25.80,0.80,1.80
28/2/18-16:9:49,851,124,381,45.10,25.80,0.90,2.90
28/2/18-16:10:50,851,144,405,46.20,25.80,1.00,2.20
28/2/18-16:11:51,851,121,385,46.70,25.80,0.70,1.20
28/2/18-16:12:52,851,193,442,46.50,25.80,0.80,1.00
28/2/18-16:13:53,850,153,409,46.80,25.80,1.00,1.70
28/2/18-16:14:54,851,173,394,46.90,25.90,0.90,1.00
28/2/18-16:15:55,852,128,384,46.70,25.90,1.00,3.90
28/2/18-16:16:56,851,122,387,45.60,25.90,0.80,0.80
28/2/18-16:17:57,851,125,382,46.40,25.90,1.00,1.50
28/2/18-16:18:58,853,202,444,46.80,25.90,1.30,2.30
28/2/18-16:19:59,851,168,390,48.10,26.00,1.10,2.20
28/2/18-16:21:0,851,143,393,47.00,26.00,0.90,3.40
28/2/18-16:22:1,851,247,450,47.40,26.00,1.10,2.20
28/2/18-16:23:2,851,235,435,48.00,26.10,1.30,2.00
28/2/18-16:24:3,851,181,406,47.90,26.10,1.00,1.20
28/2/18-16:25:4,851,166,405,46.70,26.20,1.00,4.00
28/2/18-16:26:5,852,175,433,47.30,26.10,0.80,1.00
28/2/18-16:27:6,851,157,401,45.80,26.20,1.30,2.70
28/2/18-16:28:7,851,145,413,45.60,26.20,1.00,1.50
28/2/18-16:29:8,851,153,418,45.40,26.20,1.00,2.10
28/2/18-16:30:9,852,154,419,44.90,26.20,0.90,1.40
28/2/18-16:31:10,851,221,423,45.70,26.20,0.80,1.20
28/2/18-16:32:11,851,270,460,46.70,26.20,0.80,2.50
28/2/18-16:33:12,851,179,386,45.80,26.30,0.90,1.90
28/2/18-16:34:13,851,164,393,41.00,26.30,1.00,1.20
28/2/18-16:35:14,851,153,388,40.90,26.30,0.80,1.70
28/2/18-16:36:14,851,162,430,40.00,26.30,0.60,1.80
28/2/18-16:37:15,851,184,487,39.70,26.30,0.70,1.30
28/2/18-16:38:16,851,221,429,41.10,26.30,0.50,0.50
28/2/18-16:39:17,850,199,418,40.10,26.30,0.70,2.50
28/2/18-16:40:18,851,199,421,40.40,26.30,0.60,1.80
28/2/18-16:41:19,851,188,410,40.40,26.30,1.00,2.40
28/2/18-16:42:20,851,131,382,39.00,26.30,0.70,1.30
28/2/18-16:43:21,851,155,426,37.80,26.30,0.80,0.80
28/2/18-16:44:22,851,138,385,38.80,26.30,0.60,0.90
28/2/18-16:45:23,851,138,392,39.00,26.30,0.80,1.80
28/2/18-16:46:24,851,142,398,39.10,26.30,1.10,1.40
28/2/18-16:47:25,851,159,464,39.90,26.30,0.90,1.70
28/2/18-16:48:26,851,298,536,38.40,26.40,0.70,2.30
28/2/18-16:49:27,851,219,444,40.00,26.40,1.00,2.20
28/2/18-16:50:28,851,157,404,38.80,26.40,0.90,1.20
28/2/18-16:51:29,851,181,435,38.90,26.40,0.90,2.80
28/2/18-16:52:30,851,176,441,38.90,26.40,0.70,1.10
28/2/18-16:53:31,851,149,389,39.00,26.40,0.80,1.70
28/2/18-16:54:32,851,149,417,39.90,26.40,0.80,1.60
28/2/18-16:55:33,851,209,443,40.40,26.40,0.90,1.70
28/2/18-16:56:34,851,175,413,41.60,26.50,0.70,1.40
28/2/18-16:57:35,851,154,428,41.90,26.50,0.60,2.10
28/2/18-16:58:36,851,177,413,40.80,26.40,0.70,0.70
28/2/18-16:59:37,851,228,463,41.90,26.50,0.80,1.50
28/2/18-17:0:38,852,258,484,41.50,26.50,0.80,1.30
28/2/18-17:1:39,852,202,410,41.90,26.50,0.60,1.10
28/2/18-17:2:40,851,146,387,41.50,26.50,1.40,5.10
28/2/18-17:3:41,851,137,410,41.40,26.50,0.80,1.40
28/2/18-17:4:42,851,166,399,41.00,26.40,0.70,1.20
28/2/18-17:5:43,852,178,403,41.60,26.40,0.90,2.80
28/2/18-17:6:44,851,201,402,42.30,26.40,0.80,1.40
28/2/18-17:7:45,851,242,515,41.30,26.50,0.80,1.30
28/2/18-17:8:46,851,212,417,41.20,26.50,1.00,2.10
28/2/18-17:9:47,851,298,504,40.90,26.50,0.90,1.40
28/2/18-17:10:48,851,216,414,42.40,26.50,1.10,2.90
28/2/18-17:11:49,851,219,428,41.40,26.50,0.90,2.10
28/2/18-17:12:50,851,218,419,40.70,26.50,0.90,0.90
28/2/18-17:13:51,851,201,407,41.50,26.50,1.00,2.30
28/2/18-17:14:52,852,153,394,41.70,26.50,1.00,1.40
28/2/18-17:15:53,852,138,393,41.20,26.50,0.90,2.50
28/2/18-17:16:54,851,162,414,43.80,26.50,0.90,1.60
28/2/18-17:17:55,851,146,397,42.70,26.40,1.20,4.50
28/2/18-17:18:56,851,137,388,44.00,26.40,1.40,3.70
28/2/18-17:19:57,852,164,456,40.50,26.40,1.20,2.50
28/2/18-17:20:58,852,163,417,40.00,26.30,1.00,3.90
28/2/18-17:21:59,851,173,397,38.70,26.30,1.00,1.20
28/2/18-17:23:0,851,171,439,41.10,26.30,1.10,2.00
28/2/18-17:24:1,851,194,412,40.60,26.20,0.90,2.60
28/2/18-17:25:2,851,192,401,41.30,26.20,0.70,1.40
28/2/18-17:26:3,851,159,404,40.90,26.30,0.90,2.60
28/2/18-17:27:4,851,157,409,40.00,26.20,0.80,1.30
28/2/18-17:28:5,851,224,457,40.60,26.20,0.90,1.20
28/2/18-17:29:6,851,149,391,41.10,26.20,0.80,2.60
28/2/18-17:30:7,851,158,410,39.60,26.30,0.90,2.30
28/2/18-17:31:7,851,169,400,40.90,26.30,1.00,2.40
28/2/18-17:32:8,851,172,415,41.80,26.30,0.90,2.10
28/2/18-17:33:9,851,208,459,40.70,26.30,0.70,0.70
28/2/18-17:34:10,851,182,416,41.40,26.40,1.00,1.80
28/2/18-17:35:11,851,249,483,41.60,26.40,0.80,5.40
28/2/18-17:36:12,851,228,478,41.40,26.40,0.80,0.90
28/2/18-17:37:13,851,206,411,40.50,26.40,0.60,3.70
28/2/18-17:38:14,851,209,402,39.50,26.30,0.80,3.40
28/2/18-17:39:15,851,206,412,40.30,26.40,0.80,0.80
28/2/18-17:40:16,850,146,389,39.60,26.40,0.60,2.10
28/2/18-17:41:17,851,132,389,39.10,26.30,0.70,1.20
28/2/18-17:42:18,850,138,411,39.40,26.30,0.80,2.90
28/2/18-17:43:19,851,168,399,39.50,26.20,0.80,2.20
28/2/18-17:44:20,850,152,396,40.40,26.30,0.90,1.60
28/2/18-17:45:21,850,144,402,40.10,26.30,0.70,1.10
28/2/18-17:46:22,851,191,417,39.30,26.20,0.70,1.00
28/2/18-17:47:23,851,198,456,39.50,26.20,1.00,2.70
28/2/18-17:48:24,850,192,397,40.10,26.30,1.90,4.80
28/2/18-17:49:25,850,135,384,39.60,26.30,1.00,1.10
28/2/18-17:50:26,851,125,389,39.50,26.30,0.90,3.60
28/2/18-17:51:27,851,190,423,39.30,26.30,2.90,8.00
28/2/18-17:52:28,851,211,440,40.80,26.30,1.40,3.00
28/2/18-17:53:29,850,274,456,41.00,26.30,1.00,1.50
28/2/18-17:54:30,851,236,411,40.00,26.30,1.60,3.10
28/2/18-17:55:31,851,238,403,40.70,26.40,1.60,4.80
28/2/18-17:56:32,851,231,428,40.70,26.30,1.30,2.90
28/2/18-17:57:33,851,285,436,43.90,26.40,0.90,1.20
28/2/18-17:58:34,850,252,433,45.30,26.40,1.00,3.40
28/2/18-17:59:35,851,255,441,44.90,26.40,0.80,1.70
28/2/18-18:0:36,850,233,435,44.90,26.40,1.60,5.70
28/2/18-18:1:37,850,220,433,45.10,26.50,0.60,0.60
28/2/18-18:2:38,850,178,414,44.60,26.40,0.70,1.10
28/2/18-18:3:39,850,160,404,45.50,26.40,0.90,1.10
28/2/18-18:4:40,851,212,444,44.50,26.30,0.90,1.90
28/2/18-18:5:41,851,189,422,44.80,26.30,1.10,2.30
28/2/18-18:6:42,851,165,393,44.50,26.30,1.10,2.00
28/2/18-18:7:43,850,160,398,43.90,26.30,0.90,2.70
28/2/18-18:8:44,850,138,394,43.30,26.30,0.70,1.00
28/2/18-18:9:45,850,198,425,44.80,26.30,1.00,2.80
28/2/18-18:10:46,852,165,391,46.30,26.30,1.00,2.30
28/2/18-18:11:47,851,133,389,44.60,26.20,0.70,1.10
28/2/18-18:12:48,851,127,390,43.90,26.10,1.00,3.40
28/2/18-18:13:49,851,169,415,44.50,26.10,1.10,3.30
28/2/18-18:14:50,851,150,404,46.10,26.10,0.80,1.90
28/2/18-18:15:51,851,172,403,45.60,26.00,0.90,2.50
28/2/18-18:16:52,851,144,394,46.10,26.10,1.00,2.70
28/2/18-18:17:53,851,125,386,45.30,26.10,0.90,2.40
28/2/18-18:18:54,851,170,409,44.80,26.00,1.00,2.70
28/2/18-18:19:55,851,221,427,46.50,26.00,1.10,2.80
28/2/18-18:20:56,851,298,438,46.80,26.10,0.90,1.10
28/2/18-18:21:57,851,239,404,46.40,26.10,0.90,3.60
28/2/18-18:22:58,852,255,431,47.10,26.10,1.10,2.90
28/2/18-18:23:59,851,260,467,46.10,26.10,1.10,4.50
28/2/18-18:25:0,851,299,467,46.80,26.10,0.80,2.40
28/2/18-18:26:0,851,270,419,46.30,26.10,0.80,3.10
28/2/18-18:27:1,851,234,416,47.00,26.10,1.00,1.60
28/2/18-18:28:2,851,270,438,40.70,26.10,2.20,4.20
28/2/18-18:29:3,851,240,420,44.50,26.20,1.80,4.50
28/2/18-18:30:4,851,218,418,41.50,26.20,1.70,2.40
28/2/18-18:31:5,852,202,419,41.30,26.10,2.10,3.80
28/2/18-18:32:6,851,252,449,40.70,26.10,1.20,4.50
28/2/18-18:33:7,850,196,418,41.00,26.10,1.20,2.60
28/2/18-18:34:8,851,187,417,41.50,26.10,1.00,1.90
28/2/18-18:35:9,851,188,437,41.30,26.00,1.00,2.80
28/2/18-18:36:10,851,205,448,40.60,26.00,1.00,2.70
28/2/18-18:37:11,851,194,419,41.50,26.00,1.50,7.60
28/2/18-18:38:12,851,192,406,41.50,26.00,1.10,3.60
28/2/18-18:39:13,851,165,403,41.70,26.00,0.90,4.50
28/2/18-18:40:14,851,173,413,41.60,26.00,1.20,8.20
28/2/18-18:41:15,851,212,418,42.10,26.00,0.90,1.50
28/2/18-18:42:16,852,241,424,43.20,25.90,1.50,3.30
28/2/18-18:43:17,851,236,441,43.50,26.00,1.30,2.50
28/2/18-18:44:18,851,290,458,43.90,26.00,1.30,2.10
28/2/18-18:45:19,851,273,435,44.90,26.00,1.10,2.40
28/2/18-18:46:20,850,242,417,43.90,26.00,1.10,3.80
28/2/18-18:47:21,850,211,413,43.20,26.00,1.30,2.60
28/2/18-18:48:22,851,286,454,42.50,26.00,1.40,5.60
28/2/18-18:49:23,851,254,420,43.60,26.00,1.10,2.30
28/2/18-18:50:24,851,249,415,44.60,26.00,1.10,4.10
28/2/18-18:51:25,851,242,457,43.00,26.00,1.30,2.00
28/2/18-18:52:26,851,287,428,41.80,25.90,1.20,3.70
28/2/18-18:53:27,851,226,432,42.70,25.90,1.30,2.90
28/2/18-18:54:28,850,221,415,42.00,25.90,1.10,3.60
28/2/18-18:55:29,851,201,412,42.00,25.90,0.90,2.70
28/2/18-18:56:30,850,238,430,41.30,25.90,1.60,5.70
28/2/18-18:57:31,851,195,415,42.70,25.90,1.10,2.80
28/2/18-18:58:32,851,194,411,41.40,25.90,1.10,2.50
28/2/18-18:59:33,852,217,421,43.10,25.80,1.30,2.30
28/2/18-19:0:34,851,219,410,41.50,25.80,1.00,1.30
28/2/18-19:1:35,851,185,410,41.60,25.80,1.20,3.50
28/2/18-19:2:36,851,178,405,40.80,25.70,1.20,2.10
28/2/18-19:3:37,851,166,402,40.50,25.70,0.90,1.10
28/2/18-19:4:38,851,202,422,40.20,25.70,1.00,2.50
28/2/18-19:5:39,851,202,417,41.30,25.60,1.30,4.50
28/2/18-19:6:40,851,199,420,41.10,25.60,1.50,6.90
28/2/18-19:7:41,851,180,415,41.10,25.60,1.10,2.10
28/2/18-19:8:42,851,277,471,40.30,25.60,0.80,0.90
28/2/18-19:9:43,851,270,419,41.50,25.60,1.30,1.90
28/2/18-19:10:44,851,249,431,42.60,25.60,1.30,4.30
28/2/18-19:11:45,851,314,458,43.00,25.60,1.30,2.80
28/2/18-19:12:46,851,292,434,43.10,25.60,1.20,3.20
28/2/18-19:13:47,851,274,431,41.60,25.60,1.60,4.60
28/2/18-19:14:48,851,249,433,42.30,25.50,1.60,3.30
28/2/18-19:15:49,851,235,409,41.50,25.50,1.20,3.60
28/2/18-19:16:50,851,210,408,41.50,25.50,1.40,2.00
28/2/18-19:17:51,852,226,424,41.70,25.40,1.50,1.80
28/2/18-19:18:52,851,252,427,43.50,25.40,1.50,3.60
28/2/18-19:19:53,851,230,440,44.30,25.40,1.60,3.80
28/2/18-19:20:53,851,255,427,43.50,25.40,1.60,3.90
28/2/18-19:21:54,851,304,435,45.40,25.40,2.20,5.70
28/2/18-19:22:55,851,273,419,45.70,25.40,1.60,4.80
28/2/18-19:23:56,851,222,411,43.70,25.30,1.70,6.30
28/2/18-19:24:57,851,218,420,42.40,25.30,1.70,4.10
28/2/18-19:25:58,851,253,428,43.70,25.30,1.40,7.10
28/2/18-19:26:59,851,271,450,45.30,25.30,1.30,3.10
28/2/18-19:28:0,851,253,419,44.10,25.30,1.70,2.50
28/2/18-19:29:1,852,215,416,42.30,25.30,1.60,3.50
28/2/18-19:30:2,851,249,425,43.70,25.20,1.30,4.90
28/2/18-19:31:3,851,259,421,44.20,25.20,1.30,5.20
28/2/18-19:32:4,851,281,454,44.80,25.20,26.20,354.60
28/2/18-19:33:5,851,262,413,45.50,25.20,19.30,327.00
28/2/18-19:34:6,851,242,424,45.20,25.20,3.10,39.80
28/2/18-19:35:7,851,244,419,44.50,25.20,1.70,6.50
28/2/18-19:36:8,851,250,439,44.30,25.10,2.10,6.70
28/2/18-19:37:9,851,279,437,44.40,25.10,2.10,7.40
28/2/18-19:38:10,851,292,434,45.30,25.10,1.80,7.90
28/2/18-19:39:11,851,269,433,44.90,25.10,1.60,5.70
28/2/18-19:40:12,851,282,438,43.30,25.00,2.00,5.20
28/2/18-19:41:13,851,327,481,45.50,25.00,1.80,3.60
28/2/18-19:42:14,851,330,457,44.80,25.00,1.90,3.70
28/2/18-19:43:15,851,308,434,46.80,25.00,1.60,4.70
28/2/18-19:44:16,851,299,440,46.20,24.90,1.80,4.10
28/2/18-19:45:17,851,273,439,45.40,24.90,1.90,5.30
28/2/18-19:46:18,851,276,429,44.40,24.90,1.50,5.00
28/2/18-19:47:19,851,264,431,43.60,24.90,1.70,3.50
28/2/18-19:48:20,851,289,467,44.00,24.80,1.40,5.50
28/2/18-19:49:21,851,293,432,45.70,24.80,1.60,2.90
28/2/18-19:50:22,851,288,433,46.00,24.80,1.40,4.40
28/2/18-19:51:23,851,283,429,45.60,24.80,1.40,4.30
28/2/18-19:52:24,851,278,427,45.80,24.70,1.40,4.40
28/2/18-19:53:25,851,275,425,46.00,24.70,1.70,4.20
28/2/18-19:54:26,852,278,428,46.30,24.70,1.70,3.60
28/2/18-19:55:27,852,271,424,46.10,24.70,1.50,5.20
28/2/18-19:56:28,851,278,427,45.40,24.60,1.80,3.50
28/2/18-19:57:29,851,283,423,46.30,24.60,1.50,2.40
28/2/18-19:58:30,851,282,427,47.60,24.50,1.60,4.80
28/2/18-19:59:31,852,301,439,46.40,24.50,1.60,3.00
28/2/18-20:0:32,851,311,432,46.90,24.50,1.60,2.90
28/2/18-20:1:33,851,308,429,47.70,24.40,1.60,5.80
28/2/18-20:2:34,851,308,428,49.50,24.40,1.80,6.90
28/2/18-20:3:35,851,310,427,50.30,24.40,1.80,4.90
28/2/18-20:4:36,851,309,424,51.90,24.30,1.50,3.20
28/2/18-20:5:37,852,312,431,51.90,24.20,1.50,3.90
28/2/18-20:6:38,851,318,430,50.90,24.20,1.50,8.40
28/2/18-20:7:39,851,316,424,51.40,24.10,2.20,6.80
28/2/18-20:8:40,851,327,430,51.30,24.10,1.40,1.70
28/2/18-20:9:41,851,313,423,55.30,24.00,1.80,5.30
28/2/18-20:10:42,852,313,425,51.20,24.00,1.90,5.90
28/2/18-20:11:43,851,317,424,52.90,24.00,1.70,4.20
28/2/18-20:12:43,852,323,428,53.30,23.90,2.10,7.20
28/2/18-20:13:44,851,319,423,53.40,23.80,1.90,6.80
28/2/18-20:14:45,851,305,423,52.90,23.80,1.90,8.60
28/2/18-20:15:46,852,316,428,51.90,23.80,1.80,5.90
28/2/18-20:16:47,851,319,427,54.50,23.70,1.90,6.40
28/2/18-20:17:48,851,317,426,54.90,23.70,1.90,6.80
28/2/18-20:18:49,851,314,424,53.40,23.60,2.00,4.90
28/2/18-20:19:50,852,323,426,54.30,23.50,1.90,7.10
28/2/18-20:20:51,851,328,431,56.10,23.50,1.70,6.30
28/2/18-20:21:52,851,324,432,53.80,23.50,2.10,5.50
28/2/18-20:22:53,853,327,429,53.30,23.40,2.50,6.90
28/2/18-20:23:54,851,332,430,55.10,23.40,2.10,5.30
28/2/18-20:24:55,851,335,432,56.00,23.40,2.30,4.50
28/2/18-20:25:56,851,330,433,56.90,23.30,2.50,7.60
28/2/18-20:26:57,851,333,438,54.00,23.20,2.50,7.60
28/2/18-20:27:58,851,342,434,56.20,23.20,2.40,9.10
28/2/18-20:28:59,851,346,435,58.20,23.20,2.20,7.00
28/2/18-20:30:0,851,334,433,57.70,23.20,2.70,6.50
28/2/18-20:31:1,852,332,435,55.60,23.10,2.40,9.10
28/2/18-20:32:2,851,327,436,55.10,23.10,2.60,8.70
28/2/18-20:33:3,852,322,432,56.70,23.00,3.10,6.20
28/2/18-20:34:4,852,327,434,56.40,22.90,2.10,6.40
28/2/18-20:35:5,851,334,436,56.20,22.90,2.30,9.60
28/2/18-20:36:6,852,334,437,55.60,22.90,3.00,10.30
28/2/18-20:37:7,851,336,438,55.90,22.90,2.80,7.10
28/2/18-20:38:8,851,335,438,55.20,22.80,3.00,8.80
28/2/18-20:39:9,852,335,436,55.40,22.80,2.60,7.70
28/2/18-20:40:10,852,339,436,56.70,22.80,3.00,6.90
28/2/18-20:41:11,852,339,438,58.20,22.70,2.90,8.00
28/2/18-20:42:12,852,347,438,57.60,22.70,2.70,7.00
28/2/18-20:43:13,852,358,440,59.50,22.70,2.80,10.50
28/2/18-20:44:14,851,355,443,61.80,22.70,2.80,9.20
28/2/18-20:45:15,852,353,440,59.10,22.60,3.60,12.50
28/2/18-20:46:16,851,356,442,59.50,22.60,3.20,11.80
28/2/18-20:47:17,852,351,445,59.90,22.60,2.70,7.10
28/2/18-20:48:18,851,359,448,58.00,22.60,3.00,9.80
28/2/18-20:49:19,852,359,447,59.00,22.50,3.30,9.30
28/2/18-20:50:20,851,354,451,59.80,22.50,3.20,8.90
28/2/18-20:51:21,852,362,450,59.50,22.50,3.50,11.20
28/2/18-20:52:22,851,360,451,59.90,22.50,3.40,10.50
28/2/18-20:53:23,852,358,450,59.00,22.50,3.60,8.60
28/2/18-20:54:24,852,353,451,59.90,22.50,3.80,8.30
28/2/18-20:55:25,852,344,446,57.70,22.40,3.90,7.70
28/2/18-20:56:26,852,344,448,57.60,22.40,3.90,10.80
28/2/18-20:57:27,852,339,444,59.60,22.30,3.20,8.30
28/2/18-20:58:28,852,333,442,59.20,22.30,3.40,13.40
28/2/18-20:59:29,852,342,446,59.90,22.20,3.60,9.90
28/2/18-21:0:30,852,353,449,59.10,22.20,3.50,11.90
28/2/18-21:1:31,852,351,449,61.30,22.20,3.00,11.20
28/2/18-21:2:31,852,355,452,58.80,22.20,3.20,7.70
28/2/18-21:3:32,852,357,453,60.10,22.20,3.60,11.00
28/2/18-21:4:33,852,358,454,61.00,22.10,3.70,9.60
28/2/18-21:5:34,852,360,455,60.30,22.10,3.30,9.10
28/2/18-21:6:35,852,362,455,59.50,22.10,3.20,9.20
28/2/18-21:7:36,852,364,453,60.20,22.10,3.20,8.70
28/2/18-21:8:37,852,371,456,60.90,22.00,3.60,9.30
28/2/18-21:9:38,852,372,458,62.60,22.00,3.70,16.20
28/2/18-21:10:39,852,371,460,62.60,22.00,3.40,9.70
28/2/18-21:11:40,852,372,459,61.50,22.00,3.40,8.70
28/2/18-21:12:41,852,372,459,61.70,22.00,3.80,16.00
28/2/18-21:13:42,852,368,459,62.50,21.90,4.10,13.20
28/2/18-21:14:43,852,372,461,61.90,21.90,3.50,10.20
28/2/18-21:15:44,853,370,460,62.50,21.90,3.70,12.60
28/2/18-21:16:45,852,367,461,61.90,21.90,3.70,9.00
28/2/18-21:17:46,852,370,465,61.30,21.80,3.70,11.70
28/2/18-21:18:47,852,365,465,61.20,21.80,3.80,15.20
28/2/18-21:19:48,852,378,468,61.30,21.80,4.40,13.60
28/2/18-21:20:49,852,375,471,62.50,21.80,3.90,10.00
28/2/18-21:21:50,852,379,471,60.70,21.80,4.10,10.20
28/2/18-21:22:51,852,377,470,62.10,21.80,4.70,15.00
28/2/18-21:23:52,853,376,471,61.70,21.80,4.20,16.80
28/2/18-21:24:53,852,378,471,61.90,21.80,4.00,14.60
28/2/18-21:25:54,852,378,472,62.40,21.70,4.20,12.90
28/2/18-21:26:55,852,382,472,62.40,21.70,4.10,15.80
28/2/18-21:27:56,852,380,471,65.70,21.70,4.10,15.80
28/2/18-21:28:57,852,383,469,63.00,21.70,3.60,9.60
28/2/18-21:29:58,853,386,472,64.20,21.70,4.30,12.00
28/2/18-21:30:59,852,387,472,63.50,21.70,3.80,13.20
28/2/18-21:32:0,853,386,477,64.20,21.60,4.20,11.70
28/2/18-21:33:1,852,388,493,63.40,21.60,4.00,17.40
28/2/18-21:34:2,852,397,489,62.40,21.60,5.10,17.00
28/2/18-21:35:3,852,395,486,62.60,21.70,5.30,19.10
28/2/18-21:36:4,852,399,489,62.90,21.70,5.90,17.00
28/2/18-21:37:5,852,402,495,63.00,21.80,6.80,15.10
28/2/18-21:38:6,852,406,488,62.20,21.70,8.00,13.80
28/2/18-21:39:7,852,407,491,65.50,21.70,7.20,15.40
28/2/18-21:40:8,852,402,490,64.50,21.80,8.50,20.40
28/2/18-21:41:9,852,402,490,64.20,21.80,8.20,17.80
28/2/18-21:42:10,852,399,491,63.70,21.70,7.70,15.00
28/2/18-21:43:11,852,403,489,63.10,21.70,9.10,17.90
28/2/18-21:44:12,852,409,490,64.10,21.70,8.40,20.80
28/2/18-21:45:13,852,410,489,63.70,21.60,8.10,17.30
28/2/18-21:46:14,852,403,487,64.70,21.60,8.30,16.00
28/2/18-21:47:15,852,407,489,64.10,21.60,8.10,15.40
28/2/18-21:48:16,852,408,487,64.70,21.50,8.90,24.50
28/2/18-21:49:16,852,407,485,64.70,21.60,7.90,19.00
28/2/18-21:50:17,852,402,483,65.00,21.50,8.10,17.90
28/2/18-21:51:18,852,407,482,67.00,21.50,8.90,21.50
28/2/18-21:52:19,852,403,480,65.80,21.40,8.40,23.30
28/2/18-21:53:20,852,401,484,65.30,21.40,9.50,25.20
28/2/18-21:54:21,852,407,486,65.80,21.40,8.80,17.60
28/2/18-21:55:22,853,405,487,65.20,21.40,9.80,21.20
28/2/18-21:56:23,852,407,490,65.60,21.40,9.60,22.10
28/2/18-21:57:24,853,408,489,64.80,21.40,9.60,18.50
28/2/18-21:58:25,852,411,497,66.70,21.40,10.30,24.20
28/2/18-21:59:26,852,414,489,65.80,21.50,10.80,22.00
28/2/18-22:0:27,852,410,488,65.30,21.50,10.80,21.80
28/2/18-22:1:28,852,403,484,64.90,21.50,10.90,18.80
28/2/18-22:2:29,852,405,484,64.10,21.50,13.90,27.60
28/2/18-22:3:30,852,404,483,65.00,21.50,13.70,21.20
28/2/18-22:4:31,852,407,483,65.20,21.50,13.40,28.30
28/2/18-22:5:32,853,406,482,66.20,21.50,13.40,27.60
28/2/18-22:6:33,852,408,481,66.20,21.40,13.00,20.70
28/2/18-22:7:34,852,410,478,66.30,21.40,13.20,22.00
28/2/18-22:8:35,853,405,477,67.30,21.40,12.30,19.60
28/2/18-22:9:36,852,402,478,66.40,21.40,12.30,24.40
28/2/18-22:10:37,852,405,477,65.80,21.30,11.50,21.30
28/2/18-22:11:38,853,406,474,68.20,21.40,11.20,22.20
28/2/18-22:12:39,852,402,471,68.90,21.30,10.60,23.10
28/2/18-22:13:40,852,403,474,67.00,21.30,10.40,17.40
28/2/18-22:14:41,852,406,479,68.10,21.30,10.20,18.30
28/2/18-22:15:42,853,396,473,66.50,21.20,9.70,22.00
28/2/18-22:16:43,852,396,477,64.70,21.20,8.60,20.10
28/2/18-22:17:44,853,401,477,64.50,21.20,9.00,22.60
28/2/18-22:18:45,852,404,475,66.70,21.30,8.60,16.60
28/2/18-22:19:46,852,405,477,67.50,21.20,8.60,14.30
28/2/18-22:20:47,852,401,476,67.60,21.30,7.70,13.50
28/2/18-22:21:48,852,401,477,66.10,21.20,7.70,14.80
28/2/18-22:22:49,852,404,477,66.60,21.20,7.30,17.70
28/2/18-22:23:50,852,398,473,68.40,21.20,7.50,17.40
28/2/18-22:24:51,852,399,472,67.40,21.20,7.20,15.00
28/2/18-22:25:52,852,401,472,67.50,21.10,7.60,15.70
28/2/18-22:26:53,852,400,472,67.10,21.10,7.00,13.70
28/2/18-22:27:54,852,399,469,68.60,21.10,7.00,12.80
28/2/18-22:28:55,852,391,468,68.00,21.00,7.30,13.20
28/2/18-22:29:56,853,399,471,67.50,21.00,7.00,10.60
28/2/18-22:30:57,852,399,468,67.60,21.00,8.30,15.50
28/2/18-22:31:58,852,392,467,68.60,21.00,6.10,13.70
28/2/18-22:32:59,852,394,468,66.70,20.90,5.90,14.90
28/2/18-22:34:0,852,391,464,67.00,20.90,7.30,13.20
28/2/18-22:35:1,852,387,462,67.00,20.90,6.70,13.40
28/2/18-22:36:2,852,386,461,67.40,20.90,6.20,11.80
28/2/18-22:37:2,852,387,462,67.30,20.80,6.30,12.10
28/2/18-22:38:3,853,387,460,66.50,20.80,6.60,11.50
28/2/18-22:39:4,852,386,459,66.80,20.80,6.70,13.90
28/2/18-22:40:5,852,388,460,66.50,20.70,6.90,12.40
28/2/18-22:41:6,853,390,463,68.30,20.70,7.10,15.20
28/2/18-22:42:7,852,386,462,68.40,20.70,7.80,11.80
28/2/18-22:43:8,853,386,460,67.40,20.70,7.40,12.50
28/2/18-22:44:9,853,387,461,67.90,20.70,6.70,11.30
28/2/18-22:45:10,852,386,457,68.30,20.70,6.50,14.70
28/2/18-22:46:11,852,382,458,69.20,20.60,6.50,12.50
28/2/18-22:47:12,852,383,457,68.00,20.70,6.90,12.20
28/2/18-22:48:13,853,387,462,68.70,20.60,6.30,11.10
28/2/18-22:49:14,853,386,461,67.90,20.60,6.40,12.90
28/2/18-22:50:15,852,388,459,67.70,20.60,6.10,12.00
28/2/18-22:51:16,852,389,461,68.70,20.60,6.80,10.00
28/2/18-22:52:17,852,388,458,67.50,20.50,7.20,15.40
28/2/18-22:53:18,852,391,461,70.00,20.50,6.10,12.60
28/2/18-22:54:19,852,387,461,68.50,20.50,6.80,18.10
28/2/18-22:55:20,853,387,462,70.60,20.50,6.40,10.90
28/2/18-22:56:21,853,386,461,68.10,20.50,6.80,12.80
28/2/18-22:57:22,853,387,461,68.70,20.50,6.90,15.60
28/2/18-22:58:23,852,387,460,68.30,20.50,7.20,20.40
28/2/18-22:59:24,852,388,458,68.40,20.40,6.10,13.20
28/2/18-23:0:25,853,388,458,67.80,20.40,6.30,13.60
28/2/18-23:1:26,852,389,457,69.00,20.40,6.60,13.20
28/2/18-23:2:27,852,395,470,69.60,20.40,6.20,11.30
28/2/18-23:3:28,852,392,461,69.60,20.40,6.00,9.30
28/2/18-23:4:29,852,391,460,68.10,20.30,6.10,12.20
28/2/18-23:5:30,852,396,463,68.80,20.40,6.50,9.90
28/2/18-23:6:31,853,393,463,69.60,20.30,6.60,11.70
28/2/18-23:7:32,853,393,462,69.70,20.30,6.90,16.20
28/2/18-23:8:33,853,392,464,68.70,20.30,7.30,13.90
28/2/18-23:9:34,853,390,460,68.60,20.30,7.80,14.20
28/2/18-23:10:35,853,387,458,69.30,20.30,7.90,12.80
28/2/18-23:11:36,852,389,460,68.50,20.30,8.60,15.70
28/2/18-23:12:37,852,390,461,69.40,20.30,8.40,16.60
28/2/18-23:13:38,853,389,463,69.70,20.20,9.00,15.90
28/2/18-23:14:39,853,396,465,69.40,20.30,8.40,13.40
28/2/18-23:15:40,853,393,467,69.80,20.20,8.90,16.20
28/2/18-23:16:41,852,395,464,69.70,20.20,8.80,15.90
28/2/18-23:17:42,853,394,464,69.90,20.20,9.90,18.70
28/2/18-23:18:43,852,393,462,69.30,20.20,11.80,23.00
28/2/18-23:19:44,852,392,463,69.60,20.20,13.00,21.90
28/2/18-23:20:45,852,393,459,69.80,20.20,13.80,22.40
28/2/18-23:21:46,853,389,462,69.60,20.20,13.50,21.20
28/2/18-23:22:46,853,386,458,68.00,20.20,12.00,19.40
28/2/18-23:23:47,853,388,460,68.90,20.10,11.30,20.00
28/2/18-23:24:48,853,384,458,68.60,20.10,11.10,21.50
28/2/18-23:25:49,852,381,461,67.70,20.10,11.50,15.60
28/2/18-23:26:50,853,388,462,67.70,20.10,10.60,17.40
28/2/18-23:27:51,853,390,463,68.70,20.10,10.10,16.90
28/2/18-23:28:52,852,391,461,69.40,20.10,9.00,13.10
28/2/18-23:29:53,852,393,460,68.20,20.10,9.20,18.70
28/2/18-23:30:54,853,392,459,68.80,20.10,9.90,18.30
28/2/18-23:31:55,853,393,461,69.90,20.10,9.80,15.90
28/2/18-23:32:56,853,393,461,70.00,20.10,9.60,15.90
28/2/18-23:33:57,852,391,459,69.70,20.00,9.30,16.20
28/2/18-23:34:58,852,395,459,69.60,20.00,9.70,19.80
28/2/18-23:35:59,852,400,466,71.70,20.00,10.30,16.30
28/2/18-23:37:0,853,396,462,70.60,20.10,8.90,15.60
28/2/18-23:38:1,853,393,463,71.50,20.00,9.30,16.80
28/2/18-23:39:2,852,392,463,71.00,20.00,8.70,14.60
28/2/18-23:40:3,853,387,459,69.30,20.00,8.70,15.60
28/2/18-23:41:4,852,391,462,72.70,20.00,8.40,17.60
28/2/18-23:42:5,852,391,460,70.00,19.90,7.60,14.20
28/2/18-23:43:6,853,394,462,70.10,20.00,8.40,14.10
28/2/18-23:44:7,852,390,461,69.80,19.90,8.90,16.10
28/2/18-23:45:8,853,386,457,69.60,19.90,8.30,16.90
28/2/18-23:46:9,853,388,456,73.60,19.90,8.20,15.30
28/2/18-23:47:10,853,388,456,73.70,19.90,8.00,13.30
28/2/18-23:48:11,852,389,456,69.90,19.90,8.00,14.60
28/2/18-23:49:12,853,389,455,70.30,19.90,8.20,15.80
28/2/18-23:50:13,852,385,456,70.50,19.90,8.00,12.80
28/2/18-23:51:14,852,379,456,69.00,19.90,7.80,12.20
28/2/18-23:52:15,853,375,451,68.80,19.80,8.40,14.70
28/2/18-23:53:16,852,377,452,68.70,19.80,7.00,14.60
28/2/18-23:54:17,853,379,450,68.90,19.80,7.50,14.80
28/2/18-23:55:18,852,379,452,69.90,19.80,7.90,13.30
28/2/18-23:56:19,853,375,450,68.80,19.80,7.30,12.30
28/2/18-23:57:20,852,375,451,69.20,19.80,7.20,9.70
28/2/18-23:58:21,853,373,447,69.30,19.80,7.00,10.60
28/2/18-23:59:22,853,371,443,68.10,19.80,6.80,10.90
