Hora,O3,NO2,CO,Humedad,Temperatura,P25,P10
4/3/18-0:0:19,843,394,456,38.40,27.90,9.60,13.30
4/3/18-0:1:20,843,385,445,38.20,27.80,9.90,20.80
4/3/18-0:2:21,844,381,443,37.80,27.80,10.10,14.20
4/3/18-0:3:22,844,385,442,37.80,27.70,9.70,20.30
4/3/18-0:4:23,844,383,442,39.10,27.70,9.50,18.00
4/3/18-0:5:24,843,394,451,38.70,27.70,9.20,22.30
4/3/18-0:6:25,844,391,451,39.10,27.70,9.60,17.10
4/3/18-0:7:26,844,386,447,39.20,27.60,9.60,13.70
4/3/18-0:8:27,845,382,440,38.60,27.60,8.90,15.70
4/3/18-0:9:28,843,377,441,38.70,27.50,9.50,15.00
4/3/18-0:10:29,843,379,438,39.20,27.50,8.60,13.90
4/3/18-0:11:30,844,381,442,39.70,27.50,9.10,17.00
4/3/18-0:12:31,843,382,442,39.40,27.40,9.70,19.80
4/3/18-0:13:32,844,374,442,39.30,27.30,9.50,15.50
4/3/18-0:14:33,844,378,437,39.20,27.30,9.00,18.30
4/3/18-0:15:34,844,381,437,39.70,27.30,9.20,15.00
4/3/18-0:16:35,845,374,435,42.10,27.20,9.30,17.80
4/3/18-0:17:36,843,385,445,40.40,27.20,9.10,14.00
4/3/18-0:18:37,845,376,433,40.40,27.20,8.70,17.10
4/3/18-0:19:38,844,376,432,39.60,27.10,9.20,15.30
4/3/18-0:20:39,844,378,438,40.80,27.10,9.00,18.00
4/3/18-0:21:40,845,377,432,40.80,27.10,9.30,16.80
4/3/18-0:22:41,844,384,438,40.80,27.00,9.00,13.20
4/3/18-0:23:42,844,378,434,41.40,27.00,9.50,16.60
4/3/18-0:24:42,844,378,430,42.00,27.00,9.00,17.20
4/3/18-0:25:43,844,371,432,41.00,26.90,9.50,17.10
4/3/18-0:26:44,844,375,433,41.10,27.00,9.10,16.30
4/3/18-0:27:45,844,383,439,39.80,26.90,9.60,14.70
4/3/18-0:28:46,843,376,427,39.90,26.90,9.20,20.80
4/3/18-0:29:47,844,382,440,40.30,26.90,9.40,15.30
4/3/18-0:30:48,844,384,438,41.60,26.90,10.00,17.90
4/3/18-0:31:49,843,384,435,41.20,26.80,8.90,16.30
4/3/18-0:32:50,843,384,438,41.70,26.80,9.90,18.90
4/3/18-0:33:51,843,381,437,41.30,26.80,10.30,21.60
4/3/18-0:34:52,844,379,436,42.20,26.70,9.40,14.70
4/3/18-0:35:53,845,379,442,42.20,26.70,9.90,17.40
4/3/18-0:36:54,844,382,439,42.20,26.70,10.10,17.30
4/3/18-0:37:55,844,384,447,42.20,26.60,10.50,17.90
4/3/18-0:38:56,843,385,441,42.00,26.60,11.60,21.70
4/3/18-0:39:57,844,382,438,42.20,26.60,12.50,22.80
4/3/18-0:40:58,844,381,439,42.30,26.50,13.10,44.40
4/3/18-0:41:59,845,376,443,42.30,26.50,14.50,31.10
4/3/18-0:43:0,844,388,455,41.30,26.50,15.10,31.40
4/3/18-0:44:1,845,391,455,43.00,26.50,13.90,27.80
4/3/18-0:45:2,845,388,447,43.70,26.50,14.50,30.00
4/3/18-0:46:3,845,382,444,43.00,26.50,15.80,50.20
4/3/18-0:47:4,845,385,447,42.90,26.40,14.50,34.90
4/3/18-0:48:5,844,391,450,42.90,26.40,16.30,40.00
4/3/18-0:49:6,844,386,445,42.90,26.40,16.50,51.50
4/3/18-0:50:7,845,386,443,43.50,26.40,15.40,36.10
4/3/18-0:51:8,844,386,444,43.40,26.30,15.80,47.10
4/3/18-0:52:9,845,382,448,43.90,26.30,15.30,35.90
4/3/18-0:53:10,844,391,450,43.90,26.30,14.20,43.40
4/3/18-0:54:11,843,390,449,44.10,26.30,14.00,41.00
4/3/18-0:55:12,844,388,449,44.80,26.30,15.10,41.90
4/3/18-0:56:13,845,390,459,44.00,26.30,14.00,42.00
4/3/18-0:57:14,847,388,450,44.70,26.30,13.60,37.50
4/3/18-0:58:15,843,390,449,43.80,26.30,14.40,37.50
4/3/18-0:59:16,843,387,441,44.10,26.20,13.00,22.40
4/3/18-1:0:17,844,387,437,44.20,26.20,12.40,22.60
4/3/18-1:1:18,845,392,455,45.40,26.10,12.80,24.50
4/3/18-1:2:19,844,387,441,45.20,26.20,13.50,27.40
4/3/18-1:3:20,845,387,442,44.90,26.10,12.60,24.40
4/3/18-1:4:21,844,383,445,45.30,26.10,12.00,19.00
4/3/18-1:5:22,844,386,441,44.30,26.10,11.30,22.20
4/3/18-1:6:23,845,377,435,45.00,26.10,12.90,24.60
4/3/18-1:7:24,844,385,432,45.70,26.10,10.60,19.40
4/3/18-1:8:25,844,390,444,46.10,26.10,11.50,23.30
4/3/18-1:9:26,844,382,435,46.40,26.10,13.00,26.80
4/3/18-1:10:27,843,391,437,45.90,26.10,11.40,25.50
4/3/18-1:11:28,845,385,439,46.20,26.10,11.80,22.10
4/3/18-1:12:29,843,390,451,45.20,26.10,10.60,26.70
4/3/18-1:13:30,845,379,432,46.00,26.00,10.80,20.60
4/3/18-1:14:31,845,379,442,46.00,26.00,9.90,21.40
4/3/18-1:15:32,845,382,445,46.60,26.00,9.80,22.00
4/3/18-1:16:33,845,380,437,46.30,26.00,10.60,22.70
4/3/18-1:17:34,844,384,449,45.90,25.90,9.70,16.30
4/3/18-1:18:35,845,373,426,46.20,25.90,9.70,20.30
4/3/18-1:19:35,845,375,437,46.10,25.90,8.80,18.50
4/3/18-1:20:36,844,370,430,46.40,25.80,8.20,13.70
4/3/18-1:21:37,844,370,451,45.60,25.70,8.50,22.90
4/3/18-1:22:38,844,361,427,45.60,25.70,8.60,20.60
4/3/18-1:23:39,845,365,434,45.90,25.70,7.90,26.70
4/3/18-1:24:40,844,365,430,46.60,25.70,8.90,21.00
4/3/18-1:25:41,843,359,419,46.10,25.70,8.40,22.60
4/3/18-1:26:42,843,361,428,45.50,25.70,7.80,14.60
4/3/18-1:27:43,845,362,423,46.30,25.70,8.10,20.20
4/3/18-1:28:44,845,363,418,45.10,25.70,6.90,13.70
4/3/18-1:29:45,845,374,443,46.30,25.70,7.60,17.90
4/3/18-1:30:46,845,365,417,46.30,25.70,8.20,19.60
4/3/18-1:31:47,844,376,434,46.20,25.70,7.60,15.00
4/3/18-1:32:48,845,374,429,46.40,25.80,7.10,18.10
4/3/18-1:33:49,845,369,423,46.10,25.80,5.80,12.80
4/3/18-1:34:50,845,370,422,45.70,25.80,6.50,14.00
4/3/18-1:35:51,843,357,410,45.20,25.80,6.60,17.10
4/3/18-1:36:52,845,349,415,44.50,25.80,5.90,12.70
4/3/18-1:37:53,844,361,430,46.10,25.80,5.60,14.30
4/3/18-1:38:54,843,356,434,46.10,25.80,6.10,11.20
4/3/18-1:39:55,843,350,415,46.50,25.80,6.40,16.80
4/3/18-1:40:56,844,358,419,46.50,25.80,6.10,14.50
4/3/18-1:41:57,845,349,407,46.40,25.80,5.90,16.40
4/3/18-1:42:58,844,359,421,45.90,25.80,5.10,12.80
4/3/18-1:43:59,845,360,417,45.30,25.80,5.20,12.60
4/3/18-1:45:0,844,364,416,45.30,25.80,5.30,12.00
4/3/18-1:46:1,845,356,410,45.60,25.80,5.50,14.10
4/3/18-1:47:2,844,365,424,45.80,25.80,5.30,13.10
4/3/18-1:48:3,844,361,418,44.80,25.80,4.70,12.20
4/3/18-1:49:4,845,359,420,44.60,25.90,4.90,12.70
4/3/18-1:50:5,844,363,423,44.20,25.90,5.00,13.20
4/3/18-1:51:6,844,359,431,44.80,25.90,4.20,9.60
4/3/18-1:52:7,845,351,418,44.50,25.90,4.90,10.80
4/3/18-1:53:8,844,348,414,43.80,25.90,4.50,11.00
4/3/18-1:54:9,847,360,446,43.80,25.90,4.30,13.20
4/3/18-1:55:10,844,359,416,44.50,25.90,5.30,14.20
4/3/18-1:56:11,844,357,414,44.70,25.90,5.10,15.70
4/3/18-1:57:12,843,360,417,43.70,25.90,5.30,16.70
4/3/18-1:58:13,845,356,418,43.90,25.90,4.80,16.10
4/3/18-1:59:14,845,372,439,44.10,25.90,5.30,12.10
4/3/18-2:0:15,845,353,412,44.90,25.90,5.40,14.70
4/3/18-2:1:16,845,355,416,44.00,25.90,4.30,12.00
4/3/18-2:2:17,844,359,416,44.20,25.90,3.90,16.30
4/3/18-2:3:18,847,361,427,43.90,25.90,4.20,15.00
4/3/18-2:4:19,844,362,421,44.20,25.80,4.70,12.60
4/3/18-2:5:20,843,359,412,43.80,25.80,4.60,10.80
4/3/18-2:6:21,844,361,414,44.20,25.80,4.40,16.50
4/3/18-2:7:22,845,361,408,44.40,25.80,4.50,14.30
4/3/18-2:8:23,845,359,407,44.50,25.80,4.20,12.30
4/3/18-2:9:24,845,351,410,44.80,25.80,3.80,11.50
4/3/18-2:10:25,844,361,414,44.70,25.80,4.30,11.20
4/3/18-2:11:26,845,357,415,43.60,25.70,4.20,10.20
4/3/18-2:12:27,844,360,409,43.90,25.70,3.40,11.90
4/3/18-2:13:27,845,354,406,44.50,25.70,3.90,13.50
4/3/18-2:14:28,845,358,411,44.40,25.70,3.40,10.50
4/3/18-2:15:29,844,359,411,44.00,25.70,3.40,8.50
4/3/18-2:16:30,845,354,403,44.60,25.60,3.60,7.50
4/3/18-2:17:31,844,367,417,44.40,25.50,3.40,10.10
4/3/18-2:18:32,844,358,408,45.00,25.50,3.30,7.80
4/3/18-2:19:33,843,358,408,44.50,25.50,3.80,11.10
4/3/18-2:20:34,845,354,404,45.40,25.50,3.80,14.00
4/3/18-2:21:35,844,355,409,44.40,25.50,3.70,15.20
4/3/18-2:22:36,843,363,414,44.80,25.40,3.40,8.50
4/3/18-2:23:37,843,359,407,45.00,25.40,3.70,7.20
4/3/18-2:24:38,845,356,406,44.90,25.40,3.10,9.90
4/3/18-2:25:39,844,356,400,45.40,25.40,3.30,7.90
4/3/18-2:26:40,845,352,403,45.10,25.40,3.50,11.20
4/3/18-2:27:41,843,360,410,45.00,25.40,3.40,6.50
4/3/18-2:28:42,844,358,408,45.10,25.30,3.40,7.60
4/3/18-2:29:43,844,363,413,45.20,25.30,3.30,8.60
4/3/18-2:30:44,844,358,403,45.40,25.30,3.40,13.40
4/3/18-2:31:45,844,350,403,44.70,25.20,3.50,10.90
4/3/18-2:32:46,843,347,405,44.30,25.20,2.90,8.40
4/3/18-2:33:47,845,340,402,44.00,25.20,3.50,8.80
4/3/18-2:34:48,843,342,404,44.40,25.20,3.30,8.00
4/3/18-2:35:49,845,342,408,44.20,25.10,3.50,10.30
4/3/18-2:36:50,845,349,407,45.90,25.10,4.10,11.10
4/3/18-2:37:51,845,356,413,45.70,25.10,3.30,5.60
4/3/18-2:38:52,844,360,412,45.90,25.10,3.50,7.70
4/3/18-2:39:53,843,357,409,46.00,25.10,4.10,8.90
4/3/18-2:40:54,845,355,412,45.70,25.00,4.20,12.30
4/3/18-2:41:55,844,347,403,46.30,25.00,4.60,10.90
4/3/18-2:42:56,844,339,394,45.50,25.00,4.60,11.30
4/3/18-2:43:57,845,344,406,45.50,25.00,4.70,9.20
4/3/18-2:44:58,844,349,403,46.20,24.90,4.90,14.20
4/3/18-2:45:59,844,352,414,45.50,24.90,5.10,12.60
4/3/18-2:47:0,845,347,407,45.80,24.90,5.20,12.50
4/3/18-2:48:1,844,346,408,46.00,24.90,5.00,9.90
4/3/18-2:49:2,845,345,413,45.70,24.90,4.90,10.00
4/3/18-2:50:3,845,341,402,45.40,24.80,4.70,10.10
4/3/18-2:51:4,844,339,403,45.50,24.80,5.20,15.00
4/3/18-2:52:5,844,344,410,46.00,24.80,5.20,14.50
4/3/18-2:53:6,845,336,409,46.10,24.80,5.10,13.40
4/3/18-2:54:7,844,344,404,45.70,24.80,5.20,11.30
4/3/18-2:55:8,845,340,405,45.50,24.80,5.60,12.10
4/3/18-2:56:9,844,347,411,45.10,24.70,6.10,16.50
4/3/18-2:57:10,844,344,410,45.30,24.70,5.20,14.10
4/3/18-2:58:11,845,344,410,45.50,24.70,5.30,14.00
4/3/18-2:59:12,845,344,410,45.70,24.70,5.00,11.20
4/3/18-3:0:13,844,348,410,46.40,24.70,5.90,12.30
4/3/18-3:1:14,845,343,408,47.20,24.70,5.40,13.80
4/3/18-3:2:15,844,348,413,46.80,24.60,6.00,14.60
4/3/18-3:3:16,845,346,408,46.90,24.60,6.20,12.70
4/3/18-3:4:17,845,340,404,46.50,24.60,5.40,12.80
4/3/18-3:5:17,844,336,397,46.00,24.60,6.00,15.00
4/3/18-3:6:18,844,330,399,46.70,24.60,5.20,11.80
4/3/18-3:7:19,845,327,399,46.40,24.60,5.50,9.40
4/3/18-3:8:20,845,332,406,46.00,24.60,6.00,14.10
4/3/18-3:9:21,845,335,406,46.00,24.60,5.50,15.80
4/3/18-3:10:22,845,341,407,47.30,24.60,6.20,16.40
4/3/18-3:11:23,845,339,406,47.40,24.60,6.00,16.50
4/3/18-3:12:24,847,343,414,47.30,24.60,5.90,13.80
4/3/18-3:13:25,845,339,405,47.70,24.50,6.20,13.90
4/3/18-3:14:26,845,329,394,47.10,24.50,5.70,12.50
4/3/18-3:15:27,844,337,410,47.10,24.50,5.50,14.70
4/3/18-3:16:28,845,327,397,48.20,24.50,6.20,17.70
4/3/18-3:17:29,844,334,414,46.90,24.50,6.20,12.20
4/3/18-3:18:30,845,341,414,47.60,24.60,7.00,20.40
4/3/18-3:19:31,844,344,410,48.10,24.60,5.70,11.50
4/3/18-3:20:32,844,344,411,48.10,24.60,6.30,14.40
4/3/18-3:21:33,846,328,412,46.80,24.60,6.60,15.70
4/3/18-3:22:34,845,340,422,47.30,24.60,5.70,11.50
4/3/18-3:23:35,846,337,418,45.90,24.60,5.30,11.90
4/3/18-3:24:36,845,339,406,47.20,24.60,5.00,9.90
4/3/18-3:25:37,845,337,404,47.00,24.60,5.80,17.10
4/3/18-3:26:38,845,342,403,48.30,24.50,5.60,12.60
4/3/18-3:27:39,844,344,405,48.70,24.60,5.90,12.40
4/3/18-3:28:40,844,351,411,47.60,24.60,5.70,13.50
4/3/18-3:29:41,845,348,404,47.40,24.60,5.50,14.00
4/3/18-3:30:42,844,347,403,47.60,24.60,5.90,12.30
4/3/18-3:31:43,845,351,406,47.70,24.60,5.50,12.50
4/3/18-3:32:44,844,350,404,47.20,24.60,5.20,12.70
4/3/18-3:33:45,845,348,410,47.20,24.60,5.90,17.20
4/3/18-3:34:46,844,344,401,47.20,24.60,5.80,11.40
4/3/18-3:35:47,844,348,406,47.40,24.50,5.70,12.30
4/3/18-3:36:48,847,349,409,47.20,24.60,5.60,12.40
4/3/18-3:37:49,845,349,403,47.70,24.60,6.20,20.70
4/3/18-3:38:50,844,352,407,47.10,24.60,6.10,13.40
4/3/18-3:39:51,845,348,406,47.20,24.50,5.80,10.60
4/3/18-3:40:52,846,354,410,47.60,24.50,6.00,12.80
4/3/18-3:41:53,844,347,408,48.10,24.50,5.70,13.30
4/3/18-3:42:54,846,346,403,47.30,24.50,5.40,9.00
4/3/18-3:43:55,845,346,403,47.10,24.50,5.80,12.40
4/3/18-3:44:56,845,348,407,47.60,24.50,5.20,13.40
4/3/18-3:45:57,845,348,404,47.60,24.50,6.00,12.50
4/3/18-3:46:58,845,353,407,47.90,24.50,6.00,13.90
4/3/18-3:47:59,846,353,406,47.70,24.50,5.80,14.80
4/3/18-3:49:0,845,350,401,47.90,24.50,5.50,17.30
4/3/18-3:50:1,844,355,415,46.90,24.50,5.30,15.90
4/3/18-3:51:2,845,351,405,47.20,24.50,5.00,13.50
4/3/18-3:52:3,845,363,418,47.70,24.50,5.40,13.30
4/3/18-3:53:4,845,356,414,48.40,24.50,5.80,12.10
4/3/18-3:54:5,845,350,403,48.80,24.40,4.80,15.00
4/3/18-3:55:6,844,352,402,48.90,24.40,5.20,11.40
4/3/18-3:56:7,844,350,398,48.30,24.40,5.30,9.70
4/3/18-3:57:7,845,341,392,48.60,24.40,4.70,11.20
4/3/18-3:58:8,845,334,407,47.50,24.40,4.70,13.70
4/3/18-3:59:9,845,339,397,48.20,24.40,4.60,10.00
4/3/18-4:0:10,843,349,418,48.10,24.40,4.20,7.70
4/3/18-4:1:11,844,341,398,47.40,24.40,5.30,13.20
4/3/18-4:2:12,845,346,408,47.30,24.40,4.60,10.40
4/3/18-4:3:13,844,349,402,47.30,24.40,4.90,7.40
4/3/18-4:4:14,845,352,414,47.00,24.40,4.90,10.70
4/3/18-4:5:15,845,346,399,47.30,24.40,4.60,9.60
4/3/18-4:6:16,844,342,401,47.00,24.40,4.80,11.60
4/3/18-4:7:17,845,337,402,47.50,24.40,4.30,8.20
4/3/18-4:8:18,844,342,397,47.70,24.40,4.60,9.70
4/3/18-4:9:19,844,344,401,47.60,24.40,5.00,13.20
4/3/18-4:10:20,845,343,401,48.00,24.40,4.80,10.20
4/3/18-4:11:21,844,347,407,47.30,24.50,4.30,9.90
4/3/18-4:12:22,845,343,397,47.80,24.50,4.40,7.80
4/3/18-4:13:23,845,345,401,47.90,24.50,4.10,9.60
4/3/18-4:14:24,845,359,415,47.80,24.40,4.90,10.90
4/3/18-4:15:25,845,358,407,47.60,24.50,4.30,11.50
4/3/18-4:16:26,845,355,414,48.10,24.40,5.00,8.00
4/3/18-4:17:27,845,354,403,47.70,24.40,4.20,9.50
4/3/18-4:18:28,845,360,405,48.20,24.40,4.30,10.80
4/3/18-4:19:29,845,358,406,48.20,24.40,4.10,10.50
4/3/18-4:20:30,845,356,402,48.30,24.40,4.40,9.40
4/3/18-4:21:31,845,343,390,48.20,24.40,4.40,8.60
4/3/18-4:22:32,845,349,406,48.10,24.30,3.70,9.60
4/3/18-4:23:33,845,342,392,48.30,24.40,4.30,9.00
4/3/18-4:24:34,845,326,389,47.40,24.40,4.30,8.80
4/3/18-4:25:35,845,321,409,47.10,24.40,4.10,9.10
4/3/18-4:26:36,845,314,389,47.50,24.40,4.00,9.60
4/3/18-4:27:37,845,317,391,47.70,24.40,4.10,8.90
4/3/18-4:28:38,845,330,402,47.80,24.40,3.80,7.20
4/3/18-4:29:39,845,334,404,48.40,24.30,4.50,10.80
4/3/18-4:30:40,844,337,397,47.00,24.30,4.20,6.80
4/3/18-4:31:41,845,336,400,48.20,24.30,4.30,10.10
4/3/18-4:32:42,845,335,388,47.40,24.30,4.60,12.50
4/3/18-4:33:43,844,338,403,47.50,24.30,4.50,14.00
4/3/18-4:34:44,845,326,386,47.70,24.30,4.80,9.70
4/3/18-4:35:45,844,310,378,47.80,24.30,4.10,9.70
4/3/18-4:36:46,845,309,385,47.20,24.30,4.50,9.90
4/3/18-4:37:47,845,319,401,47.10,24.20,4.60,7.90
4/3/18-4:38:48,845,329,426,47.50,24.30,4.20,10.10
4/3/18-4:39:49,845,336,400,47.40,24.20,3.90,12.40
4/3/18-4:40:50,845,341,406,47.90,24.20,4.50,11.20
4/3/18-4:41:51,845,333,405,47.80,24.20,3.90,10.60
4/3/18-4:42:52,845,324,395,47.10,24.20,4.20,8.40
4/3/18-4:43:53,845,321,392,46.80,24.20,4.00,7.60
4/3/18-4:44:54,844,322,392,46.70,24.30,3.60,7.10
4/3/18-4:45:55,845,322,399,47.20,24.30,4.00,9.20
4/3/18-4:46:56,846,313,389,47.20,24.20,4.20,8.30
4/3/18-4:47:56,845,321,415,46.80,24.30,3.80,11.10
4/3/18-4:48:57,845,321,402,46.70,24.30,3.90,8.70
4/3/18-4:49:58,845,326,400,46.80,24.30,3.90,8.30
4/3/18-4:50:59,846,332,400,47.20,24.30,4.00,7.40
4/3/18-4:52:0,845,326,391,47.20,24.20,3.80,11.60
4/3/18-4:53:1,845,322,395,47.30,24.20,3.40,7.30
4/3/18-4:54:2,845,327,408,46.70,24.30,4.10,9.10
4/3/18-4:55:3,845,317,399,46.30,24.30,3.70,7.60
4/3/18-4:56:4,845,315,393,46.30,24.30,3.30,6.90
4/3/18-4:57:5,845,327,396,46.60,24.30,3.50,7.80
4/3/18-4:58:6,845,327,393,46.90,24.30,3.70,6.70
4/3/18-4:59:7,844,323,408,46.70,24.30,3.80,8.90
4/3/18-5:0:8,844,340,400,47.00,24.30,3.30,6.50
4/3/18-5:1:9,845,327,390,46.80,24.20,3.70,6.80
4/3/18-5:2:10,845,320,399,46.20,24.30,3.40,9.90
4/3/18-5:3:11,845,313,389,46.80,24.30,4.00,9.10
4/3/18-5:4:12,845,306,386,44.60,24.30,3.10,6.10
4/3/18-5:5:13,846,310,398,45.20,24.30,3.50,7.10
4/3/18-5:6:14,845,311,394,45.20,24.30,3.00,4.40
4/3/18-5:7:15,846,320,414,45.50,24.30,3.20,10.30
4/3/18-5:8:16,845,331,408,46.20,24.30,3.10,7.60
4/3/18-5:9:17,845,319,394,46.10,24.30,3.60,7.50
4/3/18-5:10:18,845,315,405,46.60,24.20,3.20,7.80
4/3/18-5:11:19,845,327,398,47.20,24.20,3.50,7.20
4/3/18-5:12:20,845,329,413,46.70,24.20,3.00,5.40
4/3/18-5:13:21,845,321,396,47.60,24.20,3.50,8.80
4/3/18-5:14:22,846,312,400,46.40,24.20,3.00,5.60
4/3/18-5:15:23,844,302,387,45.60,24.20,3.10,6.20
4/3/18-5:16:24,844,316,419,45.10,24.20,3.10,4.10
4/3/18-5:17:25,844,313,399,45.20,24.20,2.90,5.50
4/3/18-5:18:26,845,303,399,45.70,24.20,2.90,5.90
4/3/18-5:19:27,846,304,400,45.10,24.20,3.40,8.60
4/3/18-5:20:28,844,295,376,45.30,24.20,2.90,5.40
4/3/18-5:21:29,844,306,406,44.60,24.20,2.90,7.60
4/3/18-5:22:30,846,291,388,44.50,24.20,3.50,6.90
4/3/18-5:23:31,846,273,389,45.10,24.20,3.20,7.10
4/3/18-5:24:32,844,283,387,44.70,24.20,2.90,10.20
4/3/18-5:25:33,844,319,431,44.80,24.30,3.10,6.30
4/3/18-5:26:34,845,325,398,45.00,24.30,3.20,9.90
4/3/18-5:27:35,845,323,389,45.00,24.30,2.90,5.70
4/3/18-5:28:36,844,304,385,44.40,24.30,3.00,8.30
4/3/18-5:29:37,844,301,397,44.40,24.30,2.80,3.70
4/3/18-5:30:38,847,306,397,44.40,24.30,3.30,6.10
4/3/18-5:31:39,845,280,390,44.70,24.30,3.00,7.60
4/3/18-5:32:40,846,255,373,44.50,24.30,3.10,4.60
4/3/18-5:33:41,845,264,384,44.90,24.30,2.90,8.50
4/3/18-5:34:42,845,300,421,45.20,24.30,3.50,7.70
4/3/18-5:35:43,846,281,380,45.20,24.30,3.10,5.80
4/3/18-5:36:44,846,280,392,45.20,24.30,2.90,6.50
4/3/18-5:37:45,847,295,408,45.30,24.30,3.20,7.10
4/3/18-5:38:45,844,311,417,45.90,24.30,3.50,6.40
4/3/18-5:39:46,844,311,408,45.90,24.30,3.40,6.40
4/3/18-5:40:47,845,308,387,45.90,24.30,3.60,10.40
4/3/18-5:41:48,845,319,390,45.20,24.30,3.30,11.90
4/3/18-5:42:49,845,314,400,45.00,24.30,3.20,8.70
4/3/18-5:43:50,846,281,374,45.60,24.30,3.20,8.00
4/3/18-5:44:51,845,281,384,44.60,24.30,3.30,7.70
4/3/18-5:45:52,846,295,405,44.50,24.30,3.40,8.60
4/3/18-5:46:53,845,278,386,45.20,24.30,3.60,8.80
4/3/18-5:47:54,845,282,387,45.00,24.30,3.00,6.20
4/3/18-5:48:55,845,282,391,45.00,24.20,3.20,4.90
4/3/18-5:49:56,845,283,385,44.80,24.20,3.50,8.50
4/3/18-5:50:57,844,275,384,43.30,24.20,3.70,9.30
4/3/18-5:51:58,845,277,380,44.90,24.20,3.50,9.70
4/3/18-5:52:59,845,279,413,44.30,24.20,2.90,6.90
4/3/18-5:54:0,845,296,401,44.70,24.20,3.30,6.20
4/3/18-5:55:1,844,304,397,45.10,24.20,3.00,5.70
4/3/18-5:56:2,845,294,380,45.20,24.20,3.20,7.40
4/3/18-5:57:3,844,288,383,45.00,24.30,2.80,6.20
4/3/18-5:58:4,845,291,389,45.40,24.20,3.10,6.70
4/3/18-5:59:5,844,305,388,45.30,24.20,3.10,6.10
4/3/18-6:0:6,845,281,377,45.10,24.20,3.00,4.20
4/3/18-6:1:7,845,277,383,44.80,24.20,3.40,6.90
4/3/18-6:2:8,845,288,386,45.60,24.20,3.30,5.00
4/3/18-6:3:9,844,300,399,46.10,24.30,3.50,14.30
4/3/18-6:4:10,845,297,403,45.20,24.20,3.10,5.10
4/3/18-6:5:11,846,289,391,45.40,24.20,4.00,10.90
4/3/18-6:6:12,845,289,385,45.30,24.20,3.10,10.20
4/3/18-6:7:13,845,293,385,45.30,24.20,2.80,6.80
4/3/18-6:8:14,845,304,388,45.30,24.20,2.90,7.80
4/3/18-6:9:15,845,323,408,46.30,24.20,2.60,6.90
4/3/18-6:10:16,845,334,403,46.30,24.20,2.60,6.80
4/3/18-6:11:17,844,334,399,45.70,24.20,3.10,7.10
4/3/18-6:12:18,845,345,426,45.90,24.20,2.60,5.50
4/3/18-6:13:19,845,333,405,46.20,24.30,2.80,5.50
4/3/18-6:14:20,844,326,397,45.50,24.20,3.40,7.50
4/3/18-6:15:21,845,324,406,45.80,24.20,2.40,5.20
4/3/18-6:16:22,846,316,411,46.20,24.20,2.70,5.10
4/3/18-6:17:23,844,304,384,45.60,24.10,3.00,5.20
4/3/18-6:18:24,846,296,406,46.40,24.10,2.50,5.40
4/3/18-6:19:25,844,308,396,46.30,24.10,2.50,4.20
4/3/18-6:20:26,845,303,403,45.60,24.00,2.50,4.60
4/3/18-6:21:27,846,288,382,45.80,24.00,2.70,7.40
4/3/18-6:22:28,845,267,369,44.60,24.00,2.50,4.40
4/3/18-6:23:29,844,262,378,44.50,23.90,2.50,5.90
4/3/18-6:24:30,847,278,397,44.10,23.90,2.60,8.20
4/3/18-6:25:31,845,279,391,44.80,23.80,3.20,6.40
4/3/18-6:26:32,845,256,370,44.30,23.80,3.70,8.30
4/3/18-6:27:33,845,266,392,44.10,23.70,3.80,9.50
4/3/18-6:28:34,845,242,365,44.40,23.70,4.70,10.30
4/3/18-6:29:34,845,236,374,43.90,23.60,4.80,9.60
4/3/18-6:30:35,846,264,405,44.70,23.50,4.60,8.10
4/3/18-6:31:36,846,277,379,44.90,23.50,4.60,7.80
4/3/18-6:32:37,845,264,382,45.40,23.50,5.30,12.00
4/3/18-6:33:38,845,241,376,45.00,23.50,6.10,12.50
4/3/18-6:34:39,845,251,377,44.90,23.40,5.70,10.50
4/3/18-6:35:40,845,241,363,45.40,23.40,5.20,8.80
4/3/18-6:36:41,846,227,365,45.50,23.40,5.40,17.50
4/3/18-6:37:42,845,238,377,45.50,23.40,4.90,8.00
4/3/18-6:38:43,844,252,393,45.40,23.30,5.50,9.10
4/3/18-6:39:44,844,246,367,45.20,23.30,5.10,12.00
4/3/18-6:40:45,845,266,387,44.60,23.30,4.90,10.70
4/3/18-6:41:46,846,272,388,45.60,23.30,4.90,9.20
4/3/18-6:42:47,846,275,384,45.50,23.30,5.40,9.80
4/3/18-6:43:48,845,274,379,45.70,23.30,5.20,8.00
4/3/18-6:44:49,846,252,371,45.60,23.30,5.40,8.40
4/3/18-6:45:50,844,269,413,45.30,23.30,6.20,11.90
4/3/18-6:46:51,846,278,406,43.60,23.30,6.00,11.10
4/3/18-6:47:52,845,287,394,44.10,23.30,6.10,26.10
4/3/18-6:48:53,845,283,391,44.20,23.30,5.80,14.60
4/3/18-6:49:54,845,262,390,44.70,23.30,5.60,9.80
4/3/18-6:50:55,844,273,395,44.30,23.30,5.80,10.80
4/3/18-6:51:56,845,269,382,44.20,23.30,6.00,10.80
4/3/18-6:52:57,845,272,398,43.90,23.30,5.50,9.70
4/3/18-6:53:58,847,266,383,44.30,23.30,5.50,10.80
4/3/18-6:54:59,846,293,399,44.70,23.30,5.60,12.50
4/3/18-6:56:0,844,283,378,44.50,23.40,5.40,8.80
4/3/18-6:57:1,845,280,387,44.00,23.40,5.90,15.00
4/3/18-6:58:2,846,264,373,44.10,23.40,6.00,12.30
4/3/18-6:59:3,847,264,389,43.50,23.40,5.70,12.00
4/3/18-7:0:4,845,262,390,43.70,23.40,5.10,10.40
4/3/18-7:1:5,846,254,373,44.20,23.40,6.30,12.10
4/3/18-7:2:6,846,251,375,44.10,23.30,5.70,10.10
4/3/18-7:3:7,844,258,379,43.60,23.30,5.80,10.70
4/3/18-7:4:8,846,236,371,44.00,23.30,5.30,9.60
4/3/18-7:5:9,844,231,377,44.20,23.30,5.60,11.60
4/3/18-7:6:10,845,237,372,44.00,23.30,5.40,10.00
4/3/18-7:7:11,844,229,369,44.50,23.20,5.20,13.00
4/3/18-7:8:12,845,262,386,43.60,23.20,5.20,9.80
4/3/18-7:9:13,844,256,379,45.10,23.20,5.10,14.10
4/3/18-7:10:14,846,240,364,44.90,23.20,4.60,9.90
4/3/18-7:11:15,846,235,377,43.90,23.20,5.10,13.10
4/3/18-7:12:16,845,229,366,44.00,23.20,4.80,8.40
4/3/18-7:13:17,846,209,368,43.60,23.20,4.70,10.90
4/3/18-7:14:18,845,231,381,43.70,23.10,4.20,9.00
4/3/18-7:15:19,846,231,373,44.00,23.10,4.40,9.30
4/3/18-7:16:20,846,220,364,44.30,23.10,4.10,5.40
4/3/18-7:17:21,846,223,370,44.50,23.10,4.40,12.00
4/3/18-7:18:22,846,227,374,44.20,23.10,4.30,12.30
4/3/18-7:19:22,846,245,397,44.40,23.00,3.70,11.50
4/3/18-7:20:23,845,258,391,44.30,23.10,4.20,9.00
4/3/18-7:21:24,846,246,377,44.40,23.10,3.60,9.30
4/3/18-7:22:25,846,247,371,43.70,23.10,3.90,10.80
4/3/18-7:23:26,846,246,376,44.40,23.10,3.30,5.90
4/3/18-7:24:27,846,243,377,44.70,23.10,3.30,8.40
4/3/18-7:25:28,846,245,378,44.40,23.20,3.60,8.00
4/3/18-7:26:29,845,234,364,44.40,23.20,3.80,8.00
4/3/18-7:27:30,846,250,412,43.60,23.10,3.40,13.60
4/3/18-7:28:31,846,258,377,44.60,23.20,4.50,23.20
4/3/18-7:29:32,845,271,394,44.30,23.20,4.00,10.50
4/3/18-7:30:33,846,267,387,44.60,23.20,3.30,7.10
4/3/18-7:31:34,844,268,381,45.90,23.20,4.40,18.00
4/3/18-7:32:35,845,241,359,45.40,23.30,4.10,11.30
4/3/18-7:33:36,846,230,379,44.90,23.20,4.00,11.20
4/3/18-7:34:37,846,237,379,45.20,23.20,3.60,8.60
4/3/18-7:35:38,845,228,384,45.80,23.20,4.50,12.70
4/3/18-7:36:39,845,245,386,45.40,23.20,4.30,13.00
4/3/18-7:37:40,846,242,381,45.30,23.20,5.10,23.40
4/3/18-7:38:41,845,234,377,45.00,23.30,3.70,13.40
4/3/18-7:39:42,845,223,367,45.60,23.20,3.40,9.60
4/3/18-7:40:43,846,231,370,45.70,23.20,4.00,14.50
4/3/18-7:41:44,846,234,369,45.40,23.20,3.50,6.00
4/3/18-7:42:45,845,228,379,45.60,23.20,3.10,10.70
4/3/18-7:43:46,845,212,363,44.70,23.20,4.00,12.00
4/3/18-7:44:47,846,233,413,44.80,23.20,3.60,13.10
4/3/18-7:45:48,846,226,363,44.90,23.20,3.40,13.20
4/3/18-7:46:49,848,219,376,44.50,23.20,3.50,16.00
4/3/18-7:47:50,846,235,380,44.90,23.20,3.00,10.80
4/3/18-7:48:51,845,249,404,45.50,23.30,3.40,21.00
4/3/18-7:49:52,845,256,374,45.70,23.30,3.10,9.70
4/3/18-7:50:53,846,256,409,45.90,23.30,2.40,7.70
4/3/18-7:51:54,846,256,384,45.80,23.30,5.40,25.80
4/3/18-7:52:55,844,265,390,45.00,23.30,2.90,13.20
4/3/18-7:53:56,846,263,385,45.00,23.40,3.50,15.70
4/3/18-7:54:57,846,248,390,46.00,23.40,2.80,7.80
4/3/18-7:55:58,846,219,366,45.00,23.40,2.50,8.80
4/3/18-7:56:59,845,201,367,45.50,23.40,2.40,8.50
4/3/18-7:58:0,846,201,370,44.20,23.30,1.90,3.60
4/3/18-7:59:1,846,205,377,44.90,23.20,2.30,11.20
4/3/18-8:0:2,846,193,360,45.00,23.20,2.10,7.20
4/3/18-8:1:3,848,186,363,45.00,23.10,2.30,7.40
4/3/18-8:2:4,846,202,367,45.10,23.10,2.30,11.80
4/3/18-8:3:5,846,196,365,45.70,23.10,2.50,9.90
4/3/18-8:4:6,846,207,375,45.40,23.10,2.50,9.00
4/3/18-8:5:7,845,212,368,45.30,23.20,2.70,6.40
4/3/18-8:6:8,846,210,377,45.80,23.10,2.60,11.20
4/3/18-8:7:9,845,221,371,46.00,23.20,3.10,8.40
4/3/18-8:8:10,846,220,377,45.40,23.20,2.50,10.60
4/3/18-8:9:10,846,253,401,45.90,23.20,2.60,8.60
4/3/18-8:10:11,845,284,409,45.70,23.30,2.80,8.80
4/3/18-8:11:12,846,275,404,46.20,23.30,2.80,7.10
4/3/18-8:12:13,846,243,368,45.40,23.40,3.00,7.40
4/3/18-8:13:14,846,212,365,45.40,23.40,2.50,10.70
4/3/18-8:14:15,846,198,363,44.80,23.40,3.10,8.00
4/3/18-8:15:16,846,218,400,44.50,23.40,2.60,8.30
4/3/18-8:16:17,846,224,371,44.80,23.40,2.50,12.60
4/3/18-8:17:18,845,213,377,46.00,23.50,2.50,6.80
4/3/18-8:18:19,845,211,369,45.20,23.50,2.10,5.30
4/3/18-8:19:20,845,212,378,45.80,23.50,2.10,5.50
4/3/18-8:20:21,845,218,388,45.40,23.50,2.40,5.40
4/3/18-8:21:22,845,229,388,44.80,23.50,1.80,6.90
4/3/18-8:22:23,845,239,384,45.10,23.60,2.20,8.40
4/3/18-8:23:24,846,250,383,46.00,23.60,2.20,7.20
4/3/18-8:24:25,846,279,394,45.90,23.60,1.90,4.60
4/3/18-8:25:26,844,280,382,46.00,23.60,1.70,5.80
4/3/18-8:26:27,845,259,388,46.30,23.60,2.30,8.00
4/3/18-8:27:28,844,277,396,45.90,23.70,2.00,6.40
4/3/18-8:28:29,845,276,406,45.70,23.60,2.20,7.60
4/3/18-8:29:30,845,246,372,45.70,23.70,1.80,2.50
4/3/18-8:30:31,845,248,375,45.20,23.70,2.10,5.70
4/3/18-8:31:32,846,244,390,45.00,23.70,1.80,3.40
4/3/18-8:32:33,846,233,379,45.00,23.70,1.90,6.20
4/3/18-8:33:34,845,221,371,45.50,23.70,2.00,7.10
4/3/18-8:34:35,844,216,378,45.60,23.70,1.80,3.40
4/3/18-8:35:36,845,207,366,45.10,23.60,1.70,4.90
4/3/18-8:36:37,846,202,375,45.30,23.60,1.90,5.40
4/3/18-8:37:38,844,214,384,44.80,23.60,1.70,12.80
4/3/18-8:38:39,846,225,394,45.40,23.60,1.90,5.60
4/3/18-8:39:40,845,234,391,45.90,23.70,1.80,5.50
4/3/18-8:40:41,845,215,372,45.70,23.70,1.80,5.60
4/3/18-8:41:42,846,208,393,44.50,23.60,1.50,2.00
4/3/18-8:42:43,846,207,387,44.80,23.60,1.80,4.90
4/3/18-8:43:44,846,208,385,44.90,23.60,1.90,4.30
4/3/18-8:44:45,844,216,377,45.10,23.60,1.70,4.30
4/3/18-8:45:46,845,191,370,45.80,23.60,1.90,6.80
4/3/18-8:46:47,846,192,364,44.50,23.50,1.50,2.60
4/3/18-8:47:48,845,195,374,44.50,23.60,1.80,9.60
4/3/18-8:48:49,846,193,387,44.80,23.60,1.50,5.40
4/3/18-8:49:50,845,214,393,44.70,23.60,1.50,5.70
4/3/18-8:50:51,846,214,370,45.10,23.60,1.50,5.30
4/3/18-8:51:52,844,200,376,44.40,23.60,1.50,5.10
4/3/18-8:52:53,845,187,379,44.90,23.70,1.80,9.20
4/3/18-8:53:54,844,195,374,44.90,23.70,1.60,5.60
4/3/18-8:54:55,846,209,403,45.40,23.70,1.60,6.60
4/3/18-8:55:56,846,198,377,45.50,23.80,2.00,8.60
4/3/18-8:56:57,845,223,386,45.40,23.80,1.60,4.00
4/3/18-8:57:58,845,201,370,45.30,23.80,1.40,2.40
4/3/18-8:58:58,844,200,380,44.90,23.90,1.90,5.40
4/3/18-8:59:59,844,205,372,45.10,23.90,1.60,5.60
4/3/18-9:1:0,846,171,357,44.20,23.90,1.80,5.00
4/3/18-9:2:1,845,168,368,43.50,23.90,2.00,4.50
4/3/18-9:3:2,846,193,387,44.20,23.90,1.80,6.10
4/3/18-9:4:3,846,200,378,44.80,23.90,1.50,4.00
4/3/18-9:5:4,844,206,399,44.40,23.90,1.60,4.40
4/3/18-9:6:5,845,228,401,44.90,24.00,1.50,3.90
4/3/18-9:7:6,845,221,370,45.20,24.00,1.70,4.60
4/3/18-9:8:7,845,183,361,45.50,24.10,1.50,5.60
4/3/18-9:9:8,845,176,376,43.40,24.10,1.70,3.50
4/3/18-9:10:9,844,200,383,43.30,24.10,1.60,8.40
4/3/18-9:11:10,845,187,379,44.70,24.10,1.60,4.00
4/3/18-9:12:11,843,192,388,43.10,24.20,1.80,3.10
4/3/18-9:13:12,845,204,388,44.00,24.20,1.90,7.00
4/3/18-9:14:13,845,212,375,43.80,24.20,1.90,5.30
4/3/18-9:15:14,846,187,359,44.80,24.30,1.30,3.30
4/3/18-9:16:15,846,186,372,44.00,24.30,1.30,3.40
4/3/18-9:17:16,844,161,353,44.10,24.30,1.10,3.00
4/3/18-9:18:17,844,169,372,42.50,24.40,1.20,3.90
4/3/18-9:19:18,844,172,376,43.40,24.40,1.60,7.80
4/3/18-9:20:19,845,159,350,43.40,24.40,1.20,4.70
4/3/18-9:21:20,845,149,377,43.00,24.50,1.30,3.40
4/3/18-9:22:21,845,176,397,42.60,24.50,1.40,5.50
4/3/18-9:23:22,845,208,386,44.30,24.60,1.50,3.50
4/3/18-9:24:23,844,187,363,44.50,24.60,1.50,3.70
4/3/18-9:25:24,845,184,395,43.40,24.70,1.50,4.80
4/3/18-9:26:25,846,196,373,44.40,24.70,1.40,10.30
4/3/18-9:27:26,846,159,371,43.90,24.80,1.50,3.80
4/3/18-9:28:27,844,152,349,41.90,24.80,1.20,4.30
4/3/18-9:29:28,845,152,385,43.90,24.80,1.20,5.50
4/3/18-9:30:29,845,160,379,42.10,24.80,1.70,9.00
4/3/18-9:31:30,845,153,359,42.40,24.80,1.70,13.20
4/3/18-9:32:31,845,144,361,41.80,24.90,1.00,3.50
4/3/18-9:33:32,845,165,420,42.10,24.90,1.10,1.60
4/3/18-9:34:33,845,160,364,42.20,25.00,0.90,5.20
4/3/18-9:35:34,844,182,380,42.40,25.00,1.20,6.10
4/3/18-9:36:35,845,132,353,42.60,25.10,1.50,7.70
4/3/18-9:37:36,845,120,344,40.50,25.00,1.00,4.50
4/3/18-9:38:37,846,124,351,40.40,25.10,1.10,8.20
4/3/18-9:39:38,846,117,342,40.80,25.10,1.40,9.50
4/3/18-9:40:39,844,132,376,40.10,25.20,0.90,2.70
4/3/18-9:41:40,844,159,404,39.20,25.20,0.80,3.10
4/3/18-9:42:41,845,137,379,40.00,25.20,1.00,5.50
4/3/18-9:43:42,844,150,381,40.10,25.20,1.50,10.80
4/3/18-9:44:43,844,143,361,40.10,25.20,1.20,5.10
4/3/18-9:45:44,845,133,350,39.40,25.20,1.00,8.00
4/3/18-9:46:45,845,124,346,38.60,25.30,0.90,2.70
4/3/18-9:47:46,845,124,364,38.80,25.30,1.20,5.60
4/3/18-9:48:47,845,129,371,38.90,25.30,1.20,4.80
4/3/18-9:49:47,845,119,346,48.80,25.30,1.60,11.50
4/3/18-9:50:48,844,131,353,47.40,25.30,0.80,1.10
4/3/18-9:51:49,844,122,338,46.80,25.40,1.10,5.10
4/3/18-9:52:50,845,120,355,48.40,25.30,1.00,1.70
4/3/18-9:53:51,845,113,336,48.40,25.40,0.90,3.20
4/3/18-9:54:52,845,115,374,46.80,25.40,1.10,5.40
4/3/18-9:55:53,845,167,458,47.40,25.40,0.80,4.50
4/3/18-9:56:54,844,160,355,47.30,25.50,1.20,4.50
4/3/18-9:57:55,843,173,373,48.30,25.60,1.00,3.80
4/3/18-9:58:56,845,162,368,48.10,25.60,1.40,6.60
4/3/18-9:59:57,844,155,357,48.90,25.70,1.00,1.90
4/3/18-10:0:58,844,136,376,47.20,25.70,0.90,2.60
4/3/18-10:1:59,845,173,406,46.50,25.80,0.90,1.70
4/3/18-10:3:0,844,198,405,48.90,25.80,0.90,2.80
4/3/18-10:4:1,846,189,380,48.60,25.80,0.90,2.90
4/3/18-10:5:2,846,188,395,49.10,25.90,1.70,5.50
4/3/18-10:6:3,845,196,388,48.70,25.90,1.20,5.80
4/3/18-10:7:4,844,175,369,48.90,25.90,2.20,16.70
4/3/18-10:8:5,845,148,356,50.10,26.00,1.30,6.90
4/3/18-10:9:6,843,132,355,48.90,26.00,1.10,5.30
4/3/18-10:10:7,845,140,410,47.50,26.10,0.90,4.00
4/3/18-10:11:8,844,142,346,47.20,26.10,0.80,3.80
4/3/18-10:12:9,845,145,387,48.30,26.10,0.90,2.50
4/3/18-10:13:10,844,151,364,47.20,26.10,1.00,1.70
4/3/18-10:14:11,844,151,372,47.90,26.20,0.90,4.30
4/3/18-10:15:12,844,142,371,48.70,26.20,1.00,1.70
4/3/18-10:16:13,845,152,372,48.70,26.30,1.30,4.40
4/3/18-10:17:14,843,134,356,48.60,26.30,1.30,4.30
4/3/18-10:18:15,844,122,347,48.00,26.30,1.40,7.90
4/3/18-10:19:16,845,125,363,47.20,26.20,1.00,4.40
4/3/18-10:20:17,845,140,392,47.60,26.30,1.00,2.40
4/3/18-10:21:18,844,125,351,48.80,26.30,1.70,5.50
4/3/18-10:22:19,843,155,394,48.10,26.20,0.90,2.10
4/3/18-10:23:20,843,145,373,48.30,26.30,1.50,3.80
4/3/18-10:24:21,843,130,362,48.00,26.30,1.20,4.20
4/3/18-10:25:22,844,124,344,47.00,26.30,1.10,4.60
4/3/18-10:26:23,844,119,346,47.50,26.30,1.10,5.90
4/3/18-10:27:24,844,146,426,47.40,26.30,1.10,3.70
4/3/18-10:28:25,844,176,393,48.40,26.40,1.00,2.40
4/3/18-10:29:26,844,172,386,48.60,26.40,1.20,3.80
4/3/18-10:30:27,843,162,371,48.80,26.50,0.90,2.20
4/3/18-10:31:28,844,133,353,48.50,26.50,1.10,5.50
4/3/18-10:32:29,844,155,394,48.40,26.50,1.10,4.70
4/3/18-10:33:30,844,146,373,48.80,26.50,1.00,4.50
4/3/18-10:34:31,843,167,424,48.30,26.60,1.10,6.30
4/3/18-10:35:32,844,141,349,48.20,26.60,1.20,3.30
4/3/18-10:36:33,844,142,374,47.70,26.70,1.50,6.00
4/3/18-10:37:34,843,149,385,48.10,26.70,1.10,2.60
4/3/18-10:38:35,844,157,375,47.50,26.70,1.50,5.90
4/3/18-10:39:36,844,137,354,47.50,26.70,1.50,5.70
4/3/18-10:40:37,844,124,351,46.20,26.70,1.50,2.30
4/3/18-10:41:38,843,138,377,48.00,26.70,1.30,3.10
4/3/18-10:42:39,844,137,360,49.00,26.70,1.10,3.70
4/3/18-10:43:40,842,147,369,48.00,26.80,1.50,4.70
4/3/18-10:44:40,842,143,358,48.50,26.80,1.40,2.00
4/3/18-10:45:41,844,125,376,46.00,26.80,1.80,5.30
4/3/18-10:46:42,842,135,359,45.90,26.90,2.00,4.90
4/3/18-10:47:43,843,136,381,47.60,26.90,2.30,5.30
4/3/18-10:48:44,845,160,432,47.80,26.90,2.10,5.80
4/3/18-10:49:45,843,167,403,48.10,27.00,2.00,3.90
4/3/18-10:50:46,842,194,405,48.10,27.00,1.90,3.20
4/3/18-10:51:47,844,151,366,47.50,27.00,1.90,2.50
4/3/18-10:52:48,843,150,391,49.00,27.00,2.10,3.40
4/3/18-10:53:49,843,149,387,47.80,27.10,1.40,2.80
4/3/18-10:54:50,842,152,373,48.60,27.10,1.60,2.40
4/3/18-10:55:51,845,139,399,46.60,27.10,1.80,3.80
4/3/18-10:56:52,843,137,359,46.80,27.20,1.30,2.80
4/3/18-10:57:53,843,128,383,47.00,27.20,1.30,2.70
4/3/18-10:58:54,842,131,343,47.00,27.20,1.30,2.40
4/3/18-10:59:55,843,127,369,46.30,27.20,1.40,17.20
4/3/18-11:0:56,843,128,363,44.80,27.20,1.50,3.60
4/3/18-11:1:57,842,134,353,46.40,27.30,1.70,5.10
4/3/18-11:2:58,841,149,362,47.20,27.30,1.30,5.30
4/3/18-11:3:59,842,174,374,46.70,27.30,1.40,2.70
4/3/18-11:5:0,842,162,387,46.50,27.30,1.30,3.90
4/3/18-11:6:1,842,154,385,47.00,27.30,1.10,1.20
4/3/18-11:7:2,842,143,370,46.50,27.30,1.50,4.20
4/3/18-11:8:3,843,167,377,46.50,27.30,1.30,5.40
4/3/18-11:9:4,843,178,393,46.20,27.40,1.40,5.20
4/3/18-11:10:5,843,153,360,46.00,27.40,1.70,8.40
4/3/18-11:11:6,842,138,363,47.10,27.40,1.20,5.00
4/3/18-11:12:7,842,152,387,47.90,27.40,1.20,3.00
4/3/18-11:13:8,843,184,413,46.90,27.50,1.10,3.60
4/3/18-11:14:9,843,169,388,46.80,27.50,1.00,1.30
4/3/18-11:15:10,843,158,390,46.10,27.50,1.10,2.30
4/3/18-11:16:11,843,189,381,46.20,27.60,1.60,4.80
4/3/18-11:17:12,842,158,394,47.50,27.60,1.30,5.30
4/3/18-11:18:13,843,176,400,46.60,27.70,1.10,2.00
4/3/18-11:19:14,843,134,362,47.30,27.70,1.30,4.70
4/3/18-11:20:15,842,117,348,45.30,27.70,1.00,2.10
4/3/18-11:21:16,842,123,357,45.40,27.60,1.20,2.20
4/3/18-11:22:17,842,141,395,46.50,27.70,1.10,4.80
4/3/18-11:23:18,842,121,367,47.60,27.70,1.40,2.90
4/3/18-11:24:19,843,148,434,45.40,27.70,1.00,2.10
4/3/18-11:25:20,842,146,374,46.80,27.70,1.60,5.10
4/3/18-11:26:21,842,146,395,46.40,27.70,1.30,3.50
4/3/18-11:27:22,843,138,380,46.40,27.70,1.50,4.00
4/3/18-11:28:23,842,155,399,46.60,27.70,1.40,6.60
4/3/18-11:29:24,843,157,379,46.70,27.70,1.20,8.60
4/3/18-11:30:25,843,149,361,48.30,27.70,1.50,8.10
4/3/18-11:31:26,842,202,437,48.30,27.80,1.50,8.50
4/3/18-11:32:27,842,192,386,47.50,27.80,1.40,4.70
4/3/18-11:33:28,842,189,419,46.80,27.80,1.60,6.30
4/3/18-11:34:29,843,164,378,46.30,27.90,1.50,4.50
4/3/18-11:35:30,843,155,383,46.90,27.90,1.60,3.90
4/3/18-11:36:31,843,145,364,45.70,27.90,1.40,6.30
4/3/18-11:37:32,842,164,395,44.70,27.90,1.30,3.90
4/3/18-11:38:33,843,127,353,44.30,27.90,1.30,3.70
4/3/18-11:39:34,842,149,382,43.90,27.90,1.50,2.80
4/3/18-11:40:35,843,135,403,45.70,28.00,1.30,4.40
4/3/18-11:41:35,843,168,405,44.70,27.90,1.30,3.50
4/3/18-11:42:36,843,189,431,47.90,28.00,1.10,1.70
4/3/18-11:43:37,843,139,351,46.60,28.00,1.00,3.20
4/3/18-11:44:38,842,126,359,46.30,28.00,1.00,4.40
4/3/18-11:45:39,843,154,381,45.40,28.10,1.20,3.10
4/3/18-11:46:40,845,125,358,44.90,28.10,1.10,2.60
4/3/18-11:47:41,843,122,382,45.70,28.10,1.00,5.60
4/3/18-11:48:42,843,140,405,46.00,28.10,1.20,4.60
4/3/18-11:49:43,842,147,369,46.70,28.10,1.10,3.20
4/3/18-11:50:44,842,153,380,45.70,28.20,1.30,2.40
4/3/18-11:51:45,842,115,384,46.40,28.20,1.10,2.80
4/3/18-11:52:46,841,157,407,43.70,28.20,1.30,7.20
4/3/18-11:53:47,843,172,400,46.90,28.30,1.30,5.70
4/3/18-11:54:48,843,141,371,45.80,28.30,1.30,3.90
4/3/18-11:55:49,842,155,377,43.90,28.30,1.30,4.40
4/3/18-11:56:50,842,166,391,44.70,28.40,1.40,5.00
4/3/18-11:57:51,843,141,366,44.80,28.30,1.60,2.30
4/3/18-11:58:52,842,144,375,45.50,28.40,1.10,4.00
4/3/18-11:59:53,843,139,382,44.50,28.40,1.20,2.90
4/3/18-12:0:54,843,136,362,44.90,28.50,1.40,4.40
4/3/18-12:1:55,843,197,460,45.00,28.50,1.20,3.00
4/3/18-12:2:56,843,129,360,43.70,28.50,1.10,3.50
4/3/18-12:3:57,843,111,347,43.30,28.50,1.60,4.50
4/3/18-12:4:58,841,127,367,43.90,28.50,1.20,3.10
4/3/18-12:5:59,842,133,383,44.70,28.60,1.40,2.60
4/3/18-12:7:0,841,150,382,42.70,28.60,1.40,3.00
4/3/18-12:8:1,843,161,382,42.00,28.60,1.20,3.30
4/3/18-12:9:2,842,155,379,43.40,28.70,1.10,4.20
4/3/18-12:10:3,843,129,361,43.10,28.60,1.10,2.00
4/3/18-12:11:4,842,142,470,45.60,28.70,1.10,2.70
4/3/18-12:12:5,841,127,359,44.30,28.70,1.30,4.70
4/3/18-12:13:6,842,133,369,44.40,28.70,1.10,1.80
4/3/18-12:14:7,843,154,417,45.20,28.70,1.40,3.60
4/3/18-12:15:8,843,196,426,45.40,28.80,3.90,4.60
4/3/18-12:16:9,842,172,390,44.40,28.80,8.30,11.00
4/3/18-12:17:10,842,173,394,43.90,28.90,4.30,8.50
4/3/18-12:18:11,842,153,380,44.50,28.90,4.10,9.40
4/3/18-12:19:12,843,165,412,43.80,29.00,2.80,4.60
4/3/18-12:20:13,845,160,403,44.10,29.00,2.10,5.70
4/3/18-12:21:14,842,161,393,43.60,29.00,1.70,5.00
4/3/18-12:22:15,843,159,375,43.20,29.00,2.70,4.60
4/3/18-12:23:16,841,175,392,43.00,29.00,1.60,2.80
4/3/18-12:24:17,842,218,422,43.20,29.00,3.40,5.80
4/3/18-12:25:18,842,173,392,43.40,29.10,2.70,5.40
4/3/18-12:26:19,843,172,387,44.60,29.10,2.20,3.80
4/3/18-12:27:20,842,145,384,42.00,29.10,1.20,4.80
4/3/18-12:28:21,842,139,395,42.40,29.10,1.50,4.40
4/3/18-12:29:22,843,149,404,42.90,29.20,1.60,9.00
4/3/18-12:30:23,843,155,386,43.10,29.20,1.80,4.80
4/3/18-12:31:24,843,213,408,44.10,29.30,1.80,4.40
4/3/18-12:32:25,843,229,528,42.30,29.30,2.40,6.30
4/3/18-12:33:26,841,201,447,42.10,29.40,1.90,2.50
4/3/18-12:34:27,842,184,431,42.50,29.40,2.20,11.00
4/3/18-12:35:28,843,194,421,43.50,29.50,1.10,1.80
4/3/18-12:36:29,842,202,399,41.90,29.50,1.40,1.90
4/3/18-12:37:30,841,163,384,42.20,29.50,1.30,4.10
4/3/18-12:38:31,843,140,363,43.30,29.60,1.20,4.00
4/3/18-12:39:32,842,163,399,41.60,29.60,1.10,3.40
4/3/18-12:40:33,843,146,373,42.90,29.60,1.30,3.00
4/3/18-12:41:34,843,214,456,41.50,29.60,1.80,8.20
4/3/18-12:42:34,843,155,368,41.30,29.60,1.40,2.70
4/3/18-12:43:35,842,131,363,41.20,29.70,1.20,3.40
4/3/18-12:44:36,843,126,407,42.20,29.70,1.20,1.50
4/3/18-12:45:37,841,146,414,41.60,29.70,2.20,4.40
4/3/18-12:46:38,841,151,376,39.30,29.70,2.00,2.60
4/3/18-12:47:39,842,162,422,42.80,29.80,1.50,2.60
4/3/18-12:48:40,842,179,381,39.20,29.80,1.80,6.40
4/3/18-12:49:41,844,165,388,42.60,29.80,1.30,1.90
4/3/18-12:50:42,842,180,403,41.80,29.80,1.60,4.30
4/3/18-12:51:43,842,154,397,41.60,29.90,1.60,6.90
4/3/18-12:52:44,842,205,432,42.50,29.90,1.10,1.90
4/3/18-12:53:45,843,183,411,41.00,30.00,1.50,6.20
4/3/18-12:54:46,842,150,391,40.60,30.00,1.20,2.70
4/3/18-12:55:47,841,178,407,39.60,30.00,1.60,3.70
4/3/18-12:56:48,843,146,393,40.90,30.00,1.80,11.10
4/3/18-12:57:49,843,143,426,42.80,30.00,1.70,11.10
4/3/18-12:58:50,841,185,436,42.20,30.00,2.50,5.60
4/3/18-12:59:51,841,213,418,41.70,30.00,5.50,8.00
4/3/18-13:0:52,841,236,439,41.70,30.00,4.40,8.20
4/3/18-13:1:53,841,185,390,43.40,30.00,3.00,7.40
4/3/18-13:2:54,841,194,426,42.30,30.10,1.50,3.50
4/3/18-13:3:55,842,167,408,42.20,30.10,2.00,2.50
4/3/18-13:4:56,842,158,397,42.80,30.10,2.00,4.30
4/3/18-13:5:57,842,158,376,43.10,30.20,1.80,3.00
4/3/18-13:6:58,842,142,405,42.20,30.20,1.50,4.40
4/3/18-13:7:59,843,191,566,41.00,30.20,1.10,1.20
4/3/18-13:9:0,841,186,389,40.80,30.20,1.20,2.50
4/3/18-13:10:1,841,189,450,42.60,30.20,2.10,4.40
4/3/18-13:11:2,842,212,441,41.00,30.30,1.60,2.50
4/3/18-13:12:3,841,245,497,41.10,30.20,1.90,2.60
4/3/18-13:13:4,842,292,449,40.00,30.30,4.70,5.30
4/3/18-13:14:5,841,254,430,38.40,30.40,6.40,9.80
4/3/18-13:15:6,842,221,402,40.40,30.40,2.50,4.30
4/3/18-13:16:7,841,205,456,41.10,30.40,1.50,2.90
4/3/18-13:17:8,842,164,376,41.90,30.40,1.60,3.20
4/3/18-13:18:9,841,205,462,40.80,30.50,1.00,2.40
4/3/18-13:19:10,842,190,414,40.10,30.50,1.40,5.00
4/3/18-13:20:11,842,159,398,41.00,30.50,1.80,6.00
4/3/18-13:21:12,842,167,385,41.40,30.50,1.70,4.60
4/3/18-13:22:13,842,172,402,41.10,30.50,1.80,4.20
4/3/18-13:23:14,841,158,373,41.80,30.50,2.50,4.80
4/3/18-13:24:15,841,141,428,42.60,30.50,1.90,3.70
4/3/18-13:25:16,841,164,435,39.30,30.50,1.50,2.30
4/3/18-13:26:17,841,136,397,42.00,30.50,1.70,3.70
4/3/18-13:27:18,842,161,396,39.40,30.50,1.30,3.60
4/3/18-13:28:19,843,129,360,41.20,30.40,1.40,3.60
4/3/18-13:29:20,844,124,402,41.50,30.40,1.30,4.10
4/3/18-13:30:21,841,138,387,40.00,30.40,1.20,1.60
4/3/18-13:31:22,841,176,427,40.60,30.30,1.50,5.10
4/3/18-13:32:23,842,155,377,41.30,30.30,1.30,2.30
4/3/18-13:33:24,843,187,397,39.10,30.40,1.70,4.10
4/3/18-13:34:25,841,210,440,38.90,30.30,1.90,2.30
4/3/18-13:35:26,841,184,402,43.20,30.30,2.30,2.70
4/3/18-13:36:27,841,147,372,43.00,30.30,1.50,2.80
4/3/18-13:37:28,841,144,369,41.70,30.30,1.50,2.80
4/3/18-13:38:29,843,169,399,41.30,30.20,1.50,4.40
4/3/18-13:39:30,842,185,417,41.30,30.30,1.80,4.90
4/3/18-13:40:31,842,168,377,41.80,30.20,2.70,4.30
4/3/18-13:41:32,842,177,434,41.90,30.30,2.30,8.80
4/3/18-13:42:33,842,184,383,42.60,30.30,2.50,2.90
4/3/18-13:43:34,841,176,413,42.20,30.40,1.60,2.10
4/3/18-13:44:35,841,155,376,41.90,30.40,1.70,1.90
4/3/18-13:45:36,842,158,395,42.20,30.40,1.50,3.30
4/3/18-13:46:36,842,205,406,42.50,30.40,4.90,10.00
4/3/18-13:47:37,841,239,423,40.60,30.40,12.50,19.80
4/3/18-13:48:38,842,217,386,38.80,30.50,13.90,15.90
4/3/18-13:49:39,842,188,417,39.90,30.50,5.10,8.10
4/3/18-13:50:40,841,186,392,43.90,30.50,3.00,3.30
4/3/18-13:51:41,843,228,476,42.90,30.50,2.10,5.40
4/3/18-13:52:42,842,199,392,40.90,30.50,2.50,3.90
4/3/18-13:53:43,841,193,425,40.90,30.60,2.40,4.00
4/3/18-13:54:44,844,215,448,41.50,30.60,2.60,3.90
4/3/18-13:55:45,842,207,408,39.90,30.70,2.30,4.80
4/3/18-13:56:46,844,185,389,39.60,30.80,2.70,3.60
4/3/18-13:57:47,842,180,415,40.00,30.80,1.90,3.40
4/3/18-13:58:48,842,148,372,38.60,30.80,1.90,3.10
4/3/18-13:59:49,842,167,423,37.70,30.80,2.00,3.00
4/3/18-14:0:50,842,208,408,40.60,30.80,3.30,5.60
4/3/18-14:1:51,842,219,443,38.90,30.90,1.70,2.50
4/3/18-14:2:52,842,205,415,40.00,30.90,1.40,3.20
4/3/18-14:3:53,841,197,417,40.30,30.90,1.30,3.20
4/3/18-14:4:54,841,167,391,40.50,30.90,1.30,2.70
4/3/18-14:5:55,842,155,399,40.70,30.90,1.50,2.90
4/3/18-14:6:56,843,167,374,40.60,30.90,2.20,5.50
4/3/18-14:7:57,842,243,448,40.30,30.90,2.30,3.70
4/3/18-14:8:58,842,253,402,39.70,30.80,6.60,9.10
4/3/18-14:9:59,843,214,408,39.20,30.80,11.90,15.90
4/3/18-14:11:0,841,224,449,39.30,30.80,4.60,8.00
4/3/18-14:12:1,842,212,391,38.90,30.90,9.90,12.60
4/3/18-14:13:2,842,175,374,39.60,30.90,8.50,11.70
4/3/18-14:14:3,842,223,463,40.10,31.00,3.70,6.30
4/3/18-14:15:4,841,271,453,37.40,31.00,2.00,3.50
4/3/18-14:16:5,841,251,414,39.80,31.00,2.10,7.20
4/3/18-14:17:6,842,202,417,39.40,31.10,1.70,2.60
4/3/18-14:18:7,842,138,382,39.30,31.10,5.00,13.60
4/3/18-14:19:8,843,126,391,39.50,31.10,2.50,3.80
4/3/18-14:20:9,842,142,404,39.30,31.00,2.30,4.50
4/3/18-14:21:10,841,224,480,41.60,31.00,3.60,4.70
4/3/18-14:22:11,842,241,430,39.80,31.10,3.50,3.90
4/3/18-14:23:12,842,236,442,39.00,31.00,2.70,5.10
4/3/18-14:24:13,843,278,481,38.90,31.10,2.20,4.90
4/3/18-14:25:14,842,284,535,38.00,31.20,1.50,3.50
4/3/18-14:26:15,843,283,449,38.10,31.10,1.50,4.00
4/3/18-14:27:16,843,300,512,37.70,31.20,1.20,3.80
4/3/18-14:28:17,843,290,463,37.90,31.20,1.10,1.30
4/3/18-14:29:18,842,202,390,38.40,31.20,1.30,3.10
4/3/18-14:30:19,843,212,419,37.80,31.30,1.10,3.00
4/3/18-14:31:20,841,249,475,37.20,31.20,2.50,5.50
4/3/18-14:32:21,841,234,440,38.20,31.30,2.40,5.50
4/3/18-14:33:22,843,259,423,38.60,31.30,2.00,3.80
4/3/18-14:34:23,842,262,422,36.30,31.40,1.30,3.80
4/3/18-14:35:24,842,242,413,36.10,31.40,2.50,3.70
4/3/18-14:36:25,844,301,498,34.80,31.40,2.10,3.40
4/3/18-14:37:26,841,256,462,37.00,31.40,2.20,4.10
4/3/18-14:38:27,842,295,450,38.80,31.40,1.70,3.90
4/3/18-14:39:28,842,285,431,38.10,31.40,1.40,2.20
4/3/18-14:40:29,841,259,430,39.80,31.40,1.50,3.00
4/3/18-14:41:30,842,295,430,38.70,31.40,2.00,2.40
4/3/18-14:42:31,843,285,484,39.70,31.40,1.40,3.50
4/3/18-14:43:32,843,282,446,38.30,31.40,3.30,5.10
4/3/18-14:44:33,841,295,452,42.60,31.50,3.00,5.90
4/3/18-14:45:34,843,235,465,41.90,31.40,2.90,3.30
4/3/18-14:46:35,843,275,476,40.70,31.40,2.00,2.90
4/3/18-14:47:36,841,278,442,40.90,31.40,1.70,4.30
4/3/18-14:48:37,842,272,460,38.80,31.40,3.80,7.50
4/3/18-14:49:38,842,280,445,40.50,31.40,4.80,10.30
4/3/18-14:50:39,842,235,421,38.80,31.40,4.30,6.40
4/3/18-14:51:40,841,270,454,42.20,31.40,2.50,5.40
4/3/18-14:52:41,843,266,445,42.70,31.40,2.10,3.10
4/3/18-14:53:41,843,229,466,43.70,31.40,2.50,3.50
4/3/18-14:54:42,842,224,436,41.70,31.40,2.50,3.70
4/3/18-14:55:43,843,266,478,41.20,31.40,2.20,3.30
4/3/18-14:56:44,841,276,440,42.00,31.40,2.40,5.90
4/3/18-14:57:45,843,182,394,37.70,31.40,2.60,3.10
4/3/18-14:58:46,843,193,442,42.10,31.40,2.60,4.00
4/3/18-14:59:47,841,257,457,43.10,31.40,2.50,5.30
4/3/18-15:0:48,842,247,420,43.60,31.50,1.90,4.40
4/3/18-15:1:49,841,239,437,43.20,31.40,2.20,4.90
4/3/18-15:2:50,843,265,481,39.90,31.40,2.60,5.50
4/3/18-15:3:51,842,257,490,40.00,31.50,2.70,5.60
4/3/18-15:4:52,842,275,473,41.20,31.50,2.20,6.10
4/3/18-15:5:53,843,312,476,40.90,31.50,2.50,5.20
4/3/18-15:6:54,843,223,404,39.70,31.50,2.30,4.00
4/3/18-15:7:55,842,220,462,40.90,31.50,2.90,8.20
4/3/18-15:8:56,842,266,441,39.00,31.50,3.40,6.00
4/3/18-15:9:57,843,239,440,39.60,31.50,2.30,4.40
4/3/18-15:10:58,843,207,418,40.80,31.50,1.90,4.20
4/3/18-15:11:59,842,214,452,40.00,31.50,1.40,2.60
4/3/18-15:13:0,842,225,466,40.70,31.50,1.80,4.40
4/3/18-15:14:1,841,275,446,39.60,31.50,1.90,4.20
4/3/18-15:15:2,840,254,455,37.60,31.50,2.00,6.30
4/3/18-15:16:3,842,205,417,39.90,31.40,2.70,4.20
4/3/18-15:17:4,842,234,451,38.10,31.50,2.10,2.70
4/3/18-15:18:5,841,240,407,38.70,31.50,2.00,5.30
4/3/18-15:19:6,843,286,478,38.40,31.50,3.30,8.30
4/3/18-15:20:7,843,261,451,38.20,31.50,2.70,6.70
4/3/18-15:21:8,842,302,469,40.00,31.40,2.40,4.20
4/3/18-15:22:9,841,190,388,39.50,31.40,2.90,6.50
4/3/18-15:23:10,842,204,406,38.20,31.30,1.80,3.20
4/3/18-15:24:11,841,183,440,38.90,31.20,1.80,4.00
4/3/18-15:25:12,842,240,419,39.50,31.10,2.70,5.90
4/3/18-15:26:13,841,238,437,41.00,31.00,4.60,7.70
4/3/18-15:27:14,842,217,408,39.20,31.10,4.20,4.70
4/3/18-15:28:15,842,268,435,38.50,31.00,2.70,5.60
4/3/18-15:29:16,843,237,422,39.00,31.00,5.60,7.50
4/3/18-15:30:17,842,231,434,42.00,31.00,4.40,6.00
4/3/18-15:31:18,842,198,397,41.00,31.00,2.70,3.70
4/3/18-15:32:19,841,277,485,39.70,31.00,2.30,4.50
4/3/18-15:33:20,841,305,501,40.00,31.00,2.00,4.10
4/3/18-15:34:21,844,326,482,39.50,31.00,2.00,3.00
4/3/18-15:35:22,842,321,444,39.60,31.00,2.40,3.70
4/3/18-15:36:23,843,227,405,40.50,31.10,1.40,1.90
4/3/18-15:37:24,843,183,418,39.30,31.10,1.40,2.40
4/3/18-15:38:25,841,266,454,42.50,31.10,1.60,2.30
4/3/18-15:39:26,843,298,477,39.30,31.10,2.30,5.90
4/3/18-15:40:27,842,270,451,39.40,31.20,2.00,5.00
4/3/18-15:41:28,842,245,426,38.90,31.20,1.80,6.20
4/3/18-15:42:29,842,230,446,38.80,31.20,2.40,6.20
4/3/18-15:43:30,842,253,431,40.50,31.30,3.00,8.70
4/3/18-15:44:31,842,252,452,40.30,31.30,2.00,3.80
4/3/18-15:45:32,841,283,476,42.70,31.30,3.60,8.00
4/3/18-15:46:33,843,179,390,39.60,31.30,5.50,8.30
4/3/18-15:47:34,842,199,437,40.10,31.30,2.40,5.80
4/3/18-15:48:35,842,186,403,39.10,31.30,1.90,3.60
4/3/18-15:49:36,842,158,419,38.50,31.30,1.60,5.50
4/3/18-15:50:37,842,159,412,38.80,31.30,1.50,2.40
4/3/18-15:51:38,843,198,436,38.90,31.30,1.70,2.90
4/3/18-15:52:39,842,212,465,40.40,31.40,1.90,4.20
4/3/18-15:53:40,842,254,461,42.00,31.30,2.10,3.80
4/3/18-15:54:41,841,255,407,42.40,31.40,1.80,3.90
4/3/18-15:55:42,842,199,411,40.90,31.40,2.00,5.20
4/3/18-15:56:43,841,214,432,41.10,31.40,1.40,7.20
4/3/18-15:57:44,842,255,491,40.20,31.40,3.20,7.10
4/3/18-15:58:45,842,261,433,38.70,31.50,2.80,5.40
4/3/18-15:59:46,842,284,452,41.20,31.40,2.00,5.30
4/3/18-16:0:47,842,256,424,39.20,31.50,1.70,3.10
4/3/18-16:1:47,843,254,437,39.80,31.50,1.80,3.00
4/3/18-16:2:48,842,265,443,38.40,31.50,2.20,6.90
4/3/18-16:3:49,842,247,425,38.80,31.50,1.90,2.90
4/3/18-16:4:50,842,231,458,39.50,31.50,2.50,3.90
4/3/18-16:5:51,841,241,432,40.70,31.50,2.90,6.90
4/3/18-16:6:52,842,265,461,40.10,31.50,2.40,5.60
4/3/18-16:7:53,842,220,428,39.20,31.50,2.10,6.60
4/3/18-16:8:54,842,192,428,39.00,31.50,1.50,2.30
4/3/18-16:9:55,842,239,434,41.30,31.50,1.80,6.80
4/3/18-16:10:56,844,272,471,43.00,31.50,1.60,6.60
4/3/18-16:11:57,842,267,408,41.70,31.50,2.10,11.10
4/3/18-16:12:58,842,275,498,37.50,31.50,1.50,2.20
4/3/18-16:13:59,842,310,486,40.20,31.50,1.90,6.20
4/3/18-16:15:0,841,322,481,41.30,31.50,3.60,15.00
4/3/18-16:16:1,841,264,454,40.60,31.50,1.60,6.00
4/3/18-16:17:2,842,271,518,39.60,31.50,1.30,4.10
4/3/18-16:18:3,842,218,431,40.30,31.50,1.60,2.50
4/3/18-16:19:4,841,214,467,38.50,31.50,1.20,2.80
4/3/18-16:20:5,842,197,448,39.60,31.50,1.50,3.50
4/3/18-16:21:6,842,209,447,39.70,31.50,1.70,3.40
4/3/18-16:22:7,842,186,408,40.30,31.50,1.80,9.90
4/3/18-16:23:8,842,179,421,39.10,31.50,1.60,3.60
4/3/18-16:24:9,842,156,406,39.70,31.60,1.60,3.10
4/3/18-16:25:10,841,187,452,39.20,31.50,1.70,4.20
4/3/18-16:26:11,842,206,404,39.60,31.50,1.70,5.40
4/3/18-16:27:12,842,229,445,38.40,31.60,1.60,9.00
4/3/18-16:28:13,842,201,428,38.50,31.60,1.50,3.70
4/3/18-16:29:14,841,241,429,38.30,31.60,1.60,5.20
4/3/18-16:30:15,840,181,400,40.40,31.60,1.20,2.90
4/3/18-16:31:16,842,143,414,40.30,31.60,1.40,1.50
4/3/18-16:32:17,841,158,394,40.00,31.70,1.40,2.10
4/3/18-16:33:18,841,136,384,40.00,31.70,1.30,3.80
4/3/18-16:34:19,842,141,395,39.20,31.80,1.10,1.60
4/3/18-16:35:20,841,206,488,40.50,31.70,1.10,4.60
4/3/18-16:36:21,841,179,417,39.50,31.80,1.70,4.30
4/3/18-16:37:22,842,195,430,40.30,31.80,1.40,2.70
4/3/18-16:38:23,844,189,420,40.20,31.80,1.40,2.10
4/3/18-16:39:24,841,308,538,38.30,31.80,1.20,1.70
4/3/18-16:40:25,841,280,415,38.40,31.90,1.30,2.60
4/3/18-16:41:26,842,227,468,37.20,31.90,1.30,3.00
4/3/18-16:42:27,842,252,447,37.10,32.00,1.40,4.20
4/3/18-16:43:28,841,316,505,35.70,32.00,1.20,2.30
4/3/18-16:44:29,842,298,451,36.70,32.00,1.30,1.80
4/3/18-16:45:30,841,273,474,37.60,32.00,1.40,2.20
4/3/18-16:46:31,842,225,411,39.50,32.00,1.70,3.50
4/3/18-16:47:32,842,293,497,40.00,32.00,1.30,4.00
4/3/18-16:48:33,842,328,526,39.20,32.00,1.40,2.90
4/3/18-16:49:34,842,288,435,39.20,32.00,1.30,1.90
4/3/18-16:50:35,841,281,474,37.40,32.10,1.20,3.20
4/3/18-16:51:36,841,256,441,37.40,32.00,1.50,3.20
4/3/18-16:52:37,842,170,405,38.30,32.10,1.30,1.60
4/3/18-16:53:38,841,170,433,37.40,32.00,1.50,2.30
4/3/18-16:54:39,841,173,421,37.90,32.10,1.60,7.20
4/3/18-16:55:40,842,182,458,36.50,32.10,1.40,3.40
4/3/18-16:56:41,844,224,422,36.80,32.10,1.20,4.10
4/3/18-16:57:42,841,205,454,37.00,32.10,1.70,4.80
4/3/18-16:58:43,841,199,431,36.60,32.10,1.50,3.40
4/3/18-16:59:44,841,186,418,35.60,32.00,1.80,4.30
4/3/18-17:0:45,842,205,478,37.70,32.00,1.60,3.50
4/3/18-17:1:46,842,189,432,38.10,32.00,1.60,2.90
4/3/18-17:2:47,842,231,465,37.80,32.00,1.40,5.80
4/3/18-17:3:48,842,283,440,37.10,32.00,1.20,2.50
4/3/18-17:4:49,841,291,481,38.70,32.00,1.40,2.80
4/3/18-17:5:50,842,240,415,36.20,32.00,1.50,7.80
4/3/18-17:6:51,843,191,425,35.80,32.00,1.10,1.80
4/3/18-17:7:52,841,195,418,36.40,31.90,1.60,5.80
4/3/18-17:8:53,841,193,414,36.00,32.00,1.40,4.10
4/3/18-17:9:54,842,152,379,36.20,31.90,1.20,2.60
4/3/18-17:10:55,843,166,435,35.90,31.90,1.40,3.70
4/3/18-17:11:55,842,188,424,37.30,32.00,1.50,3.50
4/3/18-17:12:56,841,177,476,38.60,32.00,1.30,2.80
4/3/18-17:13:57,842,218,481,38.20,32.00,1.30,2.60
4/3/18-17:14:58,841,214,437,36.50,32.00,1.30,1.90
4/3/18-17:15:59,842,295,470,35.90,32.10,1.20,2.30
4/3/18-17:17:0,842,268,436,35.60,32.20,1.50,3.80
4/3/18-17:18:1,841,261,425,36.80,32.20,1.50,4.50
4/3/18-17:19:2,842,239,442,36.40,32.20,1.30,8.10
4/3/18-17:20:3,842,265,440,36.50,32.20,1.30,4.50
4/3/18-17:21:4,842,258,440,37.30,32.20,1.40,3.60
4/3/18-17:22:5,842,299,510,37.00,32.30,1.30,3.60
4/3/18-17:23:6,841,266,500,38.70,32.30,1.40,3.90
4/3/18-17:24:7,842,268,474,38.70,32.40,1.60,9.40
4/3/18-17:25:8,841,287,496,36.60,32.40,1.20,3.00
4/3/18-17:26:9,842,257,470,37.30,32.40,1.20,2.00
4/3/18-17:27:10,841,291,472,37.20,32.50,1.40,3.40
4/3/18-17:28:11,842,295,467,38.40,32.50,1.90,4.20
4/3/18-17:29:12,842,237,460,39.30,32.50,1.20,5.50
4/3/18-17:30:13,841,216,447,38.90,32.50,1.10,3.40
4/3/18-17:31:14,841,242,426,39.90,32.50,1.50,5.20
4/3/18-17:32:15,841,234,426,41.20,32.60,1.60,9.60
4/3/18-17:33:16,843,256,475,36.30,32.60,1.70,3.60
4/3/18-17:34:17,841,251,472,36.70,32.70,2.20,6.00
4/3/18-17:35:18,841,270,487,35.80,32.70,1.90,4.70
4/3/18-17:36:19,841,308,512,36.00,32.80,3.10,26.30
4/3/18-17:37:20,841,217,403,36.20,32.90,1.30,4.40
4/3/18-17:38:21,841,187,413,34.70,32.90,1.40,4.80
4/3/18-17:39:22,841,260,515,35.10,32.90,1.40,2.80
4/3/18-17:40:23,840,255,497,37.30,32.90,1.30,3.60
4/3/18-17:41:24,840,270,475,36.00,32.90,1.80,3.60
4/3/18-17:42:25,841,295,487,35.50,33.00,1.20,1.80
4/3/18-17:43:26,840,266,466,33.70,33.10,1.30,1.90
4/3/18-17:44:27,841,234,509,34.60,33.10,1.20,5.30
4/3/18-17:45:28,843,278,556,34.30,33.10,1.40,2.60
4/3/18-17:46:29,841,268,429,35.10,33.20,1.40,3.00
4/3/18-17:47:30,840,233,444,35.50,33.30,1.30,2.10
4/3/18-17:48:31,840,288,492,36.40,33.30,1.10,2.60
4/3/18-17:49:32,842,218,471,35.70,33.40,1.30,3.00
4/3/18-17:50:33,842,175,410,32.90,33.40,1.50,2.90
4/3/18-17:51:34,841,156,396,35.70,33.40,1.40,4.10
4/3/18-17:52:35,841,254,496,36.20,33.40,1.10,1.50
4/3/18-17:53:36,842,282,435,35.30,33.40,1.30,5.30
4/3/18-17:54:37,840,275,466,34.20,33.50,1.50,4.00
4/3/18-17:55:38,841,239,429,34.30,33.50,1.20,2.50
4/3/18-17:56:39,841,271,470,33.40,33.50,1.30,1.80
4/3/18-17:57:40,842,231,430,33.80,33.60,1.50,3.00
4/3/18-17:58:41,841,217,431,32.20,33.70,1.30,2.60
4/3/18-17:59:42,841,228,427,36.60,33.70,1.50,4.10
4/3/18-18:0:43,840,288,455,33.40,33.80,1.30,2.40
4/3/18-18:1:44,840,246,442,34.80,33.80,1.20,2.00
4/3/18-18:2:45,842,208,403,34.50,33.90,2.00,3.20
4/3/18-18:3:46,840,261,462,33.80,34.10,1.50,4.90
4/3/18-18:4:47,840,246,442,34.60,34.10,1.60,2.70
4/3/18-18:5:48,840,232,424,34.60,34.10,1.30,3.60
4/3/18-18:6:49,841,264,464,32.90,34.10,1.40,3.10
4/3/18-18:7:50,841,229,430,35.50,34.20,1.30,4.10
4/3/18-18:8:51,840,241,429,34.30,34.10,1.60,2.90
4/3/18-18:9:52,841,302,468,33.40,34.20,1.20,4.60
4/3/18-18:10:53,843,255,418,32.50,34.10,1.40,2.80
4/3/18-18:11:54,840,288,486,33.20,34.10,1.10,2.10
4/3/18-18:12:55,842,188,402,32.60,34.20,1.30,2.60
4/3/18-18:13:56,842,179,417,31.00,34.10,1.30,4.10
4/3/18-18:14:57,840,186,404,33.20,34.00,1.20,2.00
4/3/18-18:15:58,841,217,470,33.20,34.00,1.30,2.60
4/3/18-18:16:59,841,218,415,33.30,34.00,1.20,2.80
4/3/18-18:18:0,841,216,441,32.00,33.90,1.30,3.90
4/3/18-18:19:1,841,194,442,32.30,33.80,1.00,1.60
4/3/18-18:20:2,840,205,415,32.10,33.80,1.50,2.50
4/3/18-18:21:3,840,225,422,32.50,33.80,1.30,2.30
4/3/18-18:22:4,841,223,424,33.10,33.70,1.40,2.20
4/3/18-18:23:5,841,225,453,32.60,33.70,1.40,2.50
4/3/18-18:24:6,842,290,467,31.30,33.70,1.30,2.60
4/3/18-18:25:7,840,263,432,32.40,33.70,1.80,5.90
4/3/18-18:26:8,839,248,424,31.50,33.70,1.20,2.80
4/3/18-18:27:8,841,308,535,33.10,33.70,1.30,1.40
4/3/18-18:28:9,841,254,413,32.60,33.70,1.30,2.50
4/3/18-18:29:10,841,216,431,33.50,33.70,1.30,4.00
4/3/18-18:30:11,841,276,475,33.90,33.70,1.50,3.50
4/3/18-18:31:12,840,290,440,32.70,33.80,1.10,3.10
4/3/18-18:32:13,841,253,434,30.90,33.80,1.30,3.50
4/3/18-18:33:14,842,190,402,30.40,33.80,1.40,4.30
4/3/18-18:34:15,841,268,449,30.90,33.80,1.20,2.90
4/3/18-18:35:16,841,243,433,31.10,33.70,1.40,2.40
4/3/18-18:36:17,840,228,412,31.60,33.70,1.10,2.10
4/3/18-18:37:18,841,286,471,32.70,33.70,2.80,5.90
4/3/18-18:38:19,841,308,448,32.50,33.60,1.30,2.70
4/3/18-18:39:20,842,251,420,30.90,33.60,1.30,2.00
4/3/18-18:40:21,842,305,489,31.90,33.50,1.60,4.40
4/3/18-18:41:22,840,260,434,32.30,33.60,1.10,1.50
4/3/18-18:42:23,841,236,431,32.20,33.60,1.20,1.30
4/3/18-18:43:24,840,251,448,31.60,33.50,1.40,1.90
4/3/18-18:44:25,840,244,436,32.60,33.50,1.30,2.50
4/3/18-18:45:26,841,198,406,32.20,33.50,1.20,2.20
4/3/18-18:46:27,842,228,458,31.90,33.50,1.00,1.30
4/3/18-18:47:28,841,221,463,31.80,33.50,1.20,3.70
4/3/18-18:48:29,841,207,427,30.40,33.40,1.40,3.60
4/3/18-18:49:30,841,195,439,31.50,33.40,1.20,1.60
4/3/18-18:50:31,840,206,421,31.00,33.40,1.30,4.00
4/3/18-18:51:32,840,181,424,32.60,33.50,1.40,4.90
4/3/18-18:52:33,841,246,485,32.40,33.50,1.70,5.10
4/3/18-18:53:34,840,258,436,33.20,33.50,1.70,3.40
4/3/18-18:54:35,841,249,436,33.80,33.50,1.70,6.30
4/3/18-18:55:36,842,236,476,35.80,33.60,1.60,4.00
4/3/18-18:56:37,840,275,471,32.30,33.70,1.70,7.10
4/3/18-18:57:38,840,244,495,33.90,33.60,1.30,3.40
4/3/18-18:58:39,841,232,429,34.90,33.70,1.50,3.20
4/3/18-18:59:40,842,222,411,33.00,33.70,1.20,2.50
4/3/18-19:0:41,842,226,412,32.40,33.70,1.30,3.40
4/3/18-19:1:42,841,242,424,34.00,33.70,1.30,2.50
4/3/18-19:2:43,841,226,408,33.00,33.70,1.30,3.90
4/3/18-19:3:44,840,162,398,33.90,33.80,1.60,5.10
4/3/18-19:4:45,840,201,466,34.80,33.70,1.10,1.90
4/3/18-19:5:46,842,218,410,32.70,33.70,1.50,5.20
4/3/18-19:6:47,841,216,419,34.00,33.70,1.70,2.50
4/3/18-19:7:48,840,188,402,36.20,33.70,1.50,2.70
4/3/18-19:8:49,841,168,398,33.60,33.70,1.60,8.00
4/3/18-19:9:50,840,222,444,33.70,33.60,1.30,2.80
4/3/18-19:10:51,842,220,413,34.30,33.50,1.20,3.10
4/3/18-19:11:52,841,207,415,33.50,33.40,1.60,3.60
4/3/18-19:12:53,841,215,409,33.30,33.40,2.00,4.50
4/3/18-19:13:54,840,216,406,34.20,33.20,1.50,5.30
4/3/18-19:14:55,840,251,416,35.80,33.20,1.50,2.90
4/3/18-19:15:56,841,245,410,36.90,33.10,2.70,12.30
4/3/18-19:16:57,842,264,415,38.10,33.00,2.90,7.90
4/3/18-19:17:58,841,245,414,43.30,32.90,2.40,7.70
4/3/18-19:18:59,843,241,418,42.50,32.80,2.40,7.10
4/3/18-19:20:0,842,244,412,37.80,32.70,2.90,7.30
4/3/18-19:21:1,842,253,414,37.80,32.70,2.70,8.80
4/3/18-19:22:2,841,239,408,38.90,32.60,2.50,7.80
4/3/18-19:23:3,842,248,418,38.90,32.50,1.80,6.20
4/3/18-19:24:4,841,252,411,39.90,32.40,2.40,6.40
4/3/18-19:25:5,841,258,414,38.20,32.30,2.50,7.00
4/3/18-19:26:6,841,245,404,39.30,32.30,2.40,6.60
4/3/18-19:27:7,843,250,408,38.90,32.20,2.30,7.70
4/3/18-19:28:8,842,244,409,39.30,32.10,2.30,8.10
4/3/18-19:29:9,842,258,405,39.10,32.00,2.30,6.20
4/3/18-19:30:10,841,248,396,39.80,31.90,2.30,10.80
4/3/18-19:31:11,841,275,420,41.60,31.80,1.80,4.50
4/3/18-19:32:12,841,282,403,40.90,31.80,1.70,3.90
4/3/18-19:33:13,842,268,406,42.10,31.80,1.40,7.70
4/3/18-19:34:14,842,269,410,41.90,31.70,1.70,3.20
4/3/18-19:35:15,841,266,407,39.50,31.60,1.40,3.50
4/3/18-19:36:16,841,263,411,39.80,31.50,1.70,3.50
4/3/18-19:37:17,842,268,405,40.20,31.40,2.00,4.30
4/3/18-19:38:18,841,271,407,41.70,31.40,1.50,5.10
4/3/18-19:39:19,842,281,420,39.70,31.30,1.30,1.80
4/3/18-19:40:20,842,277,406,39.60,31.30,1.60,3.70
4/3/18-19:41:20,842,287,421,38.90,31.20,1.40,3.10
4/3/18-19:42:21,841,305,420,40.90,31.10,1.40,5.50
4/3/18-19:43:22,842,297,417,39.90,31.10,1.50,4.10
4/3/18-19:44:23,842,292,416,41.50,31.00,1.40,1.80
4/3/18-19:45:24,843,278,413,39.90,30.90,1.30,1.70
4/3/18-19:46:25,844,270,414,39.70,30.90,1.40,5.00
4/3/18-19:47:26,842,255,412,38.80,30.80,1.50,2.90
4/3/18-19:48:27,842,256,406,38.40,30.80,1.70,4.90
4/3/18-19:49:28,841,279,420,38.70,30.70,1.70,6.10
4/3/18-19:50:29,841,277,410,38.60,30.70,1.70,8.10
4/3/18-19:51:30,841,276,415,39.40,30.60,1.70,7.30
4/3/18-19:52:31,841,277,416,39.00,30.60,1.90,8.90
4/3/18-19:53:32,841,290,409,38.60,30.60,1.80,5.60
4/3/18-19:54:33,842,273,412,39.40,30.50,1.30,1.70
4/3/18-19:55:34,842,283,411,39.70,30.40,1.60,3.20
4/3/18-19:56:35,842,278,410,40.20,30.40,1.30,5.30
4/3/18-19:57:36,841,284,411,40.60,30.40,1.40,3.20
4/3/18-19:58:37,841,277,403,39.70,30.30,1.50,3.10
4/3/18-19:59:38,842,277,416,40.90,30.30,2.00,19.40
4/3/18-20:0:39,842,335,433,39.20,30.30,27.20,91.80
4/3/18-20:1:40,842,449,472,40.80,30.20,132.50,387.70
4/3/18-20:2:41,842,436,462,41.90,30.20,36.00,117.70
4/3/18-20:3:42,840,405,446,40.90,30.10,12.40,37.10
4/3/18-20:4:43,841,425,456,40.90,30.00,12.90,27.30
4/3/18-20:5:44,843,394,437,40.90,30.00,8.10,18.10
4/3/18-20:6:45,842,360,427,40.20,30.00,2.70,7.40
4/3/18-20:7:46,842,339,433,40.90,30.00,1.90,5.30
4/3/18-20:8:47,841,343,430,39.30,29.90,1.70,4.60
4/3/18-20:9:48,842,325,424,40.10,29.90,1.60,2.80
4/3/18-20:10:49,842,306,422,40.90,29.90,1.90,3.80
4/3/18-20:11:50,842,308,432,39.80,29.80,2.40,7.90
4/3/18-20:12:51,842,316,442,40.80,29.80,2.50,8.70
4/3/18-20:13:52,842,352,496,38.30,29.80,2.10,9.00
4/3/18-20:14:53,842,332,434,38.60,29.70,2.00,6.30
4/3/18-20:15:54,841,342,490,38.40,29.60,2.80,11.50
4/3/18-20:16:55,841,347,457,37.60,29.60,2.30,7.80
4/3/18-20:17:56,841,334,444,38.20,29.60,2.20,5.20
4/3/18-20:18:57,843,331,463,37.50,29.60,2.30,11.20
4/3/18-20:19:58,842,328,447,37.80,29.60,2.10,9.20
4/3/18-20:20:59,843,328,476,36.80,29.50,2.60,10.30
4/3/18-20:22:0,843,306,428,37.10,29.60,2.50,9.80
4/3/18-20:23:1,842,303,443,36.50,29.60,2.20,5.00
4/3/18-20:24:2,842,290,468,36.80,29.60,2.20,3.90
4/3/18-20:25:3,842,262,408,35.50,29.60,2.30,4.80
4/3/18-20:26:4,841,256,438,34.80,29.60,2.20,7.30
4/3/18-20:27:5,842,282,448,36.60,29.50,2.30,6.00
4/3/18-20:28:6,842,295,455,36.50,29.50,2.20,5.30
4/3/18-20:29:7,841,276,436,35.40,29.50,2.00,5.90
4/3/18-20:30:8,841,290,449,34.70,29.50,2.30,7.80
4/3/18-20:31:9,842,268,437,35.00,29.50,1.90,6.00
4/3/18-20:32:10,842,264,436,34.80,29.50,1.90,7.20
4/3/18-20:33:11,843,247,436,34.80,29.40,1.70,7.90
4/3/18-20:34:12,842,275,461,35.90,29.40,1.60,2.40
4/3/18-20:35:13,841,269,421,35.50,29.40,1.70,3.60
4/3/18-20:36:14,841,245,424,35.50,29.50,1.70,4.60
4/3/18-20:37:15,842,243,413,34.80,29.40,2.00,4.30
4/3/18-20:38:16,842,277,442,34.70,29.40,1.50,4.20
4/3/18-20:39:17,842,262,425,35.40,29.40,1.70,5.40
4/3/18-20:40:18,842,270,431,34.50,29.40,2.30,4.60
4/3/18-20:41:19,842,252,421,34.10,29.40,2.20,6.00
4/3/18-20:42:20,842,227,401,34.70,29.40,2.40,8.70
4/3/18-20:43:21,843,251,433,35.00,29.40,1.80,8.00
4/3/18-20:44:22,842,248,436,35.10,29.40,2.10,6.90
4/3/18-20:45:22,842,294,448,34.90,29.30,1.90,5.90
4/3/18-20:46:23,842,296,437,35.40,29.30,1.70,6.10
4/3/18-20:47:24,842,285,432,35.30,29.30,1.70,5.10
4/3/18-20:48:25,841,266,425,34.90,29.30,2.10,7.50
4/3/18-20:49:26,843,249,425,34.90,29.30,1.60,4.70
4/3/18-20:50:27,842,272,455,34.80,29.30,1.60,4.80
4/3/18-20:51:28,842,270,434,36.00,29.30,1.40,5.30
4/3/18-20:52:29,841,260,437,35.90,29.20,1.70,6.40
4/3/18-20:53:30,842,248,426,35.70,29.30,1.40,3.80
4/3/18-20:54:31,843,246,420,35.40,29.20,1.80,4.20
4/3/18-20:55:32,842,254,427,35.30,29.20,1.50,6.80
4/3/18-20:56:33,842,240,412,36.20,29.20,2.00,7.50
4/3/18-20:57:34,842,238,422,36.10,29.20,1.90,7.90
4/3/18-20:58:35,844,238,424,36.30,29.20,1.40,4.60
4/3/18-20:59:36,843,256,416,36.30,29.20,1.60,6.20
4/3/18-21:0:37,841,251,423,36.50,29.20,1.90,8.20
4/3/18-21:1:38,842,225,402,37.30,29.20,2.00,7.20
4/3/18-21:2:39,843,278,437,35.80,29.20,1.50,4.60
4/3/18-21:3:40,842,270,426,36.00,29.20,1.50,3.00
4/3/18-21:4:41,842,241,417,36.30,29.10,1.80,7.70
4/3/18-21:5:42,842,232,393,36.00,29.10,1.70,3.40
4/3/18-21:6:43,842,241,415,36.20,29.10,1.80,5.70
4/3/18-21:7:44,843,247,413,36.80,29.10,1.90,5.40
4/3/18-21:8:45,842,267,436,37.20,29.10,2.20,11.00
4/3/18-21:9:46,842,267,446,37.40,29.10,1.90,8.10
4/3/18-21:10:47,842,267,443,37.10,29.10,2.50,4.50
4/3/18-21:11:48,842,256,417,37.00,29.10,2.30,6.60
4/3/18-21:12:49,842,259,435,36.40,29.10,2.60,12.10
4/3/18-21:13:50,841,271,430,36.50,29.10,1.80,4.80
4/3/18-21:14:51,842,267,422,36.90,29.00,2.20,7.60
4/3/18-21:15:52,842,242,403,37.30,29.00,2.30,8.50
4/3/18-21:16:53,841,247,431,36.50,29.00,1.80,4.70
4/3/18-21:17:54,842,230,411,35.80,28.90,1.90,5.60
4/3/18-21:18:55,842,256,421,36.60,28.90,1.70,6.20
4/3/18-21:19:56,841,257,419,37.40,28.90,2.30,10.10
4/3/18-21:20:57,842,246,407,36.90,28.90,2.10,5.10
4/3/18-21:21:58,842,285,484,37.50,28.90,2.20,9.10
4/3/18-21:22:59,842,282,421,37.40,28.90,2.10,7.40
4/3/18-21:24:0,842,268,409,36.90,28.90,2.60,14.00
4/3/18-21:25:1,841,263,420,36.30,28.80,2.30,9.60
4/3/18-21:26:2,842,241,419,36.10,28.90,2.10,4.30
4/3/18-21:27:3,842,254,438,36.40,28.80,1.90,5.20
4/3/18-21:28:4,842,279,426,36.70,28.80,2.20,7.50
4/3/18-21:29:5,842,273,423,36.40,28.80,1.90,9.70
4/3/18-21:30:6,843,281,435,36.80,28.80,2.00,8.40
4/3/18-21:31:7,843,264,407,37.30,28.80,1.70,4.40
4/3/18-21:32:8,842,270,417,36.30,28.80,1.70,3.10
4/3/18-21:33:9,842,286,432,36.90,28.80,1.90,5.90
4/3/18-21:34:10,841,298,446,37.30,28.80,1.90,4.90
4/3/18-21:35:11,842,278,403,38.10,28.80,1.90,2.90
4/3/18-21:36:12,842,257,417,38.10,28.80,1.50,2.40
4/3/18-21:37:13,842,243,409,37.30,28.70,1.60,2.70
4/3/18-21:38:14,843,247,406,36.70,28.70,1.70,8.10
4/3/18-21:39:15,842,257,412,36.70,28.70,1.90,7.50
4/3/18-21:40:16,842,242,406,37.10,28.70,2.00,11.70
4/3/18-21:41:17,841,274,406,37.80,28.70,2.00,7.60
4/3/18-21:42:18,842,253,402,37.80,28.70,1.90,9.90
4/3/18-21:43:19,843,200,386,37.60,28.70,1.90,7.10
4/3/18-21:44:20,841,254,449,36.10,28.70,2.00,7.20
4/3/18-21:45:20,841,248,398,37.40,28.60,1.80,6.20
4/3/18-21:46:21,842,258,406,37.70,28.60,1.70,8.40
4/3/18-21:47:22,843,255,411,38.30,28.60,1.90,3.70
4/3/18-21:48:23,842,261,408,37.60,28.60,1.90,4.70
4/3/18-21:49:24,841,253,414,38.10,28.50,1.90,5.20
4/3/18-21:50:25,843,242,406,37.10,28.50,1.80,6.50
4/3/18-21:51:26,842,241,401,37.20,28.50,2.20,4.90
4/3/18-21:52:27,843,256,405,37.90,28.50,1.70,7.70
4/3/18-21:53:28,842,257,412,37.90,28.50,1.80,4.00
4/3/18-21:54:29,843,283,434,39.20,28.50,1.70,6.20
4/3/18-21:55:30,843,260,430,39.10,28.50,1.70,5.20
4/3/18-21:56:31,842,257,420,38.40,28.40,1.70,4.70
4/3/18-21:57:32,843,245,422,38.10,28.40,1.50,4.50
4/3/18-21:58:33,842,196,388,38.50,28.40,1.70,4.40
4/3/18-21:59:34,842,207,390,38.10,28.40,1.30,4.40
4/3/18-22:0:35,842,221,448,38.50,28.30,1.30,2.10
4/3/18-22:1:36,842,208,392,38.60,28.30,1.60,5.20
4/3/18-22:2:37,842,202,398,38.00,28.30,1.50,2.50
4/3/18-22:3:38,841,212,401,37.50,28.20,1.20,2.20
4/3/18-22:4:39,842,180,392,38.10,28.20,1.80,5.10
4/3/18-22:5:40,843,215,397,38.00,28.20,2.50,7.40
4/3/18-22:6:41,842,213,398,38.00,28.20,2.60,5.10
4/3/18-22:7:42,841,232,399,38.60,28.20,3.40,7.30
4/3/18-22:8:43,843,246,400,38.90,28.10,3.00,7.50
4/3/18-22:9:44,843,283,423,39.20,28.10,2.00,4.70
4/3/18-22:10:45,842,276,400,40.20,28.10,3.10,5.50
4/3/18-22:11:46,843,275,416,39.70,28.10,2.20,7.30
4/3/18-22:12:47,842,280,406,41.10,28.10,2.40,4.70
4/3/18-22:13:48,843,261,400,40.40,28.20,2.00,2.80
4/3/18-22:14:49,843,253,413,39.20,28.10,1.40,5.40
4/3/18-22:15:50,843,256,408,39.70,28.20,1.80,3.10
4/3/18-22:16:51,843,276,412,38.90,28.20,1.50,3.40
4/3/18-22:17:52,842,273,396,40.00,28.20,1.80,2.90
4/3/18-22:18:53,842,267,398,39.90,28.20,1.80,3.90
4/3/18-22:19:54,841,266,398,40.10,28.20,1.90,5.40
4/3/18-22:20:55,842,297,446,40.50,28.10,1.90,5.40
4/3/18-22:21:56,842,285,400,39.60,28.20,1.70,4.40
4/3/18-22:22:57,842,271,393,38.90,28.20,1.60,4.60
4/3/18-22:23:58,843,265,405,38.10,28.20,1.70,2.30
4/3/18-22:24:59,841,264,411,38.20,28.10,1.80,5.00
4/3/18-22:26:0,842,269,417,39.20,28.10,2.00,5.90
4/3/18-22:27:1,843,285,413,39.40,28.10,2.10,3.40
4/3/18-22:28:2,843,309,452,39.60,28.10,2.00,4.90
4/3/18-22:29:3,843,303,406,40.10,28.00,1.70,4.50
4/3/18-22:30:4,843,270,381,40.70,28.00,1.60,3.20
4/3/18-22:31:5,842,250,401,39.40,28.10,2.30,7.20
4/3/18-22:32:6,841,269,403,39.50,28.00,2.20,6.90
4/3/18-22:33:7,843,258,393,39.60,28.00,2.10,4.80
4/3/18-22:34:8,843,274,405,40.40,28.00,2.30,10.20
4/3/18-22:35:9,842,281,402,39.50,28.00,2.60,5.80
4/3/18-22:36:10,843,265,391,39.70,28.00,2.40,5.90
4/3/18-22:37:11,843,264,396,39.10,28.00,2.30,6.00
4/3/18-22:38:12,842,281,401,39.70,28.00,2.90,8.50
4/3/18-22:39:13,842,281,403,39.10,28.00,2.90,7.60
4/3/18-22:40:14,843,290,409,40.00,28.00,2.90,4.60
4/3/18-22:41:15,842,303,408,40.30,28.00,2.70,7.60
4/3/18-22:42:16,843,307,411,40.80,27.90,2.90,8.60
4/3/18-22:43:17,843,325,440,40.80,28.00,2.50,6.90
4/3/18-22:44:17,843,306,402,41.50,27.90,3.20,7.80
4/3/18-22:45:18,843,297,404,40.30,27.90,2.60,5.90
4/3/18-22:46:19,843,302,437,40.40,27.90,2.70,8.00
4/3/18-22:47:20,842,278,395,40.30,27.90,2.70,7.50
4/3/18-22:48:21,841,246,389,38.80,27.90,2.40,5.10
4/3/18-22:49:22,843,247,395,39.40,27.90,2.10,6.40
4/3/18-22:50:23,843,243,392,39.30,27.80,2.00,4.00
4/3/18-22:51:24,842,255,400,39.50,27.80,1.90,3.80
4/3/18-22:52:25,843,243,387,40.40,27.80,2.00,5.80
4/3/18-22:53:26,843,197,379,39.50,27.80,1.80,3.60
4/3/18-22:54:27,842,234,397,38.40,27.80,1.60,4.40
4/3/18-22:55:28,842,250,393,39.70,27.80,1.70,4.10
4/3/18-22:56:29,843,278,404,38.80,27.80,1.60,2.50
4/3/18-22:57:30,843,266,395,39.10,27.80,1.90,5.10
4/3/18-22:58:31,841,265,393,38.70,27.80,1.80,5.80
4/3/18-22:59:32,843,265,400,38.70,27.80,1.70,4.10
4/3/18-23:0:33,843,280,399,39.40,27.80,2.10,3.10
4/3/18-23:1:34,843,269,397,39.10,27.80,2.00,6.30
4/3/18-23:2:35,841,299,418,38.90,27.80,1.80,5.30
4/3/18-23:3:36,842,309,412,39.60,27.80,1.40,2.80
4/3/18-23:4:37,842,295,406,39.60,27.80,2.00,8.20
4/3/18-23:5:38,843,288,403,39.30,27.80,1.50,5.70
4/3/18-23:6:39,842,251,379,38.50,27.90,1.60,4.20
4/3/18-23:7:40,842,206,386,38.00,27.80,1.80,7.00
4/3/18-23:8:41,842,259,439,38.60,27.80,1.90,4.60
4/3/18-23:9:42,843,271,403,38.10,27.70,2.70,17.10
4/3/18-23:10:43,843,273,400,38.80,27.70,4.00,34.80
4/3/18-23:11:44,842,264,397,39.20,27.70,4.00,33.20
4/3/18-23:12:45,842,223,383,38.80,27.60,2.80,11.10
4/3/18-23:13:46,843,194,388,37.10,27.60,1.50,3.90
4/3/18-23:14:47,842,214,387,37.10,27.60,1.50,5.20
4/3/18-23:15:48,841,195,387,37.90,27.60,1.60,4.70
4/3/18-23:16:49,845,210,384,37.80,27.60,1.90,9.30
4/3/18-23:17:50,843,243,401,37.80,27.60,2.00,8.30
4/3/18-23:18:51,842,267,394,38.60,27.60,2.50,14.90
4/3/18-23:19:52,842,236,390,39.70,27.60,2.00,9.00
4/3/18-23:20:53,842,255,396,38.60,27.60,2.00,6.70
4/3/18-23:21:54,843,251,391,39.40,27.50,1.90,5.00
4/3/18-23:22:55,843,259,395,38.60,27.50,2.00,7.30
4/3/18-23:23:56,842,260,402,39.00,27.50,1.70,4.30
4/3/18-23:24:57,842,268,406,39.00,27.50,1.90,9.20
4/3/18-23:25:58,842,278,413,39.20,27.50,1.60,7.80
4/3/18-23:26:59,843,272,389,38.80,27.50,1.70,4.50
4/3/18-23:28:0,842,275,395,38.60,27.50,1.60,4.50
4/3/18-23:29:1,843,262,394,38.30,27.50,1.50,7.60
4/3/18-23:30:2,843,253,396,37.90,27.60,1.70,4.10
4/3/18-23:31:3,843,256,404,38.80,27.50,1.60,5.00
4/3/18-23:32:4,841,279,405,38.10,27.50,1.50,2.10
4/3/18-23:33:5,842,254,406,39.60,27.50,1.80,3.10
4/3/18-23:34:6,843,207,379,38.80,27.50,1.70,2.70
4/3/18-23:35:7,842,241,400,37.30,27.50,1.70,4.20
4/3/18-23:36:8,841,262,402,39.20,27.50,1.60,3.00
4/3/18-23:37:9,843,237,390,37.80,27.50,1.70,5.10
4/3/18-23:38:10,843,279,439,38.10,27.40,1.60,4.90
4/3/18-23:39:11,843,307,423,38.60,27.50,2.00,4.10
4/3/18-23:40:12,843,259,385,39.10,27.50,1.90,3.80
4/3/18-23:41:13,842,215,402,38.10,27.50,1.30,3.20
4/3/18-23:42:13,842,240,401,38.40,27.50,1.60,2.50
4/3/18-23:43:14,843,259,404,38.40,27.50,1.50,4.50
4/3/18-23:44:15,842,273,407,38.00,27.50,1.70,8.60
4/3/18-23:45:16,842,273,392,39.00,27.50,1.70,3.00
4/3/18-23:46:17,841,280,407,39.40,27.50,1.90,4.60
4/3/18-23:47:18,841,265,404,39.10,27.50,1.50,2.20
4/3/18-23:48:19,842,217,374,37.90,27.50,1.80,4.40
4/3/18-23:49:20,841,222,409,37.70,27.50,1.60,4.10
4/3/18-23:50:21,843,225,404,38.20,27.50,1.70,3.30
4/3/18-23:51:22,843,229,387,38.10,27.40,1.80,6.10
4/3/18-23:52:23,843,240,417,37.80,27.40,1.70,3.40
4/3/18-23:53:24,843,270,409,37.80,27.50,1.50,4.10
4/3/18-23:54:25,841,279,410,38.30,27.50,1.80,6.30
4/3/18-23:55:26,843,285,408,38.40,27.50,2.00,7.50
4/3/18-23:56:27,843,292,401,38.50,27.50,1.70,4.70
4/3/18-23:57:28,843,277,397,39.10,27.50,1.80,4.70
4/3/18-23:58:29,842,283,411,38.30,27.50,1.60,2.70
4/3/18-23:59:30,843,280,402,37.80,27.50,1.70,6.30
