Hora,O3,NO2,CO,Humedad,Temperatura,P25,P10
5/3/18-0:0:31,841,271,398,38.20,27.50,1.30,4.20
5/3/18-0:1:32,843,285,414,39.00,27.50,1.40,5.20
5/3/18-0:2:33,843,298,412,39.00,27.60,1.40,3.30
5/3/18-0:3:34,843,281,402,38.80,27.50,1.40,3.40
5/3/18-0:4:35,843,283,414,40.20,27.50,1.40,4.10
5/3/18-0:5:36,843,282,404,39.10,27.60,1.60,4.20
5/3/18-0:6:37,843,269,400,38.20,27.60,1.20,2.20
5/3/18-0:7:38,844,325,450,38.30,27.60,1.20,5.00
5/3/18-0:8:39,843,306,411,38.20,27.60,1.10,3.20
5/3/18-0:9:40,843,283,431,37.20,27.60,1.30,6.50
5/3/18-0:10:41,843,271,397,37.30,27.60,1.80,7.80
5/3/18-0:11:42,843,236,400,36.90,27.50,1.30,4.40
5/3/18-0:12:43,842,216,403,37.80,27.50,1.10,2.40
5/3/18-0:13:44,843,217,399,37.00,27.50,1.10,6.00
5/3/18-0:14:45,843,198,372,36.80,27.40,1.90,5.30
5/3/18-0:15:46,842,161,372,36.20,27.40,1.20,2.30
5/3/18-0:16:47,843,148,388,36.90,27.20,1.50,8.20
5/3/18-0:17:48,843,127,361,37.50,27.10,2.40,20.60
5/3/18-0:18:49,842,148,378,38.20,27.00,1.80,19.70
5/3/18-0:19:50,843,141,371,39.00,26.90,2.40,16.70
5/3/18-0:20:51,843,153,373,39.20,26.90,2.60,26.70
5/3/18-0:21:52,842,163,388,39.50,26.70,2.50,19.30
5/3/18-0:22:53,842,183,394,39.70,26.70,2.50,28.20
5/3/18-0:23:54,842,162,376,40.00,26.70,2.00,16.90
5/3/18-0:24:55,842,173,379,40.90,26.60,2.20,14.00
5/3/18-0:25:56,843,160,372,41.80,26.50,2.40,24.00
5/3/18-0:26:57,843,130,364,41.80,26.50,2.30,18.30
5/3/18-0:27:58,842,130,362,41.60,26.30,3.10,23.10
5/3/18-0:28:59,843,139,372,42.00,26.20,1.70,12.70
5/3/18-0:30:0,843,137,382,43.10,26.10,2.00,10.70
5/3/18-0:31:1,843,125,355,43.40,26.00,1.50,11.90
5/3/18-0:32:2,843,118,355,43.30,25.90,1.70,15.60
5/3/18-0:33:3,843,117,360,44.40,25.80,2.10,9.30
5/3/18-0:34:4,843,128,362,44.60,25.70,1.50,6.60
5/3/18-0:35:5,843,116,351,44.50,25.60,2.20,16.00
5/3/18-0:36:6,842,139,375,45.90,25.50,1.90,8.30
5/3/18-0:37:7,843,128,359,48.00,25.50,2.10,11.70
5/3/18-0:38:7,842,146,373,48.20,25.40,2.00,15.10
5/3/18-0:39:8,843,133,364,48.40,25.30,1.90,10.50
5/3/18-0:40:9,843,133,379,49.30,25.20,1.90,14.90
5/3/18-0:41:10,843,122,354,49.30,25.20,1.80,13.80
5/3/18-0:42:11,844,122,358,49.20,25.10,2.20,11.70
5/3/18-0:43:12,844,113,354,50.90,24.90,2.20,8.60
5/3/18-0:44:13,842,131,375,51.30,24.70,1.80,9.60
5/3/18-0:45:14,843,137,385,51.80,24.70,2.10,9.30
5/3/18-0:46:15,842,143,371,52.20,24.60,1.70,6.50
5/3/18-0:47:16,843,137,367,53.40,24.50,1.50,8.20
5/3/18-0:48:17,843,150,383,52.80,24.50,1.70,5.90
5/3/18-0:49:18,845,160,382,53.40,24.50,1.60,7.70
5/3/18-0:50:19,843,151,376,54.20,24.40,2.30,12.90
5/3/18-0:51:20,845,144,367,53.30,24.50,2.00,9.10
5/3/18-0:52:21,844,134,365,53.30,24.40,1.80,7.90
5/3/18-0:53:22,843,144,376,53.40,24.40,1.80,7.00
5/3/18-0:54:23,843,135,372,54.30,24.20,2.10,7.50
5/3/18-0:55:24,844,129,365,54.40,24.20,1.50,5.40
5/3/18-0:56:25,844,133,374,53.80,24.10,1.60,3.40
5/3/18-0:57:26,844,127,353,53.80,24.00,1.80,9.90
5/3/18-0:58:27,842,124,358,53.60,24.00,2.10,8.80
5/3/18-0:59:28,844,129,369,53.60,23.80,1.60,6.10
5/3/18-1:0:29,842,145,367,54.40,23.80,1.40,5.80
5/3/18-1:1:30,843,145,363,54.20,23.80,2.00,6.50
5/3/18-1:2:31,843,146,374,54.10,23.80,1.90,5.90
5/3/18-1:3:32,842,160,388,53.50,23.80,1.50,5.50
5/3/18-1:4:33,843,140,349,55.10,23.80,1.60,4.60
5/3/18-1:5:34,842,138,366,54.80,23.80,1.60,6.50
5/3/18-1:6:35,843,153,375,54.50,23.80,1.40,4.40
5/3/18-1:7:36,843,144,370,55.10,23.90,1.40,2.60
5/3/18-1:8:37,844,166,375,55.10,23.90,2.00,8.60
5/3/18-1:9:38,843,156,376,54.60,23.90,1.80,4.10
5/3/18-1:10:39,844,157,369,54.20,24.00,1.60,4.80
5/3/18-1:11:40,842,163,381,54.10,23.90,1.70,6.50
5/3/18-1:12:41,844,159,364,54.20,24.00,1.90,4.40
5/3/18-1:13:42,843,136,356,54.50,24.00,1.90,5.80
5/3/18-1:14:43,843,138,379,53.00,23.90,1.90,10.60
5/3/18-1:15:44,843,160,376,53.60,23.90,1.80,4.90
5/3/18-1:16:45,842,157,364,53.80,23.90,1.90,6.10
5/3/18-1:17:46,844,144,365,54.20,23.90,1.60,5.40
5/3/18-1:18:47,843,153,375,53.40,23.90,1.70,5.90
5/3/18-1:19:48,842,151,369,54.00,23.90,1.40,4.60
5/3/18-1:20:49,842,149,360,54.70,23.90,1.60,5.30
5/3/18-1:21:50,844,144,360,53.40,23.90,1.60,6.10
5/3/18-1:22:51,843,133,358,53.90,23.90,1.30,3.50
5/3/18-1:23:52,844,127,354,54.50,23.90,1.40,3.20
5/3/18-1:24:53,842,135,361,53.70,23.90,1.50,3.10
5/3/18-1:25:54,843,145,374,54.50,23.90,1.40,4.30
5/3/18-1:26:55,844,126,365,53.60,23.80,1.10,2.60
5/3/18-1:27:56,842,144,370,53.40,23.80,1.70,3.90
5/3/18-1:28:56,843,128,352,53.90,23.80,1.50,5.60
5/3/18-1:29:57,843,137,362,53.80,23.70,1.50,2.80
5/3/18-1:30:58,844,131,358,53.70,23.70,1.50,3.70
5/3/18-1:31:59,843,141,372,53.80,23.70,1.50,3.20
5/3/18-1:33:0,844,150,370,54.70,23.70,1.60,5.50
5/3/18-1:34:1,844,150,363,54.30,23.70,1.40,2.60
5/3/18-1:35:2,843,145,364,53.90,23.70,1.30,3.30
5/3/18-1:36:3,844,145,377,54.50,23.70,1.60,6.60
5/3/18-1:37:4,843,163,378,54.50,23.70,1.60,4.90
5/3/18-1:38:5,844,161,365,54.50,23.70,1.10,3.00
5/3/18-1:39:6,843,161,379,53.90,23.70,1.60,3.80
5/3/18-1:40:7,843,143,366,54.20,23.70,1.70,4.80
5/3/18-1:41:8,844,135,357,53.50,23.70,1.40,4.10
5/3/18-1:42:9,842,155,378,53.10,23.70,1.30,3.80
5/3/18-1:43:10,844,151,368,53.80,23.70,1.20,4.10
5/3/18-1:44:11,843,131,354,54.40,23.70,1.40,4.20
5/3/18-1:45:12,845,137,366,52.90,23.70,1.20,2.10
5/3/18-1:46:13,844,140,362,53.50,23.70,1.30,4.20
5/3/18-1:47:14,842,145,365,53.50,23.80,1.30,5.20
5/3/18-1:48:15,844,131,362,53.40,23.70,1.30,2.30
5/3/18-1:49:16,844,128,362,52.90,23.80,1.50,4.40
5/3/18-1:50:17,843,138,368,53.10,23.70,1.40,2.90
5/3/18-1:51:18,844,122,354,52.80,23.80,1.30,2.30
5/3/18-1:52:19,843,128,354,53.60,23.80,1.90,8.10
5/3/18-1:53:20,844,123,358,54.00,23.80,1.00,2.40
5/3/18-1:54:21,844,147,397,52.60,23.70,1.00,2.10
5/3/18-1:55:22,843,165,372,53.00,23.80,1.20,2.00
5/3/18-1:56:23,844,147,372,52.90,23.80,1.20,1.80
5/3/18-1:57:24,843,171,379,52.80,23.80,1.00,2.00
5/3/18-1:58:25,844,168,380,51.60,23.80,0.90,1.70
5/3/18-1:59:26,844,148,361,51.40,23.90,1.70,6.00
5/3/18-2:0:27,843,137,364,51.20,23.90,1.20,1.50
5/3/18-2:1:28,843,137,357,51.20,23.90,1.00,1.90
5/3/18-2:2:29,844,148,383,51.30,23.90,1.30,2.20
5/3/18-2:3:30,842,154,395,52.10,23.90,1.20,1.80
5/3/18-2:4:31,843,152,372,51.00,23.90,1.40,3.40
5/3/18-2:5:32,842,148,368,50.80,23.80,1.60,4.40
5/3/18-2:6:33,844,147,376,51.10,23.80,1.80,2.80
5/3/18-2:7:34,844,158,370,51.10,23.80,1.70,3.60
5/3/18-2:8:35,844,158,371,51.00,23.90,1.40,2.70
5/3/18-2:9:36,843,171,385,51.20,23.90,1.60,4.20
5/3/18-2:10:37,844,166,372,51.80,23.90,1.60,3.80
5/3/18-2:11:38,843,179,386,51.20,23.90,2.00,4.20
5/3/18-2:12:39,843,170,380,50.70,23.90,1.90,2.70
5/3/18-2:13:40,844,176,385,50.80,23.90,2.20,3.60
5/3/18-2:14:41,843,193,382,51.30,23.90,2.70,7.50
5/3/18-2:15:42,844,170,374,50.40,23.90,2.30,4.40
5/3/18-2:16:43,844,160,363,49.80,23.90,2.90,4.30
5/3/18-2:17:44,844,162,374,50.40,23.90,2.90,4.90
5/3/18-2:18:45,844,156,363,50.40,23.90,2.80,5.50
5/3/18-2:19:45,843,168,371,49.50,23.90,2.40,5.70
5/3/18-2:20:46,844,160,371,50.90,24.00,3.10,8.30
5/3/18-2:21:47,844,165,363,50.60,23.90,2.60,4.80
5/3/18-2:22:48,843,155,371,51.00,24.00,3.00,4.70
5/3/18-2:23:49,844,161,372,50.70,23.90,2.50,6.80
5/3/18-2:24:50,844,140,357,50.90,23.90,2.60,5.50
5/3/18-2:25:51,843,151,372,50.80,23.90,2.50,4.80
5/3/18-2:26:52,843,156,384,51.20,23.90,2.70,7.40
5/3/18-2:27:53,845,163,376,50.80,23.80,2.80,4.60
5/3/18-2:28:54,844,151,357,51.10,23.80,2.60,5.70
5/3/18-2:29:55,843,183,401,51.50,23.90,2.30,3.50
5/3/18-2:30:56,844,176,368,51.30,23.90,1.70,4.00
5/3/18-2:31:57,844,160,367,51.10,24.00,1.90,5.80
5/3/18-2:32:58,844,155,367,50.10,23.90,1.90,2.60
5/3/18-2:33:59,843,129,355,49.80,23.90,2.00,6.70
5/3/18-2:35:0,843,150,396,49.40,23.90,1.80,4.50
5/3/18-2:36:1,844,149,372,49.90,23.90,1.90,2.90
5/3/18-2:37:2,844,148,365,50.40,23.90,1.70,4.10
5/3/18-2:38:3,843,161,375,49.50,23.90,1.70,2.50
5/3/18-2:39:4,844,157,365,49.40,23.90,1.80,3.10
5/3/18-2:40:5,843,162,374,49.00,24.00,1.40,2.50
5/3/18-2:41:6,843,171,373,49.40,23.90,1.90,6.80
5/3/18-2:42:7,844,175,373,48.80,23.90,1.90,3.80
5/3/18-2:43:8,844,172,374,49.50,23.90,2.50,5.10
5/3/18-2:44:9,844,175,386,48.50,23.90,2.70,4.10
5/3/18-2:45:10,844,164,370,50.20,23.90,2.60,4.90
5/3/18-2:46:11,844,152,358,50.20,23.90,3.60,7.50
5/3/18-2:47:12,844,166,385,50.00,23.80,4.20,8.40
5/3/18-2:48:13,844,150,360,50.90,23.80,4.10,5.80
5/3/18-2:49:14,844,167,375,51.70,23.70,3.60,10.40
5/3/18-2:50:15,843,171,371,53.70,23.60,3.20,6.20
5/3/18-2:51:16,843,163,373,54.10,23.60,3.50,7.50
5/3/18-2:52:17,843,154,363,54.60,23.60,3.20,9.30
5/3/18-2:53:18,844,155,367,54.70,23.50,2.90,7.20
5/3/18-2:54:19,844,164,374,54.40,23.40,2.60,5.40
5/3/18-2:55:20,843,173,376,56.30,23.40,2.90,5.20
5/3/18-2:56:21,843,172,379,55.90,23.40,2.50,5.20
5/3/18-2:57:22,843,166,369,55.70,23.30,2.20,5.90
5/3/18-2:58:23,842,171,371,54.80,23.30,2.50,5.70
5/3/18-2:59:24,843,163,376,55.20,23.30,2.50,5.10
5/3/18-3:0:25,843,152,361,54.90,23.30,2.20,4.80
5/3/18-3:1:26,843,158,364,54.60,23.20,2.20,5.00
5/3/18-3:2:27,842,164,367,55.80,23.10,2.30,4.60
5/3/18-3:3:28,844,140,352,54.60,23.00,3.00,6.80
5/3/18-3:4:29,844,140,366,54.70,23.00,2.00,3.80
5/3/18-3:5:30,844,146,362,55.60,22.90,2.10,4.50
5/3/18-3:6:31,844,150,378,55.40,22.90,2.10,6.10
5/3/18-3:7:32,843,149,365,55.60,22.90,2.10,4.50
5/3/18-3:8:33,843,169,378,54.20,22.80,1.70,4.60
5/3/18-3:9:33,846,151,367,55.00,22.80,1.90,3.80
5/3/18-3:10:34,844,130,346,54.00,22.80,1.30,3.70
5/3/18-3:11:35,844,142,348,54.10,22.80,1.50,2.90
5/3/18-3:12:36,842,141,352,53.40,22.80,1.50,5.20
5/3/18-3:13:37,842,139,354,54.90,22.80,1.60,6.20
5/3/18-3:14:38,844,126,345,55.40,22.70,1.50,6.00
5/3/18-3:15:39,844,138,353,55.40,22.60,1.70,7.50
5/3/18-3:16:40,844,134,346,54.90,22.60,1.30,3.30
5/3/18-3:17:41,843,153,391,54.50,22.60,1.20,3.70
5/3/18-3:18:42,844,158,367,55.10,22.60,1.30,3.10
5/3/18-3:19:43,843,157,355,54.60,22.60,0.90,3.00
5/3/18-3:20:44,843,190,382,54.60,22.60,1.40,2.80
5/3/18-3:21:45,844,181,364,54.90,22.70,0.80,3.00
5/3/18-3:22:46,844,191,376,55.30,22.80,1.00,3.70
5/3/18-3:23:47,844,195,373,54.70,22.80,1.20,3.60
5/3/18-3:24:48,843,197,368,54.10,22.80,0.80,2.00
5/3/18-3:25:49,843,173,357,54.20,22.80,0.80,2.90
5/3/18-3:26:50,844,180,367,54.60,22.80,1.00,1.90
5/3/18-3:27:51,845,179,364,55.10,22.80,1.00,1.30
5/3/18-3:28:52,846,173,365,54.70,22.90,1.30,3.80
5/3/18-3:29:53,843,164,372,53.20,22.80,0.80,1.60
5/3/18-3:30:54,844,148,369,53.50,22.80,1.00,2.20
5/3/18-3:31:55,846,169,382,53.20,22.90,1.00,2.50
5/3/18-3:32:56,844,165,374,52.60,22.90,0.90,2.30
5/3/18-3:33:57,843,191,382,52.60,22.90,0.80,2.40
5/3/18-3:34:58,844,181,376,53.80,22.90,0.90,3.00
5/3/18-3:35:59,844,176,366,53.00,22.90,0.70,0.90
5/3/18-3:37:0,844,168,352,52.60,22.90,0.80,1.60
5/3/18-3:38:1,844,158,366,52.00,22.90,1.10,3.40
5/3/18-3:39:2,843,182,382,52.50,22.90,0.70,1.60
5/3/18-3:40:3,844,196,373,52.30,23.00,0.60,1.40
5/3/18-3:41:4,843,235,392,52.50,23.00,0.70,1.10
5/3/18-3:42:5,843,229,381,53.00,23.00,0.90,1.10
5/3/18-3:43:6,843,215,389,53.20,23.00,1.00,2.70
5/3/18-3:44:7,844,191,367,53.00,23.00,0.80,1.00
5/3/18-3:45:8,844,190,371,52.20,23.00,0.90,1.80
5/3/18-3:46:9,843,180,377,52.10,23.00,0.80,2.90
5/3/18-3:47:10,844,161,359,52.20,22.90,0.90,2.80
5/3/18-3:48:11,844,166,370,52.30,22.90,0.70,1.30
5/3/18-3:49:12,843,179,372,51.80,22.90,1.00,4.50
5/3/18-3:50:13,844,172,359,52.20,22.80,1.00,3.00
5/3/18-3:51:14,843,165,387,51.70,22.90,1.10,3.80
5/3/18-3:52:15,844,169,364,51.30,22.80,0.70,2.70
5/3/18-3:53:16,843,160,349,51.90,22.80,1.00,4.50
5/3/18-3:54:17,844,155,357,50.00,22.80,0.80,1.60
5/3/18-3:55:18,844,163,361,50.30,22.80,0.80,3.10
5/3/18-3:56:19,844,177,383,50.80,22.70,0.80,1.60
5/3/18-3:57:20,843,200,381,50.90,22.80,1.30,5.60
5/3/18-3:58:20,843,192,372,50.40,22.80,0.70,3.30
5/3/18-3:59:21,843,162,356,50.00,22.80,1.10,2.70
5/3/18-4:0:22,844,153,353,49.20,22.70,1.10,2.90
5/3/18-4:1:23,843,143,351,49.30,22.80,0.80,2.10
5/3/18-4:2:24,844,150,366,49.40,22.70,0.70,1.00
5/3/18-4:3:25,843,159,373,50.40,22.70,0.80,1.70
5/3/18-4:4:26,844,158,356,50.30,22.70,0.80,2.10
5/3/18-4:5:27,843,153,367,48.00,22.70,1.10,2.20
5/3/18-4:6:28,845,143,355,48.00,22.70,0.70,1.40
5/3/18-4:7:29,844,169,376,48.10,22.70,0.80,3.30
5/3/18-4:8:30,843,165,358,48.30,22.70,0.80,3.20
5/3/18-4:9:31,844,184,387,48.40,22.80,1.00,1.80
5/3/18-4:10:32,843,198,364,48.50,22.80,0.90,1.40
5/3/18-4:11:33,844,164,353,47.80,22.80,0.70,1.20
5/3/18-4:12:34,844,151,346,46.30,22.80,0.90,3.20
5/3/18-4:13:35,844,163,360,45.90,22.80,0.90,4.50
5/3/18-4:14:36,844,160,368,45.40,22.80,0.90,3.90
5/3/18-4:15:37,844,166,379,46.30,22.80,0.80,0.90
5/3/18-4:16:38,843,161,355,46.30,22.80,0.80,2.30
5/3/18-4:17:39,844,175,377,45.30,22.80,0.70,2.50
5/3/18-4:18:40,844,170,377,45.90,22.80,0.60,0.90
5/3/18-4:19:41,845,183,373,45.40,22.80,0.90,3.10
5/3/18-4:20:42,844,193,367,46.10,22.80,0.80,3.60
5/3/18-4:21:43,844,205,380,46.00,22.80,0.90,2.00
5/3/18-4:22:44,844,174,356,46.60,22.90,0.70,3.00
5/3/18-4:23:45,843,168,360,46.70,22.90,0.60,1.80
5/3/18-4:24:46,844,164,355,46.20,22.90,0.70,1.70
5/3/18-4:25:47,844,143,353,45.30,22.90,0.70,3.10
5/3/18-4:26:48,844,152,383,45.30,22.90,1.20,1.40
5/3/18-4:27:49,844,181,374,45.90,22.90,0.90,2.30
5/3/18-4:28:50,843,167,363,46.70,22.90,0.90,3.30
5/3/18-4:29:51,843,163,363,46.50,22.90,0.80,2.10
5/3/18-4:30:52,844,147,359,47.00,22.90,0.70,2.70
5/3/18-4:31:53,844,155,371,46.30,22.90,0.70,0.70
5/3/18-4:32:54,845,161,386,45.80,22.90,0.90,2.80
5/3/18-4:33:55,844,166,362,46.30,22.90,0.70,1.40
5/3/18-4:34:56,844,173,364,46.70,22.80,1.10,3.00
5/3/18-4:35:57,844,168,367,47.50,22.90,1.20,3.30
5/3/18-4:36:58,845,163,366,48.00,22.80,1.00,3.20
5/3/18-4:37:59,843,159,362,47.90,22.80,0.90,2.00
5/3/18-4:39:0,843,152,358,47.80,22.80,0.90,2.40
5/3/18-4:40:1,845,149,355,47.20,22.80,0.80,1.80
5/3/18-4:41:2,843,201,390,48.20,22.80,0.70,3.00
5/3/18-4:42:3,844,206,380,48.20,22.80,0.90,2.70
5/3/18-4:43:4,843,244,394,48.30,22.80,0.90,3.50
5/3/18-4:44:5,844,239,376,48.60,22.80,0.70,2.10
5/3/18-4:45:6,844,236,386,48.70,22.90,0.80,6.50
5/3/18-4:46:7,845,223,366,48.60,22.90,1.00,1.90
5/3/18-4:47:7,846,206,366,48.00,22.90,0.70,1.80
5/3/18-4:48:8,845,178,356,47.80,22.90,0.80,1.70
5/3/18-4:49:9,845,166,357,47.60,23.00,0.70,1.90
5/3/18-4:50:10,844,175,356,47.10,22.90,1.10,3.40
5/3/18-4:51:11,847,170,360,46.90,22.90,1.20,4.20
5/3/18-4:52:12,846,193,385,48.10,22.90,0.90,2.90
5/3/18-4:53:13,846,185,359,48.50,22.90,1.10,6.70
5/3/18-4:54:14,846,174,365,47.00,22.90,0.80,1.70
5/3/18-4:55:15,845,181,361,46.20,22.80,0.80,2.70
5/3/18-4:56:16,846,176,365,45.10,22.80,0.60,3.10
5/3/18-4:57:17,846,167,365,45.10,22.80,0.70,1.50
5/3/18-4:58:18,847,150,351,43.70,22.70,0.90,4.10
5/3/18-4:59:19,847,162,356,40.90,22.70,0.90,4.70
5/3/18-5:0:20,846,188,386,43.00,22.60,0.90,3.90
5/3/18-5:1:21,847,171,346,42.80,22.60,0.70,3.20
5/3/18-5:2:22,847,163,348,40.50,22.60,0.70,4.90
5/3/18-5:3:23,846,158,346,38.20,22.50,1.70,6.50
5/3/18-5:4:24,846,141,353,38.50,22.50,0.40,1.40
5/3/18-5:5:25,847,150,357,37.70,22.50,0.80,4.10
5/3/18-5:6:26,847,161,351,37.70,22.40,1.10,4.30
5/3/18-5:7:27,847,169,348,37.40,22.50,0.70,4.70
5/3/18-5:8:28,846,169,353,36.60,22.40,0.60,3.70
5/3/18-5:9:29,847,150,350,36.50,22.50,0.50,4.20
5/3/18-5:10:30,846,158,368,35.20,22.40,0.80,3.00
5/3/18-5:11:31,847,161,348,35.60,22.40,0.60,4.80
5/3/18-5:12:32,847,166,360,36.10,22.30,0.40,2.70
5/3/18-5:13:33,847,188,390,36.40,22.40,0.50,2.80
5/3/18-5:14:34,847,194,353,36.20,22.40,0.60,2.00
5/3/18-5:15:35,846,194,358,35.60,22.40,0.40,3.00
5/3/18-5:16:36,847,205,383,35.60,22.40,0.60,4.70
5/3/18-5:17:37,847,196,357,35.60,22.40,0.70,2.50
5/3/18-5:18:38,846,192,359,36.00,22.40,0.70,4.10
5/3/18-5:19:39,847,185,355,36.20,22.40,0.50,5.60
5/3/18-5:20:40,846,191,359,36.10,22.50,0.50,3.00
5/3/18-5:21:41,847,165,349,36.00,22.50,0.80,3.80
5/3/18-5:22:42,847,195,392,36.50,22.50,0.90,6.10
5/3/18-5:23:43,846,214,377,37.50,22.50,0.70,1.90
5/3/18-5:24:44,846,231,391,38.20,22.50,0.90,3.40
5/3/18-5:25:45,847,207,377,38.50,22.60,0.80,2.30
5/3/18-5:26:46,846,239,407,38.20,22.60,0.90,3.00
5/3/18-5:27:47,846,250,408,39.90,22.60,0.90,3.60
5/3/18-5:28:48,846,256,387,40.50,22.70,0.90,2.10
5/3/18-5:29:49,847,238,367,40.30,22.70,0.80,4.20
5/3/18-5:30:50,846,222,367,40.10,22.80,2.00,5.20
5/3/18-5:31:51,846,234,381,40.00,22.80,1.10,4.80
5/3/18-5:32:52,846,229,383,40.80,22.90,0.90,2.60
5/3/18-5:33:53,847,224,369,40.50,22.90,1.00,4.30
5/3/18-5:34:54,848,233,375,40.80,22.90,0.90,5.50
5/3/18-5:35:54,847,222,367,41.10,22.90,0.70,2.10
5/3/18-5:36:55,846,196,353,40.90,22.90,1.00,3.90
5/3/18-5:37:56,846,199,369,39.90,22.90,1.30,7.30
5/3/18-5:38:57,847,211,365,42.00,22.90,1.10,7.30
5/3/18-5:39:58,847,222,379,40.90,22.90,0.80,2.80
5/3/18-5:40:59,847,209,366,42.50,22.90,0.90,2.90
5/3/18-5:42:0,846,183,354,39.70,22.90,1.20,3.80
5/3/18-5:43:1,846,161,342,39.60,22.80,0.60,1.90
5/3/18-5:44:2,847,135,345,34.90,22.80,0.80,6.90
5/3/18-5:45:3,846,144,345,30.00,22.60,0.70,3.70
5/3/18-5:46:4,846,151,369,29.50,22.50,0.60,2.10
5/3/18-5:47:5,846,161,362,29.40,22.40,0.40,3.30
5/3/18-5:48:6,847,161,379,30.40,22.40,0.50,2.30
5/3/18-5:49:7,847,176,359,30.50,22.40,0.50,1.50
5/3/18-5:50:8,847,165,353,30.00,22.40,1.00,9.60
5/3/18-5:51:9,849,146,348,29.50,22.30,0.60,4.50
5/3/18-5:52:10,846,153,361,28.70,22.20,0.40,1.70
5/3/18-5:53:11,848,151,371,28.30,22.20,0.50,3.60
5/3/18-5:54:12,847,162,363,27.90,22.20,0.40,3.10
5/3/18-5:55:13,848,165,354,28.30,22.20,0.40,2.30
5/3/18-5:56:14,847,174,356,28.50,22.10,0.60,3.80
5/3/18-5:57:15,848,166,357,28.50,22.10,0.50,4.90
5/3/18-5:58:16,847,197,375,28.50,22.10,0.50,3.10
5/3/18-5:59:17,847,174,344,28.50,22.10,0.40,1.80
5/3/18-6:0:18,846,172,363,27.50,22.10,0.60,3.90
5/3/18-6:1:19,846,179,374,27.90,22.10,0.30,2.40
5/3/18-6:2:20,846,181,349,28.20,22.20,0.30,2.60
5/3/18-6:3:21,847,162,361,27.50,22.10,0.50,1.30
5/3/18-6:4:22,847,165,349,26.60,22.10,0.50,2.80
5/3/18-6:5:23,846,165,352,27.40,22.10,0.60,3.50
5/3/18-6:6:24,847,161,351,27.00,22.10,0.40,1.20
5/3/18-6:7:25,846,167,336,27.20,22.10,0.30,2.50
5/3/18-6:8:26,846,180,362,27.30,22.10,0.80,3.90
5/3/18-6:9:27,847,191,366,27.80,22.10,0.50,2.80
5/3/18-6:10:28,847,191,360,27.30,22.10,0.40,0.90
5/3/18-6:11:29,847,189,354,27.00,22.10,0.40,3.10
5/3/18-6:12:30,847,187,354,27.20,22.20,0.40,2.10
5/3/18-6:13:31,846,186,351,27.50,22.10,0.40,1.10
5/3/18-6:14:32,847,195,360,27.80,22.10,0.50,1.70
5/3/18-6:15:33,846,195,364,28.10,22.20,0.50,3.10
5/3/18-6:16:34,846,198,364,27.80,22.20,0.40,3.40
5/3/18-6:17:35,846,198,354,27.30,22.20,0.50,2.10
5/3/18-6:18:36,846,193,350,27.10,22.20,0.70,1.80
5/3/18-6:19:37,845,198,376,26.80,22.20,0.50,2.80
5/3/18-6:20:38,847,181,351,27.10,22.20,0.60,3.20
5/3/18-6:21:39,847,184,354,27.00,22.20,0.60,5.60
5/3/18-6:22:40,847,185,357,27.30,22.20,0.80,2.70
5/3/18-6:23:40,847,193,360,27.80,22.20,0.50,2.50
5/3/18-6:24:41,846,197,355,28.10,22.20,0.70,3.50
5/3/18-6:25:42,847,196,362,27.60,22.20,0.50,4.50
5/3/18-6:26:43,846,203,375,28.00,22.20,0.50,2.20
5/3/18-6:27:44,847,193,369,28.30,22.20,0.70,2.20
5/3/18-6:28:45,847,196,359,27.70,22.20,0.80,6.30
5/3/18-6:29:46,847,207,367,27.80,22.20,0.50,3.40
5/3/18-6:30:47,846,210,367,27.80,22.20,0.40,0.90
5/3/18-6:31:48,846,212,367,28.30,22.20,0.70,4.80
5/3/18-6:32:49,844,206,362,28.10,22.20,0.40,3.60
5/3/18-6:33:50,847,186,361,27.80,22.20,0.30,2.20
5/3/18-6:34:51,846,175,349,27.10,22.20,0.40,3.10
5/3/18-6:35:52,845,146,336,26.30,22.10,0.30,2.00
5/3/18-6:36:53,845,147,354,25.70,22.10,0.30,2.80
5/3/18-6:37:54,845,145,343,25.30,22.00,1.20,4.10
5/3/18-6:38:55,845,153,363,25.20,21.90,0.50,2.30
5/3/18-6:39:56,847,144,366,25.20,21.80,0.40,2.00
5/3/18-6:40:57,845,186,384,25.30,21.80,0.20,0.60
5/3/18-6:41:58,846,166,341,25.50,21.90,0.30,3.80
5/3/18-6:42:59,845,159,345,25.20,21.80,0.30,1.20
5/3/18-6:44:0,844,159,347,25.60,21.70,0.40,3.70
5/3/18-6:45:1,846,161,355,26.10,21.70,0.60,6.20
5/3/18-6:46:2,846,163,352,26.10,21.80,0.70,5.10
5/3/18-6:47:3,845,194,399,26.30,21.80,0.40,3.00
5/3/18-6:48:4,847,197,368,26.70,21.80,0.60,2.60
5/3/18-6:49:5,846,186,369,25.40,21.80,0.40,0.90
5/3/18-6:50:6,846,182,346,25.50,21.80,0.30,3.90
5/3/18-6:51:7,846,194,367,26.10,21.80,0.30,2.00
5/3/18-6:52:8,845,190,355,27.10,21.80,0.30,1.90
5/3/18-6:53:9,845,187,368,26.90,21.80,0.20,1.10
5/3/18-6:54:10,847,192,391,26.70,21.80,0.50,6.70
5/3/18-6:55:11,846,203,359,26.20,21.90,0.40,1.90
5/3/18-6:56:12,846,190,366,26.60,21.90,0.80,3.00
5/3/18-6:57:13,846,184,356,25.70,21.90,0.30,1.80
5/3/18-6:58:14,846,163,342,26.50,21.90,0.50,1.50
5/3/18-6:59:15,841,136,347,26.00,21.90,0.40,2.00
5/3/18-7:0:16,837,149,343,25.70,21.90,0.30,1.60
5/3/18-7:1:17,840,148,343,25.40,21.80,0.40,1.40
5/3/18-7:2:18,841,152,337,25.40,21.80,0.50,2.30
5/3/18-7:3:19,841,171,354,25.80,21.90,0.60,3.10
5/3/18-7:4:20,840,176,359,25.80,21.80,0.50,1.20
5/3/18-7:5:21,838,184,353,25.90,21.80,0.40,0.80
5/3/18-7:6:22,839,185,353,26.10,21.90,1.10,3.60
5/3/18-7:7:23,839,185,361,26.20,21.90,0.50,1.10
5/3/18-7:8:24,838,194,356,26.70,21.90,0.60,2.20
5/3/18-7:9:25,839,191,352,27.40,22.00,0.50,4.70
5/3/18-7:10:25,839,187,357,27.10,22.00,0.40,1.50
5/3/18-7:11:26,840,197,371,27.10,22.00,0.60,0.80
5/3/18-7:12:27,839,195,357,26.90,22.00,0.80,3.50
5/3/18-7:13:28,838,197,366,26.40,22.00,0.30,0.50
5/3/18-7:14:29,839,203,370,26.60,22.00,0.80,1.60
5/3/18-7:15:30,839,205,364,27.40,22.00,0.60,1.30
5/3/18-7:16:31,838,219,373,27.20,22.10,0.30,3.70
5/3/18-7:17:32,841,224,371,27.10,22.10,0.40,1.70
5/3/18-7:18:33,841,214,370,26.70,22.10,0.50,5.70
5/3/18-7:19:34,842,203,359,26.70,22.10,0.40,2.60
5/3/18-7:20:35,842,211,374,26.40,22.10,0.70,5.40
5/3/18-7:21:36,840,223,368,26.50,22.10,0.40,1.50
5/3/18-7:22:37,837,220,357,26.80,22.10,0.60,2.10
5/3/18-7:23:38,839,212,370,26.80,22.10,0.40,1.70
5/3/18-7:24:39,838,210,360,26.70,22.10,0.40,2.10
5/3/18-7:25:40,839,210,363,27.10,22.10,0.50,2.50
5/3/18-7:26:41,839,207,367,27.40,22.00,0.40,2.00
5/3/18-7:27:42,840,205,358,27.00,22.10,0.60,3.10
5/3/18-7:28:43,838,211,375,27.10,22.00,0.80,3.20
5/3/18-7:29:44,840,213,380,26.70,22.00,0.60,7.50
5/3/18-7:30:45,839,198,354,26.90,22.00,0.50,2.20
5/3/18-7:31:46,840,186,354,26.90,21.90,0.50,3.70
5/3/18-7:32:47,841,190,353,27.20,21.90,0.30,2.50
5/3/18-7:33:48,841,193,359,27.20,21.90,0.60,3.40
5/3/18-7:34:49,838,198,357,27.30,21.90,0.60,1.60
5/3/18-7:35:50,839,208,368,27.20,21.80,0.40,2.50
5/3/18-7:36:51,838,212,360,28.70,21.80,0.70,6.00
5/3/18-7:37:52,841,217,362,27.70,21.80,0.60,2.30
5/3/18-7:38:53,840,211,359,28.10,21.80,0.70,5.90
5/3/18-7:39:54,839,217,373,27.00,21.80,0.60,2.30
5/3/18-7:40:55,839,213,363,27.50,21.80,0.90,4.60
5/3/18-7:41:56,840,210,366,27.40,21.80,0.70,4.90
5/3/18-7:42:57,840,217,360,27.70,21.80,1.10,9.20
5/3/18-7:43:58,839,219,369,26.70,21.80,1.10,6.60
5/3/18-7:44:59,840,198,367,26.50,21.70,0.70,3.20
5/3/18-7:46:0,840,204,370,26.90,21.70,0.50,2.40
5/3/18-7:47:1,840,199,353,27.00,21.70,0.60,7.50
5/3/18-7:48:2,839,188,362,27.20,21.70,1.00,4.80
5/3/18-7:49:3,841,188,364,27.00,21.60,0.60,4.40
5/3/18-7:50:4,839,196,369,27.00,21.70,0.40,2.40
5/3/18-7:51:5,842,209,377,27.20,21.60,0.60,2.60
5/3/18-7:52:6,838,225,384,27.60,21.60,0.60,4.20
5/3/18-7:53:7,840,212,360,27.60,21.60,0.60,2.10
5/3/18-7:54:8,841,204,366,27.30,21.60,0.70,4.30
5/3/18-7:55:9,839,214,370,27.10,21.60,1.00,5.20
5/3/18-7:56:10,841,201,357,27.60,21.60,0.50,3.40
5/3/18-7:57:10,840,204,369,27.30,21.60,0.40,4.50
5/3/18-7:58:11,840,207,363,27.70,21.60,0.60,2.40
5/3/18-7:59:12,839,208,361,27.50,21.60,0.70,5.50
5/3/18-8:0:13,840,214,371,28.00,21.60,0.70,4.30
5/3/18-8:1:14,840,208,360,27.80,21.60,0.70,3.60
5/3/18-8:2:15,843,209,377,27.60,21.60,1.00,9.60
5/3/18-8:3:16,839,224,375,28.00,21.70,0.80,5.20
5/3/18-8:4:17,839,225,359,27.70,21.70,1.20,13.60
5/3/18-8:5:18,839,217,357,27.70,21.70,1.10,8.80
5/3/18-8:6:19,840,202,349,27.30,21.70,0.80,6.70
5/3/18-8:7:20,839,198,356,27.40,21.70,0.80,2.20
5/3/18-8:8:21,839,219,361,27.70,21.60,0.80,1.90
5/3/18-8:9:22,839,228,369,27.90,21.60,0.80,4.20
5/3/18-8:10:23,840,209,345,28.00,21.60,1.30,10.20
5/3/18-8:11:24,841,210,352,28.20,21.60,0.70,4.10
5/3/18-8:12:25,840,210,346,27.90,21.60,0.70,3.50
5/3/18-8:13:26,840,212,346,27.80,21.60,0.80,5.00
5/3/18-8:14:27,840,209,352,28.10,21.60,0.80,7.00
5/3/18-8:15:28,840,196,344,28.10,21.60,1.10,7.00
5/3/18-8:16:29,840,189,349,27.40,21.50,0.80,4.10
5/3/18-8:17:30,838,191,343,27.40,21.50,0.70,4.70
5/3/18-8:18:31,838,190,336,27.70,21.40,0.90,2.60
5/3/18-8:19:32,838,195,340,27.80,21.40,0.90,4.60
5/3/18-8:20:33,839,205,347,28.50,21.40,0.90,2.90
5/3/18-8:21:34,840,202,344,28.40,21.40,0.80,1.50
5/3/18-8:22:35,840,207,343,28.00,21.40,0.70,6.80
5/3/18-8:23:36,839,216,349,28.90,21.40,0.80,5.10
5/3/18-8:24:37,840,234,371,28.70,21.40,1.00,6.90
5/3/18-8:25:38,839,241,360,30.00,21.50,1.00,4.60
5/3/18-8:26:39,840,233,350,29.90,21.50,1.40,9.40
5/3/18-8:27:40,840,226,347,29.80,21.50,1.50,5.20
5/3/18-8:28:41,841,218,351,29.80,21.50,0.80,2.20
5/3/18-8:29:42,841,221,356,29.60,21.60,0.90,3.90
5/3/18-8:30:43,840,217,350,29.80,21.60,0.70,3.60
5/3/18-8:31:44,841,208,347,29.10,21.60,0.80,5.10
5/3/18-8:32:45,841,194,356,28.80,21.60,0.70,2.50
5/3/18-8:33:46,842,197,341,29.10,21.60,0.60,2.80
5/3/18-8:34:47,842,202,346,28.90,21.50,0.70,4.80
5/3/18-8:35:48,843,203,349,29.30,21.50,1.10,8.00
5/3/18-8:36:49,843,208,347,29.00,21.50,0.90,5.70
5/3/18-8:37:50,842,216,363,28.90,21.50,1.10,7.20
5/3/18-8:38:51,843,236,390,29.30,21.50,0.80,7.00
5/3/18-8:39:52,843,242,369,29.20,21.50,1.00,4.90
5/3/18-8:40:53,842,247,369,29.50,21.50,1.00,5.90
5/3/18-8:41:54,842,253,368,30.00,21.50,0.80,4.30
5/3/18-8:42:55,845,256,383,30.00,21.50,0.70,1.70
5/3/18-8:43:55,841,237,349,31.00,21.60,1.00,7.00
5/3/18-8:44:56,840,233,355,29.60,21.50,1.00,5.20
5/3/18-8:45:57,841,260,382,29.60,21.50,0.90,7.60
5/3/18-8:46:58,842,250,360,30.00,21.50,1.10,5.80
5/3/18-8:47:59,842,246,364,30.00,21.50,1.00,9.00
5/3/18-8:49:0,843,234,356,29.90,21.50,1.00,8.00
5/3/18-8:50:1,842,236,359,29.60,21.40,1.00,5.10
5/3/18-8:51:2,842,238,357,30.50,21.40,1.10,7.00
5/3/18-8:52:3,842,230,351,30.90,21.50,1.40,6.60
5/3/18-8:53:4,841,235,364,30.90,21.50,0.90,6.10
5/3/18-8:54:5,842,238,358,31.10,21.50,0.70,5.00
5/3/18-8:55:6,843,234,358,31.20,21.50,0.90,5.10
5/3/18-8:56:7,842,235,363,30.70,21.50,1.10,5.60
5/3/18-8:57:8,842,236,365,30.80,21.50,1.00,3.60
5/3/18-8:58:9,843,215,355,31.80,21.50,1.10,8.90
5/3/18-8:59:10,841,202,352,30.70,21.50,0.80,7.90
5/3/18-9:0:11,841,200,363,31.20,21.50,0.70,9.70
5/3/18-9:1:12,842,202,356,30.70,21.50,1.30,7.60
5/3/18-9:2:13,843,211,364,30.90,21.50,1.20,13.20
5/3/18-9:3:14,842,217,357,31.20,21.50,1.30,8.40
5/3/18-9:4:15,842,219,360,31.20,21.50,1.00,5.80
5/3/18-9:5:16,842,225,371,31.80,21.50,1.40,7.60
5/3/18-9:6:17,842,210,348,31.80,21.60,1.20,5.80
5/3/18-9:7:18,845,196,353,31.30,21.60,0.90,6.70
5/3/18-9:8:19,841,204,355,32.20,21.60,1.00,9.50
5/3/18-9:9:20,842,212,382,32.20,21.60,1.00,7.00
5/3/18-9:10:21,843,236,375,32.90,21.60,1.10,6.60
5/3/18-9:11:22,841,226,366,33.10,21.70,1.10,6.30
5/3/18-9:12:23,841,222,356,32.40,21.70,0.90,5.50
5/3/18-9:13:24,841,211,358,31.10,21.70,0.90,7.20
5/3/18-9:14:25,842,228,370,32.00,21.70,1.20,8.10
5/3/18-9:15:26,842,202,351,32.00,21.80,1.10,6.80
5/3/18-9:16:27,845,188,355,31.60,21.70,0.90,5.90
5/3/18-9:17:28,843,179,352,31.10,21.80,1.00,8.50
5/3/18-9:18:29,843,166,346,30.90,21.80,1.10,3.90
5/3/18-9:19:30,841,157,336,30.20,21.70,1.10,4.60
5/3/18-9:20:31,843,157,342,29.80,21.70,1.20,6.60
5/3/18-9:21:32,845,170,350,31.00,21.70,1.40,10.10
5/3/18-9:22:33,842,169,364,31.20,21.70,1.30,6.30
5/3/18-9:23:34,843,172,361,30.60,21.70,1.60,4.00
5/3/18-9:24:35,843,181,360,30.90,21.80,2.80,12.70
5/3/18-9:25:36,843,184,346,31.20,21.80,1.60,6.40
5/3/18-9:26:37,842,167,341,30.80,21.80,2.20,6.30
5/3/18-9:27:38,841,173,350,30.00,21.80,1.90,6.10
5/3/18-9:28:39,842,158,342,30.00,21.80,1.70,4.90
5/3/18-9:29:39,841,158,336,30.10,21.80,2.10,6.90
5/3/18-9:30:40,842,158,361,29.40,21.90,2.10,3.70
5/3/18-9:31:41,842,183,371,29.10,21.90,2.00,8.10
5/3/18-9:32:42,841,211,385,30.00,21.90,2.30,5.40
5/3/18-9:33:43,842,190,349,30.10,21.90,2.40,9.10
5/3/18-9:34:44,842,181,353,30.40,22.00,1.60,6.30
5/3/18-9:35:45,844,169,358,29.90,22.00,1.30,10.80
5/3/18-9:36:46,842,158,335,29.40,22.00,1.10,4.40
5/3/18-9:37:47,841,163,342,28.50,22.00,0.70,3.60
5/3/18-9:38:48,843,172,361,28.90,22.10,0.60,2.10
5/3/18-9:39:49,841,189,361,28.80,22.10,1.10,6.50
5/3/18-9:40:50,841,174,352,28.70,22.10,0.90,6.50
5/3/18-9:41:51,842,152,341,28.10,22.10,1.00,5.80
5/3/18-9:42:52,841,163,354,28.50,22.10,0.90,6.00
5/3/18-9:43:53,843,178,365,29.10,22.10,1.10,7.20
5/3/18-9:44:54,842,172,340,29.70,22.20,1.00,4.10
5/3/18-9:45:55,845,159,347,29.40,22.20,0.70,9.20
5/3/18-9:46:56,843,141,332,28.50,22.20,0.80,7.50
5/3/18-9:47:57,842,151,359,28.50,22.20,0.70,6.70
5/3/18-9:48:58,843,175,380,29.10,22.30,0.50,2.80
5/3/18-9:49:59,841,173,346,29.70,22.30,0.80,7.40
5/3/18-9:51:0,843,175,393,29.40,22.30,0.60,3.80
5/3/18-9:52:1,843,168,357,29.00,22.40,0.60,4.70
5/3/18-9:53:2,843,162,344,28.30,22.40,0.50,0.90
5/3/18-9:54:3,842,155,378,28.20,22.50,0.70,5.30
5/3/18-9:55:4,845,153,350,27.70,22.50,0.60,2.00
5/3/18-9:56:5,842,164,375,28.10,22.50,0.90,4.20
5/3/18-9:57:6,842,162,358,28.00,22.50,1.70,6.30
5/3/18-9:58:7,840,153,342,27.30,22.60,1.30,8.90
5/3/18-9:59:8,844,145,352,27.40,22.60,1.00,7.30
5/3/18-10:0:9,841,150,363,27.40,22.60,1.00,4.50
5/3/18-10:1:10,842,161,346,27.30,22.60,0.80,3.10
5/3/18-10:2:11,842,156,359,27.60,22.60,0.90,4.40
5/3/18-10:3:12,840,159,349,27.70,22.70,1.30,3.60
5/3/18-10:4:13,842,137,340,28.00,22.70,1.00,3.50
5/3/18-10:5:14,841,127,357,27.30,22.70,0.80,2.40
5/3/18-10:6:15,842,165,390,27.10,22.70,0.70,2.10
5/3/18-10:7:16,841,164,357,28.20,22.80,0.80,3.40
5/3/18-10:8:17,842,161,362,27.80,22.80,1.10,5.80
5/3/18-10:9:18,840,165,358,28.10,22.80,0.40,3.60
5/3/18-10:10:19,841,191,398,27.90,22.90,0.50,1.60
5/3/18-10:11:20,842,198,370,28.80,22.90,1.00,11.30
5/3/18-10:12:21,842,183,367,28.30,23.00,0.70,3.60
5/3/18-10:13:22,844,206,394,27.50,23.00,0.50,2.60
5/3/18-10:14:23,840,182,362,28.10,23.00,0.60,5.00
5/3/18-10:15:24,843,166,352,27.80,23.10,0.50,3.10
5/3/18-10:16:25,840,186,432,27.10,23.10,0.50,1.70
5/3/18-10:17:25,840,156,337,27.30,23.10,0.80,4.10
5/3/18-10:18:26,841,137,335,26.70,23.10,0.60,3.80
5/3/18-10:19:27,844,162,433,25.10,23.10,0.50,4.40
5/3/18-10:20:28,843,174,371,26.00,23.10,0.50,3.00
5/3/18-10:21:29,842,181,377,26.70,23.10,0.70,5.80
5/3/18-10:22:30,841,159,349,27.30,23.10,0.50,2.70
5/3/18-10:23:31,842,140,353,26.50,23.10,0.40,4.80
5/3/18-10:24:32,840,147,346,26.50,23.10,0.60,9.90
5/3/18-10:25:33,840,162,352,26.60,23.10,0.50,1.90
5/3/18-10:26:34,841,152,373,26.60,23.20,0.50,1.80
5/3/18-10:27:35,844,155,351,26.30,23.20,0.20,0.90
5/3/18-10:28:36,841,137,340,25.90,23.20,0.70,7.50
5/3/18-10:29:37,839,142,345,25.80,23.20,0.20,0.90
5/3/18-10:30:38,840,150,403,26.20,23.20,0.50,3.40
5/3/18-10:31:39,840,149,357,26.40,23.20,0.50,1.60
5/3/18-10:32:40,840,150,379,25.70,23.20,0.60,4.80
5/3/18-10:33:41,840,157,357,25.50,23.30,0.40,2.60
5/3/18-10:34:42,840,171,395,26.70,23.30,0.50,2.80
5/3/18-10:35:43,842,180,372,26.30,23.30,0.50,2.70
5/3/18-10:36:44,842,159,357,26.30,23.40,0.50,4.70
5/3/18-10:37:45,842,168,348,26.30,23.40,0.80,3.00
5/3/18-10:38:46,842,163,355,26.80,23.50,0.50,2.40
5/3/18-10:39:47,842,139,337,25.90,23.50,0.30,1.40
5/3/18-10:40:48,843,125,353,25.60,23.50,0.40,2.20
5/3/18-10:41:49,842,117,325,25.30,23.50,0.40,3.40
5/3/18-10:42:50,841,113,326,25.20,23.40,0.50,3.20
5/3/18-10:43:51,841,145,400,25.40,23.40,0.30,2.00
5/3/18-10:44:52,842,181,423,25.40,23.40,0.40,1.80
5/3/18-10:45:53,840,187,365,25.50,23.40,0.30,2.50
5/3/18-10:46:54,844,159,368,25.30,23.50,0.40,2.00
5/3/18-10:47:55,842,140,336,25.80,23.50,0.50,1.60
5/3/18-10:48:56,841,130,339,25.80,23.50,0.40,1.70
5/3/18-10:49:57,844,122,341,25.40,23.50,0.40,1.40
5/3/18-10:50:58,842,137,356,25.20,23.50,0.30,1.00
5/3/18-10:51:59,842,129,330,26.40,23.50,0.30,1.10
5/3/18-10:53:0,842,124,350,25.80,23.60,0.50,3.70
5/3/18-10:54:1,843,115,352,25.90,23.50,0.40,2.80
5/3/18-10:55:2,841,127,354,26.20,23.50,0.70,2.10
5/3/18-10:56:3,843,125,337,26.70,23.50,0.40,2.10
5/3/18-10:57:4,845,111,333,25.00,23.50,0.60,0.60
5/3/18-10:58:5,840,128,354,24.30,23.40,0.60,2.30
5/3/18-10:59:6,841,145,350,25.00,23.40,0.50,2.40
5/3/18-11:0:7,842,135,372,25.60,23.40,0.50,4.40
5/3/18-11:1:8,842,145,367,25.70,23.50,0.80,5.60
5/3/18-11:2:9,842,128,372,26.30,23.50,0.50,2.80
5/3/18-11:3:10,841,135,337,25.50,23.50,0.40,0.90
5/3/18-11:4:11,841,157,361,25.50,23.50,1.30,11.70
5/3/18-11:5:12,842,155,375,25.60,23.50,1.40,12.30
5/3/18-11:6:12,842,147,351,26.10,23.60,0.40,3.40
5/3/18-11:7:13,842,177,381,26.40,23.60,0.70,4.10
5/3/18-11:8:14,842,168,364,25.70,23.80,0.40,2.20
5/3/18-11:9:15,842,151,354,24.30,23.80,0.20,0.80
5/3/18-11:10:16,841,173,379,24.00,23.80,0.30,1.00
5/3/18-11:11:17,842,164,359,24.20,23.80,0.30,1.60
5/3/18-11:12:18,842,185,383,24.10,23.90,0.40,0.70
5/3/18-11:13:19,841,168,378,23.50,24.00,0.20,1.50
5/3/18-11:14:20,842,150,346,24.00,24.00,0.40,1.10
5/3/18-11:15:21,842,189,403,24.30,24.00,0.30,0.70
5/3/18-11:16:22,842,203,383,24.50,24.10,0.30,2.20
5/3/18-11:17:23,842,197,381,24.00,24.20,0.50,1.30
5/3/18-11:18:24,842,182,353,23.50,24.20,0.30,1.00
5/3/18-11:19:25,842,163,359,23.30,24.20,0.30,0.90
5/3/18-11:20:26,842,153,374,24.10,24.20,0.30,0.70
5/3/18-11:21:27,842,190,418,24.40,24.20,0.50,2.90
5/3/18-11:22:28,840,180,378,25.20,24.20,0.40,1.50
5/3/18-11:23:29,842,170,366,25.20,24.30,0.30,0.70
5/3/18-11:24:30,841,158,351,25.40,24.30,0.20,0.90
5/3/18-11:25:31,841,188,367,24.90,24.30,0.50,2.30
5/3/18-11:26:32,842,161,379,24.90,24.40,0.30,0.40
5/3/18-11:27:33,841,142,343,25.00,24.40,0.40,1.20
5/3/18-11:28:34,840,134,338,24.50,24.40,0.40,0.90
5/3/18-11:29:35,842,135,360,24.60,24.40,0.20,1.30
5/3/18-11:30:36,842,157,370,25.10,24.40,0.40,3.50
5/3/18-11:31:37,842,165,426,24.60,24.40,0.60,2.10
5/3/18-11:32:38,843,166,370,25.60,24.50,0.30,1.60
5/3/18-11:33:39,841,171,395,26.00,24.50,0.20,0.20
5/3/18-11:34:40,842,185,390,25.50,24.50,0.50,1.10
5/3/18-11:35:41,842,185,426,26.10,24.50,0.60,1.50
5/3/18-11:36:42,842,168,366,26.50,24.60,0.60,2.80
5/3/18-11:37:43,841,147,347,26.00,24.60,0.20,0.80
5/3/18-11:38:44,842,171,395,25.90,24.70,0.50,3.40
5/3/18-11:39:45,842,141,342,26.80,24.70,0.50,2.60
5/3/18-11:40:46,842,137,363,26.40,24.70,1.30,10.00
5/3/18-11:41:47,841,155,362,26.40,24.70,0.70,3.50
5/3/18-11:42:48,842,149,346,26.00,24.70,0.40,0.90
5/3/18-11:43:49,840,167,362,25.60,24.70,0.30,0.70
5/3/18-11:44:50,841,174,394,25.90,24.70,0.50,2.30
5/3/18-11:45:51,842,192,380,26.50,24.70,0.50,2.50
5/3/18-11:46:52,842,188,372,25.80,24.80,0.40,2.50
5/3/18-11:47:53,842,169,356,25.50,24.80,0.40,1.80
5/3/18-11:48:54,842,171,353,25.70,24.80,0.60,9.20
5/3/18-11:49:55,842,177,384,25.80,24.80,0.70,8.50
5/3/18-11:50:56,841,177,356,26.10,24.90,0.40,2.70
5/3/18-11:51:57,841,182,396,26.10,24.90,0.20,0.30
5/3/18-11:52:58,842,181,364,26.80,24.90,0.20,1.00
5/3/18-11:53:59,842,185,401,26.60,24.90,0.20,1.70
5/3/18-11:55:0,842,194,381,26.70,24.90,0.50,1.90
5/3/18-11:56:1,842,158,348,26.70,24.90,1.40,5.80
5/3/18-11:57:1,842,157,402,26.80,24.90,0.80,2.50
5/3/18-11:58:2,842,138,345,26.30,25.00,0.50,0.90
5/3/18-11:59:3,842,141,379,26.50,25.00,0.40,2.10
5/3/18-12:0:4,842,163,395,26.20,25.00,0.70,3.00
5/3/18-12:1:5,842,198,386,27.10,25.00,0.50,4.20
5/3/18-12:2:6,841,193,389,26.10,25.00,0.60,3.70
5/3/18-12:3:7,842,187,390,25.60,25.00,0.50,3.50
5/3/18-12:4:8,841,195,383,26.20,25.10,0.50,0.70
5/3/18-12:5:9,842,161,346,26.60,25.00,1.10,2.00
5/3/18-12:6:10,841,174,378,26.60,25.10,1.40,3.00
5/3/18-12:7:11,841,175,358,27.10,25.10,1.30,1.70
5/3/18-12:8:12,842,162,374,26.50,25.10,1.20,2.00
5/3/18-12:9:13,842,165,390,26.80,25.00,1.30,2.80
5/3/18-12:10:14,841,155,349,27.00,25.10,1.20,2.80
5/3/18-12:11:15,842,156,355,27.20,25.10,1.00,1.80
5/3/18-12:12:16,842,141,356,26.20,25.10,1.20,2.20
5/3/18-12:13:17,843,129,336,25.30,25.10,1.00,2.30
5/3/18-12:14:18,842,128,372,26.10,25.00,0.70,1.40
5/3/18-12:15:19,842,160,386,27.00,25.00,0.80,0.80
5/3/18-12:16:20,840,158,380,26.40,25.00,0.60,2.50
5/3/18-12:17:21,842,151,369,25.70,25.00,0.40,1.00
5/3/18-12:18:22,843,145,346,26.00,25.00,0.90,3.30
5/3/18-12:19:23,841,145,380,26.80,25.10,0.50,1.40
5/3/18-12:20:24,842,153,381,25.90,25.10,0.50,2.80
5/3/18-12:21:25,841,159,351,25.40,25.20,0.60,6.00
5/3/18-12:22:26,841,153,353,25.70,25.20,0.60,5.10
5/3/18-12:23:27,843,144,361,26.30,25.20,1.10,9.00
5/3/18-12:24:28,840,136,356,25.80,25.20,1.10,2.80
5/3/18-12:25:29,842,131,373,25.70,25.20,0.60,1.20
5/3/18-12:26:30,842,164,390,27.00,25.20,0.70,1.50
5/3/18-12:27:31,842,176,383,27.50,25.20,0.70,1.00
5/3/18-12:28:32,841,169,355,28.20,25.20,0.50,2.90
5/3/18-12:29:33,841,164,402,27.30,25.30,0.70,2.20
5/3/18-12:30:34,842,170,392,26.90,25.30,0.50,0.90
5/3/18-12:31:35,842,176,388,26.50,25.30,0.50,1.60
5/3/18-12:32:36,843,201,393,26.90,25.30,0.60,1.00
5/3/18-12:33:37,842,187,378,27.30,25.40,0.50,4.70
5/3/18-12:34:38,842,188,390,27.50,25.40,0.80,8.00
5/3/18-12:35:39,842,175,387,27.30,25.50,0.40,0.50
5/3/18-12:36:40,841,177,410,27.50,25.50,0.50,1.40
5/3/18-12:37:41,842,229,393,28.10,25.50,0.70,3.20
5/3/18-12:38:42,841,195,415,27.80,25.60,0.50,1.70
5/3/18-12:39:43,842,152,360,27.90,25.70,0.50,1.50
5/3/18-12:40:44,841,177,421,26.90,25.60,0.30,1.50
5/3/18-12:41:45,843,175,365,26.70,25.60,0.40,1.90
5/3/18-12:42:46,843,175,417,26.70,25.50,0.40,1.70
5/3/18-12:43:47,841,177,387,27.90,25.50,0.40,0.70
5/3/18-12:44:48,842,189,454,28.20,25.50,0.80,4.70
5/3/18-12:45:49,842,182,358,28.30,25.50,0.60,3.70
5/3/18-12:46:50,841,220,403,28.20,25.50,0.40,1.60
5/3/18-12:47:51,841,230,408,28.10,25.50,0.50,0.80
5/3/18-12:48:52,842,204,441,27.00,25.60,0.40,1.90
5/3/18-12:49:52,841,188,381,27.10,25.60,0.40,1.60
5/3/18-12:50:53,842,226,398,26.90,25.60,0.70,2.20
5/3/18-12:51:54,842,208,396,27.00,25.70,0.40,1.80
5/3/18-12:52:55,842,185,379,27.10,25.60,0.40,6.00
5/3/18-12:53:56,841,156,365,26.70,25.60,0.50,1.70
5/3/18-12:54:57,840,186,387,26.80,25.60,0.60,1.60
5/3/18-12:55:58,841,173,425,26.50,25.70,0.70,4.20
5/3/18-12:56:59,841,183,380,26.20,25.60,0.80,7.90
5/3/18-12:58:0,841,206,426,27.30,25.60,0.50,3.00
5/3/18-12:59:1,842,204,380,27.90,25.60,0.50,1.90
5/3/18-13:0:2,842,207,414,27.90,25.60,0.60,2.30
5/3/18-13:1:3,841,194,369,28.30,25.70,0.60,1.40
5/3/18-13:2:4,841,209,392,27.50,25.70,0.80,2.00
5/3/18-13:3:5,842,181,375,28.30,25.70,0.50,1.60
5/3/18-13:4:6,841,173,368,27.70,25.80,0.60,4.20
5/3/18-13:5:7,841,188,378,27.60,25.80,0.30,2.50
5/3/18-13:6:8,842,198,490,28.20,25.80,0.60,1.30
5/3/18-13:7:9,841,221,412,28.60,25.80,0.40,2.40
5/3/18-13:8:10,841,232,447,28.60,25.80,0.40,2.90
5/3/18-13:9:11,842,233,397,28.30,25.90,0.70,2.70
5/3/18-13:10:12,842,270,444,27.30,25.90,0.40,2.40
5/3/18-13:11:13,842,275,433,27.40,25.90,0.70,4.10
5/3/18-13:12:14,842,235,379,27.10,25.90,0.70,2.20
5/3/18-13:13:15,842,208,398,27.20,25.90,0.90,5.80
5/3/18-13:14:16,841,195,397,27.40,25.90,0.70,2.80
5/3/18-13:15:17,841,184,422,27.30,25.90,0.40,1.10
5/3/18-13:16:18,842,177,379,27.70,25.90,0.40,1.90
5/3/18-13:17:19,842,208,433,29.10,25.90,0.50,2.20
5/3/18-13:18:20,842,227,403,27.70,25.90,0.50,2.30
5/3/18-13:19:21,840,202,387,27.40,25.90,0.40,0.80
5/3/18-13:20:22,841,212,394,27.00,25.90,0.40,0.60
5/3/18-13:21:23,842,184,368,27.70,25.90,0.50,3.90
5/3/18-13:22:24,840,202,423,27.10,25.90,0.30,2.20
5/3/18-13:23:25,842,208,385,27.40,25.90,0.40,2.70
5/3/18-13:24:26,840,192,368,27.50,25.90,0.30,1.10
5/3/18-13:25:27,841,190,399,26.70,25.90,0.50,1.50
5/3/18-13:26:28,842,163,375,27.70,25.90,0.40,3.90
5/3/18-13:27:29,841,176,368,28.30,25.90,0.40,0.50
5/3/18-13:28:30,841,178,421,27.30,26.00,0.20,1.30
5/3/18-13:29:31,842,216,405,27.80,26.00,0.50,1.50
5/3/18-13:30:32,842,248,413,26.90,26.00,0.50,3.80
5/3/18-13:31:33,842,173,354,26.70,26.00,0.40,2.20
5/3/18-13:32:34,842,158,376,25.70,25.90,0.40,3.20
5/3/18-13:33:35,841,195,459,26.70,25.90,0.60,1.60
5/3/18-13:34:36,840,210,396,26.70,25.90,0.50,1.00
5/3/18-13:35:37,842,184,372,27.30,25.90,0.80,3.50
5/3/18-13:36:38,842,178,392,26.40,25.90,1.80,11.10
5/3/18-13:37:39,842,180,423,26.70,25.90,1.10,3.90
5/3/18-13:38:40,842,209,451,27.00,25.90,1.80,9.70
5/3/18-13:39:41,841,217,401,27.70,26.00,0.60,2.50
5/3/18-13:40:42,840,175,378,27.20,26.00,0.40,0.80
5/3/18-13:41:43,840,186,390,26.90,26.00,0.30,0.30
5/3/18-13:42:44,840,151,361,27.00,26.10,0.80,1.70
5/3/18-13:43:44,840,146,425,27.60,26.10,0.30,1.30
5/3/18-13:44:45,841,183,431,27.40,26.10,0.50,1.40
5/3/18-13:45:46,839,214,423,27.70,26.10,0.40,0.60
5/3/18-13:46:47,839,279,481,26.70,26.10,0.40,1.50
5/3/18-13:47:48,840,278,435,27.00,26.20,0.30,1.40
5/3/18-13:48:49,841,277,421,26.90,26.20,0.50,0.70
5/3/18-13:49:50,841,251,411,27.00,26.20,0.50,1.40
5/3/18-13:50:51,840,243,411,26.10,26.30,0.70,3.70
5/3/18-13:51:52,840,215,410,26.50,26.20,0.60,5.20
5/3/18-13:52:53,840,203,367,27.50,26.20,0.30,1.90
5/3/18-13:53:54,839,195,398,26.90,26.30,0.40,2.20
5/3/18-13:54:55,840,197,413,27.10,26.30,0.50,3.40
5/3/18-13:55:56,838,246,443,27.30,26.30,0.80,4.60
5/3/18-13:56:57,838,236,424,26.90,26.30,0.80,2.80
5/3/18-13:57:58,839,238,423,27.20,26.30,0.90,6.50
5/3/18-13:58:59,839,198,375,27.60,26.40,1.60,7.50
5/3/18-14:0:0,839,199,387,27.60,26.40,0.70,2.20
5/3/18-14:1:1,838,240,483,27.90,26.50,0.50,2.80
5/3/18-14:2:2,840,231,397,27.40,26.50,0.80,2.60
5/3/18-14:3:3,839,206,374,27.00,26.50,0.80,2.80
5/3/18-14:4:4,837,175,386,26.40,26.50,0.70,0.70
5/3/18-14:5:5,839,164,378,26.20,26.50,0.90,1.70
5/3/18-14:6:6,839,155,368,25.90,26.50,0.60,1.30
5/3/18-14:7:7,837,188,395,26.30,26.40,0.40,2.60
5/3/18-14:8:8,837,190,393,26.80,26.40,0.40,2.60
5/3/18-14:9:9,838,180,393,26.70,26.40,0.50,2.60
5/3/18-14:10:10,839,177,386,26.30,26.40,0.40,2.20
5/3/18-14:11:11,837,239,453,26.50,26.40,0.60,2.20
5/3/18-14:12:12,839,224,408,26.90,26.50,0.60,1.90
5/3/18-14:13:13,838,228,401,26.90,26.50,0.60,8.00
5/3/18-14:14:14,838,193,386,26.70,26.50,0.60,3.60
5/3/18-14:15:15,839,193,386,26.60,26.50,0.50,1.70
5/3/18-14:16:16,839,197,383,26.80,26.50,0.60,1.30
5/3/18-14:17:17,839,217,480,26.80,26.50,0.60,2.00
5/3/18-14:18:18,839,191,377,27.20,26.50,0.60,2.20
5/3/18-14:19:19,839,210,439,26.60,26.50,0.80,2.60
5/3/18-14:20:20,838,204,415,26.90,26.50,0.80,2.90
5/3/18-14:21:21,841,212,426,26.70,26.50,0.70,4.00
5/3/18-14:22:22,838,249,444,27.80,26.50,0.90,6.10
5/3/18-14:23:23,839,235,445,27.10,26.50,1.00,4.70
5/3/18-14:24:24,839,219,396,26.70,26.60,0.50,1.90
5/3/18-14:25:25,838,195,398,26.80,26.60,1.00,3.30
5/3/18-14:26:26,837,207,421,26.40,26.60,0.60,0.60
5/3/18-14:27:27,837,194,388,27.10,26.50,0.50,1.90
5/3/18-14:28:28,838,203,400,26.90,26.50,0.90,3.10
5/3/18-14:29:29,837,176,411,26.60,26.50,0.60,1.50
5/3/18-14:30:30,838,230,432,27.60,26.50,0.70,2.30
5/3/18-14:31:31,837,216,417,27.10,26.60,0.60,1.30
5/3/18-14:32:32,838,181,390,27.60,26.60,0.70,1.90
5/3/18-14:33:33,838,176,392,27.40,26.60,0.60,2.30
5/3/18-14:34:34,839,191,402,27.60,26.70,0.50,1.70
5/3/18-14:35:35,839,191,422,26.40,26.70,1.10,4.70
5/3/18-14:36:36,839,187,382,26.30,26.70,1.00,1.70
5/3/18-14:37:37,839,141,377,25.90,26.70,0.80,3.00
5/3/18-14:38:37,839,159,406,26.60,26.70,0.90,4.70
5/3/18-14:39:38,837,191,410,27.10,26.70,0.70,3.80
5/3/18-14:40:39,838,207,400,27.00,26.70,0.90,2.90
5/3/18-14:41:40,839,179,396,25.90,26.70,0.80,2.90
5/3/18-14:42:41,839,202,436,26.20,26.70,1.50,8.60
5/3/18-14:43:42,838,179,401,26.80,26.70,0.70,2.70
5/3/18-14:44:43,839,216,451,26.20,26.70,0.80,2.60
5/3/18-14:45:44,837,211,410,26.80,26.70,1.20,7.30
5/3/18-14:46:45,837,194,428,26.60,26.70,0.70,1.20
5/3/18-14:47:46,841,220,443,27.10,26.70,0.80,6.10
5/3/18-14:48:47,838,244,441,26.10,26.80,0.60,4.60
5/3/18-14:49:48,838,228,409,26.00,26.80,0.60,3.10
5/3/18-14:50:49,838,216,408,26.20,26.80,1.10,11.40
5/3/18-14:51:50,839,215,408,26.20,26.80,0.70,3.90
5/3/18-14:52:51,839,190,415,25.70,26.80,0.60,3.80
5/3/18-14:53:52,837,195,398,26.30,26.80,0.70,4.30
5/3/18-14:54:53,839,209,408,26.40,26.90,0.60,1.70
5/3/18-14:55:54,837,206,431,26.00,26.80,0.70,3.10
5/3/18-14:56:55,838,164,402,26.00,26.80,1.00,2.10
5/3/18-14:57:56,839,182,404,27.00,26.80,0.60,3.70
5/3/18-14:58:57,837,159,388,26.40,26.80,0.70,5.70
5/3/18-14:59:58,839,175,401,26.30,26.80,0.80,5.80
5/3/18-15:0:59,837,172,385,26.50,26.80,1.00,5.10
5/3/18-15:2:0,839,186,464,26.40,26.80,0.70,3.30
5/3/18-15:3:1,842,163,382,27.20,26.90,0.50,0.60
5/3/18-15:4:2,839,157,384,27.70,26.80,0.60,1.80
5/3/18-15:5:3,839,122,357,27.90,26.90,0.60,1.50
5/3/18-15:6:4,838,152,417,26.90,26.90,0.50,1.10
5/3/18-15:7:5,841,212,409,27.20,27.00,0.70,1.50
5/3/18-15:8:6,839,163,385,27.10,27.00,0.80,5.70
5/3/18-15:9:7,838,151,395,27.00,27.00,0.80,3.10
5/3/18-15:10:8,839,188,404,26.80,27.10,0.60,1.40
5/3/18-15:11:9,838,183,396,26.40,27.10,0.80,1.50
5/3/18-15:12:10,837,165,379,26.10,27.20,0.70,2.10
5/3/18-15:13:11,839,153,380,25.70,27.10,1.00,5.70
5/3/18-15:14:12,839,144,384,25.90,27.00,0.90,3.60
5/3/18-15:15:13,840,189,433,26.20,27.00,1.00,4.20
5/3/18-15:16:14,839,189,390,26.80,27.00,1.00,4.90
5/3/18-15:17:15,839,167,402,26.40,27.00,0.70,2.80
5/3/18-15:18:16,838,206,462,26.70,27.00,0.80,2.80
5/3/18-15:19:17,839,231,443,26.60,27.00,0.80,3.80
5/3/18-15:20:18,839,168,389,25.90,27.00,0.90,4.20
5/3/18-15:21:19,838,121,363,26.80,27.00,0.70,1.80
5/3/18-15:22:20,838,192,442,26.00,27.00,0.70,2.60
5/3/18-15:23:21,837,189,391,26.40,27.00,0.80,3.50
5/3/18-15:24:22,839,160,410,26.00,27.00,1.00,4.10
5/3/18-15:25:23,839,135,384,27.10,27.00,0.70,1.50
5/3/18-15:26:24,839,141,389,26.50,27.00,0.60,1.20
5/3/18-15:27:25,839,113,364,26.40,27.00,0.70,2.70
5/3/18-15:28:26,837,134,392,26.40,27.00,0.70,2.40
5/3/18-15:29:27,839,122,373,26.80,27.00,1.30,7.30
5/3/18-15:30:28,838,135,383,26.90,27.00,0.70,6.30
5/3/18-15:31:29,839,169,433,26.40,27.00,0.80,1.90
5/3/18-15:32:30,837,164,383,26.20,27.10,1.10,5.80
5/3/18-15:33:30,838,159,438,25.70,27.10,0.80,2.00
5/3/18-15:34:31,839,147,391,25.90,27.10,1.30,16.10
5/3/18-15:35:32,842,125,394,25.60,27.10,0.70,3.20
5/3/18-15:36:33,839,159,391,26.70,27.10,0.90,11.10
5/3/18-15:37:34,837,152,417,26.10,27.00,0.60,3.00
5/3/18-15:38:35,839,150,414,26.30,27.10,0.60,2.50
5/3/18-15:39:36,839,183,398,26.20,27.20,0.70,2.70
5/3/18-15:40:37,838,177,413,25.40,27.20,0.70,4.10
5/3/18-15:41:38,837,150,379,25.50,27.20,1.00,6.30
5/3/18-15:42:39,838,161,405,26.00,27.20,0.80,1.70
5/3/18-15:43:40,839,190,408,26.20,27.30,0.90,4.90
5/3/18-15:44:41,840,154,375,25.40,27.30,0.80,4.70
5/3/18-15:45:42,842,150,409,25.20,27.30,0.60,5.30
5/3/18-15:46:43,839,202,428,25.70,27.20,1.00,2.90
5/3/18-15:47:44,839,224,427,25.90,27.20,0.70,2.50
5/3/18-15:48:45,839,194,398,26.00,27.30,0.90,4.10
5/3/18-15:49:46,838,124,366,25.40,27.20,0.60,3.10
5/3/18-15:50:47,839,121,383,26.40,27.30,0.90,3.40
5/3/18-15:51:48,838,176,424,26.30,27.30,0.80,0.90
5/3/18-15:52:49,839,158,381,26.60,27.20,0.60,1.30
5/3/18-15:53:50,838,120,378,25.40,27.30,0.80,2.50
5/3/18-15:54:51,838,112,377,26.40,27.30,0.70,3.90
5/3/18-15:55:52,840,108,390,25.90,27.20,0.70,3.90
5/3/18-15:56:53,839,123,387,26.30,27.20,0.90,3.20
5/3/18-15:57:54,839,140,392,25.70,27.20,0.60,1.90
5/3/18-15:58:55,837,127,373,26.20,27.20,0.70,3.30
5/3/18-15:59:56,839,106,377,26.40,27.20,0.80,3.00
5/3/18-16:0:57,837,105,363,25.90,27.10,0.90,2.50
5/3/18-16:1:58,842,106,363,26.40,27.10,0.80,3.40
5/3/18-16:2:59,838,158,423,26.80,27.10,0.80,1.80
5/3/18-16:4:0,837,198,445,27.00,27.10,1.00,4.00
5/3/18-16:5:1,840,173,389,26.40,27.20,0.90,3.40
5/3/18-16:6:2,838,145,415,25.90,27.20,0.80,3.00
5/3/18-16:7:3,838,146,381,26.70,27.30,0.90,3.90
5/3/18-16:8:4,839,151,377,26.40,27.30,1.00,5.30
5/3/18-16:9:5,839,169,430,25.60,27.30,0.70,3.90
5/3/18-16:10:6,839,187,428,26.80,27.30,0.90,1.50
5/3/18-16:11:7,837,161,404,25.10,27.30,0.80,4.40
5/3/18-16:12:8,839,183,423,25.20,27.30,0.90,3.60
5/3/18-16:13:9,837,191,461,25.30,27.30,0.60,1.20
5/3/18-16:14:10,839,221,442,25.50,27.30,0.80,4.30
5/3/18-16:15:11,840,189,412,25.70,27.30,0.70,2.20
5/3/18-16:16:12,839,179,439,25.30,27.30,0.70,3.60
5/3/18-16:17:13,838,181,401,25.50,27.30,0.90,4.30
5/3/18-16:18:14,839,216,451,25.50,27.30,0.70,4.90
5/3/18-16:19:15,838,199,392,25.70,27.30,0.80,3.90
5/3/18-16:20:16,839,201,423,25.30,27.40,0.80,6.20
5/3/18-16:21:17,839,133,365,25.40,27.30,1.10,8.80
5/3/18-16:22:18,840,161,421,25.30,27.30,0.70,2.80
5/3/18-16:23:19,838,153,389,26.20,27.30,0.80,5.30
5/3/18-16:24:20,838,151,421,26.00,27.30,0.70,3.30
5/3/18-16:25:21,839,139,387,26.00,27.30,0.70,1.20
5/3/18-16:26:22,839,111,373,25.90,27.30,1.00,4.10
5/3/18-16:27:23,839,163,407,25.40,27.30,0.80,7.90
5/3/18-16:28:24,837,143,377,24.80,27.40,0.70,5.40
5/3/18-16:29:25,837,187,416,26.10,27.40,0.80,7.40
5/3/18-16:30:25,839,173,428,26.70,27.40,0.70,4.30
5/3/18-16:31:26,838,232,439,25.90,27.50,1.20,6.60
5/3/18-16:32:27,839,240,428,26.10,27.60,0.70,4.70
5/3/18-16:33:28,839,207,400,27.70,27.60,1.20,5.10
5/3/18-16:34:29,839,247,495,26.60,27.70,1.00,4.70
5/3/18-16:35:30,838,228,426,25.70,27.70,1.00,5.90
5/3/18-16:36:31,839,220,451,25.20,27.80,1.50,17.10
5/3/18-16:37:32,842,205,412,26.70,27.80,0.60,4.70
5/3/18-16:38:33,839,166,431,27.00,27.80,0.80,5.00
5/3/18-16:39:34,838,202,440,26.90,27.80,1.10,3.70
5/3/18-16:40:35,839,223,420,26.20,27.80,0.90,7.00
5/3/18-16:41:36,840,213,443,25.40,27.90,0.70,2.50
5/3/18-16:42:37,840,226,428,25.70,27.90,1.10,3.00
5/3/18-16:43:38,840,225,418,26.10,27.90,0.70,4.00
5/3/18-16:44:39,840,234,451,26.20,28.00,0.90,4.00
5/3/18-16:45:40,838,249,448,25.80,28.00,0.90,4.80
5/3/18-16:46:41,839,223,425,25.40,28.00,0.90,4.60
5/3/18-16:47:42,839,208,448,24.90,27.90,0.60,3.80
5/3/18-16:48:43,839,229,451,25.20,27.90,0.60,1.80
5/3/18-16:49:44,839,197,399,26.20,27.80,0.80,5.70
5/3/18-16:50:45,838,232,448,26.40,27.80,0.80,3.00
5/3/18-16:51:46,838,260,456,26.10,27.90,0.60,1.10
5/3/18-16:52:47,839,226,403,25.90,27.90,0.90,3.20
5/3/18-16:53:48,837,187,400,25.70,27.90,0.70,1.80
5/3/18-16:54:49,839,160,397,25.80,27.90,0.70,3.70
5/3/18-16:55:50,842,161,397,25.90,27.90,1.00,4.40
5/3/18-16:56:51,838,183,439,26.40,27.90,0.60,0.70
5/3/18-16:57:52,840,219,456,25.10,27.90,0.60,2.30
5/3/18-16:58:53,839,173,407,26.40,28.00,0.80,2.90
5/3/18-16:59:54,839,175,411,25.20,27.90,0.80,5.50
5/3/18-17:0:55,840,189,416,25.20,27.80,1.00,3.40
5/3/18-17:1:56,838,183,414,25.10,27.80,0.90,3.00
5/3/18-17:2:57,839,190,414,24.50,27.70,0.70,3.00
5/3/18-17:3:58,838,195,398,25.10,27.70,1.10,4.80
5/3/18-17:4:59,839,209,407,25.20,27.70,0.80,2.70
5/3/18-17:6:0,839,206,426,25.30,27.70,0.90,6.20
5/3/18-17:7:1,838,222,431,25.80,27.70,1.00,3.00
5/3/18-17:8:2,840,210,427,26.30,27.70,0.70,2.40
5/3/18-17:9:3,840,215,439,25.60,27.80,1.00,2.40
5/3/18-17:10:4,839,198,401,25.40,27.80,1.60,16.90
5/3/18-17:11:5,839,199,418,24.60,27.80,0.70,2.80
5/3/18-17:12:6,840,202,406,25.40,27.80,0.80,4.90
5/3/18-17:13:7,840,193,410,25.20,27.90,0.60,3.10
5/3/18-17:14:8,841,199,403,26.30,27.90,1.10,3.30
5/3/18-17:15:9,841,163,395,27.20,27.90,1.10,6.50
5/3/18-17:16:10,840,187,406,26.60,27.90,0.60,3.60
5/3/18-17:17:11,838,209,506,26.20,28.00,0.80,5.20
5/3/18-17:18:12,838,248,454,27.10,28.00,1.30,4.80
5/3/18-17:19:13,840,272,469,27.10,28.10,0.60,1.40
5/3/18-17:20:14,840,213,414,26.20,28.10,1.10,3.90
5/3/18-17:21:15,838,237,424,25.40,28.10,0.80,4.10
5/3/18-17:22:16,839,263,468,25.20,28.10,0.90,6.20
5/3/18-17:23:17,839,270,451,25.20,28.10,1.10,6.50
5/3/18-17:24:18,840,211,391,24.30,28.20,1.20,2.40
5/3/18-17:25:19,839,171,400,27.20,28.10,1.10,8.40
5/3/18-17:26:20,841,198,482,25.90,28.10,1.20,4.80
5/3/18-17:27:21,840,217,448,26.90,28.10,0.90,4.80
5/3/18-17:28:21,839,235,421,26.20,28.20,0.90,3.40
5/3/18-17:29:22,840,219,443,24.80,28.20,1.00,2.90
5/3/18-17:30:23,841,255,448,24.60,28.20,0.70,3.50
5/3/18-17:31:24,841,268,441,25.00,28.30,1.00,3.60
5/3/18-17:32:25,840,213,391,24.50,28.40,0.80,2.70
5/3/18-17:33:26,843,215,435,24.70,28.50,0.80,2.10
5/3/18-17:34:27,841,241,449,24.60,28.50,0.70,4.10
5/3/18-17:35:28,840,261,498,24.50,28.50,0.70,1.50
5/3/18-17:36:29,840,238,411,24.80,28.60,0.80,2.30
5/3/18-17:37:30,839,210,418,24.20,28.60,1.40,7.70
5/3/18-17:38:31,841,171,397,24.80,28.60,0.90,1.50
5/3/18-17:39:32,841,148,374,23.90,28.60,0.80,4.50
5/3/18-17:40:33,840,126,371,23.80,28.60,1.10,3.80
5/3/18-17:41:34,842,176,443,23.10,28.60,0.90,2.00
5/3/18-17:42:35,841,181,414,23.20,28.60,0.70,6.20
5/3/18-17:43:36,841,236,441,23.80,28.70,1.00,6.40
5/3/18-17:44:37,840,249,486,23.00,28.70,0.70,5.20
5/3/18-17:45:38,841,213,404,24.20,28.70,1.00,3.20
5/3/18-17:46:39,841,219,439,25.20,28.70,0.80,3.30
5/3/18-17:47:40,841,198,414,25.40,28.70,1.00,4.50
5/3/18-17:48:41,841,199,431,25.30,28.80,1.00,3.00
5/3/18-17:49:42,841,217,431,24.50,28.80,1.10,3.70
5/3/18-17:50:43,842,248,467,25.50,28.80,1.30,7.40
5/3/18-17:51:44,842,274,461,24.90,28.90,1.10,4.30
5/3/18-17:52:45,842,273,451,23.60,29.00,1.00,3.70
5/3/18-17:53:46,841,244,415,24.40,29.00,1.00,7.50
5/3/18-17:54:47,840,241,504,25.00,29.00,0.80,5.70
5/3/18-17:55:48,842,279,505,24.30,29.10,0.80,2.30
5/3/18-17:56:49,842,280,446,23.90,29.20,1.30,7.00
5/3/18-17:57:50,840,258,428,23.20,29.30,0.70,3.30
5/3/18-17:58:51,842,230,434,23.00,29.30,1.00,3.10
5/3/18-17:59:52,841,259,430,23.10,29.30,0.70,2.80
5/3/18-18:0:53,841,260,446,22.70,29.50,0.90,5.80
5/3/18-18:1:54,842,249,417,22.80,29.40,1.10,5.60
5/3/18-18:2:55,841,253,431,22.40,29.50,1.00,4.50
5/3/18-18:3:56,841,244,436,22.60,29.50,0.90,4.00
5/3/18-18:4:57,842,246,436,21.60,29.50,0.60,3.20
5/3/18-18:5:58,841,279,490,21.70,29.50,0.90,2.30
5/3/18-18:6:59,842,222,395,22.50,29.40,1.10,4.80
5/3/18-18:8:0,842,217,418,22.90,29.30,1.30,4.30
5/3/18-18:9:1,841,222,434,22.60,29.30,1.00,1.60
5/3/18-18:10:2,841,215,408,22.40,29.30,1.00,5.40
5/3/18-18:11:3,840,235,441,22.50,29.20,0.90,3.70
5/3/18-18:12:4,841,232,427,22.10,29.20,0.90,1.90
5/3/18-18:13:5,842,213,432,22.00,29.20,1.00,5.90
5/3/18-18:14:6,842,229,433,22.30,29.10,1.00,4.00
5/3/18-18:15:7,842,221,421,22.70,29.10,1.00,5.30
5/3/18-18:16:8,842,218,437,22.60,29.10,1.20,5.10
5/3/18-18:17:9,841,190,387,22.90,29.10,1.20,7.70
5/3/18-18:18:10,841,214,438,22.20,29.10,0.90,3.00
5/3/18-18:19:11,842,231,416,21.90,29.00,0.90,4.30
5/3/18-18:20:12,840,234,423,22.10,29.10,0.90,2.10
5/3/18-18:21:13,842,230,411,23.10,29.00,0.90,4.20
5/3/18-18:22:14,840,226,409,23.00,29.10,0.90,3.30
5/3/18-18:23:15,841,208,406,22.60,29.20,0.80,3.10
5/3/18-18:24:16,841,221,433,23.50,29.10,1.10,6.50
5/3/18-18:25:17,841,226,416,22.10,29.20,1.10,6.50
5/3/18-18:26:18,842,241,430,22.50,29.10,1.00,3.90
5/3/18-18:27:19,840,247,429,22.50,29.10,1.10,4.80
5/3/18-18:28:19,842,255,454,23.20,29.10,0.90,2.10
5/3/18-18:29:20,841,255,438,23.00,29.10,1.00,6.00
5/3/18-18:30:21,842,244,418,23.10,29.10,1.00,2.60
5/3/18-18:31:22,842,233,426,23.00,29.10,0.90,5.90
5/3/18-18:32:23,840,240,417,22.60,29.10,1.00,3.90
5/3/18-18:33:24,840,221,425,23.30,29.10,1.00,3.10
5/3/18-18:34:25,842,222,417,23.50,29.10,1.10,5.40
5/3/18-18:35:26,840,240,416,23.90,29.10,1.60,9.40
5/3/18-18:36:27,842,233,426,23.50,29.10,1.00,8.00
5/3/18-18:37:28,841,218,408,23.80,29.10,1.20,6.20
5/3/18-18:38:29,842,232,441,23.90,29.10,0.90,3.00
5/3/18-18:39:30,840,244,439,24.40,29.10,1.40,9.00
5/3/18-18:40:31,840,228,405,23.50,29.00,0.90,5.30
5/3/18-18:41:32,842,235,423,22.90,29.00,1.70,12.10
5/3/18-18:42:33,840,260,439,24.60,29.00,1.40,6.00
5/3/18-18:43:34,842,250,415,23.90,28.90,0.80,3.30
5/3/18-18:44:35,842,242,414,24.40,28.90,1.50,4.70
5/3/18-18:45:36,841,249,407,25.80,28.80,1.40,6.10
5/3/18-18:46:37,841,211,394,25.70,28.90,1.20,7.60
5/3/18-18:47:38,842,241,443,25.20,28.80,1.20,5.60
5/3/18-18:48:39,840,259,453,24.10,28.80,1.20,7.70
5/3/18-18:49:40,842,258,447,24.20,28.90,1.20,4.90
5/3/18-18:50:41,842,286,443,23.90,28.90,1.50,8.90
5/3/18-18:51:42,841,276,439,23.70,28.90,1.10,2.90
5/3/18-18:52:43,842,272,440,23.30,28.90,1.20,6.40
5/3/18-18:53:44,842,257,400,23.50,29.00,1.60,8.30
5/3/18-18:54:45,842,252,407,23.90,28.90,1.00,4.80
5/3/18-18:55:46,841,237,422,24.30,29.00,1.10,4.40
5/3/18-18:56:47,842,235,403,24.00,29.00,1.10,4.70
5/3/18-18:57:48,841,230,402,24.20,29.00,1.10,4.90
5/3/18-18:58:49,840,245,414,24.80,29.00,1.10,9.10
5/3/18-18:59:50,841,224,392,24.30,29.00,1.40,5.50
5/3/18-19:0:51,842,241,416,24.90,29.00,1.00,4.70
5/3/18-19:1:52,842,240,405,24.60,29.00,1.80,11.00
5/3/18-19:2:53,845,264,433,24.60,29.00,1.20,4.40
5/3/18-19:3:54,842,236,419,24.60,29.00,1.20,4.40
5/3/18-19:4:55,842,254,436,24.80,28.90,1.40,7.80
5/3/18-19:5:56,841,266,423,24.50,29.00,1.30,5.60
5/3/18-19:6:57,841,257,410,23.80,28.90,1.20,5.30
5/3/18-19:7:58,841,248,411,23.80,28.90,0.80,3.90
5/3/18-19:8:59,842,245,416,23.40,28.80,1.20,4.70
5/3/18-19:10:0,841,229,405,23.70,28.70,1.10,4.40
5/3/18-19:11:1,841,218,400,23.50,28.70,1.10,6.30
5/3/18-19:12:2,842,226,399,25.10,28.60,1.20,5.40
5/3/18-19:13:3,842,220,403,25.10,28.50,1.20,4.50
5/3/18-19:14:4,842,249,444,25.90,28.40,0.80,2.70
5/3/18-19:15:5,843,263,431,25.50,28.30,1.60,6.50
5/3/18-19:16:6,843,255,430,25.30,28.20,1.50,7.60
5/3/18-19:17:7,843,247,410,26.50,28.10,1.50,5.50
5/3/18-19:18:8,843,235,407,25.90,28.00,1.60,6.90
5/3/18-19:19:9,841,237,405,25.30,27.90,1.20,6.30
5/3/18-19:20:10,843,217,391,24.90,27.80,1.10,4.00
5/3/18-19:21:11,842,190,383,25.10,27.80,1.20,3.30
5/3/18-19:22:12,843,192,384,26.30,27.70,1.20,5.10
5/3/18-19:23:13,842,202,402,27.40,27.60,1.40,7.10
5/3/18-19:24:14,843,204,397,26.60,27.50,1.40,5.70
5/3/18-19:25:15,842,201,402,26.10,27.50,1.40,4.50
5/3/18-19:26:16,843,197,398,25.90,27.40,1.70,3.20
5/3/18-19:27:17,842,216,414,26.60,27.30,1.40,4.90
5/3/18-19:28:17,842,243,423,26.80,27.30,1.40,4.30
5/3/18-19:29:18,841,263,434,26.70,27.20,2.10,7.50
5/3/18-19:30:19,842,266,423,26.40,27.20,1.70,4.60
5/3/18-19:31:20,843,247,395,26.60,27.20,1.40,6.10
5/3/18-19:32:21,845,238,411,26.60,27.10,1.60,6.30
5/3/18-19:33:22,843,234,417,28.10,27.10,1.70,9.40
5/3/18-19:34:23,843,226,396,27.60,27.00,1.40,4.60
5/3/18-19:35:24,843,229,412,27.20,27.00,1.60,8.20
5/3/18-19:36:25,843,242,426,27.00,27.00,2.40,5.80
5/3/18-19:37:26,841,238,399,26.50,26.90,1.50,5.40
5/3/18-19:38:27,842,231,400,26.80,26.80,1.20,4.60
5/3/18-19:39:28,843,232,400,27.50,26.70,1.20,4.10
5/3/18-19:40:29,843,232,402,26.60,26.70,1.40,3.40
5/3/18-19:41:30,842,236,400,26.90,26.70,1.40,5.30
5/3/18-19:42:31,843,251,434,28.20,26.60,1.70,11.40
5/3/18-19:43:32,843,253,404,27.30,26.60,2.10,8.80
5/3/18-19:44:33,842,265,427,27.80,26.60,1.90,6.10
5/3/18-19:45:34,841,266,410,27.00,26.60,2.80,6.80
5/3/18-19:46:35,843,260,422,26.70,26.50,2.20,7.10
5/3/18-19:47:36,843,248,397,26.60,26.50,1.70,5.70
5/3/18-19:48:37,843,239,403,27.20,26.50,1.50,4.70
5/3/18-19:49:38,842,259,433,27.90,26.50,1.90,14.20
5/3/18-19:50:39,843,259,415,27.70,26.50,2.80,24.50
5/3/18-19:51:40,843,264,403,27.70,26.40,2.90,26.60
5/3/18-19:52:41,842,251,408,27.80,26.40,2.70,35.10
5/3/18-19:53:42,841,248,397,27.80,26.40,2.90,36.50
5/3/18-19:54:43,843,231,392,28.00,26.30,2.30,20.40
5/3/18-19:55:44,841,231,392,28.00,26.30,1.40,6.40
5/3/18-19:56:45,843,232,391,28.60,26.30,1.90,4.80
5/3/18-19:57:46,843,229,398,28.80,26.20,1.80,7.20
5/3/18-19:58:47,843,244,398,29.20,26.20,2.00,6.90
5/3/18-19:59:48,841,250,402,28.20,26.20,1.80,4.40
5/3/18-20:0:49,843,244,399,28.40,26.20,1.70,6.70
5/3/18-20:1:50,842,230,394,29.10,26.20,2.20,10.00
5/3/18-20:2:51,843,219,389,28.40,26.10,1.70,3.00
5/3/18-20:3:52,843,223,396,27.80,26.10,2.00,5.80
5/3/18-20:4:53,843,248,435,28.00,26.10,2.40,9.20
5/3/18-20:5:54,843,257,392,29.10,26.10,1.40,6.10
5/3/18-20:6:55,843,256,396,29.30,26.10,1.60,6.80
5/3/18-20:7:56,842,252,393,29.30,26.10,1.80,4.60
5/3/18-20:8:57,843,248,395,29.30,26.00,1.70,4.10
5/3/18-20:9:58,842,253,400,29.20,26.00,1.50,4.30
5/3/18-20:10:59,841,255,397,29.20,25.90,2.00,9.70
5/3/18-20:12:0,843,255,406,29.60,25.90,1.70,9.50
5/3/18-20:13:1,842,256,395,30.00,25.90,2.20,6.50
5/3/18-20:14:2,843,257,394,29.40,25.90,2.80,5.30
5/3/18-20:15:3,843,248,382,29.40,25.80,2.80,6.40
5/3/18-20:16:4,842,248,389,29.40,25.80,3.00,7.10
5/3/18-20:17:5,843,248,388,29.20,25.80,4.30,8.70
5/3/18-20:18:6,842,255,393,29.80,25.70,3.60,12.60
5/3/18-20:19:7,843,255,390,29.40,25.70,4.10,10.00
5/3/18-20:20:8,842,256,389,29.80,25.60,4.10,14.40
5/3/18-20:21:9,843,251,395,30.30,25.60,3.20,11.80
5/3/18-20:22:10,843,252,389,30.00,25.50,2.70,5.50
5/3/18-20:23:10,843,256,395,30.00,25.50,2.40,12.20
5/3/18-20:24:11,841,268,399,29.70,25.40,2.60,6.70
5/3/18-20:25:12,842,262,393,30.00,25.30,2.20,6.90
5/3/18-20:26:13,841,257,399,31.00,25.20,2.30,4.90
5/3/18-20:27:14,844,244,387,30.20,25.10,2.20,8.70
5/3/18-20:28:15,844,237,383,30.10,25.10,2.00,7.60
5/3/18-20:29:16,842,244,386,30.10,25.00,2.10,7.00
5/3/18-20:30:17,842,245,393,30.50,25.00,2.20,10.00
5/3/18-20:31:18,844,245,390,30.50,24.90,2.10,10.10
5/3/18-20:32:19,842,246,387,30.70,24.80,2.00,6.90
5/3/18-20:33:20,841,249,386,31.50,24.80,2.30,12.20
5/3/18-20:34:21,844,250,390,31.20,24.80,1.80,7.80
5/3/18-20:35:22,844,248,393,31.20,24.70,1.60,4.70
5/3/18-20:36:23,844,261,395,31.30,24.70,2.90,12.30
5/3/18-20:37:24,843,267,392,31.60,24.60,2.10,9.30
5/3/18-20:38:25,845,270,394,31.90,24.60,2.10,9.60
5/3/18-20:39:26,843,266,388,32.10,24.60,2.00,7.10
5/3/18-20:40:27,843,268,394,32.30,24.60,2.00,10.20
5/3/18-20:41:28,844,272,393,32.50,24.50,2.00,5.80
5/3/18-20:42:29,844,273,400,32.30,24.50,2.50,5.80
5/3/18-20:43:30,844,275,397,32.80,24.50,2.30,7.10
5/3/18-20:44:31,843,267,395,32.40,24.40,2.40,11.30
5/3/18-20:45:32,843,281,404,32.50,24.40,2.10,6.30
5/3/18-20:46:33,842,282,400,32.80,24.30,2.50,8.50
5/3/18-20:47:34,844,279,401,32.80,24.30,2.30,9.30
5/3/18-20:48:35,842,285,403,33.10,24.30,2.60,9.00
5/3/18-20:49:36,844,274,394,33.30,24.30,2.90,8.70
5/3/18-20:50:37,846,283,406,32.80,24.30,2.60,6.20
5/3/18-20:51:38,844,287,403,33.10,24.30,2.80,10.30
5/3/18-20:52:39,842,273,393,33.90,24.20,2.70,10.10
5/3/18-20:53:40,842,282,404,33.50,24.20,3.10,11.80
5/3/18-20:54:41,844,277,398,33.10,24.20,2.80,8.60
5/3/18-20:55:42,842,281,404,32.70,24.20,2.90,13.20
5/3/18-20:56:43,843,281,398,33.00,24.10,2.80,6.30
5/3/18-20:57:44,843,289,408,32.60,24.10,3.20,12.80
5/3/18-20:58:45,843,286,405,33.00,24.00,3.60,7.90
5/3/18-20:59:46,843,281,401,33.10,24.00,3.60,8.50
5/3/18-21:0:47,842,281,402,33.20,24.00,4.00,9.20
5/3/18-21:1:48,844,275,398,33.00,23.90,4.30,8.70
5/3/18-21:2:49,843,270,399,33.30,23.90,4.20,10.90
5/3/18-21:3:50,844,276,402,32.90,23.90,4.90,11.60
5/3/18-21:4:51,843,288,408,33.10,23.90,5.20,16.80
5/3/18-21:5:52,843,293,407,34.00,23.80,5.00,14.90
5/3/18-21:6:53,844,303,417,34.20,23.80,5.10,11.40
5/3/18-21:7:54,844,303,420,34.40,23.80,5.60,11.20
5/3/18-21:8:55,842,305,415,34.20,23.80,5.20,12.40
5/3/18-21:9:56,843,303,415,34.50,23.80,5.40,14.40
5/3/18-21:10:57,843,311,427,34.30,23.70,5.20,20.50
5/3/18-21:11:58,843,310,422,34.10,23.70,6.10,14.80
5/3/18-21:12:59,842,314,428,34.70,23.70,6.40,15.60
5/3/18-21:13:59,844,312,425,34.80,23.70,7.00,21.60
5/3/18-21:15:0,844,312,429,35.40,23.70,6.50,19.90
5/3/18-21:16:1,842,312,424,35.10,23.60,6.20,19.00
5/3/18-21:17:2,842,313,425,35.40,23.60,6.30,17.90
5/3/18-21:18:3,842,317,427,35.80,23.60,6.70,23.20
5/3/18-21:19:4,844,311,423,36.10,23.60,5.60,13.40
5/3/18-21:20:5,843,315,424,36.40,23.50,5.70,18.30
5/3/18-21:21:6,842,321,425,36.40,23.50,5.30,14.00
5/3/18-21:22:7,843,319,426,36.30,23.50,5.60,15.90
5/3/18-21:23:8,844,318,428,36.70,23.50,6.40,20.50
5/3/18-21:24:9,844,320,428,36.30,23.50,6.80,24.40
5/3/18-21:25:10,843,323,429,36.30,23.40,5.70,18.00
5/3/18-21:26:11,844,322,433,36.00,23.40,5.60,23.30
5/3/18-21:27:12,844,321,428,36.70,23.40,5.30,16.60
5/3/18-21:28:13,843,322,429,36.50,23.40,5.10,15.20
5/3/18-21:29:14,844,323,428,36.70,23.30,5.40,23.40
5/3/18-21:30:15,846,325,430,36.80,23.30,6.00,16.30
5/3/18-21:31:16,843,327,425,37.10,23.30,4.70,15.10
5/3/18-21:32:17,844,324,428,37.00,23.30,5.00,13.90
5/3/18-21:33:18,844,324,423,36.60,23.20,5.20,15.50
5/3/18-21:34:19,843,326,426,36.80,23.20,4.10,16.80
5/3/18-21:35:20,844,324,428,36.70,23.20,4.20,11.00
5/3/18-21:36:21,844,326,429,37.10,23.20,4.70,18.00
5/3/18-21:37:22,844,326,429,37.20,23.20,4.20,15.50
5/3/18-21:38:23,844,316,419,37.30,23.10,4.70,17.90
5/3/18-21:39:24,844,320,430,37.30,23.10,4.10,12.90
5/3/18-21:40:25,844,316,424,36.70,23.10,4.40,13.30
5/3/18-21:41:26,844,322,429,36.50,23.10,4.00,12.90
5/3/18-21:42:27,843,330,428,37.10,23.10,3.90,17.80
5/3/18-21:43:28,842,332,430,37.10,23.10,5.00,21.90
5/3/18-21:44:29,843,326,428,38.10,23.10,4.40,20.60
5/3/18-21:45:30,844,324,430,37.60,23.10,4.40,14.90
5/3/18-21:46:31,843,322,429,37.20,23.00,4.90,14.60
5/3/18-21:47:32,844,326,426,37.70,23.00,4.70,19.10
5/3/18-21:48:33,844,329,430,37.70,23.00,4.70,15.40
5/3/18-21:49:34,842,332,437,37.80,23.00,4.30,14.30
5/3/18-21:50:35,846,323,433,37.90,23.00,4.40,14.70
5/3/18-21:51:36,844,321,430,38.00,23.00,4.60,18.30
5/3/18-21:52:37,844,321,429,37.80,23.00,4.50,13.20
5/3/18-21:53:38,844,324,432,38.10,22.90,5.00,14.80
5/3/18-21:54:39,844,323,430,38.30,22.90,4.40,14.70
5/3/18-21:55:40,844,327,434,37.70,22.90,5.20,17.60
5/3/18-21:56:41,843,327,431,37.70,22.90,5.50,21.50
5/3/18-21:57:42,843,328,428,37.70,22.80,5.00,16.90
5/3/18-21:58:43,844,327,429,37.80,22.90,4.60,13.60
5/3/18-21:59:44,846,327,430,37.90,22.80,4.60,11.10
5/3/18-22:0:45,843,328,430,37.90,22.80,5.00,14.90
5/3/18-22:1:46,844,332,431,37.90,22.80,4.60,16.10
5/3/18-22:2:46,844,327,427,38.10,22.80,5.00,14.80
5/3/18-22:3:47,843,327,427,38.10,22.80,4.80,12.50
5/3/18-22:4:48,847,324,424,38.40,22.80,4.20,14.00
5/3/18-22:5:49,843,328,422,38.00,22.80,4.00,16.40
5/3/18-22:6:50,844,325,418,38.10,22.80,3.90,12.20
5/3/18-22:7:51,843,319,412,37.90,22.70,3.20,10.60
5/3/18-22:8:52,842,323,416,37.60,22.70,3.10,9.70
5/3/18-22:9:53,844,319,415,37.60,22.70,4.10,11.50
5/3/18-22:10:54,844,324,415,37.80,22.70,3.70,13.30
5/3/18-22:11:55,843,317,411,37.60,22.70,3.90,8.70
5/3/18-22:12:56,843,319,412,37.80,22.60,3.00,7.80
5/3/18-22:13:57,843,317,407,38.20,22.60,3.60,9.50
5/3/18-22:14:58,844,319,412,38.30,22.60,2.90,4.90
5/3/18-22:15:59,843,323,407,38.90,22.60,3.50,6.60
5/3/18-22:17:0,844,319,410,38.20,22.60,3.50,9.80
5/3/18-22:18:1,844,326,416,39.40,22.60,3.60,10.80
5/3/18-22:19:2,847,322,410,39.00,22.60,3.50,8.10
5/3/18-22:20:3,844,312,406,38.40,22.60,3.60,8.80
5/3/18-22:21:4,843,320,415,38.60,22.60,3.10,11.00
5/3/18-22:22:5,843,323,414,38.00,22.50,3.50,15.30
5/3/18-22:23:6,844,319,407,38.00,22.40,3.60,11.80
5/3/18-22:24:7,845,322,413,38.50,22.40,3.30,8.80
5/3/18-22:25:8,844,321,408,38.40,22.40,4.10,15.60
5/3/18-22:26:9,844,324,413,38.30,22.40,3.70,9.40
5/3/18-22:27:10,845,320,408,38.90,22.40,4.50,12.00
5/3/18-22:28:11,843,327,416,38.30,22.40,4.10,10.60
5/3/18-22:29:12,844,320,409,39.00,22.30,4.00,11.00
5/3/18-22:30:13,845,318,408,38.90,22.30,4.00,13.60
5/3/18-22:31:14,845,322,414,39.30,22.30,3.60,9.30
5/3/18-22:32:15,844,319,408,39.30,22.30,4.40,12.50
5/3/18-22:33:16,843,318,409,39.30,22.30,3.80,8.50
5/3/18-22:34:17,843,318,412,38.20,22.20,3.90,12.00
5/3/18-22:35:18,843,324,412,38.90,22.20,4.30,12.70
5/3/18-22:36:19,843,324,415,39.50,22.20,4.20,11.50
5/3/18-22:37:20,844,319,412,39.10,22.20,4.30,17.80
5/3/18-22:38:21,844,313,408,38.60,22.20,4.40,9.70
5/3/18-22:39:22,844,317,412,38.80,22.10,4.50,9.60
5/3/18-22:40:23,845,310,410,39.20,22.10,4.50,10.80
5/3/18-22:41:24,844,315,411,39.20,22.10,5.10,10.50
5/3/18-22:42:25,844,317,414,38.90,22.10,5.30,13.30
5/3/18-22:43:26,843,323,418,38.60,22.10,5.30,13.90
5/3/18-22:44:27,844,320,419,38.40,22.10,5.60,25.20
5/3/18-22:45:28,845,317,414,38.20,22.00,5.50,21.20
5/3/18-22:46:29,845,324,421,38.30,22.00,5.60,18.10
5/3/18-22:47:30,844,331,415,38.40,22.00,5.20,13.40
5/3/18-22:48:31,844,328,418,39.40,22.00,5.80,19.00
5/3/18-22:49:32,845,325,415,39.00,22.00,5.30,10.20
5/3/18-22:50:32,845,318,412,38.60,22.00,4.70,11.90
5/3/18-22:51:33,845,326,417,39.20,22.00,4.30,9.60
5/3/18-22:52:34,845,324,414,39.00,22.00,5.30,14.50
5/3/18-22:53:35,844,322,411,39.30,22.00,4.90,14.70
5/3/18-22:54:36,843,318,417,39.40,22.00,4.40,11.50
5/3/18-22:55:37,845,317,412,38.60,21.90,4.10,8.10
5/3/18-22:56:38,845,314,411,38.80,21.90,4.10,10.70
5/3/18-22:57:39,844,318,411,38.90,21.90,4.40,6.90
5/3/18-22:58:40,845,314,407,38.90,21.90,4.40,11.10
5/3/18-22:59:41,843,321,408,38.50,21.90,4.40,10.30
5/3/18-23:0:42,844,316,403,38.50,21.90,4.10,9.20
5/3/18-23:1:43,845,316,404,38.40,21.80,4.40,9.50
5/3/18-23:2:44,844,318,406,38.90,21.80,3.80,12.10
5/3/18-23:3:45,845,309,396,39.00,21.80,3.90,7.40
5/3/18-23:4:46,845,305,393,38.30,21.80,3.60,9.50
5/3/18-23:5:47,845,305,395,39.10,21.80,4.00,11.50
5/3/18-23:6:48,843,313,399,39.30,21.70,3.70,7.10
5/3/18-23:7:49,844,308,395,39.20,21.80,3.60,8.20
5/3/18-23:8:50,845,310,394,39.30,21.70,2.90,6.10
5/3/18-23:9:51,845,313,398,38.80,21.70,3.50,11.30
5/3/18-23:10:52,845,307,391,38.30,21.70,3.30,6.40
5/3/18-23:11:53,845,305,389,39.10,21.70,3.00,6.30
5/3/18-23:12:54,844,305,396,39.50,21.70,3.20,5.90
5/3/18-23:13:55,843,306,391,38.40,21.70,3.80,9.60
5/3/18-23:14:56,844,310,399,38.40,21.60,3.70,10.80
5/3/18-23:15:57,847,301,395,38.50,21.60,3.00,6.80
5/3/18-23:16:58,843,311,395,38.50,21.60,2.90,5.50
5/3/18-23:17:59,844,311,395,39.00,21.60,3.50,14.40
5/3/18-23:19:0,845,303,390,38.80,21.60,3.30,9.60
5/3/18-23:20:1,845,304,394,38.40,21.60,3.60,10.90
5/3/18-23:21:2,844,304,393,38.40,21.50,3.30,12.00
5/3/18-23:22:3,847,298,391,38.40,21.50,2.90,9.50
5/3/18-23:23:4,844,305,393,38.40,21.50,3.20,10.30
5/3/18-23:24:5,845,308,395,38.50,21.50,3.00,5.70
5/3/18-23:25:6,843,317,396,39.00,21.50,2.90,9.00
5/3/18-23:26:7,844,308,389,39.20,21.50,2.50,7.10
5/3/18-23:27:8,845,300,388,39.00,21.50,2.20,8.20
5/3/18-23:28:9,845,296,387,38.30,21.50,2.40,4.70
5/3/18-23:29:10,845,297,397,38.30,21.50,2.60,7.50
5/3/18-23:30:11,845,296,399,38.00,21.40,2.30,7.20
5/3/18-23:31:12,845,294,399,37.80,21.40,2.90,11.30
5/3/18-23:32:13,847,301,402,38.20,21.40,2.60,6.20
5/3/18-23:33:14,845,299,389,38.50,21.40,3.20,12.80
5/3/18-23:34:15,845,303,391,38.70,21.40,3.40,30.50
5/3/18-23:35:16,845,305,404,39.50,21.50,4.10,35.10
5/3/18-23:36:17,844,305,398,39.10,21.50,5.80,36.90
5/3/18-23:37:17,845,305,395,38.60,21.50,5.50,38.50
5/3/18-23:38:18,843,314,406,38.70,21.50,4.50,34.00
5/3/18-23:39:19,845,305,391,39.20,21.50,3.90,29.20
5/3/18-23:40:20,845,301,392,39.70,21.50,3.40,21.00
5/3/18-23:41:21,845,300,391,39.10,21.50,2.60,11.60
5/3/18-23:42:22,844,301,394,39.40,21.50,3.50,17.10
5/3/18-23:43:23,844,300,386,38.80,21.40,3.30,12.00
5/3/18-23:44:24,844,300,395,38.70,21.50,2.80,10.50
5/3/18-23:45:25,845,301,395,38.80,21.50,2.80,8.40
5/3/18-23:46:26,846,299,388,38.40,21.40,3.00,11.30
5/3/18-23:47:27,844,309,402,39.60,21.40,3.40,13.80
5/3/18-23:48:28,845,308,395,38.90,21.40,2.90,13.20
5/3/18-23:49:29,845,304,402,39.40,21.40,3.30,17.20
5/3/18-23:50:30,845,307,399,38.50,21.40,2.70,6.70
5/3/18-23:51:31,844,311,395,39.00,21.40,3.30,4.80
5/3/18-23:52:32,844,310,393,40.50,21.40,2.90,13.20
5/3/18-23:53:33,844,316,401,39.40,21.40,4.10,15.20
5/3/18-23:54:34,845,317,404,39.30,21.40,3.60,7.20
5/3/18-23:55:35,844,320,406,40.90,21.40,4.10,12.00
5/3/18-23:56:36,845,318,402,40.30,21.40,3.70,6.70
5/3/18-23:57:37,843,324,406,40.60,21.40,4.00,10.90
5/3/18-23:58:38,846,320,403,41.30,21.30,5.00,12.00
5/3/18-23:59:39,845,323,404,41.20,21.40,4.50,12.70
