Hora,O3,NO2,CO,Humedad,Temperatura,P25,P10
6/3/18-0:0:40,845,325,406,41.60,21.30,4.50,10.80
6/3/18-0:1:41,845,321,401,42.10,21.40,4.70,14.00
6/3/18-0:2:42,845,321,408,41.50,21.30,5.00,11.70
6/3/18-0:3:43,846,315,400,41.20,21.30,5.00,14.00
6/3/18-0:4:44,845,322,406,40.80,21.30,4.70,11.30
6/3/18-0:5:45,844,323,398,41.20,21.30,4.70,11.70
6/3/18-0:6:46,845,314,398,41.50,21.30,4.70,12.10
6/3/18-0:7:47,845,325,405,41.90,21.30,4.30,12.90
6/3/18-0:8:48,845,316,397,42.00,21.30,4.30,12.60
6/3/18-0:9:49,844,320,400,41.90,21.30,4.30,14.70
6/3/18-0:10:50,844,317,392,41.10,21.30,4.10,11.90
6/3/18-0:11:51,845,311,389,40.60,21.30,3.30,13.10
6/3/18-0:12:52,845,312,391,40.70,21.30,3.40,10.60
6/3/18-0:13:53,843,317,399,41.60,21.30,3.20,9.10
6/3/18-0:14:54,845,315,389,42.20,21.30,3.30,7.60
6/3/18-0:15:55,844,317,390,41.00,21.30,3.60,10.70
6/3/18-0:16:56,845,309,382,40.80,21.30,3.90,9.10
6/3/18-0:17:57,844,311,383,41.10,21.20,3.80,9.10
6/3/18-0:18:58,845,307,383,41.30,21.20,3.60,9.40
6/3/18-0:19:59,845,309,389,41.20,21.20,3.10,8.30
6/3/18-0:21:0,844,306,381,40.60,21.20,3.20,11.30
6/3/18-0:22:1,845,303,387,40.40,21.20,2.90,8.10
6/3/18-0:23:1,845,304,381,40.50,21.20,3.30,6.30
6/3/18-0:24:2,845,306,381,41.10,21.20,2.50,5.70
6/3/18-0:25:3,845,305,380,41.40,21.20,3.60,10.30
6/3/18-0:26:4,845,303,376,41.40,21.20,3.20,7.70
6/3/18-0:27:5,845,305,380,41.00,21.10,2.70,5.80
6/3/18-0:28:6,845,303,380,41.30,21.10,2.80,8.60
6/3/18-0:29:7,844,302,380,40.60,21.10,2.60,8.00
6/3/18-0:30:8,847,293,374,41.20,21.10,2.60,7.00
6/3/18-0:31:9,845,296,376,40.90,21.10,2.70,10.80
6/3/18-0:32:10,845,293,372,40.90,21.00,2.20,5.40
6/3/18-0:33:11,845,291,370,40.50,21.00,2.30,4.40
6/3/18-0:34:12,843,294,377,40.90,21.00,2.20,8.00
6/3/18-0:35:13,845,284,368,40.50,21.00,1.80,9.10
6/3/18-0:36:14,845,285,376,40.20,21.00,2.40,11.70
6/3/18-0:37:15,846,275,370,40.10,20.90,1.90,8.00
6/3/18-0:38:16,844,277,369,39.60,20.90,2.00,5.60
6/3/18-0:39:17,843,276,367,39.40,20.90,2.50,8.50
6/3/18-0:40:18,845,257,364,39.20,20.90,2.50,6.10
6/3/18-0:41:19,845,265,369,39.20,20.80,2.30,4.90
6/3/18-0:42:20,844,272,373,40.40,20.80,2.00,6.50
6/3/18-0:43:21,845,275,374,40.50,20.90,2.20,4.40
6/3/18-0:44:22,845,271,366,40.40,20.90,1.70,3.60
6/3/18-0:45:23,844,271,369,40.50,20.90,2.00,7.10
6/3/18-0:46:24,845,271,368,39.70,20.90,2.20,6.20
6/3/18-0:47:25,843,277,375,40.40,20.90,2.10,7.50
6/3/18-0:48:26,845,280,373,39.90,20.80,3.10,9.30
6/3/18-0:49:27,847,283,375,40.40,20.90,2.30,9.70
6/3/18-0:50:28,845,284,370,40.40,20.90,2.20,6.90
6/3/18-0:51:29,847,278,371,40.50,20.80,2.70,8.50
6/3/18-0:52:30,848,267,371,40.70,20.80,1.60,8.20
6/3/18-0:53:31,845,271,366,39.80,20.80,2.30,8.00
6/3/18-0:54:32,845,265,368,39.80,20.80,2.30,9.30
6/3/18-0:55:33,845,267,374,40.20,20.80,2.20,7.70
6/3/18-0:56:34,844,276,382,40.80,20.80,1.90,6.20
6/3/18-0:57:35,845,274,374,40.50,20.80,2.30,12.00
6/3/18-0:58:36,845,270,368,40.20,20.80,1.90,7.80
6/3/18-0:59:37,844,268,374,40.50,20.80,2.00,6.60
6/3/18-1:0:38,845,259,370,40.00,20.80,2.10,3.90
6/3/18-1:1:39,845,265,378,39.60,20.80,2.00,6.20
6/3/18-1:2:40,845,258,366,39.70,20.80,2.20,6.90
6/3/18-1:3:41,846,251,365,39.60,20.80,2.20,5.10
6/3/18-1:4:42,845,253,365,39.20,20.80,2.20,7.10
6/3/18-1:5:43,844,255,383,39.80,20.80,2.00,7.50
6/3/18-1:6:44,846,251,367,39.90,20.80,2.20,4.70
6/3/18-1:7:45,845,249,364,39.30,20.70,2.60,12.90
6/3/18-1:8:45,845,237,355,39.10,20.70,2.20,9.60
6/3/18-1:9:46,845,220,354,39.00,20.70,2.10,7.70
6/3/18-1:10:47,844,226,357,39.20,20.70,2.50,9.40
6/3/18-1:11:48,845,223,365,39.30,20.70,2.50,7.40
6/3/18-1:12:49,845,225,357,39.30,20.70,2.60,7.80
6/3/18-1:13:50,844,238,372,39.50,20.60,2.90,8.50
6/3/18-1:14:51,844,247,371,39.80,20.70,2.60,11.10
6/3/18-1:15:52,844,246,372,39.70,20.70,2.50,6.00
6/3/18-1:16:53,847,226,356,39.10,20.70,2.40,8.90
6/3/18-1:17:54,848,227,364,39.30,20.70,2.10,8.40
6/3/18-1:18:55,845,233,371,39.40,20.60,2.10,10.50
6/3/18-1:19:56,844,237,364,39.30,20.60,2.80,8.20
6/3/18-1:20:57,843,221,358,39.00,20.60,2.30,8.00
6/3/18-1:21:58,844,215,364,39.00,20.60,2.60,6.10
6/3/18-1:22:59,845,219,362,39.00,20.50,2.40,8.30
6/3/18-1:24:0,845,215,356,38.60,20.60,3.00,6.90
6/3/18-1:25:1,844,211,353,38.40,20.50,3.50,10.30
6/3/18-1:26:2,845,208,357,39.00,20.50,2.90,11.10
6/3/18-1:27:3,843,212,366,39.40,20.50,2.80,7.40
6/3/18-1:28:4,846,204,366,39.60,20.40,3.20,10.10
6/3/18-1:29:5,845,214,357,38.60,20.40,3.10,6.00
6/3/18-1:30:6,844,210,349,39.20,20.40,3.20,9.90
6/3/18-1:31:7,845,220,368,38.90,20.40,3.10,12.40
6/3/18-1:32:8,845,224,361,39.60,20.40,3.20,8.10
6/3/18-1:33:9,844,220,359,39.20,20.40,3.80,11.60
6/3/18-1:34:10,845,219,351,40.50,20.40,3.40,7.30
6/3/18-1:35:11,845,219,356,39.10,20.40,2.70,8.50
6/3/18-1:36:12,845,229,359,39.60,20.40,3.50,6.90
6/3/18-1:37:13,845,228,349,39.90,20.40,3.10,8.40
6/3/18-1:38:14,845,210,352,40.00,20.40,3.40,8.50
6/3/18-1:39:15,845,218,359,39.60,20.40,3.10,7.40
6/3/18-1:40:16,844,227,359,39.90,20.40,3.20,7.30
6/3/18-1:41:17,844,231,377,40.00,20.40,3.30,7.60
6/3/18-1:42:18,848,228,361,39.70,20.40,3.20,7.20
6/3/18-1:43:19,846,219,360,40.10,20.40,3.90,10.80
6/3/18-1:44:20,845,225,360,40.20,20.40,3.40,8.60
6/3/18-1:45:21,845,228,356,40.00,20.40,3.50,7.20
6/3/18-1:46:22,844,218,345,39.80,20.40,3.80,9.00
6/3/18-1:47:23,844,215,360,39.40,20.40,3.40,9.20
6/3/18-1:48:24,844,208,355,39.60,20.30,3.40,7.80
6/3/18-1:49:25,844,209,358,39.30,20.30,3.20,8.30
6/3/18-1:50:26,845,209,354,39.90,20.30,3.30,7.40
6/3/18-1:51:27,845,208,356,40.10,20.20,3.20,8.40
6/3/18-1:52:28,844,221,374,40.30,20.30,3.60,10.80
6/3/18-1:53:28,844,220,367,40.00,20.30,3.50,13.00
6/3/18-1:54:29,845,228,355,40.30,20.30,3.50,5.70
6/3/18-1:55:30,845,211,349,41.00,20.40,3.00,6.10
6/3/18-1:56:31,845,217,366,40.10,20.30,3.50,12.10
6/3/18-1:57:32,844,232,365,40.60,20.40,3.20,11.40
6/3/18-1:58:33,845,236,366,40.60,20.30,3.60,10.90
6/3/18-1:59:34,844,215,343,40.10,20.40,3.20,5.60
6/3/18-2:0:35,845,208,350,39.80,20.40,3.20,10.60
6/3/18-2:1:36,844,209,356,39.80,20.40,3.30,9.10
6/3/18-2:2:37,845,214,357,39.90,20.40,3.10,7.90
6/3/18-2:3:38,844,216,353,39.90,20.40,3.40,6.70
6/3/18-2:4:39,844,195,352,39.40,20.40,3.50,9.40
6/3/18-2:5:40,844,196,356,38.70,20.30,3.20,7.50
6/3/18-2:6:41,844,195,350,39.20,20.30,3.60,6.20
6/3/18-2:7:42,845,200,370,39.40,20.30,3.70,6.30
6/3/18-2:8:43,845,207,357,39.90,20.30,3.90,11.50
6/3/18-2:9:44,844,214,360,40.20,20.30,3.40,7.20
6/3/18-2:10:45,845,212,363,40.00,20.30,3.40,9.90
6/3/18-2:11:46,844,220,376,39.90,20.30,3.80,8.90
6/3/18-2:12:47,844,218,361,40.00,20.30,3.70,6.60
6/3/18-2:13:48,845,214,361,39.90,20.30,3.50,9.90
6/3/18-2:14:49,845,215,358,40.00,20.30,3.90,8.20
6/3/18-2:15:50,845,222,371,39.80,20.40,3.90,8.90
6/3/18-2:16:51,844,202,352,39.70,20.30,3.80,9.10
6/3/18-2:17:52,845,187,353,39.30,20.40,3.60,6.70
6/3/18-2:18:53,844,178,354,39.30,20.30,3.70,7.80
6/3/18-2:19:54,844,191,349,39.30,20.20,3.50,8.60
6/3/18-2:20:55,845,169,348,39.30,20.30,4.20,10.30
6/3/18-2:21:56,845,155,339,38.90,20.20,4.10,6.90
6/3/18-2:22:57,843,152,345,38.80,20.10,4.50,9.10
6/3/18-2:23:58,844,149,339,39.40,20.00,4.50,9.20
6/3/18-2:24:59,844,160,347,39.60,19.90,4.00,8.40
6/3/18-2:26:0,844,176,357,40.50,19.90,3.90,11.30
6/3/18-2:27:1,844,191,354,41.40,19.90,4.10,11.00
6/3/18-2:28:2,845,166,347,40.70,19.90,4.10,6.90
6/3/18-2:29:3,845,149,334,40.20,19.90,4.30,9.60
6/3/18-2:30:4,845,151,340,39.90,19.90,4.30,11.70
6/3/18-2:31:5,845,152,355,40.40,19.90,4.60,13.00
6/3/18-2:32:6,843,167,369,40.50,19.90,4.00,9.50
6/3/18-2:33:7,845,174,350,40.00,19.90,4.00,10.50
6/3/18-2:34:8,845,177,365,40.30,20.00,4.30,9.80
6/3/18-2:35:9,844,186,367,40.00,20.00,4.10,11.10
6/3/18-2:36:10,844,172,345,40.10,20.00,4.30,9.80
6/3/18-2:37:11,845,158,336,40.00,20.00,4.00,8.00
6/3/18-2:38:11,845,152,340,39.40,20.00,3.90,7.80
6/3/18-2:39:12,844,147,342,39.20,20.00,3.80,9.00
6/3/18-2:40:13,844,158,350,39.50,19.90,4.70,9.20
6/3/18-2:41:14,844,153,346,39.80,19.90,3.50,5.80
6/3/18-2:42:15,844,180,353,40.20,19.90,3.90,10.00
6/3/18-2:43:16,845,180,357,40.70,19.90,3.70,8.50
6/3/18-2:44:17,844,191,361,39.90,19.90,4.00,9.20
6/3/18-2:45:18,845,185,343,39.90,19.90,3.90,9.70
6/3/18-2:46:19,844,172,353,39.70,20.00,3.80,8.70
6/3/18-2:47:20,845,180,349,39.70,20.00,4.20,8.90
6/3/18-2:48:21,845,192,360,40.50,20.00,4.20,8.00
6/3/18-2:49:22,844,203,358,40.40,20.00,4.00,7.10
6/3/18-2:50:23,844,200,353,40.60,20.00,4.20,10.20
6/3/18-2:51:24,845,195,357,40.30,20.10,3.70,8.60
6/3/18-2:52:25,844,207,364,40.40,20.10,3.70,8.40
6/3/18-2:53:26,845,197,359,39.90,20.10,4.00,9.00
6/3/18-2:54:27,845,183,349,39.50,20.20,4.10,9.90
6/3/18-2:55:28,845,193,367,39.10,20.20,4.50,6.50
6/3/18-2:56:29,845,173,352,39.10,20.10,3.90,6.90
6/3/18-2:57:30,844,161,340,38.70,20.10,4.30,8.70
6/3/18-2:58:31,844,152,350,38.90,20.10,4.00,7.40
6/3/18-2:59:32,844,146,349,38.30,20.00,4.20,8.80
6/3/18-3:0:33,845,137,343,38.40,20.00,4.20,7.90
6/3/18-3:1:34,845,125,329,38.30,19.90,4.00,8.40
6/3/18-3:2:35,845,118,336,37.90,19.90,3.90,5.50
6/3/18-3:3:36,845,121,334,37.80,19.90,4.50,8.50
6/3/18-3:4:37,843,123,322,38.10,19.90,4.10,7.70
6/3/18-3:5:38,844,120,335,37.70,19.80,4.00,5.80
6/3/18-3:6:39,844,117,329,37.90,19.80,4.00,9.50
6/3/18-3:7:40,845,114,331,37.30,19.80,4.30,8.20
6/3/18-3:8:41,845,114,329,37.10,19.80,4.60,8.20
6/3/18-3:9:42,845,130,348,37.50,19.80,4.40,7.00
6/3/18-3:10:43,845,151,371,38.10,19.90,4.50,6.50
6/3/18-3:11:44,845,145,349,38.20,19.90,4.90,8.80
6/3/18-3:12:45,845,131,330,38.00,20.00,4.00,6.90
6/3/18-3:13:46,846,122,331,37.40,20.00,4.20,5.60
6/3/18-3:14:47,845,129,337,37.80,20.00,4.50,7.90
6/3/18-3:15:48,844,123,336,38.00,20.00,5.60,7.80
6/3/18-3:16:49,846,133,341,37.70,20.00,4.60,6.20
6/3/18-3:17:50,848,144,345,37.60,20.10,4.50,8.70
6/3/18-3:18:51,844,150,359,37.80,20.10,4.50,7.90
6/3/18-3:19:52,845,128,339,37.50,20.10,4.70,8.70
6/3/18-3:20:53,845,123,334,37.00,20.10,4.40,7.50
6/3/18-3:21:53,844,132,338,36.70,20.10,4.20,7.50
6/3/18-3:22:54,845,120,325,37.40,20.10,4.50,10.90
6/3/18-3:23:55,845,130,348,37.00,20.10,3.80,6.80
6/3/18-3:24:56,844,145,347,37.50,20.10,4.60,7.50
6/3/18-3:25:57,845,133,330,38.40,20.00,4.30,7.30
6/3/18-3:26:58,845,131,336,37.70,20.00,3.90,8.10
6/3/18-3:27:59,844,129,330,37.70,20.00,4.40,9.30
6/3/18-3:29:0,843,135,342,37.50,20.10,4.80,8.10
6/3/18-3:30:1,845,123,333,37.90,20.10,4.00,6.30
6/3/18-3:31:2,844,132,336,36.90,20.10,4.90,8.00
6/3/18-3:32:3,845,134,337,37.60,20.10,4.00,8.50
6/3/18-3:33:4,844,140,332,38.00,20.10,4.00,6.80
6/3/18-3:34:5,844,165,354,38.00,20.10,4.20,8.20
6/3/18-3:35:6,844,159,340,38.20,20.10,4.10,8.80
6/3/18-3:36:7,844,148,331,37.60,20.10,4.20,8.10
6/3/18-3:37:8,845,137,333,37.40,20.00,4.20,7.80
6/3/18-3:38:9,844,137,332,37.80,20.00,4.70,6.70
6/3/18-3:39:10,844,142,338,37.90,20.00,4.40,8.50
6/3/18-3:40:11,845,139,336,38.50,20.00,3.70,6.00
6/3/18-3:41:12,844,147,344,38.40,20.00,4.20,6.20
6/3/18-3:42:13,844,152,341,39.00,20.00,4.30,6.30
6/3/18-3:43:14,845,152,343,38.50,20.00,4.10,5.80
6/3/18-3:44:15,844,164,343,38.50,20.00,4.00,6.70
6/3/18-3:45:16,845,154,338,39.20,20.00,3.90,5.20
6/3/18-3:46:17,845,145,334,39.00,20.00,3.90,5.90
6/3/18-3:47:18,847,145,345,38.50,19.90,4.50,8.80
6/3/18-3:48:19,845,151,340,38.50,19.90,4.60,12.50
6/3/18-3:49:20,845,156,345,38.80,19.90,4.10,10.30
6/3/18-3:50:21,844,170,347,39.20,19.90,4.60,15.80
6/3/18-3:51:22,845,157,342,39.60,19.90,4.70,13.50
6/3/18-3:52:23,845,166,344,38.90,19.90,5.00,11.80
6/3/18-3:53:24,845,167,351,39.70,19.90,4.70,13.30
6/3/18-3:54:25,846,165,341,39.30,19.90,4.30,8.10
6/3/18-3:55:26,846,158,340,39.80,19.80,4.70,13.60
6/3/18-3:56:27,845,152,342,39.50,19.90,4.80,6.80
6/3/18-3:57:28,844,138,328,38.80,19.90,4.10,6.40
6/3/18-3:58:29,844,140,339,37.70,19.80,4.60,8.00
6/3/18-3:59:30,844,145,340,38.20,19.80,4.20,8.00
6/3/18-4:0:31,844,148,337,38.80,19.80,5.20,7.90
6/3/18-4:1:32,845,137,336,38.40,19.80,5.00,10.10
6/3/18-4:2:33,845,135,331,38.40,19.80,4.90,9.40
6/3/18-4:3:34,844,144,347,38.00,19.80,4.90,7.30
6/3/18-4:4:35,844,151,347,37.90,19.80,5.60,9.00
6/3/18-4:5:36,845,149,335,38.00,19.80,4.50,7.20
6/3/18-4:6:36,845,143,333,38.40,19.80,5.00,7.90
6/3/18-4:7:37,846,146,338,38.20,19.80,5.00,10.90
6/3/18-4:8:38,845,151,342,38.60,19.70,4.20,6.80
6/3/18-4:9:39,846,145,338,38.80,19.70,5.40,9.30
6/3/18-4:10:40,845,152,334,38.80,19.70,4.50,7.50
6/3/18-4:11:41,846,150,333,38.90,19.70,4.50,8.20
6/3/18-4:12:42,846,156,339,39.00,19.80,4.90,10.70
6/3/18-4:13:43,846,153,343,39.20,19.80,4.30,7.50
6/3/18-4:14:44,845,160,344,39.30,19.80,4.70,8.20
6/3/18-4:15:45,848,148,339,39.10,19.70,5.10,7.10
6/3/18-4:16:46,844,148,334,38.80,19.70,5.50,9.90
6/3/18-4:17:47,845,138,343,38.70,19.70,5.90,8.10
6/3/18-4:18:48,845,155,340,39.00,19.70,5.80,9.90
6/3/18-4:19:49,848,165,345,39.40,19.70,5.40,6.30
6/3/18-4:20:50,845,163,339,39.20,19.70,6.70,9.90
6/3/18-4:21:51,844,166,337,39.20,19.60,7.20,9.50
6/3/18-4:22:52,845,162,342,39.20,19.60,7.70,12.00
6/3/18-4:23:53,845,160,343,39.40,19.50,7.80,12.70
6/3/18-4:24:54,848,168,345,39.70,19.50,8.40,11.20
6/3/18-4:25:55,845,169,338,40.00,19.50,7.80,10.00
6/3/18-4:26:56,846,156,329,40.10,19.50,7.20,9.80
6/3/18-4:27:57,845,154,334,40.00,19.50,7.10,8.70
6/3/18-4:28:58,846,139,327,39.70,19.40,7.40,8.40
6/3/18-4:29:59,845,134,344,39.20,19.40,6.90,9.70
6/3/18-4:31:0,845,152,338,39.30,19.40,6.90,10.20
6/3/18-4:32:1,845,144,334,39.80,19.40,6.80,10.00
6/3/18-4:33:2,845,158,337,39.50,19.40,6.80,8.00
6/3/18-4:34:3,844,164,347,39.60,19.40,6.20,7.50
6/3/18-4:35:4,845,150,331,40.10,19.40,6.40,9.10
6/3/18-4:36:5,845,154,336,39.70,19.30,5.40,6.00
6/3/18-4:37:6,845,157,337,40.20,19.30,6.60,8.90
6/3/18-4:38:7,844,157,333,40.40,19.30,5.70,7.50
6/3/18-4:39:8,844,166,337,40.50,19.30,5.90,8.60
6/3/18-4:40:9,843,169,338,40.60,19.20,5.60,8.70
6/3/18-4:41:10,839,157,341,40.60,19.30,5.10,7.70
6/3/18-4:42:11,839,166,338,40.60,19.20,5.60,10.70
6/3/18-4:43:12,838,172,336,40.40,19.20,5.60,10.50
6/3/18-4:44:13,838,180,337,41.00,19.20,5.30,8.80
6/3/18-4:45:14,838,175,332,41.10,19.20,5.50,7.80
6/3/18-4:46:15,838,174,336,41.10,19.20,4.80,6.40
6/3/18-4:47:16,839,168,335,41.50,19.10,5.00,7.00
6/3/18-4:48:17,842,175,338,41.20,19.10,4.70,7.20
6/3/18-4:49:18,837,177,339,41.50,19.10,5.30,9.50
6/3/18-4:50:18,838,185,340,40.80,19.10,4.90,9.80
6/3/18-4:51:19,838,199,341,41.60,19.10,4.40,7.60
6/3/18-4:52:20,837,207,346,41.80,19.10,5.30,8.70
6/3/18-4:53:21,836,207,338,41.70,19.10,4.60,9.20
6/3/18-4:54:22,838,200,339,41.40,19.10,4.80,7.30
6/3/18-4:55:23,839,200,337,41.40,19.10,4.40,6.30
6/3/18-4:56:24,839,198,339,41.80,19.10,5.20,8.20
6/3/18-4:57:25,839,207,345,41.90,19.10,4.70,6.10
6/3/18-4:58:26,837,215,340,42.40,19.00,5.10,7.80
6/3/18-4:59:27,839,204,335,42.30,19.00,5.30,7.50
6/3/18-5:0:28,837,191,334,42.60,19.00,4.60,9.50
6/3/18-5:1:29,838,196,335,42.00,18.90,5.00,7.10
6/3/18-5:2:30,839,192,335,42.10,18.90,4.90,10.40
6/3/18-5:3:31,840,195,335,42.50,18.90,4.70,5.90
6/3/18-5:4:32,838,185,325,42.10,19.00,4.40,6.00
6/3/18-5:5:33,839,178,329,42.10,18.90,4.70,7.90
6/3/18-5:6:34,839,189,335,42.20,18.90,4.30,10.80
6/3/18-5:7:35,837,181,333,42.70,18.80,5.00,8.30
6/3/18-5:8:36,840,173,341,42.30,18.80,5.00,8.30
6/3/18-5:9:37,838,178,335,42.20,18.80,4.90,9.70
6/3/18-5:10:38,840,181,335,42.80,18.80,4.70,8.80
6/3/18-5:11:39,837,188,336,42.90,18.80,5.10,6.50
6/3/18-5:12:40,837,190,335,43.30,18.80,4.20,5.20
6/3/18-5:13:41,838,188,334,43.30,18.80,4.60,6.50
6/3/18-5:14:42,839,182,333,42.50,18.80,4.10,6.90
6/3/18-5:15:43,838,179,333,42.50,18.80,4.30,6.10
6/3/18-5:16:44,839,186,337,43.30,18.80,4.70,9.60
6/3/18-5:17:45,839,189,334,43.30,18.70,4.40,8.90
6/3/18-5:18:46,839,189,339,43.60,18.70,4.40,6.90
6/3/18-5:19:47,840,191,334,43.30,18.70,4.40,5.20
6/3/18-5:20:48,839,185,332,44.30,18.70,4.50,7.10
6/3/18-5:21:49,839,183,337,43.20,18.60,4.20,7.80
6/3/18-5:22:50,842,173,339,44.00,18.60,4.40,7.90
6/3/18-5:23:51,840,172,331,43.70,18.60,4.50,7.10
6/3/18-5:24:52,840,177,332,44.00,18.50,4.20,6.40
6/3/18-5:25:53,841,185,335,44.10,18.50,4.70,6.40
6/3/18-5:26:54,838,186,339,44.10,18.50,4.20,9.20
6/3/18-5:27:55,839,190,336,44.50,18.50,4.90,9.60
6/3/18-5:28:56,839,187,336,44.60,18.50,4.20,7.10
6/3/18-5:29:57,839,187,339,44.20,18.50,4.30,8.30
6/3/18-5:30:58,839,184,334,44.20,18.40,4.70,9.00
6/3/18-5:31:59,840,190,338,44.40,18.50,4.50,10.30
6/3/18-5:32:59,840,183,338,44.70,18.40,4.50,6.80
6/3/18-5:34:0,842,190,338,44.40,18.40,4.30,7.30
6/3/18-5:35:1,840,189,337,44.30,18.40,4.50,7.60
6/3/18-5:36:2,838,191,336,44.80,18.30,4.50,10.90
6/3/18-5:37:3,842,190,339,44.90,18.30,4.50,6.00
6/3/18-5:38:4,839,186,338,44.40,18.30,4.20,6.70
6/3/18-5:39:5,839,171,338,44.30,18.40,4.20,7.20
6/3/18-5:40:6,840,187,336,44.50,18.30,4.40,10.40
6/3/18-5:41:7,839,189,333,44.60,18.30,4.00,6.20
6/3/18-5:42:8,843,195,344,44.10,18.30,4.60,6.70
6/3/18-5:43:9,839,188,334,44.40,18.30,4.00,7.50
6/3/18-5:44:10,840,178,335,44.60,18.30,4.50,7.80
6/3/18-5:45:11,842,166,332,44.10,18.30,4.20,9.60
6/3/18-5:46:12,838,170,338,44.30,18.30,4.50,5.80
6/3/18-5:47:13,838,171,340,44.40,18.30,4.10,7.00
6/3/18-5:48:14,840,168,337,44.10,18.20,4.40,6.80
6/3/18-5:49:15,840,160,331,43.90,18.20,4.10,6.80
6/3/18-5:50:16,840,165,333,43.80,18.20,4.50,7.90
6/3/18-5:51:17,840,166,330,44.10,18.20,4.10,5.60
6/3/18-5:52:18,843,166,338,44.60,18.20,3.90,11.40
6/3/18-5:53:19,839,178,339,45.10,18.30,4.10,6.70
6/3/18-5:54:20,840,179,336,44.60,18.30,4.00,6.40
6/3/18-5:55:21,840,177,335,44.80,18.30,4.40,9.10
6/3/18-5:56:22,840,157,322,45.20,18.20,4.00,7.40
6/3/18-5:57:23,840,144,327,43.50,18.20,4.40,7.90
6/3/18-5:58:24,840,145,330,44.00,18.30,3.60,5.10
6/3/18-5:59:25,841,137,321,43.70,18.30,3.90,4.50
6/3/18-6:0:26,841,123,324,42.80,18.30,4.40,7.90
6/3/18-6:1:27,838,124,322,42.50,18.20,3.50,6.40
6/3/18-6:2:28,839,141,334,42.00,18.20,4.10,6.00
6/3/18-6:3:29,839,141,332,42.40,18.20,4.50,6.10
6/3/18-6:4:30,841,127,323,41.90,18.20,3.70,5.90
6/3/18-6:5:31,839,137,329,41.70,18.20,4.20,8.10
6/3/18-6:6:32,840,143,331,42.20,18.30,3.60,5.70
6/3/18-6:7:33,840,126,329,42.40,18.30,3.50,6.10
6/3/18-6:8:34,839,127,331,41.50,18.20,4.90,8.60
6/3/18-6:9:35,843,119,328,42.00,18.20,4.10,4.70
6/3/18-6:10:36,840,118,345,41.30,18.30,4.20,7.10
6/3/18-6:11:37,839,134,330,42.10,18.20,3.60,6.10
6/3/18-6:12:38,839,133,327,42.70,18.30,3.80,5.70
6/3/18-6:13:39,842,130,330,42.50,18.30,4.10,7.00
6/3/18-6:14:39,839,123,323,42.40,18.30,4.20,5.70
6/3/18-6:15:40,839,132,326,41.70,18.30,4.20,6.60
6/3/18-6:16:41,839,144,374,41.70,18.30,3.70,5.50
6/3/18-6:17:42,840,137,329,41.70,18.30,4.10,7.60
6/3/18-6:18:43,840,138,327,42.00,18.30,4.50,8.40
6/3/18-6:19:44,837,140,338,42.70,18.30,4.50,6.60
6/3/18-6:20:45,839,141,333,42.90,18.30,4.10,4.80
6/3/18-6:21:46,840,130,322,42.10,18.40,4.20,5.50
6/3/18-6:22:47,840,144,339,42.10,18.40,4.30,10.10
6/3/18-6:23:48,839,131,322,42.10,18.40,4.50,5.80
6/3/18-6:24:49,838,130,337,41.40,18.40,4.60,9.90
6/3/18-6:25:50,840,148,350,41.50,18.40,5.00,7.00
6/3/18-6:26:51,842,154,340,42.40,18.40,4.60,7.40
6/3/18-6:27:52,841,176,342,43.50,18.40,3.80,7.20
6/3/18-6:28:53,841,153,341,42.50,18.40,4.30,12.80
6/3/18-6:29:54,838,162,337,42.10,18.40,4.40,6.20
6/3/18-6:30:55,838,150,335,42.80,18.40,4.70,7.00
6/3/18-6:31:56,839,140,332,41.80,18.40,5.50,14.50
6/3/18-6:32:57,838,141,331,41.40,18.40,4.50,6.80
6/3/18-6:33:58,842,151,334,42.00,18.50,4.50,6.20
6/3/18-6:34:59,838,155,333,41.90,18.50,5.00,8.20
6/3/18-6:36:0,838,149,332,42.40,18.50,4.40,6.20
6/3/18-6:37:1,839,139,328,42.10,18.50,4.50,6.90
6/3/18-6:38:2,839,151,338,42.50,18.50,4.10,5.30
6/3/18-6:39:3,840,144,336,42.60,18.50,4.30,5.90
6/3/18-6:40:4,839,148,337,42.00,18.40,4.10,4.60
6/3/18-6:41:5,841,137,329,42.30,18.50,4.00,9.40
6/3/18-6:42:6,840,125,322,41.40,18.50,4.20,8.30
6/3/18-6:43:7,840,125,338,41.00,18.40,4.30,6.40
6/3/18-6:44:8,840,127,330,41.20,18.30,4.50,11.10
6/3/18-6:45:9,840,132,326,41.70,18.40,4.30,9.10
6/3/18-6:46:10,841,118,321,42.50,18.30,3.90,8.00
6/3/18-6:47:11,840,124,325,41.10,18.40,4.20,8.70
6/3/18-6:48:12,840,144,339,41.30,18.40,3.90,5.80
6/3/18-6:49:13,840,131,328,41.70,18.40,3.80,7.00
6/3/18-6:50:14,840,121,321,41.70,18.40,3.90,8.20
6/3/18-6:51:15,841,118,321,40.70,18.40,4.70,8.20
6/3/18-6:52:16,842,127,339,41.30,18.40,3.70,7.80
6/3/18-6:53:17,841,132,336,41.30,18.40,3.40,6.30
6/3/18-6:54:18,842,132,329,41.80,18.30,4.20,6.40
6/3/18-6:55:19,841,125,327,41.90,18.30,3.90,10.10
6/3/18-6:56:20,841,126,328,40.70,18.40,4.20,5.30
6/3/18-6:57:20,842,125,325,40.90,18.30,4.50,8.50
6/3/18-6:58:21,841,130,345,40.40,18.40,3.70,6.20
6/3/18-6:59:22,841,126,332,41.40,18.30,4.10,5.90
6/3/18-7:0:23,841,159,344,42.60,18.30,3.90,8.90
6/3/18-7:1:24,842,141,337,42.30,18.40,4.00,7.20
6/3/18-7:2:25,841,123,320,42.00,18.40,4.30,7.00
6/3/18-7:3:26,841,125,325,40.60,18.40,4.40,8.80
6/3/18-7:4:27,841,115,324,40.30,18.40,4.80,7.60
6/3/18-7:5:28,841,114,317,40.30,18.30,3.90,6.50
6/3/18-7:6:29,842,117,331,40.10,18.30,4.30,7.50
6/3/18-7:7:30,840,124,331,41.10,18.30,4.10,6.90
6/3/18-7:8:31,840,133,339,40.90,18.30,4.60,8.30
6/3/18-7:9:32,842,125,332,40.50,18.40,3.90,8.40
6/3/18-7:10:33,842,135,335,40.70,18.40,4.30,9.00
6/3/18-7:11:34,842,145,336,41.20,18.40,4.40,8.80
6/3/18-7:12:35,843,132,327,40.90,18.40,4.10,7.50
6/3/18-7:13:36,840,117,337,40.40,18.40,4.10,6.80
6/3/18-7:14:37,839,129,328,41.20,18.40,4.50,5.90
6/3/18-7:15:38,837,133,334,41.00,18.40,4.80,9.20
6/3/18-7:16:39,838,143,346,40.40,18.40,4.50,7.80
6/3/18-7:17:40,837,145,337,41.50,18.40,4.60,6.40
6/3/18-7:18:41,837,144,334,41.00,18.40,4.60,9.40
6/3/18-7:19:42,838,141,342,40.90,18.40,5.20,7.40
6/3/18-7:20:43,838,161,341,40.80,18.50,4.70,9.40
6/3/18-7:21:44,837,152,336,41.30,18.50,4.30,8.90
6/3/18-7:22:45,837,151,341,40.50,18.50,5.30,11.70
6/3/18-7:23:46,839,150,343,39.90,18.50,4.90,8.50
6/3/18-7:24:47,836,155,335,40.90,18.50,4.90,9.40
6/3/18-7:25:48,837,133,326,40.40,18.50,5.00,9.60
6/3/18-7:26:49,838,133,334,39.70,18.50,5.40,12.70
6/3/18-7:27:50,839,139,343,40.10,18.50,4.80,11.20
6/3/18-7:28:51,839,153,345,40.40,18.40,5.70,20.50
6/3/18-7:29:52,840,153,342,41.30,18.40,5.10,12.60
6/3/18-7:30:53,840,146,340,40.90,18.40,4.80,13.80
6/3/18-7:31:54,841,134,333,40.90,18.40,5.40,11.00
6/3/18-7:32:55,840,135,333,40.10,18.40,4.80,11.10
6/3/18-7:33:56,837,130,327,39.60,18.40,5.00,11.50
6/3/18-7:34:57,837,137,341,39.50,18.40,4.50,15.20
6/3/18-7:35:58,839,151,360,41.20,18.50,5.00,20.90
6/3/18-7:36:59,838,148,335,41.40,18.50,4.90,11.30
6/3/18-7:38:0,839,132,327,40.70,18.50,5.00,15.60
6/3/18-7:39:0,842,136,354,40.40,18.50,4.60,7.20
6/3/18-7:40:1,839,156,356,40.70,18.50,5.10,13.50
6/3/18-7:41:2,840,142,333,41.70,18.50,5.90,22.30
6/3/18-7:42:3,839,146,335,41.10,18.40,5.30,16.90
6/3/18-7:43:4,840,140,336,40.60,18.50,5.30,22.20
6/3/18-7:44:5,839,135,330,40.90,18.50,5.40,21.10
6/3/18-7:45:6,839,136,334,40.20,18.50,4.40,10.00
6/3/18-7:46:7,839,141,339,41.50,18.40,4.80,10.50
6/3/18-7:47:8,839,142,330,41.20,18.50,4.60,15.50
6/3/18-7:48:9,839,145,335,40.90,18.50,4.10,16.70
6/3/18-7:49:10,839,146,336,40.70,18.50,3.90,9.60
6/3/18-7:50:11,838,168,362,40.80,18.50,5.20,26.80
6/3/18-7:51:12,840,148,332,41.50,18.50,4.60,13.70
6/3/18-7:52:13,839,136,326,40.70,18.50,4.00,9.20
6/3/18-7:53:14,837,166,349,40.00,18.50,3.60,14.50
6/3/18-7:54:15,839,151,344,41.20,18.50,3.90,19.70
6/3/18-7:55:16,839,154,339,39.90,18.50,4.20,16.30
6/3/18-7:56:17,837,180,362,40.40,18.50,3.90,9.40
6/3/18-7:57:18,837,178,342,41.70,18.60,3.90,13.20
6/3/18-7:58:19,839,154,339,40.60,18.60,4.30,10.90
6/3/18-7:59:20,837,154,349,40.00,18.60,3.60,7.20
6/3/18-8:0:21,839,140,344,40.30,18.60,3.60,10.30
6/3/18-8:1:22,838,132,327,39.90,18.60,3.50,5.10
6/3/18-8:2:23,839,133,337,40.20,18.60,3.60,9.50
6/3/18-8:3:24,839,140,342,41.00,18.60,3.70,12.20
6/3/18-8:4:25,838,155,340,40.30,18.60,3.90,7.20
6/3/18-8:5:26,838,148,348,40.30,18.70,3.50,5.80
6/3/18-8:6:27,839,142,335,39.70,18.70,4.30,9.50
6/3/18-8:7:28,841,142,335,39.60,18.70,4.10,10.70
6/3/18-8:8:29,838,134,336,41.00,18.80,3.70,6.60
6/3/18-8:9:30,838,165,377,40.30,18.80,4.00,10.70
6/3/18-8:10:31,838,169,346,41.10,18.80,4.90,8.90
6/3/18-8:11:32,838,162,348,41.30,18.80,4.70,9.50
6/3/18-8:12:33,837,148,333,41.60,18.90,5.30,13.00
6/3/18-8:13:34,840,145,356,39.90,18.80,5.90,14.00
6/3/18-8:14:35,839,150,334,39.90,18.90,6.10,13.00
6/3/18-8:15:36,839,143,350,39.60,18.90,6.20,11.50
6/3/18-8:16:37,839,148,352,39.20,18.90,5.90,11.10
6/3/18-8:17:38,838,149,347,39.70,19.00,6.50,15.50
6/3/18-8:18:39,836,157,341,39.00,19.00,6.20,11.50
6/3/18-8:19:40,838,143,341,39.20,19.00,6.40,28.90
6/3/18-8:20:41,838,142,342,39.70,19.00,5.70,15.60
6/3/18-8:21:41,837,157,366,39.80,19.10,6.20,13.20
6/3/18-8:22:42,838,158,340,40.20,19.10,5.90,14.00
6/3/18-8:23:43,838,159,350,40.00,19.10,6.30,13.60
6/3/18-8:24:44,837,149,343,65.60,19.10,5.50,13.10
6/3/18-8:25:45,838,144,337,39.80,19.20,6.30,13.90
6/3/18-8:26:46,838,151,354,39.40,19.20,5.40,11.50
6/3/18-8:27:47,838,170,361,40.90,19.20,6.10,12.50
6/3/18-8:28:48,838,168,345,41.40,19.30,6.80,14.50
6/3/18-8:29:49,839,172,355,40.50,19.20,5.60,11.00
6/3/18-8:30:50,838,151,335,39.40,19.30,6.20,14.40
6/3/18-8:31:51,837,145,353,39.20,19.40,5.90,13.40
6/3/18-8:32:52,839,140,339,38.50,19.40,5.70,11.20
6/3/18-8:33:53,838,141,352,38.80,19.40,5.60,9.10
6/3/18-8:34:54,838,148,349,39.10,19.40,5.90,11.80
6/3/18-8:35:55,839,133,336,39.00,19.40,5.70,14.20
6/3/18-8:36:56,839,125,334,39.50,19.40,5.30,9.60
6/3/18-8:37:57,839,124,346,39.10,19.40,4.90,9.70
6/3/18-8:38:58,840,121,332,39.20,19.40,4.20,5.60
6/3/18-8:39:59,840,133,352,40.70,19.40,4.70,12.20
6/3/18-8:41:0,840,126,329,40.30,19.40,5.10,9.50
6/3/18-8:42:1,840,137,360,39.60,19.40,4.80,8.60
6/3/18-8:43:2,838,160,368,41.30,19.50,4.90,12.20
6/3/18-8:44:3,843,150,344,41.40,19.50,4.60,11.30
6/3/18-8:45:4,837,150,349,40.30,19.60,4.80,9.80
6/3/18-8:46:5,838,153,347,40.70,19.60,4.70,9.10
6/3/18-8:47:6,837,160,371,40.70,19.60,4.90,7.50
6/3/18-8:48:7,839,151,346,39.00,19.70,5.10,12.40
6/3/18-8:49:8,839,147,352,39.00,19.70,4.50,8.60
6/3/18-8:50:9,838,146,343,39.20,19.70,4.70,10.10
6/3/18-8:51:10,837,157,364,38.60,19.70,4.50,7.00
6/3/18-8:52:11,837,162,351,38.80,19.70,4.60,8.00
6/3/18-8:53:12,839,144,342,39.40,19.80,5.10,10.50
6/3/18-8:54:13,837,166,352,39.20,19.80,4.30,9.00
6/3/18-8:55:14,837,173,355,39.10,19.90,4.30,7.20
6/3/18-8:56:15,838,160,339,39.00,19.90,5.20,11.70
6/3/18-8:57:16,837,164,341,38.90,19.90,4.60,11.50
6/3/18-8:58:17,837,174,350,39.30,20.00,4.50,8.80
6/3/18-8:59:18,838,169,400,38.90,20.00,4.80,10.30
6/3/18-9:0:19,841,185,367,39.50,20.10,4.30,6.50
6/3/18-9:1:20,836,194,409,39.60,20.10,4.40,10.70
6/3/18-9:2:21,838,221,417,40.20,20.20,4.10,8.00
6/3/18-9:3:22,838,221,368,40.50,20.30,4.00,9.00
6/3/18-9:4:23,838,191,341,40.00,20.30,4.10,10.70
6/3/18-9:5:24,837,195,357,39.80,20.30,4.20,9.40
6/3/18-9:6:24,837,210,377,39.70,20.40,4.40,12.60
6/3/18-9:7:25,837,210,375,39.80,20.40,4.90,10.70
6/3/18-9:8:26,840,229,415,40.50,20.40,4.40,12.30
6/3/18-9:9:27,838,232,484,39.90,20.50,5.30,12.30
6/3/18-9:10:28,838,216,358,39.80,20.50,4.80,14.30
6/3/18-9:11:29,838,199,356,39.70,20.60,5.60,13.70
6/3/18-9:12:30,837,195,347,39.40,20.60,5.00,10.70
6/3/18-9:13:31,836,195,352,39.70,20.60,5.60,11.90
6/3/18-9:14:32,838,189,377,39.50,20.60,5.20,14.60
6/3/18-9:15:33,838,190,355,39.20,20.60,4.90,9.80
6/3/18-9:16:34,840,182,347,39.80,20.70,5.60,13.00
6/3/18-9:17:35,836,204,416,39.90,20.70,5.20,15.00
6/3/18-9:18:36,836,207,378,40.30,20.70,4.80,11.30
6/3/18-9:19:37,838,179,343,40.10,20.80,4.80,13.00
6/3/18-9:20:38,836,155,337,39.30,20.80,5.20,14.70
6/3/18-9:21:39,836,177,371,39.10,20.80,4.60,9.30
6/3/18-9:22:40,836,189,352,39.90,20.90,5.30,12.70
6/3/18-9:23:41,835,158,344,39.60,20.90,5.50,15.40
6/3/18-9:24:42,838,168,380,39.30,20.90,4.80,18.40
6/3/18-9:25:43,837,170,344,38.90,20.90,5.20,14.00
6/3/18-9:26:44,838,176,373,38.60,21.00,4.20,10.20
6/3/18-9:27:45,838,183,372,38.30,21.00,4.60,11.70
6/3/18-9:28:46,838,161,340,38.90,21.00,4.40,8.80
6/3/18-9:29:47,836,173,411,37.70,21.10,5.00,11.70
6/3/18-9:30:48,837,171,359,37.90,21.10,5.10,9.90
6/3/18-9:31:49,838,134,340,38.20,21.10,4.60,11.20
6/3/18-9:32:50,837,143,344,38.20,21.10,4.20,7.30
6/3/18-9:33:51,838,133,360,36.80,21.20,5.30,10.70
6/3/18-9:34:52,836,136,350,37.10,21.20,4.50,13.20
6/3/18-9:35:53,838,136,385,37.60,21.20,4.60,12.20
6/3/18-9:36:54,838,136,337,38.00,21.30,4.70,9.10
6/3/18-9:37:55,838,124,337,37.80,21.30,5.10,13.60
6/3/18-9:38:56,837,130,347,37.70,21.30,5.20,13.10
6/3/18-9:39:57,837,137,374,38.80,21.30,5.80,13.40
6/3/18-9:40:58,836,151,375,37.80,21.30,5.60,11.10
6/3/18-9:41:59,837,168,394,38.00,21.40,5.60,14.20
6/3/18-9:43:0,836,174,388,38.20,21.40,6.40,34.00
6/3/18-9:44:1,837,157,351,39.00,21.50,5.80,29.10
6/3/18-9:45:2,838,155,378,37.80,21.50,5.60,12.50
6/3/18-9:46:3,837,131,337,37.40,21.50,6.30,11.30
6/3/18-9:47:4,837,145,390,36.60,21.60,6.10,15.80
6/3/18-9:48:5,836,126,337,36.60,21.60,5.00,10.90
6/3/18-9:49:6,837,131,355,36.70,21.60,5.70,20.40
6/3/18-9:50:7,839,127,346,36.40,21.70,5.50,11.70
6/3/18-9:51:8,840,131,337,36.40,21.70,6.20,14.40
6/3/18-9:52:8,840,116,333,36.20,21.70,5.60,11.10
6/3/18-9:53:9,839,129,351,36.00,21.70,6.80,16.30
6/3/18-9:54:10,839,123,344,35.80,21.70,6.70,14.90
6/3/18-9:55:11,839,124,339,35.90,21.70,6.40,13.10
6/3/18-9:56:12,839,138,359,36.90,21.80,6.70,25.30
6/3/18-9:57:13,838,155,389,37.20,21.80,7.20,21.10
6/3/18-9:58:14,837,230,627,37.30,21.80,6.50,15.20
6/3/18-9:59:15,837,216,385,36.70,21.90,6.30,13.10
6/3/18-10:0:16,839,167,385,36.80,21.90,6.70,14.60
6/3/18-10:1:17,839,160,347,36.90,22.00,6.30,15.30
6/3/18-10:2:18,838,139,350,36.90,22.10,6.50,9.80
6/3/18-10:3:19,837,143,426,35.80,22.10,5.80,12.80
6/3/18-10:4:20,837,124,342,35.60,22.10,6.40,14.60
6/3/18-10:5:21,839,130,384,35.70,22.20,6.10,14.00
6/3/18-10:6:22,841,145,388,36.10,22.20,5.60,14.00
6/3/18-10:7:23,838,150,409,36.60,22.30,5.10,10.30
6/3/18-10:8:24,836,133,348,35.30,22.30,4.50,17.30
6/3/18-10:9:25,838,126,344,35.00,22.40,4.30,23.40
6/3/18-10:10:26,839,128,346,35.30,22.40,3.90,7.10
6/3/18-10:11:27,837,123,330,35.90,22.40,3.50,11.00
6/3/18-10:12:28,836,123,344,35.50,22.50,3.70,9.20
6/3/18-10:13:29,838,128,351,35.00,22.50,3.80,10.60
6/3/18-10:14:30,841,126,343,35.20,22.50,3.00,7.60
6/3/18-10:15:31,838,133,378,34.90,22.60,2.80,9.70
6/3/18-10:16:32,838,131,337,35.00,22.70,3.00,9.00
6/3/18-10:17:33,836,146,408,35.60,22.70,3.20,18.00
6/3/18-10:18:34,838,129,366,36.00,22.70,3.20,19.10
6/3/18-10:19:35,837,114,349,34.90,22.80,2.90,6.20
6/3/18-10:20:36,837,127,366,33.90,22.70,2.50,6.90
6/3/18-10:21:37,837,128,350,34.10,22.80,2.60,6.60
6/3/18-10:22:38,837,134,355,34.80,22.80,2.60,7.90
6/3/18-10:23:39,837,128,342,34.70,22.80,3.10,9.10
6/3/18-10:24:40,837,139,405,34.30,22.80,4.00,29.90
6/3/18-10:25:41,836,136,357,34.80,22.80,2.90,10.90
6/3/18-10:26:42,838,119,333,35.00,22.80,2.40,7.10
6/3/18-10:27:43,839,117,361,35.00,22.90,2.40,6.00
6/3/18-10:28:44,838,144,466,34.00,22.80,2.20,5.70
6/3/18-10:29:45,840,128,334,34.20,22.90,2.00,6.70
6/3/18-10:30:46,840,150,384,34.20,22.90,2.50,9.60
6/3/18-10:31:47,838,137,355,34.30,23.00,2.10,11.00
6/3/18-10:32:48,839,168,403,33.80,23.00,2.30,6.20
6/3/18-10:33:49,840,216,477,33.10,23.10,2.30,9.00
6/3/18-10:34:50,839,153,374,34.40,23.10,2.10,4.50
6/3/18-10:35:51,840,148,344,33.40,23.10,1.80,5.80
6/3/18-10:36:52,838,141,350,32.90,23.20,1.60,6.80
6/3/18-10:37:53,840,130,351,33.30,23.20,1.60,6.40
6/3/18-10:38:54,839,121,345,33.10,23.20,2.00,11.10
6/3/18-10:39:54,839,133,343,33.50,23.30,1.40,2.20
6/3/18-10:40:55,839,127,382,33.50,23.30,1.20,4.50
6/3/18-10:41:56,839,131,381,33.20,23.40,1.30,2.40
6/3/18-10:42:57,839,120,354,32.50,23.40,1.70,8.00
6/3/18-10:43:58,837,118,340,32.10,23.40,1.50,5.10
6/3/18-10:44:59,839,112,330,32.70,23.40,1.70,4.30
6/3/18-10:46:0,836,104,331,32.50,23.50,3.00,10.00
6/3/18-10:47:1,838,128,404,32.10,23.50,4.80,11.60
6/3/18-10:48:2,836,170,366,33.00,23.50,7.80,22.50
6/3/18-10:49:3,838,136,334,32.80,23.50,5.10,13.50
6/3/18-10:50:4,838,130,341,33.40,23.50,2.60,6.20
6/3/18-10:51:5,837,119,337,33.70,23.60,4.50,16.60
6/3/18-10:52:6,838,151,394,33.30,23.60,2.00,5.80
6/3/18-10:53:7,839,135,355,31.80,23.70,1.50,6.10
6/3/18-10:54:8,839,129,352,32.20,23.70,1.90,5.80
6/3/18-10:55:9,839,147,504,32.00,23.70,1.30,3.40
6/3/18-10:56:10,839,176,437,31.30,23.80,1.50,3.40
6/3/18-10:57:11,838,140,384,31.20,23.80,1.30,1.50
6/3/18-10:58:12,839,121,343,32.10,23.80,1.30,3.40
6/3/18-10:59:13,840,117,363,32.10,23.80,1.40,3.30
6/3/18-11:0:14,838,131,380,31.60,23.90,1.20,2.60
6/3/18-11:1:15,840,108,326,30.90,23.90,2.00,7.20
6/3/18-11:2:16,840,126,348,31.30,23.90,1.60,10.80
6/3/18-11:3:17,839,115,342,30.60,23.90,1.70,5.80
6/3/18-11:4:18,840,126,373,30.40,23.90,1.60,5.10
6/3/18-11:5:19,838,130,367,31.00,24.00,1.50,4.80
6/3/18-11:6:20,838,154,378,30.90,24.00,1.30,4.10
6/3/18-11:7:21,838,169,390,30.60,24.00,1.40,1.90
6/3/18-11:8:22,837,138,366,29.90,24.00,1.50,2.00
6/3/18-11:9:23,835,130,369,30.40,24.00,1.30,3.60
6/3/18-11:10:24,836,118,328,30.30,24.00,1.20,2.90
6/3/18-11:11:25,837,103,351,29.90,24.10,1.20,1.80
6/3/18-11:12:26,838,118,343,30.70,24.00,1.40,3.30
6/3/18-11:13:27,839,115,342,31.40,24.10,1.90,5.80
6/3/18-11:14:28,839,107,333,31.40,24.10,1.50,3.20
6/3/18-11:15:29,839,135,381,31.10,24.10,1.20,3.20
6/3/18-11:16:30,839,119,362,30.40,24.20,1.40,2.20
6/3/18-11:17:31,840,175,416,31.10,24.20,1.40,2.90
6/3/18-11:18:32,838,155,412,30.10,24.20,1.50,5.20
6/3/18-11:19:33,837,141,436,29.90,24.20,1.40,3.00
6/3/18-11:20:34,837,132,337,31.80,24.20,1.90,4.40
6/3/18-11:21:35,837,119,330,30.80,24.20,1.80,3.10
6/3/18-11:22:36,836,133,386,31.60,24.20,1.60,4.80
6/3/18-11:23:37,837,147,390,31.60,24.30,1.80,4.70
6/3/18-11:24:38,837,128,350,31.40,24.30,2.10,7.30
6/3/18-11:25:39,835,149,405,30.50,24.30,1.70,5.40
6/3/18-11:26:40,838,143,367,30.60,24.40,1.90,6.20
6/3/18-11:27:41,837,160,385,30.20,24.40,1.50,3.00
6/3/18-11:28:42,837,166,394,30.00,24.40,1.80,6.60
6/3/18-11:29:42,838,140,393,30.00,24.50,1.80,5.50
6/3/18-11:30:43,835,134,359,30.10,24.50,2.10,7.80
6/3/18-11:31:44,836,152,421,29.90,24.50,2.40,10.10
6/3/18-11:32:45,837,129,364,30.30,24.50,1.80,4.20
6/3/18-11:33:46,837,153,430,30.00,24.60,1.70,5.00
6/3/18-11:34:47,837,144,395,30.30,24.50,2.00,6.70
6/3/18-11:35:48,836,146,382,30.30,24.60,2.20,7.70
6/3/18-11:36:49,837,167,397,30.50,24.60,2.20,9.10
6/3/18-11:37:50,835,139,369,30.20,24.70,2.10,6.50
6/3/18-11:38:51,835,100,344,30.60,24.70,1.80,6.50
6/3/18-11:39:52,838,122,395,30.90,24.70,1.90,6.90
6/3/18-11:40:53,837,158,402,31.20,24.80,2.10,6.00
6/3/18-11:41:54,837,171,431,30.90,24.80,1.90,4.10
6/3/18-11:42:55,838,152,401,31.00,24.80,1.80,4.80
6/3/18-11:43:56,837,142,397,30.00,24.80,1.90,7.40
6/3/18-11:44:57,839,172,415,30.60,24.90,2.30,4.90
6/3/18-11:45:58,836,140,371,30.60,24.90,1.90,5.70
6/3/18-11:46:59,837,162,404,30.20,24.90,2.80,7.00
6/3/18-11:48:0,837,151,379,30.00,24.90,2.30,4.20
6/3/18-11:49:1,837,161,385,30.20,24.90,3.30,17.40
6/3/18-11:50:2,835,135,383,30.00,25.00,2.20,6.10
6/3/18-11:51:3,836,126,384,30.40,25.00,2.30,5.10
6/3/18-11:52:4,837,129,483,31.70,25.00,2.00,5.50
6/3/18-11:53:5,836,126,376,30.90,25.00,2.10,5.30
6/3/18-11:54:6,839,166,431,31.30,25.00,2.30,6.50
6/3/18-11:55:7,837,137,360,30.20,25.10,2.80,8.70
6/3/18-11:56:8,837,107,357,30.00,25.10,2.50,5.70
6/3/18-11:57:9,837,107,381,30.20,25.10,2.50,5.80
6/3/18-11:58:10,836,121,409,30.60,25.20,2.40,3.50
6/3/18-11:59:11,837,108,382,29.60,25.20,2.90,6.70
6/3/18-12:0:12,840,112,394,29.60,25.20,2.60,4.20
6/3/18-12:1:13,838,125,408,29.40,25.20,2.40,5.60
6/3/18-12:2:14,838,133,377,29.20,25.20,3.10,7.40
6/3/18-12:3:15,838,133,400,29.30,25.30,2.70,7.30
6/3/18-12:4:16,838,140,368,29.20,25.30,2.60,6.00
6/3/18-12:5:17,838,126,401,29.40,25.30,2.60,4.40
6/3/18-12:6:18,837,129,454,29.20,25.30,2.60,6.50
6/3/18-12:7:19,836,114,386,29.20,25.30,2.90,6.60
6/3/18-12:8:20,837,147,416,29.00,25.30,2.90,5.10
6/3/18-12:9:21,836,120,373,28.90,25.30,3.00,5.70
6/3/18-12:10:22,837,119,415,29.30,25.30,3.70,12.90
6/3/18-12:11:23,837,144,411,29.50,25.40,3.90,9.40
6/3/18-12:12:24,835,129,362,30.10,25.50,3.70,8.30
6/3/18-12:13:25,836,106,350,29.80,25.50,3.90,6.60
6/3/18-12:14:26,835,116,408,30.40,25.50,3.80,8.10
6/3/18-12:15:27,836,91,336,29.30,25.50,3.50,11.20
6/3/18-12:16:28,836,119,402,29.90,25.50,3.30,12.50
6/3/18-12:17:29,835,102,346,29.90,25.60,3.50,5.50
6/3/18-12:18:30,836,125,405,29.90,25.60,3.50,4.70
6/3/18-12:19:31,835,119,351,30.00,25.60,3.60,6.80
6/3/18-12:20:32,836,88,359,30.00,25.70,4.00,7.50
6/3/18-12:21:33,836,89,345,29.20,25.70,3.60,5.60
6/3/18-12:22:33,837,88,366,29.50,25.70,3.40,6.20
6/3/18-12:23:34,834,153,435,29.90,25.80,4.00,9.10
6/3/18-12:24:35,834,146,405,29.70,25.80,4.20,14.80
6/3/18-12:25:36,837,140,391,29.00,25.80,4.30,8.80
6/3/18-12:26:37,835,133,392,29.20,25.80,4.50,8.80
6/3/18-12:27:38,835,139,414,29.50,25.80,4.30,7.70
6/3/18-12:28:39,837,143,396,29.60,25.80,4.20,11.40
6/3/18-12:29:40,837,115,417,29.50,25.80,4.30,8.90
6/3/18-12:30:41,837,132,395,29.70,25.90,4.60,8.30
6/3/18-12:31:42,837,150,412,28.50,25.90,5.00,7.00
6/3/18-12:32:43,837,139,440,28.80,25.90,5.10,9.00
6/3/18-12:33:44,836,130,385,28.40,25.90,5.30,6.80
6/3/18-12:34:45,837,120,371,28.50,25.90,5.40,13.80
6/3/18-12:35:46,839,126,386,28.80,25.90,5.20,13.30
6/3/18-12:36:47,838,137,495,28.70,26.00,5.40,9.60
6/3/18-12:37:48,837,140,378,28.50,25.90,5.50,12.10
6/3/18-12:38:49,837,143,426,29.20,25.90,5.20,7.00
6/3/18-12:39:50,836,149,394,29.60,25.90,5.60,14.10
6/3/18-12:40:51,836,102,343,29.50,26.00,5.30,8.90
6/3/18-12:41:52,838,94,364,29.50,26.00,3.80,6.50
6/3/18-12:42:53,836,95,346,29.80,26.10,4.10,9.60
6/3/18-12:43:54,837,148,413,30.10,26.10,3.70,5.20
6/3/18-12:44:55,839,115,352,30.00,26.10,4.80,12.50
6/3/18-12:45:56,837,118,372,29.60,26.20,4.80,7.50
6/3/18-12:46:57,838,142,434,29.50,26.20,5.10,12.80
6/3/18-12:47:58,838,142,413,29.00,26.20,4.60,10.70
6/3/18-12:48:59,838,127,380,29.70,26.20,3.80,6.90
6/3/18-12:50:0,837,109,357,29.90,26.30,4.00,7.10
6/3/18-12:51:1,836,142,399,29.90,26.30,4.10,7.90
6/3/18-12:52:2,836,116,385,29.30,26.30,4.60,7.70
6/3/18-12:53:3,837,117,393,29.10,26.30,4.80,8.20
6/3/18-12:54:4,837,120,400,29.40,26.30,4.00,7.50
6/3/18-12:55:5,836,137,405,29.10,26.20,5.30,15.50
6/3/18-12:56:6,834,145,443,28.70,26.20,4.90,18.80
6/3/18-12:57:7,836,141,415,28.60,26.20,3.90,6.20
6/3/18-12:58:8,836,138,404,28.80,26.20,4.10,9.30
6/3/18-12:59:9,835,138,406,29.10,26.20,3.70,7.40
6/3/18-13:0:10,836,165,476,29.80,26.20,3.70,7.90
6/3/18-13:1:11,836,167,419,29.40,26.20,3.20,5.50
6/3/18-13:2:12,835,183,567,29.50,26.20,3.20,5.40
6/3/18-13:3:13,835,197,422,28.80,26.30,3.40,8.50
6/3/18-13:4:14,835,116,357,28.80,26.30,3.30,5.30
6/3/18-13:5:15,833,165,427,29.40,26.20,3.40,4.90
6/3/18-13:6:16,836,162,407,29.50,26.30,3.60,6.40
6/3/18-13:7:17,837,136,373,29.10,26.30,3.90,8.30
6/3/18-13:8:18,836,121,385,28.60,26.30,3.90,8.30
6/3/18-13:9:19,835,97,365,28.80,26.30,3.90,6.00
6/3/18-13:10:20,836,88,339,28.70,26.20,4.40,10.90
6/3/18-13:11:21,835,107,398,28.80,26.30,4.50,10.20
6/3/18-13:12:22,837,127,384,30.00,26.30,4.10,6.30
6/3/18-13:13:23,837,132,388,29.40,26.30,4.40,5.60
6/3/18-13:14:24,835,162,429,29.70,26.30,4.30,7.60
6/3/18-13:15:25,836,113,347,29.50,26.40,4.40,6.90
6/3/18-13:16:26,834,121,405,29.00,26.40,4.50,7.50
6/3/18-13:17:26,835,136,424,29.80,26.40,4.40,8.70
6/3/18-13:18:27,834,167,420,29.80,26.40,5.10,10.60
6/3/18-13:19:28,835,143,395,29.20,26.40,4.40,11.80
6/3/18-13:20:29,834,155,423,29.00,26.40,4.30,9.50
6/3/18-13:21:30,834,150,411,29.30,26.50,4.30,11.10
6/3/18-13:22:31,835,134,374,29.30,26.50,4.20,7.00
6/3/18-13:23:32,835,105,361,28.90,26.50,4.70,9.80
6/3/18-13:24:33,834,106,401,29.10,26.40,4.60,10.30
6/3/18-13:25:34,835,102,387,29.30,26.40,4.50,8.10
6/3/18-13:26:35,836,118,417,29.60,26.40,4.30,11.80
6/3/18-13:27:36,834,129,383,29.00,26.40,4.10,5.10
6/3/18-13:28:37,835,111,365,29.00,26.40,4.60,9.00
6/3/18-13:29:38,836,115,386,29.20,26.50,4.10,7.80
6/3/18-13:30:39,836,131,407,29.70,26.50,4.20,8.60
6/3/18-13:31:40,835,150,423,29.60,26.40,3.90,8.00
6/3/18-13:32:41,836,115,366,29.50,26.50,4.40,7.00
6/3/18-13:33:42,834,100,375,29.90,26.50,4.30,7.10
6/3/18-13:34:43,834,141,385,30.10,26.50,3.90,9.60
6/3/18-13:35:44,835,117,411,29.00,26.50,3.90,6.20
6/3/18-13:36:45,836,137,383,29.40,26.50,3.60,7.00
6/3/18-13:37:46,834,160,421,29.40,26.50,4.20,10.80
6/3/18-13:38:47,835,172,405,28.80,26.50,4.60,8.90
6/3/18-13:39:48,833,190,454,29.00,26.60,4.00,7.60
6/3/18-13:40:49,835,199,423,29.00,26.60,4.20,9.30
6/3/18-13:41:50,835,167,425,28.80,26.70,3.90,7.40
6/3/18-13:42:51,833,179,435,28.50,26.70,4.00,11.30
6/3/18-13:43:52,834,134,377,28.90,26.70,4.10,8.60
6/3/18-13:44:53,833,142,455,29.20,26.70,4.10,7.40
6/3/18-13:45:54,833,163,407,29.40,26.70,4.20,9.60
6/3/18-13:46:55,835,144,405,29.10,26.70,4.20,6.60
6/3/18-13:47:56,834,154,416,28.90,26.70,4.10,6.60
6/3/18-13:48:57,835,185,445,28.60,26.70,4.40,9.40
6/3/18-13:49:58,834,205,433,29.40,26.80,4.30,7.70
6/3/18-13:50:59,834,173,485,29.30,26.80,3.70,9.50
6/3/18-13:52:0,834,198,456,29.20,26.80,3.90,7.60
6/3/18-13:53:1,836,159,428,29.40,26.90,4.10,9.30
6/3/18-13:54:2,836,169,423,29.40,26.90,4.00,8.60
6/3/18-13:55:3,836,146,427,29.20,26.90,4.10,7.90
6/3/18-13:56:4,834,115,402,29.70,27.00,4.20,6.40
6/3/18-13:57:5,836,91,353,30.50,27.00,4.60,6.80
6/3/18-13:58:6,834,111,388,30.20,27.00,3.70,9.20
6/3/18-13:59:7,836,137,385,30.00,27.00,3.80,7.30
6/3/18-14:0:8,834,169,420,28.80,27.00,3.70,7.90
6/3/18-14:1:9,833,194,450,29.10,27.00,3.90,9.40
6/3/18-14:2:10,834,200,478,29.20,27.00,3.50,13.30
6/3/18-14:3:11,836,173,379,30.00,27.00,3.60,8.90
6/3/18-14:4:12,835,144,422,29.50,27.00,3.60,8.20
6/3/18-14:5:13,839,121,422,29.80,27.10,3.80,6.60
6/3/18-14:6:14,835,151,434,30.40,27.00,3.30,7.20
6/3/18-14:7:15,836,156,433,29.60,27.00,4.60,9.20
6/3/18-14:8:16,839,147,386,29.70,27.00,4.40,12.60
6/3/18-14:9:17,836,154,419,29.50,27.00,4.00,7.80
6/3/18-14:10:18,834,128,397,30.40,27.00,5.10,11.60
6/3/18-14:11:19,836,123,454,29.40,27.00,4.50,7.60
6/3/18-14:12:19,834,132,445,29.10,27.00,4.10,8.10
6/3/18-14:13:20,836,128,378,30.00,27.00,4.20,7.10
6/3/18-14:14:21,835,140,428,29.40,27.00,4.30,9.70
6/3/18-14:15:22,835,147,432,30.50,27.00,4.30,5.40
6/3/18-14:16:23,836,140,417,30.70,27.00,4.70,14.30
6/3/18-14:17:24,834,178,442,30.70,27.00,4.10,8.10
6/3/18-14:18:25,836,156,409,30.40,27.00,3.70,6.60
6/3/18-14:19:26,835,142,425,30.10,27.10,4.00,8.80
6/3/18-14:20:27,835,141,415,29.80,27.10,4.60,7.20
6/3/18-14:21:28,835,123,382,28.40,27.10,4.30,7.00
6/3/18-14:22:29,836,128,404,30.10,27.10,4.80,10.80
6/3/18-14:23:30,835,130,418,29.80,27.10,4.00,7.50
6/3/18-14:24:31,835,141,435,29.30,27.10,4.60,9.00
6/3/18-14:25:32,837,116,387,29.50,27.10,4.60,5.40
6/3/18-14:26:33,834,119,395,30.20,27.10,4.10,7.30
6/3/18-14:27:34,836,131,423,30.00,27.10,4.60,11.50
6/3/18-14:28:35,836,139,417,29.00,27.10,4.00,6.30
6/3/18-14:29:36,836,156,425,29.50,27.10,4.50,11.70
6/3/18-14:30:37,836,143,440,29.10,27.20,3.80,10.00
6/3/18-14:31:38,834,154,433,30.80,27.20,4.40,7.00
6/3/18-14:32:39,835,113,377,29.10,27.20,3.70,6.40
6/3/18-14:33:40,835,120,404,29.10,27.20,4.00,6.40
6/3/18-14:34:41,835,150,412,30.00,27.20,4.50,12.80
6/3/18-14:35:42,835,157,404,30.80,27.30,4.10,5.70
6/3/18-14:36:43,836,122,395,30.30,27.20,4.30,9.60
6/3/18-14:37:44,836,109,420,28.60,27.20,4.20,7.20
6/3/18-14:38:45,838,136,426,29.30,27.20,4.30,11.60
6/3/18-14:39:46,836,104,382,29.60,27.20,4.10,9.30
6/3/18-14:40:47,836,148,419,30.00,27.20,4.10,6.20
6/3/18-14:41:48,836,150,452,29.80,27.20,4.60,9.10
6/3/18-14:42:49,836,162,423,30.20,27.20,4.50,10.10
6/3/18-14:43:50,835,152,412,29.90,27.20,5.10,16.50
6/3/18-14:44:51,837,140,440,29.30,27.20,4.30,10.30
6/3/18-14:45:52,835,147,405,30.60,27.30,4.10,10.40
6/3/18-14:46:53,836,159,451,29.40,27.30,4.00,9.00
6/3/18-14:47:54,834,185,431,29.90,27.30,4.80,9.40
6/3/18-14:48:55,836,181,447,29.60,27.40,4.20,10.80
6/3/18-14:49:56,835,156,473,29.40,27.40,3.90,9.80
6/3/18-14:50:57,834,151,437,30.30,27.40,4.20,8.00
6/3/18-14:51:58,836,160,456,30.10,27.40,4.00,8.70
6/3/18-14:52:59,836,129,393,29.90,27.40,4.00,5.70
6/3/18-14:54:0,836,147,437,29.00,27.40,4.10,10.30
6/3/18-14:55:1,837,151,424,29.00,27.40,4.20,9.40
6/3/18-14:56:2,834,130,413,28.70,27.40,4.50,16.20
6/3/18-14:57:3,835,184,436,29.10,27.40,3.80,12.80
6/3/18-14:58:4,836,176,422,30.20,27.40,3.40,7.50
6/3/18-14:59:5,836,167,429,30.60,27.50,3.70,7.40
6/3/18-15:0:6,835,153,409,28.80,27.50,4.50,14.10
6/3/18-15:1:7,834,144,417,29.00,27.50,3.80,8.80
6/3/18-15:2:8,836,110,412,28.80,27.50,4.00,6.00
6/3/18-15:3:9,836,113,412,29.90,27.40,4.50,8.60
6/3/18-15:4:10,837,134,413,29.90,27.40,4.40,14.40
6/3/18-15:5:11,836,144,424,30.00,27.40,7.70,35.20
6/3/18-15:6:12,835,160,426,30.10,27.50,4.20,12.60
6/3/18-15:7:13,836,131,412,29.40,27.50,4.00,10.30
6/3/18-15:8:14,836,157,435,29.60,27.50,3.40,7.30
6/3/18-15:9:14,837,185,470,29.90,27.50,3.70,10.00
6/3/18-15:10:15,836,173,422,29.50,27.60,4.20,10.40
6/3/18-15:11:16,835,173,465,29.60,27.60,3.50,8.40
6/3/18-15:12:17,837,170,425,29.10,27.60,3.70,14.90
6/3/18-15:13:18,836,171,413,28.50,27.70,3.40,8.60
6/3/18-15:14:19,837,164,410,28.60,27.60,3.10,5.90
6/3/18-15:15:20,836,164,461,28.00,27.70,3.20,12.20
6/3/18-15:16:21,836,191,462,29.10,27.70,3.10,7.40
6/3/18-15:17:22,835,147,403,29.10,27.70,3.10,6.50
6/3/18-15:18:23,837,187,451,29.00,27.70,3.00,8.30
6/3/18-15:19:24,836,121,423,29.40,27.70,3.20,6.20
6/3/18-15:20:25,835,141,419,29.80,27.70,2.70,5.20
6/3/18-15:21:26,835,111,369,30.00,27.70,3.20,7.40
6/3/18-15:22:27,836,148,449,29.80,27.80,3.00,9.50
6/3/18-15:23:28,836,119,381,29.80,27.80,3.40,8.00
6/3/18-15:24:29,836,106,378,30.60,27.80,3.60,8.70
6/3/18-15:25:30,836,200,459,29.80,27.90,3.40,10.20
6/3/18-15:26:31,836,147,399,29.50,27.90,3.40,12.00
6/3/18-15:27:32,836,114,383,28.60,27.90,3.70,15.30
6/3/18-15:28:33,837,100,361,28.70,27.90,3.10,9.20
6/3/18-15:29:34,837,114,427,29.20,27.80,2.70,6.40
6/3/18-15:30:35,835,130,413,29.50,27.80,2.80,11.20
6/3/18-15:31:36,837,143,437,29.40,27.80,2.20,7.60
6/3/18-15:32:37,837,149,428,29.60,27.80,2.60,10.80
6/3/18-15:33:38,837,112,379,28.90,27.80,2.70,9.30
6/3/18-15:34:39,836,115,378,29.80,27.80,2.50,8.00
6/3/18-15:35:40,835,106,382,29.30,27.90,2.40,5.50
6/3/18-15:36:41,837,121,404,29.20,27.90,2.90,10.60
6/3/18-15:37:42,836,174,466,29.70,27.90,2.20,8.90
6/3/18-15:38:43,836,164,427,29.20,27.90,2.40,4.60
6/3/18-15:39:44,836,119,363,28.30,28.00,2.70,6.90
6/3/18-15:40:45,837,106,364,28.90,28.00,2.50,7.50
6/3/18-15:41:46,835,134,415,29.30,28.00,2.30,4.70
6/3/18-15:42:47,837,144,454,29.20,28.00,2.90,8.10
6/3/18-15:43:48,836,149,397,29.40,28.10,2.60,6.00
6/3/18-15:44:49,837,184,430,28.30,28.10,2.30,5.80
6/3/18-15:45:50,837,150,435,29.20,28.10,1.60,3.70
6/3/18-15:46:51,839,175,396,28.60,28.10,2.10,7.10
6/3/18-15:47:52,837,134,392,29.40,28.20,2.20,4.50
6/3/18-15:48:53,837,146,414,29.70,28.20,2.10,4.30
6/3/18-15:49:54,837,112,367,29.80,28.20,2.50,6.70
6/3/18-15:50:55,837,127,431,29.30,28.20,2.30,7.80
6/3/18-15:51:56,835,127,415,30.00,28.20,2.10,8.60
6/3/18-15:52:57,837,110,398,29.70,28.20,2.00,9.20
6/3/18-15:53:58,836,159,456,30.00,28.20,2.00,4.80
6/3/18-15:54:59,836,206,448,29.60,28.30,2.30,7.20
6/3/18-15:56:0,836,180,408,29.70,28.30,2.10,8.40
6/3/18-15:57:1,836,140,381,28.20,28.30,2.00,4.60
6/3/18-15:58:2,837,122,395,29.40,28.30,2.10,5.70
6/3/18-15:59:3,837,178,446,31.10,28.40,2.10,5.30
6/3/18-16:0:4,835,207,436,30.00,28.40,2.00,8.00
6/3/18-16:1:5,836,166,409,29.60,28.40,2.00,6.10
6/3/18-16:2:6,836,170,424,28.30,28.40,2.10,7.00
6/3/18-16:3:7,837,179,390,28.40,28.40,2.60,9.10
6/3/18-16:4:8,837,176,411,27.40,28.40,1.90,7.20
6/3/18-16:5:9,837,187,419,27.70,28.40,1.70,6.20
6/3/18-16:6:10,837,187,429,28.00,28.40,1.80,5.30
6/3/18-16:7:11,837,200,436,27.90,28.40,1.90,5.00
6/3/18-16:8:11,836,146,380,28.00,28.30,1.80,7.50
6/3/18-16:9:12,837,146,424,28.00,28.40,1.60,2.60
6/3/18-16:10:13,837,175,421,28.90,28.40,2.50,4.30
6/3/18-16:11:14,837,210,425,28.30,28.40,1.80,5.80
6/3/18-16:12:15,837,150,382,28.30,28.40,2.10,4.60
6/3/18-16:13:16,837,204,422,29.60,28.40,2.00,5.80
6/3/18-16:14:17,835,207,416,29.60,28.40,1.90,6.50
6/3/18-16:15:18,835,180,416,28.60,28.50,2.00,9.80
6/3/18-16:16:19,837,130,370,28.60,28.50,2.00,5.90
6/3/18-16:17:20,837,109,375,28.30,28.40,1.80,4.80
6/3/18-16:18:21,836,119,392,28.50,28.40,2.00,5.10
6/3/18-16:19:22,836,118,427,28.30,28.30,1.90,8.90
6/3/18-16:20:23,837,121,386,28.60,28.30,1.50,3.90
6/3/18-16:21:24,836,170,443,28.90,28.30,1.70,5.20
6/3/18-16:22:25,837,166,406,28.80,28.30,2.60,18.50
6/3/18-16:23:26,838,145,391,28.60,28.30,2.10,9.90
6/3/18-16:24:27,835,175,436,27.70,28.30,1.70,4.00
6/3/18-16:25:28,837,197,420,28.20,28.30,2.10,6.60
6/3/18-16:26:29,836,212,441,28.30,28.30,2.40,10.60
6/3/18-16:27:30,836,209,417,29.20,28.40,1.80,4.70
6/3/18-16:28:31,837,188,399,28.60,28.40,2.20,5.60
6/3/18-16:29:32,837,176,425,28.10,28.40,1.60,6.60
6/3/18-16:30:33,840,162,396,28.00,28.40,1.60,6.20
6/3/18-16:31:34,836,163,452,28.80,28.30,1.70,7.50
6/3/18-16:32:35,838,153,395,29.60,28.40,1.40,5.80
6/3/18-16:33:36,836,166,506,28.30,28.40,1.60,4.50
6/3/18-16:34:37,836,196,438,28.70,28.40,1.40,2.70
6/3/18-16:35:38,836,199,466,28.60,28.40,1.50,6.70
6/3/18-16:36:39,838,208,472,28.50,28.40,1.90,9.20
6/3/18-16:37:40,839,218,432,28.30,28.50,1.60,4.70
6/3/18-16:38:41,838,184,410,27.90,28.50,1.40,4.70
6/3/18-16:39:42,839,218,512,28.20,28.50,1.80,4.60
6/3/18-16:40:43,838,191,436,29.10,28.50,1.60,4.20
6/3/18-16:41:44,839,144,376,29.30,28.50,2.10,8.90
6/3/18-16:42:45,839,188,431,29.20,28.50,2.00,12.90
6/3/18-16:43:46,839,200,409,28.90,28.60,1.80,6.20
6/3/18-16:44:47,837,174,405,28.30,28.60,1.40,5.60
6/3/18-16:45:48,838,178,417,28.10,28.60,1.70,4.50
6/3/18-16:46:49,837,192,442,30.00,28.60,1.40,5.40
6/3/18-16:47:50,838,205,431,28.80,28.60,1.50,6.00
6/3/18-16:48:51,838,187,472,29.30,28.60,1.70,4.20
6/3/18-16:49:52,836,216,431,29.20,28.70,1.80,4.70
6/3/18-16:50:53,837,146,398,28.20,28.70,1.70,5.90
6/3/18-16:51:54,838,195,441,28.00,28.70,1.60,5.90
6/3/18-16:52:55,836,171,436,28.20,28.80,1.30,3.60
6/3/18-16:53:56,838,164,396,28.50,28.80,2.10,7.00
6/3/18-16:54:57,838,137,389,27.90,28.80,1.60,7.90
6/3/18-16:55:58,839,123,377,28.20,28.80,1.60,5.80
6/3/18-16:56:59,838,159,446,29.50,28.80,1.40,6.50
6/3/18-16:58:0,838,144,393,29.10,28.90,1.70,5.40
6/3/18-16:59:1,840,153,403,28.60,28.90,1.70,5.40
6/3/18-17:0:2,838,193,425,28.30,28.90,1.50,3.80
6/3/18-17:1:3,840,190,439,28.20,28.90,1.80,10.80
6/3/18-17:2:4,841,231,469,27.70,28.90,1.80,6.50
6/3/18-17:3:5,839,220,448,27.60,28.90,1.70,6.70
6/3/18-17:4:6,838,198,459,28.30,28.90,2.20,10.80
6/3/18-17:5:7,840,165,460,27.80,28.90,2.10,11.40
6/3/18-17:6:8,839,154,397,28.80,28.90,2.30,7.60
6/3/18-17:7:9,839,165,419,28.80,28.90,1.60,5.40
6/3/18-17:8:9,839,201,426,29.00,28.90,1.60,5.30
6/3/18-17:9:10,840,158,412,28.50,29.00,1.40,5.40
6/3/18-17:10:11,839,206,483,28.40,28.90,1.70,18.60
6/3/18-17:11:12,839,215,439,28.80,29.00,1.70,5.30
6/3/18-17:12:13,840,212,421,28.50,29.00,1.20,4.60
6/3/18-17:13:14,837,205,471,27.70,29.10,1.50,4.70
6/3/18-17:14:15,839,217,434,28.20,29.10,1.50,3.70
6/3/18-17:15:16,838,226,451,27.10,29.10,1.60,5.90
6/3/18-17:16:17,837,183,424,28.00,29.10,1.60,7.00
6/3/18-17:17:18,839,189,444,28.20,29.00,1.60,6.10
6/3/18-17:18:19,838,197,401,28.40,29.00,1.50,3.60
6/3/18-17:19:20,840,159,396,28.20,29.00,1.60,7.40
6/3/18-17:20:21,839,168,430,28.50,29.00,1.60,5.20
6/3/18-17:21:22,838,159,409,27.80,28.90,1.60,9.20
6/3/18-17:22:23,839,162,402,27.70,29.00,1.20,1.80
6/3/18-17:23:24,839,187,413,28.40,29.00,1.40,6.80
6/3/18-17:24:25,840,171,456,28.10,29.00,1.30,8.00
6/3/18-17:25:26,841,186,437,28.20,29.00,1.60,7.40
6/3/18-17:26:27,840,181,429,28.40,29.00,1.10,6.80
6/3/18-17:27:28,841,178,445,28.70,29.00,1.90,8.00
6/3/18-17:28:29,838,170,397,28.90,29.00,1.60,6.20
6/3/18-17:29:30,838,151,411,27.50,29.00,1.10,3.20
6/3/18-17:30:31,840,150,419,28.60,29.00,1.40,4.80
6/3/18-17:31:32,839,153,428,28.80,29.00,1.40,6.80
6/3/18-17:32:33,839,140,407,29.10,29.00,1.20,4.10
6/3/18-17:33:34,840,212,454,29.10,29.00,1.20,4.30
6/3/18-17:34:35,839,206,426,28.10,29.10,1.30,5.80
6/3/18-17:35:36,840,190,404,28.30,29.10,1.30,5.40
6/3/18-17:36:37,841,178,397,27.90,29.20,1.10,4.40
6/3/18-17:37:38,839,230,449,27.90,29.20,1.30,6.50
6/3/18-17:38:39,839,222,429,28.20,29.30,1.30,5.80
6/3/18-17:39:40,841,187,398,28.20,29.30,1.50,3.80
6/3/18-17:40:41,841,243,410,27.80,29.30,1.50,5.50
6/3/18-17:41:42,841,279,433,27.80,29.30,1.20,3.30
6/3/18-17:42:43,841,239,457,27.60,29.40,1.30,5.20
6/3/18-17:43:44,842,284,517,27.20,29.40,1.30,3.10
6/3/18-17:44:45,839,280,506,27.60,29.50,1.70,4.50
6/3/18-17:45:46,839,304,458,28.40,29.50,1.60,7.30
6/3/18-17:46:47,841,293,482,28.10,29.50,1.60,6.40
6/3/18-17:47:48,839,210,408,27.90,29.60,1.40,5.30
6/3/18-17:48:49,838,185,428,27.60,29.60,1.50,7.10
6/3/18-17:49:50,841,302,451,27.10,29.60,1.60,8.00
6/3/18-17:50:51,840,268,441,27.80,29.70,1.30,3.50
6/3/18-17:51:52,838,272,472,27.90,29.80,1.10,2.60
6/3/18-17:52:53,838,281,515,27.90,29.90,1.40,5.70
6/3/18-17:53:54,839,259,458,27.60,30.00,1.40,4.00
6/3/18-17:54:55,838,299,520,27.40,30.00,1.40,5.70
6/3/18-17:55:56,842,242,434,26.80,30.10,1.50,3.50
6/3/18-17:56:57,839,264,457,26.80,30.20,1.70,5.90
6/3/18-17:57:58,839,278,473,26.60,30.30,1.30,4.00
6/3/18-17:58:59,840,280,442,27.00,30.40,1.20,2.90
6/3/18-18:0:0,840,235,404,26.30,30.40,1.30,3.70
6/3/18-18:1:1,840,238,432,25.90,30.50,1.40,5.20
6/3/18-18:2:2,839,212,423,26.50,30.50,1.20,8.60
6/3/18-18:3:3,840,228,437,26.40,30.40,1.10,5.50
6/3/18-18:4:4,840,283,517,26.70,30.50,1.30,4.90
6/3/18-18:5:5,839,283,446,26.70,30.50,1.10,4.20
6/3/18-18:6:6,839,234,426,26.40,30.50,1.40,3.80
6/3/18-18:7:7,839,225,429,26.30,30.60,1.10,3.40
6/3/18-18:8:8,839,248,431,25.80,30.70,1.40,7.40
6/3/18-18:9:9,839,239,411,26.00,30.70,1.30,6.20
6/3/18-18:10:9,837,226,458,25.80,30.70,1.40,5.90
6/3/18-18:11:10,836,280,480,26.00,30.70,1.30,4.90
6/3/18-18:12:11,838,258,432,25.60,30.60,1.40,8.40
6/3/18-18:13:12,836,230,419,25.90,30.70,1.10,6.50
6/3/18-18:14:13,839,246,465,25.90,30.60,1.60,5.60
6/3/18-18:15:14,838,199,421,26.00,30.70,1.40,5.70
6/3/18-18:16:15,838,186,397,26.10,30.60,1.40,5.30
6/3/18-18:17:16,838,226,462,26.10,30.60,1.70,6.60
6/3/18-18:18:17,839,249,412,26.10,30.70,1.10,4.20
6/3/18-18:19:18,838,210,407,25.40,30.60,1.20,5.00
6/3/18-18:20:19,839,224,442,25.40,30.70,1.40,4.50
6/3/18-18:21:20,838,180,391,25.90,30.70,1.30,5.60
6/3/18-18:22:21,839,186,408,25.40,30.50,1.40,5.10
6/3/18-18:23:22,840,243,480,26.00,30.50,1.30,8.60
6/3/18-18:24:23,840,291,456,26.00,30.50,1.30,5.40
6/3/18-18:25:24,840,264,430,26.10,30.50,1.30,3.40
6/3/18-18:26:25,839,259,431,25.90,30.50,1.70,10.20
6/3/18-18:27:26,839,238,431,25.70,30.50,1.30,6.90
6/3/18-18:28:27,838,269,452,26.30,30.60,2.30,25.10
6/3/18-18:29:28,839,244,417,25.80,30.60,1.90,15.90
6/3/18-18:30:29,840,220,434,25.70,30.60,1.50,4.80
6/3/18-18:31:30,840,208,428,25.50,30.50,1.60,4.90
6/3/18-18:32:31,840,224,455,26.10,30.50,1.30,4.70
6/3/18-18:33:32,840,266,478,26.40,30.40,1.30,4.20
6/3/18-18:34:33,840,260,455,25.40,30.50,1.30,3.70
6/3/18-18:35:34,841,237,427,26.20,30.50,1.10,3.70
6/3/18-18:36:35,840,192,421,26.20,30.50,1.70,3.90
6/3/18-18:37:36,841,200,413,26.10,30.40,1.40,6.20
6/3/18-18:38:37,838,186,398,26.10,30.40,1.00,4.50
6/3/18-18:39:38,838,191,395,26.20,30.40,1.50,2.20
6/3/18-18:40:39,840,238,447,26.40,30.40,1.30,5.50
6/3/18-18:41:40,840,238,460,26.60,30.40,1.10,5.60
6/3/18-18:42:41,838,241,415,25.90,30.40,1.30,4.40
6/3/18-18:43:42,839,265,437,26.20,30.40,1.20,6.70
6/3/18-18:44:43,840,269,451,26.30,30.40,1.60,10.70
6/3/18-18:45:44,839,246,434,26.00,30.40,1.30,4.00
6/3/18-18:46:45,838,250,435,26.20,30.40,1.30,3.10
6/3/18-18:47:46,838,224,430,26.50,30.50,1.20,3.50
6/3/18-18:48:47,838,241,427,25.80,30.50,1.20,6.80
6/3/18-18:49:48,838,257,486,26.00,30.50,1.10,4.20
6/3/18-18:50:49,838,264,448,26.50,30.60,1.20,2.60
6/3/18-18:51:50,838,223,426,25.60,30.60,1.50,3.90
6/3/18-18:52:51,835,255,460,25.80,30.60,1.40,4.10
6/3/18-18:53:52,837,220,401,25.50,30.60,1.10,6.00
6/3/18-18:54:53,836,198,401,25.80,30.70,1.50,9.60
6/3/18-18:55:54,838,208,486,26.00,30.70,1.40,8.10
6/3/18-18:56:55,837,229,426,25.70,30.70,1.40,5.00
6/3/18-18:57:56,835,213,454,26.30,30.70,1.30,4.80
6/3/18-18:58:57,835,243,413,26.40,30.70,1.50,4.60
6/3/18-18:59:58,835,206,425,25.80,30.70,1.90,7.90
6/3/18-19:0:59,836,212,405,26.10,30.70,1.30,7.60
6/3/18-19:2:0,836,199,387,25.90,30.70,1.20,3.60
6/3/18-19:3:1,835,207,417,26.50,30.70,1.80,21.30
6/3/18-19:4:2,835,217,407,26.10,30.70,1.20,3.30
6/3/18-19:5:3,837,211,392,26.10,30.70,1.50,6.70
6/3/18-19:6:4,837,198,395,26.30,30.60,1.50,6.70
6/3/18-19:7:5,835,214,411,26.20,30.60,1.40,5.10
6/3/18-19:8:6,835,238,410,26.10,30.50,2.00,22.10
6/3/18-19:9:7,836,247,446,26.10,30.50,1.40,3.90
6/3/18-19:10:8,834,265,422,26.60,30.40,1.80,7.90
6/3/18-19:11:9,837,253,442,25.60,30.30,1.40,6.20
6/3/18-19:12:10,836,262,435,25.70,30.20,1.40,3.60
6/3/18-19:13:11,835,240,441,26.30,30.10,1.30,6.40
6/3/18-19:14:12,837,216,410,26.40,30.00,1.40,4.20
6/3/18-19:15:13,836,200,396,26.60,29.90,1.20,4.20
6/3/18-19:16:13,836,227,401,27.00,29.70,2.70,35.90
6/3/18-19:17:14,837,212,399,26.30,29.70,2.70,29.00
6/3/18-19:18:15,836,225,405,27.10,29.60,1.50,9.80
6/3/18-19:19:16,835,214,415,28.20,29.60,1.70,12.90
6/3/18-19:20:17,836,212,401,28.10,29.40,2.20,12.90
6/3/18-19:21:18,834,235,433,28.40,29.40,1.90,8.50
6/3/18-19:22:19,837,220,408,28.00,29.30,1.70,6.40
6/3/18-19:23:20,836,209,394,28.70,29.30,2.30,11.00
6/3/18-19:24:21,835,224,424,28.60,29.20,1.50,4.40
6/3/18-19:25:22,837,223,411,29.40,29.10,1.80,6.60
6/3/18-19:26:23,838,246,425,29.00,29.00,1.80,5.90
6/3/18-19:27:24,840,265,473,28.20,28.90,1.80,7.30
6/3/18-19:28:25,838,255,460,27.20,28.90,1.40,3.90
6/3/18-19:29:26,840,232,445,27.20,28.80,1.40,5.40
6/3/18-19:30:27,839,262,472,28.10,28.70,1.40,4.50
6/3/18-19:31:28,838,269,452,28.70,28.70,1.20,2.60
6/3/18-19:32:29,836,271,447,28.70,28.60,1.30,4.90
6/3/18-19:33:30,839,262,451,28.40,28.60,1.50,8.40
6/3/18-19:34:31,839,253,416,28.20,28.50,1.60,7.60
6/3/18-19:35:32,838,276,445,30.00,28.50,1.80,6.00
6/3/18-19:36:33,839,280,452,29.20,28.40,1.40,3.50
6/3/18-19:37:34,835,251,411,29.20,28.40,1.60,6.90
6/3/18-19:38:35,836,219,403,29.30,28.40,1.50,2.70
6/3/18-19:39:36,836,245,433,29.20,28.40,1.60,5.30
6/3/18-19:40:37,833,251,402,30.70,28.30,1.80,8.50
6/3/18-19:41:38,834,262,415,30.10,28.20,1.80,5.10
6/3/18-19:42:39,833,245,405,30.30,28.20,1.50,4.90
6/3/18-19:43:40,835,215,390,30.30,28.20,1.60,5.10
6/3/18-19:44:41,834,215,398,30.00,28.20,1.20,6.40
6/3/18-19:45:42,833,265,444,30.30,28.10,1.60,10.50
6/3/18-19:46:43,835,259,401,30.10,28.10,1.60,6.50
6/3/18-19:47:44,834,236,391,30.10,28.10,1.50,6.10
6/3/18-19:48:45,834,233,391,30.70,28.00,1.40,5.20
6/3/18-19:49:46,837,231,393,31.00,28.00,1.80,8.60
6/3/18-19:50:47,837,235,391,30.20,28.00,1.70,6.80
6/3/18-19:51:48,836,227,387,30.50,27.90,1.40,7.70
6/3/18-19:52:49,836,223,383,30.60,27.90,1.50,4.10
6/3/18-19:53:50,834,229,389,30.50,27.80,1.50,6.20
6/3/18-19:54:51,836,246,392,30.50,27.70,1.70,7.00
6/3/18-19:55:52,835,241,394,30.40,27.70,1.60,8.00
6/3/18-19:56:53,839,239,392,30.40,27.70,1.90,7.10
6/3/18-19:57:54,838,258,397,30.50,27.60,1.90,8.20
6/3/18-19:58:55,837,259,393,30.60,27.50,2.00,7.90
6/3/18-19:59:56,837,253,395,30.70,27.50,2.30,12.10
6/3/18-20:0:57,836,257,391,31.00,27.50,2.00,10.10
6/3/18-20:1:58,837,260,394,31.70,27.40,2.20,9.20
6/3/18-20:2:59,837,266,399,31.40,27.30,1.80,7.30
6/3/18-20:4:0,837,267,394,31.40,27.30,1.80,6.90
6/3/18-20:5:1,836,261,393,31.40,27.20,2.00,7.30
6/3/18-20:6:2,836,264,396,31.50,27.20,2.00,10.00
6/3/18-20:7:3,838,262,392,31.80,27.10,2.40,9.80
6/3/18-20:8:4,835,269,398,32.40,27.00,1.90,6.80
6/3/18-20:9:5,836,277,398,32.50,27.00,2.20,10.30
6/3/18-20:10:6,835,292,406,32.30,27.00,3.50,17.00
6/3/18-20:11:7,835,288,395,32.30,26.90,2.90,12.10
6/3/18-20:12:8,837,292,405,32.50,26.80,2.30,9.80
6/3/18-20:13:9,837,288,400,32.70,26.80,2.60,7.80
6/3/18-20:14:10,836,278,393,33.30,26.70,2.80,9.80
6/3/18-20:15:10,834,289,405,33.00,26.70,3.10,11.90
6/3/18-20:16:11,835,283,401,33.40,26.70,2.50,9.80
6/3/18-20:17:12,834,281,401,32.90,26.70,2.60,14.00
6/3/18-20:18:13,836,275,398,33.00,26.60,2.50,10.70
6/3/18-20:19:14,835,271,399,32.70,26.60,2.10,8.50
6/3/18-20:20:15,837,264,391,32.80,26.50,2.10,7.10
6/3/18-20:21:16,834,277,407,33.00,26.50,2.30,7.50
6/3/18-20:22:17,833,279,399,33.10,26.40,2.30,8.10
6/3/18-20:23:18,836,276,395,33.20,26.40,2.40,7.40
6/3/18-20:24:19,836,278,402,33.20,26.30,1.90,5.30
6/3/18-20:25:20,835,282,400,33.50,26.30,3.00,11.10
6/3/18-20:26:21,836,280,402,33.90,26.30,3.00,9.90
6/3/18-20:27:22,836,277,397,33.70,26.20,2.40,6.90
6/3/18-20:28:23,835,282,400,33.20,26.10,2.30,7.90
6/3/18-20:29:24,835,285,402,33.90,26.10,2.50,11.00
6/3/18-20:30:25,834,290,403,34.00,26.10,2.50,8.70
6/3/18-20:31:26,836,289,397,34.30,26.10,3.20,20.70
6/3/18-20:32:27,836,290,402,34.30,26.10,2.80,12.30
6/3/18-20:33:28,836,287,399,34.70,26.00,2.70,11.10
6/3/18-20:34:29,835,294,408,35.30,26.00,2.90,9.80
6/3/18-20:35:30,836,287,403,34.30,25.90,3.10,11.50
6/3/18-20:36:31,836,284,399,34.60,25.90,2.80,9.70
6/3/18-20:37:32,835,294,408,34.60,25.90,3.20,8.90
6/3/18-20:38:33,836,287,408,35.20,25.90,3.20,14.60
6/3/18-20:39:34,836,289,406,34.60,25.80,3.10,10.70
6/3/18-20:40:35,834,289,404,34.60,25.80,3.30,10.40
6/3/18-20:41:36,835,283,394,34.90,25.80,2.60,11.40
6/3/18-20:42:37,836,281,405,34.60,25.80,3.10,9.30
6/3/18-20:43:38,836,286,405,34.70,25.70,2.70,12.50
6/3/18-20:44:39,836,287,404,34.90,25.70,3.10,11.00
6/3/18-20:45:40,836,281,395,35.30,25.70,3.00,12.30
6/3/18-20:46:41,837,277,397,35.00,25.70,2.80,10.20
6/3/18-20:47:42,836,285,401,35.50,25.60,2.90,10.70
6/3/18-20:48:43,835,283,401,36.00,25.60,2.90,12.50
6/3/18-20:49:44,836,292,409,35.60,25.60,3.20,13.30
6/3/18-20:50:45,838,299,415,35.50,25.50,2.80,12.30
6/3/18-20:51:46,837,299,413,35.50,25.50,3.40,10.10
6/3/18-20:52:47,838,301,416,35.80,25.50,3.20,9.30
6/3/18-20:53:48,837,305,419,35.60,25.50,2.70,11.00
6/3/18-20:54:49,837,300,417,36.00,25.40,3.20,11.70
6/3/18-20:55:50,837,305,425,36.40,25.40,2.80,8.40
6/3/18-20:56:51,837,303,424,36.70,25.40,3.60,12.20
6/3/18-20:57:52,838,303,422,36.70,25.40,3.20,16.70
6/3/18-20:58:53,836,308,428,36.50,25.40,3.10,13.90
6/3/18-20:59:54,838,306,428,37.20,25.40,4.10,12.20
6/3/18-21:0:55,835,310,434,37.20,25.40,2.90,9.00
6/3/18-21:1:56,835,309,426,37.40,25.30,3.90,16.80
6/3/18-21:2:57,837,309,433,37.50,25.20,3.40,13.50
6/3/18-21:3:58,836,322,438,37.10,25.20,3.90,16.10
6/3/18-21:4:59,837,321,437,37.30,25.20,3.90,14.30
6/3/18-21:6:0,836,318,434,37.80,25.20,4.30,11.40
6/3/18-21:7:1,838,318,437,37.50,25.20,4.00,14.50
6/3/18-21:8:2,837,315,428,37.50,25.10,5.00,18.20
6/3/18-21:9:2,840,321,436,37.60,25.10,7.20,45.10
6/3/18-21:10:3,837,326,439,37.30,25.10,5.20,26.00
6/3/18-21:11:4,836,330,436,37.60,25.10,6.60,38.10
6/3/18-21:12:5,836,331,438,37.80,25.00,6.80,50.90
6/3/18-21:13:6,837,326,436,37.90,24.90,6.20,40.20
6/3/18-21:14:7,836,331,444,37.80,25.00,6.50,22.20
6/3/18-21:15:8,837,329,443,38.20,24.90,5.40,25.90
6/3/18-21:16:9,836,333,439,38.40,24.90,5.60,18.20
6/3/18-21:17:10,837,333,441,38.50,24.90,6.00,24.90
6/3/18-21:18:11,837,334,441,38.50,24.90,5.80,27.60
6/3/18-21:19:12,838,344,451,38.30,24.80,7.80,30.50
6/3/18-21:20:13,839,348,453,38.60,24.80,7.20,26.20
6/3/18-21:21:14,837,346,449,38.60,24.80,7.20,26.00
6/3/18-21:22:15,838,344,447,39.20,24.80,8.60,32.60
6/3/18-21:23:16,836,342,444,39.60,24.70,7.90,27.40
6/3/18-21:24:17,839,340,446,39.30,24.70,7.90,27.40
6/3/18-21:25:18,838,345,441,39.80,24.70,7.80,27.60
6/3/18-21:26:19,836,353,449,40.00,24.70,6.90,28.20
6/3/18-21:27:20,837,350,441,40.50,24.60,7.70,32.80
6/3/18-21:28:21,837,348,439,40.10,24.60,8.50,27.30
6/3/18-21:29:22,838,350,443,39.80,24.60,8.60,31.60
6/3/18-21:30:23,835,349,439,40.10,24.60,7.90,30.40
6/3/18-21:31:24,835,349,441,39.70,24.50,7.90,34.70
6/3/18-21:32:25,836,349,439,40.10,24.50,7.40,26.90
6/3/18-21:33:26,836,352,445,40.40,24.50,7.10,27.10
6/3/18-21:34:27,841,351,444,40.00,24.40,6.40,25.20
6/3/18-21:35:28,837,350,437,40.70,24.40,6.80,23.90
6/3/18-21:36:29,837,338,435,41.30,24.40,6.40,27.40
6/3/18-21:37:30,837,333,438,41.70,24.30,6.60,34.90
6/3/18-21:38:31,837,337,440,41.50,24.30,7.30,34.80
6/3/18-21:39:32,838,343,441,41.20,24.20,9.00,32.40
6/3/18-21:40:33,836,348,454,42.90,24.20,9.70,29.30
6/3/18-21:41:34,836,355,455,42.20,24.10,11.40,34.40
6/3/18-21:42:35,838,353,444,42.00,24.10,10.70,25.80
6/3/18-21:43:36,836,355,443,42.10,24.10,10.60,33.90
6/3/18-21:44:37,836,352,452,43.70,24.20,11.20,38.00
6/3/18-21:45:38,837,343,441,41.70,24.20,9.20,22.40
6/3/18-21:46:39,837,342,439,41.70,24.20,9.80,26.50
6/3/18-21:47:40,837,347,441,41.70,24.20,9.70,24.90
6/3/18-21:48:41,838,351,442,41.60,24.30,9.40,34.90
6/3/18-21:49:42,841,349,446,41.80,24.30,8.70,23.80
6/3/18-21:50:43,838,350,445,42.10,24.30,8.30,23.60
6/3/18-21:51:44,838,347,441,41.70,24.30,7.20,21.00
6/3/18-21:52:45,839,347,445,41.50,24.20,7.20,19.10
6/3/18-21:53:46,840,344,442,41.40,24.20,7.60,18.10
6/3/18-21:54:47,836,350,439,41.50,24.20,7.10,19.60
6/3/18-21:55:48,838,346,437,41.60,24.20,7.30,19.90
6/3/18-21:56:49,838,342,432,41.40,24.20,6.40,17.60
6/3/18-21:57:50,839,343,433,41.50,24.20,6.10,13.50
6/3/18-21:58:51,838,338,431,41.30,24.10,7.00,18.30
6/3/18-21:59:51,839,332,425,41.10,24.10,6.00,15.40
6/3/18-22:0:52,838,334,428,40.90,24.10,5.80,18.00
6/3/18-22:1:53,838,333,425,40.90,24.10,5.40,14.80
6/3/18-22:2:54,838,331,422,40.30,24.00,6.30,15.00
6/3/18-22:3:55,838,337,431,41.10,24.00,5.80,18.60
6/3/18-22:4:56,837,342,433,41.30,24.00,6.30,18.60
6/3/18-22:5:57,838,341,436,41.30,24.00,7.00,18.10
6/3/18-22:6:58,838,335,430,41.70,24.00,8.00,21.10
6/3/18-22:7:59,838,338,426,41.60,23.90,8.80,19.00
6/3/18-22:9:0,838,337,429,42.00,23.90,8.00,20.30
6/3/18-22:10:1,837,341,432,41.00,23.90,9.30,19.70
6/3/18-22:11:2,837,338,427,40.20,23.90,9.60,23.70
6/3/18-22:12:3,837,333,421,42.00,23.90,8.60,15.10
6/3/18-22:13:4,837,333,420,41.10,23.80,9.50,18.40
6/3/18-22:14:5,836,336,423,42.20,23.80,8.20,19.50
6/3/18-22:15:6,837,334,422,41.30,23.80,9.00,22.80
6/3/18-22:16:7,835,338,422,41.50,23.80,7.80,17.00
6/3/18-22:17:8,836,336,423,41.60,23.80,7.90,17.70
6/3/18-22:18:9,836,333,418,41.40,23.70,7.20,16.70
6/3/18-22:19:10,835,334,417,40.30,23.70,7.30,20.10
6/3/18-22:20:11,836,328,409,40.40,23.70,6.70,12.60
6/3/18-22:21:12,837,335,417,39.90,23.70,6.50,12.60
6/3/18-22:22:13,835,329,404,40.50,23.70,5.20,14.00
6/3/18-22:23:14,836,323,402,39.60,23.70,5.00,11.10
6/3/18-22:24:15,836,320,401,39.10,23.60,4.40,13.60
6/3/18-22:25:16,835,326,404,39.60,23.60,4.30,10.20
6/3/18-22:26:17,835,320,399,39.50,23.60,3.90,7.20
6/3/18-22:27:18,834,326,408,39.50,23.60,3.90,9.70
6/3/18-22:28:19,835,315,396,39.70,23.60,3.80,11.20
6/3/18-22:29:20,835,314,398,39.30,23.60,3.30,7.60
6/3/18-22:30:21,836,308,395,39.50,23.60,3.50,12.60
6/3/18-22:31:22,836,314,398,39.70,23.50,4.50,10.50
6/3/18-22:32:23,836,316,402,40.10,23.50,4.30,13.80
6/3/18-22:33:24,835,324,405,40.20,23.50,4.80,11.00
6/3/18-22:34:25,837,325,409,40.20,23.40,4.20,7.70
6/3/18-22:35:26,837,323,400,40.50,23.40,4.60,8.60
6/3/18-22:36:27,837,322,404,40.60,23.40,4.80,10.70
6/3/18-22:37:28,837,327,408,40.10,23.40,4.30,10.50
6/3/18-22:38:29,835,327,402,40.10,23.40,4.40,9.40
6/3/18-22:39:30,836,330,412,40.00,23.40,4.30,13.10
6/3/18-22:40:31,837,325,407,40.70,23.40,3.40,7.10
6/3/18-22:41:32,836,327,411,40.40,23.30,4.30,12.10
6/3/18-22:42:33,836,321,399,40.40,23.30,3.70,11.40
6/3/18-22:43:34,834,329,410,40.00,23.30,3.20,5.90
6/3/18-22:44:35,835,324,401,39.70,23.30,3.20,8.30
6/3/18-22:45:36,837,315,395,39.50,23.30,3.10,7.30
6/3/18-22:46:37,837,313,400,39.50,23.30,3.20,8.20
6/3/18-22:47:38,836,321,406,39.40,23.30,3.10,7.50
6/3/18-22:48:39,835,320,401,39.20,23.30,3.20,7.80
6/3/18-22:49:39,837,316,402,39.10,23.30,3.00,6.90
6/3/18-22:50:40,837,307,389,39.60,23.30,3.00,5.50
6/3/18-22:51:41,835,315,400,39.70,23.20,2.90,6.40
6/3/18-22:52:42,836,314,401,39.50,23.20,3.10,4.80
6/3/18-22:53:43,837,316,399,45.60,23.20,3.20,7.10
6/3/18-22:54:44,836,309,394,43.90,23.20,2.90,10.40
6/3/18-22:55:45,837,309,396,45.00,23.20,2.60,8.10
6/3/18-22:56:46,836,312,397,45.70,23.20,3.00,6.30
6/3/18-22:57:47,836,313,402,43.90,23.20,3.00,5.50
6/3/18-22:58:48,836,313,394,44.70,23.10,2.70,5.10
6/3/18-22:59:49,836,311,396,44.60,23.10,3.10,9.40
6/3/18-23:0:50,836,314,401,46.90,23.10,2.70,8.80
6/3/18-23:1:51,836,314,400,44.30,23.10,3.00,4.10
6/3/18-23:2:52,837,309,391,44.50,23.10,3.00,6.80
6/3/18-23:3:53,835,312,395,45.20,23.10,2.90,6.50
6/3/18-23:4:54,836,306,396,44.30,23.10,2.70,6.10
6/3/18-23:5:55,837,310,398,45.40,23.10,3.30,7.00
6/3/18-23:6:56,835,309,397,44.40,23.10,2.80,6.30
6/3/18-23:7:57,836,308,393,44.20,23.00,3.30,9.10
6/3/18-23:8:58,834,315,398,43.70,23.00,3.00,7.80
6/3/18-23:9:59,835,309,395,44.70,23.00,3.50,8.90
6/3/18-23:11:0,836,305,392,44.20,23.00,2.80,6.50
6/3/18-23:12:1,836,303,387,45.50,23.00,3.80,8.30
6/3/18-23:13:2,836,306,394,45.90,23.00,3.40,7.90
6/3/18-23:14:3,837,306,394,45.90,22.90,3.80,7.40
6/3/18-23:15:4,836,300,390,45.60,22.90,3.90,9.00
6/3/18-23:16:5,836,302,395,45.30,22.90,4.30,8.90
6/3/18-23:17:6,837,305,394,45.40,22.90,4.70,8.00
6/3/18-23:18:7,835,300,390,44.70,22.90,5.50,12.40
6/3/18-23:19:8,837,295,389,44.40,22.90,5.50,12.70
6/3/18-23:20:9,836,300,389,44.20,22.80,5.10,10.10
6/3/18-23:21:10,836,304,399,45.20,22.80,4.90,14.70
6/3/18-23:22:11,836,306,397,46.00,22.80,5.20,12.20
6/3/18-23:23:12,838,310,400,46.30,22.80,4.90,12.00
6/3/18-23:24:13,836,310,399,46.60,22.80,5.30,9.50
6/3/18-23:25:14,835,311,402,45.60,22.80,4.30,11.60
6/3/18-23:26:15,835,307,397,45.70,22.80,5.00,13.00
6/3/18-23:27:16,837,311,399,46.40,22.80,4.90,12.60
6/3/18-23:28:17,835,325,410,45.90,22.80,5.00,12.40
6/3/18-23:29:18,837,317,405,46.20,22.80,4.80,13.80
6/3/18-23:30:19,837,318,407,48.70,22.80,5.00,13.10
6/3/18-23:31:20,835,323,409,48.70,22.70,4.90,14.20
6/3/18-23:32:21,837,320,403,46.80,22.70,4.50,14.20
6/3/18-23:33:22,835,322,406,47.60,22.70,4.70,15.00
6/3/18-23:34:23,837,321,408,49.60,22.70,4.50,10.70
6/3/18-23:35:24,837,325,415,47.90,22.70,4.20,11.20
6/3/18-23:36:25,837,326,415,46.90,22.70,4.50,9.90
6/3/18-23:37:26,837,323,409,48.30,22.60,5.10,11.40
6/3/18-23:38:26,837,328,411,47.40,22.60,4.70,9.30
6/3/18-23:39:27,837,333,415,49.10,22.70,4.80,11.10
6/3/18-23:40:28,837,330,412,49.60,22.60,5.00,11.10
6/3/18-23:41:29,836,334,417,50.20,22.60,5.20,14.80
6/3/18-23:42:30,837,334,417,50.30,22.70,5.00,19.40
6/3/18-23:43:31,837,332,414,50.60,22.60,5.20,12.10
6/3/18-23:44:32,838,326,411,49.00,22.60,5.30,12.90
6/3/18-23:45:33,836,339,424,48.60,22.70,5.10,16.00
6/3/18-23:46:34,836,336,421,50.00,22.60,5.20,17.00
6/3/18-23:47:35,838,332,418,49.10,22.60,5.10,11.60
6/3/18-23:48:36,837,334,414,49.20,22.60,5.00,15.40
6/3/18-23:49:37,840,333,417,51.70,22.60,5.00,13.20
6/3/18-23:50:38,837,329,410,49.40,22.60,5.00,11.30
6/3/18-23:51:39,838,324,412,49.20,22.60,4.10,8.70
6/3/18-23:52:40,838,330,415,49.30,22.60,5.00,17.30
6/3/18-23:53:41,841,335,417,48.10,22.60,4.30,12.30
6/3/18-23:54:42,838,328,405,50.40,22.60,3.70,11.30
6/3/18-23:55:43,838,325,406,49.40,22.60,4.00,14.20
6/3/18-23:56:44,836,326,402,48.70,22.60,4.70,14.10
6/3/18-23:57:45,838,321,400,48.90,22.50,4.20,13.10
6/3/18-23:58:46,839,324,407,50.90,22.50,4.10,13.00
6/3/18-23:59:47,839,321,395,49.90,22.50,4.30,13.50
