Hora,O3,NO2,CO,Humedad,Temperatura,P25,P10
25/2/18-0:0:55,848,392,460,82.70,18.80,14.10,20.50
25/2/18-0:1:56,847,394,461,79.50,18.80,13.00,16.60
25/2/18-0:2:57,847,394,461,82.10,18.80,13.30,22.50
25/2/18-0:3:58,848,390,461,81.10,18.80,13.60,18.70
25/2/18-0:4:59,848,392,465,79.60,18.80,13.50,19.30
25/2/18-0:6:0,848,388,460,79.20,18.90,14.30,21.80
25/2/18-0:7:1,847,392,462,80.70,18.80,13.20,18.20
25/2/18-0:8:2,848,395,457,79.60,18.90,13.40,23.00
25/2/18-0:9:3,848,393,459,80.10,18.80,13.40,17.90
25/2/18-0:10:4,847,395,460,81.40,18.80,13.70,20.00
25/2/18-0:11:5,848,398,462,79.20,18.80,12.90,20.60
25/2/18-0:12:6,849,401,466,79.80,18.80,13.60,24.50
25/2/18-0:13:7,848,398,465,81.60,18.80,14.80,21.60
25/2/18-0:14:8,847,400,472,79.70,18.90,14.40,19.20
25/2/18-0:15:9,847,396,466,80.80,18.80,15.70,21.70
25/2/18-0:16:10,848,398,466,81.50,18.90,17.60,27.40
25/2/18-0:17:11,848,397,468,81.90,18.90,18.10,23.50
25/2/18-0:18:12,847,397,467,80.30,18.90,18.00,24.50
25/2/18-0:19:13,848,397,468,81.70,18.90,17.40,22.60
25/2/18-0:20:14,847,399,466,78.90,18.90,18.70,25.70
25/2/18-0:21:15,847,397,465,81.80,18.90,18.70,27.70
25/2/18-0:22:15,848,395,467,80.90,18.90,17.50,22.60
25/2/18-0:23:16,847,399,468,81.40,18.90,16.10,23.20
25/2/18-0:24:17,847,397,466,80.30,19.00,16.50,21.70
25/2/18-0:25:18,847,398,465,81.60,19.00,16.20,20.60
25/2/18-0:26:19,848,392,461,81.60,19.00,15.50,19.10
25/2/18-0:27:20,847,393,462,82.10,18.90,16.00,21.20
25/2/18-0:28:21,847,395,464,80.50,19.00,15.90,21.60
25/2/18-0:29:22,847,396,463,81.00,19.00,16.10,24.20
25/2/18-0:30:23,848,393,465,79.80,18.90,15.80,21.30
25/2/18-0:31:24,847,394,462,80.70,18.90,15.70,21.90
25/2/18-0:32:25,847,398,463,80.60,18.90,14.80,19.60
25/2/18-0:33:26,847,400,465,81.10,18.90,15.80,22.60
25/2/18-0:34:27,847,402,467,80.60,18.80,14.80,21.00
25/2/18-0:35:28,848,400,464,80.10,18.80,16.10,20.80
25/2/18-0:36:29,847,402,469,81.10,18.80,15.50,19.70
25/2/18-0:37:30,848,399,466,81.40,18.80,14.90,21.40
25/2/18-0:38:31,847,400,467,81.70,18.80,14.50,20.40
25/2/18-0:39:32,847,399,467,82.40,18.80,14.40,20.70
25/2/18-0:40:33,847,399,464,82.20,18.90,13.60,18.30
25/2/18-0:41:34,847,394,463,80.80,18.90,12.90,16.20
25/2/18-0:42:35,848,393,466,81.10,18.80,13.10,23.20
25/2/18-0:43:36,848,388,460,79.80,18.80,12.00,18.00
25/2/18-0:44:37,847,391,467,81.10,18.80,12.20,16.70
25/2/18-0:45:38,848,386,463,81.50,18.80,12.00,17.20
25/2/18-0:46:39,848,388,465,81.50,18.80,11.70,17.50
25/2/18-0:47:40,848,388,458,81.40,18.80,11.40,16.10
25/2/18-0:48:41,848,385,458,81.40,18.80,10.50,13.10
25/2/18-0:49:42,847,383,456,79.80,18.70,11.10,16.30
25/2/18-0:50:43,847,387,457,81.00,18.70,11.10,14.80
25/2/18-0:51:44,848,385,452,81.30,18.70,10.80,15.20
25/2/18-0:52:45,848,385,456,82.40,18.70,10.90,15.10
25/2/18-0:53:46,847,383,452,80.40,18.70,10.20,13.90
25/2/18-0:54:47,848,384,454,80.00,18.70,11.20,15.50
25/2/18-0:55:48,847,382,452,80.50,18.70,10.30,16.50
25/2/18-0:56:49,847,385,451,78.70,18.60,9.70,13.90
25/2/18-0:57:50,848,381,448,80.60,18.60,9.70,14.10
25/2/18-0:58:51,848,383,453,80.80,18.60,9.20,11.80
25/2/18-0:59:52,847,383,451,81.10,18.60,8.80,13.00
25/2/18-1:0:53,848,378,449,79.50,18.60,8.60,9.50
25/2/18-1:1:54,848,375,446,80.40,18.50,8.50,9.60
25/2/18-1:2:55,847,373,442,80.00,18.60,8.80,13.50
25/2/18-1:3:56,847,367,440,79.30,18.50,8.60,10.40
25/2/18-1:4:57,848,370,444,80.20,18.50,8.10,11.40
25/2/18-1:5:57,848,367,441,79.40,18.50,8.40,11.10
25/2/18-1:6:58,848,364,441,79.40,18.50,8.40,9.60
25/2/18-1:7:59,848,362,442,79.80,18.50,8.30,13.00
25/2/18-1:9:0,847,366,444,80.50,18.50,8.00,15.10
25/2/18-1:10:1,847,366,440,79.30,18.50,8.10,10.40
25/2/18-1:11:2,848,369,442,79.50,18.50,8.20,11.90
25/2/18-1:12:3,847,369,438,79.60,18.50,7.50,9.90
25/2/18-1:13:4,848,362,438,79.80,18.50,8.30,11.40
25/2/18-1:14:5,847,375,449,79.50,18.50,8.10,10.40
25/2/18-1:15:6,847,371,440,80.60,18.50,7.10,8.20
25/2/18-1:16:7,848,379,443,80.30,18.40,8.60,10.20
25/2/18-1:17:8,848,368,436,78.90,18.40,7.80,11.90
25/2/18-1:18:9,848,367,438,79.60,18.40,7.90,9.80
25/2/18-1:19:10,848,369,438,79.80,18.40,7.40,8.30
25/2/18-1:20:11,847,373,437,79.90,18.40,7.70,12.60
25/2/18-1:21:12,847,369,439,79.80,18.30,7.70,9.50
25/2/18-1:22:13,847,369,435,80.10,18.30,8.00,11.10
25/2/18-1:23:14,847,369,437,81.70,18.30,7.20,8.60
25/2/18-1:24:15,848,369,435,80.50,18.30,7.90,10.80
25/2/18-1:25:16,847,370,435,83.70,18.30,7.10,10.50
25/2/18-1:26:17,848,365,435,83.00,18.30,7.00,9.90
25/2/18-1:27:18,847,365,432,81.60,18.30,7.00,9.60
25/2/18-1:28:19,847,362,434,82.00,18.20,7.20,9.80
25/2/18-1:29:20,848,352,432,79.80,18.20,7.10,9.90
25/2/18-1:30:21,847,360,432,79.10,18.20,7.00,9.90
25/2/18-1:31:22,848,364,435,79.70,18.20,6.70,7.90
25/2/18-1:32:23,848,363,435,81.60,18.20,6.50,9.90
25/2/18-1:33:24,848,360,431,80.20,18.20,7.50,11.90
25/2/18-1:34:25,847,365,435,80.10,18.10,7.50,11.20
25/2/18-1:35:26,847,370,442,79.30,18.10,6.40,8.50
25/2/18-1:36:27,848,363,432,79.80,18.10,6.60,8.10
25/2/18-1:37:28,848,364,433,81.90,18.10,6.70,7.40
25/2/18-1:38:29,848,359,432,81.70,18.20,6.10,6.90
25/2/18-1:39:30,848,358,432,82.60,18.10,6.70,10.40
25/2/18-1:40:31,848,356,430,81.90,18.10,6.90,9.70
25/2/18-1:41:32,848,357,426,80.40,18.10,6.30,8.70
25/2/18-1:42:33,847,362,438,80.90,18.00,6.70,9.30
25/2/18-1:43:34,847,361,430,82.10,18.00,6.70,10.10
25/2/18-1:44:35,848,358,432,82.30,18.00,6.50,10.20
25/2/18-1:45:36,849,358,428,83.20,18.00,6.30,8.80
25/2/18-1:46:37,848,354,431,81.10,18.00,6.30,6.90
25/2/18-1:47:38,848,357,429,81.40,17.90,6.50,8.80
25/2/18-1:48:38,847,362,431,80.10,17.90,6.60,7.70
25/2/18-1:49:39,848,365,435,80.30,17.80,6.90,9.70
25/2/18-1:50:40,848,361,433,80.40,17.80,6.40,8.20
25/2/18-1:51:41,848,362,432,79.90,17.80,6.60,18.40
25/2/18-1:52:42,848,359,430,79.70,17.80,6.40,11.70
25/2/18-1:53:43,848,358,431,82.60,17.80,6.60,10.20
25/2/18-1:54:44,848,361,431,80.40,17.80,6.30,10.40
25/2/18-1:55:45,848,359,430,79.40,17.70,6.50,11.10
25/2/18-1:56:46,848,358,432,80.40,17.80,6.70,8.60
25/2/18-1:57:47,849,362,436,81.50,17.70,6.40,8.90
25/2/18-1:58:48,848,362,434,80.80,17.70,6.30,10.90
25/2/18-1:59:49,849,367,441,82.20,17.70,6.20,8.20
25/2/18-2:0:50,847,369,438,80.90,17.70,6.20,6.90
25/2/18-2:1:51,851,371,436,81.10,17.70,6.50,9.30
25/2/18-2:2:52,847,367,436,80.50,17.70,6.20,8.60
25/2/18-2:3:53,848,367,440,80.60,17.70,6.40,8.70
25/2/18-2:4:54,848,361,436,81.20,17.70,7.70,12.90
25/2/18-2:5:55,848,366,435,82.30,17.70,6.30,9.70
25/2/18-2:6:56,849,367,439,82.20,17.60,6.30,9.60
25/2/18-2:7:57,848,367,435,80.50,17.60,6.50,9.40
25/2/18-2:8:58,848,364,434,78.00,17.60,6.90,10.70
25/2/18-2:9:59,848,365,435,81.80,17.60,6.50,9.60
25/2/18-2:11:0,848,365,436,81.40,17.60,6.70,11.70
25/2/18-2:12:1,848,369,442,82.30,17.60,6.80,10.10
25/2/18-2:13:2,848,364,433,81.30,17.60,6.50,8.50
25/2/18-2:14:3,852,366,435,80.90,17.60,6.40,8.10
25/2/18-2:15:4,848,362,435,80.80,17.50,6.80,9.60
25/2/18-2:16:5,848,364,438,81.50,17.50,6.80,11.50
25/2/18-2:17:6,848,365,438,81.40,17.50,6.50,8.30
25/2/18-2:18:7,848,368,439,81.80,17.50,6.50,9.60
25/2/18-2:19:8,848,365,439,80.80,17.50,6.50,11.40
25/2/18-2:20:9,848,362,434,80.80,17.50,6.80,10.10
25/2/18-2:21:10,848,358,433,81.50,17.40,6.80,7.50
25/2/18-2:22:11,848,356,429,81.50,17.40,6.30,7.80
25/2/18-2:23:12,847,355,433,83.20,17.40,6.30,7.60
25/2/18-2:24:13,848,353,432,82.20,17.40,7.00,8.10
25/2/18-2:25:14,848,351,430,83.10,17.40,6.60,13.90
25/2/18-2:26:15,847,357,432,83.50,17.30,6.60,9.00
25/2/18-2:27:16,848,355,430,83.70,17.30,6.80,9.10
25/2/18-2:28:17,848,357,431,82.80,17.30,6.10,9.80
25/2/18-2:29:18,847,360,435,82.00,17.20,6.30,7.00
25/2/18-2:30:19,848,357,433,80.50,17.20,6.70,9.40
25/2/18-2:31:19,849,360,437,82.70,17.30,7.00,9.30
25/2/18-2:32:20,848,357,435,83.40,17.20,6.60,9.90
25/2/18-2:33:21,848,358,438,83.10,17.20,6.70,9.80
25/2/18-2:34:22,848,356,437,84.90,17.20,7.30,12.90
25/2/18-2:35:23,848,355,438,84.20,17.20,7.20,9.80
25/2/18-2:36:24,848,361,439,84.60,17.20,7.70,14.20
25/2/18-2:37:25,852,363,429,81.60,17.20,7.70,9.90
25/2/18-2:38:26,848,356,438,81.50,17.20,6.70,9.30
25/2/18-2:39:27,848,362,441,83.90,17.20,6.90,9.20
25/2/18-2:40:28,849,357,439,81.90,17.20,7.10,8.00
25/2/18-2:41:29,852,360,438,82.30,17.20,7.00,10.50
25/2/18-2:42:30,853,363,433,83.20,17.20,7.50,10.10
25/2/18-2:43:31,850,357,441,83.00,17.10,7.30,8.90
25/2/18-2:44:32,854,361,434,84.00,17.20,7.90,11.40
25/2/18-2:45:33,849,356,439,82.60,17.10,7.50,14.80
25/2/18-2:46:34,854,361,426,82.00,17.10,7.60,10.40
25/2/18-2:47:35,854,361,424,83.70,17.10,7.10,11.40
25/2/18-2:48:36,850,353,449,82.50,17.10,7.70,11.70
25/2/18-2:49:37,848,361,446,83.90,17.10,7.40,12.90
25/2/18-2:50:38,849,358,443,83.50,17.10,7.90,9.70
25/2/18-2:51:39,848,359,444,83.50,17.10,7.50,11.30
25/2/18-2:52:40,848,357,442,83.00,17.10,7.80,10.70
25/2/18-2:53:41,848,355,442,83.60,17.10,7.80,10.50
25/2/18-2:54:42,848,358,443,83.60,17.10,7.10,9.80
25/2/18-2:55:43,848,360,444,82.70,17.10,7.20,11.90
25/2/18-2:56:44,849,361,443,83.50,17.10,7.80,10.20
25/2/18-2:57:45,848,362,443,82.80,17.10,7.80,10.70
25/2/18-2:58:46,848,358,442,81.80,17.10,8.20,15.90
25/2/18-2:59:47,848,361,444,82.90,17.10,7.80,12.90
25/2/18-3:0:48,848,358,443,80.80,17.10,7.10,11.50
25/2/18-3:1:49,848,361,441,81.30,17.00,7.70,10.90
25/2/18-3:2:50,848,363,445,81.10,17.10,7.70,16.20
25/2/18-3:3:51,848,366,446,82.50,17.00,7.70,9.30
25/2/18-3:4:52,849,363,444,81.60,17.00,7.70,8.60
25/2/18-3:5:53,848,364,446,81.00,17.10,8.90,14.60
25/2/18-3:6:54,848,364,444,79.20,17.10,7.70,10.80
25/2/18-3:7:55,848,361,445,81.00,17.10,7.40,10.90
25/2/18-3:8:56,849,358,443,81.00,17.10,7.00,9.00
25/2/18-3:9:57,848,361,444,82.10,17.10,7.30,9.70
25/2/18-3:10:58,848,366,446,80.80,17.10,7.60,10.20
25/2/18-3:11:59,849,357,441,82.20,17.10,7.80,9.90
25/2/18-3:12:59,849,363,453,80.50,17.10,7.70,12.40
25/2/18-3:14:0,849,369,459,80.00,17.10,7.80,14.40
25/2/18-3:15:1,849,364,450,79.80,17.10,6.90,8.00
25/2/18-3:16:2,849,364,446,79.90,17.20,7.30,9.30
25/2/18-3:17:3,849,360,442,79.90,17.20,7.50,9.60
25/2/18-3:18:4,848,362,444,80.10,17.20,7.60,10.50
25/2/18-3:19:5,849,360,444,80.30,17.20,7.20,9.50
25/2/18-3:20:6,849,366,445,80.10,17.20,6.70,9.40
25/2/18-3:21:7,848,363,441,80.00,17.20,7.30,11.50
25/2/18-3:22:8,848,364,443,82.80,17.20,7.60,11.80
25/2/18-3:23:9,848,362,443,81.40,17.20,7.10,9.30
25/2/18-3:24:10,849,362,441,81.30,17.20,7.70,9.50
25/2/18-3:25:11,848,362,443,80.90,17.20,7.40,11.30
25/2/18-3:26:12,848,361,439,82.10,17.20,6.80,8.20
25/2/18-3:27:13,849,362,437,82.00,17.10,7.80,10.30
25/2/18-3:28:14,849,365,444,81.50,17.10,7.00,8.80
25/2/18-3:29:15,848,362,438,81.50,17.20,7.00,9.20
25/2/18-3:30:16,848,356,431,81.40,17.20,7.00,9.50
25/2/18-3:31:17,848,353,431,80.60,17.10,6.10,7.20
25/2/18-3:32:18,848,357,435,82.20,17.10,6.10,9.00
25/2/18-3:33:19,849,354,433,80.80,17.10,6.70,10.90
25/2/18-3:34:20,849,354,432,81.10,17.10,6.70,10.20
25/2/18-3:35:21,848,352,430,81.50,17.10,6.80,8.80
25/2/18-3:36:22,848,353,431,80.70,17.10,6.50,7.90
25/2/18-3:37:23,849,348,429,80.30,17.10,6.70,10.40
25/2/18-3:38:24,848,354,431,80.10,17.10,6.60,10.40
25/2/18-3:39:25,848,351,430,80.30,17.00,6.00,6.90
25/2/18-3:40:26,848,353,431,80.40,17.00,6.20,8.30
25/2/18-3:41:27,848,350,427,79.20,17.00,6.10,6.70
25/2/18-3:42:28,848,348,424,78.60,17.00,6.10,7.80
25/2/18-3:43:29,848,347,426,80.80,17.00,6.10,7.00
25/2/18-3:44:30,848,352,433,79.80,17.10,6.20,8.10
25/2/18-3:45:31,848,341,423,81.20,17.00,6.20,8.10
25/2/18-3:46:32,848,342,433,79.80,17.00,6.60,7.50
25/2/18-3:47:33,848,355,433,82.50,17.00,5.90,6.60
25/2/18-3:48:34,849,350,427,82.00,17.00,6.30,8.10
25/2/18-3:49:35,848,347,425,81.50,17.00,5.90,8.10
25/2/18-3:50:36,849,350,432,79.70,17.00,6.10,9.50
25/2/18-3:51:37,848,349,427,80.90,17.00,5.70,6.60
25/2/18-3:52:38,848,346,427,81.70,17.00,6.30,9.70
25/2/18-3:53:39,848,347,431,80.80,17.00,6.30,7.00
25/2/18-3:54:39,848,335,421,80.20,17.00,6.20,7.40
25/2/18-3:55:40,848,337,423,80.60,17.00,6.00,8.00
25/2/18-3:56:41,849,341,427,80.30,17.00,6.40,9.00
25/2/18-3:57:42,849,335,421,80.00,17.10,5.60,8.80
25/2/18-3:58:43,849,337,423,80.20,17.00,6.10,10.50
25/2/18-3:59:44,848,342,426,80.70,17.00,6.20,8.30
25/2/18-4:0:45,848,343,425,80.00,17.10,6.20,6.90
25/2/18-4:1:46,848,345,427,78.60,17.00,5.80,8.00
25/2/18-4:2:47,848,342,426,80.10,17.00,6.40,9.80
25/2/18-4:3:48,848,341,423,79.80,17.00,6.40,7.70
25/2/18-4:4:49,848,342,423,79.00,17.00,5.70,7.70
25/2/18-4:5:50,848,336,421,78.30,17.00,5.60,6.90
25/2/18-4:6:51,849,333,420,79.60,17.00,6.60,9.00
25/2/18-4:7:52,849,327,424,79.10,17.00,6.20,6.90
25/2/18-4:8:53,848,336,424,79.10,17.00,6.00,9.20
25/2/18-4:9:54,852,340,416,78.50,17.00,6.10,7.20
25/2/18-4:10:55,847,342,424,79.60,17.00,6.10,8.70
25/2/18-4:11:56,851,342,419,79.50,17.00,5.70,6.50
25/2/18-4:12:57,847,347,429,78.90,17.00,6.00,7.80
25/2/18-4:13:58,847,354,430,79.80,17.00,6.20,6.80
25/2/18-4:14:59,847,346,425,80.20,17.00,6.70,9.30
25/2/18-4:16:0,847,348,430,81.00,17.00,6.30,7.00
25/2/18-4:17:1,847,347,426,80.70,17.00,5.90,7.50
25/2/18-4:18:2,847,344,426,79.80,17.00,6.30,7.90
25/2/18-4:19:3,848,347,426,80.40,17.00,6.00,6.70
25/2/18-4:20:4,847,350,425,80.70,17.00,6.40,7.60
25/2/18-4:21:5,847,351,425,81.60,17.00,6.00,6.70
25/2/18-4:22:6,847,354,427,79.60,17.00,6.00,6.70
25/2/18-4:23:7,847,346,425,78.80,17.00,6.20,8.50
25/2/18-4:24:8,847,350,428,78.90,16.90,5.50,6.10
25/2/18-4:25:9,847,351,427,80.70,16.90,6.50,8.70
25/2/18-4:26:10,847,351,432,79.30,16.90,6.40,7.30
25/2/18-4:27:11,847,350,426,80.40,16.90,6.30,7.20
25/2/18-4:28:12,847,350,427,80.80,16.90,6.50,9.10
25/2/18-4:29:13,847,343,426,79.60,16.90,5.80,7.40
25/2/18-4:30:14,847,344,425,79.00,16.90,6.00,8.80
25/2/18-4:31:15,847,344,426,81.10,16.90,6.80,7.50
25/2/18-4:32:16,847,345,430,80.40,16.90,6.40,8.80
25/2/18-4:33:17,847,341,423,80.90,16.90,6.30,7.90
25/2/18-4:34:18,847,344,427,81.00,16.90,6.20,6.90
25/2/18-4:35:18,847,338,424,80.20,16.90,7.00,7.70
25/2/18-4:36:19,847,333,423,79.70,16.90,6.80,7.60
25/2/18-4:37:20,847,338,428,80.90,16.90,6.30,7.60
25/2/18-4:38:21,847,326,424,80.90,16.90,6.10,8.90
25/2/18-4:39:22,847,329,421,79.70,16.90,6.20,6.90
25/2/18-4:40:23,847,332,428,80.30,16.80,6.70,7.80
25/2/18-4:41:24,847,328,420,80.20,16.80,6.30,8.30
25/2/18-4:42:25,847,333,424,80.30,16.80,6.90,8.10
25/2/18-4:43:26,847,332,427,80.80,16.80,6.60,7.30
25/2/18-4:44:27,847,329,420,81.00,16.80,6.90,7.70
25/2/18-4:45:28,847,326,423,80.50,16.80,6.50,7.20
25/2/18-4:46:29,847,324,422,80.60,16.80,6.60,10.60
25/2/18-4:47:30,847,323,418,80.40,16.80,6.10,10.30
25/2/18-4:48:31,847,324,420,80.20,16.80,6.40,7.10
25/2/18-4:49:32,847,319,421,81.00,16.80,6.20,7.10
25/2/18-4:50:33,847,322,420,81.10,16.70,6.50,7.50
25/2/18-4:51:34,847,319,421,81.30,16.70,6.70,7.40
25/2/18-4:52:35,847,314,418,81.10,16.70,6.30,6.90
25/2/18-4:53:36,847,319,421,80.70,16.70,6.30,7.00
25/2/18-4:54:37,848,320,421,81.80,16.70,6.60,7.20
25/2/18-4:55:38,847,314,415,81.10,16.70,6.60,7.70
25/2/18-4:56:39,847,307,416,81.20,16.60,6.00,10.50
25/2/18-4:57:40,847,309,417,81.40,16.70,6.70,7.40
25/2/18-4:58:41,847,305,419,79.90,16.60,6.20,6.90
25/2/18-4:59:42,847,312,418,82.00,16.60,6.20,7.90
25/2/18-5:0:43,846,320,420,81.50,16.60,6.10,6.70
25/2/18-5:1:44,847,332,435,80.30,16.60,6.00,7.10
25/2/18-5:2:45,847,323,418,82.50,16.60,6.50,7.20
25/2/18-5:3:46,847,312,418,82.40,16.60,6.30,10.20
25/2/18-5:4:47,848,316,421,82.10,16.60,6.60,8.30
25/2/18-5:5:48,847,321,420,80.60,16.60,6.00,6.70
25/2/18-5:6:49,847,323,429,83.50,16.60,6.80,7.60
25/2/18-5:7:50,847,323,419,78.10,16.60,6.00,6.70
25/2/18-5:8:51,847,326,423,78.00,16.60,6.70,8.20
25/2/18-5:9:52,847,331,421,79.80,16.60,5.80,6.80
25/2/18-5:10:53,847,324,419,80.00,16.60,6.60,12.80
25/2/18-5:11:54,847,318,418,78.50,16.60,6.00,6.60
25/2/18-5:12:55,847,322,420,81.10,16.60,6.20,9.00
25/2/18-5:13:56,847,318,416,81.10,16.60,6.20,6.90
25/2/18-5:14:57,847,322,420,79.30,16.60,6.80,8.20
25/2/18-5:15:58,847,318,417,81.30,16.60,6.40,7.10
25/2/18-5:16:58,847,318,423,80.70,16.60,6.50,8.60
25/2/18-5:17:59,848,314,419,79.20,16.60,6.70,7.70
25/2/18-5:19:0,847,312,417,79.60,16.60,7.00,9.20
25/2/18-5:20:1,847,309,415,80.90,16.60,6.50,7.30
25/2/18-5:21:2,847,309,415,79.70,16.60,6.30,7.00
25/2/18-5:22:3,847,306,414,79.40,16.60,6.50,7.20
25/2/18-5:23:4,847,311,415,78.80,16.60,6.10,6.80
25/2/18-5:24:5,847,299,414,79.80,16.60,6.00,6.80
25/2/18-5:25:6,847,304,414,81.80,16.60,5.80,6.40
25/2/18-5:26:7,847,308,421,81.70,16.60,6.40,8.30
25/2/18-5:27:8,847,309,419,79.00,16.60,5.60,6.20
25/2/18-5:28:9,847,318,421,80.70,16.60,6.00,6.70
25/2/18-5:29:10,847,319,420,80.50,16.60,5.70,6.20
25/2/18-5:30:11,848,324,426,81.20,16.60,5.30,5.90
25/2/18-5:31:12,848,322,420,80.30,16.60,5.80,6.30
25/2/18-5:32:13,848,328,421,83.80,16.60,5.40,6.70
25/2/18-5:33:14,851,328,414,79.70,16.60,5.10,5.50
25/2/18-5:34:15,848,326,420,80.80,16.60,5.50,6.00
25/2/18-5:35:16,847,323,420,78.30,16.60,5.10,7.50
25/2/18-5:36:17,847,306,415,81.20,16.60,5.30,6.20
25/2/18-5:37:18,847,316,419,79.40,16.60,6.00,6.70
25/2/18-5:38:19,847,312,416,80.00,16.60,6.20,8.50
25/2/18-5:39:20,848,312,415,78.80,16.60,5.70,6.30
25/2/18-5:40:21,847,319,420,79.00,16.60,5.70,6.30
25/2/18-5:41:22,847,325,419,80.70,16.50,5.60,6.20
25/2/18-5:42:23,846,331,424,80.90,16.50,5.70,6.30
25/2/18-5:43:24,847,330,424,81.10,16.60,6.00,6.60
25/2/18-5:44:25,847,328,418,80.50,16.60,5.70,6.80
25/2/18-5:45:26,847,326,418,80.10,16.50,5.40,6.40
25/2/18-5:46:27,848,324,416,80.10,16.50,5.80,6.40
25/2/18-5:47:28,847,320,417,79.80,16.50,5.80,8.80
25/2/18-5:48:29,847,318,416,80.50,16.50,5.80,7.50
25/2/18-5:49:30,847,322,419,80.40,16.50,6.10,10.90
25/2/18-5:50:31,847,319,417,80.80,16.50,5.60,7.30
25/2/18-5:51:32,847,316,415,81.00,16.50,6.20,7.40
25/2/18-5:52:33,847,318,422,81.00,16.50,6.50,10.50
25/2/18-5:53:34,847,322,419,82.20,16.40,5.80,6.40
25/2/18-5:54:35,847,323,421,79.90,16.40,6.30,8.00
25/2/18-5:55:36,847,323,419,80.40,16.40,5.60,6.20
25/2/18-5:56:37,847,324,417,83.00,16.40,6.60,7.40
25/2/18-5:57:37,847,325,420,84.00,16.40,6.40,7.10
25/2/18-5:58:38,848,324,419,81.00,16.40,5.90,6.40
25/2/18-5:59:39,847,323,418,83.20,16.40,5.90,8.20
25/2/18-6:0:40,847,324,418,83.30,16.40,6.10,8.00
25/2/18-6:1:41,847,323,419,82.30,16.30,6.20,9.50
25/2/18-6:2:42,847,322,417,79.60,16.30,5.80,7.10
25/2/18-6:3:43,847,324,419,83.60,16.30,5.80,8.30
25/2/18-6:4:44,847,328,420,83.40,16.30,6.20,7.30
25/2/18-6:5:45,846,321,416,84.10,16.30,6.20,6.90
25/2/18-6:6:46,847,330,420,79.80,16.30,6.10,7.60
25/2/18-6:7:47,848,331,420,83.30,16.30,6.20,7.90
25/2/18-6:8:48,847,330,420,83.30,16.30,6.20,10.20
25/2/18-6:9:49,847,324,418,82.30,16.30,6.10,7.10
25/2/18-6:10:50,847,331,426,84.00,16.20,6.00,7.30
25/2/18-6:11:51,847,333,423,80.60,16.20,7.50,15.20
25/2/18-6:12:52,847,336,420,80.70,16.20,5.80,7.00
25/2/18-6:13:53,847,336,422,82.60,16.20,7.10,9.50
25/2/18-6:14:54,847,336,421,83.30,16.20,6.20,8.70
25/2/18-6:15:55,848,342,426,84.00,16.20,5.90,6.80
25/2/18-6:16:56,848,338,421,83.70,16.30,5.70,7.70
25/2/18-6:17:57,848,334,421,83.30,16.20,5.80,8.20
25/2/18-6:18:58,848,334,421,83.90,16.20,6.40,10.00
25/2/18-6:19:59,848,335,424,83.40,16.20,6.10,6.70
25/2/18-6:21:0,848,340,425,83.50,16.20,6.00,8.50
25/2/18-6:22:1,848,343,425,83.70,16.20,6.10,6.90
25/2/18-6:23:2,848,345,426,84.50,16.20,5.10,5.70
25/2/18-6:24:3,847,348,427,83.20,16.20,5.60,7.20
25/2/18-6:25:4,848,349,427,83.60,16.20,6.00,7.90
25/2/18-6:26:5,848,347,426,83.20,16.20,5.90,6.70
25/2/18-6:27:6,848,345,426,83.80,16.20,6.20,10.80
25/2/18-6:28:7,848,350,429,83.10,16.20,6.40,8.50
25/2/18-6:29:8,848,352,429,84.40,16.20,6.30,8.00
25/2/18-6:30:9,848,347,427,82.40,16.20,5.90,7.20
25/2/18-6:31:10,848,348,431,83.50,16.10,6.10,7.90
25/2/18-6:32:11,847,353,431,83.20,16.20,5.70,7.60
25/2/18-6:33:12,847,351,431,86.80,16.10,6.20,7.20
25/2/18-6:34:13,847,355,432,86.30,16.10,7.00,8.70
25/2/18-6:35:14,848,350,432,84.70,16.10,6.10,8.20
25/2/18-6:36:15,848,352,434,83.70,16.10,6.20,7.40
25/2/18-6:37:16,847,352,431,85.30,16.10,6.30,7.60
25/2/18-6:38:16,847,352,433,83.90,16.10,5.80,9.00
25/2/18-6:39:17,848,346,432,84.90,16.10,6.70,8.10
25/2/18-6:40:18,847,350,431,85.90,16.10,6.10,8.50
25/2/18-6:41:19,847,353,432,85.40,16.10,6.20,10.10
25/2/18-6:42:20,847,351,431,84.30,16.10,5.90,8.90
25/2/18-6:43:21,847,353,432,84.70,16.10,5.90,6.70
25/2/18-6:44:22,847,349,430,85.00,16.10,6.00,9.60
25/2/18-6:45:23,847,350,430,83.80,16.00,5.80,6.40
25/2/18-6:46:24,847,351,431,84.10,16.00,6.40,10.60
25/2/18-6:47:25,847,351,430,84.10,16.00,6.10,9.90
25/2/18-6:48:26,847,356,436,82.90,16.00,5.80,7.90
25/2/18-6:49:27,847,354,432,82.40,16.00,6.00,10.10
25/2/18-6:50:28,847,353,432,86.00,16.00,6.40,8.20
25/2/18-6:51:29,847,355,433,84.70,16.00,6.10,6.90
25/2/18-6:52:30,847,356,433,82.20,15.90,6.00,9.90
25/2/18-6:53:31,847,356,433,82.60,16.00,5.70,9.70
25/2/18-6:54:32,847,356,434,85.50,16.00,6.00,9.40
25/2/18-6:55:33,847,361,436,84.40,16.00,6.50,13.60
25/2/18-6:56:34,847,360,437,82.70,16.00,6.30,12.20
25/2/18-6:57:35,847,358,433,84.80,16.00,5.80,7.60
25/2/18-6:58:36,848,356,432,85.10,16.00,6.30,12.80
25/2/18-6:59:37,847,355,431,83.00,16.00,6.10,9.70
25/2/18-7:0:38,847,358,435,84.70,16.00,6.70,9.40
25/2/18-7:1:39,847,355,430,84.30,16.00,6.50,10.30
25/2/18-7:2:40,847,353,429,85.50,16.00,6.20,11.30
25/2/18-7:3:41,847,356,432,84.80,15.90,6.10,15.40
25/2/18-7:4:42,847,356,430,84.40,15.90,6.10,7.20
25/2/18-7:5:43,847,361,443,86.10,16.00,5.90,9.60
25/2/18-7:6:44,847,365,434,84.20,16.00,5.80,12.00
25/2/18-7:7:45,847,360,430,85.60,16.00,5.90,7.90
25/2/18-7:8:46,847,362,434,84.80,16.00,5.70,6.80
25/2/18-7:9:47,847,361,438,85.70,16.00,5.50,8.10
25/2/18-7:10:48,847,357,428,84.60,16.00,5.90,10.50
25/2/18-7:11:49,847,358,430,86.60,16.00,5.80,8.30
25/2/18-7:12:50,847,358,430,85.20,16.00,5.60,7.90
25/2/18-7:13:51,847,353,425,84.00,16.00,5.30,8.50
25/2/18-7:14:52,847,356,431,84.20,16.00,5.60,9.80
25/2/18-7:15:53,846,351,424,85.40,16.00,5.10,6.00
25/2/18-7:16:54,846,353,426,83.40,16.00,5.10,6.90
25/2/18-7:17:55,847,352,434,82.00,16.00,5.60,6.90
25/2/18-7:18:55,847,360,442,84.40,16.00,5.60,12.70
25/2/18-7:19:56,848,360,431,83.90,16.00,6.40,18.20
25/2/18-7:20:57,847,356,430,83.30,16.00,5.30,7.60
25/2/18-7:21:58,847,349,424,82.80,16.00,5.50,9.60
25/2/18-7:22:59,847,350,424,84.30,16.10,5.70,10.20
25/2/18-7:24:0,847,347,427,83.40,16.10,5.70,7.80
25/2/18-7:25:1,847,352,429,81.90,16.10,8.30,56.00
25/2/18-7:26:2,847,346,423,81.70,16.00,5.50,11.70
25/2/18-7:27:3,847,348,428,83.00,16.10,5.00,11.70
25/2/18-7:28:4,847,355,428,82.50,16.10,5.30,7.20
25/2/18-7:29:5,847,346,419,83.00,16.10,5.00,5.50
25/2/18-7:30:6,847,345,423,82.10,16.10,5.10,11.90
25/2/18-7:31:7,847,347,423,83.60,16.10,5.60,10.60
25/2/18-7:32:8,847,347,424,84.20,16.10,5.10,6.30
25/2/18-7:33:9,847,348,425,81.90,16.10,4.70,5.20
25/2/18-7:34:10,847,346,421,83.00,16.10,5.30,6.10
25/2/18-7:35:11,847,346,421,81.60,16.00,5.20,7.00
25/2/18-7:36:12,847,344,421,82.50,16.10,5.00,12.00
25/2/18-7:37:13,847,350,448,79.70,16.10,4.60,9.50
25/2/18-7:38:14,847,366,444,82.20,16.10,4.90,6.30
25/2/18-7:39:15,847,349,422,80.80,16.10,4.50,6.40
25/2/18-7:40:16,847,355,436,82.30,16.10,4.30,4.70
25/2/18-7:41:17,847,350,423,81.70,16.10,4.70,5.20
25/2/18-7:42:18,848,345,421,80.60,16.10,4.90,9.00
25/2/18-7:43:19,847,352,431,80.10,16.10,5.20,6.10
25/2/18-7:44:20,847,350,426,79.70,16.10,5.60,6.40
25/2/18-7:45:21,848,356,436,80.10,16.20,6.90,10.00
25/2/18-7:46:22,848,349,423,76.80,16.20,7.10,7.90
25/2/18-7:47:23,848,350,427,80.30,16.20,7.20,12.90
25/2/18-7:48:24,846,346,418,80.70,16.20,7.30,9.00
25/2/18-7:49:25,847,345,417,81.10,16.10,7.30,8.40
25/2/18-7:50:26,847,342,420,79.90,16.10,8.00,9.60
25/2/18-7:51:27,847,345,421,82.20,16.10,8.00,8.90
25/2/18-7:52:28,848,352,425,81.00,16.20,7.80,8.90
25/2/18-7:53:29,847,358,430,80.50,16.10,11.80,85.30
25/2/18-7:54:30,848,358,434,81.40,16.10,10.60,17.70
25/2/18-7:55:31,847,356,429,81.40,16.20,9.70,11.00
25/2/18-7:56:32,848,353,425,81.10,16.20,10.00,12.40
25/2/18-7:57:33,847,352,425,81.60,16.20,9.20,11.00
25/2/18-7:58:34,847,357,429,81.70,16.20,9.20,11.10
25/2/18-7:59:34,847,355,425,81.90,16.20,9.10,10.60
25/2/18-8:0:35,847,352,424,83.20,16.20,8.60,9.50
25/2/18-8:1:36,847,357,425,81.80,16.20,9.00,11.20
25/2/18-8:2:37,847,356,425,80.90,16.20,9.00,10.00
25/2/18-8:3:38,847,357,427,80.60,16.30,8.60,9.60
25/2/18-8:4:39,847,357,429,80.30,16.30,8.30,9.70
25/2/18-8:5:40,847,359,430,79.60,16.30,7.50,9.60
25/2/18-8:6:41,847,366,440,83.10,16.30,7.90,10.50
25/2/18-8:7:42,847,365,430,82.10,16.40,8.30,12.90
25/2/18-8:8:43,847,372,432,82.30,16.30,7.90,12.60
25/2/18-8:9:44,848,367,432,81.10,16.40,8.40,12.30
25/2/18-8:10:45,847,391,469,82.30,16.40,7.90,10.90
25/2/18-8:11:46,847,375,435,81.60,16.50,7.10,9.20
25/2/18-8:12:47,847,370,430,83.40,16.50,6.40,8.90
25/2/18-8:13:48,847,361,427,79.60,16.50,5.90,7.20
25/2/18-8:14:49,848,361,425,81.50,16.50,6.00,7.30
25/2/18-8:15:50,848,360,426,80.00,16.50,5.90,9.00
25/2/18-8:16:51,847,359,428,83.60,16.60,5.90,6.60
25/2/18-8:17:52,847,366,429,82.80,16.60,5.80,8.00
25/2/18-8:18:53,847,362,426,83.40,16.60,6.00,10.40
25/2/18-8:19:54,847,370,432,82.60,16.60,6.50,10.00
25/2/18-8:20:55,847,363,429,81.40,16.60,5.90,7.80
25/2/18-8:21:56,846,369,431,84.30,16.70,5.70,8.60
25/2/18-8:22:57,847,363,426,81.40,16.70,5.50,11.90
25/2/18-8:23:58,846,355,424,80.80,16.70,5.90,8.50
25/2/18-8:24:59,848,365,426,82.70,16.70,5.20,13.50
25/2/18-8:26:0,847,375,443,81.40,16.70,5.10,6.90
25/2/18-8:27:1,847,369,431,81.40,16.80,5.50,6.90
25/2/18-8:28:2,848,362,432,81.70,16.80,5.40,8.10
25/2/18-8:29:3,847,378,457,84.70,16.80,5.30,7.10
25/2/18-8:30:4,847,383,447,85.20,16.80,5.30,6.70
25/2/18-8:31:5,847,381,444,83.70,16.90,5.40,9.80
25/2/18-8:32:6,847,384,458,84.60,16.90,5.60,8.90
25/2/18-8:33:7,848,417,514,82.30,16.90,5.00,8.20
25/2/18-8:34:8,848,396,458,83.80,17.00,5.40,7.80
25/2/18-8:35:9,847,384,440,84.70,17.10,5.40,6.80
25/2/18-8:36:10,847,374,435,85.60,17.10,5.30,7.80
25/2/18-8:37:11,847,376,461,82.60,17.10,5.30,9.30
25/2/18-8:38:12,847,377,438,84.00,17.10,5.10,5.60
25/2/18-8:39:13,847,376,451,85.60,17.20,5.20,5.80
25/2/18-8:40:13,847,382,444,83.40,17.20,5.20,7.50
25/2/18-8:41:14,847,373,442,83.20,17.30,4.80,6.80
25/2/18-8:42:15,847,374,447,82.00,17.30,4.90,6.60
25/2/18-8:43:16,847,369,443,82.60,17.30,4.80,6.70
25/2/18-8:44:17,847,363,439,81.00,17.40,5.20,6.70
25/2/18-8:45:18,847,364,442,81.40,17.40,4.60,5.10
25/2/18-8:46:19,847,373,476,83.30,17.50,4.40,7.00
25/2/18-8:47:20,847,390,492,80.50,17.50,5.10,7.40
25/2/18-8:48:21,848,392,533,78.90,17.50,5.60,6.20
25/2/18-8:49:22,847,390,473,78.30,17.60,4.80,8.10
25/2/18-8:50:23,847,387,467,80.20,17.70,4.90,8.20
25/2/18-8:51:24,847,360,446,81.00,17.70,5.10,10.70
25/2/18-8:52:25,847,351,447,79.00,17.80,5.40,8.60
25/2/18-8:53:26,847,356,452,78.80,17.80,5.20,6.80
25/2/18-8:54:27,846,356,444,79.60,17.90,5.30,6.80
25/2/18-8:55:28,846,351,445,79.10,18.00,5.50,6.50
25/2/18-8:56:29,847,346,474,76.80,18.00,5.60,6.70
25/2/18-8:57:30,846,356,454,76.90,18.10,6.40,8.30
25/2/18-8:58:31,847,334,441,77.00,18.20,5.60,8.70
25/2/18-8:59:32,847,290,424,76.50,18.20,5.70,6.60
25/2/18-9:0:33,847,311,491,75.20,18.30,5.50,6.60
25/2/18-9:1:34,847,341,480,75.30,18.30,5.40,7.80
25/2/18-9:2:35,847,308,434,78.90,18.40,6.60,9.60
25/2/18-9:3:36,847,312,451,74.70,18.40,6.50,9.00
25/2/18-9:4:37,846,335,468,76.30,18.50,5.50,6.00
25/2/18-9:5:38,847,357,488,77.30,18.50,5.20,6.60
25/2/18-9:6:39,847,347,462,76.70,18.60,6.20,7.40
25/2/18-9:7:40,847,349,535,77.10,18.60,6.10,7.30
25/2/18-9:8:41,847,314,434,78.20,18.60,6.20,7.80
25/2/18-9:9:42,847,329,456,74.40,18.60,6.60,8.40
25/2/18-9:10:43,847,340,444,78.10,18.70,6.40,7.30
25/2/18-9:11:44,846,340,465,77.70,18.80,7.40,9.50
25/2/18-9:12:45,847,347,496,76.70,18.80,6.70,7.40
25/2/18-9:13:46,846,332,441,76.90,18.90,6.30,7.30
25/2/18-9:14:47,847,334,453,77.50,18.90,7.80,9.30
25/2/18-9:15:48,846,327,476,75.90,18.90,7.80,9.40
25/2/18-9:16:49,846,339,453,76.00,18.90,7.10,7.90
25/2/18-9:17:50,847,296,429,75.10,19.00,8.50,9.40
25/2/18-9:18:51,847,292,444,75.60,19.00,8.50,10.80
25/2/18-9:19:52,847,285,468,75.70,19.00,8.10,9.00
25/2/18-9:20:53,847,305,463,76.60,19.00,8.70,10.50
25/2/18-9:21:54,846,305,447,76.70,19.10,8.90,10.90
25/2/18-9:22:54,846,328,470,77.40,19.10,8.30,10.10
25/2/18-9:23:55,846,296,435,73.50,19.20,7.70,8.60
25/2/18-9:24:56,847,260,429,73.10,19.20,8.30,10.00
25/2/18-9:25:57,847,283,454,73.20,19.20,8.10,9.10
25/2/18-9:26:58,846,349,544,75.50,19.20,7.00,8.70
25/2/18-9:27:59,846,320,447,74.90,19.20,7.60,8.40
25/2/18-9:29:0,846,305,463,72.00,19.30,7.90,8.70
25/2/18-9:30:1,846,329,449,73.80,19.30,7.80,9.50
25/2/18-9:31:2,846,315,450,71.20,19.30,8.50,9.50
25/2/18-9:32:3,847,289,450,70.00,19.40,7.60,10.10
25/2/18-9:33:4,846,301,450,71.30,19.40,7.80,8.70
25/2/18-9:34:5,847,306,460,70.50,19.40,8.80,10.20
25/2/18-9:35:6,846,323,479,70.40,19.50,9.80,10.90
25/2/18-9:36:7,846,353,533,70.60,19.50,9.50,14.70
25/2/18-9:37:8,847,355,472,71.00,19.50,8.10,10.00
25/2/18-9:38:9,847,337,455,70.80,19.60,8.30,9.10
25/2/18-9:39:10,847,340,461,70.10,19.60,9.80,10.80
25/2/18-9:40:11,846,372,576,67.50,19.60,8.80,9.70
25/2/18-9:41:12,846,343,445,69.40,19.70,9.10,14.90
25/2/18-9:42:13,846,321,446,70.70,19.70,9.60,13.50
25/2/18-9:43:14,847,336,486,70.10,19.70,10.00,14.70
25/2/18-9:44:15,846,334,457,68.70,19.70,8.70,9.70
25/2/18-9:45:16,847,339,458,69.80,19.70,10.20,16.00
25/2/18-9:46:17,847,353,483,69.40,19.80,10.10,12.50
25/2/18-9:47:18,846,348,507,70.80,19.80,10.20,11.30
25/2/18-9:48:19,846,340,453,71.10,19.80,11.10,12.70
25/2/18-9:49:20,846,346,483,69.70,19.80,10.20,11.20
25/2/18-9:50:21,847,326,446,69.30,19.90,11.50,13.90
25/2/18-9:51:22,847,317,456,68.20,19.90,10.40,11.60
25/2/18-9:52:23,847,265,439,67.60,19.90,10.00,12.10
25/2/18-9:53:24,846,255,430,68.60,19.90,10.40,11.70
25/2/18-9:54:25,846,325,531,68.40,19.80,10.50,11.70
25/2/18-9:55:26,847,334,474,69.90,19.90,9.50,10.60
25/2/18-9:56:27,846,343,498,68.20,20.00,11.20,24.80
25/2/18-9:57:28,846,340,493,70.00,20.00,9.90,15.60
25/2/18-9:58:29,846,364,467,69.10,20.10,10.40,11.70
25/2/18-9:59:30,846,318,437,69.60,20.10,10.40,11.70
25/2/18-10:0:31,847,279,443,67.90,20.20,10.00,11.90
25/2/18-10:1:32,846,228,429,68.70,20.10,9.60,13.30
25/2/18-10:2:33,847,279,586,67.50,20.10,10.60,19.60
25/2/18-10:3:34,846,290,433,68.00,20.10,10.10,11.30
25/2/18-10:4:35,846,228,430,68.60,20.20,10.00,12.90
25/2/18-10:5:36,846,222,421,67.80,20.10,9.50,10.60
25/2/18-10:6:37,846,238,474,69.50,20.10,9.50,13.10
25/2/18-10:7:37,846,246,435,68.50,20.20,9.10,10.20
25/2/18-10:8:38,846,284,537,67.50,20.20,10.20,15.10
25/2/18-10:9:39,845,359,578,68.20,20.20,10.10,11.50
25/2/18-10:10:40,847,340,470,67.10,20.30,10.50,11.70
25/2/18-10:11:41,846,336,459,68.30,20.30,9.30,10.30
25/2/18-10:12:42,846,275,429,68.70,20.40,10.10,13.80
25/2/18-10:13:43,846,326,544,68.70,20.30,10.10,13.60
25/2/18-10:14:44,846,349,517,68.70,20.40,9.90,14.10
25/2/18-10:15:45,846,319,424,66.10,20.50,10.70,11.90
25/2/18-10:16:46,847,296,461,64.50,20.50,9.50,13.80
25/2/18-10:17:47,846,292,441,66.20,20.50,8.00,8.90
25/2/18-10:18:48,846,286,437,65.30,20.50,9.70,10.80
25/2/18-10:19:49,846,221,429,65.80,20.60,9.60,13.80
25/2/18-10:20:50,846,204,416,65.00,20.60,11.10,12.10
25/2/18-10:21:51,846,190,415,65.40,20.50,10.10,12.10
25/2/18-10:22:52,847,245,472,65.80,20.50,9.80,12.60
25/2/18-10:23:53,846,272,482,68.30,20.60,10.70,12.00
25/2/18-10:24:54,846,252,427,65.60,20.60,11.50,12.90
25/2/18-10:25:55,846,327,511,66.80,20.70,10.00,11.20
25/2/18-10:26:56,846,269,436,66.00,20.70,10.20,14.20
25/2/18-10:27:57,846,293,453,65.10,20.70,10.70,12.00
25/2/18-10:28:58,847,308,449,68.70,20.80,10.20,12.50
25/2/18-10:29:59,846,370,583,65.10,20.80,9.60,10.70
25/2/18-10:31:0,846,357,453,68.40,20.80,9.70,11.50
25/2/18-10:32:1,846,304,463,69.20,20.90,8.80,10.70
25/2/18-10:33:2,846,289,470,64.40,21.00,9.10,10.10
25/2/18-10:34:3,846,369,577,66.50,20.90,8.20,9.80
25/2/18-10:35:4,846,326,459,66.80,21.00,9.80,10.90
25/2/18-10:36:5,846,319,461,66.00,21.10,9.10,16.20
25/2/18-10:37:6,846,257,427,66.10,21.10,10.40,11.50
25/2/18-10:38:7,846,279,496,65.60,21.10,9.10,10.00
25/2/18-10:39:8,846,250,437,64.40,21.20,8.90,11.00
25/2/18-10:40:9,846,279,496,63.70,21.20,8.20,11.50
25/2/18-10:41:10,846,262,448,64.60,21.20,7.70,8.70
25/2/18-10:42:11,847,300,488,65.10,21.20,8.50,9.40
25/2/18-10:43:12,846,267,452,66.30,21.30,9.00,10.30
25/2/18-10:44:13,846,335,486,65.20,21.30,9.20,21.30
25/2/18-10:45:14,846,254,418,66.70,21.40,8.40,13.50
25/2/18-10:46:15,846,254,492,66.40,21.40,6.70,7.90
25/2/18-10:47:16,846,207,429,62.80,21.40,6.80,8.00
25/2/18-10:48:17,847,204,461,66.80,21.40,7.10,7.80
25/2/18-10:49:18,846,183,439,63.90,21.40,8.50,11.20
25/2/18-10:50:19,846,175,439,65.00,21.40,8.00,8.90
25/2/18-10:51:20,846,266,434,64.70,21.40,7.30,10.10
25/2/18-10:52:21,846,191,419,65.30,21.40,7.80,10.30
25/2/18-10:53:21,846,248,488,62.30,21.40,6.90,9.40
25/2/18-10:54:22,846,206,427,65.70,21.40,6.70,8.80
25/2/18-10:55:23,846,178,428,64.90,21.50,5.30,7.10
25/2/18-10:56:24,846,228,480,66.40,21.50,5.30,5.90
25/2/18-10:57:25,846,282,463,65.30,21.50,5.00,6.10
25/2/18-10:58:26,846,224,427,64.70,21.50,5.40,7.80
25/2/18-10:59:27,846,155,414,65.90,21.50,5.20,5.80
25/2/18-11:0:28,846,207,449,65.30,21.60,6.30,7.60
25/2/18-11:1:29,846,213,449,64.60,21.60,6.20,7.70
25/2/18-11:2:30,846,233,454,64.60,21.60,6.80,8.80
25/2/18-11:3:31,847,203,482,65.40,21.60,6.50,9.60
25/2/18-11:4:32,847,262,476,66.00,21.60,6.20,8.90
25/2/18-11:5:33,846,318,484,65.10,21.70,6.60,7.80
25/2/18-11:6:34,846,210,449,64.50,21.70,7.70,8.80
25/2/18-11:7:35,845,165,433,64.10,21.70,8.90,12.30
25/2/18-11:8:36,845,158,410,64.40,21.70,7.00,7.80
25/2/18-11:9:37,846,119,410,65.10,21.70,6.50,7.40
25/2/18-11:10:38,845,206,458,64.90,21.70,6.80,7.50
25/2/18-11:11:39,845,148,420,64.80,21.80,6.10,7.60
25/2/18-11:12:40,845,178,433,63.90,21.70,5.80,6.40
25/2/18-11:13:41,846,271,447,64.90,21.70,6.10,7.50
25/2/18-11:14:42,846,247,421,65.60,21.80,6.40,8.10
25/2/18-11:15:43,845,273,443,65.60,21.80,7.30,9.20
25/2/18-11:16:44,847,320,484,65.90,21.90,6.80,7.50
25/2/18-11:17:45,846,249,438,65.50,21.90,6.10,6.80
25/2/18-11:18:46,846,169,418,64.50,22.00,5.60,9.70
25/2/18-11:19:47,846,166,415,63.90,22.00,6.40,9.80
25/2/18-11:20:48,847,161,421,62.60,22.00,7.10,8.30
25/2/18-11:21:49,846,132,442,62.70,22.00,6.60,8.80
25/2/18-11:22:50,846,199,497,61.80,21.90,6.80,7.50
25/2/18-11:23:51,846,279,479,63.40,22.00,7.10,10.40
25/2/18-11:24:52,846,302,455,62.90,22.10,8.00,10.50
25/2/18-11:25:53,846,253,457,63.90,22.20,7.80,9.20
25/2/18-11:26:54,846,250,473,63.30,22.20,8.60,11.10
25/2/18-11:27:55,846,313,507,64.00,22.20,7.40,8.80
25/2/18-11:28:56,846,181,438,64.90,22.30,8.50,10.70
25/2/18-11:29:57,846,189,424,62.90,22.20,6.60,7.30
25/2/18-11:30:58,845,145,420,63.70,22.30,6.90,7.60
25/2/18-11:31:59,845,165,431,61.30,22.30,6.40,7.10
25/2/18-11:33:0,848,116,411,61.80,22.40,7.40,10.10
25/2/18-11:34:1,846,105,408,61.00,22.30,5.80,6.50
25/2/18-11:35:2,846,100,410,63.00,22.30,8.40,9.90
25/2/18-11:36:3,845,142,446,63.30,22.30,9.60,13.40
25/2/18-11:37:4,845,135,415,62.90,22.30,9.20,11.80
25/2/18-11:38:5,845,178,423,64.10,22.30,9.70,14.00
25/2/18-11:39:6,846,113,413,65.70,22.30,9.40,16.70
25/2/18-11:40:7,845,146,431,62.60,22.30,11.40,13.10
25/2/18-11:41:7,846,186,441,66.00,22.30,10.50,12.70
25/2/18-11:42:8,846,171,423,65.60,22.30,9.90,12.90
25/2/18-11:43:9,846,229,506,63.30,22.40,10.90,13.40
25/2/18-11:44:10,846,185,446,63.00,22.50,10.80,13.20
25/2/18-11:45:11,845,160,422,64.70,22.50,10.70,11.90
25/2/18-11:46:12,846,154,471,64.00,22.50,13.30,16.90
25/2/18-11:47:13,846,227,474,62.50,22.60,28.00,32.90
25/2/18-11:48:14,846,208,431,62.90,22.60,37.50,48.00
25/2/18-11:49:15,846,249,448,61.70,22.70,16.70,19.60
25/2/18-11:50:16,846,266,450,64.20,22.70,13.80,15.40
25/2/18-11:51:17,846,233,443,63.20,22.80,12.10,14.90
25/2/18-11:52:18,845,184,454,64.20,22.80,15.30,17.10
25/2/18-11:53:19,846,174,432,62.80,22.90,12.70,14.00
25/2/18-11:54:20,845,184,486,64.20,22.90,12.80,14.30
25/2/18-11:55:21,846,231,469,62.30,22.90,14.10,15.80
25/2/18-11:56:22,846,198,433,61.80,22.90,13.10,14.50
25/2/18-11:57:23,845,283,495,61.30,23.00,12.40,13.80
25/2/18-11:58:24,846,209,506,62.80,23.00,13.00,14.40
25/2/18-11:59:25,845,245,498,62.40,23.00,10.30,12.40
25/2/18-12:0:26,845,352,544,63.80,23.10,9.80,10.90
25/2/18-12:1:27,846,228,463,63.10,23.10,8.70,10.60
25/2/18-12:2:28,846,170,428,59.00,23.10,8.70,9.60
25/2/18-12:3:29,846,138,424,59.80,23.10,9.30,12.90
25/2/18-12:4:30,846,226,453,58.70,23.10,9.90,12.50
25/2/18-12:5:31,845,237,426,61.10,23.10,10.00,11.60
25/2/18-12:6:32,845,173,415,63.70,23.10,10.70,11.90
25/2/18-12:7:33,846,187,466,61.70,23.20,10.90,13.10
25/2/18-12:8:34,846,205,432,60.60,23.20,9.30,10.20
25/2/18-12:9:35,846,194,437,62.20,23.20,8.80,9.70
25/2/18-12:10:36,846,173,453,58.80,23.20,10.60,13.50
25/2/18-12:11:37,846,154,444,58.90,23.20,16.20,18.00
25/2/18-12:12:38,845,233,454,58.40,23.30,20.50,25.80
25/2/18-12:13:39,847,225,515,59.80,23.30,22.40,28.60
25/2/18-12:14:40,846,161,428,59.80,23.30,10.20,13.60
25/2/18-12:15:41,846,212,467,58.80,23.40,8.20,9.20
25/2/18-12:16:42,845,183,434,63.00,23.40,8.30,10.00
25/2/18-12:17:43,845,181,521,59.00,23.40,8.60,12.00
25/2/18-12:18:44,847,250,488,59.90,23.40,6.90,7.60
25/2/18-12:19:45,845,139,419,61.60,23.40,8.00,8.80
25/2/18-12:20:46,846,160,437,61.40,23.40,8.90,11.40
25/2/18-12:21:47,846,130,434,60.10,23.40,9.00,11.30
25/2/18-12:22:48,845,211,459,60.10,23.50,9.70,10.80
25/2/18-12:23:49,846,149,425,60.30,23.50,9.20,10.20
25/2/18-12:24:50,846,141,429,59.70,23.60,8.90,12.80
25/2/18-12:25:51,846,164,449,57.70,23.60,8.40,9.30
25/2/18-12:26:52,846,147,442,58.80,23.60,13.00,14.50
25/2/18-12:27:53,846,155,452,60.70,23.60,10.40,11.60
25/2/18-12:28:54,845,133,432,58.80,23.60,9.30,10.30
25/2/18-12:29:55,845,169,503,57.60,23.60,9.20,13.50
25/2/18-12:30:55,845,114,421,61.20,23.70,8.90,9.90
25/2/18-12:31:56,845,129,418,60.80,23.70,9.70,11.60
25/2/18-12:32:57,846,96,411,59.50,23.70,8.70,11.40
25/2/18-12:33:58,845,95,440,56.70,23.70,6.40,8.20
25/2/18-12:34:59,846,116,429,56.60,23.60,6.80,7.50
25/2/18-12:36:0,845,133,424,57.60,23.60,7.90,9.30
25/2/18-12:37:1,845,139,459,60.70,23.60,6.90,8.80
25/2/18-12:38:2,845,128,443,61.00,23.70,7.00,7.90
25/2/18-12:39:3,846,130,495,58.20,23.70,7.80,11.80
25/2/18-12:40:4,845,250,478,61.80,23.70,6.90,8.40
25/2/18-12:41:5,845,214,446,57.10,23.70,7.00,9.50
25/2/18-12:42:6,846,108,412,58.90,23.80,7.60,8.50
25/2/18-12:43:7,846,90,409,58.10,23.70,8.20,9.10
25/2/18-12:44:8,845,133,446,58.10,23.70,8.20,10.20
25/2/18-12:45:9,845,118,422,61.70,23.70,12.20,15.80
25/2/18-12:46:10,845,108,423,61.60,23.80,9.20,11.80
25/2/18-12:47:11,845,156,450,60.30,23.80,11.30,15.30
25/2/18-12:48:12,846,179,492,60.70,23.80,10.80,12.30
25/2/18-12:49:13,845,265,491,61.00,23.90,9.60,13.00
25/2/18-12:50:14,845,242,459,65.00,23.90,10.10,11.30
25/2/18-12:51:15,845,355,613,65.40,24.00,17.60,21.90
25/2/18-12:52:16,845,190,427,63.40,24.10,15.30,19.80
25/2/18-12:53:17,845,135,438,61.80,24.10,9.60,11.10
25/2/18-12:54:18,845,128,441,61.00,24.00,8.30,14.70
25/2/18-12:55:19,845,134,429,62.50,24.00,8.20,10.20
25/2/18-12:56:20,845,134,426,64.30,24.00,16.20,19.30
25/2/18-12:57:21,845,182,489,64.40,23.90,16.90,23.30
25/2/18-12:58:22,845,188,461,63.70,23.90,13.70,15.70
25/2/18-12:59:23,845,141,419,62.90,24.00,21.10,25.00
25/2/18-13:0:24,845,113,413,62.20,24.00,8.80,10.70
25/2/18-13:1:25,845,167,471,60.30,24.00,6.10,7.40
25/2/18-13:2:26,845,271,496,60.90,24.00,5.70,8.80
25/2/18-13:3:27,845,133,410,61.80,24.10,12.60,15.10
25/2/18-13:4:28,846,280,622,57.60,24.10,5.50,6.10
25/2/18-13:5:29,846,254,447,58.40,24.10,4.30,4.90
25/2/18-13:6:30,845,243,439,58.40,24.10,4.90,6.30
25/2/18-13:7:31,846,168,421,58.20,24.20,4.70,6.90
25/2/18-13:8:32,845,209,457,58.50,24.20,6.20,6.90
25/2/18-13:9:33,845,129,420,60.80,24.20,13.20,17.20
25/2/18-13:10:34,846,116,449,58.70,24.30,7.50,8.30
25/2/18-13:11:35,845,136,496,57.50,24.20,7.90,9.40
25/2/18-13:12:36,845,116,420,57.60,24.20,7.70,8.50
25/2/18-13:13:37,846,91,405,58.70,24.20,7.10,11.30
25/2/18-13:14:38,846,93,408,59.90,24.20,6.30,7.40
25/2/18-13:15:39,845,138,413,57.50,24.20,5.80,12.20
25/2/18-13:16:40,846,186,470,58.20,24.20,5.20,12.90
25/2/18-13:17:41,845,255,464,57.90,24.20,4.50,5.00
25/2/18-13:18:42,844,230,448,57.90,24.20,6.00,7.60
25/2/18-13:19:43,845,143,420,58.40,24.30,4.80,6.00
25/2/18-13:20:44,845,145,455,58.60,24.30,4.20,5.10
25/2/18-13:21:44,846,132,421,56.80,24.30,4.60,5.60
25/2/18-13:22:45,845,102,406,58.30,24.30,4.80,5.90
25/2/18-13:23:46,845,171,455,57.20,24.30,3.70,4.10
25/2/18-13:24:47,845,210,480,58.30,24.30,4.60,6.60
25/2/18-13:25:48,845,145,425,58.50,24.40,6.00,10.90
25/2/18-13:26:49,845,184,444,55.20,24.40,5.60,6.60
25/2/18-13:27:50,845,189,427,56.80,24.40,4.20,5.50
25/2/18-13:28:51,845,191,455,56.70,24.40,3.70,4.60
25/2/18-13:29:52,845,144,417,59.00,24.40,5.40,8.00
25/2/18-13:30:53,845,156,415,57.70,24.30,7.90,10.30
25/2/18-13:31:54,845,172,425,59.40,24.40,6.30,7.00
25/2/18-13:32:55,846,132,416,59.40,24.40,6.00,6.70
25/2/18-13:33:56,846,161,453,59.40,24.40,5.50,6.10
25/2/18-13:34:57,845,140,431,59.80,24.40,6.10,8.40
25/2/18-13:35:58,845,96,403,57.00,24.50,4.90,8.70
25/2/18-13:36:59,845,90,408,57.60,24.50,4.30,6.20
25/2/18-13:38:0,845,88,407,57.50,24.40,4.60,5.90
25/2/18-13:39:1,846,99,421,56.20,24.40,4.30,15.60
25/2/18-13:40:2,845,163,445,56.00,24.40,4.20,6.60
25/2/18-13:41:3,845,242,464,56.60,24.40,5.40,6.20
25/2/18-13:42:4,845,242,478,57.40,24.50,5.70,6.30
25/2/18-13:43:5,845,246,488,57.50,24.50,4.00,5.00
25/2/18-13:44:6,845,143,410,60.60,24.60,5.30,8.10
25/2/18-13:45:7,845,167,471,57.40,24.70,4.40,5.30
25/2/18-13:46:8,845,215,426,58.50,24.60,3.70,5.70
25/2/18-13:47:9,845,163,429,56.40,24.60,4.10,6.60
25/2/18-13:48:10,845,205,456,59.60,24.60,3.70,4.60
25/2/18-13:49:11,847,296,552,59.60,24.70,5.30,21.20
25/2/18-13:50:12,845,180,419,58.90,24.70,5.20,12.00
25/2/18-13:51:13,845,184,429,59.10,24.80,3.60,4.70
25/2/18-13:52:14,845,131,416,57.20,24.80,2.80,3.00
25/2/18-13:53:15,845,206,492,54.70,24.90,10.00,12.90
25/2/18-13:54:16,845,218,471,56.50,24.90,6.00,8.80
25/2/18-13:55:17,845,186,438,54.10,24.80,9.40,13.40
25/2/18-13:56:18,845,164,439,56.70,24.80,15.30,19.50
25/2/18-13:57:19,845,188,426,55.70,24.90,7.80,10.40
25/2/18-13:58:20,845,174,443,55.80,25.00,5.20,6.90
25/2/18-13:59:21,845,148,429,54.40,25.00,4.50,5.90
25/2/18-14:0:22,845,282,514,55.60,25.00,3.80,5.70
25/2/18-14:1:23,845,151,421,53.50,25.00,5.90,7.00
25/2/18-14:2:24,845,151,434,56.00,25.10,7.10,7.90
25/2/18-14:3:25,845,191,472,55.30,25.10,5.90,6.90
25/2/18-14:4:26,846,157,443,53.50,25.10,7.10,9.90
25/2/18-14:5:27,845,138,435,59.40,25.10,4.00,4.70
25/2/18-14:6:28,845,122,421,57.10,25.20,3.50,5.30
25/2/18-14:7:29,845,124,424,54.90,25.10,3.80,6.00
25/2/18-14:8:30,846,210,481,58.40,25.10,4.90,7.50
25/2/18-14:9:31,845,195,451,58.60,25.10,4.50,6.20
25/2/18-14:10:32,844,194,453,56.50,25.10,6.00,11.80
25/2/18-14:11:33,845,136,429,54.40,25.10,7.00,10.30
25/2/18-14:12:34,845,174,456,55.20,25.00,5.20,6.60
25/2/18-14:13:34,845,124,416,57.30,25.10,6.20,10.30
25/2/18-14:14:35,845,123,441,53.90,25.00,5.70,8.40
25/2/18-14:15:36,845,138,427,55.20,25.00,7.10,13.20
25/2/18-14:16:37,845,121,430,55.30,25.10,5.10,6.10
25/2/18-14:17:38,845,108,421,54.10,25.10,4.30,6.00
25/2/18-14:18:39,845,210,460,54.60,25.00,3.90,4.50
25/2/18-14:19:40,845,124,432,56.60,25.10,4.40,7.50
25/2/18-14:20:41,845,173,441,56.30,25.10,5.50,18.60
25/2/18-14:21:42,845,145,425,55.40,25.10,4.20,6.90
25/2/18-14:22:43,846,117,421,55.50,25.10,3.90,4.90
25/2/18-14:23:44,845,184,492,56.20,25.20,3.30,4.60
25/2/18-14:24:45,845,190,490,56.70,25.20,3.00,3.80
25/2/18-14:25:46,845,232,456,55.90,25.20,3.20,3.50
25/2/18-14:26:47,845,195,433,58.50,25.30,3.10,4.30
25/2/18-14:27:48,845,124,426,55.80,25.30,5.20,7.20
25/2/18-14:28:49,847,166,455,55.50,25.30,3.90,4.50
25/2/18-14:29:50,844,126,416,57.60,25.30,3.50,4.80
25/2/18-14:30:51,845,111,423,56.80,25.30,3.40,8.10
25/2/18-14:31:52,844,146,423,55.50,25.30,3.00,3.30
25/2/18-14:32:53,845,153,443,56.40,25.30,3.30,3.60
25/2/18-14:33:54,844,136,415,58.20,25.30,3.80,4.60
25/2/18-14:34:55,845,165,446,56.20,25.30,4.10,9.20
25/2/18-14:35:56,845,117,418,58.60,25.40,5.00,6.00
25/2/18-14:36:57,844,140,430,55.70,25.40,2.80,3.00
25/2/18-14:37:58,846,195,446,58.30,25.40,3.20,3.50
25/2/18-14:38:59,846,171,437,56.80,25.40,2.90,3.30
25/2/18-14:40:0,845,118,425,54.90,25.40,4.40,5.80
25/2/18-14:41:1,845,258,506,53.90,25.40,2.80,3.30
25/2/18-14:42:2,845,283,450,55.60,25.50,3.10,4.00
25/2/18-14:43:3,845,341,571,53.40,25.60,4.00,4.60
25/2/18-14:44:4,845,265,431,54.70,25.60,3.10,3.60
25/2/18-14:45:5,844,139,415,53.00,25.70,5.20,7.50
25/2/18-14:46:6,845,162,464,53.40,25.60,4.50,6.50
25/2/18-14:47:7,845,280,499,52.30,25.50,4.10,7.30
25/2/18-14:48:8,846,258,475,53.70,25.60,3.60,6.00
25/2/18-14:49:9,845,163,440,52.70,25.60,2.70,3.00
25/2/18-14:50:10,845,185,456,52.50,25.60,3.00,4.80
25/2/18-14:51:11,845,197,433,53.70,25.60,2.50,3.00
25/2/18-14:52:12,845,192,431,54.40,25.60,3.10,3.40
25/2/18-14:53:13,845,143,428,3.20,25.60,3.50,4.10
25/2/18-14:54:14,845,167,444,55.50,25.70,3.40,3.80
25/2/18-14:55:15,845,236,487,54.40,25.70,7.90,79.90
25/2/18-14:56:16,845,203,449,53.90,25.70,3.20,7.20
25/2/18-14:57:17,845,168,437,53.70,25.70,3.20,6.40
25/2/18-14:58:18,845,157,439,55.10,25.70,3.00,3.80
25/2/18-14:59:19,844,123,420,54.90,25.80,4.20,4.70
25/2/18-15:0:20,845,107,418,55.20,25.80,3.70,5.20
25/2/18-15:1:21,844,148,430,55.10,25.70,2.60,3.90
25/2/18-15:2:22,844,110,418,54.60,25.80,2.40,3.30
25/2/18-15:3:23,845,156,438,53.50,25.70,4.00,8.50
25/2/18-15:4:24,845,137,443,55.20,25.80,3.70,8.70
25/2/18-15:5:25,845,134,428,55.10,25.70,2.70,4.20
25/2/18-15:6:25,845,111,412,55.20,25.80,2.70,6.50
25/2/18-15:7:26,844,141,425,55.20,25.80,2.80,3.20
25/2/18-15:8:27,845,116,419,55.90,25.80,2.70,3.00
25/2/18-15:9:28,844,161,424,54.60,25.80,2.60,4.10
25/2/18-15:10:29,845,112,412,54.50,25.80,2.90,8.00
25/2/18-15:11:30,845,153,441,54.00,25.80,3.70,5.00
25/2/18-15:12:31,844,173,476,54.90,25.90,2.90,4.20
25/2/18-15:13:32,845,172,455,54.50,25.80,2.50,5.40
25/2/18-15:14:33,844,138,421,54.50,25.90,2.60,3.50
25/2/18-15:15:34,844,101,411,52.90,25.90,2.70,6.80
25/2/18-15:16:35,845,169,443,53.30,25.90,2.10,2.60
25/2/18-15:17:36,844,137,435,53.80,25.90,2.20,5.80
25/2/18-15:18:37,844,240,470,53.90,25.90,2.80,6.90
25/2/18-15:19:38,845,139,429,56.80,26.00,3.10,4.80
25/2/18-15:20:39,844,202,485,54.60,25.90,2.70,3.00
25/2/18-15:21:40,845,168,431,55.90,26.00,2.20,4.00
25/2/18-15:22:41,845,125,425,55.00,26.00,2.50,2.90
25/2/18-15:23:42,844,123,424,54.40,26.00,2.30,3.70
25/2/18-15:24:43,844,101,406,55.10,26.00,2.50,3.20
25/2/18-15:25:44,845,125,426,54.90,25.90,2.10,4.70
25/2/18-15:26:45,845,242,484,54.80,26.00,1.60,2.30
25/2/18-15:27:46,845,223,452,54.70,26.00,1.80,2.00
25/2/18-15:28:47,845,268,495,56.90,26.00,2.00,3.60
25/2/18-15:29:48,845,218,474,55.50,26.00,1.60,2.50
25/2/18-15:30:49,845,279,494,54.00,26.10,1.60,1.70
25/2/18-15:31:50,844,287,482,54.50,26.10,1.60,2.30
25/2/18-15:32:51,844,324,462,53.80,26.10,1.80,2.60
25/2/18-15:33:52,844,231,428,56.70,26.20,1.80,2.80
25/2/18-15:34:53,844,126,416,53.40,26.30,1.70,1.90
25/2/18-15:35:54,844,157,438,53.00,26.20,1.60,2.30
25/2/18-15:36:55,845,180,491,53.30,26.20,1.60,2.00
25/2/18-15:37:56,844,148,424,56.20,26.20,2.20,3.30
25/2/18-15:38:57,845,121,411,55.80,26.20,2.00,2.20
25/2/18-15:39:58,844,162,470,51.60,26.20,1.90,2.10
25/2/18-15:40:59,845,176,443,54.40,26.20,1.60,2.20
25/2/18-15:42:0,844,157,435,55.00,26.30,1.40,3.10
25/2/18-15:43:1,844,133,427,54.80,26.20,1.60,1.90
25/2/18-15:44:2,846,203,441,54.20,26.20,1.60,2.50
25/2/18-15:45:3,844,212,473,53.50,26.20,1.50,2.70
25/2/18-15:46:4,844,292,466,52.80,26.30,1.50,1.60
25/2/18-15:47:5,844,169,432,54.50,26.30,1.50,2.50
25/2/18-15:48:6,845,159,440,51.30,26.30,1.80,2.80
25/2/18-15:49:7,844,114,418,50.60,26.30,1.60,2.10
25/2/18-15:50:8,845,194,470,51.00,26.30,1.60,3.80
25/2/18-15:51:9,845,246,474,51.90,26.40,1.60,5.00
25/2/18-15:52:10,844,205,459,52.90,26.40,1.30,1.90
25/2/18-15:53:11,845,176,436,51.40,26.40,1.40,2.70
25/2/18-15:54:12,844,155,432,50.10,26.40,1.90,2.00
25/2/18-15:55:13,844,130,432,49.40,26.40,2.10,2.70
25/2/18-15:56:14,844,172,455,50.50,26.40,2.40,9.40
25/2/18-15:57:15,845,130,417,51.80,26.40,2.20,5.90
25/2/18-15:58:16,845,246,498,51.40,26.40,1.60,1.70
25/2/18-15:59:17,845,279,475,50.70,26.50,1.80,2.00
25/2/18-16:0:18,844,200,426,51.70,26.50,1.40,1.60
25/2/18-16:1:18,845,156,458,50.50,26.50,1.30,2.10
25/2/18-16:2:19,844,339,535,53.00,26.50,1.50,2.00
25/2/18-16:3:20,845,310,488,51.00,26.50,1.40,1.50
25/2/18-16:4:21,845,229,423,50.70,26.60,1.80,2.40
25/2/18-16:5:22,844,154,418,49.70,26.60,1.50,2.00
25/2/18-16:6:23,844,135,436,48.00,26.60,1.40,1.70
25/2/18-16:7:24,845,144,442,48.10,26.50,1.60,3.40
25/2/18-16:8:25,846,151,431,48.80,26.50,1.10,1.40
25/2/18-16:9:26,845,232,488,50.00,26.50,1.50,2.20
25/2/18-16:10:27,845,135,423,51.80,26.50,1.20,1.30
25/2/18-16:11:28,845,104,410,50.20,26.50,1.30,2.20
25/2/18-16:12:29,844,162,497,48.10,26.40,1.40,2.00
25/2/18-16:13:30,844,279,489,48.20,26.40,1.20,1.30
25/2/18-16:14:31,844,294,470,50.90,26.50,1.20,1.80
25/2/18-16:15:32,844,320,444,51.10,26.50,1.20,1.30
25/2/18-16:16:33,845,349,506,50.40,26.50,1.20,2.70
25/2/18-16:17:34,845,266,426,50.00,26.60,1.20,1.30
25/2/18-16:18:35,844,280,462,48.40,26.60,1.30,2.70
25/2/18-16:19:36,845,188,434,48.80,26.70,1.10,1.40
25/2/18-16:20:37,845,176,429,48.80,26.70,1.20,1.60
25/2/18-16:21:38,844,246,445,49.20,26.70,1.70,2.10
25/2/18-16:22:39,845,196,421,50.20,26.80,1.30,3.20
25/2/18-16:23:40,846,106,407,50.30,26.80,1.20,1.30
25/2/18-16:24:41,845,116,430,48.80,26.70,1.50,3.50
25/2/18-16:25:42,845,125,423,50.60,26.60,1.00,1.00
25/2/18-16:26:43,845,139,422,52.00,26.60,1.10,2.60
25/2/18-16:27:44,845,202,455,51.60,26.60,1.00,1.10
25/2/18-16:28:45,845,216,442,51.50,26.60,1.00,1.10
25/2/18-16:29:46,845,216,481,52.70,26.70,1.40,4.70
25/2/18-16:30:47,844,165,418,50.50,26.70,1.20,2.00
25/2/18-16:31:48,844,123,424,49.20,26.80,1.20,1.50
25/2/18-16:32:49,844,123,424,49.70,26.70,1.20,1.40
25/2/18-16:33:50,844,118,430,43.30,26.80,0.90,1.20
25/2/18-16:34:51,845,144,447,43.00,26.70,1.20,1.30
25/2/18-16:35:52,845,229,504,43.80,26.70,1.50,11.50
25/2/18-16:36:53,845,310,464,43.80,26.70,1.10,1.90
25/2/18-16:37:54,844,275,455,45.60,26.80,1.50,2.50
25/2/18-16:38:55,844,174,442,50.00,26.90,1.20,2.70
25/2/18-16:39:56,845,257,478,48.60,26.90,1.00,2.20
25/2/18-16:40:57,844,187,439,48.10,26.90,1.00,1.10
25/2/18-16:41:58,845,179,457,50.60,27.00,1.00,1.10
25/2/18-16:42:59,846,162,436,47.50,27.00,1.10,1.50
25/2/18-16:44:0,844,126,422,48.10,27.00,2.80,6.40
25/2/18-16:45:1,845,102,411,46.80,26.90,0.80,1.00
25/2/18-16:46:2,844,133,459,47.90,26.90,0.90,1.00
25/2/18-16:47:3,845,143,426,48.90,26.90,0.90,1.30
25/2/18-16:48:4,844,130,429,47.90,26.90,0.80,0.80
25/2/18-16:49:5,845,152,440,48.60,26.90,1.00,2.50
25/2/18-16:50:6,844,120,414,47.90,26.90,1.00,1.10
25/2/18-16:51:7,844,114,420,46.70,26.90,0.80,1.10
25/2/18-16:52:8,844,128,434,47.20,26.90,1.00,3.80
25/2/18-16:53:9,845,187,446,47.60,26.90,1.00,1.10
25/2/18-16:54:10,844,155,438,48.80,26.90,1.00,3.10
25/2/18-16:55:11,845,136,424,48.00,27.00,0.90,1.00
25/2/18-16:56:12,844,293,518,47.30,27.00,1.30,2.20
25/2/18-16:57:12,845,204,442,48.20,27.00,1.70,4.40
25/2/18-16:58:13,844,175,473,47.60,27.00,1.10,1.20
25/2/18-16:59:14,844,215,449,47.00,27.00,0.90,1.80
25/2/18-17:0:15,845,298,486,48.50,27.00,0.80,0.80
25/2/18-17:1:16,845,298,459,50.90,27.10,0.90,0.90
25/2/18-17:2:17,845,379,515,47.50,27.10,0.80,1.10
25/2/18-17:3:18,845,429,581,49.90,27.20,1.00,1.40
25/2/18-17:4:19,845,361,467,50.00,27.20,1.60,3.50
25/2/18-17:5:20,844,221,435,48.10,27.20,1.00,2.70
25/2/18-17:6:21,845,132,428,46.50,27.20,0.60,1.70
25/2/18-17:7:22,845,133,437,47.00,27.20,1.00,1.50
25/2/18-17:8:23,844,191,466,47.50,27.10,0.90,4.30
25/2/18-17:9:24,844,205,469,48.10,27.10,0.80,3.90
25/2/18-17:10:25,845,146,449,50.50,27.10,1.40,4.40
25/2/18-17:11:26,844,165,457,48.70,27.10,1.00,2.20
25/2/18-17:12:27,845,141,440,47.50,27.20,0.70,0.80
25/2/18-17:13:28,845,155,443,49.00,27.10,0.70,0.70
25/2/18-17:14:29,845,140,443,46.00,27.10,1.00,1.60
25/2/18-17:15:30,845,123,434,47.50,27.10,0.80,1.40
25/2/18-17:16:31,845,113,424,47.70,27.10,0.90,1.40
25/2/18-17:17:32,845,199,504,49.90,27.10,0.80,0.80
25/2/18-17:18:33,845,174,454,49.80,27.10,0.70,1.10
25/2/18-17:19:34,845,122,438,46.80,27.20,0.70,1.40
25/2/18-17:20:35,844,146,427,46.90,27.10,0.60,1.00
25/2/18-17:21:36,845,153,442,44.90,27.20,0.70,1.20
25/2/18-17:22:37,844,305,496,45.40,27.20,0.80,2.90
25/2/18-17:23:38,845,271,529,47.30,27.20,0.90,1.60
25/2/18-17:24:39,845,212,452,48.80,27.30,0.70,1.00
25/2/18-17:25:40,845,170,460,47.40,27.30,0.80,1.10
25/2/18-17:26:41,845,152,441,47.70,27.30,0.80,3.20
25/2/18-17:27:42,845,126,432,47.10,27.30,0.80,2.00
25/2/18-17:28:43,845,125,423,44.40,27.30,0.80,1.60
25/2/18-17:29:44,845,109,420,44.30,27.30,0.80,0.90
25/2/18-17:30:45,845,224,494,43.70,27.30,1.00,2.90
25/2/18-17:31:46,844,243,467,46.10,27.30,1.30,6.20
25/2/18-17:32:47,845,158,442,47.00,27.30,1.10,1.70
25/2/18-17:33:48,845,148,445,45.50,27.30,0.90,1.90
25/2/18-17:34:49,845,221,449,44.50,27.30,0.80,3.10
25/2/18-17:35:50,846,158,437,43.40,27.40,1.00,2.40
25/2/18-17:36:51,845,224,494,43.40,27.40,1.00,1.90
25/2/18-17:37:52,845,154,429,46.80,27.40,0.90,2.30
25/2/18-17:38:53,845,186,459,43.20,27.40,0.90,3.70
25/2/18-17:39:54,845,150,433,43.50,27.50,0.90,2.20
25/2/18-17:40:55,846,129,433,42.70,27.50,1.00,1.00
25/2/18-17:41:56,845,143,435,42.20,27.40,0.90,2.60
25/2/18-17:42:57,845,127,433,43.90,27.50,0.90,1.70
25/2/18-17:43:58,845,112,428,43.50,27.50,0.80,1.00
25/2/18-17:44:59,844,107,427,42.70,27.50,1.40,2.60
25/2/18-17:46:0,845,104,418,43.50,27.40,1.20,5.60
25/2/18-17:47:1,844,111,420,42.50,27.40,1.20,2.70
25/2/18-17:48:2,845,116,446,43.40,27.40,0.90,2.50
25/2/18-17:49:3,844,126,443,43.00,27.40,0.70,2.50
25/2/18-17:50:4,845,173,463,44.90,27.40,0.90,1.00
25/2/18-17:51:5,844,215,453,42.50,27.50,0.90,2.40
25/2/18-17:52:6,845,177,473,43.20,27.50,0.70,1.20
25/2/18-17:53:7,845,236,454,44.40,27.60,0.80,2.20
25/2/18-17:54:7,845,187,438,49.50,27.70,0.70,1.30
25/2/18-17:55:8,845,203,440,49.10,27.70,0.80,0.90
25/2/18-17:56:9,845,139,430,48.40,27.80,0.80,1.30
25/2/18-17:57:10,845,135,431,47.50,27.70,1.00,2.20
25/2/18-17:58:11,845,112,424,48.10,27.80,1.10,1.50
25/2/18-17:59:12,844,175,471,45.90,27.80,0.70,1.50
25/2/18-18:0:13,844,275,465,48.20,27.80,1.10,2.20
25/2/18-18:1:14,845,216,474,48.20,27.90,0.90,1.40
25/2/18-18:2:15,846,208,471,48.80,27.90,0.90,1.00
25/2/18-18:3:16,845,186,430,49.30,27.90,0.70,0.70
25/2/18-18:4:17,845,188,446,47.00,27.90,0.80,2.50
25/2/18-18:5:18,845,143,436,46.10,27.90,0.90,1.30
25/2/18-18:6:19,844,150,440,47.00,27.80,0.70,1.20
25/2/18-18:7:20,845,136,444,48.90,27.90,0.80,1.10
25/2/18-18:8:21,844,136,431,48.20,27.80,1.00,2.50
25/2/18-18:9:22,844,152,461,48.10,27.80,0.80,2.10
25/2/18-18:10:23,845,186,449,47.60,27.90,0.80,1.00
25/2/18-18:11:24,845,132,431,46.60,27.90,1.10,3.60
25/2/18-18:12:25,845,159,454,47.60,27.90,0.80,2.60
25/2/18-18:13:26,844,142,456,46.50,27.90,0.90,0.90
25/2/18-18:14:27,845,254,491,48.50,27.90,0.70,1.30
25/2/18-18:15:28,844,270,469,48.90,28.00,0.90,2.30
25/2/18-18:16:29,845,348,539,48.70,28.00,0.70,0.80
25/2/18-18:17:30,845,258,468,48.50,28.00,0.70,1.50
25/2/18-18:18:31,844,247,452,48.30,28.00,0.60,1.80
25/2/18-18:19:32,844,199,441,46.40,28.00,0.70,1.60
25/2/18-18:20:33,846,147,441,46.70,28.00,0.80,1.20
25/2/18-18:21:34,845,168,460,49.40,28.00,0.90,2.60
25/2/18-18:22:35,844,181,444,48.90,28.00,1.40,15.50
25/2/18-18:23:36,845,128,433,48.40,28.00,1.30,8.10
25/2/18-18:24:37,844,153,460,48.10,28.00,1.00,5.50
25/2/18-18:25:38,845,143,438,46.30,27.90,0.90,3.10
25/2/18-18:26:39,844,148,441,44.90,27.90,0.70,2.40
25/2/18-18:27:40,844,128,431,47.40,27.90,0.90,1.20
25/2/18-18:28:41,845,135,438,47.10,27.80,0.60,0.60
25/2/18-18:29:42,844,134,432,46.90,27.80,0.90,3.50
25/2/18-18:30:43,844,124,428,48.30,27.80,0.80,3.00
25/2/18-18:31:44,845,109,422,47.20,27.80,0.70,1.00
25/2/18-18:32:45,844,137,433,51.60,27.70,0.90,1.70
25/2/18-18:33:46,843,142,438,51.80,27.70,0.90,1.90
25/2/18-18:34:47,845,268,474,50.70,27.80,0.70,0.70
25/2/18-18:35:48,845,166,450,51.70,27.80,0.80,2.30
25/2/18-18:36:49,845,150,456,50.10,27.90,0.90,3.70
25/2/18-18:37:50,844,190,455,47.80,27.80,6.20,105.90
25/2/18-18:38:51,845,134,420,46.40,27.80,5.50,101.60
25/2/18-18:39:52,845,113,421,44.40,27.90,1.00,7.20
25/2/18-18:40:53,844,115,434,43.60,27.80,1.20,5.30
25/2/18-18:41:54,844,131,432,43.80,27.80,1.00,7.60
25/2/18-18:42:55,844,159,442,42.10,27.80,0.90,3.20
25/2/18-18:43:56,845,127,426,44.10,27.80,0.70,1.90
25/2/18-18:44:57,844,114,423,44.20,27.80,0.90,1.30
25/2/18-18:45:58,844,131,460,44.20,27.80,0.70,0.90
25/2/18-18:46:59,844,157,439,46.80,27.90,0.90,0.90
25/2/18-18:48:0,844,162,433,43.90,27.90,0.80,1.60
25/2/18-18:49:1,844,139,431,43.00,27.90,1.00,3.50
25/2/18-18:50:2,845,126,429,45.90,28.00,1.40,11.00
25/2/18-18:51:3,845,163,436,46.40,27.90,3.20,34.80
25/2/18-18:52:3,844,138,437,43.90,28.00,3.20,46.20
25/2/18-18:53:4,844,205,470,43.80,28.00,1.30,6.60
25/2/18-18:54:5,845,168,447,47.30,28.10,0.90,1.10
25/2/18-18:55:6,845,134,433,41.40,28.10,0.90,1.90
25/2/18-18:56:7,844,142,442,38.20,28.10,1.00,5.40
25/2/18-18:57:8,844,118,427,42.30,28.10,1.00,4.50
25/2/18-18:58:9,844,134,442,42.30,28.10,0.90,1.90
25/2/18-18:59:10,845,141,431,40.10,28.10,1.00,6.30
25/2/18-19:0:11,844,180,440,40.70,28.10,2.00,18.80
25/2/18-19:1:12,845,184,446,40.30,28.10,1.00,1.60
25/2/18-19:2:13,845,179,451,40.20,28.20,1.50,11.10
25/2/18-19:3:14,844,178,447,40.70,28.20,1.00,2.10
25/2/18-19:4:15,844,177,440,39.20,28.20,1.10,2.50
25/2/18-19:5:16,844,163,440,38.30,28.20,0.80,1.60
25/2/18-19:6:17,844,172,443,38.20,28.20,1.00,2.70
25/2/18-19:7:18,844,139,423,39.90,28.30,0.60,1.50
25/2/18-19:8:19,844,126,427,39.60,28.20,0.90,4.50
25/2/18-19:9:20,843,139,440,37.40,28.20,1.00,1.80
25/2/18-19:10:21,844,130,431,37.70,28.10,1.00,2.60
25/2/18-19:11:22,844,143,445,38.10,28.10,0.90,1.80
25/2/18-19:12:23,844,125,424,37.60,28.00,0.70,0.90
25/2/18-19:13:24,844,127,426,38.20,28.00,1.00,2.50
25/2/18-19:14:25,843,128,426,38.70,27.90,1.40,12.90
25/2/18-19:15:26,844,120,425,37.70,27.80,1.30,7.60
25/2/18-19:16:27,844,119,423,39.90,27.80,0.80,1.50
25/2/18-19:17:28,843,177,477,39.30,27.70,1.00,3.00
25/2/18-19:18:29,844,176,442,42.60,27.70,1.00,2.90
25/2/18-19:19:30,844,143,431,40.10,27.60,0.80,2.10
25/2/18-19:20:31,844,162,433,39.20,27.50,0.80,3.30
25/2/18-19:21:32,844,186,440,43.70,27.50,1.30,12.20
25/2/18-19:22:33,844,195,443,44.10,27.40,2.40,11.40
25/2/18-19:23:34,844,134,421,40.30,27.30,0.90,1.30
25/2/18-19:24:35,845,120,422,40.30,27.30,1.00,1.30
25/2/18-19:25:36,844,141,443,39.90,27.10,0.90,2.90
25/2/18-19:26:37,845,134,424,41.30,27.10,1.00,2.10
25/2/18-19:27:38,844,125,423,41.30,27.00,1.40,2.60
25/2/18-19:28:39,845,118,423,40.90,27.00,1.40,2.10
25/2/18-19:29:40,844,111,417,40.30,26.90,1.60,3.50
25/2/18-19:30:41,844,132,424,40.30,26.80,1.80,10.00
25/2/18-19:31:42,845,123,422,41.70,26.70,1.80,5.70
25/2/18-19:32:43,845,130,423,42.60,26.70,1.30,3.20
25/2/18-19:33:44,844,127,424,44.00,26.60,1.50,1.70
25/2/18-19:34:45,845,142,426,43.80,26.60,1.20,1.50
25/2/18-19:35:46,845,123,417,44.30,26.50,1.30,2.20
25/2/18-19:36:47,844,126,421,43.30,26.50,1.50,3.30
25/2/18-19:37:48,845,151,421,44.50,26.50,1.30,2.20
25/2/18-19:38:49,845,124,420,45.00,26.50,1.40,2.20
25/2/18-19:39:50,844,128,427,44.00,26.40,1.10,2.30
25/2/18-19:40:51,844,141,426,43.70,26.30,1.30,1.90
25/2/18-19:41:52,844,142,425,45.90,26.30,1.80,4.40
25/2/18-19:42:53,844,156,428,45.30,26.30,1.60,3.70
25/2/18-19:43:54,845,168,430,46.10,26.30,1.20,1.60
25/2/18-19:44:55,845,181,446,48.50,26.20,1.80,5.50
25/2/18-19:45:56,845,164,423,46.80,26.10,1.40,4.20
25/2/18-19:46:57,844,169,430,47.70,26.10,1.50,4.00
25/2/18-19:47:58,845,168,432,45.70,26.10,1.70,4.40
25/2/18-19:48:59,844,168,426,46.60,26.00,1.60,5.20
25/2/18-19:49:59,844,157,424,46.00,26.00,1.50,3.80
25/2/18-19:51:0,844,146,423,46.90,26.00,1.80,6.40
25/2/18-19:52:1,845,137,417,44.90,25.90,2.20,5.00
25/2/18-19:53:2,845,130,420,45.70,25.90,2.10,5.00
25/2/18-19:54:3,845,189,442,48.80,25.90,1.90,2.60
25/2/18-19:55:4,845,175,426,48.00,25.90,1.70,2.90
25/2/18-19:56:5,845,167,429,46.50,25.90,1.70,3.90
25/2/18-19:57:6,845,142,424,46.40,25.80,1.50,4.50
25/2/18-19:58:7,845,187,440,47.20,25.80,1.00,1.10
25/2/18-19:59:8,844,179,431,45.60,25.80,1.10,1.90
25/2/18-20:0:9,845,172,442,48.00,25.80,1.30,2.00
25/2/18-20:1:10,844,140,421,46.30,25.80,1.10,2.50
25/2/18-20:2:11,845,144,424,45.90,25.80,1.00,2.10
25/2/18-20:3:12,845,153,430,45.60,25.80,0.90,1.80
25/2/18-20:4:13,845,157,432,47.20,25.70,1.30,6.00
25/2/18-20:5:14,845,141,435,44.00,25.70,1.30,4.70
25/2/18-20:6:15,844,146,422,45.60,25.60,1.10,3.80
25/2/18-20:7:16,845,164,431,46.00,25.60,1.20,2.60
25/2/18-20:8:17,844,158,428,45.80,25.60,1.20,3.20
25/2/18-20:9:18,845,172,447,46.60,25.60,1.10,2.60
25/2/18-20:10:19,844,146,427,47.40,25.60,1.00,1.60
25/2/18-20:11:20,845,162,429,48.40,25.50,3.80,37.90
25/2/18-20:12:21,845,144,422,49.00,25.50,1.40,4.60
25/2/18-20:13:22,845,154,436,46.10,25.50,1.20,1.50
25/2/18-20:14:23,845,151,424,50.60,25.40,1.30,3.20
25/2/18-20:15:24,845,141,423,49.40,25.40,1.20,2.50
25/2/18-20:16:25,844,176,430,49.10,25.30,1.40,1.70
25/2/18-20:17:26,844,156,430,49.80,25.30,1.20,2.00
25/2/18-20:18:27,845,212,441,49.70,25.20,1.40,5.10
25/2/18-20:19:28,845,178,425,51.90,25.20,1.40,3.70
25/2/18-20:20:29,845,148,422,50.50,25.20,1.30,4.00
25/2/18-20:21:30,845,171,434,49.50,25.10,1.30,4.60
25/2/18-20:22:31,844,174,440,50.40,25.10,1.40,2.70
25/2/18-20:23:32,845,171,430,50.50,25.00,1.20,2.80
25/2/18-20:24:33,844,176,432,51.80,25.00,1.80,2.80
25/2/18-20:25:34,846,159,427,49.80,25.00,1.90,5.00
25/2/18-20:26:35,845,159,427,50.50,24.90,1.60,3.30
25/2/18-20:27:36,844,146,425,51.00,24.90,1.70,5.30
25/2/18-20:28:37,845,175,432,52.00,24.90,1.70,2.60
25/2/18-20:29:38,846,155,422,52.60,24.90,1.60,3.70
25/2/18-20:30:39,845,165,426,50.50,24.80,1.60,2.30
25/2/18-20:31:40,844,162,434,52.70,24.80,2.10,6.40
25/2/18-20:32:41,845,157,424,50.60,24.80,1.90,5.00
25/2/18-20:33:42,845,149,424,52.50,24.70,1.90,3.40
25/2/18-20:34:43,846,151,425,51.00,24.70,1.60,3.00
25/2/18-20:35:44,845,154,425,51.20,24.70,2.30,4.70
25/2/18-20:36:45,845,163,429,50.90,24.70,2.10,4.50
25/2/18-20:37:46,845,162,427,52.60,24.70,2.30,5.70
25/2/18-20:38:47,845,168,426,50.70,24.60,1.90,3.90
25/2/18-20:39:48,844,179,427,52.50,24.60,2.10,4.70
25/2/18-20:40:49,845,196,432,50.70,24.60,2.00,3.70
25/2/18-20:41:50,845,229,434,51.90,24.60,1.70,2.80
25/2/18-20:42:50,845,221,439,53.30,24.60,1.70,4.40
25/2/18-20:43:51,845,258,441,53.90,24.60,2.10,8.70
25/2/18-20:44:52,845,227,437,52.90,24.60,1.80,3.60
25/2/18-20:45:53,845,214,436,52.50,24.60,2.30,6.30
25/2/18-20:46:54,845,203,437,51.80,24.50,2.30,6.20
25/2/18-20:47:55,846,213,434,51.90,24.50,2.30,7.30
25/2/18-20:48:56,844,212,434,52.00,24.50,2.20,5.10
25/2/18-20:49:57,845,186,428,53.60,24.50,2.70,9.10
25/2/18-20:50:58,846,207,439,51.40,24.40,2.20,4.20
25/2/18-20:51:59,845,213,436,54.10,24.40,2.60,7.00
25/2/18-20:53:0,845,208,431,53.20,24.40,2.70,6.40
25/2/18-20:54:1,845,239,438,52.90,24.40,2.70,7.80
25/2/18-20:55:2,845,237,429,57.50,24.40,2.80,7.10
25/2/18-20:56:3,845,193,426,52.60,24.40,2.20,6.50
25/2/18-20:57:4,845,186,425,54.00,24.30,2.70,6.20
25/2/18-20:58:5,845,251,456,53.20,24.30,2.60,5.50
25/2/18-20:59:6,845,322,452,53.90,24.30,2.20,4.20
25/2/18-21:0:7,847,283,438,53.80,24.30,2.30,5.60
25/2/18-21:1:8,845,233,430,53.90,24.30,2.70,5.20
25/2/18-21:2:9,845,249,444,52.60,24.20,2.70,7.20
25/2/18-21:3:10,846,232,433,54.30,24.20,2.40,6.00
25/2/18-21:4:11,845,249,432,54.30,24.20,2.50,6.50
25/2/18-21:5:12,845,219,431,54.10,24.20,2.90,6.90
25/2/18-21:6:13,845,233,439,58.70,24.10,2.40,7.30
25/2/18-21:7:14,845,280,447,58.20,24.10,2.60,6.70
25/2/18-21:8:15,845,276,438,59.20,24.20,2.50,4.30
25/2/18-21:9:16,845,270,439,55.00,24.10,2.80,5.80
25/2/18-21:10:17,845,261,438,59.20,24.20,2.70,7.00
25/2/18-21:11:18,845,295,451,60.30,24.10,2.60,7.50
25/2/18-21:12:19,845,360,486,59.70,24.10,3.20,6.90
25/2/18-21:13:20,845,358,457,57.20,24.10,2.70,5.10
25/2/18-21:14:21,845,319,445,58.80,24.20,3.40,13.40
25/2/18-21:15:22,845,299,441,60.00,24.10,2.90,7.10
25/2/18-21:16:23,845,301,451,56.20,24.10,3.30,6.60
25/2/18-21:17:24,846,320,451,55.60,24.00,3.10,5.70
25/2/18-21:18:25,845,355,464,55.00,24.00,3.30,6.70
25/2/18-21:19:26,845,343,452,54.60,24.00,2.90,6.00
25/2/18-21:20:27,845,346,467,56.90,24.00,4.10,9.40
25/2/18-21:21:28,845,312,444,55.00,24.00,3.40,6.50
25/2/18-21:22:29,845,276,439,54.20,23.90,3.90,10.10
25/2/18-21:23:30,845,288,443,54.70,23.90,3.20,5.40
25/2/18-21:24:31,845,299,447,56.70,23.90,3.40,8.80
25/2/18-21:25:32,845,287,441,57.00,23.90,3.50,5.60
25/2/18-21:26:33,845,298,448,56.00,23.80,3.20,7.20
25/2/18-21:27:34,844,269,438,56.20,23.80,3.30,4.80
25/2/18-21:28:35,845,260,447,55.50,23.80,4.30,8.80
25/2/18-21:29:36,845,242,433,55.60,23.70,3.50,8.00
25/2/18-21:30:37,845,254,437,56.30,23.70,3.40,4.60
25/2/18-21:31:38,845,248,431,55.90,23.70,4.10,9.00
25/2/18-21:32:39,845,264,436,56.10,23.70,3.90,9.00
25/2/18-21:33:39,845,250,433,56.70,23.70,4.00,14.10
25/2/18-21:34:40,844,283,441,57.50,23.70,3.80,9.60
25/2/18-21:35:41,845,242,433,56.40,23.70,4.10,8.40
25/2/18-21:36:42,845,225,433,55.90,23.60,3.70,6.90
25/2/18-21:37:43,845,246,440,55.60,23.60,3.30,7.10
25/2/18-21:38:44,845,244,430,57.40,23.60,3.30,6.70
25/2/18-21:39:45,845,260,456,56.80,23.60,3.30,6.60
25/2/18-21:40:46,845,281,471,57.60,23.60,3.30,6.50
25/2/18-21:41:47,845,262,439,57.00,23.60,3.20,6.00
25/2/18-21:42:48,845,281,442,56.10,23.50,3.20,5.20
25/2/18-21:43:49,845,282,441,58.10,23.60,3.40,7.30
25/2/18-21:44:50,846,257,428,58.10,23.60,3.10,6.70
25/2/18-21:45:51,845,288,456,56.90,23.60,2.80,6.70
25/2/18-21:46:52,845,256,438,58.20,23.60,2.90,5.90
25/2/18-21:47:53,845,274,438,58.60,23.60,2.70,6.60
25/2/18-21:48:54,845,270,436,59.80,23.60,3.10,9.60
25/2/18-21:49:55,845,234,432,58.20,23.60,2.80,4.60
25/2/18-21:50:56,845,246,445,57.40,23.50,2.40,5.50
25/2/18-21:51:57,846,247,431,57.50,23.50,2.90,9.80
25/2/18-21:52:58,845,257,430,58.10,23.50,3.30,6.90
25/2/18-21:53:59,844,226,432,58.00,23.50,3.60,7.30
25/2/18-21:55:0,845,212,429,58.20,23.50,3.10,6.20
25/2/18-21:56:1,845,199,427,59.60,23.50,3.30,6.00
25/2/18-21:57:2,845,222,430,58.20,23.50,3.30,6.30
25/2/18-21:58:3,845,221,432,58.30,23.40,3.30,6.70
25/2/18-21:59:4,845,219,425,58.20,23.40,3.50,6.50
25/2/18-22:0:5,845,248,437,58.00,23.40,3.00,4.90
25/2/18-22:1:6,845,240,427,58.40,23.40,3.10,5.80
25/2/18-22:2:7,846,229,433,58.00,23.40,3.30,5.00
25/2/18-22:3:8,845,228,428,58.00,23.40,2.90,4.90
25/2/18-22:4:9,846,218,429,57.70,23.40,3.00,7.80
25/2/18-22:5:10,845,221,429,58.20,23.40,3.00,6.30
25/2/18-22:6:11,845,234,435,58.20,23.40,3.30,8.60
25/2/18-22:7:12,845,278,453,58.40,23.40,3.20,5.30
25/2/18-22:8:13,845,271,433,58.30,23.40,3.00,5.40
25/2/18-22:9:14,846,300,443,58.30,23.40,3.40,7.10
25/2/18-22:10:15,845,304,447,59.70,23.40,3.80,8.10
25/2/18-22:11:16,844,278,439,58.70,23.40,3.30,8.20
25/2/18-22:12:17,846,264,439,58.30,23.40,3.80,8.40
25/2/18-22:13:18,845,275,442,57.30,23.30,4.00,8.60
25/2/18-22:14:19,845,292,440,57.70,23.40,3.40,4.40
25/2/18-22:15:20,845,258,437,58.30,23.30,4.10,10.30
25/2/18-22:16:21,846,244,433,59.00,23.30,3.60,6.70
25/2/18-22:17:22,846,249,439,58.80,23.30,3.90,8.60
25/2/18-22:18:23,846,242,438,59.80,23.30,4.90,10.60
25/2/18-22:19:24,845,278,448,59.00,23.20,5.20,10.90
25/2/18-22:20:25,845,270,442,60.10,23.20,4.40,8.70
25/2/18-22:21:26,845,280,443,58.50,23.20,6.10,11.90
25/2/18-22:22:27,846,323,455,59.10,23.20,4.70,8.70
25/2/18-22:23:27,844,299,444,59.50,23.20,5.90,13.50
25/2/18-22:24:28,845,297,450,58.00,23.20,6.50,13.00
25/2/18-22:25:29,845,330,461,59.90,23.10,6.50,13.40
25/2/18-22:26:30,846,346,468,58.60,23.10,6.60,10.30
25/2/18-22:27:31,845,346,455,59.30,23.20,7.00,12.20
25/2/18-22:28:32,845,340,455,59.10,23.20,7.00,18.50
25/2/18-22:29:33,847,314,449,58.90,23.20,6.30,10.50
25/2/18-22:30:34,845,311,447,58.60,23.20,6.50,14.80
25/2/18-22:31:35,845,302,446,58.30,23.20,6.20,9.90
25/2/18-22:32:36,846,299,445,60.20,23.20,6.80,11.90
25/2/18-22:33:37,845,330,464,59.30,23.10,6.60,11.90
25/2/18-22:34:38,845,324,451,59.70,23.10,6.20,9.90
25/2/18-22:35:39,845,344,462,60.20,23.10,7.20,12.90
25/2/18-22:36:40,845,356,457,59.80,23.10,6.20,12.40
25/2/18-22:37:41,846,339,452,62.60,23.10,6.10,10.40
25/2/18-22:38:42,845,331,446,59.50,23.10,5.80,9.90
25/2/18-22:39:43,846,308,450,59.80,23.10,5.90,10.00
25/2/18-22:40:44,846,290,437,59.40,23.00,5.70,10.60
25/2/18-22:41:45,845,279,445,58.90,23.00,4.90,7.20
25/2/18-22:42:46,845,300,443,58.60,22.90,5.10,12.10
25/2/18-22:43:47,845,295,436,59.20,23.00,5.20,11.20
25/2/18-22:44:48,845,299,443,66.80,22.90,5.00,9.50
25/2/18-22:45:49,845,294,444,66.40,22.90,5.90,12.00
25/2/18-22:46:50,845,275,438,65.00,22.90,5.40,11.50
25/2/18-22:47:51,845,303,447,64.00,22.90,4.90,8.10
25/2/18-22:48:52,845,307,441,65.40,22.90,4.70,8.90
25/2/18-22:49:53,845,332,470,65.30,22.90,5.10,10.90
25/2/18-22:50:54,845,336,457,66.30,22.90,5.10,8.70
25/2/18-22:51:55,845,325,443,63.70,22.90,5.10,10.70
25/2/18-22:52:56,845,305,448,66.90,22.90,4.40,10.10
25/2/18-22:53:57,845,330,456,64.60,22.90,4.70,9.60
25/2/18-22:54:58,846,305,441,58.70,22.90,4.10,6.30
25/2/18-22:55:59,845,302,456,65.00,22.80,3.80,7.70
25/2/18-22:57:0,845,278,439,63.50,22.80,3.70,6.50
25/2/18-22:58:1,845,263,447,64.00,22.80,4.10,9.80
25/2/18-22:59:2,845,297,456,64.20,22.80,3.70,6.80
25/2/18-23:0:3,845,303,449,58.30,22.80,3.40,7.30
25/2/18-23:1:4,845,288,444,59.10,22.80,4.00,10.60
25/2/18-23:2:5,845,276,439,58.50,22.80,4.10,10.20
25/2/18-23:3:6,845,267,437,66.60,22.80,4.10,8.80
25/2/18-23:4:7,846,280,444,60.40,22.80,4.00,6.80
25/2/18-23:5:8,845,287,446,59.30,22.80,4.30,8.10
25/2/18-23:6:9,845,337,456,60.10,22.80,4.20,8.70
25/2/18-23:7:10,845,318,449,60.10,22.80,5.10,9.50
25/2/18-23:8:11,846,292,441,59.10,22.80,3.90,6.10
25/2/18-23:9:12,846,275,440,58.90,22.80,3.60,6.00
25/2/18-23:10:13,846,295,451,58.80,22.80,3.50,7.30
25/2/18-23:11:14,846,289,439,59.80,22.80,3.30,7.20
25/2/18-23:12:14,845,299,452,59.50,22.80,3.80,7.70
25/2/18-23:13:15,846,315,469,57.70,22.80,3.00,5.30
25/2/18-23:14:16,845,298,442,67.40,22.80,3.30,6.60
25/2/18-23:15:17,845,273,454,59.70,22.80,3.70,7.10
25/2/18-23:16:18,845,275,455,58.60,22.80,3.80,9.30
25/2/18-23:17:19,845,327,452,59.40,22.70,3.10,6.60
25/2/18-23:18:20,845,331,457,58.90,22.80,3.60,8.00
25/2/18-23:19:21,845,271,436,66.50,22.80,3.50,5.10
25/2/18-23:20:22,846,308,448,66.70,22.70,3.60,5.00
25/2/18-23:21:23,846,280,466,59.60,22.70,3.90,7.20
25/2/18-23:22:24,845,288,444,59.40,22.70,3.30,11.70
25/2/18-23:23:25,846,249,431,60.10,22.70,3.30,5.70
25/2/18-23:24:26,845,291,462,59.70,22.70,3.30,5.50
25/2/18-23:25:27,845,291,440,59.50,22.70,3.50,7.90
25/2/18-23:26:28,845,299,458,61.40,22.70,3.90,9.90
25/2/18-23:27:29,845,308,446,60.10,22.70,4.00,11.90
25/2/18-23:28:30,845,318,440,60.60,22.60,3.60,6.30
25/2/18-23:29:31,846,321,459,59.90,22.70,3.60,6.80
25/2/18-23:30:32,845,349,451,59.50,22.70,4.00,8.40
25/2/18-23:31:33,845,370,476,60.10,22.70,3.90,7.50
25/2/18-23:32:34,845,348,448,59.70,22.70,4.30,15.40
25/2/18-23:33:35,846,330,440,60.80,22.70,3.80,8.30
25/2/18-23:34:36,846,297,444,59.70,22.70,4.00,8.30
25/2/18-23:35:37,846,305,445,67.60,22.60,4.30,6.70
25/2/18-23:36:38,845,344,465,70.60,22.60,3.90,7.50
25/2/18-23:37:39,845,328,439,67.30,22.60,4.30,7.20
25/2/18-23:38:40,845,280,434,67.80,22.60,4.10,8.10
25/2/18-23:39:41,845,278,455,67.70,22.60,4.20,9.30
25/2/18-23:40:42,845,321,453,65.70,22.50,4.40,11.00
25/2/18-23:41:43,845,345,453,64.40,22.50,4.10,6.80
25/2/18-23:42:44,845,312,440,66.70,22.60,4.20,7.10
25/2/18-23:43:45,845,289,438,67.00,22.50,4.70,7.20
25/2/18-23:44:46,845,293,444,67.50,22.50,3.90,7.00
25/2/18-23:45:47,845,323,441,68.60,22.50,3.80,6.40
25/2/18-23:46:48,845,310,442,69.20,22.50,3.80,6.30
25/2/18-23:47:49,845,304,440,68.40,22.50,4.30,7.60
25/2/18-23:48:50,846,283,439,66.60,22.50,3.90,6.30
25/2/18-23:49:51,846,290,442,67.70,22.50,3.80,7.10
25/2/18-23:50:52,846,296,440,69.40,22.50,4.20,7.40
25/2/18-23:51:53,846,330,454,68.50,22.40,4.40,9.70
25/2/18-23:52:54,846,342,453,68.50,22.40,4.30,6.90
25/2/18-23:53:55,845,303,437,67.50,22.50,4.30,9.90
25/2/18-23:54:56,846,274,433,67.20,22.40,3.80,8.70
25/2/18-23:55:57,846,296,444,66.40,22.40,3.80,6.10
25/2/18-23:56:58,846,308,439,69.30,22.40,3.40,6.00
25/2/18-23:57:59,846,327,443,68.90,22.40,4.10,9.00
25/2/18-23:59:0,846,329,440,71.50,22.40,4.00,7.80
