Hora,O3,NO2,CO,Humedad,Temperatura,P25,P10
27/2/18-0:0:9,847,318,495,41.60,25.80,3.60,5.70
27/2/18-0:1:10,848,296,458,41.80,25.80,3.00,4.00
27/2/18-0:2:11,847,327,488,42.00,25.80,3.40,4.50
27/2/18-0:3:12,847,353,464,42.30,25.80,3.40,7.90
27/2/18-0:4:13,847,326,471,42.10,25.80,3.50,6.90
27/2/18-0:5:14,848,370,508,42.50,25.80,3.10,4.90
27/2/18-0:6:15,847,319,454,42.80,25.80,3.70,6.50
27/2/18-0:7:16,847,280,450,42.50,25.80,3.30,4.40
27/2/18-0:8:17,847,311,463,42.70,25.80,3.20,7.00
27/2/18-0:9:18,847,291,454,42.70,25.80,3.80,6.60
27/2/18-0:10:19,847,331,480,43.10,25.80,4.00,8.20
27/2/18-0:11:20,847,335,472,43.00,25.70,3.80,7.60
27/2/18-0:12:21,848,338,481,43.10,25.70,3.90,6.40
27/2/18-0:13:22,847,370,523,42.80,25.80,3.40,6.00
27/2/18-0:14:23,847,401,506,43.90,25.70,3.50,5.70
27/2/18-0:15:24,852,352,456,44.20,25.70,3.30,5.40
27/2/18-0:16:25,848,283,453,43.60,25.70,3.50,4.80
27/2/18-0:17:26,847,303,502,42.90,25.60,3.90,7.50
27/2/18-0:18:27,853,352,489,43.60,25.60,3.30,7.00
27/2/18-0:19:28,854,364,484,44.30,25.60,3.90,9.00
27/2/18-0:20:29,849,349,483,44.10,25.70,3.50,6.00
27/2/18-0:21:30,848,339,466,43.70,25.60,3.40,5.00
27/2/18-0:22:31,853,323,481,44.20,25.60,3.30,4.70
27/2/18-0:23:32,849,343,495,43.90,25.60,3.50,6.90
27/2/18-0:24:33,853,362,480,44.30,25.50,3.40,8.10
27/2/18-0:25:34,848,319,458,44.20,25.50,3.30,4.70
27/2/18-0:26:35,853,313,474,43.40,25.50,3.60,6.60
27/2/18-0:27:36,853,320,468,44.10,25.50,2.90,4.50
27/2/18-0:28:37,849,309,490,45.00,25.50,3.00,4.40
27/2/18-0:29:38,853,321,474,45.10,25.40,3.10,7.20
27/2/18-0:30:38,847,318,466,44.80,25.40,3.40,5.50
27/2/18-0:31:39,847,321,467,44.40,25.40,3.20,6.70
27/2/18-0:32:40,846,338,484,45.40,25.40,3.10,5.50
27/2/18-0:33:41,846,329,466,45.20,25.40,3.40,7.40
27/2/18-0:34:42,846,343,475,46.00,25.40,3.10,6.40
27/2/18-0:35:43,847,334,462,45.30,25.40,3.00,4.20
27/2/18-0:36:44,847,320,462,46.10,25.30,3.20,5.20
27/2/18-0:37:45,846,321,470,46.30,25.30,3.40,5.70
27/2/18-0:38:46,847,334,469,44.70,25.30,3.60,7.80
27/2/18-0:39:47,846,348,497,47.70,25.20,3.50,6.00
27/2/18-0:40:48,847,362,481,47.00,25.20,3.10,5.50
27/2/18-0:41:49,847,350,463,48.70,25.20,3.40,5.00
27/2/18-0:42:50,846,344,464,47.20,25.20,3.50,7.40
27/2/18-0:43:51,846,346,466,47.10,25.10,3.20,6.10
27/2/18-0:44:52,846,345,465,49.00,25.10,3.00,5.50
27/2/18-0:45:53,853,341,467,47.80,25.10,3.60,7.70
27/2/18-0:46:54,847,347,461,48.20,25.00,3.80,6.00
27/2/18-0:47:55,846,346,465,48.50,25.00,3.30,5.10
27/2/18-0:48:56,847,339,461,47.50,24.90,3.50,8.80
27/2/18-0:49:57,847,335,459,48.70,24.90,3.20,5.20
27/2/18-0:50:58,853,334,448,48.30,24.90,3.10,5.10
27/2/18-0:51:59,847,339,461,47.80,24.90,3.30,8.00
27/2/18-0:53:0,847,348,462,50.00,24.90,3.50,6.50
27/2/18-0:54:1,852,355,447,50.90,24.80,3.40,6.60
27/2/18-0:55:2,854,346,453,49.40,24.80,3.60,5.80
27/2/18-0:56:3,853,351,457,50.30,24.80,3.40,9.80
27/2/18-0:57:4,847,357,457,49.80,24.80,3.20,5.40
27/2/18-0:58:5,846,367,460,49.60,24.70,3.70,9.80
27/2/18-0:59:6,847,362,457,49.60,24.80,3.20,6.70
27/2/18-1:0:7,846,362,458,49.10,24.70,3.00,6.40
27/2/18-1:1:8,846,362,457,49.90,24.70,3.40,7.30
27/2/18-1:2:9,846,358,456,49.40,24.70,3.20,6.00
27/2/18-1:3:10,847,356,455,49.50,24.60,2.90,4.80
27/2/18-1:4:11,846,366,457,49.90,24.60,3.30,9.40
27/2/18-1:5:12,846,363,456,51.10,24.60,2.90,5.80
27/2/18-1:6:13,846,357,453,51.10,24.60,3.20,5.50
27/2/18-1:7:14,846,361,456,51.20,24.50,3.30,8.90
27/2/18-1:8:15,846,351,453,50.80,24.50,3.30,8.00
27/2/18-1:9:16,847,356,457,50.40,24.50,3.50,8.90
27/2/18-1:10:17,847,357,455,49.10,24.50,3.70,5.70
27/2/18-1:11:18,848,357,448,50.60,24.50,3.40,7.80
27/2/18-1:12:19,846,363,462,51.10,24.50,3.00,6.30
27/2/18-1:13:20,846,366,451,50.70,24.40,3.20,6.60
27/2/18-1:14:21,846,365,457,50.50,24.40,2.70,4.80
27/2/18-1:15:22,846,379,455,50.10,24.40,2.90,4.20
27/2/18-1:16:23,846,372,455,50.90,24.40,3.00,4.50
27/2/18-1:17:24,847,363,445,51.10,24.50,3.40,7.20
27/2/18-1:18:25,846,366,459,50.10,24.40,2.80,9.60
27/2/18-1:19:26,846,358,446,51.10,24.40,3.10,6.60
27/2/18-1:20:27,846,354,448,50.70,24.40,3.20,6.30
27/2/18-1:21:28,846,369,462,50.70,24.40,3.00,5.20
27/2/18-1:22:28,846,386,465,52.00,24.40,2.90,5.00
27/2/18-1:23:29,846,381,450,51.80,24.40,2.80,8.10
27/2/18-1:24:30,847,377,450,51.80,24.40,2.70,5.70
27/2/18-1:25:31,846,358,442,52.30,24.40,3.20,9.00
27/2/18-1:26:32,846,367,470,50.80,24.40,2.70,7.40
27/2/18-1:27:33,846,375,456,50.90,24.40,3.20,6.20
27/2/18-1:28:34,846,358,447,51.40,24.40,3.50,6.40
27/2/18-1:29:35,846,353,444,50.90,24.40,3.10,7.00
27/2/18-1:30:36,846,362,451,51.10,24.50,3.50,4.30
27/2/18-1:31:37,846,378,455,49.80,24.40,3.70,7.90
27/2/18-1:32:38,846,379,455,50.90,24.50,3.20,5.10
27/2/18-1:33:39,846,374,451,50.00,24.60,3.00,5.00
27/2/18-1:34:40,846,369,446,49.70,24.60,3.20,6.70
27/2/18-1:35:41,847,353,440,49.90,24.60,3.00,5.40
27/2/18-1:36:42,846,359,442,51.00,24.60,3.00,7.80
27/2/18-1:37:43,846,353,438,51.30,24.60,3.00,5.90
27/2/18-1:38:44,846,350,437,50.50,24.60,3.00,6.90
27/2/18-1:39:45,846,324,436,50.00,24.60,3.60,9.60
27/2/18-1:40:46,846,340,442,50.50,24.60,3.30,7.10
27/2/18-1:41:47,846,342,439,50.20,24.60,2.90,5.40
27/2/18-1:42:48,847,333,445,49.30,24.60,3.20,6.80
27/2/18-1:43:49,848,343,444,49.70,24.60,3.20,8.00
27/2/18-1:44:50,846,375,459,49.80,24.60,3.20,7.40
27/2/18-1:45:51,846,387,457,51.10,24.60,3.00,7.10
27/2/18-1:46:52,846,370,454,50.20,24.60,3.00,6.10
27/2/18-1:47:53,846,373,453,50.60,24.60,2.80,5.00
27/2/18-1:48:54,847,352,441,51.00,24.60,3.00,7.70
27/2/18-1:49:55,846,350,444,50.10,24.60,2.70,4.60
27/2/18-1:50:56,850,352,440,50.20,24.70,3.10,8.40
27/2/18-1:51:57,846,355,465,51.20,24.60,3.20,7.90
27/2/18-1:52:58,846,382,467,50.30,24.60,3.40,7.10
27/2/18-1:53:59,846,350,443,51.10,24.60,3.10,6.90
27/2/18-1:55:0,846,335,452,49.80,24.60,3.10,6.40
27/2/18-1:56:1,847,337,442,50.40,24.60,3.30,6.10
27/2/18-1:57:2,846,345,446,50.70,24.60,2.90,4.80
27/2/18-1:58:3,846,318,433,50.60,24.60,3.00,5.70
27/2/18-1:59:4,846,297,443,50.70,24.60,3.20,7.80
27/2/18-2:0:5,846,346,455,50.80,24.60,3.00,8.20
27/2/18-2:1:6,846,326,438,50.00,24.60,2.90,6.70
27/2/18-2:2:7,846,343,450,50.20,24.60,2.80,5.70
27/2/18-2:3:8,847,314,430,50.30,24.60,2.60,3.40
27/2/18-2:4:9,846,366,514,50.50,24.60,2.70,7.50
27/2/18-2:5:10,846,384,472,51.20,24.60,2.70,5.20
27/2/18-2:6:11,846,368,454,51.20,24.60,3.00,6.80
27/2/18-2:7:12,849,356,437,51.00,24.60,2.40,4.60
27/2/18-2:8:13,846,348,440,51.00,24.60,2.50,4.80
27/2/18-2:9:14,846,311,431,51.20,24.60,2.50,4.30
27/2/18-2:10:15,847,296,442,50.20,24.60,2.60,4.60
27/2/18-2:11:16,846,301,432,51.90,24.60,2.70,4.30
27/2/18-2:12:17,846,323,444,50.80,24.50,2.40,6.40
27/2/18-2:13:17,846,348,456,51.70,24.60,2.70,5.00
27/2/18-2:14:18,846,342,459,51.00,24.50,2.60,4.40
27/2/18-2:15:19,846,333,441,50.70,24.50,2.80,6.00
27/2/18-2:16:20,846,343,446,50.80,24.60,2.60,9.40
27/2/18-2:17:21,846,351,454,50.80,24.60,2.70,5.10
27/2/18-2:18:22,846,315,439,50.40,24.60,2.90,5.40
27/2/18-2:19:23,846,329,442,51.60,24.50,2.70,3.80
27/2/18-2:20:24,846,316,448,52.20,24.50,2.60,3.30
27/2/18-2:21:25,846,312,437,53.20,24.50,2.50,6.20
27/2/18-2:22:26,846,303,445,51.80,24.40,2.60,4.80
27/2/18-2:23:27,846,302,469,51.60,24.40,2.50,5.20
27/2/18-2:24:28,845,329,444,51.10,24.50,2.30,4.20
27/2/18-2:25:29,846,314,438,51.70,24.50,2.90,5.80
27/2/18-2:26:30,846,299,437,53.20,24.50,2.70,8.00
27/2/18-2:27:31,846,313,456,51.00,24.40,2.60,5.70
27/2/18-2:28:32,846,310,441,50.70,24.40,2.40,3.30
27/2/18-2:29:33,846,299,438,51.50,24.40,2.80,5.70
27/2/18-2:30:34,846,305,439,52.10,24.30,2.60,5.40
27/2/18-2:31:35,846,319,448,52.10,24.40,2.60,5.10
27/2/18-2:32:36,846,296,430,52.70,24.40,2.70,4.60
27/2/18-2:33:37,846,272,424,53.70,24.40,2.90,5.10
27/2/18-2:34:38,846,262,427,54.90,24.30,2.50,5.00
27/2/18-2:35:39,846,265,432,53.00,24.30,2.50,5.70
27/2/18-2:36:40,846,298,435,54.90,24.30,2.50,5.00
27/2/18-2:37:41,847,293,428,54.00,24.30,2.30,3.40
27/2/18-2:38:42,846,292,452,54.00,24.30,2.40,4.60
27/2/18-2:39:43,846,308,437,52.80,24.20,2.10,5.10
27/2/18-2:40:44,846,317,436,53.50,24.20,2.50,5.60
27/2/18-2:41:45,847,311,433,54.10,24.20,2.70,5.20
27/2/18-2:42:46,847,313,433,54.00,24.20,2.60,4.40
27/2/18-2:43:47,847,318,434,54.30,24.20,2.80,6.30
27/2/18-2:44:48,846,308,435,54.00,24.20,2.70,6.90
27/2/18-2:45:49,847,309,439,53.90,24.10,2.50,5.00
27/2/18-2:46:50,846,311,429,55.40,24.10,2.90,6.60
27/2/18-2:47:51,847,308,432,54.50,24.10,2.60,6.30
27/2/18-2:48:52,847,299,432,55.30,24.10,3.00,6.40
27/2/18-2:49:53,847,287,429,54.70,24.00,2.40,3.00
27/2/18-2:50:54,847,294,429,55.10,24.00,2.90,5.30
27/2/18-2:51:55,847,301,433,55.10,24.00,2.50,5.10
27/2/18-2:52:56,847,312,435,56.10,24.00,2.60,6.60
27/2/18-2:53:57,847,309,433,56.60,24.00,2.90,6.50
27/2/18-2:54:58,846,311,433,55.80,23.90,3.00,5.10
27/2/18-2:55:59,847,312,435,55.50,23.90,2.80,4.70
27/2/18-2:57:0,847,313,432,56.60,23.90,3.00,4.20
27/2/18-2:58:1,847,345,448,55.50,23.90,2.80,3.90
27/2/18-2:59:2,846,339,439,54.60,23.90,3.00,5.70
27/2/18-3:0:3,846,335,436,56.00,23.80,2.70,4.20
27/2/18-3:1:4,847,333,436,56.00,23.80,2.90,5.10
27/2/18-3:2:5,847,328,433,55.50,23.80,3.30,9.90
27/2/18-3:3:6,847,329,438,54.90,23.80,3.10,6.40
27/2/18-3:4:6,846,309,433,55.70,23.80,2.70,4.70
27/2/18-3:5:7,847,300,431,54.30,23.80,2.60,4.60
27/2/18-3:6:8,846,300,433,54.50,23.70,2.70,3.90
27/2/18-3:7:9,847,288,430,55.30,23.80,2.80,5.10
27/2/18-3:8:10,846,305,443,55.20,23.70,2.80,6.20
27/2/18-3:9:11,847,346,467,55.50,23.70,3.00,6.40
27/2/18-3:10:12,847,379,482,55.70,23.80,2.80,7.20
27/2/18-3:11:13,847,373,463,54.40,23.80,2.90,4.60
27/2/18-3:12:14,847,367,457,54.20,23.80,3.60,16.30
27/2/18-3:13:15,847,352,452,54.00,23.90,3.10,11.50
27/2/18-3:14:16,846,353,463,53.60,23.90,3.50,8.10
27/2/18-3:15:17,847,362,459,53.30,24.00,2.50,4.30
27/2/18-3:16:18,851,365,468,54.00,24.00,2.80,8.60
27/2/18-3:17:19,847,339,444,53.30,24.00,3.10,7.30
27/2/18-3:18:20,847,311,440,52.80,24.00,3.60,13.10
27/2/18-3:19:21,847,298,449,52.90,24.00,3.20,7.30
27/2/18-3:20:22,846,303,432,53.40,24.00,3.20,7.60
27/2/18-3:21:23,846,288,439,53.50,24.00,3.20,9.70
27/2/18-3:22:24,847,242,423,53.40,23.90,3.20,24.40
27/2/18-3:23:25,847,245,418,53.20,23.80,2.70,16.30
27/2/18-3:24:26,846,296,443,53.80,23.70,2.90,17.20
27/2/18-3:25:27,846,264,421,53.10,23.60,2.60,15.50
27/2/18-3:26:28,847,249,429,53.00,23.50,2.50,17.50
27/2/18-3:27:29,847,255,430,53.60,23.50,2.30,21.50
27/2/18-3:28:30,848,283,443,53.70,23.50,3.00,18.70
27/2/18-3:29:31,847,294,455,53.80,23.50,2.40,18.50
27/2/18-3:30:32,847,317,437,53.80,23.40,2.30,18.10
27/2/18-3:31:33,847,293,437,53.80,23.50,2.30,19.10
27/2/18-3:32:34,847,301,446,54.20,23.40,2.20,18.20
27/2/18-3:33:35,847,291,449,54.80,23.50,2.20,12.60
27/2/18-3:34:36,846,257,434,55.90,23.40,3.20,21.20
27/2/18-3:35:37,847,275,442,56.70,23.30,2.60,14.00
27/2/18-3:36:38,847,242,424,57.70,23.30,2.20,15.40
27/2/18-3:37:39,847,231,421,58.30,23.20,2.70,11.90
27/2/18-3:38:40,847,233,426,58.20,23.00,2.20,14.80
27/2/18-3:39:41,847,238,419,59.60,22.90,2.40,9.50
27/2/18-3:40:42,847,240,420,60.40,22.90,2.30,15.80
27/2/18-3:41:43,847,199,410,60.60,22.80,2.10,12.00
27/2/18-3:42:44,850,188,410,62.00,22.60,2.80,14.80
27/2/18-3:43:45,846,213,427,61.90,22.50,2.60,10.70
27/2/18-3:44:46,847,245,431,62.80,22.40,2.70,11.20
27/2/18-3:45:47,846,220,414,61.90,22.40,3.10,14.90
27/2/18-3:46:48,847,239,429,62.00,22.30,2.40,12.50
27/2/18-3:47:49,847,239,419,63.70,22.20,2.90,10.70
27/2/18-3:48:50,847,207,414,63.70,22.10,2.80,12.80
27/2/18-3:49:51,847,192,426,63.90,21.90,3.10,13.70
27/2/18-3:50:52,848,201,420,64.30,21.70,3.10,12.50
27/2/18-3:51:53,847,196,418,65.10,21.60,2.90,11.10
27/2/18-3:52:53,848,162,414,65.30,21.50,3.10,12.70
27/2/18-3:53:54,847,179,416,67.80,21.30,2.90,13.30
27/2/18-3:54:55,847,217,423,66.40,21.20,2.80,12.40
27/2/18-3:55:56,847,220,421,65.80,21.20,2.50,9.00
27/2/18-3:56:57,847,210,422,66.80,21.10,2.80,10.10
27/2/18-3:57:58,847,211,412,66.30,21.10,2.40,16.40
27/2/18-3:58:59,848,216,415,70.60,21.00,2.40,6.10
27/2/18-4:0:0,847,212,417,69.00,21.00,2.70,10.80
27/2/18-4:1:1,847,233,417,68.00,20.90,2.20,9.40
27/2/18-4:2:2,847,226,429,67.40,20.90,1.80,5.40
27/2/18-4:3:3,847,231,412,70.20,20.90,2.00,7.20
27/2/18-4:4:4,847,218,416,69.70,20.80,2.10,9.30
27/2/18-4:5:5,847,262,419,69.20,20.80,1.70,5.50
27/2/18-4:6:6,847,241,403,68.80,20.80,1.60,8.40
27/2/18-4:7:7,848,229,409,69.10,20.80,1.60,4.00
27/2/18-4:8:8,847,234,422,69.50,20.80,2.10,7.40
27/2/18-4:9:9,848,230,410,70.40,20.80,1.60,4.50
27/2/18-4:10:10,851,229,403,70.20,20.80,1.60,7.60
27/2/18-4:11:11,847,239,413,70.00,20.70,1.50,6.00
27/2/18-4:12:12,847,233,414,72.10,20.70,1.20,4.60
27/2/18-4:13:13,847,228,411,72.30,20.70,1.70,6.20
27/2/18-4:14:14,848,230,414,72.40,20.60,1.60,5.10
27/2/18-4:15:15,847,249,414,73.70,20.60,1.70,4.50
27/2/18-4:16:16,847,285,422,73.50,20.60,1.60,2.30
27/2/18-4:17:17,848,287,414,71.00,20.70,1.50,5.60
27/2/18-4:18:18,848,270,419,71.90,20.70,1.70,7.20
27/2/18-4:19:19,847,308,429,72.60,20.70,2.00,6.30
27/2/18-4:20:20,847,310,416,72.40,20.80,1.40,5.20
27/2/18-4:21:21,847,297,414,71.30,20.80,1.50,3.30
27/2/18-4:22:22,848,252,409,73.20,20.80,1.80,6.50
27/2/18-4:23:23,847,227,405,69.00,20.80,1.30,2.70
27/2/18-4:24:24,847,247,420,70.00,20.70,1.50,4.20
27/2/18-4:25:25,848,214,414,72.50,20.70,2.00,4.60
27/2/18-4:26:26,848,235,412,72.20,20.70,1.90,6.10
27/2/18-4:27:27,848,221,418,71.80,20.70,2.30,7.90
27/2/18-4:28:28,847,226,407,72.00,20.70,2.00,5.00
27/2/18-4:29:29,848,209,407,74.40,20.60,2.90,9.40
27/2/18-4:30:30,848,202,402,72.10,20.50,2.60,6.60
27/2/18-4:31:31,847,214,402,70.80,20.50,3.00,9.70
27/2/18-4:32:32,849,223,412,71.90,20.50,3.00,11.40
27/2/18-4:33:33,848,226,413,74.30,20.50,3.50,8.70
27/2/18-4:34:34,847,214,408,72.90,20.50,3.10,11.40
27/2/18-4:35:35,847,203,406,71.60,20.40,3.80,15.40
27/2/18-4:36:36,848,189,402,70.80,20.30,2.40,7.90
27/2/18-4:37:37,847,231,411,72.50,20.30,3.20,10.80
27/2/18-4:38:37,847,200,398,73.80,20.30,3.40,11.60
27/2/18-4:39:38,848,185,394,72.70,20.20,2.90,10.20
27/2/18-4:40:39,848,203,402,72.10,20.20,2.70,8.70
27/2/18-4:41:40,848,169,398,71.90,20.10,3.10,11.20
27/2/18-4:42:41,848,161,393,71.80,20.00,3.10,10.30
27/2/18-4:43:42,848,146,391,71.80,19.90,2.50,7.50
27/2/18-4:44:43,848,175,398,75.20,19.80,2.70,7.80
27/2/18-4:45:44,851,202,395,75.30,19.80,2.60,6.50
27/2/18-4:46:45,849,212,421,78.70,19.80,2.40,6.80
27/2/18-4:47:46,849,220,405,74.50,19.80,2.50,6.10
27/2/18-4:48:47,848,204,402,74.50,19.80,2.40,5.90
27/2/18-4:49:48,848,206,407,74.70,19.80,2.60,5.80
27/2/18-4:50:49,849,226,410,75.70,19.80,3.30,11.70
27/2/18-4:51:50,848,220,411,75.50,19.80,2.90,10.70
27/2/18-4:52:51,848,184,401,75.40,19.80,4.10,12.90
27/2/18-4:53:52,855,173,392,74.20,19.80,3.20,11.90
27/2/18-4:54:53,854,158,385,74.60,19.80,3.10,11.50
27/2/18-4:55:54,855,181,392,73.60,19.70,2.50,8.70
27/2/18-4:56:55,855,176,399,74.50,19.70,3.60,11.70
27/2/18-4:57:56,850,198,413,75.00,19.70,3.00,10.70
27/2/18-4:58:57,854,170,389,75.70,19.70,3.30,9.10
27/2/18-4:59:58,854,176,397,74.90,19.70,2.70,6.70
27/2/18-5:0:59,855,185,430,75.40,19.70,3.40,9.80
27/2/18-5:2:0,855,164,392,75.30,19.60,3.00,8.70
27/2/18-5:3:1,854,161,393,75.50,19.60,2.50,9.10
27/2/18-5:4:2,854,165,394,76.10,19.60,3.10,7.90
27/2/18-5:5:3,854,160,395,76.50,19.60,2.90,9.90
27/2/18-5:6:4,854,163,399,77.40,19.50,3.00,10.30
27/2/18-5:7:5,854,178,400,76.80,19.50,3.30,8.60
27/2/18-5:8:6,851,162,398,77.20,19.50,2.70,6.50
27/2/18-5:9:7,853,180,396,77.40,19.50,2.80,6.00
27/2/18-5:10:8,853,188,400,78.70,19.50,3.00,8.20
27/2/18-5:11:9,853,180,403,78.40,19.50,2.70,7.40
27/2/18-5:12:10,853,188,400,78.20,19.50,3.20,8.10
27/2/18-5:13:11,854,194,401,79.10,19.50,2.80,7.40
27/2/18-5:14:12,854,191,400,78.70,19.40,2.80,8.70
27/2/18-5:15:13,854,191,399,79.00,19.50,2.80,7.30
27/2/18-5:16:14,854,190,396,79.30,19.40,2.10,4.80
27/2/18-5:17:15,851,187,402,78.80,19.40,2.30,5.40
27/2/18-5:18:16,854,209,411,80.50,19.50,2.20,5.80
27/2/18-5:19:17,853,213,400,80.20,19.40,2.30,6.50
27/2/18-5:20:18,853,203,400,81.00,19.50,2.40,5.60
27/2/18-5:21:19,852,211,408,80.60,19.40,2.40,4.80
27/2/18-5:22:19,852,220,401,81.30,19.40,2.80,6.60
27/2/18-5:23:20,851,222,407,79.70,19.50,2.20,3.90
27/2/18-5:24:21,851,227,405,80.10,19.50,2.40,7.30
27/2/18-5:25:22,852,224,401,79.50,19.50,2.10,5.80
27/2/18-5:26:23,852,230,400,79.50,19.60,1.70,4.40
27/2/18-5:27:24,852,241,406,79.20,19.60,2.00,5.30
27/2/18-5:28:25,853,230,400,79.60,19.60,2.00,4.90
27/2/18-5:29:26,853,243,403,80.30,19.50,1.80,5.00
27/2/18-5:30:27,853,249,405,79.50,19.60,2.20,6.90
27/2/18-5:31:28,853,250,413,79.80,19.60,1.80,3.50
27/2/18-5:32:29,853,258,403,79.30,19.60,2.10,3.50
27/2/18-5:33:30,853,255,408,80.70,19.60,2.00,4.30
27/2/18-5:34:31,853,247,404,80.30,19.60,2.10,3.50
27/2/18-5:35:32,853,235,401,79.90,19.60,2.10,4.20
27/2/18-5:36:33,853,245,405,80.40,19.60,2.00,3.80
27/2/18-5:37:34,853,264,408,79.30,19.60,2.00,5.00
27/2/18-5:38:35,853,247,405,80.40,19.60,1.90,3.70
27/2/18-5:39:36,854,230,401,79.20,19.60,1.70,2.90
27/2/18-5:40:37,853,219,399,79.60,19.60,2.20,4.40
27/2/18-5:41:38,853,234,404,80.00,19.60,1.90,3.40
27/2/18-5:42:39,853,238,401,79.40,19.50,2.00,4.10
27/2/18-5:43:40,853,237,404,79.80,19.50,2.20,4.60
27/2/18-5:44:41,853,250,407,79.70,19.60,2.50,14.90
27/2/18-5:45:42,852,252,405,79.70,19.50,2.30,3.50
27/2/18-5:46:43,853,243,401,81.10,19.50,2.00,2.70
27/2/18-5:47:44,853,232,401,80.30,19.50,1.90,2.80
27/2/18-5:48:45,851,228,404,79.60,19.50,2.10,5.90
27/2/18-5:49:46,850,239,404,80.70,19.50,1.70,3.40
27/2/18-5:50:47,851,233,404,80.70,19.50,1.50,2.90
27/2/18-5:51:48,850,238,408,80.80,19.50,1.70,2.60
27/2/18-5:52:49,851,245,408,81.30,19.50,1.90,5.30
27/2/18-5:53:50,851,256,416,82.10,19.50,1.70,2.10
27/2/18-5:54:51,851,251,406,80.10,19.50,1.80,3.10
27/2/18-5:55:52,852,255,408,79.90,19.50,2.10,4.60
27/2/18-5:56:53,852,275,410,80.70,19.60,1.90,2.50
27/2/18-5:57:54,851,287,411,79.90,19.50,1.70,3.60
27/2/18-5:58:55,851,291,412,80.30,19.50,2.60,4.30
27/2/18-5:59:56,852,285,410,81.30,19.50,2.00,4.50
27/2/18-6:0:57,851,292,412,82.40,19.50,1.90,4.10
27/2/18-6:1:58,852,292,413,81.30,19.60,1.70,2.20
27/2/18-6:2:59,852,302,412,81.80,19.50,2.20,4.20
27/2/18-6:4:0,852,310,415,81.40,19.50,2.20,4.00
27/2/18-6:5:1,852,307,410,81.60,19.50,2.30,5.30
27/2/18-6:6:2,852,313,413,82.10,19.60,2.30,5.10
27/2/18-6:7:2,851,316,418,84.70,19.50,1.90,3.00
27/2/18-6:8:3,852,318,411,82.10,19.60,2.00,3.80
27/2/18-6:9:4,852,315,411,83.50,19.50,2.10,3.90
27/2/18-6:10:5,853,310,412,81.60,19.60,2.10,2.70
27/2/18-6:11:6,852,309,414,81.80,19.60,2.20,4.50
27/2/18-6:12:7,852,307,408,81.40,19.50,1.80,3.50
27/2/18-6:13:8,852,297,410,81.50,19.50,2.30,4.30
27/2/18-6:14:9,852,300,410,81.10,19.50,1.70,2.60
27/2/18-6:15:10,852,312,423,80.90,19.50,1.90,3.20
27/2/18-6:16:11,852,324,420,81.30,19.60,2.00,5.10
27/2/18-6:17:12,852,329,423,81.60,19.50,2.10,6.10
27/2/18-6:18:13,852,330,418,81.40,19.50,2.10,3.60
27/2/18-6:19:14,852,326,419,81.60,19.50,1.80,2.40
27/2/18-6:20:15,852,328,422,82.30,19.50,2.10,3.10
27/2/18-6:21:16,851,334,428,82.10,19.50,2.20,5.70
27/2/18-6:22:17,850,321,425,82.00,19.50,2.50,6.60
27/2/18-6:23:18,851,328,424,81.90,19.50,2.50,3.90
27/2/18-6:24:19,850,333,428,81.70,19.50,2.20,6.70
27/2/18-6:25:20,852,335,429,82.20,19.60,2.40,4.50
27/2/18-6:26:21,852,341,426,83.10,19.60,2.00,3.80
27/2/18-6:27:22,852,340,426,82.30,19.60,2.20,4.70
27/2/18-6:28:23,852,338,423,82.40,19.60,2.40,4.20
27/2/18-6:29:24,852,338,427,81.40,19.60,2.30,4.20
27/2/18-6:30:25,852,340,428,81.10,19.60,2.20,4.30
27/2/18-6:31:26,852,345,426,81.60,19.60,2.40,6.70
27/2/18-6:32:27,852,339,427,81.90,19.60,2.20,4.90
27/2/18-6:33:28,852,335,429,81.30,19.60,2.70,7.10
27/2/18-6:34:29,852,336,424,80.80,19.60,2.50,3.90
27/2/18-6:35:30,851,339,429,81.00,19.60,2.70,6.40
27/2/18-6:36:31,851,341,429,81.50,19.60,2.30,5.40
27/2/18-6:37:32,853,339,428,81.80,19.60,3.10,7.70
27/2/18-6:38:33,852,338,422,82.10,19.60,2.10,4.50
27/2/18-6:39:34,852,337,422,81.10,19.60,2.30,4.30
27/2/18-6:40:35,852,338,423,81.40,19.60,2.90,6.20
27/2/18-6:41:36,851,340,423,82.00,19.60,2.80,5.40
27/2/18-6:42:37,852,350,429,81.90,19.60,2.40,5.00
27/2/18-6:43:38,852,346,423,82.10,19.60,2.50,4.40
27/2/18-6:44:39,852,347,425,82.10,19.60,3.20,6.60
27/2/18-6:45:40,852,353,423,81.90,19.60,2.10,3.30
27/2/18-6:46:41,851,363,429,83.30,19.70,2.50,7.60
27/2/18-6:47:42,852,361,423,82.40,19.60,2.50,4.40
27/2/18-6:48:43,851,364,429,83.20,19.60,2.60,4.30
27/2/18-6:49:44,852,360,418,82.40,19.70,2.60,4.60
27/2/18-6:50:45,852,360,424,82.20,19.60,2.20,3.70
27/2/18-6:51:45,853,364,424,82.20,19.60,2.50,5.10
27/2/18-6:52:46,853,363,420,82.10,19.60,2.60,5.50
27/2/18-6:53:47,852,367,421,82.70,19.70,2.70,7.60
27/2/18-6:54:48,852,362,418,83.20,19.70,2.60,5.80
27/2/18-6:55:49,852,355,411,82.30,19.70,2.90,5.90
27/2/18-6:56:50,852,357,417,82.30,19.70,2.50,5.70
27/2/18-6:57:51,853,355,419,81.80,19.70,2.00,5.20
27/2/18-6:58:52,852,354,421,81.30,19.70,2.80,4.80
27/2/18-6:59:53,852,344,412,80.50,19.70,2.80,6.80
27/2/18-7:0:54,851,342,414,79.90,19.70,2.30,4.20
27/2/18-7:1:55,852,342,415,80.70,19.70,2.20,3.50
27/2/18-7:2:56,852,344,415,80.50,19.70,2.40,4.70
27/2/18-7:3:57,852,351,418,81.70,19.70,2.20,3.60
27/2/18-7:4:58,852,352,415,82.90,19.70,2.40,4.90
27/2/18-7:5:59,852,356,416,82.10,19.70,2.30,3.40
27/2/18-7:7:0,852,365,447,81.90,19.70,2.40,4.20
27/2/18-7:8:1,852,362,418,81.60,19.70,2.50,4.90
27/2/18-7:9:2,852,364,424,82.30,19.70,3.10,7.30
27/2/18-7:10:3,852,354,417,82.70,19.70,2.40,6.80
27/2/18-7:11:4,852,353,418,82.10,19.70,2.60,3.70
27/2/18-7:12:5,852,346,415,82.90,19.70,2.20,4.70
27/2/18-7:13:6,852,352,420,82.30,19.70,2.70,5.40
27/2/18-7:14:7,852,356,419,82.30,19.70,2.40,5.90
27/2/18-7:15:8,851,359,419,82.20,19.70,2.70,4.50
27/2/18-7:16:9,851,360,418,83.30,19.70,2.70,7.00
27/2/18-7:17:10,852,361,420,84.00,19.70,2.70,6.10
27/2/18-7:18:11,852,361,416,83.80,19.70,2.20,5.70
27/2/18-7:19:12,852,363,417,84.00,19.70,2.80,5.50
27/2/18-7:20:13,852,360,415,84.00,19.70,2.10,3.80
27/2/18-7:21:14,852,356,417,83.40,19.70,2.40,4.70
27/2/18-7:22:15,852,363,418,83.20,19.70,2.50,6.00
27/2/18-7:23:16,852,364,417,83.40,19.70,2.50,4.30
27/2/18-7:24:17,852,364,418,85.00,19.70,2.50,4.50
27/2/18-7:25:18,852,367,421,84.20,19.60,2.40,5.70
27/2/18-7:26:19,853,363,417,84.80,19.60,2.70,8.10
27/2/18-7:27:20,853,371,426,84.40,19.60,2.40,4.90
27/2/18-7:28:21,853,364,418,83.70,19.60,2.60,4.50
27/2/18-7:29:22,852,370,423,82.40,19.60,2.40,7.20
27/2/18-7:30:23,852,372,427,83.80,19.60,2.80,11.40
27/2/18-7:31:24,852,370,421,82.70,19.60,3.00,7.30
27/2/18-7:32:25,852,378,426,83.10,19.60,3.10,10.00
27/2/18-7:33:26,852,377,430,83.00,19.70,2.60,3.70
27/2/18-7:34:27,852,375,423,82.40,19.70,2.80,4.20
27/2/18-7:35:28,853,378,425,82.20,19.70,2.60,6.10
27/2/18-7:36:28,852,375,423,82.20,19.70,3.40,10.50
27/2/18-7:37:29,852,373,424,82.10,19.70,3.00,5.40
27/2/18-7:38:30,852,374,424,83.50,19.60,2.90,4.80
27/2/18-7:39:31,852,376,425,83.30,19.60,2.70,5.70
27/2/18-7:40:32,852,378,426,84.30,19.60,2.70,4.30
27/2/18-7:41:33,852,375,426,83.20,19.60,2.50,4.30
27/2/18-7:42:34,852,379,429,82.90,19.70,2.80,6.10
27/2/18-7:43:35,852,378,428,83.20,19.70,2.80,7.00
27/2/18-7:44:36,853,379,431,84.10,19.70,2.70,4.50
27/2/18-7:45:37,853,386,432,83.10,19.70,2.80,3.40
27/2/18-7:46:38,853,380,431,83.40,19.70,2.50,6.20
27/2/18-7:47:39,853,383,441,83.70,19.70,2.50,6.00
27/2/18-7:48:40,852,394,453,84.30,19.70,3.20,6.90
27/2/18-7:49:41,853,391,451,83.50,19.70,3.20,6.60
27/2/18-7:50:42,853,388,452,83.80,19.80,3.40,8.00
27/2/18-7:51:43,852,390,451,83.30,19.80,3.00,13.60
27/2/18-7:52:44,853,388,452,83.20,19.80,2.90,10.70
27/2/18-7:53:45,853,402,477,83.20,19.80,4.40,7.50
27/2/18-7:54:46,853,388,449,83.80,19.80,3.70,7.90
27/2/18-7:55:47,853,378,448,83.50,19.80,3.40,5.90
27/2/18-7:56:48,853,385,445,83.50,19.80,3.90,8.80
27/2/18-7:57:49,853,392,454,84.80,19.80,3.10,7.80
27/2/18-7:58:50,852,395,450,85.20,19.90,3.80,9.90
27/2/18-7:59:51,852,388,443,84.30,19.80,2.80,7.60
27/2/18-8:0:52,852,389,444,84.20,19.90,3.00,5.60
27/2/18-8:1:53,852,388,443,84.60,19.90,3.40,9.80
27/2/18-8:2:54,852,390,444,84.50,19.90,3.30,10.90
27/2/18-8:3:55,853,390,445,84.10,19.90,4.20,11.00
27/2/18-8:4:56,853,386,445,84.80,19.90,4.10,7.00
27/2/18-8:5:57,852,390,450,84.80,19.90,3.70,7.90
27/2/18-8:6:58,853,382,448,84.80,19.90,4.00,11.90
27/2/18-8:7:59,853,382,448,84.80,19.90,3.60,7.90
27/2/18-8:9:0,853,366,442,85.10,19.90,4.10,8.30
27/2/18-8:10:1,853,374,445,83.70,19.80,3.40,7.70
27/2/18-8:11:2,853,384,449,85.00,19.80,3.90,10.00
27/2/18-8:12:3,852,376,449,83.70,19.90,4.30,7.80
27/2/18-8:13:4,852,367,441,83.50,19.90,4.70,13.90
27/2/18-8:14:5,853,360,439,82.10,19.80,4.30,8.40
27/2/18-8:15:6,853,364,441,81.80,19.80,4.40,11.10
27/2/18-8:16:7,852,370,446,81.10,19.80,3.30,9.00
27/2/18-8:17:8,853,345,431,80.50,19.80,3.40,7.30
27/2/18-8:18:9,852,345,433,79.60,19.70,3.50,8.50
27/2/18-8:19:10,852,352,441,80.40,19.70,3.40,6.60
27/2/18-8:20:11,853,351,439,80.60,19.70,3.60,9.10
27/2/18-8:21:11,853,344,442,80.00,19.70,3.90,9.60
27/2/18-8:22:12,853,336,442,79.30,19.60,4.20,7.80
27/2/18-8:23:13,853,336,442,79.10,19.60,4.30,9.90
27/2/18-8:24:14,853,346,447,79.80,19.50,5.00,9.50
27/2/18-8:25:15,851,343,446,80.30,19.60,5.20,7.10
27/2/18-8:26:16,850,353,451,80.00,19.50,5.90,9.00
27/2/18-8:27:17,850,360,452,80.00,19.50,5.40,8.10
27/2/18-8:28:18,851,354,447,80.20,19.60,5.20,6.60
27/2/18-8:29:19,851,364,473,78.70,19.60,5.30,10.00
27/2/18-8:30:20,851,375,463,79.80,19.60,6.10,9.90
27/2/18-8:31:21,851,364,448,79.50,19.70,5.50,11.20
27/2/18-8:32:22,850,353,443,78.80,19.70,4.40,5.30
27/2/18-8:33:23,850,351,444,78.20,19.70,5.20,9.90
27/2/18-8:34:24,850,349,434,79.30,19.70,4.40,9.20
27/2/18-8:35:25,850,362,444,80.00,19.70,4.90,7.20
27/2/18-8:36:26,850,352,440,79.60,19.70,4.30,6.40
27/2/18-8:37:27,850,349,436,79.80,19.70,4.20,9.60
27/2/18-8:38:28,851,362,449,79.10,19.70,3.70,6.70
27/2/18-8:39:29,850,343,434,79.30,19.80,3.70,5.50
27/2/18-8:40:30,850,352,443,77.20,19.70,3.80,7.70
27/2/18-8:41:31,850,358,442,78.90,19.70,3.60,7.40
27/2/18-8:42:32,850,343,434,80.30,19.70,3.60,8.00
27/2/18-8:43:33,850,338,432,78.60,19.80,3.80,7.80
27/2/18-8:44:34,850,336,429,78.00,19.70,3.40,9.90
27/2/18-8:45:35,850,348,436,79.10,19.70,3.70,8.00
27/2/18-8:46:36,850,351,435,78.60,19.70,3.30,7.00
27/2/18-8:47:37,850,353,435,80.10,19.70,3.40,5.20
27/2/18-8:48:38,850,342,428,79.00,19.70,3.20,9.00
27/2/18-8:49:39,851,339,434,77.30,19.70,3.90,9.20
27/2/18-8:50:40,850,340,429,77.30,19.80,3.20,8.60
27/2/18-8:51:41,851,343,426,78.60,19.80,3.20,7.10
27/2/18-8:52:42,850,340,430,79.70,19.80,3.70,5.40
27/2/18-8:53:43,850,391,476,80.60,19.80,3.30,6.10
27/2/18-8:54:44,850,369,444,77.50,19.80,3.10,6.80
27/2/18-8:55:45,851,376,436,77.20,19.80,3.50,9.80
27/2/18-8:56:46,851,351,426,76.20,19.90,3.10,6.20
27/2/18-8:57:47,852,354,433,77.30,19.80,3.50,8.20
27/2/18-8:58:48,851,356,430,79.60,19.80,3.50,7.10
27/2/18-8:59:49,852,357,428,81.00,19.80,3.30,6.80
27/2/18-9:0:50,852,363,434,81.60,19.80,3.80,8.50
27/2/18-9:1:51,851,362,429,82.00,19.80,4.50,10.60
27/2/18-9:2:52,851,363,431,81.40,19.80,3.90,10.50
27/2/18-9:3:53,851,365,433,82.50,19.80,4.30,12.60
27/2/18-9:4:54,851,361,430,83.00,19.80,3.80,8.90
27/2/18-9:5:54,851,367,432,82.20,19.80,3.90,11.30
27/2/18-9:6:55,852,364,430,81.60,19.80,4.20,11.20
27/2/18-9:7:56,852,367,432,82.00,19.90,3.90,7.40
27/2/18-9:8:57,852,369,431,82.40,19.90,3.90,10.80
27/2/18-9:9:58,852,361,431,81.80,19.90,3.00,6.20
27/2/18-9:10:59,851,361,424,81.20,19.90,3.50,7.20
27/2/18-9:12:0,852,374,439,81.70,20.00,3.00,8.70
27/2/18-9:13:1,851,365,426,81.10,20.00,3.70,9.90
27/2/18-9:14:2,852,354,428,81.50,20.00,5.70,17.50
27/2/18-9:15:3,851,347,429,79.50,20.00,3.90,8.20
27/2/18-9:16:4,852,339,426,78.60,20.00,3.40,8.30
27/2/18-9:17:5,852,342,427,79.20,20.00,2.90,6.90
27/2/18-9:18:6,851,339,426,78.90,20.00,3.70,7.70
27/2/18-9:19:7,851,341,428,77.80,20.00,3.50,7.80
27/2/18-9:20:8,852,349,430,78.40,20.00,3.60,9.70
27/2/18-9:21:9,852,343,428,78.50,20.00,3.40,8.10
27/2/18-9:22:10,851,343,429,77.90,20.00,3.20,7.20
27/2/18-9:23:11,852,339,425,78.50,20.00,3.80,9.30
27/2/18-9:24:12,852,344,426,78.40,20.00,3.10,7.30
27/2/18-9:25:13,852,345,425,79.90,20.10,3.30,9.20
27/2/18-9:26:14,852,336,423,78.20,20.10,2.90,8.40
27/2/18-9:27:15,852,331,423,77.90,20.10,3.30,8.90
27/2/18-9:28:16,851,346,426,78.10,20.10,4.50,9.60
27/2/18-9:29:17,851,354,447,80.50,20.10,3.50,9.00
27/2/18-9:30:18,852,369,432,80.20,20.10,3.20,10.50
27/2/18-9:31:19,852,371,439,80.60,20.20,3.40,11.30
27/2/18-9:32:20,852,390,447,81.20,20.20,3.40,6.20
27/2/18-9:33:21,851,375,434,82.20,20.20,3.60,8.00
27/2/18-9:34:22,852,367,433,79.50,20.20,3.60,10.60
27/2/18-9:35:23,851,367,441,79.80,20.20,3.70,13.90
27/2/18-9:36:24,852,359,434,79.70,20.20,4.30,10.10
27/2/18-9:37:25,853,353,434,78.00,20.20,4.50,16.40
27/2/18-9:38:26,852,359,434,78.10,20.20,4.20,15.40
27/2/18-9:39:27,852,364,444,77.80,20.20,3.60,7.40
27/2/18-9:40:28,852,368,466,78.30,20.30,3.60,7.20
27/2/18-9:41:29,853,370,445,78.70,20.30,3.60,8.30
27/2/18-9:42:30,853,373,442,79.20,20.30,3.80,7.80
27/2/18-9:43:31,852,371,436,80.70,20.30,3.80,7.80
27/2/18-9:44:32,852,375,446,80.40,20.30,3.90,11.40
27/2/18-9:45:33,852,377,455,80.00,20.30,3.90,17.10
27/2/18-9:46:34,853,400,464,81.70,20.40,4.70,12.90
27/2/18-9:47:35,852,403,456,82.60,20.40,3.60,9.10
27/2/18-9:48:36,852,391,447,82.60,20.40,3.90,9.50
27/2/18-9:49:37,853,389,447,82.70,20.40,4.00,10.70
27/2/18-9:50:38,852,378,449,82.00,20.50,4.00,14.00
27/2/18-9:51:38,852,375,443,79.80,20.50,4.20,10.20
27/2/18-9:52:39,852,393,449,79.80,20.50,4.00,9.20
27/2/18-9:53:40,852,391,448,81.70,20.50,4.00,8.90
27/2/18-9:54:41,853,399,474,82.30,20.50,3.80,9.00
27/2/18-9:55:42,852,407,475,82.80,20.60,4.10,9.40
27/2/18-9:56:43,853,403,482,81.30,20.60,4.10,7.10
27/2/18-9:57:44,853,382,446,80.20,20.60,4.00,8.80
27/2/18-9:58:45,853,379,457,79.90,20.70,4.20,8.20
27/2/18-9:59:46,853,381,451,79.60,20.70,4.40,8.50
27/2/18-10:0:47,853,397,458,79.40,20.70,4.50,13.40
27/2/18-10:1:48,853,384,451,80.10,20.70,4.20,12.60
27/2/18-10:2:49,853,392,456,80.30,20.80,4.80,8.90
27/2/18-10:3:50,852,413,501,80.90,20.80,4.20,10.00
27/2/18-10:4:51,851,405,482,80.70,20.80,4.40,9.60
27/2/18-10:5:52,853,417,494,80.90,20.90,4.80,13.90
27/2/18-10:6:53,852,406,479,80.00,20.90,5.10,15.90
27/2/18-10:7:54,852,447,528,79.40,20.90,4.90,10.00
27/2/18-10:8:55,852,431,498,78.70,20.90,4.70,12.60
27/2/18-10:9:56,852,432,520,78.60,21.00,4.80,10.20
27/2/18-10:10:57,852,418,485,77.80,21.00,5.90,17.40
27/2/18-10:11:58,852,412,466,78.20,21.00,5.60,11.80
27/2/18-10:12:59,853,413,496,77.80,21.10,5.90,15.80
27/2/18-10:14:0,852,421,493,78.50,21.10,5.30,9.10
27/2/18-10:15:1,852,401,463,78.20,21.10,5.30,9.50
27/2/18-10:16:2,853,412,507,78.40,21.10,5.40,11.50
27/2/18-10:17:3,853,391,474,77.50,21.20,4.70,9.60
27/2/18-10:18:4,852,430,507,77.30,21.20,5.00,11.20
27/2/18-10:19:5,852,483,602,77.40,21.20,5.30,12.90
27/2/18-10:20:6,852,438,485,79.00,21.20,5.60,15.60
27/2/18-10:21:7,853,428,513,77.60,21.20,5.20,12.80
27/2/18-10:22:8,852,413,466,77.10,21.20,5.20,11.70
27/2/18-10:23:9,852,390,452,76.90,21.30,5.50,15.90
27/2/18-10:24:10,852,356,437,75.20,21.30,5.30,10.10
27/2/18-10:25:11,852,342,454,71.20,21.30,4.70,12.10
27/2/18-10:26:12,853,349,433,72.20,21.30,4.20,13.20
27/2/18-10:27:13,853,347,437,72.10,21.30,3.60,10.00
27/2/18-10:28:14,852,332,433,72.90,21.40,3.00,5.40
27/2/18-10:29:15,853,333,433,72.10,21.40,3.50,5.00
27/2/18-10:30:16,853,348,453,72.20,21.40,3.90,11.50
27/2/18-10:31:17,853,358,450,72.70,21.40,3.10,8.20
27/2/18-10:32:18,853,332,430,74.40,21.50,3.70,11.00
27/2/18-10:33:19,853,349,466,69.30,21.50,3.10,9.80
27/2/18-10:34:20,853,365,496,71.10,21.50,3.10,6.80
27/2/18-10:35:21,853,374,502,72.60,21.50,3.50,9.30
27/2/18-10:36:22,853,369,437,72.80,21.50,3.50,12.40
27/2/18-10:37:23,853,350,432,73.30,21.60,3.50,12.30
27/2/18-10:38:23,853,341,434,71.20,21.60,3.80,10.10
27/2/18-10:39:24,853,361,472,72.70,21.70,3.50,8.70
27/2/18-10:40:25,853,361,448,73.10,21.70,3.90,11.60
27/2/18-10:41:26,854,356,438,72.10,21.70,3.00,11.50
27/2/18-10:42:27,853,328,430,70.80,21.70,2.80,11.10
27/2/18-10:43:28,854,339,465,67.70,21.70,3.30,10.90
27/2/18-10:44:29,853,335,418,69.00,21.80,3.10,8.40
27/2/18-10:45:30,853,306,416,66.40,21.80,4.20,15.30
27/2/18-10:46:31,853,274,412,65.40,21.70,3.40,9.80
27/2/18-10:47:32,853,270,429,65.30,21.70,2.80,6.70
27/2/18-10:48:33,854,274,432,65.00,21.70,3.70,9.10
27/2/18-10:49:34,853,281,411,65.50,21.80,3.10,12.50
27/2/18-10:50:35,853,272,440,62.30,21.70,2.50,5.90
27/2/18-10:51:36,852,313,475,63.10,21.70,2.70,8.00
27/2/18-10:52:37,851,362,500,67.90,21.80,3.00,6.20
27/2/18-10:53:38,851,380,458,70.60,21.90,2.70,7.50
27/2/18-10:54:39,851,317,421,67.90,21.90,2.60,5.90
27/2/18-10:55:40,851,274,413,64.60,21.90,2.80,7.60
27/2/18-10:56:41,850,293,425,64.10,21.90,2.20,4.90
27/2/18-10:57:42,850,315,430,67.40,21.90,2.50,12.50
27/2/18-10:58:43,851,347,545,64.50,22.00,3.00,12.40
27/2/18-10:59:44,851,354,453,66.60,22.10,2.70,7.20
27/2/18-11:0:45,850,342,412,64.80,22.20,2.50,8.00
27/2/18-11:1:46,850,321,437,63.40,22.20,3.40,11.80
27/2/18-11:2:47,850,346,520,63.30,22.20,3.90,10.40
27/2/18-11:3:48,850,304,407,62.90,22.20,4.10,12.10
27/2/18-11:4:49,850,315,442,59.70,22.20,3.10,12.80
27/2/18-11:5:50,850,268,414,59.50,22.20,3.20,10.80
27/2/18-11:6:51,850,285,427,59.90,22.20,2.60,7.80
27/2/18-11:7:52,850,315,438,61.10,22.30,2.60,9.70
27/2/18-11:8:53,851,346,486,63.90,22.30,3.00,8.80
27/2/18-11:9:54,850,391,519,64.40,22.40,3.20,13.10
27/2/18-11:10:55,851,375,452,65.00,22.40,3.10,13.30
27/2/18-11:11:56,851,380,445,63.40,22.40,3.70,14.60
27/2/18-11:12:57,850,390,493,64.40,22.50,3.50,17.00
27/2/18-11:13:58,850,383,444,66.60,22.50,3.00,12.60
27/2/18-11:14:59,850,355,448,62.50,22.50,2.90,12.40
27/2/18-11:16:0,850,355,438,63.30,22.60,2.90,8.90
27/2/18-11:17:1,850,339,439,63.20,22.60,2.40,13.80
27/2/18-11:18:2,850,349,445,63.80,22.60,2.60,8.90
27/2/18-11:19:3,850,363,543,62.40,22.70,3.00,8.10
27/2/18-11:20:4,850,346,425,62.60,22.70,2.70,9.50
27/2/18-11:21:5,850,378,551,59.80,22.80,2.40,6.80
27/2/18-11:22:6,850,355,438,60.10,22.80,1.90,4.80
27/2/18-11:23:7,850,364,508,59.70,22.90,1.90,3.00
27/2/18-11:24:8,850,332,427,62.00,23.00,2.40,6.50
27/2/18-11:25:9,850,355,480,59.60,23.00,2.20,4.80
27/2/18-11:26:10,850,362,588,60.50,23.00,2.00,5.30
27/2/18-11:27:10,850,302,411,59.20,23.00,2.50,6.50
27/2/18-11:28:11,850,316,520,56.10,23.00,2.20,4.70
27/2/18-11:29:12,850,255,414,57.10,23.00,2.40,5.90
27/2/18-11:30:13,850,275,423,57.50,23.00,2.40,8.20
27/2/18-11:31:14,850,274,439,58.00,23.10,2.70,9.30
27/2/18-11:32:15,849,338,532,59.30,23.10,2.40,7.60
27/2/18-11:33:16,850,299,416,59.10,23.10,2.20,4.10
27/2/18-11:34:17,850,242,461,56.70,23.10,2.70,13.10
27/2/18-11:35:18,850,382,637,56.60,23.10,2.20,9.30
27/2/18-11:36:19,850,423,594,57.10,23.10,2.30,5.30
27/2/18-11:37:20,850,398,473,58.10,23.10,2.00,4.00
27/2/18-11:38:21,850,381,545,61.40,23.20,2.50,9.10
27/2/18-11:39:22,850,355,441,59.30,23.20,2.50,7.80
27/2/18-11:40:23,850,354,475,60.40,23.20,2.30,6.00
27/2/18-11:41:24,849,377,518,60.10,23.20,2.90,10.30
27/2/18-11:42:25,850,376,472,60.00,23.10,2.50,9.70
27/2/18-11:43:26,850,411,545,62.50,23.20,2.50,9.10
27/2/18-11:44:27,850,401,451,64.30,23.10,2.50,7.90
27/2/18-11:45:28,850,365,477,63.90,23.20,3.10,7.90
27/2/18-11:46:29,850,376,467,60.20,23.30,2.20,4.50
27/2/18-11:47:30,850,408,505,59.80,23.30,2.40,6.60
27/2/18-11:48:31,851,386,445,60.60,23.40,2.50,9.10
27/2/18-11:49:32,850,357,461,61.80,23.40,2.40,5.60
27/2/18-11:50:33,850,333,434,58.10,23.40,2.70,8.10
27/2/18-11:51:34,850,299,433,59.40,23.50,2.60,8.40
27/2/18-11:52:35,849,299,487,58.20,23.50,2.40,5.40
27/2/18-11:53:36,850,342,482,60.20,23.50,2.60,8.40
27/2/18-11:54:37,851,368,529,58.10,23.60,2.40,9.80
27/2/18-11:55:38,850,339,455,57.10,23.60,2.50,7.70
27/2/18-11:56:39,850,295,425,56.60,23.60,2.70,6.50
27/2/18-11:57:40,850,238,417,55.40,23.60,2.90,6.70
27/2/18-11:58:41,850,212,420,54.30,23.60,2.90,9.80
27/2/18-11:59:42,850,323,642,55.40,23.60,2.40,6.10
27/2/18-12:0:43,851,362,561,56.10,23.60,3.30,10.80
27/2/18-12:1:44,850,362,469,59.20,23.60,2.50,7.60
27/2/18-12:2:45,850,356,486,58.30,23.70,2.00,5.30
27/2/18-12:3:46,850,387,556,57.40,23.70,2.20,8.10
27/2/18-12:4:47,850,389,524,57.70,23.70,2.90,8.30
27/2/18-12:5:48,850,342,502,56.30,23.70,2.70,7.90
27/2/18-12:6:49,849,327,467,55.90,23.70,2.80,8.60
27/2/18-12:7:50,849,409,641,57.10,23.80,2.60,8.30
27/2/18-12:8:51,849,385,465,57.60,23.80,2.80,8.00
27/2/18-12:9:52,850,347,467,57.30,23.90,2.60,6.50
27/2/18-12:10:53,850,371,572,57.30,23.90,2.70,6.10
27/2/18-12:11:54,850,278,433,57.40,24.00,2.50,5.70
27/2/18-12:12:55,850,214,436,54.20,23.90,2.90,11.90
27/2/18-12:13:56,849,194,427,53.20,23.80,2.50,11.10
27/2/18-12:14:57,850,213,478,53.00,23.70,2.70,8.30
27/2/18-12:15:58,850,224,446,53.70,23.70,2.60,6.70
27/2/18-12:16:59,849,241,444,53.70,23.70,2.00,4.40
27/2/18-12:17:59,850,307,527,56.80,23.70,2.90,7.50
27/2/18-12:19:0,850,327,457,56.20,23.80,2.50,6.00
27/2/18-12:20:1,849,324,482,55.90,23.80,2.70,8.20
27/2/18-12:21:2,850,350,513,55.80,23.90,2.40,4.60
27/2/18-12:22:3,850,371,499,56.30,23.90,2.60,6.90
27/2/18-12:23:4,850,316,439,56.30,24.00,2.70,11.80
27/2/18-12:24:5,850,310,448,55.80,24.00,2.60,8.50
27/2/18-12:25:6,850,378,551,55.50,24.00,2.30,7.30
27/2/18-12:26:7,849,380,490,55.40,24.10,2.50,6.70
27/2/18-12:27:8,850,366,461,54.80,24.20,2.40,11.60
27/2/18-12:28:9,850,365,513,55.80,24.20,2.40,6.40
27/2/18-12:29:10,850,386,492,55.80,24.20,2.20,6.10
27/2/18-12:30:11,849,418,607,56.30,24.30,2.80,7.80
27/2/18-12:31:12,850,426,592,56.00,24.30,2.70,8.50
27/2/18-12:32:13,850,402,501,55.20,24.40,2.50,5.60
27/2/18-12:33:14,850,414,591,56.60,24.40,2.10,4.30
27/2/18-12:34:15,849,386,480,56.60,24.50,2.70,9.30
27/2/18-12:35:16,850,375,524,54.90,24.50,2.50,5.70
27/2/18-12:36:17,849,375,482,54.70,24.50,2.20,4.30
27/2/18-12:37:18,849,329,472,52.80,24.60,2.40,8.40
27/2/18-12:38:19,850,308,466,52.80,24.60,2.70,4.70
27/2/18-12:39:20,850,272,457,52.30,24.50,2.90,8.00
27/2/18-12:40:21,849,268,465,51.70,24.50,2.60,6.30
27/2/18-12:41:22,849,342,538,52.60,24.50,2.60,7.00
27/2/18-12:42:23,850,344,517,51.20,24.50,3.10,7.90
27/2/18-12:43:24,849,352,480,51.80,24.50,2.80,8.50
27/2/18-12:44:25,849,356,507,52.90,24.50,2.80,6.50
27/2/18-12:45:26,849,360,518,52.50,24.50,3.00,10.20
27/2/18-12:46:27,849,359,517,51.10,24.50,2.50,5.40
27/2/18-12:47:28,850,367,511,51.50,24.50,2.70,4.60
27/2/18-12:48:29,850,393,555,52.80,24.50,2.50,8.10
27/2/18-12:49:30,851,360,485,52.80,24.50,2.60,7.40
27/2/18-12:50:31,849,311,473,52.10,24.60,2.50,5.00
27/2/18-12:51:32,850,362,537,53.30,24.50,1.80,3.80
27/2/18-12:52:33,849,368,504,53.50,24.70,2.20,6.10
27/2/18-12:53:34,850,350,463,54.60,24.70,2.60,7.00
27/2/18-12:54:35,851,386,534,54.70,24.80,2.30,6.80
27/2/18-12:55:36,851,367,462,52.90,24.90,1.70,5.10
27/2/18-12:56:37,850,379,529,51.10,24.90,1.80,4.20
27/2/18-12:57:38,850,384,513,50.80,25.00,1.40,3.40
27/2/18-12:58:39,851,407,546,50.70,25.00,1.50,4.20
27/2/18-12:59:40,851,393,512,49.10,25.10,1.50,3.70
27/2/18-13:0:41,851,382,540,50.00,25.00,1.90,3.10
27/2/18-13:1:42,851,366,462,49.90,25.00,1.90,5.50
27/2/18-13:2:43,851,369,523,49.50,25.10,2.00,4.60
27/2/18-13:3:44,851,334,448,50.10,25.10,1.90,6.20
27/2/18-13:4:45,851,393,547,52.60,25.20,2.30,8.40
27/2/18-13:5:46,852,407,576,52.60,25.20,2.90,5.90
27/2/18-13:6:47,851,401,507,52.10,25.20,2.50,5.80
27/2/18-13:7:48,851,402,521,53.00,25.30,2.60,4.30
27/2/18-13:8:48,851,365,465,54.10,25.30,3.10,8.00
27/2/18-13:9:49,851,363,470,52.70,25.40,3.50,14.00
27/2/18-13:10:50,851,357,457,51.40,25.40,2.70,6.00
27/2/18-13:11:51,851,373,579,51.60,25.40,2.00,2.60
27/2/18-13:12:52,851,289,435,50.80,25.30,2.30,6.70
27/2/18-13:13:53,851,337,519,51.30,25.30,2.10,6.30
27/2/18-13:14:54,851,316,438,51.40,25.40,2.30,3.30
27/2/18-13:15:55,851,286,462,51.80,25.40,2.00,4.60
27/2/18-13:16:56,852,294,432,53.40,25.40,2.50,12.30
27/2/18-13:17:57,851,325,518,48.30,25.40,2.30,3.70
27/2/18-13:18:58,851,337,466,50.70,25.50,2.60,7.60
27/2/18-13:19:59,852,327,456,51.40,25.50,2.50,6.20
27/2/18-13:21:0,851,370,539,52.70,25.50,2.20,5.50
27/2/18-13:22:1,851,386,468,51.80,25.50,2.50,8.60
27/2/18-13:23:2,851,363,475,51.50,25.50,2.20,2.40
27/2/18-13:24:3,851,351,479,51.20,25.70,2.00,4.00
27/2/18-13:25:4,851,372,517,51.00,25.70,2.10,6.20
27/2/18-13:26:5,851,388,486,51.50,25.70,2.20,6.30
27/2/18-13:27:6,851,369,494,49.70,25.70,1.40,4.40
27/2/18-13:28:7,851,390,508,49.10,25.70,1.40,3.20
27/2/18-13:29:8,851,366,499,49.10,25.70,1.20,2.60
27/2/18-13:30:9,851,378,562,48.50,25.80,1.60,3.80
27/2/18-13:31:10,851,307,470,48.40,25.70,1.30,5.00
27/2/18-13:32:11,851,329,456,47.60,25.80,1.50,4.00
27/2/18-13:33:12,851,346,494,48.60,25.80,1.70,6.00
27/2/18-13:34:13,851,357,496,49.50,25.80,1.30,3.40
27/2/18-13:35:14,851,379,559,47.00,25.80,1.50,3.80
27/2/18-13:36:15,852,420,585,49.60,25.80,2.00,5.10
27/2/18-13:37:16,851,407,521,49.00,25.90,1.60,6.60
27/2/18-13:38:17,851,388,535,49.90,25.90,1.30,3.40
27/2/18-13:39:18,852,441,590,49.00,25.90,1.80,5.00
27/2/18-13:40:19,852,446,582,49.30,25.90,1.80,4.60
27/2/18-13:41:20,851,444,589,49.40,25.90,1.50,2.30
27/2/18-13:42:21,851,431,544,49.30,26.00,1.40,2.10
27/2/18-13:43:22,851,361,469,49.60,26.00,1.60,3.20
27/2/18-13:44:23,851,393,518,48.20,26.00,1.50,2.10
27/2/18-13:45:24,852,380,480,47.40,26.10,1.50,3.60
27/2/18-13:46:25,851,369,468,47.20,26.10,1.30,4.20
27/2/18-13:47:26,852,361,564,45.80,26.10,1.00,1.50
27/2/18-13:48:27,851,367,474,44.00,26.10,1.00,2.70
27/2/18-13:49:28,851,306,509,43.70,26.10,0.90,1.20
27/2/18-13:50:29,851,311,494,44.10,26.00,1.10,2.30
27/2/18-13:51:30,851,325,465,46.00,26.10,1.20,3.80
27/2/18-13:52:31,851,304,457,45.90,26.10,1.30,1.90
27/2/18-13:53:32,852,303,479,45.30,26.10,1.60,3.20
27/2/18-13:54:33,851,318,485,46.40,26.10,1.30,3.00
27/2/18-13:55:34,851,335,466,45.00,26.10,1.60,5.40
27/2/18-13:56:35,851,334,561,44.20,26.20,1.10,1.50
27/2/18-13:57:36,851,349,479,45.50,26.10,1.30,2.00
27/2/18-13:58:37,851,385,514,46.40,26.20,1.10,1.40
27/2/18-13:59:38,851,366,534,49.30,26.30,1.30,2.60
27/2/18-14:0:39,852,396,542,45.10,26.30,1.10,3.40
27/2/18-14:1:40,851,412,544,44.90,26.30,1.00,1.90
27/2/18-14:2:40,852,386,481,42.90,26.30,1.00,2.40
27/2/18-14:3:41,851,377,457,42.00,26.30,0.80,2.00
27/2/18-14:4:42,852,374,511,43.90,26.40,0.80,0.90
27/2/18-14:5:43,851,350,459,41.60,26.40,1.30,2.40
27/2/18-14:6:44,851,337,468,41.90,26.40,0.70,1.30
27/2/18-14:7:45,852,321,450,42.00,26.50,0.80,1.00
27/2/18-14:8:46,852,351,536,41.80,26.50,1.00,2.80
27/2/18-14:9:47,851,361,468,40.20,26.50,0.70,1.10
27/2/18-14:10:48,851,316,495,39.30,26.50,0.60,1.00
27/2/18-14:11:49,852,364,496,39.10,26.50,0.60,0.60
27/2/18-14:12:50,852,403,539,40.90,26.50,0.60,1.00
27/2/18-14:13:51,852,372,513,42.00,26.50,0.50,0.60
27/2/18-14:14:52,852,326,447,37.80,26.60,0.70,1.00
27/2/18-14:15:53,851,334,536,39.10,26.70,0.80,3.30
27/2/18-14:16:54,852,421,647,39.10,26.70,0.70,0.70
27/2/18-14:17:55,852,419,494,39.80,26.60,0.50,0.50
27/2/18-14:18:56,851,374,525,40.10,26.70,0.70,2.30
27/2/18-14:19:57,851,354,494,39.60,26.70,0.60,0.60
27/2/18-14:20:58,852,374,564,39.40,26.70,0.70,1.10
27/2/18-14:21:59,852,389,524,39.20,26.70,0.70,0.90
27/2/18-14:23:0,851,445,649,40.40,26.80,0.90,1.00
27/2/18-14:24:1,851,452,650,41.30,26.80,0.90,1.50
27/2/18-14:25:2,852,420,520,41.10,26.90,1.00,3.30
27/2/18-14:26:3,852,388,491,40.00,26.90,0.60,1.10
27/2/18-14:27:4,852,386,495,39.00,26.90,0.80,1.00
27/2/18-14:28:5,852,380,495,40.80,27.00,0.90,2.50
27/2/18-14:29:6,852,416,535,42.00,27.00,1.10,1.70
27/2/18-14:30:7,852,406,490,41.60,27.00,0.90,2.10
27/2/18-14:31:8,852,370,484,39.90,27.00,0.80,0.90
27/2/18-14:32:9,852,307,450,39.20,27.00,0.80,2.40
27/2/18-14:33:10,852,347,519,39.50,27.00,1.20,3.10
27/2/18-14:34:11,851,370,476,38.40,27.00,0.80,2.60
27/2/18-14:35:12,851,269,440,38.10,27.00,0.60,1.40
27/2/18-14:36:13,851,235,427,37.60,26.90,0.90,1.10
27/2/18-14:37:14,852,285,500,36.50,26.90,0.90,1.00
27/2/18-14:38:15,851,285,436,38.20,26.90,0.90,3.40
27/2/18-14:39:16,852,312,449,39.80,27.00,1.00,1.40
27/2/18-14:40:17,852,340,496,39.10,27.00,1.00,1.60
27/2/18-14:41:18,849,301,441,38.90,27.00,1.20,3.50
27/2/18-14:42:19,849,280,436,38.50,27.10,1.10,2.40
27/2/18-14:43:20,849,230,438,39.50,27.10,0.80,2.20
27/2/18-14:44:21,850,253,474,38.30,27.10,1.10,1.40
27/2/18-14:45:22,850,171,421,38.30,27.00,1.00,1.80
27/2/18-14:46:23,851,224,444,37.90,27.00,1.10,2.20
27/2/18-14:47:24,851,288,471,38.70,27.00,1.00,1.10
27/2/18-14:48:25,851,169,418,38.20,27.00,1.20,3.90
27/2/18-14:49:26,851,231,453,37.20,26.90,1.30,2.40
27/2/18-14:50:27,851,261,488,38.30,26.90,1.00,1.20
27/2/18-14:51:28,851,223,434,39.50,26.90,1.00,3.40
27/2/18-14:52:29,851,264,483,40.00,26.90,1.40,2.90
27/2/18-14:53:30,851,301,479,38.20,26.90,1.20,5.40
27/2/18-14:54:31,851,196,416,39.40,26.90,1.70,4.40
27/2/18-14:55:32,851,258,531,37.60,26.90,1.10,2.70
27/2/18-14:56:33,850,282,461,38.30,26.80,1.40,3.80
27/2/18-14:57:34,851,270,464,38.80,26.90,1.10,2.80
27/2/18-14:58:34,851,300,482,39.00,26.90,1.20,3.80
27/2/18-14:59:35,851,323,504,38.80,26.90,1.10,1.70
27/2/18-15:0:36,850,305,478,37.80,26.90,1.20,1.90
27/2/18-15:1:37,851,288,460,37.60,26.90,1.10,1.40
27/2/18-15:2:38,851,315,472,37.10,26.90,0.80,1.20
27/2/18-15:3:39,851,296,457,36.20,26.90,1.00,1.40
27/2/18-15:4:40,851,302,465,37.60,26.90,1.10,1.40
27/2/18-15:5:41,851,279,478,37.50,26.90,1.00,2.20
27/2/18-15:6:42,851,326,473,37.90,26.90,1.00,2.60
27/2/18-15:7:43,851,330,492,37.90,26.80,0.80,2.10
27/2/18-15:8:44,851,268,498,37.40,26.80,1.20,1.70
27/2/18-15:9:45,850,216,450,35.50,26.80,0.80,1.00
27/2/18-15:10:46,851,234,442,35.60,26.70,1.30,2.80
27/2/18-15:11:47,850,292,492,36.10,26.70,0.70,0.70
27/2/18-15:12:48,851,218,457,36.70,26.70,0.90,1.30
27/2/18-15:13:49,851,196,440,37.10,26.60,1.10,3.80
27/2/18-15:14:50,851,189,448,36.60,26.60,0.90,1.00
27/2/18-15:15:51,851,222,442,37.70,26.60,0.80,0.90
27/2/18-15:16:52,851,160,426,36.40,26.50,1.40,3.60
27/2/18-15:17:53,851,250,468,36.50,26.50,1.10,2.30
27/2/18-15:18:54,851,234,459,36.80,26.50,1.30,2.50
27/2/18-15:19:55,851,209,423,36.50,26.50,0.90,1.70
27/2/18-15:20:56,851,169,429,37.10,26.50,1.00,2.30
27/2/18-15:21:57,851,183,429,37.20,26.50,1.10,3.10
27/2/18-15:22:58,851,269,493,38.30,26.40,1.10,2.00
27/2/18-15:23:59,851,320,473,38.50,26.40,1.10,2.50
27/2/18-15:25:0,851,286,467,37.90,26.40,1.10,1.50
27/2/18-15:26:1,852,298,486,37.80,26.40,1.20,2.40
27/2/18-15:27:2,851,219,424,38.50,26.40,1.10,2.40
27/2/18-15:28:3,850,187,444,38.10,26.30,1.00,1.20
27/2/18-15:29:4,851,201,419,38.80,26.30,1.10,2.30
27/2/18-15:30:5,851,184,439,38.00,26.30,1.20,1.80
27/2/18-15:31:6,851,213,448,38.60,26.20,1.20,3.70
27/2/18-15:32:7,851,203,457,39.50,26.30,1.20,2.40
27/2/18-15:33:8,851,255,451,39.30,26.20,1.10,1.70
27/2/18-15:34:9,852,294,495,38.60,26.20,1.10,3.40
27/2/18-15:35:10,852,236,437,38.80,26.20,1.10,3.10
27/2/18-15:36:11,851,156,411,39.00,26.20,1.50,3.00
27/2/18-15:37:12,852,208,447,37.90,26.10,1.20,2.50
27/2/18-15:38:13,852,215,455,39.40,26.10,1.10,3.00
27/2/18-15:39:14,852,254,460,39.10,26.10,1.20,5.20
27/2/18-15:40:15,852,182,427,39.70,26.10,1.50,6.00
27/2/18-15:41:16,852,279,482,39.60,26.10,1.20,1.50
27/2/18-15:42:17,852,314,462,39.00,26.10,1.00,1.30
27/2/18-15:43:18,852,320,493,39.80,26.10,1.20,5.40
27/2/18-15:44:19,853,256,447,39.20,26.10,1.20,4.50
27/2/18-15:45:20,852,305,483,38.80,26.10,1.20,1.60
27/2/18-15:46:21,852,325,478,38.70,26.10,1.00,3.50
27/2/18-15:47:22,851,221,430,38.60,26.10,1.10,2.40
27/2/18-15:48:23,852,226,462,38.50,26.00,1.40,3.80
27/2/18-15:49:24,852,201,430,40.20,26.10,1.20,4.30
27/2/18-15:50:25,853,255,537,40.80,26.10,1.40,3.30
27/2/18-15:51:26,852,318,472,39.90,26.10,1.30,1.60
27/2/18-15:52:27,852,237,453,40.70,26.10,1.10,2.40
27/2/18-15:53:28,852,300,488,39.60,26.00,1.10,4.20
27/2/18-15:54:28,852,281,452,40.40,26.10,1.40,3.00
27/2/18-15:55:29,852,327,481,40.60,26.00,1.20,3.10
27/2/18-15:56:30,852,211,429,40.80,26.00,1.30,2.20
27/2/18-15:57:31,852,253,491,39.80,26.00,1.30,3.30
27/2/18-15:58:32,852,276,459,39.40,25.90,1.50,3.00
27/2/18-15:59:33,852,280,464,39.30,25.90,1.50,4.30
27/2/18-16:0:34,852,320,500,38.90,25.90,1.70,4.40
27/2/18-16:1:35,852,335,486,40.20,25.90,1.40,3.50
27/2/18-16:2:36,852,351,494,40.30,25.90,1.70,3.70
27/2/18-16:3:37,852,333,494,40.00,25.90,1.50,2.90
27/2/18-16:4:38,852,366,499,40.90,25.90,1.80,5.10
27/2/18-16:5:39,851,341,467,39.60,25.90,1.40,4.40
27/2/18-16:6:40,852,292,475,39.00,25.90,1.20,2.20
27/2/18-16:7:41,852,293,468,39.70,25.90,1.60,4.70
27/2/18-16:8:42,854,300,475,39.70,25.90,1.40,2.20
27/2/18-16:9:43,853,381,574,39.30,25.90,1.30,6.60
27/2/18-16:10:44,853,412,525,39.20,25.90,1.10,2.90
27/2/18-16:11:45,852,396,496,40.40,25.90,1.20,4.10
27/2/18-16:12:46,853,381,481,41.20,25.90,1.10,2.50
27/2/18-16:13:47,852,405,569,41.40,25.90,1.40,3.70
27/2/18-16:14:48,853,356,449,41.60,25.90,1.40,2.20
27/2/18-16:15:49,852,321,488,39.50,25.90,1.40,5.00
27/2/18-16:16:50,852,320,491,40.70,25.90,1.20,4.80
27/2/18-16:17:51,852,361,512,41.90,25.90,1.00,2.60
27/2/18-16:18:52,853,384,529,41.50,25.90,1.20,3.90
27/2/18-16:19:53,852,373,493,41.40,25.80,1.20,5.50
27/2/18-16:20:54,853,340,467,40.80,25.90,1.30,1.80
27/2/18-16:21:55,852,379,534,39.60,25.90,1.10,2.90
27/2/18-16:22:56,852,288,441,39.60,25.90,1.00,1.50
27/2/18-16:23:57,852,207,457,39.40,25.80,1.50,3.40
27/2/18-16:24:58,853,229,447,40.30,25.80,1.20,1.80
27/2/18-16:25:59,853,240,458,39.80,25.80,1.50,3.70
27/2/18-16:27:0,853,271,453,39.80,25.80,1.60,4.10
27/2/18-16:28:1,853,305,505,42.00,25.80,1.50,3.90
27/2/18-16:29:2,852,312,480,41.50,25.80,1.70,4.30
27/2/18-16:30:3,853,320,532,40.30,25.80,1.60,5.00
27/2/18-16:31:4,853,347,490,41.30,25.80,1.50,2.00
27/2/18-16:32:5,853,374,496,40.90,25.80,1.90,5.10
27/2/18-16:33:6,853,301,474,40.40,25.80,1.70,2.70
27/2/18-16:34:7,854,307,452,42.40,25.80,1.60,4.20
27/2/18-16:35:8,854,372,586,40.90,25.80,1.40,2.00
27/2/18-16:36:9,853,396,499,40.90,25.80,1.60,2.80
27/2/18-16:37:10,854,322,454,42.90,25.80,1.40,2.90
27/2/18-16:38:11,854,259,456,41.00,25.80,1.20,2.40
27/2/18-16:39:12,854,323,493,41.00,25.80,1.10,1.90
27/2/18-16:40:13,854,351,480,40.50,25.80,1.40,3.20
27/2/18-16:41:14,854,319,480,42.10,25.90,1.10,3.60
27/2/18-16:42:15,851,337,463,40.80,25.90,1.70,2.70
27/2/18-16:43:16,851,246,444,40.60,25.90,1.20,1.80
27/2/18-16:44:17,851,270,444,39.10,25.90,1.50,5.30
27/2/18-16:45:18,851,222,430,39.60,25.90,1.30,3.90
27/2/18-16:46:19,851,262,457,39.40,25.90,1.70,4.30
27/2/18-16:47:20,851,345,511,39.70,25.90,1.20,2.10
27/2/18-16:48:20,851,371,500,41.40,25.90,1.10,2.10
27/2/18-16:49:21,851,334,474,39.90,26.00,1.10,1.40
27/2/18-16:50:22,850,341,475,39.60,26.00,1.20,2.80
27/2/18-16:51:23,851,320,453,40.40,26.00,1.00,1.70
27/2/18-16:52:24,850,344,523,40.50,26.10,1.00,1.10
27/2/18-16:53:25,851,219,426,38.80,26.10,1.10,4.00
27/2/18-16:54:26,850,202,436,38.30,26.00,1.00,2.00
27/2/18-16:55:27,851,268,471,40.30,26.00,1.20,4.90
27/2/18-16:56:28,850,314,488,39.60,26.00,1.40,2.80
27/2/18-16:57:29,850,332,513,39.80,26.10,1.00,2.00
27/2/18-16:58:30,851,402,530,39.80,26.10,1.10,3.20
27/2/18-16:59:31,851,370,457,40.70,26.10,1.00,3.40
27/2/18-17:0:32,852,322,467,41.60,26.10,1.30,5.80
27/2/18-17:1:33,853,378,520,43.50,26.10,1.60,5.00
27/2/18-17:2:34,852,384,521,43.10,26.00,1.10,2.10
27/2/18-17:3:35,853,351,467,41.80,26.10,1.60,3.40
27/2/18-17:4:36,852,364,521,41.50,26.10,1.10,3.00
27/2/18-17:5:37,852,397,542,41.40,26.10,1.20,4.60
27/2/18-17:6:38,853,434,575,42.50,26.10,1.50,6.50
27/2/18-17:7:39,853,435,546,43.10,26.10,1.40,5.80
27/2/18-17:8:40,853,422,541,44.30,26.10,1.60,3.60
27/2/18-17:9:41,853,391,501,43.30,26.10,1.30,3.30
27/2/18-17:10:42,853,422,537,42.10,26.00,1.10,3.20
27/2/18-17:11:43,853,411,542,42.10,26.10,1.40,3.60
27/2/18-17:12:44,853,362,471,41.50,26.10,1.40,4.10
27/2/18-17:13:45,853,344,497,41.30,26.00,1.30,3.50
27/2/18-17:14:46,853,380,531,41.20,26.00,1.50,3.70
27/2/18-17:15:47,853,439,582,40.60,26.00,1.30,3.20
27/2/18-17:16:48,854,427,563,40.50,26.00,1.40,5.80
27/2/18-17:17:49,854,440,584,42.10,26.00,1.30,3.10
27/2/18-17:18:50,854,434,546,41.80,26.00,1.50,3.30
27/2/18-17:19:51,853,391,482,43.30,26.00,1.40,2.70
27/2/18-17:20:52,854,385,497,43.70,26.00,1.40,3.60
27/2/18-17:21:53,854,350,490,42.00,25.90,1.50,4.00
27/2/18-17:22:54,854,317,486,42.30,25.90,1.60,3.00
27/2/18-17:23:55,854,278,454,40.70,25.90,1.50,2.10
27/2/18-17:24:56,855,226,439,41.30,25.90,1.80,4.80
27/2/18-17:25:57,855,186,432,42.60,25.80,2.10,7.50
27/2/18-17:26:58,855,186,444,44.80,25.80,1.80,7.60
27/2/18-17:27:59,854,190,445,44.40,25.70,1.40,5.70
27/2/18-17:29:0,854,232,443,44.20,25.70,1.50,6.20
27/2/18-17:30:1,853,240,455,46.30,25.60,1.60,7.40
27/2/18-17:31:2,853,243,445,45.90,25.50,1.80,7.50
27/2/18-17:32:3,853,205,434,45.70,25.50,1.60,9.10
27/2/18-17:33:4,853,215,459,46.80,25.40,1.10,4.10
27/2/18-17:34:5,853,177,428,46.30,25.40,1.60,5.70
27/2/18-17:35:6,853,154,425,46.20,25.30,1.20,7.70
27/2/18-17:36:7,853,156,440,46.70,25.10,1.50,5.70
27/2/18-17:37:8,853,212,443,46.60,25.10,1.20,2.60
27/2/18-17:38:9,853,214,440,48.10,25.00,1.10,4.90
27/2/18-17:39:10,853,255,467,47.90,25.00,1.40,4.10
27/2/18-17:40:11,853,261,459,47.50,25.00,1.40,4.60
27/2/18-17:41:11,853,288,445,48.60,25.00,1.10,4.10
27/2/18-17:42:12,853,237,437,49.20,25.00,1.10,3.30
27/2/18-17:43:13,854,178,424,47.20,25.00,1.10,3.90
27/2/18-17:44:14,852,175,425,47.90,25.00,0.90,2.70
27/2/18-17:45:15,853,207,451,47.40,24.90,1.20,4.40
27/2/18-17:46:16,853,238,454,47.60,24.90,1.00,3.20
27/2/18-17:47:17,853,243,428,47.60,24.90,1.20,3.60
27/2/18-17:48:18,854,196,438,47.30,24.90,1.20,2.10
27/2/18-17:49:19,853,253,455,47.80,24.90,1.50,2.80
27/2/18-17:50:20,853,289,480,48.90,24.90,1.20,2.80
27/2/18-17:51:21,853,298,462,46.70,24.90,1.00,5.50
27/2/18-17:52:22,853,303,451,46.40,24.90,0.90,2.10
27/2/18-17:53:23,853,250,432,46.70,24.90,1.10,3.00
27/2/18-17:54:24,853,262,460,46.00,24.90,1.00,4.20
27/2/18-17:55:25,853,243,434,46.90,24.90,1.00,3.90
27/2/18-17:56:26,853,227,425,46.20,24.80,1.00,3.50
27/2/18-17:57:27,854,192,427,46.00,24.80,0.80,4.00
27/2/18-17:58:28,853,227,453,45.80,24.80,1.20,4.10
27/2/18-17:59:29,854,194,423,46.50,24.80,0.80,1.10
27/2/18-18:0:30,853,203,448,46.10,24.80,0.90,2.10
27/2/18-18:1:31,854,168,420,46.30,24.70,1.00,3.40
27/2/18-18:2:32,854,163,411,45.90,24.70,0.80,1.80
27/2/18-18:3:33,854,145,410,46.30,24.70,0.80,2.30
27/2/18-18:4:34,854,163,415,45.50,24.60,0.80,2.20
27/2/18-18:5:35,854,209,436,46.20,24.60,1.00,4.40
27/2/18-18:6:36,853,213,428,49.20,24.60,1.40,3.80
27/2/18-18:7:37,854,185,423,47.00,24.70,0.80,0.80
27/2/18-18:8:38,853,217,445,46.40,24.60,1.20,2.40
27/2/18-18:9:39,853,282,465,46.00,24.60,1.30,2.60
27/2/18-18:10:40,854,337,504,46.20,24.70,1.00,4.50
27/2/18-18:11:41,853,279,438,46.50,24.70,1.10,5.30
27/2/18-18:12:42,853,231,426,46.50,24.70,1.00,3.40
27/2/18-18:13:43,853,225,457,46.70,24.70,1.40,5.20
27/2/18-18:14:44,853,219,428,46.70,24.60,1.20,3.50
27/2/18-18:15:45,854,233,445,47.30,24.60,1.30,2.90
27/2/18-18:16:46,853,302,471,48.40,24.60,1.30,3.60
27/2/18-18:17:47,854,286,432,48.10,24.60,1.50,5.20
27/2/18-18:18:48,853,240,435,47.50,24.70,1.00,3.30
27/2/18-18:19:49,853,314,455,47.20,24.60,1.40,5.40
27/2/18-18:20:50,853,256,424,48.10,24.60,1.00,3.50
27/2/18-18:21:51,854,231,451,47.10,24.50,0.90,4.00
27/2/18-18:22:52,853,222,422,47.70,24.50,1.00,4.70
27/2/18-18:23:53,853,278,456,48.60,24.50,1.00,1.80
27/2/18-18:24:54,853,235,423,47.80,24.50,1.00,3.50
27/2/18-18:25:55,853,307,492,47.70,24.50,1.10,2.30
27/2/18-18:26:56,853,336,462,47.80,24.50,1.00,2.60
27/2/18-18:27:57,853,325,435,49.20,24.60,1.00,2.00
27/2/18-18:28:58,853,275,435,48.20,24.60,1.10,4.80
27/2/18-18:29:59,853,218,421,49.50,24.50,1.00,3.20
27/2/18-18:31:0,853,233,431,48.10,24.40,0.90,1.60
27/2/18-18:32:1,852,186,409,49.50,24.50,1.50,2.60
27/2/18-18:33:1,853,161,413,47.40,24.30,1.00,2.60
27/2/18-18:34:2,853,185,443,47.80,24.30,1.10,1.50
27/2/18-18:35:3,854,249,437,48.30,24.30,1.00,3.70
27/2/18-18:36:4,853,227,439,49.30,24.30,1.20,2.60
27/2/18-18:37:5,852,272,446,48.40,24.30,1.10,2.50
27/2/18-18:38:6,853,280,451,49.70,24.30,1.50,5.60
27/2/18-18:39:7,853,252,427,49.30,24.40,1.30,2.80
27/2/18-18:40:8,853,221,431,48.90,24.30,1.70,3.70
27/2/18-18:41:9,847,222,430,48.00,24.30,1.20,4.70
27/2/18-18:42:10,852,247,446,48.10,24.30,1.30,3.10
27/2/18-18:43:11,853,228,435,47.90,24.30,1.00,3.90
27/2/18-18:44:12,852,240,427,48.40,24.30,1.20,4.70
27/2/18-18:45:13,853,210,433,48.40,24.30,1.20,5.00
27/2/18-18:46:14,853,195,428,47.30,24.30,1.20,4.90
27/2/18-18:47:15,851,206,439,48.00,24.30,1.20,2.90
27/2/18-18:48:16,852,234,436,47.30,24.30,1.30,4.30
27/2/18-18:49:17,852,255,454,48.00,24.30,1.60,5.10
27/2/18-18:50:18,852,289,448,47.80,24.30,1.40,4.60
27/2/18-18:51:19,852,297,442,49.00,24.40,1.10,3.30
27/2/18-18:52:20,852,304,461,48.00,24.30,1.50,4.10
27/2/18-18:53:21,852,282,471,48.20,24.40,1.30,3.70
27/2/18-18:54:22,853,287,472,47.80,24.40,1.00,2.30
27/2/18-18:55:23,853,337,487,48.80,24.40,1.40,4.70
27/2/18-18:56:24,852,354,468,49.50,24.40,1.00,2.40
27/2/18-18:57:25,851,361,482,48.80,24.50,1.30,2.90
27/2/18-18:58:26,852,327,443,49.20,24.50,1.20,1.90
27/2/18-18:59:27,852,286,445,49.10,24.50,1.80,14.30
27/2/18-19:0:28,852,287,439,48.90,24.50,1.30,5.70
27/2/18-19:1:29,852,294,446,49.00,24.50,1.20,3.20
27/2/18-19:2:30,852,257,431,49.70,24.50,1.30,3.60
27/2/18-19:3:31,851,230,432,48.60,24.50,1.20,8.70
27/2/18-19:4:32,852,243,429,49.10,24.50,1.00,1.40
27/2/18-19:5:33,852,253,433,51.30,24.50,1.40,5.00
27/2/18-19:6:34,847,238,451,50.20,24.50,1.30,4.30
27/2/18-19:7:35,852,241,433,51.40,24.50,1.10,1.90
27/2/18-19:8:36,851,297,456,51.70,24.50,1.50,3.50
27/2/18-19:9:37,852,317,448,52.70,24.50,1.30,2.50
27/2/18-19:10:38,851,291,448,51.10,24.40,1.50,8.40
27/2/18-19:11:39,851,326,473,51.00,24.50,1.70,4.10
27/2/18-19:12:40,852,334,449,50.70,24.50,1.50,3.40
27/2/18-19:13:41,852,316,468,52.00,24.50,1.20,3.60
27/2/18-19:14:42,852,345,469,51.80,24.50,2.00,6.30
27/2/18-19:15:43,852,323,440,51.80,24.50,2.00,6.20
27/2/18-19:16:44,852,282,439,52.00,24.50,1.40,2.50
27/2/18-19:17:45,852,314,447,51.70,24.50,1.20,2.10
27/2/18-19:18:46,852,286,448,51.00,24.50,1.10,2.90
27/2/18-19:19:47,852,275,428,51.10,24.40,1.50,2.80
27/2/18-19:20:48,852,288,442,51.80,24.40,1.20,2.50
27/2/18-19:21:49,853,289,442,51.70,24.40,1.20,2.90
27/2/18-19:22:50,852,293,445,52.10,24.40,1.10,1.70
27/2/18-19:23:50,852,299,445,52.10,24.40,1.30,3.40
27/2/18-19:24:51,852,292,434,53.50,24.40,1.00,3.50
27/2/18-19:25:52,852,284,436,53.70,24.40,1.30,3.90
27/2/18-19:26:53,852,304,458,54.90,24.30,0.90,3.80
27/2/18-19:27:54,852,340,487,54.60,24.30,1.20,3.50
27/2/18-19:28:55,852,373,518,54.90,24.30,1.40,3.40
27/2/18-19:29:56,852,353,466,53.40,24.30,1.90,10.80
27/2/18-19:30:57,853,302,444,52.30,24.30,2.40,17.50
27/2/18-19:31:58,853,270,436,51.00,24.20,3.30,27.00
27/2/18-19:32:59,853,232,427,52.00,24.20,2.40,17.10
27/2/18-19:34:0,853,215,431,50.70,24.00,2.40,34.70
27/2/18-19:35:1,853,223,427,52.20,23.90,2.70,22.50
27/2/18-19:36:2,853,239,424,52.00,23.80,2.50,18.00
27/2/18-19:37:3,852,225,422,53.60,23.70,2.50,19.30
27/2/18-19:38:4,853,226,425,52.20,23.60,2.10,15.30
27/2/18-19:39:5,853,198,409,53.50,23.40,2.50,13.80
27/2/18-19:40:6,853,231,438,54.10,23.30,3.00,24.60
27/2/18-19:41:7,853,242,433,54.20,23.20,2.00,13.80
27/2/18-19:42:8,853,231,429,54.70,23.10,2.10,12.60
27/2/18-19:43:9,852,240,445,55.40,23.00,1.80,12.70
27/2/18-19:44:10,853,240,429,55.40,22.90,2.20,11.10
27/2/18-19:45:11,854,236,421,55.10,22.80,2.10,9.40
27/2/18-19:46:12,852,246,428,55.80,22.70,1.80,10.50
27/2/18-19:47:13,853,216,416,55.20,22.70,1.90,13.70
27/2/18-19:48:14,853,213,412,54.90,22.70,2.40,13.30
27/2/18-19:49:15,853,224,437,56.00,22.60,2.30,16.10
27/2/18-19:50:16,853,223,428,55.70,22.50,2.40,18.80
27/2/18-19:51:17,853,240,439,56.80,22.50,2.00,15.60
27/2/18-19:52:18,853,216,412,56.30,22.30,2.20,14.70
27/2/18-19:53:19,854,223,422,56.50,22.30,2.10,10.90
27/2/18-19:54:20,853,229,431,56.50,22.30,2.00,14.50
27/2/18-19:55:21,853,213,416,56.20,22.20,2.10,8.50
27/2/18-19:56:22,853,193,413,57.50,22.20,2.30,11.20
27/2/18-19:57:23,853,199,419,56.60,22.10,1.70,10.10
27/2/18-19:58:24,853,170,403,56.80,22.00,1.70,7.40
27/2/18-19:59:25,854,178,415,56.80,22.00,2.20,10.70
27/2/18-20:0:26,853,177,407,57.80,21.80,1.40,7.20
27/2/18-20:1:27,853,170,409,57.70,21.70,1.70,7.30
27/2/18-20:2:28,853,176,407,58.70,21.50,2.00,6.40
27/2/18-20:3:29,853,187,407,59.50,21.50,1.70,5.60
27/2/18-20:4:30,853,186,432,59.00,21.40,1.40,5.70
27/2/18-20:5:31,853,224,439,59.70,21.30,1.60,7.20
27/2/18-20:6:32,853,195,403,59.80,21.30,1.60,5.10
27/2/18-20:7:33,853,189,410,59.40,21.30,1.80,5.00
27/2/18-20:8:34,854,212,421,59.50,21.20,1.60,6.50
27/2/18-20:9:35,853,210,415,59.90,21.20,1.90,16.90
27/2/18-20:10:36,854,204,412,60.50,21.30,1.60,4.60
27/2/18-20:11:36,853,179,406,60.10,21.30,1.40,5.30
27/2/18-20:12:37,853,165,403,59.50,21.20,1.40,3.90
27/2/18-20:13:38,854,170,411,60.70,21.10,1.30,3.60
27/2/18-20:14:39,854,175,415,61.10,21.10,1.70,7.10
27/2/18-20:15:40,853,196,416,60.00,21.00,1.90,9.00
27/2/18-20:16:41,854,217,435,60.30,20.90,1.70,5.50
27/2/18-20:17:42,854,215,420,61.20,21.00,1.60,5.00
27/2/18-20:18:43,853,220,424,61.20,21.00,1.40,4.80
27/2/18-20:19:44,854,208,418,61.20,21.00,1.90,5.90
27/2/18-20:20:45,853,216,417,60.70,21.00,1.40,4.50
27/2/18-20:21:46,853,209,423,60.80,21.00,1.50,5.30
27/2/18-20:22:47,853,222,433,62.10,21.00,1.20,3.10
27/2/18-20:23:48,854,229,427,61.60,21.00,1.30,4.80
27/2/18-20:24:49,853,218,415,61.90,21.00,1.10,4.10
27/2/18-20:25:50,854,202,415,60.50,21.00,1.50,6.80
27/2/18-20:26:51,853,195,412,60.00,21.00,1.40,2.00
27/2/18-20:27:52,853,186,406,60.20,21.00,1.20,1.30
27/2/18-20:28:53,853,179,420,60.50,20.90,1.20,4.10
27/2/18-20:29:54,854,183,403,59.40,20.90,0.90,2.50
27/2/18-20:30:55,854,153,394,59.10,20.90,1.50,8.80
27/2/18-20:31:56,854,166,408,58.70,20.80,1.40,3.60
27/2/18-20:32:57,853,176,404,59.00,20.80,1.00,2.70
27/2/18-20:33:58,853,183,406,58.90,20.80,1.30,3.70
27/2/18-20:34:59,853,187,411,59.10,20.80,1.30,3.40
27/2/18-20:36:0,854,209,430,59.10,20.80,1.10,2.90
27/2/18-20:37:1,854,230,439,59.40,20.80,1.30,3.20
27/2/18-20:38:2,854,224,425,59.20,20.90,1.10,2.40
27/2/18-20:39:3,854,188,410,58.40,20.90,1.20,2.50
27/2/18-20:40:4,854,202,408,57.90,20.90,1.00,4.00
27/2/18-20:41:5,854,210,411,57.80,21.00,1.50,3.00
27/2/18-20:42:6,853,182,398,58.00,21.00,1.20,5.40
27/2/18-20:43:7,854,183,413,57.20,21.00,1.10,2.60
27/2/18-20:44:8,853,186,412,58.20,21.00,0.90,1.60
27/2/18-20:45:9,853,179,407,58.90,21.00,1.30,3.00
27/2/18-20:46:10,854,180,402,57.90,21.00,1.00,3.00
27/2/18-20:47:11,853,224,426,57.60,21.00,1.00,4.40
27/2/18-20:48:12,853,228,412,58.10,21.00,0.90,3.70
27/2/18-20:49:13,854,180,396,59.40,21.00,1.30,4.50
27/2/18-20:50:14,853,169,398,58.40,20.90,1.00,2.60
27/2/18-20:51:15,854,159,398,59.70,20.90,1.00,3.00
27/2/18-20:52:16,854,165,404,58.70,20.80,1.00,3.10
27/2/18-20:53:17,853,194,421,59.50,20.90,1.00,2.50
27/2/18-20:54:18,853,188,406,58.90,20.80,1.10,3.30
27/2/18-20:55:19,853,180,411,58.50,20.80,1.00,3.30
27/2/18-20:56:19,854,187,411,58.40,20.80,0.90,1.50
27/2/18-20:57:20,854,194,412,58.80,20.80,1.10,2.30
27/2/18-20:58:21,853,199,407,58.90,20.80,1.20,1.80
27/2/18-20:59:22,853,199,409,59.00,20.80,0.90,3.40
27/2/18-21:0:23,853,218,405,60.40,20.80,0.80,2.20
27/2/18-21:1:24,853,218,436,60.10,20.90,1.30,4.10
27/2/18-21:2:25,854,202,413,59.90,20.90,0.90,2.90
27/2/18-21:3:26,854,200,412,59.70,20.80,0.90,2.60
27/2/18-21:4:27,853,188,399,59.70,20.80,1.00,3.10
27/2/18-21:5:28,854,203,401,60.60,20.80,1.10,2.00
27/2/18-21:6:29,853,207,424,63.10,20.80,0.90,1.40
27/2/18-21:7:30,853,180,401,61.20,20.70,1.10,2.30
27/2/18-21:8:31,854,206,438,62.80,20.60,1.10,1.90
27/2/18-21:9:32,853,212,415,64.60,20.60,1.30,4.70
27/2/18-21:10:33,853,212,421,65.50,20.60,1.60,7.40
27/2/18-21:11:34,854,205,415,65.50,20.50,1.40,5.80
27/2/18-21:12:35,854,220,410,65.90,20.40,1.30,4.80
27/2/18-21:13:36,853,215,409,68.20,20.30,1.60,7.80
27/2/18-21:14:37,854,209,408,67.20,20.30,1.60,4.30
27/2/18-21:15:38,854,190,403,67.70,20.20,2.00,4.60
27/2/18-21:16:39,854,203,424,67.40,20.10,2.80,5.70
27/2/18-21:17:40,854,213,430,68.70,20.10,2.30,4.80
27/2/18-21:18:41,853,214,424,69.60,20.00,2.80,6.20
27/2/18-21:19:42,854,209,412,70.10,19.90,3.30,9.70
27/2/18-21:20:43,854,213,413,69.40,19.90,3.20,10.70
27/2/18-21:21:44,854,202,405,69.50,19.80,3.40,7.60
27/2/18-21:22:45,854,227,423,71.30,19.70,3.00,6.80
27/2/18-21:23:46,854,200,404,72.30,19.70,3.20,6.50
27/2/18-21:24:47,854,210,414,70.20,19.60,3.50,6.90
27/2/18-21:25:48,854,194,414,71.50,19.50,3.10,5.10
27/2/18-21:26:49,854,220,414,70.00,19.50,3.20,5.80
27/2/18-21:27:50,854,208,407,72.30,19.50,3.30,6.40
27/2/18-21:28:51,853,183,403,72.00,19.50,2.90,5.90
27/2/18-21:29:52,854,192,404,71.80,19.40,2.60,6.10
27/2/18-21:30:53,854,210,418,72.40,19.40,3.10,5.00
27/2/18-21:31:54,854,214,405,72.80,19.40,2.80,4.70
27/2/18-21:32:55,855,216,412,72.40,19.40,2.80,4.60
27/2/18-21:33:56,854,196,415,72.40,19.40,2.60,5.80
27/2/18-21:34:57,855,223,412,71.40,19.30,2.30,4.80
27/2/18-21:35:58,854,208,412,73.00,19.30,2.50,3.80
27/2/18-21:36:59,855,215,414,72.20,19.30,2.30,5.30
27/2/18-21:38:0,854,203,405,72.40,19.30,2.60,4.50
27/2/18-21:39:1,854,196,401,72.20,19.30,2.50,6.10
27/2/18-21:40:1,854,193,401,72.70,19.30,2.70,4.50
27/2/18-21:41:2,854,186,406,71.90,19.30,2.20,6.00
27/2/18-21:42:3,855,190,398,71.60,19.20,2.30,3.30
27/2/18-21:43:4,854,190,401,71.70,19.30,1.80,2.70
27/2/18-21:44:5,855,193,396,72.30,19.20,1.90,3.60
27/2/18-21:45:6,854,177,392,72.10,19.20,2.10,2.50
27/2/18-21:46:7,854,183,406,72.20,19.20,2.00,4.50
27/2/18-21:47:8,855,203,405,72.60,19.10,1.60,1.90
27/2/18-21:48:9,854,210,411,73.10,19.10,1.80,2.50
27/2/18-21:49:10,854,195,404,74.10,19.20,1.70,4.60
27/2/18-21:50:11,854,187,404,74.00,19.20,1.70,2.60
27/2/18-21:51:12,854,227,410,74.30,19.20,1.30,3.20
27/2/18-21:52:13,854,228,420,74.10,19.20,1.20,3.80
27/2/18-21:53:14,855,214,402,73.30,19.20,1.30,4.30
27/2/18-21:54:15,854,200,426,72.80,19.20,1.20,5.60
27/2/18-21:55:16,854,223,409,72.80,19.20,1.20,2.00
27/2/18-21:56:17,854,210,401,72.80,19.20,1.60,4.30
27/2/18-21:57:18,854,194,410,72.90,19.20,1.40,3.20
27/2/18-21:58:19,853,200,397,73.10,19.20,1.30,2.30
27/2/18-21:59:20,854,198,401,72.30,19.20,1.60,3.20
27/2/18-22:0:21,854,203,403,71.80,19.20,1.80,5.80
27/2/18-22:1:22,854,211,402,73.20,19.20,1.10,1.70
27/2/18-22:2:23,854,211,401,73.30,19.20,1.30,2.40
27/2/18-22:3:24,854,242,410,73.70,19.30,1.60,3.80
27/2/18-22:4:25,854,211,401,71.80,19.30,1.40,2.00
27/2/18-22:5:26,854,212,411,72.80,19.20,1.50,3.30
27/2/18-22:6:27,854,237,409,73.30,19.20,1.30,3.90
27/2/18-22:7:28,854,255,413,74.10,19.30,1.80,2.90
27/2/18-22:8:29,854,265,409,74.70,19.20,1.40,3.30
27/2/18-22:9:30,854,243,415,74.10,19.20,1.40,2.10
27/2/18-22:10:31,855,241,409,73.00,19.20,1.90,3.50
27/2/18-22:11:32,854,229,401,73.50,19.20,1.50,2.90
27/2/18-22:12:33,853,234,410,73.00,19.20,1.70,2.80
27/2/18-22:13:34,853,214,399,73.60,19.20,1.90,3.20
27/2/18-22:14:35,853,202,401,73.70,19.20,1.80,4.80
27/2/18-22:15:36,854,215,424,73.30,19.10,1.80,2.50
27/2/18-22:16:37,854,250,428,73.70,19.10,2.30,3.60
27/2/18-22:17:38,854,254,414,74.00,19.10,1.60,2.90
27/2/18-22:18:39,854,260,416,75.10,19.10,1.80,2.30
27/2/18-22:19:40,854,253,413,74.60,19.20,1.80,2.70
27/2/18-22:20:41,854,267,416,75.00,19.20,2.00,4.80
27/2/18-22:21:42,854,269,411,74.50,19.20,1.70,2.30
27/2/18-22:22:42,854,287,423,75.30,19.20,2.00,4.60
27/2/18-22:23:43,854,289,413,75.00,19.20,1.60,2.70
27/2/18-22:24:44,854,277,437,74.00,19.20,2.30,10.80
27/2/18-22:25:45,855,270,418,74.00,19.20,2.20,3.80
27/2/18-22:26:46,854,272,422,74.50,19.20,1.90,2.40
27/2/18-22:27:47,854,290,424,75.30,19.20,1.70,3.30
27/2/18-22:28:48,854,270,409,75.10,19.20,2.30,4.70
27/2/18-22:29:49,854,279,423,74.20,19.20,2.30,3.90
27/2/18-22:30:50,854,301,432,76.00,19.20,2.90,5.80
27/2/18-22:31:51,854,303,432,74.70,19.20,2.80,4.20
27/2/18-22:32:52,854,314,437,75.20,19.20,2.60,4.60
27/2/18-22:33:53,854,323,433,74.80,19.20,3.00,5.00
27/2/18-22:34:54,854,313,427,74.80,19.20,3.00,4.80
27/2/18-22:35:55,854,285,417,74.10,19.20,2.90,4.30
27/2/18-22:36:56,854,266,417,73.40,19.20,2.90,4.90
27/2/18-22:37:57,854,259,408,72.70,19.20,2.50,3.60
27/2/18-22:38:58,854,229,406,71.30,19.30,1.90,4.00
27/2/18-22:39:59,854,241,410,71.90,19.20,1.60,3.00
27/2/18-22:41:0,847,238,449,72.30,19.20,1.70,2.40
27/2/18-22:42:1,854,239,419,72.90,19.20,1.90,4.10
27/2/18-22:43:2,854,264,431,72.40,19.10,1.40,1.90
27/2/18-22:44:3,854,269,418,73.70,19.20,1.60,2.20
27/2/18-22:45:4,854,287,424,73.30,19.20,1.60,2.10
27/2/18-22:46:5,854,275,415,73.00,19.20,1.70,2.40
27/2/18-22:47:6,854,245,414,72.60,19.20,1.70,4.50
27/2/18-22:48:7,854,241,408,73.10,19.20,1.70,2.60
27/2/18-22:49:8,854,233,419,72.90,19.20,1.40,1.90
27/2/18-22:50:9,854,223,406,71.00,19.20,1.20,1.70
27/2/18-22:51:10,854,231,409,71.60,19.20,1.10,1.40
27/2/18-22:52:11,854,225,410,72.40,19.20,1.30,2.50
27/2/18-22:53:12,854,219,400,72.50,19.20,1.30,1.40
27/2/18-22:54:13,854,225,409,71.90,19.20,1.60,2.10
27/2/18-22:55:14,854,224,407,72.70,19.10,1.30,2.70
27/2/18-22:56:15,854,233,417,73.70,19.10,1.10,1.20
27/2/18-22:57:16,854,252,421,73.70,19.10,1.20,1.80
27/2/18-22:58:17,854,241,406,72.90,19.10,1.20,2.10
27/2/18-22:59:18,854,240,411,72.50,19.10,0.90,6.50
27/2/18-23:0:19,854,268,419,73.40,19.10,1.00,1.20
27/2/18-23:1:20,855,240,419,71.90,19.10,0.90,2.30
27/2/18-23:2:21,854,251,421,70.70,19.20,0.90,1.30
27/2/18-23:3:22,854,241,413,72.00,19.20,0.80,1.20
27/2/18-23:4:23,854,243,413,71.90,19.20,0.90,1.20
27/2/18-23:5:23,854,227,398,72.90,19.20,0.70,0.70
27/2/18-23:6:24,854,200,398,74.00,19.20,0.60,0.90
27/2/18-23:7:25,854,196,398,74.00,19.20,0.50,0.50
27/2/18-23:8:26,855,198,405,73.00,19.10,0.70,1.00
27/2/18-23:9:27,854,222,403,71.50,19.10,0.80,1.20
27/2/18-23:10:28,854,217,419,73.00,19.10,0.60,1.00
27/2/18-23:11:29,854,198,398,73.10,19.10,0.70,0.70
27/2/18-23:12:30,854,223,410,73.40,19.10,0.50,0.50
27/2/18-23:13:31,854,232,403,72.80,19.10,0.80,2.50
27/2/18-23:14:32,854,220,400,73.40,19.10,0.70,0.80
27/2/18-23:15:33,854,234,413,74.10,19.10,0.60,0.70
27/2/18-23:16:34,854,206,396,74.40,19.10,1.00,5.20
27/2/18-23:17:35,854,223,417,73.90,19.10,0.60,0.80
27/2/18-23:18:36,854,250,416,74.40,19.10,0.60,1.20
27/2/18-23:19:37,854,228,404,73.10,19.00,0.60,1.00
27/2/18-23:20:38,855,223,403,72.60,19.00,0.70,0.70
27/2/18-23:21:39,854,206,397,73.50,19.10,0.60,0.70
27/2/18-23:22:40,854,208,395,73.40,19.10,0.60,0.60
27/2/18-23:23:41,855,189,393,72.40,19.10,0.70,1.70
27/2/18-23:24:42,854,182,398,70.70,19.00,1.00,1.10
27/2/18-23:25:43,854,191,400,71.80,19.00,1.10,1.50
27/2/18-23:26:44,854,195,397,73.40,19.00,0.90,1.00
27/2/18-23:27:45,855,207,406,72.00,19.00,1.10,1.50
27/2/18-23:28:46,854,219,404,73.90,19.00,0.90,2.00
27/2/18-23:29:47,854,267,423,75.60,19.00,1.00,1.20
27/2/18-23:30:48,854,257,404,75.50,19.10,0.90,1.60
27/2/18-23:31:49,854,254,403,73.70,19.10,0.90,0.90
27/2/18-23:32:50,854,242,414,76.00,19.10,0.90,2.40
27/2/18-23:33:51,854,232,403,75.00,19.10,0.80,0.80
27/2/18-23:34:52,853,218,398,75.10,19.00,0.90,1.10
27/2/18-23:35:53,854,226,407,71.80,19.00,1.20,2.60
27/2/18-23:36:54,854,250,400,74.60,19.00,0.80,0.80
27/2/18-23:37:55,854,248,411,75.80,19.00,1.00,1.60
27/2/18-23:38:56,854,243,406,75.90,19.00,0.70,0.70
27/2/18-23:39:57,854,231,404,76.30,19.00,0.90,0.90
27/2/18-23:40:58,854,231,405,76.80,19.00,1.00,1.00
27/2/18-23:41:59,854,232,404,76.90,18.90,1.10,1.70
27/2/18-23:43:0,853,230,404,77.20,18.90,0.90,1.00
27/2/18-23:44:1,853,225,401,76.30,18.90,0.90,1.00
27/2/18-23:45:2,853,238,411,77.00,18.90,0.90,1.40
27/2/18-23:46:3,854,258,406,78.20,18.90,0.80,0.80
27/2/18-23:47:4,854,243,402,77.30,18.90,0.80,0.90
27/2/18-23:48:5,854,251,416,77.10,18.90,1.00,1.30
27/2/18-23:49:5,854,247,400,77.70,18.90,1.00,2.70
27/2/18-23:50:6,853,246,401,77.90,18.90,1.00,1.60
27/2/18-23:51:7,854,234,400,78.20,18.90,1.00,1.00
27/2/18-23:52:8,854,230,398,77.70,18.90,0.80,0.90
27/2/18-23:53:9,853,231,400,78.50,18.80,0.80,1.40
27/2/18-23:54:10,854,223,397,78.30,18.80,0.70,0.90
27/2/18-23:55:11,854,215,402,78.30,18.80,1.10,1.50
27/2/18-23:56:12,853,214,399,78.20,18.80,0.80,1.70
27/2/18-23:57:13,854,210,395,77.70,18.80,1.10,1.60
27/2/18-23:58:14,854,215,403,77.30,18.70,0.90,1.90
27/2/18-23:59:15,853,242,408,78.10,18.80,0.60,0.60
