21_2_18.txt
20:12:25,551,167,495,0.00,0.00,0,0
21_2_18.txt
21_2_18.txt
21/2/18-20:14:18,552,163,387,0.00,0.00,0,0
21/2/18-20:15:19,349,152,339,0.00,0.00,0,0
21_2_18.txt
21_2_18.txt
21/2/18-20:16:52,553,148,312,31.00,28.00,0,0
21/2/18-20:17:53,324,153,304,31.00,28.00,0,0
21_2_18.txt
21_2_18.txt
21/2/18-20:20:7,551,144,297,59,66,3,31.00,28.00,0,0
21/2/18-20:21:35,131,145,298,66,67,2,30.00,28.00,0,0
21/2/18-20:22:9,131,145,288,60,68,2,31.00,28.00,0,0
21/2/18-20:23:10,131,144,286,61,69,2,31.00,28.00,0,0
21/2/18-20:24:11,131,141,290,66,69,2,31.00,28.00,0,0
21/2/18-20:25:12,130,137,285,65,65,3,31.00,28.00,0,0
21_2_18.txt
21_2_18.txt
21_2_18.txt
21_2_18.txt
21/2/18-20:28:12,130,141,284,69,68,2,31.00,28.00,0,0
21/2/18-20:29:13,129,144,292,73,71,2,31.00,28.00,0,0
21/2/18-20:30:14,130,144,295,72,72,2,31.00,28.00,0,0
21/2/18-20:31:15,129,137,294,71,70,3,31.00,28.00,0,0
21/2/18-20:32:16,130,141,293,72,72,2,31.00,28.00,0,0
21/2/18-20:33:17,129,133,291,74,67,3,31.00,28.00,0,0
21/2/18-20:34:18,129,139,290,71,72,2,30.00,28.00,0,0
21/2/18-20:35:19,130,140,289,72,70,1,31.00,28.00,0,0
21/2/18-20:36:20,129,140,298,79,75,2,31.00,28.00,0,0
21_2_18.txt
21_2_18.txt
21_2_18.txt
21_2_18.txt
