Hora,O3,NO2,CO,Humedad,Temperatura,P25,P10
23/2/18-0:0:51,131,97,199,54,8,3,31.00,25.00,3,4,5
23/2/18-0:1:52,132,97,192,51,10,3,32.00,25.00,3,4,5
23/2/18-0:2:53,130,98,208,55,8,0,32.00,25.00,3,6,8
23/2/18-0:3:54,130,92,195,48,6,3,32.00,25.00,3,6,8
23/2/18-0:4:55,129,99,225,62,7,2,32.00,25.00,3,5,7
23/2/18-0:5:56,131,98,197,55,8,3,32.00,25.00,3,5,7
23/2/18-0:6:57,129,98,238,66,8,3,32.00,25.00,4,7,7
23/2/18-0:7:58,130,94,196,55,7,2,32.00,25.00,4,7,7
23/2/18-0:8:59,131,99,191,54,8,2,32.00,25.00,3,5,6
23/2/18-0:10:0,129,99,199,60,7,1,32.00,25.00,3,5,6
23/2/18-0:11:1,131,100,211,79,7,2,32.00,25.00,3,4,7
23/2/18-0:12:2,128,93,230,58,9,3,32.00,25.00,3,4,7
23/2/18-0:13:3,130,99,229,80,10,1,32.00,25.00,3,4,6
23/2/18-0:14:4,130,103,239,64,9,3,32.00,25.00,3,4,6
23/2/18-0:15:5,131,99,185,60,8,2,32.00,26.00,4,5,6
23/2/18-0:16:6,130,95,189,53,8,2,32.00,26.00,4,5,6
23/2/18-0:17:7,130,99,199,60,10,2,32.00,26.00,5,6,7
23/2/18-0:18:8,130,99,217,65,12,1,32.00,25.00,5,6,7
23/2/18-0:19:9,130,99,234,79,12,3,32.00,25.00,3,6,6
23/2/18-0:20:10,129,95,204,50,10,3,32.00,25.00,4,7,7
23/2/18-0:21:11,131,101,208,58,11,3,32.00,25.00,4,6,6
23/2/18-0:22:12,130,97,258,99,11,1,32.00,25.00,4,5,5
23/2/18-0:23:13,129,100,245,112,11,1,32.00,25.00,4,6,8
23/2/18-0:24:14,129,95,216,52,9,3,32.00,25.00,4,6,8
23/2/18-0:25:15,131,98,250,98,13,3,32.00,25.00,4,5,5
23/2/18-0:26:16,133,99,227,96,14,2,32.00,25.00,4,5,5
23/2/18-0:27:17,128,100,194,59,12,1,32.00,25.00,5,6,6
23/2/18-0:28:18,131,94,208,61,13,3,32.00,25.00,5,6,6
23/2/18-0:29:19,129,100,206,60,12,1,32.00,25.00,4,9,10
23/2/18-0:30:20,130,100,200,56,11,3,32.00,25.00,3,8,10
23/2/18-0:31:20,129,93,174,47,11,5,32.00,25.00,5,7,7
23/2/18-0:32:21,131,100,200,60,11,3,32.00,25.00,5,7,7
23/2/18-0:33:22,130,102,209,66,11,1,32.00,25.00,4,6,7
23/2/18-0:34:23,129,99,191,63,10,1,32.00,25.00,4,6,7
23/2/18-0:35:24,130,97,184,47,10,3,32.00,25.00,5,8,8
23/2/18-0:36:25,131,99,197,60,9,0,32.00,25.00,5,8,8
23/2/18-0:37:26,130,98,199,60,11,3,32.00,25.00,5,7,8
23/2/18-0:38:27,130,97,188,56,12,2,32.00,25.00,5,7,8
23/2/18-0:39:28,131,99,200,60,10,2,32.00,25.00,4,5,7
23/2/18-0:40:29,130,97,202,60,12,4,33.00,24.00,4,5,7
23/2/18-0:41:30,131,98,188,56,12,3,32.00,25.00,3,4,4
23/2/18-0:42:31,128,91,187,49,14,2,32.00,25.00,3,4,4
23/2/18-0:43:32,131,98,197,59,14,3,32.00,25.00,3,5,6
23/2/18-0:44:33,131,97,189,57,12,3,33.00,24.00,3,5,6
23/2/18-0:45:34,129,95,192,61,14,3,33.00,24.00,5,7,10
23/2/18-0:46:35,131,97,178,52,15,3,33.00,24.00,5,7,10
23/2/18-0:47:36,131,97,184,56,13,4,33.00,24.00,4,5,6
23/2/18-0:48:37,132,98,209,68,12,2,33.00,24.00,4,5,6
23/2/18-0:49:38,129,93,178,52,13,4,33.00,24.00,4,5,5
23/2/18-0:50:39,132,97,187,59,11,0,33.00,24.00,4,5,5
23/2/18-0:51:40,133,97,181,56,11,2,34.00,24.00,4,5,6
23/2/18-0:52:41,132,97,175,58,11,3,33.00,24.00,5,6,7
23/2/18-0:53:42,129,92,176,48,12,2,33.00,24.00,5,7,7
23/2/18-0:54:43,132,99,180,54,10,2,32.00,24.00,5,7,7
23/2/18-0:55:44,133,99,176,53,11,2,33.00,23.00,5,7,9
23/2/18-0:56:45,130,96,184,60,13,2,33.00,23.00,5,7,9
23/2/18-0:57:46,129,92,173,50,11,4,33.00,24.00,4,8,9
23/2/18-0:58:47,131,98,183,55,11,1,33.00,24.00,4,8,9
23/2/18-0:59:48,133,96,183,56,12,2,33.00,23.00,5,7,10
23/2/18-1:0:49,132,96,176,54,16,3,33.00,24.00,6,8,9
23/2/18-1:1:50,132,94,189,46,10,2,33.00,24.00,4,7,8
23/2/18-1:2:51,133,96,187,61,13,1,33.00,23.00,4,7,8
23/2/18-1:3:52,132,99,188,60,14,2,33.00,24.00,5,9,9
23/2/18-1:4:53,132,98,197,70,12,0,33.00,23.00,4,8,8
23/2/18-1:5:54,132,96,184,56,15,3,33.00,23.00,4,10,14
23/2/18-1:6:55,132,98,191,61,16,2,33.00,23.00,4,10,14
23/2/18-1:7:56,133,96,193,65,14,3,33.00,23.00,5,7,8
23/2/18-1:8:57,130,92,167,48,13,5,33.00,23.00,5,7,8
23/2/18-1:9:58,132,97,184,54,13,3,33.00,23.00,4,6,6
23/2/18-1:10:59,132,97,194,66,11,3,33.00,23.00,4,6,6
23/2/18-1:12:0,132,97,191,67,11,0,33.00,23.00,4,6,7
23/2/18-1:13:1,130,92,173,46,12,2,33.00,24.00,4,6,7
23/2/18-1:14:2,133,96,198,59,15,3,33.00,23.00,4,6,6
23/2/18-1:15:3,133,97,190,67,12,1,33.00,23.00,4,5,5
23/2/18-1:16:4,132,96,184,56,14,3,33.00,23.00,4,8,10
23/2/18-1:17:5,132,97,185,58,12,1,33.00,23.00,4,8,10
23/2/18-1:18:6,131,96,183,56,15,1,33.00,23.00,4,6,7
23/2/18-1:19:7,132,97,186,57,14,3,33.00,23.00,5,6,7
23/2/18-1:20:8,131,92,178,64,11,3,33.00,23.00,4,5,5
23/2/18-1:21:9,133,96,181,55,14,1,33.00,23.00,4,5,5
23/2/18-1:22:10,134,94,186,53,12,2,33.00,23.00,5,8,9
23/2/18-1:23:11,132,97,198,66,12,0,33.00,23.00,5,8,9
23/2/18-1:24:12,131,92,173,51,13,3,33.00,23.00,4,7,8
23/2/18-1:25:13,134,96,187,56,18,3,32.00,23.00,4,7,8
23/2/18-1:26:14,134,96,190,59,14,2,34.00,23.00,5,7,8
23/2/18-1:27:15,131,97,182,62,12,1,33.00,23.00,4,7,8
23/2/18-1:28:16,133,93,171,48,12,2,33.00,23.00,6,7,8
23/2/18-1:29:17,133,98,180,55,13,4,31.00,23.00,6,7,8
23/2/18-1:30:18,133,97,196,62,14,1,33.00,23.00,5,13,23
23/2/18-1:31:19,134,97,187,56,16,1,33.00,23.00,6,14,24
23/2/18-1:32:20,130,91,170,50,16,2,33.00,23.00,11,32,52
23/2/18-1:33:21,132,98,186,60,19,0,33.00,23.00,11,33,56
23/2/18-1:34:22,133,92,171,49,19,4,33.00,23.00,9,26,36
23/2/18-1:35:23,133,101,180,54,19,2,32.00,23.00,9,26,36
23/2/18-1:36:24,134,99,191,70,18,1,33.00,23.00,8,18,25
23/2/18-1:37:25,133,97,183,59,22,1,33.00,23.00,8,20,26
23/2/18-1:38:26,133,97,184,61,25,1,33.00,23.00,7,16,24
23/2/18-1:39:27,132,91,182,49,23,2,33.00,23.00,7,16,24
23/2/18-1:40:28,134,96,183,58,27,3,33.00,23.00,7,15,17
23/2/18-1:41:29,132,91,173,53,21,5,33.00,23.00,6,14,16
23/2/18-1:42:30,135,96,193,61,22,4,33.00,23.00,7,11,16
23/2/18-1:43:31,135,96,195,61,24,3,33.00,23.00,7,11,16
23/2/18-1:44:32,133,97,188,60,23,3,33.00,23.00,5,10,12
23/2/18-1:45:33,133,92,176,52,22,3,33.00,23.00,5,10,12
23/2/18-1:46:34,133,96,186,58,25,3,33.00,23.00,5,9,15
23/2/18-1:47:35,136,96,202,61,23,2,33.00,23.00,6,11,16
23/2/18-1:48:36,132,96,190,61,24,2,33.00,23.00,6,11,11
23/2/18-1:49:37,133,96,191,60,25,1,33.00,23.00,5,10,10
23/2/18-1:50:38,134,97,191,58,26,2,33.00,23.00,7,11,15
23/2/18-1:51:39,134,97,192,62,28,3,34.00,22.00,7,11,14
23/2/18-1:52:40,132,91,179,50,28,2,33.00,23.00,8,12,14
23/2/18-1:53:41,134,95,188,61,30,2,33.00,23.00,8,12,14
23/2/18-1:54:42,132,91,181,54,29,2,33.00,23.00,7,11,12
23/2/18-1:55:43,135,97,200,59,30,3,33.00,23.00,7,11,12
23/2/18-1:56:44,133,96,191,59,30,1,34.00,22.00,7,9,9
23/2/18-1:57:45,134,97,190,59,29,3,34.00,22.00,7,9,9
23/2/18-1:58:46,132,92,183,55,29,3,33.00,23.00,6,7,10
23/2/18-1:59:47,133,96,188,57,32,2,33.00,23.00,6,7,10
23/2/18-2:0:48,134,97,191,64,32,2,34.00,22.00,6,11,15
23/2/18-2:1:49,133,96,195,66,27,2,33.00,23.00,6,11,13
23/2/18-2:2:50,134,92,181,50,17,4,33.00,23.00,6,9,10
23/2/18-2:3:51,134,96,183,55,21,3,33.00,23.00,6,9,10
23/2/18-2:4:52,135,96,207,59,21,3,33.00,23.00,5,7,7
23/2/18-2:5:53,134,97,204,69,18,1,33.00,23.00,5,7,7
23/2/18-2:6:54,135,92,173,45,17,3,33.00,23.00,6,8,9
23/2/18-2:7:55,134,97,191,57,21,1,33.00,23.00,6,8,9
23/2/18-2:8:56,134,97,199,66,20,1,33.00,23.00,6,8,9
23/2/18-2:9:57,135,92,172,45,16,3,33.00,23.00,5,8,9
23/2/18-2:10:58,134,97,184,56,18,3,33.00,23.00,5,8,9
23/2/18-2:11:59,134,98,191,63,19,2,34.00,22.00,4,7,10
23/2/18-2:13:0,133,92,170,47,18,2,33.00,23.00,4,7,10
23/2/18-2:14:1,134,96,185,55,21,2,34.00,22.00,4,7,10
23/2/18-2:15:2,134,96,187,57,20,2,34.00,22.00,5,7,7
23/2/18-2:16:3,135,98,189,58,17,2,34.00,22.00,6,8,10
23/2/18-2:17:4,135,96,187,57,16,1,33.00,23.00,5,7,9
23/2/18-2:18:5,135,98,184,59,14,1,33.00,23.00,5,7,9
23/2/18-2:19:6,133,96,183,59,14,2,34.00,22.00,4,7,7
23/2/18-2:20:7,135,92,173,47,12,5,34.00,22.00,4,7,7
23/2/18-2:21:8,133,96,187,55,13,1,33.00,23.00,3,6,7
23/2/18-2:22:9,134,97,191,63,10,2,33.00,23.00,3,6,8
23/2/18-2:23:10,132,95,187,63,12,2,33.00,23.00,5,8,8
23/2/18-2:24:11,135,97,185,54,12,0,33.00,23.00,5,8,8
23/2/18-2:25:12,135,96,184,58,14,3,34.00,22.00,5,7,10
23/2/18-2:26:13,134,95,193,59,14,2,34.00,22.00,5,7,10
23/2/18-2:27:14,134,91,173,51,12,2,34.00,22.00,6,9,9
23/2/18-2:28:15,134,96,208,55,12,3,33.00,22.00,6,9,9
23/2/18-2:29:16,135,96,195,61,13,3,35.00,22.00,5,7,9
23/2/18-2:30:17,135,97,186,58,12,2,34.00,22.00,5,7,10
23/2/18-2:31:18,134,93,175,50,11,3,34.00,22.00,5,6,7
23/2/18-2:32:19,135,95,178,53,11,2,32.00,22.00,5,6,7
23/2/18-2:33:20,136,97,191,56,13,3,34.00,22.00,5,8,8
23/2/18-2:34:21,134,95,182,61,12,2,34.00,22.00,5,8,9
23/2/18-2:35:22,135,91,168,44,11,3,34.00,22.00,5,7,7
23/2/18-2:36:23,135,96,185,53,11,2,34.00,22.00,4,6,6
23/2/18-2:37:24,136,96,182,62,12,3,34.00,22.00,4,6,6
23/2/18-2:38:25,136,95,178,52,12,0,34.00,22.00,4,7,7
23/2/18-2:39:26,133,90,174,47,11,4,34.00,22.00,5,8,10
23/2/18-2:40:27,134,96,181,55,12,2,34.00,22.00,5,8,10
23/2/18-2:41:28,135,96,181,53,10,0,34.00,22.00,5,8,9
23/2/18-2:42:29,136,95,182,55,11,4,34.00,22.00,6,8,11
23/2/18-2:43:30,137,95,182,52,8,2,34.00,22.00,4,6,6
23/2/18-2:44:31,136,97,180,57,11,3,34.00,22.00,4,5,6
23/2/18-2:45:32,135,96,188,60,11,3,34.00,22.00,5,7,10
23/2/18-2:46:33,134,91,176,48,11,2,34.00,22.00,5,7,10
23/2/18-2:47:34,136,96,175,52,13,2,34.00,22.00,5,7,11
23/2/18-2:48:35,135,96,184,56,9,1,34.00,22.00,4,6,11
23/2/18-2:49:36,135,96,185,55,10,2,34.00,22.00,5,7,8
23/2/18-2:50:37,136,93,176,44,9,3,34.00,22.00,5,7,8
23/2/18-2:51:38,136,95,183,57,12,2,34.00,22.00,5,6,10
23/2/18-2:52:39,135,95,185,57,11,3,34.00,22.00,4,6,9
23/2/18-2:53:40,136,93,175,54,9,3,34.00,22.00,4,5,5
23/2/18-2:54:41,136,95,177,54,10,2,34.00,22.00,4,5,5
23/2/18-2:55:42,134,95,191,60,9,1,34.00,22.00,3,4,7
23/2/18-2:56:43,137,94,181,57,10,3,34.00,21.00,3,4,7
23/2/18-2:57:44,136,91,165,44,9,3,34.00,22.00,4,6,8
23/2/18-2:58:45,137,100,176,51,9,3,34.00,22.00,5,7,9
23/2/18-2:59:46,137,95,181,54,8,1,35.00,22.00,5,7,7
23/2/18-3:0:47,136,95,182,57,8,3,34.00,21.00,5,7,7
23/2/18-3:1:48,137,92,170,47,6,2,34.00,22.00,4,6,7
23/2/18-3:2:49,136,93,209,62,8,2,33.00,22.00,4,6,7
23/2/18-3:3:50,136,94,186,55,8,2,34.00,22.00,4,5,7
23/2/18-3:4:51,136,94,177,54,8,2,34.00,22.00,4,5,7
23/2/18-3:5:52,134,90,163,46,9,2,34.00,22.00,5,7,7
23/2/18-3:6:53,137,95,189,57,9,3,34.00,22.00,5,7,7
23/2/18-3:7:54,136,94,202,54,12,2,34.00,22.00,3,6,10
23/2/18-3:8:55,138,95,184,56,7,3,34.00,22.00,3,6,10
23/2/18-3:9:56,136,90,177,52,7,4,34.00,22.00,4,5,5
23/2/18-3:10:57,138,95,176,50,7,4,34.00,22.00,4,5,5
23/2/18-3:11:58,136,95,174,52,7,1,34.00,22.00,4,5,7
23/2/18-3:12:59,137,94,175,52,6,2,34.00,22.00,4,5,7
23/2/18-3:14:0,137,91,173,46,7,4,34.00,22.00,3,4,4
23/2/18-3:15:1,136,99,181,57,8,1,34.00,22.00,3,4,4
23/2/18-3:16:2,135,93,176,53,8,1,34.00,22.00,4,6,6
23/2/18-3:17:3,135,94,172,53,8,1,34.00,22.00,4,6,6
23/2/18-3:18:4,135,90,169,45,9,2,34.00,22.00,3,6,7
23/2/18-3:19:5,137,94,174,52,10,3,34.00,22.00,3,6,7
23/2/18-3:20:6,139,95,168,49,8,1,34.00,21.00,5,6,6
23/2/18-3:21:7,135,96,186,65,8,0,34.00,22.00,5,6,6
23/2/18-3:22:8,137,93,173,47,8,3,34.00,22.00,3,5,5
23/2/18-3:23:9,137,94,183,57,11,1,34.00,22.00,3,5,5
23/2/18-3:24:10,136,94,175,51,8,2,34.00,21.00,5,7,7
23/2/18-3:25:11,135,91,168,50,8,2,34.00,22.00,5,7,7
23/2/18-3:26:12,138,94,179,54,10,4,34.00,21.00,4,9,9
23/2/18-3:27:13,137,95,185,62,8,0,34.00,21.00,4,8,8
23/2/18-3:28:14,136,95,170,51,8,3,34.00,22.00,4,6,8
23/2/18-3:29:15,139,95,171,51,9,3,34.00,22.00,4,6,8
23/2/18-3:30:16,138,96,180,64,8,3,34.00,22.00,3,4,4
23/2/18-3:31:17,139,95,180,62,8,2,34.00,22.00,3,5,5
23/2/18-3:32:18,137,88,174,43,8,3,34.00,22.00,3,6,10
23/2/18-3:33:19,137,95,179,54,8,3,33.00,22.00,3,6,10
23/2/18-3:34:19,138,96,175,56,8,3,34.00,22.00,5,10,13
23/2/18-3:35:20,136,92,174,45,7,4,34.00,22.00,5,10,13
23/2/18-3:36:21,136,96,188,53,10,3,33.00,22.00,4,6,6
23/2/18-3:37:22,136,97,180,52,10,3,34.00,22.00,4,6,6
23/2/18-3:38:23,138,94,177,51,10,2,34.00,22.00,5,8,8
23/2/18-3:39:24,137,91,180,62,9,4,34.00,22.00,5,8,8
23/2/18-3:40:25,136,95,186,51,10,3,34.00,22.00,5,8,8
23/2/18-3:41:26,139,96,174,56,9,2,34.00,22.00,5,8,8
23/2/18-3:42:27,136,95,179,54,9,0,34.00,21.00,4,7,10
23/2/18-3:43:28,137,92,173,46,8,2,34.00,22.00,4,7,10
23/2/18-3:44:29,139,95,175,52,9,2,34.00,21.00,4,6,7
23/2/18-3:45:30,136,95,186,63,9,2,34.00,22.00,4,6,7
23/2/18-3:46:31,137,90,167,46,8,4,34.00,22.00,4,9,9
23/2/18-3:47:32,138,95,193,56,8,1,34.00,22.00,4,9,9
23/2/18-3:48:33,140,94,180,56,9,2,34.00,21.00,5,8,11
23/2/18-3:49:34,136,94,177,61,9,2,34.00,21.00,5,7,11
23/2/18-3:50:35,138,88,167,43,8,5,34.00,21.00,5,7,11
23/2/18-3:51:36,138,94,172,52,9,1,34.00,21.00,5,7,11
23/2/18-3:52:37,139,94,177,55,9,3,34.00,21.00,5,7,7
23/2/18-3:53:38,137,94,169,51,8,3,34.00,21.00,5,7,7
23/2/18-3:54:39,137,92,167,46,8,2,34.00,21.00,6,9,11
23/2/18-3:55:40,137,95,179,54,9,2,34.00,21.00,6,9,11
23/2/18-3:56:41,137,93,182,53,9,1,35.00,20.00,5,7,8
23/2/18-3:57:42,135,89,167,47,11,4,34.00,21.00,5,7,8
23/2/18-3:58:43,137,93,180,58,12,1,35.00,20.00,6,10,13
23/2/18-3:59:44,139,94,175,57,10,4,34.00,21.00,6,10,13
23/2/18-4:0:45,138,94,178,53,12,1,34.00,21.00,5,9,9
23/2/18-4:1:46,136,89,176,54,13,3,34.00,21.00,5,9,9
23/2/18-4:2:47,139,95,186,57,8,3,33.00,21.00,5,7,7
23/2/18-4:3:48,137,94,177,55,9,1,34.00,22.00,5,7,7
23/2/18-4:4:49,138,93,170,54,9,3,34.00,21.00,4,9,9
23/2/18-4:5:50,138,94,173,52,8,1,34.00,21.00,4,9,9
23/2/18-4:6:51,138,95,184,57,7,0,35.00,20.00,6,9,10
23/2/18-4:7:52,136,89,169,45,9,3,34.00,21.00,6,9,10
23/2/18-4:8:53,137,96,171,53,8,1,33.00,21.00,7,10,12
23/2/18-4:9:54,140,95,176,51,6,2,34.00,22.00,7,10,12
23/2/18-4:10:55,137,95,177,55,8,1,34.00,21.00,7,9,11
23/2/18-4:11:56,136,92,180,55,6,3,34.00,21.00,7,9,11
23/2/18-4:12:57,137,94,180,53,8,2,34.00,21.00,8,12,16
23/2/18-4:13:58,138,95,183,59,6,0,34.00,21.00,8,12,16
23/2/18-4:14:59,138,91,186,53,7,4,34.00,21.00,7,9,11
23/2/18-4:16:0,138,94,185,56,6,1,34.00,21.00,7,9,11
23/2/18-4:17:1,139,94,181,54,5,0,34.00,21.00,9,16,17
23/2/18-4:18:2,137,94,195,59,6,1,34.00,21.00,9,16,17
23/2/18-4:19:3,139,91,161,43,6,3,34.00,21.00,12,17,20
23/2/18-4:20:4,137,95,188,52,6,1,34.00,22.00,12,17,20
23/2/18-4:21:5,136,89,186,50,7,2,34.00,22.00,11,17,17
23/2/18-4:22:6,139,95,204,61,7,2,34.00,22.00,11,17,17
23/2/18-4:23:7,137,95,177,55,7,1,34.00,22.00,12,20,26
23/2/18-4:24:8,135,89,170,45,9,4,34.00,22.00,12,20,26
23/2/18-4:25:9,137,94,179,53,9,2,34.00,22.00,11,15,16
23/2/18-4:26:10,138,90,194,46,8,4,34.00,22.00,11,16,17
23/2/18-4:27:11,137,95,175,53,7,1,32.00,22.00,12,20,21
23/2/18-4:28:12,139,94,170,51,6,3,34.00,21.00,12,19,20
23/2/18-4:29:13,138,95,185,57,7,3,34.00,21.00,11,18,21
23/2/18-4:30:14,140,97,194,61,7,2,34.00,22.00,11,18,21
23/2/18-4:31:15,137,97,182,55,8,3,34.00,22.00,10,15,18
23/2/18-4:32:16,138,94,189,55,8,3,34.00,22.00,10,14,19
23/2/18-4:33:17,137,95,194,61,7,3,34.00,21.00,12,22,24
23/2/18-4:34:18,136,93,173,54,7,1,34.00,21.00,12,22,24
23/2/18-4:35:19,137,94,175,53,7,1,34.00,22.00,10,15,19
23/2/18-4:36:20,138,96,175,53,7,2,34.00,22.00,10,15,19
23/2/18-4:37:21,139,95,180,53,7,3,34.00,22.00,11,15,16
23/2/18-4:38:22,136,90,166,47,7,2,34.00,21.00,11,15,16
23/2/18-4:39:23,138,93,178,57,9,2,34.00,22.00,10,16,18
23/2/18-4:40:24,139,95,170,52,7,3,34.00,21.00,10,16,18
23/2/18-4:41:25,137,91,164,46,7,3,34.00,21.00,10,14,23
23/2/18-4:42:26,138,93,180,55,8,3,33.00,21.00,10,14,23
23/2/18-4:43:27,139,94,188,60,7,4,34.00,21.00,9,12,15
23/2/18-4:44:28,138,94,176,60,6,0,34.00,22.00,9,12,16
23/2/18-4:45:29,137,91,184,48,7,3,34.00,22.00,10,15,21
23/2/18-4:46:30,139,95,187,53,7,3,34.00,21.00,10,15,21
23/2/18-4:47:31,139,94,192,67,7,3,34.00,22.00,6,10,11
23/2/18-4:48:32,136,90,177,47,7,2,34.00,22.00,5,9,10
23/2/18-4:49:33,138,95,185,60,6,2,34.00,22.00,8,12,14
23/2/18-4:50:34,137,94,183,55,7,1,34.00,22.00,7,11,13
23/2/18-4:51:35,138,94,181,56,9,2,34.00,22.00,5,7,8
23/2/18-4:52:36,138,89,168,44,7,2,34.00,22.00,6,8,9
23/2/18-4:53:37,138,95,168,51,6,3,34.00,22.00,7,11,12
23/2/18-4:54:38,138,94,218,82,9,2,34.00,21.00,7,11,12
23/2/18-4:55:39,137,94,170,52,8,0,34.00,21.00,6,9,10
23/2/18-4:56:40,138,91,169,44,7,3,34.00,21.00,6,9,10
23/2/18-4:57:41,138,93,185,58,8,2,34.00,22.00,7,11,12
23/2/18-4:58:42,139,93,176,53,7,3,34.00,22.00,7,11,12
23/2/18-4:59:43,139,95,191,56,6,2,34.00,22.00,8,10,11
23/2/18-5:0:44,138,92,179,54,7,3,34.00,21.00,8,10,11
23/2/18-5:1:45,139,94,172,55,8,3,34.00,21.00,6,9,14
23/2/18-5:2:46,139,95,185,64,7,3,34.00,22.00,6,9,13
23/2/18-5:3:47,138,91,163,47,5,2,34.00,22.00,6,9,13
23/2/18-5:4:48,141,94,190,60,7,2,34.00,22.00,6,9,13
23/2/18-5:5:49,137,93,162,51,7,3,34.00,22.00,6,9,9
23/2/18-5:6:50,138,90,164,51,7,1,34.00,22.00,6,9,9
23/2/18-5:7:51,138,94,171,49,6,2,34.00,21.00,5,7,9
23/2/18-5:8:52,139,94,176,60,7,3,34.00,21.00,5,7,9
23/2/18-5:9:53,139,95,180,59,6,1,34.00,21.00,7,8,8
23/2/18-5:10:54,138,90,176,47,7,5,34.00,22.00,7,8,8
23/2/18-5:11:55,139,94,172,53,6,3,33.00,22.00,6,10,10
23/2/18-5:12:56,138,95,176,61,6,2,34.00,21.00,6,10,10
23/2/18-5:13:57,137,89,166,46,7,5,34.00,21.00,5,9,10
23/2/18-5:14:58,140,94,174,52,6,3,34.00,21.00,5,9,10
23/2/18-5:15:59,138,89,168,58,7,4,34.00,22.00,7,12,12
23/2/18-5:17:0,136,90,178,54,8,2,34.00,22.00,7,13,13
23/2/18-5:18:1,139,93,178,58,8,2,33.00,22.00,4,7,9
23/2/18-5:19:2,138,95,180,60,6,2,34.00,21.00,4,7,9
23/2/18-5:20:3,138,93,174,50,7,2,34.00,21.00,5,8,9
23/2/18-5:21:4,138,89,162,48,7,4,34.00,22.00,5,8,9
23/2/18-5:22:5,139,94,190,54,6,3,34.00,22.00,5,8,8
23/2/18-5:23:6,139,93,168,56,9,3,34.00,22.00,5,8,8
23/2/18-5:24:7,137,89,188,53,8,3,34.00,21.00,5,7,12
23/2/18-5:25:8,139,93,173,58,7,3,32.00,22.00,5,7,12
23/2/18-5:26:9,137,94,174,50,5,1,34.00,22.00,4,7,7
23/2/18-5:27:10,138,93,216,86,5,1,34.00,22.00,4,7,7
23/2/18-5:28:11,138,89,158,43,7,1,34.00,22.00,6,9,12
23/2/18-5:29:12,138,94,200,51,6,2,34.00,21.00,6,9,12
23/2/18-5:30:13,138,92,177,53,7,1,34.00,22.00,6,9,10
23/2/18-5:31:14,137,94,168,54,5,2,34.00,22.00,7,9,11
23/2/18-5:32:15,138,90,174,51,7,1,34.00,22.00,8,11,13
23/2/18-5:33:16,140,94,181,52,6,2,34.00,22.00,8,11,13
23/2/18-5:34:17,139,95,178,61,6,3,34.00,21.00,6,9,10
23/2/18-5:35:18,138,93,177,59,7,2,34.00,21.00,6,10,11
23/2/18-5:36:19,139,88,181,58,10,4,34.00,21.00,6,11,13
23/2/18-5:37:20,140,93,182,59,7,2,34.00,22.00,6,11,13
23/2/18-5:38:21,139,94,169,51,7,3,34.00,21.00,7,9,14
23/2/18-5:39:22,138,94,180,61,6,3,34.00,21.00,7,9,14
23/2/18-5:40:23,139,93,168,48,7,4,34.00,21.00,8,12,17
23/2/18-5:41:24,138,94,199,54,6,2,34.00,22.00,8,12,17
23/2/18-5:42:25,139,93,185,61,9,3,34.00,22.00,6,11,12
23/2/18-5:43:26,139,92,164,55,7,3,34.00,22.00,6,11,12
23/2/18-5:44:27,138,94,171,54,6,1,34.00,22.00,7,13,14
23/2/18-5:45:28,139,95,201,53,6,2,34.00,22.00,6,14,15
23/2/18-5:46:29,138,94,200,62,8,3,34.00,22.00,6,10,11
23/2/18-5:47:30,139,93,176,57,8,4,34.00,22.00,6,10,11
23/2/18-5:48:31,138,93,182,56,7,2,34.00,21.00,9,13,14
23/2/18-5:49:32,140,95,187,67,6,2,34.00,22.00,8,13,13
23/2/18-5:50:33,137,89,160,46,8,3,34.00,22.00,9,13,19
23/2/18-5:51:34,138,93,189,70,8,2,34.00,21.00,9,13,19
23/2/18-5:52:35,138,95,215,98,7,1,35.00,22.00,8,12,14
23/2/18-5:53:36,140,93,175,57,8,2,34.00,22.00,8,12,14
23/2/18-5:54:37,138,90,172,45,7,3,34.00,21.00,8,12,13
23/2/18-5:55:38,140,92,184,53,8,2,35.00,20.00,8,12,13
23/2/18-5:56:39,138,94,169,54,6,3,34.00,21.00,8,12,15
23/2/18-5:57:40,138,94,179,66,6,1,35.00,20.00,8,11,14
23/2/18-5:58:41,138,90,157,43,7,5,34.00,21.00,7,11,12
23/2/18-5:59:42,140,94,173,62,8,3,34.00,21.00,7,11,12
23/2/18-6:0:43,139,94,168,52,7,2,34.00,21.00,8,13,13
23/2/18-6:1:44,138,93,173,53,5,1,34.00,21.00,9,13,13
23/2/18-6:2:45,139,93,172,55,8,3,34.00,21.00,8,16,16
23/2/18-6:3:46,140,97,171,56,8,3,34.00,21.00,8,15,15
23/2/18-6:4:47,136,92,185,60,9,2,34.00,21.00,9,14,14
23/2/18-6:5:48,140,94,184,62,7,1,34.00,21.00,9,14,14
23/2/18-6:6:49,140,96,173,55,8,2,34.00,21.00,10,13,14
23/2/18-6:7:50,138,94,185,68,8,2,34.00,21.00,10,13,14
23/2/18-6:8:50,139,89,165,45,7,2,35.00,20.00,9,14,15
23/2/18-6:9:51,139,93,182,60,9,1,35.00,20.00,9,14,15
23/2/18-6:10:52,138,93,186,60,8,1,34.00,21.00,8,17,20
23/2/18-6:11:53,139,89,161,44,8,3,34.00,21.00,8,17,20
23/2/18-6:12:54,139,94,171,52,6,2,35.00,20.00,7,13,15
23/2/18-6:13:55,140,93,175,65,8,3,35.00,20.00,8,13,18
23/2/18-6:14:56,137,93,165,56,7,1,34.00,21.00,8,10,10
23/2/18-6:15:57,140,94,165,52,7,3,34.00,21.00,8,10,10
23/2/18-6:16:58,139,93,181,53,9,5,34.00,21.00,7,9,11
23/2/18-6:17:59,138,95,169,54,8,2,34.00,21.00,8,11,13
23/2/18-6:19:0,140,94,184,64,9,3,34.00,21.00,8,11,17
23/2/18-6:20:1,139,94,172,54,8,2,34.00,21.00,7,11,13
23/2/18-6:21:2,139,94,176,50,8,2,34.00,21.00,6,11,13
23/2/18-6:22:3,139,89,179,59,9,4,34.00,21.00,6,8,9
23/2/18-6:23:4,138,92,172,54,9,2,34.00,21.00,6,8,9
23/2/18-6:24:5,139,92,174,51,9,2,35.00,21.00,5,9,9
23/2/18-6:25:6,139,89,200,62,7,3,34.00,21.00,5,9,9
23/2/18-6:26:7,138,90,180,46,6,3,34.00,21.00,6,9,10
23/2/18-6:27:8,138,94,170,49,6,1,33.00,21.00,6,9,10
23/2/18-6:28:9,139,95,164,49,6,2,34.00,21.00,4,7,8
23/2/18-6:29:10,139,95,182,55,9,1,34.00,21.00,4,7,8
23/2/18-6:30:11,139,91,167,47,7,5,34.00,21.00,3,5,6
23/2/18-6:31:12,139,96,176,63,7,2,34.00,21.00,3,5,6
23/2/18-6:32:13,141,96,162,50,7,3,35.00,20.00,5,6,8
23/2/18-6:33:14,140,96,168,53,7,3,34.00,21.00,4,6,8
23/2/18-6:34:15,139,92,180,49,5,3,34.00,21.00,5,6,8
23/2/18-6:35:16,140,96,181,53,6,0,34.00,21.00,5,6,8
23/2/18-6:36:17,140,95,164,50,7,3,127.00,21.00,5,7,9
23/2/18-6:37:18,137,94,172,66,5,1,34.00,21.00,5,7,8
23/2/18-6:38:19,140,91,178,68,6,2,34.00,21.00,3,5,5
23/2/18-6:39:20,141,96,183,53,7,1,34.00,21.00,3,5,5
23/2/18-6:40:21,140,95,176,51,7,2,34.00,21.00,5,6,7
23/2/18-6:41:22,139,95,174,53,6,1,34.00,21.00,5,6,7
23/2/18-6:42:23,140,92,159,43,7,4,34.00,21.00,4,7,9
23/2/18-6:43:24,140,95,165,50,6,2,35.00,20.00,4,7,9
23/2/18-6:44:25,138,95,175,55,6,2,34.00,21.00,5,8,8
23/2/18-6:45:26,139,90,186,47,7,4,34.00,21.00,5,8,8
23/2/18-6:46:27,140,95,172,49,7,3,34.00,21.00,4,6,7
23/2/18-6:47:28,139,93,165,49,8,1,34.00,21.00,4,6,7
23/2/18-6:48:29,138,94,173,55,7,2,35.00,20.00,4,5,5
23/2/18-6:49:30,137,88,158,44,5,3,34.00,21.00,4,5,5
23/2/18-6:50:31,139,95,165,51,7,2,33.00,21.00,5,6,6
23/2/18-6:51:32,141,94,163,50,7,3,34.00,21.00,5,6,6
23/2/18-6:52:33,140,96,187,64,7,3,34.00,21.00,3,4,4
23/2/18-6:53:34,139,89,166,51,7,4,34.00,21.00,3,4,4
23/2/18-6:54:35,140,94,176,51,8,4,34.00,21.00,4,6,7
23/2/18-6:55:36,139,94,166,51,8,2,34.00,21.00,4,6,7
23/2/18-6:56:37,139,94,184,60,9,2,35.00,20.00,4,7,8
23/2/18-6:57:38,139,90,167,47,6,1,34.00,21.00,4,7,8
23/2/18-6:58:39,141,95,177,57,7,3,35.00,20.00,3,5,7
23/2/18-6:59:40,141,94,194,54,7,2,35.00,20.00,3,6,7
23/2/18-7:0:41,140,95,171,51,8,3,35.00,20.00,4,7,7
23/2/18-7:1:42,139,91,169,52,7,3,34.00,21.00,4,7,7
23/2/18-7:2:43,140,93,170,50,9,3,34.00,21.00,4,5,5
23/2/18-7:3:44,141,94,171,55,9,5,34.00,21.00,4,5,5
23/2/18-7:4:45,139,94,182,57,8,3,34.00,21.00,3,6,9
23/2/18-7:5:46,139,89,168,42,8,2,35.00,20.00,3,5,8
23/2/18-7:6:47,139,94,173,62,7,1,34.00,21.00,3,5,6
23/2/18-7:7:48,139,95,171,51,8,3,35.00,20.00,3,5,6
23/2/18-7:8:49,140,95,169,52,5,1,35.00,20.00,3,4,4
23/2/18-7:9:50,141,94,163,50,7,3,35.00,20.00,3,4,4
23/2/18-7:10:51,141,95,177,52,6,3,35.00,20.00,3,5,6
23/2/18-7:11:52,138,95,167,52,7,1,34.00,21.00,3,5,6
23/2/18-7:12:53,139,91,174,49,7,2,35.00,20.00,4,6,7
23/2/18-7:13:54,139,95,188,69,7,1,35.00,20.00,4,6,7
23/2/18-7:14:55,139,94,176,70,7,1,34.00,21.00,3,4,6
23/2/18-7:15:56,139,95,187,69,7,2,35.00,20.00,3,4,6
23/2/18-7:16:57,139,89,162,47,7,3,34.00,21.00,3,4,5
23/2/18-7:17:58,139,97,178,58,7,1,34.00,20.00,3,4,5
23/2/18-7:18:59,141,95,208,76,6,2,34.00,21.00,5,8,8
23/2/18-7:20:0,140,95,164,53,7,3,34.00,21.00,5,8,8
23/2/18-7:21:1,139,90,155,43,6,3,35.00,20.00,4,5,5
23/2/18-7:22:2,140,94,181,59,9,2,35.00,20.00,4,5,5
23/2/18-7:23:3,138,93,168,56,8,1,34.00,21.00,4,8,9
23/2/18-7:24:4,138,90,165,47,8,2,35.00,20.00,4,8,9
23/2/18-7:25:5,139,95,199,71,9,1,34.00,21.00,5,7,7
23/2/18-7:26:6,140,95,180,50,7,0,35.00,20.00,6,9,9
23/2/18-7:27:7,141,95,175,56,6,3,34.00,21.00,4,8,8
23/2/18-7:28:8,138,89,161,44,8,4,35.00,20.00,3,7,7
23/2/18-7:29:9,141,95,163,51,8,3,35.00,20.00,4,6,6
23/2/18-7:30:10,141,95,178,58,6,3,34.00,21.00,4,6,6
23/2/18-7:31:11,141,89,169,45,8,3,35.00,20.00,5,10,10
23/2/18-7:32:12,139,94,170,50,8,1,35.00,20.00,5,10,10
23/2/18-7:33:13,141,94,181,53,8,3,35.00,20.00,4,6,10
23/2/18-7:34:14,141,95,175,52,7,3,35.00,20.00,4,6,9
23/2/18-7:35:15,140,93,171,47,6,2,35.00,20.00,5,7,10
23/2/18-7:36:16,142,93,168,52,7,3,35.00,20.00,5,7,10
23/2/18-7:37:17,141,94,168,51,8,3,35.00,20.00,5,7,10
23/2/18-7:38:18,139,94,181,66,8,1,35.00,20.00,5,7,10
23/2/18-7:39:19,141,95,177,58,8,3,35.00,20.00,5,8,10
23/2/18-7:40:20,140,94,191,69,9,0,35.00,20.00,5,8,10
23/2/18-7:41:21,139,97,190,68,8,1,35.00,20.00,5,9,10
23/2/18-7:42:22,138,88,157,48,9,3,34.00,21.00,5,9,10
23/2/18-7:43:23,141,95,178,58,8,0,35.00,20.00,6,9,12
23/2/18-7:44:24,141,94,183,63,10,2,35.00,20.00,6,9,12
23/2/18-7:45:25,141,91,178,47,8,3,35.00,20.00,3,5,5
23/2/18-7:46:26,140,95,182,61,9,1,34.00,21.00,3,5,5
23/2/18-7:47:27,140,96,183,57,9,3,34.00,21.00,5,6,7
23/2/18-7:48:28,140,93,177,61,10,1,35.00,20.00,5,6,7
23/2/18-7:49:29,140,90,164,48,8,4,35.00,20.00,6,9,12
23/2/18-7:50:30,140,94,183,54,6,3,34.00,20.00,6,9,12
23/2/18-7:51:31,141,95,178,58,8,3,35.00,20.00,7,11,12
23/2/18-7:52:32,139,91,166,48,9,3,35.00,20.00,7,10,11
23/2/18-7:53:33,139,94,175,56,8,2,34.00,20.00,10,14,17
23/2/18-7:54:34,140,95,179,59,8,2,35.00,20.00,10,14,17
23/2/18-7:55:35,141,94,186,60,10,3,35.00,20.00,10,20,20
23/2/18-7:56:36,141,95,183,56,10,3,35.00,20.00,10,20,20
23/2/18-7:57:37,140,95,179,55,9,1,35.00,20.00,12,18,22
23/2/18-7:58:38,140,89,175,56,11,3,35.00,20.00,12,20,23
23/2/18-7:59:39,139,90,176,56,9,3,35.00,20.00,11,22,26
23/2/18-8:0:40,139,91,181,51,11,4,35.00,20.00,11,19,24
23/2/18-8:1:41,141,96,206,63,12,3,34.00,20.00,14,21,23
23/2/18-8:2:42,139,95,186,60,9,1,35.00,20.00,13,20,22
23/2/18-8:3:43,139,89,180,53,10,3,35.00,20.00,14,23,26
23/2/18-8:4:44,140,94,201,71,10,1,35.00,20.00,14,23,26
23/2/18-8:5:45,140,95,191,71,8,1,34.00,21.00,14,22,26
23/2/18-8:6:46,140,94,192,67,11,2,34.00,21.00,14,22,26
23/2/18-8:7:47,139,95,191,65,11,1,34.00,21.00,16,30,41
23/2/18-8:8:48,140,97,188,58,9,2,35.00,20.00,16,30,41
23/2/18-8:9:49,141,94,180,60,8,3,36.00,20.00,15,26,30
23/2/18-8:10:50,140,95,201,66,14,1,34.00,21.00,15,26,30
23/2/18-8:11:51,140,92,181,57,10,4,34.00,21.00,13,28,28
23/2/18-8:12:52,139,90,183,61,10,3,34.00,21.00,13,28,28
23/2/18-8:13:53,140,95,188,65,9,3,34.00,21.00,15,28,33
23/2/18-8:14:54,140,95,213,71,11,1,34.00,21.00,17,29,32
23/2/18-8:15:55,139,94,183,63,13,3,34.00,21.00,17,27,31
23/2/18-8:16:56,139,94,189,64,13,2,34.00,21.00,17,27,31
23/2/18-8:17:57,140,94,184,63,13,4,34.00,21.00,15,28,33
23/2/18-8:18:58,139,96,190,60,12,2,34.00,21.00,15,28,33
23/2/18-8:19:59,139,90,174,50,9,3,34.00,21.00,16,24,27
23/2/18-8:21:0,141,95,189,57,13,3,35.00,20.00,16,24,27
23/2/18-8:22:1,139,95,184,62,10,0,34.00,21.00,12,18,24
23/2/18-8:23:2,138,94,180,66,12,1,35.00,20.00,12,18,24
23/2/18-8:24:3,140,94,193,69,12,3,35.00,20.00,10,16,18
23/2/18-8:25:4,138,90,177,51,13,3,34.00,21.00,11,17,19
23/2/18-8:26:5,140,93,192,71,14,3,34.00,21.00,11,20,25
23/2/18-8:27:6,140,94,194,57,19,2,34.00,21.00,11,20,25
23/2/18-8:28:7,141,93,180,49,16,3,35.00,20.00,11,18,20
23/2/18-8:29:8,139,95,205,79,21,0,34.00,21.00,11,18,20
23/2/18-8:30:9,138,95,188,63,28,1,34.00,21.00,10,14,17
23/2/18-8:31:10,141,95,191,59,28,3,34.00,21.00,10,14,17
23/2/18-8:32:11,140,95,189,58,28,1,34.00,21.00,10,15,18
23/2/18-8:33:12,139,96,185,61,29,2,34.00,21.00,11,16,20
23/2/18-8:34:13,139,91,179,50,25,4,34.00,21.00,10,12,14
23/2/18-8:35:13,137,93,175,53,27,1,34.00,21.00,10,12,14
23/2/18-8:36:14,138,90,182,47,27,3,34.00,21.00,8,14,23
23/2/18-8:37:15,140,96,219,59,31,2,33.00,21.00,8,14,23
23/2/18-8:38:16,140,96,186,59,33,3,35.00,21.00,12,16,20
23/2/18-8:39:17,140,91,180,46,26,3,34.00,21.00,12,16,20
23/2/18-8:40:18,140,96,204,60,29,2,35.00,20.00,9,12,15
23/2/18-8:41:19,139,95,186,58,28,3,35.00,21.00,9,12,15
23/2/18-8:42:20,140,96,185,60,24,2,34.00,21.00,9,12,17
23/2/18-8:43:21,140,93,169,46,22,3,34.00,21.00,9,12,17
23/2/18-8:44:22,140,98,184,56,24,3,34.00,21.00,7,11,14
23/2/18-8:45:23,138,96,197,58,26,2,34.00,21.00,7,11,14
23/2/18-8:46:24,140,91,164,49,18,3,34.00,21.00,6,11,13
23/2/18-8:47:25,141,96,192,64,18,4,32.00,22.00,6,11,13
23/2/18-8:48:26,139,97,177,58,15,0,34.00,22.00,8,12,14
23/2/18-8:49:27,137,96,186,62,16,1,34.00,21.00,8,11,14
23/2/18-8:50:28,138,92,187,63,16,1,34.00,21.00,8,11,14
23/2/18-8:51:29,139,93,196,71,19,2,34.00,22.00,8,11,14
23/2/18-8:52:30,138,99,178,58,17,1,34.00,21.00,7,10,12
23/2/18-8:53:31,137,88,174,55,15,4,34.00,22.00,7,10,12
23/2/18-8:54:32,139,93,182,60,14,2,34.00,22.00,6,9,11
23/2/18-8:55:33,139,95,183,56,14,3,34.00,22.00,5,8,11
23/2/18-8:56:34,140,95,187,68,13,3,34.00,22.00,3,6,6
23/2/18-8:57:35,139,90,184,51,11,4,34.00,22.00,3,6,6
23/2/18-8:58:36,139,95,181,61,11,1,34.00,22.00,6,8,9
23/2/18-8:59:37,138,94,180,59,11,2,34.00,22.00,6,7,8
23/2/18-9:0:38,137,91,193,70,8,2,34.00,22.00,6,10,11
23/2/18-9:1:39,137,93,172,58,12,2,34.00,22.00,6,11,12
23/2/18-9:2:40,138,89,165,46,9,3,34.00,22.00,3,9,9
23/2/18-9:3:41,139,94,177,56,9,3,34.00,22.00,3,9,9
23/2/18-9:4:42,140,95,174,56,8,3,34.00,22.00,4,6,7
23/2/18-9:5:43,137,94,206,58,8,1,34.00,22.00,4,6,7
23/2/18-9:6:44,138,90,181,50,7,4,34.00,22.00,4,6,6
23/2/18-9:7:45,139,94,177,58,8,3,34.00,22.00,4,6,6
23/2/18-9:8:46,138,93,180,60,8,3,34.00,22.00,4,8,9
23/2/18-9:9:47,140,93,192,72,9,2,34.00,22.00,3,6,7
23/2/18-9:10:48,138,89,176,58,9,3,34.00,22.00,5,7,7
23/2/18-9:11:49,138,93,183,64,6,2,34.00,22.00,5,7,7
23/2/18-9:12:50,140,94,174,50,7,3,0.00,0.00,3,7,8
23/2/18-9:13:51,140,95,175,77,6,2,34.00,22.00,3,7,8
23/2/18-9:14:52,139,90,169,53,7,4,34.00,22.00,4,6,8
23/2/18-9:15:53,139,94,174,54,6,3,34.00,22.00,4,6,8
23/2/18-9:16:54,139,93,171,53,5,3,34.00,22.00,5,7,7
23/2/18-9:17:55,139,92,177,60,7,2,34.00,22.00,5,7,7
23/2/18-9:18:56,139,89,168,42,5,3,34.00,22.00,3,5,5
23/2/18-9:19:57,139,93,180,64,6,3,34.00,22.00,3,5,5
23/2/18-9:20:58,137,91,177,59,5,2,34.00,22.00,2,4,5
23/2/18-9:21:59,136,77,180,64,5,0,34.00,22.00,2,4,5
23/2/18-9:23:0,138,75,176,55,6,1,34.00,22.00,2,4,4
23/2/18-9:24:1,140,78,185,57,5,2,34.00,22.00,2,4,4
23/2/18-9:25:2,138,79,166,54,6,1,34.00,22.00,3,5,7
23/2/18-9:26:3,138,75,170,50,7,3,34.00,22.00,3,5,7
23/2/18-9:27:4,137,79,190,68,5,3,34.00,22.00,2,4,4
23/2/18-9:28:5,138,79,173,52,7,2,34.00,22.00,2,4,4
23/2/18-9:29:6,139,81,186,66,5,1,34.00,22.00,5,8,9
23/2/18-9:30:7,136,77,160,50,6,2,34.00,22.00,5,8,9
23/2/18-9:31:8,139,80,179,59,7,3,33.00,22.00,4,8,11
23/2/18-9:32:9,137,81,173,56,5,0,33.00,23.00,4,8,11
23/2/18-9:33:10,138,76,161,45,7,3,34.00,22.00,4,5,9
23/2/18-9:34:11,138,80,172,51,4,2,33.00,22.00,4,5,9
23/2/18-9:35:12,138,80,164,53,5,1,34.00,22.00,4,7,9
23/2/18-9:36:13,136,80,181,67,5,1,34.00,22.00,5,7,10
23/2/18-9:37:14,135,77,153,47,5,2,34.00,22.00,3,6,9
23/2/18-9:38:15,139,80,162,54,6,1,34.00,22.00,3,6,9
23/2/18-9:39:16,139,80,187,72,5,3,34.00,22.00,4,7,7
23/2/18-9:40:17,138,81,184,68,5,2,34.00,22.00,4,6,6
23/2/18-9:41:18,139,76,164,54,5,2,34.00,22.00,3,6,7
23/2/18-9:42:19,137,80,175,56,7,1,34.00,22.00,3,6,7
23/2/18-9:43:20,138,81,176,61,5,1,34.00,22.00,5,10,12
23/2/18-9:44:21,137,80,192,77,5,2,34.00,22.00,5,10,11
23/2/18-9:45:22,137,76,174,52,4,2,34.00,22.00,2,4,4
23/2/18-9:46:23,139,80,188,64,4,0,34.00,22.00,2,4,4
23/2/18-9:47:24,137,81,183,72,6,2,34.00,22.00,4,6,8
23/2/18-9:48:25,139,82,197,75,5,1,34.00,22.00,4,7,8
23/2/18-9:49:26,139,77,170,54,6,3,34.00,22.00,3,4,4
23/2/18-9:50:27,138,80,174,57,7,2,34.00,22.00,3,4,4
23/2/18-9:51:28,138,82,185,68,7,3,34.00,22.00,3,4,4
23/2/18-9:52:29,138,82,171,62,6,1,34.00,22.00,3,4,4
23/2/18-9:53:30,138,78,164,51,6,3,33.00,23.00,4,7,8
23/2/18-9:54:31,138,81,168,60,6,3,34.00,22.00,4,7,8
23/2/18-9:55:32,139,81,182,66,5,2,34.00,22.00,5,7,7
23/2/18-9:56:33,136,80,191,60,7,3,33.00,23.00,5,7,7
23/2/18-9:57:34,138,81,179,59,5,2,33.00,23.00,5,6,7
23/2/18-9:58:35,139,82,178,58,6,2,33.00,23.00,5,6,7
23/2/18-9:59:36,138,83,185,64,6,3,33.00,23.00,5,6,9
23/2/18-10:0:37,137,79,197,72,6,3,33.00,23.00,4,5,8
23/2/18-10:1:38,137,80,174,63,6,1,32.00,23.00,4,6,6
23/2/18-10:2:39,137,81,171,59,5,2,33.00,23.00,4,6,6
23/2/18-10:3:40,137,81,189,59,5,2,33.00,23.00,4,7,7
23/2/18-10:4:41,136,77,167,49,6,3,33.00,23.00,4,7,7
23/2/18-10:5:42,137,82,170,67,7,3,33.00,23.00,5,6,6
23/2/18-10:6:43,136,82,177,72,5,1,33.00,23.00,5,6,6
23/2/18-10:7:44,137,78,157,52,6,2,33.00,23.00,4,7,9
23/2/18-10:8:45,136,79,159,58,6,3,33.00,23.00,4,7,9
23/2/18-10:9:46,137,81,166,53,7,3,33.00,23.00,4,6,7
23/2/18-10:10:47,137,83,161,54,5,1,33.00,23.00,4,6,7
23/2/18-10:11:48,136,83,157,52,4,2,33.00,23.00,3,4,6
23/2/18-10:12:49,136,79,154,49,5,3,33.00,23.00,3,4,6
23/2/18-10:13:50,137,81,167,60,6,3,33.00,23.00,4,5,6
23/2/18-10:14:51,137,81,178,64,6,3,33.00,23.00,4,5,5
23/2/18-10:15:52,137,80,173,74,6,3,33.00,23.00,4,7,7
23/2/18-10:16:53,135,76,180,71,8,4,33.00,23.00,4,7,7
23/2/18-10:17:54,136,81,173,65,6,0,33.00,23.00,4,6,10
23/2/18-10:18:55,139,81,156,55,5,2,33.00,23.00,4,6,10
23/2/18-10:19:56,136,82,164,64,6,4,33.00,23.00,4,5,7
23/2/18-10:20:57,137,81,158,58,6,3,33.00,23.00,4,5,7
23/2/18-10:21:58,137,82,167,58,5,2,33.00,23.00,4,6,6
23/2/18-10:22:59,136,82,162,60,5,1,33.00,23.00,4,5,5
23/2/18-10:24:0,135,77,151,46,7,3,33.00,23.00,3,5,6
23/2/18-10:25:1,136,81,174,56,6,3,33.00,23.00,4,6,7
23/2/18-10:26:2,136,81,171,54,5,1,33.00,23.00,4,5,5
23/2/18-10:27:3,136,81,160,53,4,2,33.00,23.00,4,5,5
23/2/18-10:28:4,134,77,162,51,6,2,33.00,23.00,3,5,5
23/2/18-10:29:5,137,80,172,58,5,2,32.00,23.00,3,5,5
23/2/18-10:30:6,134,81,165,51,5,3,34.00,23.00,3,6,7
23/2/18-10:31:7,133,81,184,66,5,1,33.00,23.00,3,6,7
23/2/18-10:32:8,134,77,164,51,7,2,33.00,23.00,3,5,8
23/2/18-10:33:9,135,82,163,51,6,3,33.00,23.00,3,5,8
23/2/18-10:34:10,135,81,171,70,4,0,33.00,24.00,3,5,5
23/2/18-10:35:11,134,85,163,54,5,1,33.00,23.00,3,5,5
23/2/18-10:36:12,133,77,154,47,6,5,33.00,23.00,3,5,5
23/2/18-10:37:13,135,81,174,65,6,3,33.00,23.00,3,5,5
23/2/18-10:38:14,134,81,184,73,6,1,33.00,23.00,2,3,4
23/2/18-10:39:15,136,80,179,63,6,3,33.00,23.00,2,3,4
23/2/18-10:40:16,134,76,148,47,7,4,33.00,23.00,4,5,9
23/2/18-10:41:17,136,81,154,50,6,2,33.00,23.00,4,5,9
23/2/18-10:42:18,136,82,181,58,7,1,33.00,23.00,3,4,6
23/2/18-10:43:19,135,81,174,62,5,2,33.00,23.00,3,5,6
23/2/18-10:44:20,133,76,154,47,5,2,33.00,23.00,2,3,5
23/2/18-10:45:21,135,80,178,67,5,3,33.00,23.00,2,3,5
23/2/18-10:46:22,133,80,169,57,5,1,33.00,23.00,2,4,4
23/2/18-10:47:23,134,82,178,62,5,3,33.00,23.00,1,3,3
23/2/18-10:48:24,137,82,157,57,4,0,33.00,23.00,3,8,8
23/2/18-10:49:25,135,80,166,53,6,3,33.00,23.00,2,6,6
23/2/18-10:50:26,135,81,161,54,6,3,33.00,23.00,2,5,6
23/2/18-10:51:27,135,80,170,94,5,2,33.00,23.00,2,5,6
23/2/18-10:52:28,135,83,167,53,5,2,33.00,23.00,3,6,6
23/2/18-10:53:29,134,80,180,60,5,3,33.00,24.00,3,6,6
23/2/18-10:54:30,134,77,179,67,5,3,33.00,23.00,4,5,7
23/2/18-10:55:31,135,80,171,59,6,1,33.00,23.00,4,5,7
23/2/18-10:56:32,134,80,196,73,5,1,33.00,24.00,2,5,7
23/2/18-10:57:33,134,80,162,52,7,1,33.00,23.00,2,5,7
23/2/18-10:58:34,134,76,159,55,6,4,33.00,23.00,3,5,5
23/2/18-10:59:35,135,82,154,53,5,2,32.00,24.00,3,5,5
23/2/18-11:0:36,135,81,162,55,7,1,34.00,23.00,3,5,5
23/2/18-11:1:37,134,79,173,61,7,2,33.00,24.00,2,3,3
23/2/18-11:2:38,134,76,145,49,4,3,33.00,23.00,3,6,6
23/2/18-11:3:39,134,79,150,51,5,2,33.00,23.00,3,6,6
23/2/18-11:4:40,135,80,194,83,4,2,33.00,24.00,2,3,3
23/2/18-11:5:41,134,79,168,72,6,3,33.00,23.00,2,3,3
23/2/18-11:6:42,134,74,163,64,6,5,33.00,23.00,3,5,5
23/2/18-11:7:43,133,79,208,100,5,2,33.00,24.00,3,5,5
23/2/18-11:8:44,135,78,173,60,6,3,33.00,23.00,3,6,6
23/2/18-11:9:45,135,79,149,52,5,3,33.00,24.00,3,5,5
23/2/18-11:10:46,134,76,179,59,6,5,33.00,24.00,4,6,6
23/2/18-11:11:47,134,79,184,63,6,1,33.00,23.00,4,6,6
23/2/18-11:12:48,135,78,202,70,6,3,33.00,24.00,4,6,6
23/2/18-11:13:49,135,79,167,75,6,3,33.00,24.00,4,6,6
23/2/18-11:14:49,134,75,161,47,6,4,33.00,23.00,3,5,5
23/2/18-11:15:50,134,83,181,84,6,1,33.00,23.00,3,5,5
23/2/18-11:16:51,135,78,157,58,6,4,33.00,23.00,3,5,5
23/2/18-11:17:52,135,80,165,58,6,3,33.00,23.00,3,5,5
23/2/18-11:18:53,135,79,176,62,4,0,33.00,24.00,3,6,9
23/2/18-11:19:54,133,79,180,61,7,2,33.00,23.00,3,6,9
23/2/18-11:20:55,133,79,243,109,4,0,33.00,23.00,2,4,4
23/2/18-11:21:56,133,75,166,56,4,3,33.00,24.00,2,4,4
23/2/18-11:22:57,135,80,172,54,4,0,33.00,23.00,3,5,8
23/2/18-11:23:58,133,78,196,75,6,1,33.00,24.00,3,5,8
23/2/18-11:24:59,134,80,173,57,5,1,33.00,23.00,3,5,6
23/2/18-11:26:0,132,74,170,53,7,4,33.00,23.00,3,5,6
23/2/18-11:27:1,135,79,183,62,7,3,32.00,24.00,3,6,6
23/2/18-11:28:2,133,78,164,56,7,2,33.00,24.00,3,6,6
23/2/18-11:29:3,133,78,186,78,7,2,33.00,24.00,2,3,3
23/2/18-11:30:4,133,74,160,55,5,3,33.00,24.00,2,3,3
23/2/18-11:31:5,135,79,157,51,6,3,33.00,24.00,4,5,8
23/2/18-11:32:6,134,80,160,51,6,3,33.00,23.00,4,5,8
23/2/18-11:33:7,135,79,164,53,7,3,33.00,24.00,3,5,8
23/2/18-11:34:8,134,77,169,44,6,3,33.00,23.00,3,5,8
23/2/18-11:35:9,134,81,179,73,6,3,33.00,23.00,3,4,4
23/2/18-11:36:10,134,81,168,52,6,2,33.00,24.00,3,4,4
23/2/18-11:37:11,132,80,163,69,4,0,33.00,24.00,1,3,3
23/2/18-11:38:12,132,76,179,67,5,2,33.00,24.00,1,3,3
23/2/18-11:39:13,134,78,153,52,8,3,33.00,24.00,2,4,4
23/2/18-11:40:14,134,78,154,54,6,3,33.00,24.00,1,3,3
23/2/18-11:41:15,133,79,157,56,5,3,33.00,24.00,3,4,4
23/2/18-11:42:16,133,75,169,54,5,3,33.00,24.00,2,3,3
23/2/18-11:43:17,134,81,172,58,5,2,33.00,24.00,3,5,5
23/2/18-11:44:18,133,79,175,64,5,2,33.00,23.00,3,6,6
23/2/18-11:45:19,132,79,181,76,5,1,33.00,24.00,2,4,4
23/2/18-11:46:20,133,79,172,61,7,3,33.00,24.00,2,4,4
23/2/18-11:47:21,134,79,204,80,7,3,33.00,24.00,4,5,6
23/2/18-11:48:22,134,79,180,61,5,2,32.00,25.00,3,5,5
23/2/18-11:49:23,132,75,158,49,6,4,32.00,25.00,4,5,6
23/2/18-11:50:24,133,78,150,50,6,1,32.00,25.00,4,5,6
23/2/18-11:51:25,133,80,154,51,4,1,32.00,25.00,3,6,7
23/2/18-11:52:26,133,80,167,56,6,3,32.00,25.00,3,5,6
23/2/18-11:53:27,131,76,167,59,5,1,32.00,25.00,4,7,8
23/2/18-11:54:28,132,79,183,65,7,3,32.00,25.00,4,7,8
23/2/18-11:55:29,132,79,183,70,5,3,34.00,24.00,3,5,6
23/2/18-11:56:30,132,79,172,63,4,0,32.00,25.00,4,4,5
23/2/18-11:57:31,132,76,152,52,4,4,32.00,25.00,3,5,5
23/2/18-11:58:32,132,79,150,53,6,1,30.00,25.00,3,5,5
23/2/18-11:59:33,132,78,173,56,6,3,33.00,24.00,3,5,5
23/2/18-12:0:34,133,80,150,52,5,2,33.00,24.00,3,5,5
23/2/18-12:1:35,130,77,166,47,6,2,32.00,25.00,2,6,7
23/2/18-12:2:36,133,78,177,79,6,4,33.00,24.00,2,6,7
23/2/18-12:3:37,134,80,177,57,7,3,32.00,25.00,4,6,7
23/2/18-12:4:38,132,79,189,84,6,2,32.00,25.00,4,7,8
23/2/18-12:5:39,132,75,147,43,7,4,32.00,25.00,3,6,6
23/2/18-12:6:40,134,79,162,71,6,4,32.00,25.00,3,6,6
23/2/18-12:7:41,132,80,149,50,4,3,32.00,25.00,3,8,10
23/2/18-12:8:42,131,76,157,50,5,2,33.00,24.00,3,8,10
23/2/18-12:9:43,133,80,166,57,6,3,32.00,25.00,4,5,5
23/2/18-12:10:44,133,79,175,55,6,0,32.00,25.00,4,6,6
23/2/18-12:11:45,132,79,182,55,6,1,33.00,24.00,3,4,5
23/2/18-12:12:46,131,77,165,51,4,1,33.00,24.00,3,4,5
23/2/18-12:13:47,133,80,157,52,3,2,33.00,24.00,2,3,3
23/2/18-12:14:48,133,79,165,56,7,1,33.00,24.00,2,3,3
23/2/18-12:15:49,132,78,174,63,7,3,33.00,24.00,3,5,5
23/2/18-12:16:50,132,77,179,55,5,2,33.00,24.00,3,5,5
23/2/18-12:17:51,133,81,166,70,5,3,33.00,24.00,1,3,5
23/2/18-12:18:52,131,78,152,52,6,3,33.00,24.00,2,4,5
23/2/18-12:19:53,133,83,179,68,4,2,33.00,24.00,6,8,8
23/2/18-12:20:54,133,77,152,42,6,2,32.00,25.00,6,8,8
23/2/18-12:21:55,133,81,160,54,5,3,32.00,25.00,5,8,9
23/2/18-12:22:56,131,79,179,63,6,3,32.00,25.00,4,8,9
23/2/18-12:23:57,132,81,160,59,5,1,32.00,25.00,4,6,7
23/2/18-12:24:58,131,80,196,73,6,2,32.00,25.00,4,6,7
23/2/18-12:25:59,133,81,178,58,5,2,32.00,25.00,3,6,6
23/2/18-12:27:0,132,79,153,55,6,3,32.00,25.00,4,7,7
23/2/18-12:28:1,130,75,172,68,7,2,32.00,25.00,4,5,5
23/2/18-12:29:2,132,80,174,68,5,2,32.00,25.00,4,5,5
23/2/18-12:30:3,131,79,158,52,4,1,32.00,25.00,2,4,5
23/2/18-12:31:4,130,80,198,84,7,2,32.00,25.00,2,4,5
23/2/18-12:32:5,131,76,151,45,6,3,32.00,25.00,3,4,5
23/2/18-12:33:6,132,79,190,77,6,3,31.00,25.00,3,4,5
23/2/18-12:34:7,133,81,180,60,4,2,33.00,25.00,3,5,5
23/2/18-12:35:8,131,81,156,55,4,0,32.00,25.00,2,4,4
23/2/18-12:36:9,130,77,182,103,6,4,32.00,25.00,3,5,6
23/2/18-12:37:10,132,80,173,59,6,2,31.00,25.00,3,5,6
23/2/18-12:38:11,132,79,176,64,5,2,32.00,25.00,2,4,6
23/2/18-12:39:12,130,79,194,72,6,3,32.00,25.00,2,4,6
23/2/18-12:40:13,129,75,176,52,7,5,32.00,26.00,3,5,5
23/2/18-12:41:14,132,80,191,71,7,1,0.00,26.00,3,5,5
23/2/18-12:42:15,130,81,188,63,5,0,32.00,25.00,4,5,5
23/2/18-12:43:16,130,80,168,53,6,1,32.00,26.00,4,5,5
23/2/18-12:44:17,129,77,174,48,5,3,32.00,25.00,4,5,5
23/2/18-12:45:18,131,79,197,64,6,3,32.00,25.00,4,5,5
23/2/18-12:46:19,131,80,181,65,5,2,32.00,25.00,3,5,5
23/2/18-12:47:20,130,79,185,127,7,1,32.00,25.00,3,5,5
23/2/18-12:48:21,131,76,164,46,4,2,32.00,25.00,4,6,8
23/2/18-12:49:22,132,81,173,62,5,2,32.00,25.00,4,6,8
23/2/18-12:50:23,130,80,168,51,7,4,32.00,25.00,3,4,5
23/2/18-12:51:24,129,80,185,63,5,1,32.00,25.00,4,5,6
23/2/18-12:52:25,129,75,150,41,5,3,32.00,25.00,3,5,6
23/2/18-12:53:26,129,79,166,69,7,2,32.00,26.00,3,5,6
23/2/18-12:54:27,130,81,163,57,5,1,32.00,25.00,4,5,7
23/2/18-12:55:28,130,80,146,52,4,2,32.00,26.00,4,5,7
23/2/18-12:56:29,129,76,154,44,6,4,32.00,25.00,2,5,5
23/2/18-12:57:30,129,80,199,62,6,2,32.00,25.00,2,5,5
23/2/18-12:58:31,129,79,189,63,6,3,32.00,25.00,4,6,7
23/2/18-12:59:32,130,80,189,66,7,3,32.00,25.00,4,6,7
23/2/18-13:0:33,129,75,170,51,6,4,32.00,25.00,3,5,5
23/2/18-13:1:34,130,79,156,50,6,3,32.00,26.00,3,5,5
23/2/18-13:2:35,131,78,178,60,9,3,32.00,25.00,7,10,10
23/2/18-13:3:36,130,81,203,70,5,2,32.00,25.00,7,10,10
23/2/18-13:4:37,130,75,163,48,6,3,32.00,25.00,4,5,8
23/2/18-13:5:38,131,81,185,59,6,3,32.00,25.00,4,5,8
23/2/18-13:6:39,131,81,159,50,4,1,32.00,25.00,5,9,9
23/2/18-13:7:40,130,80,231,95,5,1,32.00,25.00,5,9,9
23/2/18-13:8:41,131,80,166,50,5,2,32.00,25.00,5,8,8
23/2/18-13:9:42,129,78,172,69,7,3,32.00,25.00,5,8,8
23/2/18-13:10:43,131,74,173,53,6,3,32.00,25.00,4,6,8
23/2/18-13:11:44,130,78,169,55,7,2,33.00,24.00,4,6,8
23/2/18-13:12:45,130,79,187,66,7,1,32.00,25.00,5,7,8
23/2/18-13:13:46,130,79,161,54,4,0,32.00,25.00,5,7,8
23/2/18-13:14:47,131,77,150,43,4,2,32.00,25.00,3,6,6
23/2/18-13:15:48,133,79,162,58,6,3,32.00,25.00,3,6,6
23/2/18-13:16:49,131,77,188,75,6,3,33.00,24.00,3,3,7
23/2/18-13:17:50,129,80,196,63,6,2,33.00,24.00,3,3,7
23/2/18-13:18:51,131,76,188,59,8,1,33.00,24.00,4,5,6
23/2/18-13:19:52,130,79,174,55,7,2,33.00,24.00,4,5,6
23/2/18-13:20:53,132,79,167,64,6,3,33.00,24.00,3,4,9
23/2/18-13:21:54,131,79,162,53,5,2,33.00,24.00,3,4,9
23/2/18-13:22:55,130,79,170,78,5,1,33.00,24.00,3,5,5
23/2/18-13:23:56,131,79,159,57,5,1,33.00,24.00,3,5,5
23/2/18-13:24:57,130,78,178,66,7,4,33.00,23.00,4,5,6
23/2/18-13:25:58,130,75,207,73,6,1,33.00,24.00,4,5,6
23/2/18-13:26:59,130,74,156,47,5,3,33.00,24.00,3,8,10
23/2/18-13:28:0,131,78,160,57,9,4,32.00,24.00,3,8,9
23/2/18-13:29:1,130,75,162,56,6,3,33.00,24.00,4,5,5
23/2/18-13:30:2,130,78,192,68,13,2,33.00,24.00,4,5,5
23/2/18-13:31:3,132,77,193,69,9,2,34.00,24.00,4,7,8
23/2/18-13:32:4,130,80,189,58,6,1,33.00,24.00,4,7,8
23/2/18-13:33:5,130,74,167,49,6,2,33.00,24.00,4,6,7
23/2/18-13:34:6,133,79,234,132,6,1,32.00,24.00,3,5,6
23/2/18-13:35:7,133,79,183,71,7,3,33.00,24.00,4,6,8
23/2/18-13:36:8,132,79,194,78,6,3,33.00,24.00,4,6,7
23/2/18-13:37:9,132,79,167,55,5,2,32.00,25.00,3,5,6
23/2/18-13:38:10,132,79,163,53,4,1,33.00,24.00,3,5,6
23/2/18-13:39:11,131,79,174,56,4,1,33.00,24.00,3,4,5
23/2/18-13:40:12,131,74,181,50,5,2,33.00,24.00,3,4,5
23/2/18-13:41:13,131,77,190,56,7,2,33.00,24.00,4,5,6
23/2/18-13:42:14,131,79,171,54,6,0,33.00,24.00,4,5,5
23/2/18-13:43:15,132,78,152,52,6,2,33.00,24.00,5,7,7
23/2/18-13:44:16,129,74,151,48,7,2,33.00,24.00,5,7,7
23/2/18-13:45:17,132,79,182,53,5,3,33.00,24.00,3,5,5
23/2/18-13:46:18,130,78,203,60,8,4,33.00,24.00,3,5,5
23/2/18-13:47:19,130,77,211,70,6,4,33.00,24.00,4,5,6
23/2/18-13:48:20,131,75,151,42,5,3,33.00,24.00,4,5,6
23/2/18-13:49:21,132,79,167,53,7,1,33.00,24.00,5,7,8
23/2/18-13:50:22,131,79,175,59,5,2,33.00,24.00,5,7,8
23/2/18-13:51:23,131,77,162,61,5,3,33.00,24.00,5,6,8
23/2/18-13:52:24,130,74,163,41,6,2,33.00,24.00,5,6,8
23/2/18-13:53:25,131,79,181,67,7,1,33.00,24.00,3,5,8
23/2/18-13:54:26,131,78,170,51,7,2,33.00,24.00,2,4,7
23/2/18-13:55:27,129,79,183,62,7,2,33.00,24.00,3,4,5
23/2/18-13:56:28,132,81,151,51,5,1,33.00,24.00,3,4,5
23/2/18-13:57:29,133,79,190,65,5,2,33.00,24.00,4,5,6
23/2/18-13:58:30,131,78,204,87,7,2,33.00,24.00,4,5,7
23/2/18-13:59:31,130,74,155,45,7,3,32.00,25.00,4,6,8
23/2/18-14:0:32,132,79,181,54,5,3,32.00,25.00,4,6,8
23/2/18-14:1:33,132,79,184,77,5,1,33.00,24.00,4,5,5
23/2/18-14:2:34,131,78,160,53,6,1,32.00,25.00,4,5,5
23/2/18-14:3:35,129,75,173,49,5,1,32.00,25.00,4,6,8
23/2/18-14:4:36,132,78,173,58,6,2,31.00,25.00,4,6,8
23/2/18-14:5:37,132,79,165,52,5,0,32.00,25.00,4,5,7
23/2/18-14:6:38,130,73,172,51,6,3,33.00,24.00,4,5,7
23/2/18-14:7:39,132,79,212,92,5,3,31.00,25.00,4,7,10
23/2/18-14:8:40,132,79,194,55,4,0,32.00,25.00,4,7,10
23/2/18-14:9:41,131,78,184,92,6,2,32.00,25.00,4,6,6
23/2/18-14:10:42,132,74,176,55,7,3,32.00,25.00,4,6,6
23/2/18-14:11:43,131,77,161,54,4,2,33.00,24.00,3,5,7
23/2/18-14:12:44,132,80,204,61,6,3,32.00,25.00,3,5,7
23/2/18-14:13:45,131,79,163,56,6,2,32.00,25.00,5,6,6
23/2/18-14:14:46,132,78,184,60,6,3,32.00,25.00,5,6,6
23/2/18-14:15:47,132,79,170,57,4,2,32.00,25.00,4,7,7
23/2/18-14:16:48,132,78,188,72,6,2,32.00,25.00,4,6,6
23/2/18-14:17:49,131,76,163,47,4,1,33.00,24.00,4,5,6
23/2/18-14:18:50,131,78,161,51,5,1,32.00,25.00,4,5,6
23/2/18-14:19:51,131,79,253,115,5,2,32.00,25.00,5,7,9
23/2/18-14:20:52,129,78,180,69,8,3,32.00,25.00,5,7,9
23/2/18-14:21:53,131,76,172,50,5,3,32.00,25.00,5,6,6
23/2/18-14:22:54,132,77,154,52,6,3,32.00,25.00,5,6,6
23/2/18-14:23:55,131,78,202,72,7,3,33.00,24.00,4,7,9
23/2/18-14:24:56,130,78,174,60,7,4,33.00,24.00,4,6,8
23/2/18-14:25:57,130,74,157,49,7,4,32.00,25.00,4,6,8
23/2/18-14:26:58,131,79,192,61,6,3,33.00,24.00,4,6,8
23/2/18-14:27:59,133,78,176,60,8,2,32.00,25.00,4,6,6
23/2/18-14:29:0,131,78,166,55,5,0,32.00,25.00,4,6,6
23/2/18-14:30:1,132,76,168,49,5,3,33.00,24.00,6,7,7
23/2/18-14:31:2,131,78,203,56,7,2,32.00,25.00,6,7,7
23/2/18-14:32:3,131,79,160,51,6,2,33.00,24.00,4,5,7
23/2/18-14:33:4,130,80,177,54,6,3,33.00,24.00,3,4,6
23/2/18-14:34:5,132,79,172,58,5,0,33.00,24.00,4,6,6
23/2/18-14:35:6,130,79,170,55,7,1,33.00,24.00,4,6,6
23/2/18-14:36:6,131,77,165,58,5,1,33.00,24.00,4,7,7
23/2/18-14:37:7,130,75,186,83,5,2,33.00,24.00,4,7,7
23/2/18-14:38:8,133,79,186,61,4,0,33.00,24.00,5,7,7
23/2/18-14:39:9,132,79,154,52,5,2,34.00,24.00,5,7,7
23/2/18-14:40:10,132,78,193,70,5,1,33.00,24.00,3,5,7
23/2/18-14:41:11,131,75,162,46,5,3,33.00,24.00,3,5,7
23/2/18-14:42:12,131,78,164,55,5,2,31.00,24.00,5,7,7
23/2/18-14:43:13,131,78,180,78,5,2,33.00,24.00,5,7,7
23/2/18-14:44:14,131,76,176,61,7,1,33.00,24.00,4,6,7
23/2/18-14:45:15,131,74,149,47,7,4,33.00,24.00,4,6,7
23/2/18-14:46:16,133,77,169,57,6,3,33.00,24.00,3,5,8
23/2/18-14:47:17,132,77,163,56,9,1,33.00,24.00,3,4,7
23/2/18-14:48:18,132,77,167,58,4,1,33.00,24.00,4,6,6
23/2/18-14:49:19,130,73,162,43,6,2,33.00,24.00,4,6,6
23/2/18-14:50:20,133,78,166,63,6,4,33.00,23.00,2,3,7
23/2/18-14:51:21,132,82,171,57,5,1,33.00,23.00,2,4,7
23/2/18-14:52:22,130,78,163,55,4,1,33.00,24.00,4,6,6
23/2/18-14:53:23,132,75,162,48,5,2,33.00,24.00,5,6,6
23/2/18-14:54:24,134,78,170,60,6,3,33.00,24.00,3,5,8
23/2/18-14:55:25,133,79,172,62,6,3,33.00,24.00,3,6,9
23/2/18-14:56:26,130,81,169,55,6,1,33.00,24.00,4,6,6
23/2/18-14:57:27,133,79,158,54,7,3,33.00,24.00,4,6,6
23/2/18-14:58:28,132,78,161,56,5,1,33.00,24.00,2,3,3
23/2/18-14:59:29,132,79,155,54,4,0,33.00,24.00,2,4,4
23/2/18-15:0:30,132,74,150,47,7,3,33.00,24.00,3,5,5
23/2/18-15:1:31,133,79,154,52,5,1,33.00,24.00,3,5,5
23/2/18-15:2:32,132,76,177,58,4,2,33.00,24.00,4,6,7
23/2/18-15:3:33,134,79,153,53,5,2,33.00,23.00,4,6,7
23/2/18-15:4:34,132,74,156,46,6,4,33.00,24.00,3,5,5
23/2/18-15:5:35,133,79,169,53,6,3,32.00,24.00,3,5,5
23/2/18-15:6:36,133,81,177,54,5,2,34.00,24.00,4,6,6
23/2/18-15:7:37,133,78,182,78,5,2,33.00,23.00,4,5,5
23/2/18-15:8:38,130,74,157,48,5,2,33.00,24.00,4,7,7
23/2/18-15:9:39,132,79,154,53,6,0,33.00,24.00,4,7,7
23/2/18-15:10:40,133,78,172,71,6,1,33.00,24.00,4,5,8
23/2/18-15:11:41,133,79,165,60,5,1,33.00,24.00,4,5,9
23/2/18-15:12:42,131,75,157,45,5,2,33.00,24.00,2,4,4
23/2/18-15:13:43,133,77,161,50,5,3,33.00,24.00,2,4,4
23/2/18-15:14:44,134,78,182,67,5,1,33.00,24.00,4,6,9
23/2/18-15:15:45,132,77,157,52,6,4,33.00,23.00,4,7,9
23/2/18-15:16:46,132,75,166,60,5,3,33.00,24.00,4,7,9
23/2/18-15:17:47,134,77,186,57,7,3,33.00,24.00,4,7,9
23/2/18-15:18:48,133,78,180,55,5,2,33.00,24.00,3,6,7
23/2/18-15:19:49,133,77,174,59,5,1,33.00,23.00,3,6,8
23/2/18-15:20:50,131,74,162,45,6,2,33.00,23.00,4,6,8
23/2/18-15:21:51,134,77,178,62,7,4,33.00,24.00,4,6,8
23/2/18-15:22:52,132,77,196,55,6,2,33.00,24.00,5,7,9
23/2/18-15:23:53,132,76,177,64,6,4,33.00,24.00,5,7,9
23/2/18-15:24:54,135,74,181,60,5,2,33.00,24.00,4,5,5
23/2/18-15:25:55,134,77,159,52,5,2,33.00,23.00,4,5,5
23/2/18-15:26:56,131,81,157,52,5,1,33.00,24.00,4,5,5
23/2/18-15:27:57,130,75,160,53,6,1,33.00,24.00,4,5,5
23/2/18-15:28:58,133,77,171,58,6,3,33.00,24.00,4,6,6
23/2/18-15:29:59,134,79,170,55,5,2,33.00,24.00,4,6,6
23/2/18-15:31:0,132,77,152,53,6,3,33.00,24.00,4,5,5
23/2/18-15:32:1,131,73,167,56,7,3,33.00,24.00,4,5,5
23/2/18-15:33:2,134,77,163,51,5,0,32.00,24.00,4,6,6
23/2/18-15:34:3,133,78,149,53,5,0,34.00,24.00,3,5,5
23/2/18-15:35:4,133,76,171,59,5,3,33.00,24.00,4,6,7
23/2/18-15:36:5,131,72,177,50,8,4,33.00,24.00,4,6,7
23/2/18-15:37:6,133,78,206,60,7,3,31.00,24.00,3,4,5
23/2/18-15:38:7,135,77,160,50,7,2,33.00,24.00,3,4,5
23/2/18-15:39:8,133,78,172,54,5,2,33.00,24.00,4,6,6
23/2/18-15:40:9,132,74,188,50,5,2,33.00,24.00,5,7,7
23/2/18-15:41:10,134,77,170,62,6,2,33.00,24.00,4,6,6
23/2/18-15:42:11,132,77,210,81,6,1,33.00,24.00,4,7,7
23/2/18-15:43:12,132,76,181,57,7,3,33.00,24.00,4,7,10
23/2/18-15:44:13,131,73,156,46,6,4,33.00,23.00,4,7,10
23/2/18-15:45:14,132,77,171,53,7,1,33.00,24.00,4,6,7
23/2/18-15:46:15,132,76,180,61,5,1,33.00,23.00,4,7,8
23/2/18-15:47:16,133,77,163,55,6,3,33.00,24.00,5,8,9
23/2/18-15:48:17,131,73,162,47,6,2,33.00,24.00,5,8,9
23/2/18-15:49:18,133,76,175,59,6,2,33.00,24.00,5,7,8
23/2/18-15:50:19,133,77,162,52,5,3,33.00,24.00,5,7,8
23/2/18-15:51:20,134,76,179,98,7,3,33.00,24.00,5,7,7
23/2/18-15:52:21,132,73,163,52,6,3,33.00,23.00,5,7,7
23/2/18-15:53:22,132,75,166,56,6,3,33.00,23.00,4,7,7
23/2/18-15:54:23,133,78,170,66,5,3,33.00,23.00,4,6,6
23/2/18-15:55:24,133,76,162,69,8,2,33.00,24.00,4,6,8
23/2/18-15:56:25,133,78,174,70,6,2,33.00,23.00,4,6,8
23/2/18-15:57:26,134,78,171,53,5,2,33.00,24.00,4,7,7
23/2/18-15:58:27,130,76,165,54,5,1,33.00,24.00,4,7,7
23/2/18-15:59:28,133,72,148,44,5,3,33.00,24.00,4,6,6
23/2/18-16:0:29,133,75,171,60,7,2,33.00,23.00,4,6,6
23/2/18-16:1:30,132,76,198,59,8,3,33.00,24.00,4,6,8
23/2/18-16:2:31,134,76,163,55,7,3,33.00,24.00,4,5,7
23/2/18-16:3:32,132,73,190,50,5,2,33.00,23.00,5,7,7
23/2/18-16:4:33,134,73,164,52,6,3,32.00,24.00,5,7,7
23/2/18-16:5:34,134,77,182,69,6,1,33.00,23.00,3,6,6
23/2/18-16:6:35,134,76,177,76,7,2,33.00,24.00,4,6,8
23/2/18-16:7:36,132,72,166,48,6,3,33.00,24.00,3,5,7
23/2/18-16:8:37,134,77,162,57,6,1,33.00,24.00,4,6,8
23/2/18-16:9:38,132,77,184,62,6,2,33.00,24.00,5,7,8
23/2/18-16:10:39,133,78,178,75,7,3,33.00,24.00,5,8,9
23/2/18-16:11:40,133,74,156,44,5,3,33.00,24.00,3,5,9
23/2/18-16:12:41,133,76,209,109,5,1,33.00,24.00,3,5,9
23/2/18-16:13:42,133,78,179,62,5,2,33.00,23.00,2,3,5
23/2/18-16:14:43,133,76,155,56,6,1,33.00,23.00,3,4,5
23/2/18-16:15:44,133,74,171,48,5,2,33.00,23.00,4,7,8
23/2/18-16:16:45,134,76,174,54,6,3,33.00,23.00,4,7,8
23/2/18-16:17:46,133,77,166,61,6,1,33.00,24.00,3,4,7
23/2/18-16:18:47,132,76,197,65,8,2,33.00,24.00,3,4,7
23/2/18-16:19:48,133,74,169,49,6,4,33.00,24.00,3,4,8
23/2/18-16:20:49,133,76,166,61,7,1,33.00,24.00,4,5,9
23/2/18-16:21:50,134,76,178,55,7,3,33.00,23.00,4,6,7
23/2/18-16:22:51,132,75,171,56,6,1,33.00,23.00,4,6,7
23/2/18-16:23:52,133,77,193,60,5,1,33.00,24.00,4,6,6
23/2/18-16:24:53,135,76,173,67,7,3,33.00,23.00,4,6,6
23/2/18-16:25:54,134,76,163,56,5,3,33.00,23.00,5,6,9
23/2/18-16:26:55,132,70,167,53,6,3,33.00,24.00,5,6,9
23/2/18-16:27:56,133,76,197,68,5,1,33.00,23.00,5,10,10
23/2/18-16:28:57,134,75,170,64,7,2,33.00,23.00,5,9,9
23/2/18-16:29:58,132,70,170,68,7,4,33.00,23.00,5,10,11
23/2/18-16:30:59,134,75,192,59,7,3,33.00,24.00,4,9,10
23/2/18-16:32:0,135,75,183,93,4,0,33.00,23.00,4,12,13
23/2/18-16:33:1,133,72,148,43,7,2,33.00,23.00,4,12,13
23/2/18-16:34:2,135,73,161,52,5,3,33.00,23.00,4,7,9
23/2/18-16:35:3,135,76,183,56,5,3,34.00,22.00,4,7,9
23/2/18-16:36:4,135,76,169,55,6,3,34.00,22.00,4,8,11
23/2/18-16:37:5,134,72,161,44,6,3,33.00,23.00,4,8,11
23/2/18-16:38:6,134,76,184,63,7,3,32.00,23.00,4,6,12
23/2/18-16:39:7,134,75,172,56,7,2,33.00,23.00,5,7,13
23/2/18-16:40:8,135,78,160,58,6,3,33.00,23.00,5,8,10
23/2/18-16:41:9,132,72,153,49,5,2,33.00,23.00,5,8,10
23/2/18-16:42:10,135,75,163,56,7,3,33.00,23.00,5,10,13
23/2/18-16:43:11,134,75,162,58,7,3,33.00,23.00,5,10,15
23/2/18-16:44:12,133,70,171,47,6,4,33.00,23.00,4,7,8
23/2/18-16:45:13,136,77,178,56,5,2,33.00,23.00,4,7,8
23/2/18-16:46:14,134,75,227,98,5,0,33.00,23.00,4,7,7
23/2/18-16:47:15,134,74,171,55,5,3,33.00,23.00,4,7,7
23/2/18-16:48:16,134,72,174,57,6,3,33.00,23.00,6,8,12
23/2/18-16:49:17,135,77,178,60,7,2,34.00,22.00,6,8,12
23/2/18-16:50:18,134,76,174,57,5,2,33.00,23.00,5,8,10
23/2/18-16:51:19,135,75,177,59,6,3,34.00,22.00,5,8,12
23/2/18-16:52:20,135,73,160,47,5,2,34.00,22.00,4,5,7
23/2/18-16:53:21,135,74,170,58,5,3,34.00,22.00,4,5,7
23/2/18-16:54:22,134,76,181,65,5,1,34.00,22.00,3,5,8
23/2/18-16:55:23,136,75,177,60,7,4,34.00,22.00,3,5,8
23/2/18-16:56:24,133,71,183,53,5,3,34.00,22.00,5,6,6
23/2/18-16:57:25,135,75,178,59,7,3,34.00,22.00,5,6,6
23/2/18-16:58:26,136,76,179,63,5,3,34.00,22.00,4,7,10
23/2/18-16:59:27,135,75,189,83,5,3,33.00,23.00,4,7,10
23/2/18-17:0:28,134,75,175,63,6,1,33.00,23.00,4,5,5
23/2/18-17:1:29,135,75,188,64,8,3,33.00,23.00,4,5,5
23/2/18-17:2:30,135,76,177,69,5,3,33.00,23.00,5,7,10
23/2/18-17:3:31,135,72,160,48,8,3,33.00,23.00,5,7,10
23/2/18-17:4:32,135,76,170,58,6,1,34.00,22.00,5,7,8
23/2/18-17:5:33,135,76,176,56,7,2,35.00,22.00,5,7,8
23/2/18-17:6:34,136,76,163,57,5,2,34.00,22.00,3,6,8
23/2/18-17:7:35,135,73,164,48,4,3,34.00,22.00,3,6,8
23/2/18-17:8:36,137,76,170,57,7,4,32.00,22.00,4,7,7
23/2/18-17:9:37,136,76,163,55,6,2,34.00,22.00,4,7,7
23/2/18-17:10:38,134,77,165,56,5,2,34.00,22.00,4,5,5
23/2/18-17:11:39,136,72,160,45,5,3,34.00,22.00,4,5,5
23/2/18-17:12:40,135,76,186,62,5,1,34.00,22.00,4,6,6
23/2/18-17:13:41,136,78,174,59,4,1,34.00,22.00,4,6,6
23/2/18-17:14:42,137,74,166,55,7,4,34.00,22.00,1,4,6
23/2/18-17:15:43,133,71,165,49,7,2,34.00,22.00,1,4,6
23/2/18-17:16:44,136,75,178,62,5,3,34.00,22.00,3,5,7
23/2/18-17:17:45,136,75,172,71,6,0,34.00,22.00,3,5,8
23/2/18-17:18:46,137,76,168,58,6,3,34.00,22.00,4,5,7
23/2/18-17:19:47,137,72,167,52,4,2,34.00,22.00,4,5,7
23/2/18-17:20:48,135,75,183,68,6,1,34.00,22.00,3,5,5
23/2/18-17:21:49,134,75,183,71,6,1,34.00,22.00,3,5,5
23/2/18-17:22:50,135,75,172,61,8,2,34.00,22.00,6,16,20
23/2/18-17:23:51,135,75,195,63,4,0,34.00,22.00,6,16,20
23/2/18-17:24:52,136,76,170,56,7,3,34.00,22.00,5,7,7
23/2/18-17:25:53,137,71,165,50,6,3,34.00,22.00,5,7,7
23/2/18-17:26:54,137,75,171,60,5,1,34.00,22.00,3,5,6
23/2/18-17:27:55,135,76,172,59,5,1,34.00,22.00,3,5,8
23/2/18-17:28:56,136,75,165,56,4,0,34.00,22.00,4,5,5
23/2/18-17:29:57,135,76,172,68,5,1,34.00,22.00,4,5,5
23/2/18-17:30:58,136,74,179,68,7,2,34.00,22.00,4,7,8
23/2/18-17:31:59,137,75,160,51,5,2,34.00,22.00,4,6,8
23/2/18-17:33:0,135,72,160,45,5,3,34.00,22.00,4,5,7
23/2/18-17:34:1,137,75,172,55,6,3,34.00,21.00,4,5,7
23/2/18-17:35:2,136,77,175,64,4,0,34.00,22.00,4,7,9
23/2/18-17:36:3,135,75,183,54,5,2,34.00,22.00,4,7,8
23/2/18-17:37:4,136,72,169,52,5,2,34.00,22.00,5,7,7
23/2/18-17:38:5,137,77,182,58,4,1,33.00,22.00,5,7,7
23/2/18-17:39:6,136,74,188,66,7,4,34.00,22.00,5,8,10
23/2/18-17:40:6,135,75,167,55,5,1,34.00,21.00,5,8,10
23/2/18-17:41:7,136,73,179,60,5,1,34.00,22.00,5,7,8
23/2/18-17:42:8,137,74,162,55,7,4,34.00,22.00,5,7,8
23/2/18-17:43:9,138,75,179,58,7,3,34.00,22.00,5,6,7
23/2/18-17:44:10,137,77,178,54,6,2,34.00,22.00,5,6,7
23/2/18-17:45:11,135,72,165,48,6,2,34.00,22.00,4,8,10
23/2/18-17:46:12,136,74,175,59,7,4,34.00,22.00,4,8,10
23/2/18-17:47:13,138,74,165,54,7,3,0.00,0.00,4,7,7
23/2/18-17:48:14,138,73,171,49,5,1,34.00,22.00,5,7,7
23/2/18-17:49:15,137,75,164,60,7,4,34.00,21.00,5,8,9
23/2/18-17:50:16,137,75,181,66,7,1,34.00,21.00,5,8,9
23/2/18-17:51:17,137,77,175,56,7,3,34.00,22.00,6,10,12
23/2/18-17:52:18,136,72,162,49,8,3,34.00,22.00,6,9,11
23/2/18-17:53:19,137,75,178,58,6,2,34.00,22.00,5,7,7
23/2/18-17:54:20,137,75,167,62,7,2,34.00,22.00,5,7,7
23/2/18-17:55:21,136,75,169,56,6,1,34.00,22.00,2,5,5
23/2/18-17:56:22,137,77,186,73,6,3,34.00,22.00,3,6,6
23/2/18-17:57:23,137,75,167,52,6,3,34.00,22.00,3,4,4
23/2/18-17:58:24,137,76,185,72,5,2,34.00,22.00,3,4,4
23/2/18-17:59:25,135,71,166,46,7,3,34.00,22.00,5,7,12
23/2/18-18:0:26,139,76,181,56,7,3,34.00,21.00,5,7,12
23/2/18-18:1:27,139,75,174,60,6,2,35.00,22.00,4,7,13
23/2/18-18:2:28,138,76,170,56,6,3,34.00,21.00,4,7,12
23/2/18-18:3:29,136,70,155,42,8,3,34.00,21.00,4,6,7
23/2/18-18:4:30,138,74,181,81,6,2,33.00,22.00,4,6,7
23/2/18-18:5:31,138,74,169,61,6,1,34.00,21.00,4,7,10
23/2/18-18:6:32,137,75,169,58,5,3,34.00,22.00,4,7,10
23/2/18-18:7:33,138,71,161,44,6,3,34.00,22.00,3,4,6
23/2/18-18:8:34,139,74,190,72,7,2,34.00,21.00,3,4,6
23/2/18-18:9:35,138,73,179,66,6,2,35.00,20.00,3,4,4
23/2/18-18:10:36,137,75,175,68,6,1,35.00,20.00,3,4,4
23/2/18-18:11:37,137,70,169,65,7,3,34.00,21.00,4,5,7
23/2/18-18:12:38,138,74,183,58,7,1,34.00,21.00,4,5,7
23/2/18-18:13:39,138,74,170,55,6,2,0.00,0.00,4,8,14
23/2/18-18:14:40,137,75,190,78,6,3,34.00,21.00,4,8,17
23/2/18-18:15:41,140,70,154,47,7,4,34.00,21.00,3,6,7
23/2/18-18:16:42,139,74,165,55,6,3,34.00,21.00,3,6,7
23/2/18-18:17:43,137,74,169,55,6,2,34.00,21.00,3,5,8
23/2/18-18:18:44,138,75,167,59,6,1,35.00,20.00,3,5,8
23/2/18-18:19:45,140,72,178,54,7,3,34.00,21.00,3,4,4
23/2/18-18:20:46,139,75,167,58,5,0,35.00,20.00,3,4,4
23/2/18-18:21:47,138,75,169,57,6,3,34.00,21.00,3,5,5
23/2/18-18:22:48,138,71,149,46,5,3,34.00,21.00,3,5,5
23/2/18-18:23:49,140,75,161,55,5,1,35.00,20.00,3,5,5
23/2/18-18:24:50,138,73,182,66,5,2,35.00,20.00,3,5,5
23/2/18-18:25:51,139,73,167,54,7,2,35.00,20.00,4,7,11
23/2/18-18:26:52,138,70,155,47,8,2,35.00,20.00,4,7,11
23/2/18-18:27:53,141,75,167,56,6,2,35.00,20.00,4,7,7
23/2/18-18:28:54,140,75,161,52,6,3,35.00,20.00,4,7,7
23/2/18-18:29:55,139,74,174,67,5,1,35.00,20.00,4,5,5
23/2/18-18:30:56,137,69,149,42,6,3,34.00,21.00,4,5,5
23/2/18-18:31:57,141,75,160,54,6,3,34.00,21.00,4,5,6
23/2/18-18:32:58,139,73,157,53,7,2,35.00,20.00,3,5,6
23/2/18-18:33:59,140,75,176,76,5,3,35.00,20.00,4,7,8
23/2/18-18:35:0,140,70,163,47,7,4,35.00,20.00,4,7,8
23/2/18-18:36:1,142,73,162,54,7,2,35.00,20.00,4,5,5
23/2/18-18:37:2,140,75,159,56,5,1,35.00,20.00,4,5,5
23/2/18-18:38:3,139,74,161,57,5,1,35.00,20.00,4,5,7
23/2/18-18:39:4,140,71,156,46,5,2,35.00,20.00,4,5,7
23/2/18-18:40:5,140,75,179,58,5,0,35.00,20.00,3,6,7
23/2/18-18:41:6,141,74,161,55,7,3,35.00,20.00,5,7,8
23/2/18-18:42:7,141,72,166,56,6,3,35.00,20.00,3,5,5
23/2/18-18:43:8,139,70,174,57,7,3,35.00,20.00,3,5,5
23/2/18-18:44:9,141,73,173,73,8,1,35.00,20.00,6,8,10
23/2/18-18:45:10,140,73,163,59,7,1,35.00,20.00,5,7,9
23/2/18-18:46:11,140,69,163,46,7,3,35.00,20.00,4,6,6
23/2/18-18:47:12,141,74,171,61,7,3,35.00,20.00,4,6,6
23/2/18-18:48:13,140,74,171,65,5,0,35.00,20.00,6,8,8
23/2/18-18:49:14,141,73,173,63,9,1,35.00,20.00,6,8,8
23/2/18-18:50:15,139,70,161,51,7,1,35.00,20.00,4,6,6
23/2/18-18:51:16,142,74,175,62,7,2,34.00,20.00,4,6,6
23/2/18-18:52:17,140,73,162,63,6,1,35.00,20.00,4,5,5
23/2/18-18:53:18,141,72,168,59,8,1,35.00,20.00,4,5,5
23/2/18-18:54:19,143,70,150,46,5,2,35.00,20.00,5,6,6
23/2/18-18:55:20,141,75,170,52,7,3,35.00,20.00,5,6,6
23/2/18-18:56:21,141,74,163,59,6,3,35.00,20.00,5,6,6
23/2/18-18:57:22,141,74,169,55,4,0,35.00,20.00,5,6,6
23/2/18-18:58:23,141,70,157,44,7,3,35.00,20.00,5,6,6
23/2/18-18:59:24,143,75,173,86,5,2,35.00,20.00,5,6,6
23/2/18-19:0:25,142,74,165,55,6,1,35.00,20.00,6,7,8
23/2/18-19:1:26,140,74,169,59,7,1,35.00,20.00,6,7,8
23/2/18-19:2:27,141,71,157,48,6,2,35.00,20.00,6,8,9
23/2/18-19:3:28,143,74,167,54,7,3,35.00,20.00,6,8,9
23/2/18-19:4:29,141,73,177,56,6,2,35.00,20.00,6,7,10
23/2/18-19:5:30,141,75,170,54,7,2,35.00,20.00,6,7,10
23/2/18-19:6:31,140,74,174,60,6,1,35.00,20.00,5,10,11
23/2/18-19:7:32,142,73,165,59,8,2,35.00,19.00,5,10,11
23/2/18-19:8:33,140,75,166,59,7,2,35.00,20.00,6,7,7
23/2/18-19:9:34,142,78,179,65,7,3,35.00,19.00,6,7,7
23/2/18-19:10:35,142,74,163,54,7,3,35.00,19.00,4,6,9
23/2/18-19:11:36,143,76,169,55,7,2,35.00,19.00,4,6,11
23/2/18-19:12:37,140,71,164,53,6,2,35.00,19.00,5,6,6
23/2/18-19:13:38,141,72,161,53,7,1,35.00,20.00,5,6,6
23/2/18-19:14:39,143,75,157,53,6,3,36.00,19.00,4,5,6
23/2/18-19:15:40,142,75,168,64,7,3,35.00,19.00,5,5,6
23/2/18-19:16:41,141,70,151,45,7,3,35.00,19.00,5,7,8
23/2/18-19:17:42,140,73,161,55,6,1,34.00,20.00,5,7,8
23/2/18-19:18:43,141,74,165,59,6,2,35.00,19.00,5,6,6
23/2/18-19:19:44,141,74,175,70,6,3,35.00,20.00,5,7,7
23/2/18-19:20:45,141,71,162,46,6,4,35.00,20.00,5,7,7
23/2/18-19:21:46,142,73,161,53,6,1,35.00,20.00,5,7,7
23/2/18-19:22:47,141,71,159,56,5,1,35.00,19.00,5,7,7
23/2/18-19:23:48,141,73,187,62,7,4,35.00,19.00,5,7,7
23/2/18-19:24:49,142,71,154,43,6,2,35.00,19.00,5,6,7
23/2/18-19:25:50,142,73,166,56,4,2,35.00,19.00,5,6,7
23/2/18-19:26:51,143,72,174,56,5,3,35.00,19.00,3,4,4
23/2/18-19:27:52,142,72,161,58,8,4,35.00,19.00,4,5,5
23/2/18-19:28:53,143,69,147,44,6,3,35.00,19.00,5,7,7
23/2/18-19:29:54,144,72,182,68,6,3,36.00,18.00,5,7,7
23/2/18-19:30:55,140,73,160,56,6,1,35.00,19.00,4,6,7
23/2/18-19:31:56,142,74,169,54,6,2,35.00,19.00,4,6,7
23/2/18-19:32:57,142,72,170,54,6,3,36.00,18.00,3,5,5
23/2/18-19:33:58,144,73,161,58,7,3,35.00,19.00,3,5,5
23/2/18-19:34:59,143,73,159,58,5,3,35.00,19.00,4,7,8
23/2/18-19:36:0,142,70,155,49,7,2,35.00,19.00,4,7,8
23/2/18-19:37:1,142,72,158,55,5,1,35.00,19.00,3,4,4
23/2/18-19:38:2,143,73,166,52,6,4,38.00,18.00,3,4,4
23/2/18-19:39:3,144,72,149,51,6,2,36.00,18.00,4,6,6
23/2/18-19:40:4,143,69,160,47,9,5,36.00,18.00,4,6,6
23/2/18-19:41:5,143,72,151,51,7,2,36.00,18.00,5,6,6
23/2/18-19:42:6,143,72,156,55,7,3,36.00,18.00,5,6,6
23/2/18-19:43:7,143,73,161,57,6,2,36.00,18.00,4,5,5
23/2/18-19:44:8,143,69,147,44,7,4,35.00,19.00,4,5,5
23/2/18-19:45:9,144,72,159,55,7,2,35.00,19.00,3,6,6
23/2/18-19:46:10,142,73,169,60,5,1,36.00,18.00,4,6,6
23/2/18-19:47:11,142,72,161,55,7,2,35.00,19.00,3,4,4
23/2/18-19:48:12,141,70,148,44,5,2,35.00,19.00,3,4,4
23/2/18-19:49:13,143,74,163,60,5,2,36.00,18.00,4,5,5
23/2/18-19:50:14,142,73,160,55,5,1,35.00,19.00,4,6,6
23/2/18-19:51:15,144,72,162,56,7,1,35.00,19.00,4,6,6
23/2/18-19:52:16,145,70,150,45,6,3,36.00,18.00,4,6,6
23/2/18-19:53:17,144,74,173,68,4,0,36.00,18.00,4,5,5
23/2/18-19:54:18,144,73,166,59,7,1,35.00,19.00,4,5,5
23/2/18-19:55:19,143,70,156,51,7,3,35.00,19.00,4,6,6
23/2/18-19:56:20,145,72,164,54,4,2,36.00,18.00,4,6,6
23/2/18-19:57:21,144,73,166,58,5,1,37.00,18.00,4,5,7
23/2/18-19:58:22,143,73,171,53,6,1,35.00,19.00,3,4,4
23/2/18-19:59:23,143,69,149,48,7,2,35.00,19.00,4,6,6
23/2/18-20:0:24,144,73,164,54,7,3,35.00,19.00,4,6,6
23/2/18-20:1:25,143,71,152,54,5,2,36.00,20.00,3,5,5
23/2/18-20:2:26,142,71,176,63,6,1,35.00,19.00,3,4,4
23/2/18-20:3:27,144,71,154,48,5,3,35.00,19.00,4,6,7
23/2/18-20:4:28,143,72,166,56,5,3,35.00,19.00,4,6,7
23/2/18-20:5:28,143,70,157,50,5,3,35.00,19.00,3,4,6
23/2/18-20:6:29,143,72,160,54,6,2,35.00,19.00,3,5,6
23/2/18-20:7:30,142,69,160,62,5,2,35.00,19.00,3,4,5
23/2/18-20:8:31,144,76,184,69,5,2,37.00,18.00,3,4,5
23/2/18-20:9:32,143,72,161,51,5,0,35.00,19.00,3,5,6
23/2/18-20:10:33,143,73,162,58,5,1,37.00,18.00,3,5,6
23/2/18-20:11:34,142,70,152,45,5,2,36.00,18.00,3,6,7
23/2/18-20:12:35,145,73,165,51,5,3,35.00,19.00,3,6,7
23/2/18-20:13:36,144,72,167,55,4,0,37.00,18.00,3,4,6
23/2/18-20:14:37,144,72,177,65,7,1,37.00,18.00,3,4,6
23/2/18-20:15:38,143,72,167,52,6,3,36.00,18.00,5,8,8
23/2/18-20:16:39,145,73,160,51,7,3,37.00,18.00,5,8,8
23/2/18-20:17:40,144,72,167,52,5,1,37.00,18.00,5,6,7
23/2/18-20:18:41,142,69,154,45,7,2,37.00,18.00,5,6,7
23/2/18-20:19:42,144,73,182,70,6,3,37.00,18.00,3,5,5
23/2/18-20:20:43,144,73,168,51,5,1,37.00,18.00,3,5,5
23/2/18-20:21:44,144,72,161,56,8,1,36.00,18.00,4,6,7
23/2/18-20:22:45,144,69,159,46,6,3,36.00,18.00,4,6,7
23/2/18-20:23:46,145,78,172,58,7,3,35.00,18.00,5,6,7
23/2/18-20:24:47,144,73,163,53,7,4,37.00,18.00,5,6,7
23/2/18-20:25:48,143,73,173,56,6,2,37.00,18.00,4,5,5
23/2/18-20:26:49,143,69,161,46,5,2,37.00,18.00,4,5,5
23/2/18-20:27:50,145,74,162,52,6,1,37.00,18.00,4,6,6
23/2/18-20:28:51,144,72,163,58,8,2,37.00,18.00,4,6,6
23/2/18-20:29:52,142,72,159,54,8,1,36.00,19.00,4,6,6
23/2/18-20:30:53,143,69,155,56,6,2,37.00,18.00,4,6,6
23/2/18-20:31:54,145,73,162,54,7,3,37.00,18.00,5,8,8
23/2/18-20:32:55,143,72,166,56,7,3,37.00,18.00,4,7,7
23/2/18-20:33:56,144,74,167,60,7,3,37.00,18.00,4,7,7
23/2/18-20:34:57,144,71,160,50,6,2,37.00,18.00,4,7,7
23/2/18-20:35:58,146,72,174,63,7,3,37.00,18.00,4,6,6
23/2/18-20:36:59,144,72,162,54,7,4,37.00,18.00,4,5,5
23/2/18-20:38:0,145,71,162,69,6,3,37.00,18.00,5,6,6
23/2/18-20:39:1,143,71,164,55,8,1,37.00,18.00,5,6,6
23/2/18-20:40:2,144,72,167,55,7,2,37.00,18.00,4,7,7
23/2/18-20:41:3,144,72,167,54,7,3,37.00,18.00,4,7,7
23/2/18-20:42:4,143,70,167,57,6,3,37.00,18.00,6,7,7
23/2/18-20:43:5,145,72,162,51,7,1,35.00,19.00,6,7,7
23/2/18-20:44:6,144,72,187,88,7,3,37.00,18.00,5,6,7
23/2/18-20:45:7,144,72,160,51,6,1,37.00,18.00,5,5,5
23/2/18-20:46:8,145,70,152,54,5,3,37.00,18.00,5,6,6
23/2/18-20:47:9,144,72,159,54,6,1,37.00,18.00,5,6,6
23/2/18-20:48:10,144,73,178,57,5,3,37.00,18.00,6,7,7
23/2/18-20:49:11,144,73,169,58,6,2,37.00,18.00,6,7,7
23/2/18-20:50:12,144,70,166,46,6,2,37.00,18.00,4,6,6
23/2/18-20:51:13,145,72,165,57,7,2,37.00,18.00,4,6,6
23/2/18-20:52:14,144,74,165,63,5,1,37.00,18.00,6,8,8
23/2/18-20:53:15,144,79,157,55,6,3,37.00,18.00,6,8,8
23/2/18-20:54:16,144,72,165,59,7,1,37.00,18.00,4,11,11
23/2/18-20:55:17,145,72,168,61,8,1,37.00,18.00,4,10,10
23/2/18-20:56:18,145,73,162,56,5,2,37.00,18.00,4,6,6
23/2/18-20:57:19,144,70,161,48,7,2,37.00,18.00,5,7,7
23/2/18-20:58:20,146,72,160,53,7,2,37.00,18.00,5,7,7
23/2/18-20:59:21,143,73,163,54,6,3,37.00,18.00,5,7,7
23/2/18-21:0:22,144,73,162,54,6,3,37.00,18.00,5,8,8
23/2/18-21:1:23,145,72,163,53,6,2,37.00,18.00,5,8,8
23/2/18-21:2:24,144,72,162,54,6,1,37.00,18.00,5,7,7
23/2/18-21:3:25,145,73,172,59,6,3,37.00,18.00,6,7,7
23/2/18-21:4:26,144,70,153,47,7,4,37.00,18.00,4,6,7
23/2/18-21:5:27,146,74,160,50,7,3,36.00,18.00,4,6,7
23/2/18-21:6:28,144,72,160,51,5,1,37.00,18.00,5,8,8
23/2/18-21:7:29,144,72,160,54,6,3,37.00,18.00,5,8,8
23/2/18-21:8:30,144,69,154,50,5,3,37.00,18.00,5,7,7
23/2/18-21:9:31,144,73,162,55,5,2,37.00,18.00,5,7,7
23/2/18-21:10:32,144,74,171,55,5,2,37.00,18.00,5,7,9
23/2/18-21:11:33,146,74,167,54,5,2,37.00,18.00,5,7,9
23/2/18-21:12:34,145,71,178,49,7,3,37.00,18.00,6,9,9
23/2/18-21:13:35,146,73,178,55,7,3,37.00,18.00,6,9,9
23/2/18-21:14:36,145,74,168,61,7,2,37.00,18.00,6,9,9
23/2/18-21:15:37,145,72,174,63,4,0,37.00,18.00,6,9,9
23/2/18-21:16:38,146,70,152,48,5,2,37.00,18.00,5,6,6
23/2/18-21:17:39,146,72,168,65,7,2,37.00,18.00,5,6,6
23/2/18-21:18:40,145,73,168,62,6,3,37.00,18.00,6,7,7
23/2/18-21:19:41,144,72,173,62,5,2,37.00,18.00,6,7,7
23/2/18-21:20:42,145,72,176,67,7,4,37.00,18.00,5,6,6
23/2/18-21:21:43,146,72,165,59,7,4,37.00,18.00,5,6,6
23/2/18-21:22:44,146,72,170,56,7,1,37.00,18.00,5,6,6
23/2/18-21:23:45,142,69,164,62,6,2,37.00,17.00,5,6,6
23/2/18-21:24:46,146,73,168,53,7,2,37.00,18.00,4,6,7
23/2/18-21:25:47,144,72,178,62,5,2,38.00,18.00,5,7,8
23/2/18-21:26:48,146,73,165,55,6,3,38.00,18.00,4,7,7
23/2/18-21:27:49,144,69,153,46,9,3,37.00,18.00,4,7,7
23/2/18-21:28:50,147,72,176,60,7,1,36.00,18.00,4,6,6
23/2/18-21:29:51,144,74,169,57,6,1,37.00,18.00,4,6,6
23/2/18-21:30:52,144,71,167,54,5,1,38.00,18.00,3,5,5
23/2/18-21:31:53,145,69,160,44,6,3,37.00,18.00,3,5,5
23/2/18-21:32:54,144,72,164,56,6,1,37.00,18.00,5,7,7
23/2/18-21:33:55,145,74,163,52,7,3,37.00,18.00,5,7,7
23/2/18-21:34:56,144,72,178,62,7,0,37.00,18.00,5,8,8
23/2/18-21:35:57,145,70,157,46,6,2,37.00,17.00,5,8,8
23/2/18-21:36:58,145,72,163,58,5,1,37.00,18.00,6,8,10
23/2/18-21:37:59,145,73,173,62,7,2,37.00,17.00,6,8,10
23/2/18-21:39:0,146,74,167,59,7,3,38.00,17.00,5,8,8
23/2/18-21:40:1,145,70,159,45,7,3,37.00,17.00,5,8,8
23/2/18-21:41:2,145,71,178,58,7,2,37.00,18.00,6,9,9
23/2/18-21:42:3,145,73,176,58,9,3,38.00,18.00,7,9,9
23/2/18-21:43:4,146,70,156,46,7,3,37.00,18.00,6,7,7
23/2/18-21:44:5,147,74,166,57,6,2,38.00,17.00,6,7,7
23/2/18-21:45:6,145,72,173,62,10,1,38.00,18.00,7,10,10
23/2/18-21:46:7,147,73,165,53,6,2,38.00,17.00,7,10,10
23/2/18-21:47:8,145,69,166,46,5,1,38.00,18.00,6,9,11
23/2/18-21:48:9,146,75,182,56,5,1,38.00,17.00,6,9,11
23/2/18-21:49:10,144,72,170,61,6,1,38.00,18.00,6,7,7
23/2/18-21:50:11,145,70,148,42,7,3,37.00,18.00,6,7,7
23/2/18-21:51:12,144,72,163,54,7,2,37.00,17.00,6,10,11
23/2/18-21:52:13,147,73,170,59,9,1,37.00,17.00,6,10,11
23/2/18-21:53:14,145,74,167,57,4,1,37.00,18.00,6,10,11
23/2/18-21:54:15,146,69,150,45,5,2,37.00,17.00,6,10,11
23/2/18-21:55:16,146,73,169,52,6,2,37.00,17.00,5,8,9
23/2/18-21:56:17,146,74,170,62,5,2,37.00,17.00,5,8,10
23/2/18-21:57:18,145,74,165,63,6,2,38.00,18.00,4,6,7
23/2/18-21:58:19,147,71,153,44,7,3,37.00,18.00,4,6,7
23/2/18-21:59:20,146,73,186,57,7,2,37.00,17.00,4,6,7
23/2/18-22:0:21,146,73,164,56,7,3,37.00,18.00,5,6,7
23/2/18-22:1:22,146,73,168,57,8,3,37.00,18.00,6,6,6
23/2/18-22:2:23,145,74,166,51,6,3,37.00,18.00,6,6,6
23/2/18-22:3:24,147,75,164,54,8,3,37.00,18.00,6,7,8
23/2/18-22:4:25,145,74,172,56,6,0,37.00,18.00,5,7,8
23/2/18-22:5:26,145,71,171,51,7,3,37.00,17.00,5,7,9
23/2/18-22:6:27,147,74,181,53,6,1,37.00,18.00,5,7,9
23/2/18-22:7:28,147,73,174,56,8,4,38.00,17.00,6,10,11
23/2/18-22:8:29,144,72,189,64,9,1,38.00,18.00,6,10,11
23/2/18-22:9:30,144,71,158,55,6,2,38.00,18.00,6,9,11
23/2/18-22:10:31,146,74,166,57,7,3,38.00,18.00,5,8,10
23/2/18-22:11:32,147,72,176,74,6,2,37.00,18.00,6,8,10
23/2/18-22:12:33,144,73,169,61,7,1,37.00,17.00,6,8,10
23/2/18-22:13:33,145,69,152,45,6,1,37.00,17.00,7,10,10
23/2/18-22:14:34,146,75,172,54,7,2,37.00,18.00,7,10,10
23/2/18-22:15:35,145,74,196,74,5,0,37.00,18.00,9,15,19
23/2/18-22:16:36,145,75,164,56,7,3,38.00,18.00,9,17,20
23/2/18-22:17:37,146,72,171,55,9,1,38.00,17.00,10,15,18
23/2/18-22:18:38,147,74,170,56,7,3,37.00,18.00,10,14,16
23/2/18-22:19:39,146,72,168,57,8,3,38.00,18.00,8,11,14
23/2/18-22:20:40,145,71,159,46,6,3,38.00,17.00,8,11,14
23/2/18-22:21:41,147,73,170,57,7,0,38.00,17.00,12,18,18
23/2/18-22:22:42,144,72,169,58,8,2,38.00,17.00,12,18,18
23/2/18-22:23:43,146,69,173,54,9,1,38.00,17.00,12,17,17
23/2/18-22:24:44,146,73,172,55,7,1,38.00,17.00,12,17,17
23/2/18-22:25:45,146,72,168,56,7,1,38.00,17.00,9,13,13
23/2/18-22:26:46,147,74,170,57,9,4,38.00,17.00,9,12,12
23/2/18-22:27:47,146,69,173,52,8,3,38.00,17.00,12,16,17
23/2/18-22:28:48,146,74,177,62,8,2,37.00,18.00,12,16,17
23/2/18-22:29:49,146,74,175,60,10,4,38.00,17.00,11,17,17
23/2/18-22:30:50,146,69,179,61,10,5,38.00,18.00,11,17,17
23/2/18-22:31:51,146,72,182,61,8,1,38.00,17.00,12,19,20
23/2/18-22:32:52,147,70,165,48,8,2,38.00,17.00,12,19,20
23/2/18-22:33:53,147,74,184,68,10,3,38.00,18.00,10,15,18
23/2/18-22:34:54,145,73,180,61,9,2,38.00,17.00,10,15,17
23/2/18-22:35:55,145,69,169,51,11,2,38.00,18.00,10,15,16
23/2/18-22:36:56,147,72,169,57,8,0,37.00,18.00,10,15,16
23/2/18-22:37:57,147,73,204,70,9,0,38.00,18.00,8,12,12
23/2/18-22:38:58,145,73,181,54,11,3,38.00,18.00,8,11,11
23/2/18-22:39:59,147,69,180,48,9,3,38.00,18.00,8,12,12
23/2/18-22:41:0,146,72,176,60,9,3,38.00,18.00,8,12,12
23/2/18-22:42:1,145,74,174,59,7,0,38.00,18.00,8,13,14
23/2/18-22:43:2,146,69,166,58,8,4,38.00,17.00,8,13,14
23/2/18-22:44:3,147,74,175,58,8,2,38.00,18.00,5,7,8
23/2/18-22:45:4,147,72,173,57,9,1,38.00,18.00,6,7,9
23/2/18-22:46:5,146,73,171,53,8,3,38.00,17.00,4,5,5
23/2/18-22:47:6,145,70,163,44,7,3,38.00,18.00,4,5,5
23/2/18-22:48:7,147,74,171,63,7,3,38.00,18.00,5,8,8
23/2/18-22:49:8,147,74,178,64,7,3,38.00,18.00,5,7,8
23/2/18-22:50:9,144,73,175,57,7,3,38.00,17.00,5,7,7
23/2/18-22:51:10,145,70,175,50,7,4,38.00,18.00,5,7,7
23/2/18-22:52:11,147,74,174,56,9,3,37.00,17.00,5,9,9
23/2/18-22:53:12,148,72,175,70,9,1,38.00,17.00,6,9,9
23/2/18-22:54:13,147,71,157,46,9,4,38.00,17.00,5,9,11
23/2/18-22:55:14,145,73,188,66,7,2,38.00,18.00,5,9,11
23/2/18-22:56:15,145,75,165,54,6,0,39.00,17.00,6,8,9
23/2/18-22:57:16,144,73,207,68,7,2,38.00,18.00,6,9,9
23/2/18-22:58:17,146,71,163,54,4,1,38.00,18.00,5,8,9
23/2/18-22:59:18,146,75,173,55,9,4,38.00,18.00,5,8,9
23/2/18-23:0:19,146,72,168,53,8,1,38.00,17.00,6,8,9
23/2/18-23:1:20,145,72,179,72,6,2,38.00,17.00,6,9,10
23/2/18-23:2:21,148,72,169,57,7,3,38.00,17.00,5,11,12
23/2/18-23:3:22,147,74,171,66,6,3,37.00,17.00,5,10,10
23/2/18-23:4:23,146,74,158,52,6,3,37.00,17.00,5,6,6
23/2/18-23:5:24,146,72,158,53,6,1,38.00,17.00,5,6,6
23/2/18-23:6:25,146,72,169,61,5,0,37.00,17.00,4,8,8
23/2/18-23:7:26,144,72,163,55,5,1,37.00,17.00,4,8,8
23/2/18-23:8:27,144,68,152,43,7,2,38.00,17.00,6,8,8
23/2/18-23:9:28,148,73,165,56,6,0,38.00,17.00,6,8,8
23/2/18-23:10:29,147,70,176,53,7,3,37.00,17.00,4,6,6
23/2/18-23:11:30,147,74,166,54,8,3,38.00,17.00,4,6,6
23/2/18-23:12:31,147,69,169,52,6,3,38.00,17.00,4,5,5
23/2/18-23:13:32,146,74,188,73,6,3,37.00,17.00,4,5,5
23/2/18-23:14:33,147,76,173,62,6,3,38.00,18.00,3,5,7
23/2/18-23:15:34,147,71,164,55,7,1,38.00,18.00,3,5,7
23/2/18-23:16:35,147,72,173,55,9,1,37.00,18.00,2,3,3
23/2/18-23:17:36,148,71,164,57,8,3,38.00,17.00,2,3,3
23/2/18-23:18:37,147,72,179,63,7,1,37.00,17.00,2,2,4
23/2/18-23:19:38,147,69,155,46,7,1,37.00,17.00,2,2,4
23/2/18-23:20:39,147,73,166,54,7,4,37.00,17.00,2,4,4
23/2/18-23:21:40,146,72,171,62,6,1,38.00,17.00,2,4,4
23/2/18-23:22:41,146,72,178,65,6,2,38.00,17.00,2,3,3
23/2/18-23:23:42,147,70,148,43,7,4,38.00,17.00,2,3,3
23/2/18-23:24:43,146,77,171,55,6,2,38.00,17.00,2,3,3
23/2/18-23:25:44,146,72,168,53,6,1,37.00,17.00,2,3,3
23/2/18-23:26:45,146,72,159,55,6,1,37.00,17.00,2,3,4
23/2/18-23:27:46,146,68,160,46,7,2,38.00,17.00,2,3,4
23/2/18-23:28:47,148,71,163,52,7,1,37.00,17.00,2,3,3
23/2/18-23:29:48,145,71,167,53,6,1,37.00,17.00,2,3,3
23/2/18-23:30:49,146,73,169,59,6,1,38.00,17.00,2,4,4
23/2/18-23:31:50,148,69,159,50,6,4,37.00,17.00,2,4,4
23/2/18-23:32:51,148,72,180,52,8,3,37.00,17.00,2,4,5
23/2/18-23:33:52,148,74,162,51,7,3,37.00,17.00,2,4,5
23/2/18-23:34:53,146,70,163,52,7,4,37.00,17.00,1,2,2
23/2/18-23:35:54,148,71,158,44,7,4,38.00,17.00,1,2,2
23/2/18-23:36:55,148,71,170,58,9,1,37.00,17.00,2,3,3
23/2/18-23:37:56,148,72,172,54,8,1,37.00,17.00,3,4,4
23/2/18-23:38:57,147,71,154,44,6,2,37.00,17.00,2,3,3
23/2/18-23:39:58,149,73,179,67,6,2,37.00,17.00,2,3,3
23/2/18-23:40:59,147,70,166,50,8,1,38.00,17.00,2,3,3
23/2/18-23:42:0,149,72,174,62,7,0,38.00,17.00,2,3,3
23/2/18-23:43:1,146,69,162,47,8,1,38.00,17.00,0,2,3
23/2/18-23:44:2,147,72,170,57,6,0,37.00,17.00,1,3,4
23/2/18-23:45:3,148,73,174,58,7,3,38.00,17.00,2,4,5
23/2/18-23:46:4,148,71,165,52,8,3,38.00,17.00,2,3,4
23/2/18-23:47:5,145,69,155,44,5,3,37.00,17.00,2,4,5
23/2/18-23:48:6,147,74,167,55,8,3,37.00,17.00,2,4,5
23/2/18-23:49:7,147,71,169,55,8,1,38.00,17.00,2,3,5
23/2/18-23:50:8,148,73,176,57,6,1,37.00,17.00,2,3,5
23/2/18-23:51:9,147,69,157,47,8,3,38.00,17.00,2,5,5
23/2/18-23:52:10,149,73,179,54,7,2,37.00,17.00,2,5,5
23/2/18-23:53:11,146,72,176,61,9,2,37.00,17.00,2,3,3
23/2/18-23:54:12,147,73,177,66,8,3,38.00,17.00,2,4,4
23/2/18-23:55:13,147,71,182,56,8,4,37.00,17.00,1,1,1
23/2/18-23:56:14,147,75,168,53,8,3,37.00,17.00,2,2,2
23/2/18-23:57:15,145,70,174,59,8,1,37.00,17.00,0,3,3
23/2/18-23:58:16,146,72,174,60,6,3,37.00,17.00,0,3,3
23/2/18-23:59:17,147,73,193,69,8,3,38.00,17.00,2,4,4
