Hora,O3,NO2,CO,Humedad,Temperatura,P25,P10
28/2/18-0:0:4,147,67,143,51,6,2,39.00,17.00,3,5,5
28/2/18-0:1:5,149,69,157,64,8,3,39.00,17.00,3,5,5
28/2/18-0:2:6,147,67,147,56,7,3,40.00,18.00,1,1,1
28/2/18-0:3:7,146,66,144,58,5,1,39.00,17.00,2,2,2
28/2/18-0:4:8,148,66,136,53,6,4,39.00,17.00,1,2,2
28/2/18-0:5:9,148,67,157,61,6,0,39.00,17.00,1,2,2
28/2/18-0:6:10,148,67,151,60,7,3,39.00,17.00,2,4,4
28/2/18-0:7:11,148,67,156,61,8,5,39.00,17.00,2,3,3
28/2/18-0:8:12,147,66,146,53,7,1,39.00,17.00,2,3,3
28/2/18-0:9:13,145,67,153,61,7,2,39.00,17.00,2,3,3
28/2/18-0:10:14,148,68,159,64,6,2,39.00,17.00,3,4,5
28/2/18-0:11:15,148,67,151,69,8,4,39.00,17.00,3,3,4
28/2/18-0:12:16,145,65,142,49,7,4,39.00,17.00,2,2,2
28/2/18-0:13:17,147,68,160,59,7,2,39.00,17.00,2,2,2
28/2/18-0:14:18,147,67,149,62,7,4,39.00,17.00,1,3,3
28/2/18-0:15:19,146,67,150,60,7,2,40.00,17.00,1,3,3
28/2/18-0:16:20,146,67,149,51,10,0,40.00,17.00,2,3,3
28/2/18-0:17:21,147,69,152,58,5,2,40.00,17.00,2,3,3
28/2/18-0:18:22,145,68,157,66,7,0,40.00,17.00,1,2,2
28/2/18-0:19:23,147,63,153,59,5,1,41.00,17.00,1,2,2
28/2/18-0:20:24,145,66,156,59,5,1,40.00,17.00,0,2,2
28/2/18-0:21:25,147,67,161,61,6,1,41.00,17.00,0,2,2
28/2/18-0:22:26,147,69,157,59,6,1,40.00,17.00,2,4,4
28/2/18-0:23:27,148,65,143,50,7,3,40.00,17.00,2,4,4
28/2/18-0:24:28,147,69,150,56,6,2,39.00,17.00,2,3,3
28/2/18-0:25:29,145,68,153,61,7,1,40.00,17.00,1,2,2
28/2/18-0:26:30,146,70,158,58,7,3,40.00,17.00,1,2,2
28/2/18-0:27:31,146,65,147,50,6,2,40.00,17.00,1,2,2
28/2/18-0:28:32,147,66,165,71,9,1,40.00,17.00,2,3,3
28/2/18-0:29:33,148,69,162,60,5,0,40.00,17.00,2,3,3
28/2/18-0:30:34,149,68,159,62,7,3,40.00,17.00,2,2,2
28/2/18-0:31:35,146,66,159,58,6,3,40.00,17.00,2,2,2
28/2/18-0:32:36,147,68,163,62,6,2,39.00,17.00,2,4,4
28/2/18-0:33:37,148,70,157,58,8,4,39.00,17.00,2,4,4
28/2/18-0:34:38,147,68,156,61,7,1,40.00,17.00,2,2,2
28/2/18-0:35:39,145,66,156,57,7,2,39.00,17.00,2,2,2
28/2/18-0:36:40,146,66,157,64,10,1,40.00,17.00,1,2,2
28/2/18-0:37:41,146,69,156,57,7,2,40.00,17.00,1,2,2
28/2/18-0:38:42,148,67,158,64,9,1,40.00,17.00,2,3,3
28/2/18-0:39:43,145,65,145,49,7,2,40.00,17.00,2,3,3
28/2/18-0:40:44,146,69,149,59,8,4,40.00,17.00,2,3,4
28/2/18-0:41:45,144,66,150,59,6,1,40.00,17.00,2,3,4
28/2/18-0:42:46,147,69,151,61,6,3,40.00,17.00,0,1,1
28/2/18-0:43:47,147,68,155,65,5,2,40.00,17.00,0,1,1
28/2/18-0:44:48,147,67,161,62,6,2,40.00,17.00,2,4,4
28/2/18-0:45:49,147,67,155,71,7,2,40.00,17.00,2,3,3
28/2/18-0:46:50,144,65,143,51,6,2,40.00,17.00,2,3,3
28/2/18-0:47:51,148,67,149,59,7,2,40.00,17.00,2,3,3
28/2/18-0:48:52,147,67,154,59,6,2,41.00,17.00,2,4,4
28/2/18-0:49:53,147,66,157,57,8,2,40.00,17.00,1,4,4
28/2/18-0:50:54,147,67,147,53,6,4,40.00,17.00,1,2,2
28/2/18-0:51:55,145,66,161,62,7,1,40.00,17.00,1,2,2
28/2/18-0:52:56,147,67,154,59,8,3,40.00,17.00,2,3,3
28/2/18-0:53:57,147,66,160,62,8,3,40.00,17.00,1,3,3
28/2/18-0:54:58,146,66,151,51,9,2,40.00,17.00,2,4,4
28/2/18-0:55:59,148,67,155,57,6,3,39.00,17.00,2,4,4
28/2/18-0:57:0,149,69,159,61,8,3,40.00,17.00,2,4,4
28/2/18-0:58:1,145,67,150,56,7,2,40.00,17.00,2,4,4
28/2/18-0:59:2,147,64,147,50,9,2,40.00,17.00,2,3,3
28/2/18-1:0:3,145,68,157,58,8,1,40.00,17.00,2,3,3
28/2/18-1:1:4,147,67,152,59,8,3,40.00,17.00,2,3,3
28/2/18-1:2:4,145,69,157,60,8,2,41.00,17.00,2,3,3
28/2/18-1:3:5,148,65,145,48,9,3,41.00,17.00,2,3,3
28/2/18-1:4:6,148,67,155,61,8,1,41.00,17.00,2,3,3
28/2/18-1:5:7,146,68,161,62,8,1,41.00,17.00,3,5,5
28/2/18-1:6:8,148,69,161,61,8,1,41.00,17.00,3,5,5
28/2/18-1:7:9,148,71,169,64,9,2,41.00,17.00,2,3,3
28/2/18-1:8:10,147,68,181,81,11,3,41.00,17.00,2,3,3
28/2/18-1:9:11,146,68,159,63,10,1,41.00,17.00,2,4,4
28/2/18-1:10:12,149,65,154,55,12,5,41.00,17.00,2,4,4
28/2/18-1:11:13,146,69,163,60,11,3,41.00,17.00,3,5,5
28/2/18-1:12:14,146,67,170,72,14,1,43.00,17.00,3,5,5
28/2/18-1:13:15,144,67,166,65,14,2,41.00,17.00,4,5,5
28/2/18-1:14:16,145,65,154,53,11,3,41.00,17.00,4,5,5
28/2/18-1:15:17,148,69,164,66,13,2,41.00,17.00,1,3,3
28/2/18-1:16:18,145,69,160,62,12,2,41.00,17.00,1,3,3
28/2/18-1:17:19,147,68,168,69,13,3,41.00,17.00,2,3,3
28/2/18-1:18:20,147,65,159,55,12,4,41.00,17.00,2,3,3
28/2/18-1:19:21,147,67,163,61,14,0,41.00,17.00,2,3,4
28/2/18-1:20:22,149,69,173,85,13,2,41.00,17.00,2,3,4
28/2/18-1:21:23,144,67,159,65,10,1,41.00,17.00,2,4,4
28/2/18-1:22:24,147,66,173,66,8,0,41.00,17.00,2,4,4
28/2/18-1:23:25,147,69,172,63,9,2,40.00,17.00,3,4,4
28/2/18-1:24:26,145,69,170,61,10,3,41.00,18.00,3,4,4
28/2/18-1:25:27,146,67,165,66,11,2,40.00,18.00,2,3,3
28/2/18-1:26:28,147,66,163,59,11,2,40.00,17.00,3,4,4
28/2/18-1:27:29,149,68,161,61,12,1,40.00,17.00,2,3,3
28/2/18-1:28:30,147,69,161,62,11,3,40.00,17.00,3,3,3
28/2/18-1:29:31,147,68,161,71,10,0,40.00,17.00,2,3,3
28/2/18-1:30:32,147,69,163,62,10,3,40.00,17.00,3,4,4
28/2/18-1:31:33,148,73,158,61,11,2,40.00,17.00,4,6,6
28/2/18-1:32:34,146,69,158,61,12,2,40.00,17.00,4,5,5
28/2/18-1:33:35,148,66,149,56,10,4,40.00,17.00,4,5,5
28/2/18-1:34:36,147,68,158,63,9,1,41.00,17.00,4,5,5
28/2/18-1:35:37,148,69,159,65,11,4,41.00,17.00,4,6,6
28/2/18-1:36:38,146,70,169,71,8,2,40.00,17.00,3,5,5
28/2/18-1:37:39,148,67,154,58,10,3,41.00,17.00,4,6,6
28/2/18-1:38:40,148,68,186,90,14,4,40.00,17.00,4,6,6
28/2/18-1:39:41,146,68,171,65,12,1,41.00,17.00,4,6,6
28/2/18-1:40:42,147,68,165,65,13,3,41.00,17.00,3,5,5
28/2/18-1:41:43,145,66,155,54,10,3,41.00,17.00,3,4,4
28/2/18-1:42:44,146,69,167,65,14,4,41.00,17.00,3,4,4
28/2/18-1:43:45,149,68,166,67,15,1,40.00,17.00,4,5,5
28/2/18-1:44:46,146,70,169,67,14,2,41.00,17.00,4,5,5
28/2/18-1:45:47,146,67,155,53,13,3,41.00,17.00,5,7,9
28/2/18-1:46:48,148,68,167,67,15,1,41.00,17.00,5,7,9
28/2/18-1:47:49,146,68,162,64,15,3,41.00,17.00,4,4,4
28/2/18-1:48:50,147,70,162,65,12,3,41.00,17.00,4,5,5
28/2/18-1:49:51,148,65,154,49,11,3,41.00,17.00,4,6,7
28/2/18-1:50:52,148,69,164,71,12,1,41.00,17.00,4,6,7
28/2/18-1:51:53,148,69,166,64,13,3,41.00,17.00,2,3,3
28/2/18-1:52:54,148,69,161,66,12,0,42.00,17.00,3,4,4
28/2/18-1:53:55,145,67,153,53,12,3,41.00,17.00,3,5,5
28/2/18-1:54:56,149,70,178,70,11,0,41.00,17.00,3,5,5
28/2/18-1:55:57,145,70,172,64,11,2,41.00,17.00,4,6,7
28/2/18-1:56:58,147,68,168,66,13,1,41.00,17.00,4,6,7
28/2/18-1:57:59,146,69,164,67,13,1,41.00,17.00,2,4,4
28/2/18-1:59:0,147,67,164,64,12,1,41.00,17.00,3,5,5
28/2/18-2:0:1,146,69,176,65,12,2,41.00,17.00,4,7,7
28/2/18-2:1:2,147,66,158,56,13,4,41.00,17.00,4,7,7
28/2/18-2:2:3,149,69,164,67,15,1,41.00,17.00,3,5,5
28/2/18-2:3:4,147,69,171,66,14,3,42.00,17.00,3,5,5
28/2/18-2:4:5,145,71,165,65,14,3,42.00,17.00,3,5,5
28/2/18-2:5:6,147,66,158,60,13,2,42.00,17.00,3,5,5
28/2/18-2:6:7,146,73,165,70,13,2,41.00,17.00,4,7,7
28/2/18-2:7:8,147,71,176,76,12,0,42.00,17.00,4,7,7
28/2/18-2:8:9,146,69,166,67,16,4,42.00,17.00,3,5,5
28/2/18-2:9:10,144,69,159,61,13,2,43.00,17.00,3,5,5
28/2/18-2:10:11,148,71,168,66,12,2,42.00,17.00,4,6,8
28/2/18-2:11:12,148,70,180,80,10,0,42.00,17.00,3,5,7
28/2/18-2:12:13,147,71,171,75,10,1,41.00,17.00,6,8,10
28/2/18-2:13:14,146,66,157,63,10,2,41.00,17.00,6,8,10
28/2/18-2:14:15,147,69,168,71,10,1,39.00,17.00,5,7,8
28/2/18-2:15:16,148,68,178,69,11,3,39.00,18.00,4,7,7
28/2/18-2:16:17,144,69,172,72,8,2,39.00,18.00,3,4,4
28/2/18-2:17:18,146,66,165,54,9,3,39.00,18.00,3,4,4
28/2/18-2:18:19,147,68,169,62,9,1,38.00,18.00,4,5,5
28/2/18-2:19:20,147,68,190,73,9,2,39.00,18.00,4,5,5
28/2/18-2:20:21,147,69,167,69,9,1,38.00,18.00,3,4,4
28/2/18-2:21:22,146,68,179,64,9,3,38.00,18.00,3,4,4
28/2/18-2:22:23,149,71,166,65,10,3,39.00,17.00,2,3,3
28/2/18-2:23:24,146,68,173,67,9,2,39.00,17.00,1,2,2
28/2/18-2:24:25,149,69,165,71,9,0,39.00,17.00,4,4,4
28/2/18-2:25:26,149,69,163,61,9,3,39.00,17.00,4,4,4
28/2/18-2:26:27,145,68,163,63,10,1,39.00,17.00,3,5,6
28/2/18-2:27:28,146,69,168,63,8,0,39.00,17.00,3,5,6
28/2/18-2:28:29,146,67,152,53,9,3,39.00,17.00,3,5,6
28/2/18-2:29:30,147,70,161,60,9,1,39.00,17.00,3,5,6
28/2/18-2:30:31,149,68,159,60,8,0,40.00,17.00,2,3,5
28/2/18-2:31:32,148,68,158,61,10,1,39.00,17.00,2,4,6
28/2/18-2:32:33,146,68,154,57,9,3,39.00,17.00,2,3,4
28/2/18-2:33:34,148,69,169,61,11,3,39.00,17.00,2,3,4
28/2/18-2:34:35,145,69,179,70,9,0,40.00,17.00,3,4,4
28/2/18-2:35:36,151,68,168,61,9,2,41.00,16.00,3,4,4
28/2/18-2:36:37,145,66,162,54,11,2,41.00,16.00,2,3,3
28/2/18-2:37:38,147,69,175,66,11,4,41.00,16.00,2,3,3
28/2/18-2:38:39,145,68,174,63,11,2,41.00,16.00,3,4,7
28/2/18-2:39:40,147,67,174,63,12,1,40.00,17.00,3,4,7
28/2/18-2:40:41,146,68,164,53,9,2,40.00,17.00,3,4,5
28/2/18-2:41:42,150,70,170,60,12,4,40.00,17.00,3,4,5
28/2/18-2:42:43,147,70,173,64,11,2,41.00,17.00,3,4,4
28/2/18-2:43:44,149,69,172,70,12,3,40.00,17.00,3,4,4
28/2/18-2:44:45,148,67,159,51,10,2,41.00,17.00,3,5,5
28/2/18-2:45:46,149,70,169,57,13,3,42.00,16.00,3,5,5
28/2/18-2:46:47,149,66,166,61,13,1,41.00,17.00,4,6,9
28/2/18-2:47:48,150,71,166,68,13,2,41.00,17.00,4,6,9
28/2/18-2:48:49,149,71,153,49,11,4,42.00,16.00,3,5,5
28/2/18-2:49:50,150,70,161,59,12,3,41.00,17.00,3,5,5
28/2/18-2:50:51,149,69,173,67,11,2,42.00,17.00,3,5,6
28/2/18-2:51:52,147,69,161,60,9,1,42.00,17.00,3,5,6
28/2/18-2:52:53,148,69,167,58,11,2,42.00,17.00,4,5,9
28/2/18-2:53:54,149,70,166,59,9,1,42.00,17.00,4,5,9
28/2/18-2:54:55,145,69,159,60,10,1,41.00,17.00,4,6,6
28/2/18-2:55:56,146,66,148,51,10,3,42.00,16.00,4,6,6
28/2/18-2:56:57,150,70,162,61,11,3,41.00,17.00,4,8,9
28/2/18-2:57:58,150,68,161,61,12,4,41.00,17.00,3,7,8
28/2/18-2:58:59,146,69,163,61,10,2,41.00,17.00,4,8,8
28/2/18-3:0:0,147,69,153,50,9,3,41.00,17.00,4,8,8
28/2/18-3:1:1,148,68,163,60,13,3,41.00,17.00,3,5,6
28/2/18-3:2:2,146,67,165,61,10,1,41.00,17.00,3,5,6
28/2/18-3:3:3,145,70,167,61,10,1,41.00,17.00,4,7,7
28/2/18-3:4:4,149,67,152,50,10,4,41.00,17.00,4,7,7
28/2/18-3:5:4,147,70,170,62,9,0,41.00,17.00,3,4,4
28/2/18-3:6:5,147,69,167,66,9,2,41.00,17.00,3,4,4
28/2/18-3:7:6,147,68,156,59,7,3,41.00,17.00,4,7,8
28/2/18-3:8:7,149,66,150,51,8,3,40.00,17.00,4,7,8
28/2/18-3:9:8,148,69,156,61,8,0,39.00,17.00,2,5,7
28/2/18-3:10:9,150,68,158,59,9,3,39.00,17.00,2,6,8
28/2/18-3:11:10,148,67,159,62,8,1,39.00,17.00,3,5,5
28/2/18-3:12:11,147,64,151,49,11,2,39.00,17.00,4,6,6
28/2/18-3:13:12,146,67,162,64,10,1,39.00,17.00,4,5,6
28/2/18-3:14:13,149,69,168,67,11,3,39.00,17.00,4,6,7
28/2/18-3:15:14,148,68,165,68,11,1,39.00,17.00,3,7,8
28/2/18-3:16:15,146,71,162,60,10,3,39.00,17.00,4,8,9
28/2/18-3:17:16,145,68,162,62,10,1,39.00,17.00,5,8,8
28/2/18-3:18:17,147,67,155,51,9,1,39.00,17.00,5,8,8
28/2/18-3:19:18,149,68,161,59,12,4,39.00,17.00,5,8,8
28/2/18-3:20:19,149,69,160,62,14,4,40.00,17.00,5,8,8
28/2/18-3:21:20,146,71,164,60,12,0,39.00,17.00,3,6,6
28/2/18-3:22:21,147,70,157,51,13,3,40.00,17.00,4,7,7
28/2/18-3:23:22,150,68,160,60,13,1,40.00,17.00,4,7,8
28/2/18-3:24:23,145,67,165,65,12,1,41.00,17.00,4,7,9
28/2/18-3:25:24,146,65,151,50,11,3,42.00,16.00,4,7,7
28/2/18-3:26:25,149,70,164,58,11,3,41.00,16.00,4,7,7
28/2/18-3:27:26,146,68,159,62,11,2,41.00,17.00,5,7,7
28/2/18-3:28:27,147,68,158,60,13,4,41.00,17.00,3,6,6
28/2/18-3:29:28,144,65,156,71,12,2,42.00,16.00,4,6,6
28/2/18-3:30:29,150,69,162,61,13,3,41.00,16.00,4,6,6
28/2/18-3:31:30,149,69,158,60,9,0,42.00,16.00,5,8,9
28/2/18-3:32:31,150,70,162,62,12,4,42.00,16.00,5,8,8
28/2/18-3:33:32,148,67,147,51,10,2,42.00,16.00,4,7,7
28/2/18-3:34:33,150,68,155,59,10,1,42.00,16.00,4,7,7
28/2/18-3:35:34,148,68,166,65,11,1,42.00,16.00,5,7,7
28/2/18-3:36:35,149,69,159,61,14,2,42.00,16.00,5,7,7
28/2/18-3:37:36,147,69,157,61,13,3,42.00,16.00,5,6,6
28/2/18-3:38:37,148,69,162,64,12,1,42.00,16.00,5,6,6
28/2/18-3:39:38,149,75,175,74,13,3,42.00,16.00,3,8,8
28/2/18-3:40:39,147,68,162,63,13,1,42.00,16.00,4,8,8
28/2/18-3:41:40,148,70,158,50,11,3,42.00,16.00,5,8,8
28/2/18-3:42:41,146,69,165,65,13,2,42.00,16.00,5,8,8
28/2/18-3:43:42,149,69,167,71,13,1,42.00,16.00,3,5,7
28/2/18-3:44:43,146,70,175,73,13,1,41.00,17.00,3,5,7
28/2/18-3:45:44,149,71,164,60,11,2,41.00,17.00,5,8,9
28/2/18-3:46:45,146,70,167,66,11,1,40.00,17.00,5,8,9
28/2/18-3:47:46,149,71,169,62,13,3,41.00,16.00,4,8,11
28/2/18-3:48:47,149,68,156,53,12,4,40.00,17.00,4,8,11
28/2/18-3:49:48,146,68,164,62,12,1,40.00,17.00,5,8,10
28/2/18-3:50:49,148,71,162,58,13,2,40.00,17.00,5,7,10
28/2/18-3:51:50,146,69,160,60,13,2,42.00,16.00,5,11,12
28/2/18-3:52:51,150,69,158,60,14,1,40.00,17.00,5,11,12
28/2/18-3:53:52,148,71,158,60,12,3,40.00,17.00,4,7,9
28/2/18-3:54:53,149,67,160,64,12,4,40.00,17.00,4,7,9
28/2/18-3:55:54,150,69,158,58,13,1,41.00,16.00,4,9,9
28/2/18-3:56:55,148,69,156,60,11,3,42.00,16.00,4,9,9
28/2/18-3:57:56,148,69,158,64,13,1,42.00,16.00,4,8,8
28/2/18-3:58:57,148,67,151,55,13,1,43.00,16.00,4,8,8
28/2/18-3:59:58,150,70,159,62,14,2,42.00,16.00,3,8,8
28/2/18-4:0:59,146,68,164,63,12,1,42.00,16.00,3,8,8
28/2/18-4:2:0,147,67,169,56,8,1,42.00,16.00,4,7,7
28/2/18-4:3:1,147,70,175,72,9,3,41.00,17.00,4,7,7
28/2/18-4:4:2,148,69,175,76,8,2,40.00,17.00,5,8,8
28/2/18-4:5:3,147,69,168,75,6,0,39.00,17.00,5,8,8
28/2/18-4:6:4,147,67,154,55,6,0,38.00,17.00,7,9,12
28/2/18-4:7:5,149,70,166,66,10,3,38.00,17.00,7,9,12
28/2/18-4:8:6,150,69,162,62,10,1,38.00,17.00,6,8,9
28/2/18-4:9:7,149,68,156,53,9,2,38.00,17.00,6,8,9
28/2/18-4:10:8,146,70,167,64,8,2,39.00,17.00,7,10,10
28/2/18-4:11:9,148,70,163,68,9,3,39.00,17.00,7,11,11
28/2/18-4:12:10,148,67,159,63,9,1,38.00,17.00,5,9,12
28/2/18-4:13:11,148,66,163,57,8,2,38.00,17.00,5,8,9
28/2/18-4:14:12,149,67,164,65,11,1,38.00,17.00,8,12,13
28/2/18-4:15:13,147,69,165,65,11,2,39.00,17.00,8,12,12
28/2/18-4:16:14,149,66,152,50,13,5,40.00,16.00,4,11,11
28/2/18-4:17:15,149,68,166,81,14,1,40.00,16.00,4,11,11
28/2/18-4:18:16,150,69,176,68,11,3,39.00,17.00,7,11,13
28/2/18-4:19:17,148,68,169,68,14,3,39.00,17.00,8,12,14
28/2/18-4:20:18,148,71,168,64,13,1,39.00,17.00,8,11,11
28/2/18-4:21:19,149,71,174,65,14,3,39.00,17.00,7,9,9
28/2/18-4:22:20,148,68,167,66,13,1,39.00,17.00,7,12,12
28/2/18-4:23:21,151,69,160,60,13,1,39.00,17.00,7,12,12
28/2/18-4:24:22,146,68,158,58,13,3,39.00,17.00,8,12,13
28/2/18-4:25:23,146,69,165,59,14,1,40.00,16.00,8,12,13
28/2/18-4:26:24,147,67,154,55,15,3,40.00,16.00,9,13,13
28/2/18-4:27:25,150,71,169,67,14,0,41.00,16.00,9,13,13
28/2/18-4:28:26,147,69,166,60,16,3,41.00,17.00,8,12,18
28/2/18-4:29:27,148,70,176,66,16,3,40.00,17.00,8,12,18
28/2/18-4:30:28,145,68,165,62,17,1,41.00,16.00,9,13,15
28/2/18-4:31:29,150,69,164,60,19,2,40.00,17.00,9,13,15
28/2/18-4:32:30,146,70,165,61,18,2,40.00,17.00,7,12,14
28/2/18-4:33:31,146,67,155,53,16,2,40.00,17.00,7,12,14
28/2/18-4:34:32,146,70,166,62,18,2,40.00,17.00,9,13,17
28/2/18-4:35:33,149,69,164,59,20,3,40.00,17.00,9,13,17
28/2/18-4:36:34,146,73,169,63,21,1,41.00,17.00,9,16,18
28/2/18-4:37:35,148,67,158,54,17,2,42.00,16.00,8,15,17
28/2/18-4:38:36,148,71,166,59,21,2,41.00,17.00,7,11,12
28/2/18-4:39:37,147,70,168,61,22,0,42.00,16.00,7,10,12
28/2/18-4:40:38,145,70,165,61,21,2,41.00,17.00,7,11,11
28/2/18-4:41:39,148,65,155,48,18,1,41.00,17.00,7,11,11
28/2/18-4:42:40,146,68,172,64,24,1,40.00,17.00,7,11,11
28/2/18-4:43:41,146,69,171,65,23,2,41.00,17.00,8,11,11
28/2/18-4:44:42,146,71,162,62,24,3,41.00,17.00,7,11,11
28/2/18-4:45:43,147,69,166,61,23,5,41.00,17.00,7,11,11
28/2/18-4:46:44,149,70,165,59,23,3,41.00,17.00,8,12,12
28/2/18-4:47:45,150,73,163,59,23,1,41.00,17.00,7,11,11
28/2/18-4:48:46,148,69,167,60,24,3,44.00,16.00,7,9,11
28/2/18-4:49:47,150,69,167,62,23,3,43.00,16.00,7,9,11
28/2/18-4:50:48,148,70,181,69,20,2,42.00,16.00,8,10,10
28/2/18-4:51:49,146,64,156,49,16,3,42.00,16.00,8,10,10
28/2/18-4:52:50,147,71,168,59,21,2,40.00,17.00,5,8,8
28/2/18-4:53:51,148,71,168,58,23,3,41.00,17.00,5,8,8
28/2/18-4:54:52,145,69,164,57,22,3,41.00,17.00,7,10,11
28/2/18-4:55:53,149,71,164,57,22,2,41.00,17.00,7,10,11
28/2/18-4:56:54,148,70,182,73,23,2,41.00,17.00,7,12,12
28/2/18-4:57:55,147,71,181,78,20,2,41.00,17.00,7,11,11
28/2/18-4:58:56,147,67,162,50,20,4,41.00,17.00,6,10,10
28/2/18-4:59:57,151,69,167,60,26,1,41.00,17.00,5,9,9
28/2/18-5:0:58,149,69,171,60,24,0,41.00,17.00,7,12,13
28/2/18-5:1:59,147,69,164,63,24,2,42.00,16.00,8,12,13
28/2/18-5:3:0,149,70,166,58,23,2,44.00,16.00,7,10,13
28/2/18-5:4:1,146,69,168,59,24,2,41.00,17.00,7,10,12
28/2/18-5:5:1,150,69,167,62,28,1,41.00,17.00,8,11,11
28/2/18-5:6:2,150,71,157,49,25,3,42.00,16.00,8,11,11
28/2/18-5:7:3,149,72,181,73,25,2,42.00,16.00,6,8,11
28/2/18-5:8:4,148,70,166,59,25,1,42.00,16.00,6,8,10
28/2/18-5:9:5,151,69,177,66,25,3,42.00,16.00,6,12,13
28/2/18-5:10:6,146,68,159,55,22,2,41.00,17.00,6,12,13
28/2/18-5:11:7,148,69,163,59,22,2,42.00,16.00,4,7,7
28/2/18-5:12:8,150,71,174,69,20,2,42.00,16.00,5,7,8
28/2/18-5:13:9,151,69,167,65,18,1,41.00,17.00,5,7,8
28/2/18-5:14:10,148,69,159,55,12,3,42.00,16.00,6,8,9
28/2/18-5:15:11,146,69,171,60,12,2,40.00,17.00,6,9,11
28/2/18-5:16:12,147,68,168,60,14,1,40.00,17.00,6,9,11
28/2/18-5:17:13,149,68,152,50,8,3,41.00,17.00,7,11,11
28/2/18-5:18:14,148,71,173,71,10,3,40.00,17.00,7,11,11
28/2/18-5:19:15,151,69,176,67,10,0,41.00,17.00,7,9,13
28/2/18-5:20:16,149,69,172,69,9,0,41.00,16.00,7,10,15
28/2/18-5:21:17,147,69,159,55,9,2,40.00,17.00,6,9,9
28/2/18-5:22:18,149,69,161,59,10,0,42.00,16.00,6,9,9
28/2/18-5:23:19,147,68,159,55,10,2,41.00,16.00,6,9,9
28/2/18-5:24:20,149,67,154,51,10,4,41.00,16.00,6,9,9
28/2/18-5:25:21,146,68,169,54,11,3,41.00,16.00,8,10,10
28/2/18-5:26:22,150,69,156,57,10,0,42.00,16.00,8,10,10
28/2/18-5:27:23,149,68,158,56,12,1,42.00,16.00,6,7,7
28/2/18-5:28:24,148,66,149,48,9,2,42.00,16.00,6,7,7
28/2/18-5:29:25,147,69,160,57,8,3,41.00,16.00,6,8,10
28/2/18-5:30:26,149,69,160,56,10,3,42.00,16.00,6,8,10
28/2/18-5:31:27,150,68,157,57,13,3,40.00,17.00,4,6,6
28/2/18-5:32:28,150,66,149,47,12,3,41.00,16.00,4,6,6
28/2/18-5:33:29,149,67,164,62,13,2,41.00,16.00,6,8,8
28/2/18-5:34:30,147,68,159,58,13,1,42.00,16.00,6,8,8
28/2/18-5:35:31,149,71,161,59,13,4,42.00,16.00,5,8,8
28/2/18-5:36:32,148,66,152,47,14,3,42.00,16.00,5,8,8
28/2/18-5:37:33,148,70,163,61,12,0,42.00,16.00,4,5,7
28/2/18-5:38:34,149,70,161,56,13,2,42.00,16.00,4,5,7
28/2/18-5:39:35,149,72,155,56,12,2,42.00,16.00,6,8,9
28/2/18-5:40:36,146,68,157,55,12,2,42.00,16.00,6,8,9
28/2/18-5:41:37,150,69,153,54,11,3,42.00,16.00,6,8,8
28/2/18-5:42:38,147,68,156,58,12,2,42.00,16.00,6,7,7
28/2/18-5:43:39,146,67,149,48,12,2,42.00,16.00,6,7,8
28/2/18-5:44:40,150,69,162,55,11,4,42.00,16.00,6,7,8
28/2/18-5:45:41,148,68,160,57,14,2,41.00,17.00,5,6,6
28/2/18-5:46:42,148,68,155,57,12,2,41.00,17.00,5,6,6
28/2/18-5:47:43,148,67,149,49,10,3,42.00,16.00,5,6,6
28/2/18-5:48:44,151,69,159,57,10,0,42.00,15.00,5,6,6
28/2/18-5:49:45,149,69,166,59,11,3,41.00,17.00,6,9,13
28/2/18-5:50:46,151,69,161,57,11,1,42.00,16.00,6,8,11
28/2/18-5:51:47,149,68,159,52,10,2,42.00,16.00,6,9,9
28/2/18-5:52:48,148,69,164,55,12,3,42.00,16.00,6,9,9
28/2/18-5:53:49,149,68,155,61,14,1,42.00,16.00,5,14,14
28/2/18-5:54:50,148,66,153,53,13,3,43.00,16.00,5,14,14
28/2/18-5:55:51,151,69,167,59,15,3,42.00,16.00,5,6,6
28/2/18-5:56:52,148,69,162,58,14,1,43.00,16.00,5,5,5
28/2/18-5:57:53,147,69,161,57,14,0,43.00,16.00,5,8,11
28/2/18-5:58:54,147,69,151,49,13,2,43.00,16.00,5,8,11
28/2/18-5:59:55,149,71,157,57,15,3,43.00,16.00,5,6,6
28/2/18-6:0:56,149,68,160,55,15,1,43.00,16.00,5,7,7
28/2/18-6:1:57,149,69,158,58,12,3,43.00,16.00,4,6,6
28/2/18-6:2:58,152,66,149,47,11,3,44.00,16.00,4,6,6
28/2/18-6:3:59,149,68,163,55,13,0,44.00,16.00,6,6,6
28/2/18-6:5:0,149,69,164,61,12,1,44.00,16.00,6,7,7
28/2/18-6:6:1,149,68,160,57,13,1,44.00,16.00,5,6,6
28/2/18-6:7:2,149,68,164,54,14,4,44.00,16.00,6,7,7
28/2/18-6:8:3,150,70,159,56,12,0,44.00,16.00,6,9,9
28/2/18-6:9:4,148,70,159,59,12,3,44.00,16.00,5,8,8
28/2/18-6:10:5,149,68,155,51,9,2,44.00,16.00,6,9,9
28/2/18-6:11:6,151,70,158,55,11,3,44.00,16.00,6,9,9
28/2/18-6:12:7,151,68,160,58,14,1,43.00,17.00,5,8,9
28/2/18-6:13:8,149,70,160,57,14,3,44.00,16.00,6,8,8
28/2/18-6:14:9,148,67,153,51,13,2,44.00,16.00,6,8,9
28/2/18-6:15:10,147,68,160,58,15,3,45.00,16.00,6,8,9
28/2/18-6:16:11,148,67,160,58,14,3,44.00,16.00,5,6,9
28/2/18-6:17:12,149,68,158,59,17,2,44.00,16.00,5,6,9
28/2/18-6:18:13,149,67,156,54,15,1,45.00,16.00,7,10,13
28/2/18-6:19:14,147,70,165,56,17,3,44.00,16.00,7,10,13
28/2/18-6:20:15,150,70,164,64,17,1,44.00,16.00,7,10,10
28/2/18-6:21:16,150,71,168,66,19,2,44.00,16.00,7,10,10
28/2/18-6:22:17,150,68,157,56,16,3,44.00,16.00,7,9,10
28/2/18-6:23:18,148,70,163,56,20,3,44.00,16.00,8,10,11
28/2/18-6:24:19,149,69,168,71,22,1,45.00,16.00,7,10,11
28/2/18-6:25:20,149,69,169,59,23,3,44.00,16.00,7,10,11
28/2/18-6:26:21,149,70,165,69,23,4,45.00,16.00,6,9,9
28/2/18-6:27:22,151,68,171,69,23,1,44.00,17.00,6,9,9
28/2/18-6:28:23,148,67,160,61,22,2,44.00,17.00,8,16,17
28/2/18-6:29:24,147,68,165,62,19,2,44.00,17.00,8,15,16
28/2/18-6:30:25,151,68,162,59,20,3,43.00,16.00,8,10,12
28/2/18-6:31:26,150,69,156,48,18,4,42.00,17.00,8,10,12
28/2/18-6:32:27,148,69,167,60,18,0,42.00,16.00,8,13,16
28/2/18-6:33:28,147,69,178,68,16,1,41.00,17.00,9,13,16
28/2/18-6:34:29,149,71,179,63,16,0,42.00,16.00,6,9,11
28/2/18-6:35:30,148,70,168,56,18,3,42.00,16.00,6,9,11
28/2/18-6:36:31,149,70,172,64,19,5,42.00,16.00,7,10,11
28/2/18-6:37:32,147,68,166,61,17,3,42.00,16.00,7,10,11
28/2/18-6:38:33,146,65,158,54,17,2,42.00,16.00,6,10,12
28/2/18-6:39:34,149,69,163,56,18,3,42.00,16.00,6,10,12
28/2/18-6:40:35,146,67,167,62,18,1,43.00,16.00,6,8,8
28/2/18-6:41:36,149,70,167,56,16,1,42.00,16.00,6,9,9
28/2/18-6:42:37,149,66,163,58,17,2,41.00,17.00,5,9,10
28/2/18-6:43:38,146,67,167,62,16,1,42.00,16.00,5,9,10
28/2/18-6:44:39,151,68,164,60,19,2,40.00,17.00,6,12,13
28/2/18-6:45:40,147,65,156,52,18,2,41.00,16.00,6,11,11
28/2/18-6:46:41,148,68,173,65,21,2,41.00,16.00,7,10,12
28/2/18-6:47:42,148,68,168,58,21,1,40.00,17.00,6,9,11
28/2/18-6:48:43,151,65,170,61,22,3,41.00,16.00,7,8,12
28/2/18-6:49:44,150,64,152,49,20,4,41.00,16.00,7,8,12
28/2/18-6:50:45,148,69,174,60,22,3,40.00,17.00,7,10,12
28/2/18-6:51:46,148,70,161,59,20,2,40.00,16.00,7,11,12
28/2/18-6:52:47,150,65,171,70,21,2,39.00,17.00,6,9,9
28/2/18-6:53:48,149,67,169,60,25,1,39.00,17.00,6,9,9
28/2/18-6:54:49,151,67,169,58,25,1,40.00,16.00,5,9,9
28/2/18-6:55:50,149,68,176,61,28,4,40.00,16.00,5,8,8
28/2/18-6:56:51,146,64,155,51,26,2,41.00,16.00,6,7,9
28/2/18-6:57:52,149,66,162,57,29,1,41.00,16.00,7,8,10
28/2/18-6:58:53,150,68,166,58,31,1,40.00,16.00,7,10,11
28/2/18-6:59:54,149,67,171,69,29,1,41.00,16.00,7,10,11
28/2/18-7:0:55,150,68,164,57,31,1,41.00,16.00,7,12,13
28/2/18-7:1:55,149,69,163,56,31,3,40.00,16.00,7,12,13
28/2/18-7:2:56,148,70,162,58,31,3,41.00,16.00,8,10,10
28/2/18-7:3:57,149,65,161,62,29,2,41.00,16.00,8,10,10
28/2/18-7:4:58,149,69,169,61,33,2,41.00,16.00,7,9,11
28/2/18-7:5:59,151,71,163,56,32,2,41.00,16.00,7,9,11
28/2/18-7:7:0,150,67,170,65,33,4,41.00,16.00,7,10,12
28/2/18-7:8:1,150,67,168,63,34,1,41.00,16.00,7,10,12
28/2/18-7:9:2,151,68,163,56,35,2,41.00,16.00,6,8,8
28/2/18-7:10:3,148,69,165,60,34,3,41.00,16.00,6,8,8
28/2/18-7:11:4,149,67,164,70,31,2,41.00,16.00,6,8,8
28/2/18-7:12:5,150,68,168,60,38,1,41.00,16.00,6,8,8
28/2/18-7:13:6,151,68,168,57,38,3,42.00,16.00,6,8,10
28/2/18-7:14:7,150,68,166,59,39,1,40.00,17.00,7,9,10
28/2/18-7:15:8,148,67,153,49,35,3,40.00,17.00,6,11,12
28/2/18-7:16:9,150,68,167,62,40,1,41.00,16.00,6,11,12
28/2/18-7:17:10,147,68,174,63,39,1,41.00,16.00,5,7,9
28/2/18-7:18:11,148,67,162,59,41,1,41.00,16.00,5,8,9
28/2/18-7:19:12,147,66,154,49,37,2,41.00,16.00,6,10,11
28/2/18-7:20:13,148,68,163,59,41,3,41.00,16.00,6,10,11
28/2/18-7:21:14,149,69,166,63,43,1,41.00,16.00,6,10,11
28/2/18-7:22:15,149,70,169,62,41,2,41.00,16.00,5,9,10
28/2/18-7:23:16,148,67,150,48,35,3,41.00,16.00,7,11,11
28/2/18-7:24:17,148,69,163,56,38,0,41.00,16.00,7,11,11
28/2/18-7:25:18,151,69,158,57,39,2,41.00,16.00,8,12,12
28/2/18-7:26:19,149,67,156,60,36,1,41.00,16.00,8,12,12
28/2/18-7:27:20,150,68,154,48,34,3,41.00,16.00,8,12,12
28/2/18-7:28:21,149,70,162,61,37,2,41.00,16.00,8,12,12
28/2/18-7:29:22,149,68,164,59,37,2,41.00,16.00,8,11,13
28/2/18-7:30:23,149,66,155,48,33,2,41.00,16.00,8,11,13
28/2/18-7:31:24,150,68,162,55,36,1,41.00,16.00,7,11,11
28/2/18-7:32:25,149,69,162,64,35,3,41.00,16.00,7,11,11
28/2/18-7:33:26,151,65,156,48,32,4,41.00,16.00,8,10,10
28/2/18-7:34:27,152,69,164,56,35,0,41.00,16.00,8,10,10
28/2/18-7:35:28,148,68,164,60,33,0,41.00,16.00,9,12,13
28/2/18-7:36:29,150,70,160,61,34,2,41.00,16.00,9,12,13
28/2/18-7:37:30,148,69,161,60,33,2,41.00,16.00,9,13,14
28/2/18-7:38:31,150,69,157,58,33,2,41.00,16.00,9,13,14
28/2/18-7:39:32,146,67,164,63,32,1,41.00,16.00,8,12,15
28/2/18-7:40:33,151,67,159,57,27,4,41.00,16.00,8,12,15
28/2/18-7:41:34,150,69,165,63,29,4,41.00,16.00,8,11,13
28/2/18-7:42:35,150,69,162,65,25,1,42.00,16.00,8,11,13
28/2/18-7:43:36,146,67,160,62,27,1,42.00,16.00,6,11,14
28/2/18-7:44:37,150,67,162,57,28,3,41.00,16.00,6,11,14
28/2/18-7:45:38,147,75,159,60,26,1,40.00,17.00,7,9,9
28/2/18-7:46:39,149,67,156,55,26,4,41.00,16.00,7,9,9
28/2/18-7:47:40,147,69,167,63,28,3,41.00,16.00,8,11,12
28/2/18-7:48:41,150,70,170,58,26,0,42.00,16.00,8,11,12
28/2/18-7:49:42,149,69,161,59,28,1,42.00,16.00,8,12,12
28/2/18-7:50:43,151,66,154,56,26,4,41.00,16.00,8,12,12
28/2/18-7:51:44,151,70,160,56,30,3,41.00,16.00,8,11,11
28/2/18-7:52:45,147,68,159,56,29,0,41.00,16.00,8,11,11
28/2/18-7:53:46,147,68,161,57,33,4,41.00,16.00,7,9,9
28/2/18-7:54:47,149,66,150,51,31,3,41.00,16.00,7,9,9
28/2/18-7:55:48,149,68,163,59,36,2,41.00,16.00,7,10,10
28/2/18-7:56:49,148,69,167,65,36,2,41.00,16.00,8,11,11
28/2/18-7:57:50,150,69,165,60,37,0,41.00,16.00,6,9,10
28/2/18-7:58:51,148,68,154,47,34,1,41.00,16.00,6,9,10
28/2/18-7:59:52,151,71,172,66,39,2,41.00,16.00,8,11,11
28/2/18-8:0:53,149,71,166,59,39,1,42.00,16.00,8,11,11
28/2/18-8:1:54,150,71,163,64,40,3,42.00,16.00,8,9,11
28/2/18-8:2:55,148,69,161,51,34,0,41.00,16.00,8,9,11
28/2/18-8:3:56,149,68,162,58,39,3,41.00,16.00,8,14,17
28/2/18-8:4:57,148,70,162,61,36,2,42.00,16.00,9,14,17
28/2/18-8:5:58,150,66,157,53,36,5,41.00,16.00,8,14,14
28/2/18-8:6:59,151,70,165,61,38,0,41.00,16.00,8,14,14
28/2/18-8:8:0,147,70,166,62,40,4,42.00,16.00,10,14,22
28/2/18-8:9:1,146,68,152,51,35,3,42.00,16.00,11,15,23
28/2/18-8:10:2,148,68,165,58,42,3,42.00,16.00,10,16,16
28/2/18-8:11:3,147,70,166,60,42,3,42.00,16.00,10,16,16
28/2/18-8:12:4,149,66,157,53,39,4,41.00,16.00,10,17,17
28/2/18-8:13:5,152,69,165,59,46,1,41.00,16.00,10,17,17
28/2/18-8:14:6,148,68,167,59,45,1,42.00,17.00,10,12,15
28/2/18-8:15:7,150,71,163,60,44,3,42.00,16.00,11,14,16
28/2/18-8:16:8,149,70,160,58,44,3,42.00,16.00,9,17,18
28/2/18-8:17:9,147,70,173,59,43,2,42.00,16.00,9,16,19
28/2/18-8:18:10,149,69,164,59,46,2,41.00,16.00,10,15,24
28/2/18-8:19:11,149,69,165,59,43,3,42.00,16.00,10,15,24
28/2/18-8:20:12,151,71,162,58,41,1,42.00,16.00,11,18,21
28/2/18-8:21:13,150,67,161,64,38,2,42.00,16.00,11,18,21
28/2/18-8:22:14,149,68,165,61,44,1,40.00,16.00,10,16,19
28/2/18-8:23:15,149,68,166,64,43,1,42.00,16.00,10,16,19
28/2/18-8:24:16,149,66,151,46,37,3,42.00,16.00,10,15,16
28/2/18-8:25:17,149,69,161,58,41,1,42.00,16.00,10,15,16
28/2/18-8:26:18,150,69,162,62,39,4,42.00,16.00,10,15,16
28/2/18-8:27:19,149,70,164,60,39,3,42.00,16.00,9,14,16
28/2/18-8:28:20,146,66,154,58,34,2,42.00,16.00,14,24,29
28/2/18-8:29:21,148,71,167,64,36,2,41.00,16.00,14,25,30
28/2/18-8:30:22,148,67,157,53,33,2,41.00,16.00,16,26,26
28/2/18-8:31:23,151,71,172,66,39,2,40.00,17.00,16,26,26
28/2/18-8:32:24,150,67,181,66,33,3,41.00,16.00,14,23,23
28/2/18-8:33:25,148,70,173,63,37,0,41.00,16.00,14,23,23
28/2/18-8:34:26,147,70,177,69,40,2,40.00,17.00,15,23,24
28/2/18-8:35:27,149,71,173,60,39,1,41.00,16.00,15,23,24
28/2/18-8:36:28,151,70,166,59,41,2,40.00,17.00,17,24,26
28/2/18-8:37:29,146,66,175,60,35,2,40.00,17.00,16,23,25
28/2/18-8:38:30,147,67,158,52,37,3,38.00,17.00,14,24,26
28/2/18-8:39:31,148,68,172,62,36,3,40.00,17.00,14,27,29
28/2/18-8:40:32,150,71,167,59,40,1,41.00,16.00,13,23,28
28/2/18-8:41:33,149,68,165,59,40,1,41.00,16.00,13,23,28
28/2/18-8:42:34,149,69,171,63,44,5,40.00,17.00,13,21,23
28/2/18-8:43:35,151,71,171,63,44,3,40.00,17.00,13,21,23
28/2/18-8:44:36,150,70,167,85,40,3,41.00,16.00,12,24,25
28/2/18-8:45:37,151,71,172,62,40,3,40.00,17.00,12,24,26
28/2/18-8:46:38,149,69,167,62,41,2,40.00,17.00,11,18,22
28/2/18-8:47:39,148,68,157,54,36,5,40.00,17.00,11,18,22
28/2/18-8:48:40,150,69,175,65,38,1,39.00,17.00,11,20,22
28/2/18-8:49:41,145,68,175,63,37,2,39.00,17.00,11,19,21
28/2/18-8:50:42,150,68,159,49,33,3,40.00,16.00,11,17,20
28/2/18-8:51:43,149,70,181,67,39,4,39.00,17.00,11,17,20
28/2/18-8:52:44,149,68,166,60,35,1,39.00,17.00,10,15,16
28/2/18-8:53:45,146,66,166,67,29,2,40.00,17.00,10,16,18
28/2/18-8:54:46,150,71,169,66,30,0,39.00,17.00,10,17,18
28/2/18-8:55:47,150,68,170,66,28,3,39.00,17.00,11,17,18
28/2/18-8:56:48,150,69,178,73,27,2,39.00,17.00,11,23,25
28/2/18-8:57:49,148,68,177,77,34,1,39.00,17.00,11,22,26
28/2/18-8:58:49,147,70,174,61,31,3,40.00,16.00,13,20,25
28/2/18-8:59:50,147,67,160,48,27,3,39.00,17.00,13,20,25
28/2/18-9:0:51,149,70,174,66,28,2,39.00,17.00,11,16,17
28/2/18-9:1:52,150,67,164,50,27,3,39.00,17.00,11,16,17
28/2/18-9:2:53,149,69,169,64,24,2,39.00,17.00,11,20,22
28/2/18-9:3:54,148,65,155,49,23,2,39.00,17.00,11,20,23
28/2/18-9:4:55,149,68,193,76,24,3,39.00,17.00,11,24,25
28/2/18-9:5:56,147,70,171,64,24,2,39.00,17.00,10,22,23
28/2/18-9:6:57,150,70,160,64,21,4,39.00,17.00,10,15,16
28/2/18-9:7:58,146,69,158,59,17,1,39.00,17.00,11,16,18
28/2/18-9:8:59,146,65,149,47,16,2,39.00,17.00,8,12,15
28/2/18-9:10:0,151,68,161,55,18,1,39.00,17.00,8,12,15
28/2/18-9:11:1,147,71,160,57,15,3,38.00,17.00,11,16,19
28/2/18-9:12:2,148,70,160,64,14,3,38.00,17.00,10,17,20
28/2/18-9:13:3,149,67,151,48,11,3,38.00,17.00,10,16,17
28/2/18-9:14:4,147,68,153,56,10,1,38.00,17.00,10,16,17
28/2/18-9:15:5,148,67,153,63,10,3,38.00,17.00,7,9,11
28/2/18-9:16:6,148,69,158,60,9,3,38.00,17.00,7,9,11
28/2/18-9:17:7,149,68,167,60,9,3,38.00,17.00,8,11,13
28/2/18-9:18:8,148,71,155,55,9,3,38.00,17.00,8,11,13
28/2/18-9:19:9,146,69,163,66,9,1,38.00,18.00,6,9,10
28/2/18-9:20:10,147,69,190,73,9,1,38.00,18.00,6,9,10
28/2/18-9:21:11,148,69,156,53,9,3,38.00,18.00,6,8,8
28/2/18-9:22:12,149,69,156,55,10,1,38.00,18.00,6,8,8
28/2/18-9:23:13,146,66,149,55,11,2,38.00,18.00,6,8,8
28/2/18-9:24:14,146,68,166,55,14,2,38.00,18.00,7,9,9
28/2/18-9:25:15,147,67,160,61,12,3,39.00,18.00,8,10,10
28/2/18-9:26:16,151,70,169,73,10,2,38.00,17.00,8,11,11
28/2/18-9:27:17,146,66,151,48,9,3,38.00,18.00,8,12,15
28/2/18-9:28:18,147,68,164,62,13,2,38.00,17.00,8,12,15
28/2/18-9:29:19,146,68,158,59,11,1,38.00,18.00,8,14,14
28/2/18-9:30:20,149,69,168,67,13,3,38.00,18.00,8,13,13
28/2/18-9:31:21,149,67,154,55,11,3,38.00,18.00,7,11,11
28/2/18-9:32:22,148,70,167,67,11,3,38.00,18.00,7,11,11
28/2/18-9:33:23,147,69,165,63,9,0,38.00,18.00,8,12,12
28/2/18-9:34:24,145,69,155,60,11,1,38.00,18.00,9,12,12
28/2/18-9:35:25,148,67,158,68,11,4,38.00,18.00,10,13,14
28/2/18-9:36:26,146,70,170,73,13,2,38.00,18.00,10,13,14
28/2/18-9:37:27,148,68,172,68,15,0,38.00,18.00,8,13,13
28/2/18-9:38:28,149,70,172,61,17,3,38.00,18.00,8,13,13
28/2/18-9:39:29,148,70,173,69,16,0,38.00,18.00,12,20,23
28/2/18-9:40:30,145,69,164,63,17,1,38.00,18.00,11,20,23
28/2/18-9:41:31,149,66,147,47,10,4,38.00,18.00,16,27,30
28/2/18-9:42:32,147,70,190,94,12,3,38.00,18.00,17,28,31
28/2/18-9:43:33,149,66,154,49,12,4,38.00,18.00,18,26,30
28/2/18-9:44:34,145,67,165,68,13,3,38.00,18.00,18,26,30
28/2/18-9:45:35,147,67,176,80,11,2,38.00,18.00,19,30,36
28/2/18-9:46:36,146,68,167,69,13,1,38.00,18.00,19,30,36
28/2/18-9:47:37,146,68,167,77,13,2,38.00,18.00,17,33,37
28/2/18-9:48:38,144,68,161,63,13,2,39.00,18.00,17,32,36
28/2/18-9:49:39,147,67,162,58,12,1,38.00,18.00,16,30,31
28/2/18-9:50:40,146,68,160,58,15,2,38.00,18.00,16,30,31
28/2/18-9:51:41,144,67,162,59,12,2,37.00,19.00,16,25,28
28/2/18-9:52:42,147,69,160,55,15,0,38.00,18.00,16,25,28
28/2/18-9:53:43,145,67,151,58,12,3,38.00,18.00,14,25,29
28/2/18-9:54:44,147,66,162,63,14,2,38.00,18.00,16,27,32
28/2/18-9:55:45,148,68,186,111,15,3,38.00,18.00,15,29,32
28/2/18-9:56:46,147,68,180,68,17,4,38.00,18.00,15,29,32
28/2/18-9:57:47,144,69,191,74,17,3,36.00,19.00,16,28,30
28/2/18-9:58:48,146,70,186,104,19,3,38.00,18.00,16,28,30
28/2/18-9:59:49,149,68,161,57,19,3,37.00,19.00,18,29,33
28/2/18-10:0:50,145,70,187,69,21,2,37.00,19.00,18,29,33
28/2/18-10:1:51,147,64,177,56,18,3,37.00,19.00,16,21,22
28/2/18-10:2:52,145,71,190,63,23,3,37.00,19.00,16,21,22
28/2/18-10:3:53,145,71,181,69,23,3,38.00,18.00,15,22,25
28/2/18-10:4:54,146,67,154,57,17,2,37.00,19.00,15,22,25
28/2/18-10:5:55,144,68,175,63,17,2,37.00,19.00,16,26,30
28/2/18-10:6:56,143,74,237,111,21,1,38.00,18.00,16,26,30
28/2/18-10:7:57,147,72,207,79,23,2,37.00,19.00,16,24,33
28/2/18-10:8:58,145,69,176,64,25,3,38.00,19.00,16,24,33
28/2/18-10:9:59,146,70,166,66,20,1,37.00,19.00,13,22,22
28/2/18-10:11:0,144,68,170,70,20,1,37.00,19.00,13,22,22
28/2/18-10:12:1,145,70,178,66,19,3,37.00,19.00,15,23,28
28/2/18-10:13:2,145,72,184,92,18,2,37.00,20.00,15,23,28
28/2/18-10:14:3,145,69,170,61,14,1,37.00,19.00,12,24,26
28/2/18-10:15:4,144,69,172,71,14,3,36.00,19.00,13,24,27
28/2/18-10:16:5,144,70,174,66,15,2,37.00,19.00,13,22,25
28/2/18-10:17:6,147,70,188,84,17,3,37.00,19.00,14,22,27
28/2/18-10:18:7,146,72,215,97,16,0,37.00,20.00,13,22,28
28/2/18-10:19:8,147,70,184,78,18,3,37.00,20.00,13,22,28
28/2/18-10:20:9,146,69,175,62,18,4,37.00,20.00,12,17,19
28/2/18-10:21:10,146,70,178,71,17,3,37.00,20.00,12,17,19
28/2/18-10:22:11,144,69,187,78,16,1,37.00,20.00,11,15,17
28/2/18-10:23:12,144,70,171,62,16,4,37.00,20.00,11,15,17
28/2/18-10:24:13,143,69,182,76,17,2,37.00,20.00,14,23,25
28/2/18-10:25:14,145,70,177,77,17,2,37.00,20.00,14,22,24
28/2/18-10:26:15,146,69,176,67,12,4,37.00,20.00,12,21,24
28/2/18-10:27:16,145,69,171,62,12,3,37.00,19.00,12,21,24
28/2/18-10:28:17,143,67,163,55,10,3,36.00,20.00,14,21,24
28/2/18-10:29:18,143,68,174,68,13,1,36.00,19.00,14,21,24
28/2/18-10:30:19,146,70,182,85,15,3,36.00,20.00,13,19,24
28/2/18-10:31:20,144,70,169,66,11,1,36.00,20.00,13,19,24
28/2/18-10:32:21,143,70,173,67,11,2,36.00,20.00,13,21,25
28/2/18-10:33:22,142,70,167,61,11,2,36.00,20.00,13,19,24
28/2/18-10:34:23,144,69,176,62,10,2,36.00,20.00,13,19,21
28/2/18-10:35:24,142,68,179,67,10,1,36.00,19.00,13,19,21
28/2/18-10:36:25,145,69,168,67,12,1,36.00,20.00,9,12,13
28/2/18-10:37:26,145,68,173,62,11,3,36.00,20.00,9,12,13
28/2/18-10:38:27,144,69,169,54,10,3,36.00,19.00,9,19,23
28/2/18-10:39:28,142,67,163,59,8,0,36.00,20.00,8,19,23
28/2/18-10:40:29,145,69,177,69,13,2,35.00,20.00,11,15,18
28/2/18-10:41:30,145,68,173,75,11,3,36.00,20.00,11,15,18
28/2/18-10:42:31,142,69,188,86,10,1,36.00,20.00,12,16,19
28/2/18-10:43:32,145,70,175,67,10,3,36.00,20.00,12,16,19
28/2/18-10:44:33,144,69,163,63,10,1,36.00,20.00,10,15,20
28/2/18-10:45:34,146,68,172,67,13,4,36.00,20.00,10,15,21
28/2/18-10:46:35,142,67,146,49,10,2,36.00,20.00,10,17,18
28/2/18-10:47:36,145,68,169,62,11,1,36.00,20.00,10,17,18
28/2/18-10:48:37,144,70,180,83,9,2,36.00,20.00,8,12,14
28/2/18-10:49:38,142,68,173,79,8,1,36.00,20.00,8,13,16
28/2/18-10:50:39,142,65,148,52,9,2,36.00,20.00,11,17,19
28/2/18-10:51:40,142,69,163,67,9,3,36.00,20.00,11,17,19
28/2/18-10:52:41,143,67,152,58,8,2,36.00,20.00,10,16,18
28/2/18-10:53:42,143,67,153,55,8,3,36.00,20.00,10,16,18
28/2/18-10:54:43,142,70,169,75,8,2,36.00,20.00,11,17,18
28/2/18-10:55:44,144,68,158,64,9,3,36.00,20.00,11,17,19
28/2/18-10:56:45,146,69,184,68,8,2,36.00,20.00,11,20,20
28/2/18-10:57:46,144,68,156,63,9,1,35.00,21.00,11,20,20
28/2/18-10:58:47,143,69,169,63,8,1,36.00,20.00,12,21,21
28/2/18-10:59:48,144,71,199,117,9,2,36.00,20.00,12,20,20
28/2/18-11:0:49,143,66,146,48,7,3,36.00,20.00,13,20,21
28/2/18-11:1:50,143,69,161,62,9,3,36.00,20.00,13,20,21
28/2/18-11:2:51,145,69,179,71,10,2,36.00,20.00,15,23,25
28/2/18-11:3:52,145,69,159,62,8,2,36.00,20.00,15,22,24
28/2/18-11:4:53,142,67,159,61,8,3,36.00,20.00,14,22,25
28/2/18-11:5:53,143,69,157,53,8,3,36.00,20.00,15,24,26
28/2/18-11:6:54,144,68,153,59,8,1,36.00,20.00,13,17,20
28/2/18-11:7:55,141,67,175,67,10,1,36.00,20.00,13,18,20
28/2/18-11:8:56,145,70,163,63,8,2,36.00,20.00,14,19,22
28/2/18-11:9:57,147,68,186,66,7,2,36.00,20.00,14,19,22
28/2/18-11:10:58,144,67,156,59,9,1,36.00,20.00,16,20,22
28/2/18-11:11:59,144,68,154,59,10,1,59.00,20.00,16,20,22
28/2/18-11:13:0,145,70,171,72,10,3,36.00,20.00,14,24,24
28/2/18-11:14:1,143,71,159,62,7,2,36.00,20.00,14,24,24
28/2/18-11:15:2,144,69,156,61,9,2,35.00,21.00,15,21,23
28/2/18-11:16:3,143,67,158,58,8,2,35.00,21.00,15,21,22
28/2/18-11:17:4,142,69,186,86,10,3,35.00,20.00,18,24,24
28/2/18-11:18:5,143,68,182,68,9,2,35.00,21.00,18,24,24
28/2/18-11:19:6,140,68,169,77,8,1,36.00,20.00,17,22,24
28/2/18-11:20:7,143,68,166,74,8,2,36.00,20.00,17,22,24
28/2/18-11:21:8,141,68,153,64,8,3,36.00,20.00,18,30,31
28/2/18-11:22:9,145,68,164,73,9,3,36.00,20.00,18,30,31
28/2/18-11:23:10,144,66,175,87,10,3,36.00,20.00,17,27,28
28/2/18-11:24:11,144,68,189,79,9,1,36.00,20.00,17,27,28
28/2/18-11:25:12,143,68,174,71,10,3,36.00,21.00,17,27,28
28/2/18-11:26:13,142,70,200,84,10,2,36.00,20.00,17,27,28
28/2/18-11:27:14,144,69,175,72,11,2,36.00,20.00,14,24,27
28/2/18-11:28:15,142,69,167,62,8,1,35.00,21.00,14,24,27
28/2/18-11:29:16,145,70,164,60,8,3,36.00,20.00,17,23,27
28/2/18-11:30:17,143,69,183,72,10,1,36.00,20.00,17,23,27
28/2/18-11:31:18,142,71,167,56,7,1,35.00,21.00,18,24,30
28/2/18-11:32:19,140,69,162,58,8,1,36.00,20.00,18,24,30
28/2/18-11:33:20,143,72,175,63,8,2,34.00,21.00,17,26,26
28/2/18-11:34:21,140,67,173,63,8,1,35.00,21.00,17,26,26
28/2/18-11:35:22,144,71,177,67,10,3,35.00,20.00,16,27,29
28/2/18-11:36:23,142,71,197,103,8,3,35.00,21.00,16,26,27
28/2/18-11:37:24,143,66,166,65,6,1,36.00,20.00,17,30,35
28/2/18-11:38:25,140,70,171,69,8,1,36.00,21.00,17,30,35
28/2/18-11:39:26,140,69,166,63,9,1,35.00,21.00,18,25,33
28/2/18-11:40:27,142,70,161,60,8,3,36.00,20.00,18,25,33
28/2/18-11:41:28,139,67,168,67,9,2,36.00,20.00,15,19,20
28/2/18-11:42:29,141,69,171,65,9,3,36.00,20.00,15,19,20
28/2/18-11:43:30,140,69,177,70,8,0,36.00,20.00,15,23,26
28/2/18-11:44:31,143,70,169,65,9,3,36.00,20.00,15,23,26
28/2/18-11:45:32,139,69,190,79,9,1,35.00,21.00,15,23,25
28/2/18-11:46:33,143,67,166,51,8,3,35.00,21.00,15,23,25
28/2/18-11:47:34,142,70,162,62,8,1,36.00,20.00,16,22,25
28/2/18-11:48:35,142,71,176,84,8,3,36.00,20.00,15,22,24
28/2/18-11:49:36,139,70,170,66,9,1,35.00,21.00,17,26,27
28/2/18-11:50:37,143,71,161,59,8,3,35.00,21.00,17,25,26
28/2/18-11:51:38,139,70,157,68,8,1,35.00,21.00,17,23,24
28/2/18-11:52:39,141,67,182,62,8,3,35.00,21.00,17,23,24
28/2/18-11:53:40,140,71,185,81,8,1,35.00,21.00,17,24,24
28/2/18-11:54:41,142,69,188,64,7,3,35.00,21.00,17,23,23
28/2/18-11:55:42,143,71,191,90,8,3,35.00,21.00,17,24,24
28/2/18-11:56:43,141,70,185,75,7,2,35.00,21.00,17,24,24
28/2/18-11:57:44,140,68,145,52,8,2,35.00,21.00,17,28,32
28/2/18-11:58:45,141,68,176,78,7,3,35.00,21.00,17,27,31
28/2/18-11:59:46,139,69,169,71,9,2,35.00,21.00,16,25,30
28/2/18-12:0:47,139,67,152,58,8,4,35.00,21.00,16,25,30
28/2/18-12:1:48,143,72,186,77,10,2,34.00,21.00,17,22,22
28/2/18-12:2:49,138,69,174,59,10,2,35.00,22.00,17,22,22
28/2/18-12:3:50,142,71,158,59,9,3,35.00,22.00,16,22,24
28/2/18-12:4:51,141,67,164,49,6,3,35.00,21.00,16,22,24
28/2/18-12:5:52,141,71,155,56,5,1,35.00,21.00,14,19,20
28/2/18-12:6:53,140,68,142,50,8,4,35.00,21.00,14,20,21
28/2/18-12:7:54,142,71,191,71,6,1,34.00,21.00,14,21,21
28/2/18-12:8:55,139,70,199,83,8,1,35.00,22.00,14,21,21
28/2/18-12:9:56,140,70,156,57,6,3,35.00,21.00,12,18,20
28/2/18-12:10:57,141,67,176,69,6,3,35.00,21.00,12,18,20
28/2/18-12:11:58,139,69,165,70,7,1,35.00,21.00,12,16,16
28/2/18-12:12:59,143,69,180,90,7,3,35.00,21.00,12,18,18
28/2/18-12:14:0,141,70,149,58,6,3,35.00,21.00,12,19,22
28/2/18-12:15:1,138,68,191,66,8,2,35.00,21.00,12,19,22
28/2/18-12:16:2,140,69,193,75,9,1,36.00,20.00,13,17,19
28/2/18-12:17:3,140,69,149,61,5,2,35.00,21.00,12,17,19
28/2/18-12:18:4,140,68,160,65,8,1,35.00,21.00,14,19,19
28/2/18-12:19:5,141,68,178,75,8,1,35.00,21.00,14,18,18
28/2/18-12:20:6,140,66,160,49,7,2,35.00,21.00,13,18,18
28/2/18-12:21:7,139,70,169,86,6,1,35.00,22.00,13,18,18
28/2/18-12:22:8,142,70,164,64,7,2,35.00,21.00,12,15,15
28/2/18-12:23:9,138,70,169,85,6,1,35.00,21.00,11,15,16
28/2/18-12:24:10,141,68,150,51,7,3,35.00,22.00,12,15,19
28/2/18-12:25:11,141,70,155,60,7,2,35.00,21.00,12,15,19
28/2/18-12:26:12,142,69,155,59,7,2,35.00,22.00,12,16,18
28/2/18-12:27:13,140,70,173,61,6,2,35.00,22.00,12,16,18
28/2/18-12:28:14,142,67,155,56,5,3,35.00,22.00,10,14,16
28/2/18-12:29:15,141,69,169,58,8,2,35.00,21.00,10,14,16
28/2/18-12:30:16,137,68,149,59,5,1,35.00,21.00,9,12,13
28/2/18-12:31:17,140,67,167,58,6,5,35.00,21.00,9,12,13
28/2/18-12:32:18,139,69,170,64,5,2,35.00,22.00,8,12,13
28/2/18-12:33:19,143,70,167,68,4,1,35.00,22.00,9,13,14
28/2/18-12:34:20,142,66,153,51,6,3,35.00,22.00,10,14,15
28/2/18-12:35:21,141,68,185,65,9,1,35.00,22.00,11,15,16
28/2/18-12:36:22,139,70,153,59,5,1,35.00,22.00,10,14,14
28/2/18-12:37:23,139,70,185,83,6,1,35.00,21.00,10,14,14
28/2/18-12:38:24,139,66,157,49,6,3,35.00,22.00,12,18,21
28/2/18-12:39:25,138,68,172,66,6,2,35.00,22.00,12,18,21
28/2/18-12:40:26,140,69,172,66,5,1,35.00,22.00,12,16,18
28/2/18-12:41:27,141,66,154,51,7,4,35.00,21.00,12,16,18
28/2/18-12:42:28,139,69,146,55,5,3,35.00,22.00,12,16,16
28/2/18-12:43:29,140,68,181,86,7,2,35.00,22.00,11,16,16
28/2/18-12:44:30,139,68,171,74,5,2,35.00,22.00,10,14,16
28/2/18-12:45:31,140,70,175,66,6,3,35.00,22.00,10,14,16
28/2/18-12:46:32,141,69,148,56,5,2,35.00,22.00,14,19,20
28/2/18-12:47:33,140,68,160,60,7,1,35.00,22.00,13,18,18
28/2/18-12:48:34,141,66,144,62,5,4,35.00,22.00,10,13,14
28/2/18-12:49:35,137,68,164,59,6,1,35.00,22.00,10,13,14
28/2/18-12:50:36,138,70,171,76,4,0,35.00,22.00,11,17,19
28/2/18-12:51:37,142,70,153,59,5,1,35.00,22.00,11,17,19
28/2/18-12:52:38,140,66,143,60,5,2,35.00,22.00,9,13,14
28/2/18-12:53:39,139,69,148,62,5,1,35.00,21.00,9,13,14
28/2/18-12:54:40,139,70,164,69,7,3,35.00,22.00,8,12,12
28/2/18-12:55:41,138,63,142,46,4,2,35.00,22.00,8,12,12
28/2/18-12:56:42,141,69,154,59,6,2,35.00,21.00,7,9,10
28/2/18-12:57:43,140,68,171,72,6,2,35.00,22.00,7,9,10
28/2/18-12:58:44,137,68,161,65,5,1,35.00,22.00,8,11,14
28/2/18-12:59:45,141,67,139,47,5,2,35.00,22.00,8,11,14
28/2/18-13:0:46,139,69,177,71,4,2,35.00,22.00,8,11,12
28/2/18-13:1:47,139,69,154,56,5,1,35.00,22.00,8,10,12
28/2/18-13:2:48,140,69,149,53,4,2,35.00,22.00,7,11,11
28/2/18-13:3:49,139,67,137,51,7,2,35.00,22.00,7,11,11
28/2/18-13:4:50,140,69,184,85,6,3,35.00,22.00,7,9,9
28/2/18-13:5:51,140,69,156,58,6,2,35.00,22.00,7,9,9
28/2/18-13:6:52,139,66,148,50,6,3,35.00,22.00,8,15,15
28/2/18-13:7:53,138,69,157,64,6,3,35.00,22.00,8,15,15
28/2/18-13:8:54,141,69,176,66,5,2,35.00,22.00,7,10,11
28/2/18-13:9:55,141,69,163,59,7,3,35.00,22.00,7,9,11
28/2/18-13:10:56,139,67,142,55,5,3,35.00,22.00,6,9,9
28/2/18-13:11:57,138,70,154,59,6,0,35.00,22.00,6,9,9
28/2/18-13:12:58,138,69,162,66,6,1,35.00,22.00,5,7,7
28/2/18-13:13:59,139,72,149,57,4,1,35.00,22.00,5,7,7
28/2/18-13:15:0,137,67,139,47,5,2,35.00,22.00,6,8,9
28/2/18-13:16:1,139,68,153,62,7,2,35.00,22.00,6,8,9
28/2/18-13:17:2,140,68,150,65,5,3,35.00,22.00,6,8,9
28/2/18-13:18:3,141,69,178,63,5,2,35.00,22.00,6,8,9
28/2/18-13:19:4,136,66,159,51,4,2,35.00,22.00,6,8,8
28/2/18-13:20:5,138,70,152,58,5,3,35.00,22.00,6,8,8
28/2/18-13:21:6,137,70,171,61,6,0,35.00,22.00,8,11,14
28/2/18-13:22:7,137,69,149,53,5,3,35.00,22.00,8,11,14
28/2/18-13:23:8,139,70,153,63,5,1,35.00,22.00,7,13,14
28/2/18-13:24:9,137,70,154,63,4,2,35.00,22.00,7,13,14
28/2/18-13:25:10,139,68,154,55,6,3,35.00,22.00,6,8,11
28/2/18-13:26:11,139,68,172,56,6,3,35.00,22.00,6,8,11
28/2/18-13:27:12,139,69,163,57,7,0,35.00,22.00,6,9,10
28/2/18-13:28:13,136,70,175,67,5,3,35.00,22.00,5,8,9
28/2/18-13:29:14,140,69,147,47,6,2,35.00,22.00,6,9,10
28/2/18-13:30:15,139,68,145,66,4,3,35.00,22.00,6,9,10
28/2/18-13:31:16,136,69,162,63,6,2,35.00,22.00,6,9,10
28/2/18-13:32:17,136,68,163,76,6,1,35.00,22.00,8,9,10
28/2/18-13:33:18,139,73,144,53,5,3,35.00,22.00,8,10,11
28/2/18-13:34:19,135,69,169,63,5,1,35.00,22.00,7,9,12
28/2/18-13:35:19,136,66,149,47,5,2,35.00,22.00,7,9,11
28/2/18-13:36:20,135,69,159,61,5,1,35.00,22.00,7,13,16
28/2/18-13:37:21,137,69,181,83,7,2,34.00,23.00,7,13,16
28/2/18-13:38:22,139,68,145,54,4,2,34.00,23.00,7,8,9
28/2/18-13:39:23,138,69,153,60,5,2,34.00,23.00,7,8,9
28/2/18-13:40:24,137,69,154,55,4,1,34.00,23.00,6,8,8
28/2/18-13:41:25,138,70,144,58,6,3,34.00,23.00,6,8,8
28/2/18-13:42:26,138,68,137,50,6,3,34.00,23.00,7,10,11
28/2/18-13:43:27,139,68,147,67,7,5,34.00,23.00,7,10,11
28/2/18-13:44:28,139,69,152,61,4,3,34.00,23.00,8,11,13
28/2/18-13:45:29,136,67,158,79,7,1,34.00,23.00,8,11,13
28/2/18-13:46:30,137,69,190,88,7,1,34.00,23.00,7,10,10
28/2/18-13:47:31,137,69,160,54,6,2,34.00,23.00,7,10,10
28/2/18-13:48:32,136,74,151,55,4,3,34.00,23.00,7,8,8
28/2/18-13:49:33,135,68,161,64,6,3,34.00,23.00,7,8,8
28/2/18-13:50:34,137,70,162,64,5,2,34.00,23.00,7,8,8
28/2/18-13:51:35,136,71,168,64,6,2,34.00,23.00,6,8,8
28/2/18-13:52:36,136,65,148,53,4,2,34.00,23.00,6,9,9
28/2/18-13:53:37,135,68,170,65,6,2,34.00,23.00,6,9,9
28/2/18-13:54:38,138,68,159,62,6,3,34.00,23.00,7,9,9
28/2/18-13:55:39,134,68,179,79,6,3,34.00,23.00,7,9,9
28/2/18-13:56:40,136,66,167,61,5,4,34.00,23.00,5,7,8
28/2/18-13:57:41,136,69,162,63,4,2,33.00,23.00,5,7,8
28/2/18-13:58:42,137,69,165,83,7,1,34.00,23.00,7,9,9
28/2/18-13:59:43,137,70,170,74,5,1,34.00,23.00,7,10,10
28/2/18-14:0:44,136,67,155,47,6,2,34.00,23.00,5,8,9
28/2/18-14:1:45,135,68,159,63,6,2,34.00,23.00,6,9,10
28/2/18-14:2:46,135,68,161,71,6,1,34.00,23.00,6,9,10
28/2/18-14:3:47,136,70,180,107,5,2,34.00,23.00,6,9,10
28/2/18-14:4:48,138,67,155,111,4,3,34.00,23.00,4,6,6
28/2/18-14:5:49,136,68,142,57,6,3,34.00,23.00,4,6,6
28/2/18-14:6:50,135,69,152,64,5,3,34.00,23.00,4,6,6
28/2/18-14:7:51,137,68,151,61,5,2,34.00,23.00,4,6,6
28/2/18-14:8:52,135,65,135,44,4,3,34.00,23.00,4,6,6
28/2/18-14:9:53,138,69,149,53,4,3,35.00,22.00,3,5,5
28/2/18-14:10:54,137,70,156,58,6,1,34.00,23.00,4,6,9
28/2/18-14:11:55,135,68,136,55,4,0,34.00,23.00,4,7,11
28/2/18-14:12:56,134,64,158,56,5,3,34.00,23.00,4,5,5
28/2/18-14:13:57,135,68,167,59,6,2,34.00,23.00,4,5,5
28/2/18-14:14:58,136,67,185,71,8,1,34.00,23.00,4,6,8
28/2/18-14:15:59,136,67,162,72,5,2,34.00,23.00,4,6,8
28/2/18-14:17:0,137,67,150,48,4,3,34.00,23.00,4,6,6
28/2/18-14:18:1,137,69,159,74,5,2,34.00,23.00,4,6,6
28/2/18-14:19:2,135,67,164,90,7,2,34.00,23.00,6,8,8
28/2/18-14:20:3,138,68,159,75,7,4,34.00,23.00,6,8,8
28/2/18-14:21:4,137,67,151,55,4,3,34.00,23.00,3,5,5
28/2/18-14:22:5,135,69,163,71,4,0,34.00,23.00,3,5,5
28/2/18-14:23:6,137,70,166,69,6,3,34.00,23.00,4,6,6
28/2/18-14:24:7,135,68,153,56,5,2,34.00,23.00,4,6,6
28/2/18-14:25:8,135,68,151,71,7,1,34.00,23.00,3,4,6
28/2/18-14:26:9,138,67,160,66,5,2,34.00,23.00,3,4,6
28/2/18-14:27:10,135,71,143,59,4,1,34.00,23.00,4,7,8
28/2/18-14:28:11,136,65,140,55,5,3,32.00,23.00,4,7,8
28/2/18-14:29:12,135,69,149,57,4,0,34.00,23.00,3,4,4
28/2/18-14:30:13,136,69,148,56,4,2,34.00,23.00,3,4,4
28/2/18-14:31:14,137,68,160,76,6,3,34.00,23.00,5,7,9
28/2/18-14:32:15,134,67,130,45,5,3,34.00,23.00,5,7,9
28/2/18-14:33:16,138,69,169,58,4,2,34.00,23.00,4,6,8
28/2/18-14:34:17,137,68,151,64,5,3,34.00,23.00,4,6,8
28/2/18-14:35:18,136,68,169,68,7,3,34.00,23.00,4,5,5
28/2/18-14:36:19,133,66,163,54,4,3,34.00,23.00,4,5,5
28/2/18-14:37:20,136,67,174,88,6,3,33.00,23.00,4,6,6
28/2/18-14:38:21,136,68,152,80,5,3,34.00,23.00,4,6,6
28/2/18-14:39:22,136,68,174,78,6,4,34.00,23.00,4,6,8
28/2/18-14:40:23,136,66,211,109,5,3,34.00,23.00,4,6,8
28/2/18-14:41:24,136,68,178,73,4,0,34.00,23.00,4,7,7
28/2/18-14:42:25,137,68,160,79,5,2,34.00,23.00,4,7,7
28/2/18-14:43:26,134,67,152,58,6,2,34.00,23.00,4,7,7
28/2/18-14:44:27,136,67,139,48,6,3,34.00,23.00,4,7,7
28/2/18-14:45:28,135,69,182,65,4,1,34.00,23.00,3,4,6
28/2/18-14:46:29,137,68,186,63,5,0,34.00,23.00,3,4,6
28/2/18-14:47:30,134,67,163,72,6,3,34.00,23.00,3,5,5
28/2/18-14:48:31,135,68,138,51,4,2,34.00,23.00,3,5,5
28/2/18-14:49:32,136,69,151,59,4,1,33.00,23.00,2,3,3
28/2/18-14:50:33,134,68,165,58,3,0,34.00,23.00,3,3,3
28/2/18-14:51:34,134,67,157,65,6,3,34.00,23.00,3,5,5
28/2/18-14:52:35,135,65,156,55,6,3,34.00,23.00,3,5,5
28/2/18-14:53:36,136,67,160,77,6,1,34.00,23.00,1,3,3
28/2/18-14:54:37,135,67,155,58,4,3,34.00,23.00,1,3,5
28/2/18-14:55:38,135,67,148,57,6,1,34.00,23.00,2,3,3
28/2/18-14:56:39,134,67,173,63,5,3,34.00,23.00,3,4,4
28/2/18-14:57:40,135,68,162,66,4,2,34.00,23.00,4,7,7
28/2/18-14:58:41,135,70,143,62,4,2,34.00,23.00,4,7,7
28/2/18-14:59:42,137,68,158,63,4,1,34.00,24.00,2,3,5
28/2/18-15:0:43,137,65,155,51,5,2,34.00,23.00,2,3,5
28/2/18-15:1:44,135,67,157,63,6,3,33.00,23.00,2,4,4
28/2/18-15:2:45,135,66,145,67,7,1,34.00,23.00,2,3,3
28/2/18-15:3:46,135,71,163,72,4,1,34.00,23.00,3,4,4
28/2/18-15:4:47,134,67,146,55,5,3,34.00,23.00,3,4,4
28/2/18-15:5:48,135,69,155,61,4,2,34.00,23.00,2,4,4
28/2/18-15:6:49,137,69,161,59,5,2,34.00,24.00,3,4,5
28/2/18-15:7:50,136,69,157,70,6,1,34.00,23.00,1,3,3
28/2/18-15:8:51,135,67,149,61,6,4,34.00,23.00,1,3,3
28/2/18-15:9:52,135,67,140,56,7,1,33.00,24.00,3,5,5
28/2/18-15:10:53,135,69,166,70,2,0,33.00,24.00,3,4,4
28/2/18-15:11:54,133,64,147,54,5,4,34.00,23.00,4,4,4
28/2/18-15:12:55,134,69,152,61,4,1,34.00,24.00,4,4,4
28/2/18-15:13:56,135,68,155,61,5,2,34.00,23.00,2,3,3
28/2/18-15:14:57,135,67,140,78,5,3,33.00,24.00,2,2,2
28/2/18-15:15:58,132,64,131,47,5,3,33.00,23.00,3,3,3
28/2/18-15:16:59,135,67,162,69,6,1,33.00,24.00,3,3,3
28/2/18-15:18:0,135,67,145,57,5,3,35.00,24.00,3,5,6
28/2/18-15:19:1,136,68,134,52,4,2,33.00,23.00,3,4,5
28/2/18-15:20:2,134,65,158,51,5,2,34.00,24.00,4,6,7
28/2/18-15:21:3,136,67,160,59,4,1,32.00,23.00,4,6,7
28/2/18-15:22:4,134,66,139,58,5,3,33.00,23.00,3,5,5
28/2/18-15:23:5,134,67,159,63,4,1,34.00,23.00,3,5,5
28/2/18-15:24:6,134,66,128,52,3,1,33.00,24.00,3,6,6
28/2/18-15:25:7,134,68,147,59,4,0,33.00,24.00,3,6,6
28/2/18-15:26:8,133,66,152,61,5,4,34.00,24.00,3,4,4
28/2/18-15:27:9,132,67,165,80,6,3,34.00,23.00,3,4,4
28/2/18-15:28:10,134,67,152,45,4,3,34.00,23.00,3,5,6
28/2/18-15:29:11,134,68,159,75,4,1,33.00,24.00,3,5,6
28/2/18-15:30:12,134,69,158,58,4,2,34.00,24.00,3,5,5
28/2/18-15:31:13,132,66,160,63,5,1,34.00,24.00,3,5,5
28/2/18-15:32:14,132,65,142,60,3,1,33.00,23.00,3,4,6
28/2/18-15:33:15,135,66,144,57,6,3,33.00,24.00,3,4,6
28/2/18-15:34:16,133,69,156,77,4,2,34.00,24.00,3,4,4
28/2/18-15:35:17,135,69,139,52,5,2,34.00,24.00,3,4,4
28/2/18-15:36:18,135,65,136,49,5,3,34.00,24.00,3,4,6
28/2/18-15:37:19,134,67,145,66,6,1,34.00,23.00,3,4,6
28/2/18-15:38:20,135,68,203,142,4,2,34.00,24.00,3,4,5
28/2/18-15:39:21,133,66,162,64,4,1,34.00,24.00,3,4,5
28/2/18-15:40:22,134,63,136,52,4,2,33.00,24.00,3,4,6
28/2/18-15:41:23,132,69,158,70,5,0,33.00,24.00,3,4,6
28/2/18-15:42:24,135,68,138,54,7,3,33.00,24.00,2,3,3
28/2/18-15:43:25,131,67,163,83,6,2,33.00,24.00,3,4,4
28/2/18-15:44:26,133,65,165,52,5,3,34.00,24.00,4,4,4
28/2/18-15:45:27,133,67,150,68,5,1,33.00,24.00,4,4,4
28/2/18-15:46:28,134,67,160,71,5,2,33.00,24.00,3,4,4
28/2/18-15:47:29,132,66,153,55,4,2,33.00,24.00,3,4,4
28/2/18-15:48:30,134,68,151,61,3,1,34.00,23.00,2,3,3
28/2/18-15:49:31,135,70,137,53,5,2,34.00,24.00,2,3,3
28/2/18-15:50:32,132,67,150,65,6,4,34.00,24.00,3,4,4
28/2/18-15:51:33,131,64,133,44,5,4,33.00,24.00,3,4,4
28/2/18-15:52:34,132,67,168,70,6,2,33.00,24.00,4,4,4
28/2/18-15:53:35,131,67,165,79,6,1,34.00,24.00,4,4,4
28/2/18-15:54:36,134,66,144,55,5,3,33.00,24.00,1,2,2
28/2/18-15:55:37,133,65,148,64,4,3,33.00,24.00,1,2,2
28/2/18-15:56:38,134,67,165,60,4,1,33.00,24.00,3,3,3
28/2/18-15:57:39,133,69,155,83,5,3,34.00,24.00,3,3,3
28/2/18-15:58:40,135,67,172,77,6,3,33.00,24.00,2,3,3
28/2/18-15:59:41,133,66,144,52,6,4,33.00,24.00,2,3,3
28/2/18-16:0:42,133,69,160,69,4,3,0.00,24.00,3,5,5
28/2/18-16:1:43,133,69,173,66,4,1,32.00,25.00,3,5,5
28/2/18-16:2:44,132,68,184,79,4,1,34.00,24.00,3,4,4
28/2/18-16:3:45,133,65,162,87,5,2,34.00,24.00,3,4,4
28/2/18-16:4:46,132,66,142,54,6,2,33.00,24.00,2,3,3
28/2/18-16:5:47,132,67,177,77,5,1,34.00,24.00,2,3,3
28/2/18-16:6:48,134,67,194,106,5,2,34.00,24.00,2,2,2
28/2/18-16:7:49,130,64,131,46,7,3,34.00,24.00,2,2,2
28/2/18-16:8:50,134,68,156,59,4,2,33.00,24.00,2,3,3
28/2/18-16:9:51,133,67,150,63,5,3,33.00,24.00,1,3,3
28/2/18-16:10:52,134,68,144,54,4,1,33.00,24.00,1,2,2
28/2/18-16:11:53,132,64,130,48,5,3,34.00,24.00,1,2,2
28/2/18-16:12:54,134,70,147,56,5,3,34.00,24.00,2,3,3
28/2/18-16:13:55,130,73,168,75,5,2,33.00,24.00,1,2,2
28/2/18-16:14:56,130,67,137,57,6,2,33.00,25.00,2,2,2
28/2/18-16:15:57,131,66,141,55,4,3,33.00,25.00,2,2,2
28/2/18-16:16:58,134,68,148,72,3,2,32.00,25.00,3,3,5
28/2/18-16:17:59,132,67,144,64,4,2,34.00,24.00,3,3,3
28/2/18-16:19:0,132,69,145,66,4,1,34.00,24.00,3,5,5
28/2/18-16:20:1,130,65,138,53,5,4,33.00,25.00,3,5,5
28/2/18-16:21:2,132,67,154,64,6,2,32.00,25.00,3,5,6
28/2/18-16:22:3,133,69,175,73,5,2,32.00,25.00,3,5,6
28/2/18-16:23:4,131,69,164,81,5,3,33.00,25.00,3,4,6
28/2/18-16:24:5,131,66,140,61,6,4,33.00,24.00,3,4,6
28/2/18-16:25:6,131,68,157,64,4,2,32.00,25.00,3,3,3
28/2/18-16:26:7,131,70,154,64,4,1,32.00,25.00,3,3,3
28/2/18-16:27:8,131,69,148,68,5,2,33.00,25.00,3,3,3
28/2/18-16:28:9,132,69,159,68,5,2,33.00,25.00,3,3,3
28/2/18-16:29:10,132,69,183,81,4,1,33.00,25.00,1,3,3
28/2/18-16:30:11,130,67,155,69,4,1,33.00,25.00,2,3,3
28/2/18-16:31:12,132,65,127,48,5,3,32.00,25.00,2,4,5
28/2/18-16:32:13,133,70,195,100,5,3,33.00,25.00,2,4,5
28/2/18-16:33:14,132,70,149,56,5,3,33.00,25.00,1,3,3
28/2/18-16:34:15,133,69,137,57,4,2,33.00,25.00,1,3,3
28/2/18-16:35:16,130,66,131,46,6,2,33.00,25.00,3,4,4
28/2/18-16:36:17,132,67,167,88,4,2,32.00,25.00,3,4,4
28/2/18-16:37:18,133,68,145,60,4,0,33.00,25.00,3,3,3
28/2/18-16:38:19,134,68,150,70,5,3,32.00,25.00,2,3,3
28/2/18-16:39:20,129,67,163,58,5,2,32.00,25.00,2,3,3
28/2/18-16:40:21,130,66,143,55,6,2,32.00,25.00,2,3,3
28/2/18-16:41:22,133,70,136,53,4,3,32.00,25.00,0,1,1
28/2/18-16:42:23,132,67,146,72,5,3,32.00,25.00,1,1,1
28/2/18-16:43:23,132,65,149,57,4,3,32.00,25.00,2,3,3
28/2/18-16:44:24,132,67,171,66,6,3,32.00,25.00,2,3,3
28/2/18-16:45:25,132,68,147,61,5,1,33.00,24.00,1,3,3
28/2/18-16:46:26,132,69,147,68,4,1,32.00,25.00,2,3,3
28/2/18-16:47:27,129,65,133,59,4,2,32.00,25.00,1,2,2
28/2/18-16:48:28,132,66,128,56,5,3,32.00,25.00,1,2,2
28/2/18-16:49:29,130,66,143,64,4,2,33.00,24.00,2,3,4
28/2/18-16:50:30,131,68,144,59,5,3,33.00,24.00,2,3,4
28/2/18-16:51:31,132,64,155,102,5,3,32.00,25.00,3,5,6
28/2/18-16:52:32,132,66,168,74,5,3,32.00,25.00,3,5,6
28/2/18-16:53:33,131,66,177,73,5,3,33.00,24.00,2,3,4
28/2/18-16:54:34,132,66,147,58,4,2,32.00,25.00,2,3,4
28/2/18-16:55:35,132,66,134,48,4,2,32.00,25.00,2,2,2
28/2/18-16:56:36,130,67,161,59,6,1,32.00,25.00,2,2,2
28/2/18-16:57:37,133,67,157,74,5,2,32.00,25.00,2,3,3
28/2/18-16:58:38,132,68,147,59,5,3,32.00,25.00,2,3,3
28/2/18-16:59:39,129,64,142,45,7,3,32.00,25.00,2,3,3
28/2/18-17:0:40,132,67,170,73,3,2,32.00,25.00,2,3,3
28/2/18-17:1:41,132,68,175,71,4,1,32.00,25.00,0,1,1
28/2/18-17:2:42,131,68,176,72,5,3,32.00,25.00,0,1,1
28/2/18-17:3:43,130,67,142,53,6,4,32.00,25.00,3,4,4
28/2/18-17:4:44,133,67,141,60,4,2,32.00,25.00,3,4,4
28/2/18-17:5:45,132,67,131,54,6,1,32.00,25.00,2,3,4
28/2/18-17:6:46,128,66,148,59,5,3,32.00,25.00,2,3,4
28/2/18-17:7:47,131,65,145,56,4,3,32.00,25.00,3,4,4
28/2/18-17:8:48,133,69,136,53,4,1,33.00,24.00,3,4,4
28/2/18-17:9:49,132,67,144,59,4,1,32.00,25.00,2,3,3
28/2/18-17:10:50,131,68,175,73,4,3,32.00,25.00,2,3,3
28/2/18-17:11:51,131,68,157,84,4,1,33.00,25.00,1,2,2
28/2/18-17:12:52,130,67,144,55,7,3,32.00,25.00,1,2,2
28/2/18-17:13:53,133,67,152,78,7,3,32.00,25.00,2,3,3
28/2/18-17:14:54,128,64,139,51,6,4,32.00,25.00,2,3,3
28/2/18-17:15:55,131,67,160,73,6,3,32.00,25.00,3,3,3
28/2/18-17:16:56,132,69,157,56,3,1,33.00,25.00,3,3,3
28/2/18-17:17:57,133,67,132,50,5,3,32.00,25.00,3,4,4
28/2/18-17:18:58,128,65,135,50,6,2,32.00,25.00,3,4,4
28/2/18-17:19:59,133,68,162,81,5,3,33.00,24.00,2,2,3
28/2/18-17:21:0,130,67,169,69,4,1,34.00,25.00,1,1,2
28/2/18-17:22:1,130,66,150,61,6,0,33.00,24.00,2,3,3
28/2/18-17:23:2,130,66,147,57,4,2,33.00,24.00,2,3,3
28/2/18-17:24:3,133,69,172,66,4,2,32.00,24.00,3,5,5
28/2/18-17:25:4,131,67,149,74,6,3,32.00,25.00,3,5,5
28/2/18-17:26:5,132,67,148,69,4,2,33.00,24.00,3,3,3
28/2/18-17:27:6,131,65,163,69,4,3,32.00,25.00,3,3,3
28/2/18-17:28:7,130,65,152,62,5,3,32.00,25.00,2,2,2
28/2/18-17:29:8,131,65,154,59,5,3,32.00,25.00,2,2,2
28/2/18-17:30:9,131,66,168,68,5,2,32.00,25.00,2,3,3
28/2/18-17:31:10,132,64,174,78,6,3,32.00,25.00,2,3,3
28/2/18-17:32:11,130,67,154,55,7,2,32.00,25.00,2,3,3
28/2/18-17:33:12,130,66,172,67,5,3,32.00,25.00,2,3,3
28/2/18-17:34:13,130,67,163,102,4,1,32.00,25.00,2,2,4
28/2/18-17:35:14,133,64,153,77,7,4,32.00,25.00,2,2,4
28/2/18-17:36:15,130,66,173,81,4,1,32.00,25.00,2,2,3
28/2/18-17:37:16,132,66,184,107,4,3,32.00,25.00,2,2,3
28/2/18-17:38:17,131,65,170,76,6,2,32.00,25.00,2,2,5
28/2/18-17:39:18,130,65,134,49,6,2,32.00,25.00,2,2,5
28/2/18-17:40:19,131,65,124,55,4,3,32.00,25.00,2,4,4
28/2/18-17:41:20,132,68,154,60,5,2,32.00,25.00,2,3,3
28/2/18-17:42:21,129,67,147,59,5,2,33.00,24.00,1,2,4
28/2/18-17:43:22,130,63,137,46,3,3,32.00,25.00,2,3,5
28/2/18-17:44:23,130,67,157,73,5,2,32.00,25.00,2,3,3
28/2/18-17:45:24,131,69,156,81,3,1,32.00,25.00,3,3,3
28/2/18-17:46:25,131,68,157,66,4,2,32.00,25.00,1,3,3
28/2/18-17:47:26,131,64,141,52,6,5,32.00,25.00,1,3,3
28/2/18-17:48:27,129,67,175,67,5,2,32.00,25.00,3,4,7
28/2/18-17:49:28,128,66,167,86,6,3,32.00,25.00,3,5,6
28/2/18-17:50:29,129,66,163,81,5,4,32.00,25.00,2,3,3
28/2/18-17:51:30,131,66,164,67,4,3,32.00,25.00,2,3,3
28/2/18-17:52:31,129,66,164,97,6,2,32.00,25.00,1,3,3
28/2/18-17:53:32,130,68,159,68,6,2,32.00,25.00,1,3,3
28/2/18-17:54:33,129,65,186,92,7,3,32.00,25.00,3,4,4
28/2/18-17:55:34,132,68,156,68,6,3,32.00,25.00,3,4,4
28/2/18-17:56:35,129,68,165,69,4,2,32.00,25.00,2,3,4
28/2/18-17:57:36,130,67,159,65,7,1,32.00,25.00,2,3,4
28/2/18-17:58:37,129,66,187,74,4,3,32.00,25.00,2,2,2
28/2/18-17:59:38,130,67,194,117,6,3,32.00,25.00,2,2,2
28/2/18-18:0:39,130,70,193,76,4,0,33.00,25.00,2,2,2
28/2/18-18:1:40,131,68,159,64,4,2,32.00,26.00,2,2,2
28/2/18-18:2:41,129,64,149,61,5,3,32.00,25.00,2,2,2
28/2/18-18:3:42,129,66,168,75,6,1,32.00,25.00,2,2,2
28/2/18-18:4:43,130,67,165,71,4,1,33.00,25.00,2,2,2
28/2/18-18:5:44,132,67,172,66,5,2,32.00,25.00,2,2,2
28/2/18-18:6:45,131,66,172,81,4,3,32.00,25.00,3,4,5
28/2/18-18:7:46,130,67,140,61,4,1,32.00,25.00,3,4,5
28/2/18-18:8:47,131,67,167,64,4,2,34.00,25.00,2,3,3
28/2/18-18:9:48,130,66,134,59,6,1,32.00,25.00,3,3,3
28/2/18-18:10:49,128,61,156,55,6,2,32.00,25.00,2,4,4
28/2/18-18:11:50,130,68,170,83,5,3,31.00,25.00,2,4,4
28/2/18-18:12:51,131,69,159,69,4,1,33.00,24.00,2,3,3
28/2/18-18:13:52,133,66,166,71,6,3,32.00,25.00,3,4,4
28/2/18-18:14:53,130,64,137,54,5,4,32.00,25.00,1,3,5
28/2/18-18:15:54,132,65,157,78,4,1,33.00,24.00,1,3,5
28/2/18-18:16:55,129,66,155,64,5,1,32.00,25.00,2,3,3
28/2/18-18:17:56,129,66,169,75,5,2,32.00,25.00,2,4,4
28/2/18-18:18:57,131,70,138,48,5,3,33.00,24.00,2,3,6
28/2/18-18:19:58,131,67,151,60,4,3,33.00,24.00,1,2,5
28/2/18-18:20:59,133,69,148,60,4,1,32.00,25.00,3,4,4
28/2/18-18:22:0,129,67,163,76,6,1,32.00,25.00,3,4,4
28/2/18-18:23:1,131,65,136,56,5,4,33.00,24.00,2,3,3
28/2/18-18:24:2,130,71,166,68,5,1,33.00,24.00,2,3,3
28/2/18-18:25:3,129,67,159,65,7,1,32.00,25.00,3,3,3
28/2/18-18:26:4,129,67,177,67,4,1,33.00,24.00,3,4,4
28/2/18-18:27:5,131,64,150,56,6,4,32.00,25.00,2,3,4
28/2/18-18:28:6,130,67,154,61,6,0,32.00,25.00,2,3,4
28/2/18-18:29:7,132,67,149,64,5,3,33.00,24.00,4,6,6
28/2/18-18:30:8,130,67,157,67,6,3,33.00,24.00,4,6,6
28/2/18-18:31:9,131,65,144,51,6,3,33.00,24.00,6,9,11
28/2/18-18:32:10,130,66,174,76,6,2,32.00,25.00,6,9,11
28/2/18-18:33:11,132,69,145,67,4,2,33.00,24.00,2,3,3
28/2/18-18:34:12,132,67,152,67,4,3,33.00,24.00,2,3,3
28/2/18-18:35:13,129,64,152,59,4,4,33.00,24.00,1,3,3
28/2/18-18:36:14,133,66,157,73,5,3,33.00,24.00,1,3,3
28/2/18-18:37:15,131,65,145,69,5,3,33.00,24.00,3,4,4
28/2/18-18:38:16,130,68,143,64,5,3,33.00,24.00,3,4,4
28/2/18-18:39:17,133,67,148,64,4,3,33.00,24.00,1,2,2
28/2/18-18:40:18,132,66,160,62,5,2,33.00,24.00,1,2,2
28/2/18-18:41:19,131,66,157,66,4,1,33.00,24.00,3,4,5
28/2/18-18:42:20,129,64,141,53,6,3,33.00,24.00,3,4,5
28/2/18-18:43:21,132,67,145,67,5,1,33.00,24.00,4,6,6
28/2/18-18:44:22,132,67,157,62,4,2,34.00,24.00,4,6,6
28/2/18-18:45:23,133,68,152,60,4,0,33.00,24.00,3,3,4
28/2/18-18:46:24,131,65,142,61,5,2,33.00,24.00,3,3,4
28/2/18-18:47:25,132,66,157,67,6,3,33.00,24.00,3,6,6
28/2/18-18:48:26,130,67,163,66,5,1,35.00,24.00,3,6,6
28/2/18-18:49:27,132,67,184,68,5,2,33.00,24.00,5,6,6
28/2/18-18:50:28,129,63,147,52,6,3,33.00,24.00,5,6,6
28/2/18-18:51:29,132,68,157,63,5,1,32.00,24.00,3,4,4
28/2/18-18:52:30,132,68,165,76,5,2,33.00,24.00,3,4,4
28/2/18-18:53:31,133,66,171,73,6,2,33.00,24.00,4,5,5
28/2/18-18:54:32,128,66,175,86,6,3,33.00,24.00,3,4,4
28/2/18-18:55:33,131,67,151,57,4,2,33.00,24.00,3,4,5
28/2/18-18:56:34,133,63,155,68,5,2,33.00,24.00,3,4,5
28/2/18-18:57:35,130,67,159,67,5,1,33.00,24.00,3,4,4
28/2/18-18:58:36,129,64,139,53,5,1,33.00,24.00,3,4,4
28/2/18-18:59:37,132,66,149,62,5,2,33.00,24.00,2,3,6
28/2/18-19:0:38,132,67,150,63,7,2,33.00,24.00,3,4,7
28/2/18-19:1:39,130,66,149,61,7,2,33.00,24.00,2,3,3
28/2/18-19:2:40,130,64,138,55,6,3,33.00,24.00,2,3,3
28/2/18-19:3:41,131,66,155,61,6,0,33.00,23.00,2,3,3
28/2/18-19:4:42,132,66,175,72,6,2,33.00,24.00,2,3,3
28/2/18-19:5:43,130,66,158,76,4,2,33.00,24.00,2,3,3
28/2/18-19:6:44,131,64,145,54,7,3,33.00,23.00,2,3,3
28/2/18-19:7:45,132,66,163,67,6,0,33.00,24.00,3,3,4
28/2/18-19:8:46,132,70,150,68,4,2,33.00,24.00,3,4,4
28/2/18-19:9:47,132,72,159,73,5,2,33.00,24.00,3,3,3
28/2/18-19:10:48,130,64,143,52,6,3,33.00,23.00,3,3,3
28/2/18-19:11:49,132,66,180,76,7,1,33.00,23.00,3,5,5
28/2/18-19:12:50,135,67,170,79,7,3,33.00,23.00,3,6,6
28/2/18-19:13:51,132,66,167,72,7,2,34.00,24.00,2,3,3
28/2/18-19:14:52,134,68,159,58,6,2,33.00,23.00,2,3,3
28/2/18-19:15:53,133,67,172,71,5,0,33.00,23.00,4,6,7
28/2/18-19:16:54,134,66,153,75,6,3,33.00,24.00,4,6,7
28/2/18-19:17:55,130,65,155,61,4,1,33.00,23.00,4,5,5
28/2/18-19:18:56,133,66,149,66,7,1,33.00,23.00,4,5,5
28/2/18-19:19:57,132,66,201,119,7,3,34.00,23.00,4,5,5
28/2/18-19:20:58,134,68,156,67,6,3,33.00,23.00,4,5,5
28/2/18-19:21:59,131,64,151,63,6,3,33.00,24.00,4,6,6
28/2/18-19:23:0,130,66,182,81,9,2,33.00,23.00,4,6,6
28/2/18-19:24:1,133,66,177,82,8,2,35.00,24.00,4,5,5
28/2/18-19:25:2,132,68,172,71,5,1,33.00,23.00,4,5,5
28/2/18-19:26:3,131,66,153,56,7,4,33.00,23.00,3,6,6
28/2/18-19:27:4,134,68,161,65,7,0,32.00,23.00,3,6,6
28/2/18-19:28:5,133,66,166,66,7,2,33.00,23.00,4,5,5
28/2/18-19:29:6,131,67,159,66,5,1,33.00,24.00,4,5,5
28/2/18-19:30:7,132,64,160,59,7,2,33.00,23.00,4,7,7
28/2/18-19:31:8,134,64,143,57,6,3,33.00,23.00,4,7,7
28/2/18-19:32:9,135,66,155,71,7,3,33.00,23.00,7,15,30
28/2/18-19:33:10,133,64,152,64,4,2,33.00,23.00,8,19,42
28/2/18-19:34:11,133,68,168,72,6,3,33.00,23.00,5,6,6
28/2/18-19:35:12,133,69,161,79,5,0,35.00,23.00,5,6,6
28/2/18-19:36:13,131,69,161,68,6,2,33.00,23.00,4,7,7
28/2/18-19:37:14,131,65,161,60,6,2,33.00,23.00,4,7,7
28/2/18-19:38:15,132,67,173,75,7,1,32.00,23.00,3,5,5
28/2/18-19:39:16,132,66,165,75,7,2,33.00,23.00,3,5,5
28/2/18-19:40:17,133,66,171,72,8,2,33.00,23.00,4,6,7
28/2/18-19:41:18,132,65,156,61,7,2,33.00,23.00,4,6,7
28/2/18-19:42:19,131,68,173,75,7,1,33.00,23.00,5,7,8
28/2/18-19:43:20,132,66,163,71,8,5,33.00,23.00,6,7,8
28/2/18-19:44:21,134,67,169,79,7,1,33.00,23.00,5,7,7
28/2/18-19:45:22,132,64,173,63,7,3,33.00,23.00,5,7,7
28/2/18-19:46:23,133,66,160,65,8,3,33.00,23.00,4,6,6
28/2/18-19:47:24,132,69,166,67,7,2,33.00,23.00,5,6,6
28/2/18-19:48:25,134,68,152,66,7,2,33.00,23.00,5,7,7
28/2/18-19:49:26,134,64,147,55,9,3,33.00,23.00,5,7,7
28/2/18-19:50:27,132,63,157,65,7,1,33.00,23.00,5,6,8
28/2/18-19:51:28,135,68,154,69,8,3,33.00,23.00,5,6,8
28/2/18-19:52:29,133,68,160,68,8,2,33.00,23.00,5,6,6
28/2/18-19:53:30,134,64,160,67,8,3,33.00,23.00,5,6,6
28/2/18-19:54:31,133,66,176,76,10,1,33.00,23.00,4,7,9
28/2/18-19:55:32,134,65,155,67,9,1,33.00,23.00,4,6,8
28/2/18-19:56:33,132,64,149,64,6,1,33.00,23.00,5,6,6
28/2/18-19:57:34,136,68,159,64,8,1,33.00,23.00,5,6,6
28/2/18-19:58:35,133,70,156,69,9,1,33.00,23.00,5,5,5
28/2/18-19:59:36,133,66,159,72,9,3,34.00,23.00,5,6,6
28/2/18-20:0:37,133,66,161,63,8,2,34.00,22.00,5,6,6
28/2/18-20:1:38,135,66,164,75,11,3,34.00,22.00,5,6,6
28/2/18-20:2:39,135,67,162,66,11,3,35.00,22.00,4,7,9
28/2/18-20:3:40,135,67,168,71,11,2,34.00,22.00,4,6,9
28/2/18-20:4:41,132,64,148,55,12,4,34.00,22.00,5,7,7
28/2/18-20:5:42,133,65,165,72,13,1,33.00,22.00,5,7,7
28/2/18-20:6:43,137,67,165,68,14,2,34.00,22.00,5,7,8
28/2/18-20:7:44,134,67,165,73,13,2,35.00,22.00,4,7,8
28/2/18-20:8:45,133,66,154,57,14,3,34.00,22.00,5,7,8
28/2/18-20:9:46,135,66,162,67,17,1,34.00,22.00,5,7,8
28/2/18-20:10:47,135,68,160,69,17,3,35.00,22.00,5,6,6
28/2/18-20:11:48,134,67,164,69,15,1,35.00,22.00,5,6,6
28/2/18-20:12:49,134,65,161,66,15,3,35.00,22.00,5,7,8
28/2/18-20:13:50,136,67,171,70,16,3,34.00,22.00,5,7,8
28/2/18-20:14:50,135,67,161,67,17,1,34.00,22.00,6,8,8
28/2/18-20:15:51,135,66,162,71,17,4,35.00,22.00,6,8,8
28/2/18-20:16:52,133,65,155,58,17,2,35.00,22.00,6,7,8
28/2/18-20:17:53,137,67,158,69,19,3,35.00,21.00,6,7,8
28/2/18-20:18:54,136,67,164,70,18,3,35.00,21.00,6,9,10
28/2/18-20:19:55,135,67,168,72,22,0,35.00,21.00,6,9,10
28/2/18-20:20:56,133,64,164,56,19,2,35.00,22.00,5,6,8
28/2/18-20:21:57,136,68,170,75,23,1,35.00,22.00,5,6,8
28/2/18-20:22:58,137,68,170,70,24,3,35.00,21.00,6,9,9
28/2/18-20:23:59,135,67,158,68,27,2,35.00,21.00,6,9,9
28/2/18-20:25:0,138,67,164,72,29,3,35.00,21.00,6,6,8
28/2/18-20:26:1,136,66,168,72,30,1,35.00,21.00,6,6,8
28/2/18-20:27:2,134,66,169,74,32,4,35.00,22.00,6,10,12
28/2/18-20:28:3,134,66,157,61,28,2,35.00,21.00,6,10,12
28/2/18-20:29:4,135,69,171,74,34,3,34.00,21.00,8,12,12
28/2/18-20:30:5,136,68,169,72,35,3,35.00,21.00,7,11,11
28/2/18-20:31:6,136,68,163,70,33,0,35.00,21.00,8,11,12
28/2/18-20:32:7,137,65,154,63,32,3,35.00,21.00,8,11,12
28/2/18-20:33:8,134,67,167,76,36,2,36.00,20.00,8,10,14
28/2/18-20:34:9,135,66,156,62,32,2,35.00,21.00,8,10,14
28/2/18-20:35:10,136,71,169,81,37,1,34.00,21.00,7,10,10
28/2/18-20:36:11,138,69,166,68,38,3,35.00,21.00,7,10,10
28/2/18-20:37:12,134,68,153,62,34,2,35.00,21.00,8,14,14
28/2/18-20:38:13,136,71,164,72,40,3,34.00,21.00,8,14,14
28/2/18-20:39:14,137,67,168,74,40,2,35.00,22.00,9,11,11
28/2/18-20:40:15,135,69,169,77,40,1,36.00,20.00,9,11,11
28/2/18-20:41:16,136,66,158,64,37,3,36.00,20.00,8,11,13
28/2/18-20:42:17,137,68,157,64,36,0,35.00,21.00,8,11,13
28/2/18-20:43:18,136,68,168,71,44,3,35.00,21.00,8,13,13
28/2/18-20:44:19,137,67,171,76,44,1,36.00,20.00,8,13,13
28/2/18-20:45:20,136,68,170,76,44,0,35.00,21.00,7,10,14
28/2/18-20:46:21,139,67,166,75,45,1,35.00,21.00,7,9,14
28/2/18-20:47:22,136,67,157,62,39,3,36.00,20.00,7,9,11
28/2/18-20:48:23,136,69,171,79,44,0,35.00,21.00,7,9,11
28/2/18-20:49:24,138,71,174,76,47,3,36.00,20.00,9,12,13
28/2/18-20:50:25,136,69,169,76,47,2,36.00,20.00,10,13,14
28/2/18-20:51:26,138,68,174,75,49,1,35.00,21.00,11,16,19
28/2/18-20:52:27,137,69,175,81,48,1,35.00,21.00,11,16,19
28/2/18-20:53:28,136,70,168,81,49,2,36.00,20.00,10,12,12
28/2/18-20:54:29,137,66,164,64,42,3,36.00,20.00,10,12,12
28/2/18-20:55:30,138,68,167,74,48,1,35.00,21.00,10,16,17
28/2/18-20:56:31,138,69,171,73,49,2,35.00,21.00,10,16,18
28/2/18-20:57:32,138,67,168,77,49,2,36.00,20.00,10,12,15
28/2/18-20:58:33,136,68,159,70,47,2,36.00,20.00,9,11,14
28/2/18-20:59:34,137,67,164,77,50,1,36.00,20.00,11,16,18
28/2/18-21:0:35,138,65,166,67,45,3,36.00,20.00,11,16,18
28/2/18-21:1:36,137,68,171,78,50,0,36.00,20.00,8,14,16
28/2/18-21:2:37,138,68,170,78,50,1,36.00,20.00,8,14,15
28/2/18-21:3:38,137,67,173,80,53,1,36.00,20.00,9,12,14
28/2/18-21:4:39,138,70,171,82,54,4,36.00,20.00,9,12,13
28/2/18-21:5:40,137,67,160,65,45,1,36.00,20.00,12,15,17
28/2/18-21:6:41,140,70,175,76,52,1,36.00,20.00,12,15,17
28/2/18-21:7:42,137,69,171,77,53,1,0.00,0.00,9,14,14
28/2/18-21:8:43,136,65,173,83,53,1,36.00,20.00,10,15,15
28/2/18-21:9:44,139,68,163,64,47,3,36.00,20.00,11,15,16
28/2/18-21:10:45,139,68,178,83,55,2,36.00,20.00,11,15,16
28/2/18-21:11:46,137,68,175,78,54,3,36.00,20.00,12,15,17
28/2/18-21:12:47,139,67,171,81,54,2,36.00,20.00,12,15,17
28/2/18-21:13:48,141,68,173,78,55,4,36.00,20.00,10,15,17
28/2/18-21:14:49,137,68,178,80,57,1,36.00,20.00,10,15,17
28/2/18-21:15:50,138,71,174,81,54,2,36.00,20.00,11,16,18
28/2/18-21:16:51,138,68,172,80,56,4,36.00,20.00,11,16,18
28/2/18-21:17:52,137,68,171,82,57,2,36.00,20.00,11,17,18
28/2/18-21:18:53,139,67,169,68,50,3,36.00,20.00,11,17,18
28/2/18-21:19:54,139,70,173,78,56,3,36.00,20.00,13,17,21
28/2/18-21:20:55,136,69,176,85,57,2,36.00,20.00,13,17,21
28/2/18-21:21:56,140,69,180,85,58,3,36.00,20.00,14,24,27
28/2/18-21:22:57,140,71,174,84,59,4,36.00,20.00,14,24,27
28/2/18-21:23:58,139,68,175,82,59,3,36.00,20.00,14,18,22
28/2/18-21:24:59,139,69,177,85,56,0,36.00,20.00,14,17,21
28/2/18-21:26:0,137,71,177,87,59,1,36.00,20.00,14,19,22
28/2/18-21:27:1,137,66,170,72,53,3,36.00,20.00,14,19,22
28/2/18-21:28:2,139,67,177,82,60,3,36.00,20.00,10,13,17
28/2/18-21:29:3,136,67,176,86,61,1,36.00,20.00,10,12,15
28/2/18-21:30:4,139,67,167,70,52,2,36.00,20.00,13,16,18
28/2/18-21:31:5,139,69,175,80,58,3,36.00,20.00,13,16,18
28/2/18-21:32:6,138,69,175,83,59,4,36.00,20.00,11,15,21
28/2/18-21:33:7,138,68,173,74,53,3,36.00,20.00,11,15,21
28/2/18-21:34:8,141,72,187,88,61,2,36.00,20.00,17,23,24
28/2/18-21:35:9,137,69,184,94,63,2,36.00,20.00,18,24,25
28/2/18-21:36:10,139,70,182,80,57,3,36.00,20.00,19,25,28
28/2/18-21:37:11,138,70,182,90,64,2,36.00,20.00,19,25,28
28/2/18-21:38:12,139,66,175,73,58,2,36.00,20.00,22,31,35
28/2/18-21:39:13,139,69,182,91,66,3,36.00,20.00,22,31,35
28/2/18-21:40:14,138,68,184,85,66,2,36.00,20.00,24,36,43
28/2/18-21:41:15,139,68,171,77,59,4,36.00,20.00,24,35,41
28/2/18-21:42:16,137,66,172,79,59,2,36.00,20.00,22,34,43
28/2/18-21:43:17,140,68,183,86,66,1,36.00,20.00,22,35,44
28/2/18-21:44:18,139,68,171,72,58,3,36.00,19.00,22,36,42
28/2/18-21:45:19,139,69,185,86,65,2,34.00,20.00,22,36,42
28/2/18-21:46:20,139,68,184,86,67,1,36.00,20.00,22,35,45
28/2/18-21:47:21,140,68,179,89,67,2,36.00,20.00,22,35,46
28/2/18-21:48:22,138,69,188,88,65,1,36.00,20.00,23,33,39
28/2/18-21:49:23,140,69,183,87,67,3,36.00,20.00,23,34,40
28/2/18-21:50:24,139,68,173,77,57,2,36.00,19.00,23,33,37
28/2/18-21:51:25,136,66,170,73,59,2,36.00,20.00,23,33,37
28/2/18-21:52:26,141,70,183,85,66,3,36.00,20.00,22,33,39
28/2/18-21:53:27,140,70,181,84,69,3,36.00,20.00,22,33,39
28/2/18-21:54:28,142,71,182,82,67,3,36.00,19.00,23,37,43
28/2/18-21:55:29,138,68,171,73,60,3,36.00,19.00,23,37,43
28/2/18-21:56:30,139,69,192,98,70,4,36.00,20.00,25,40,50
28/2/18-21:57:31,139,67,173,75,62,3,36.00,19.00,25,41,53
28/2/18-21:58:32,140,69,180,82,68,2,35.00,20.00,27,40,49
28/2/18-21:59:33,140,69,182,80,69,4,36.00,20.00,27,40,49
28/2/18-22:0:34,140,73,183,94,69,1,36.00,20.00,26,41,53
28/2/18-22:1:35,140,69,185,87,70,1,36.00,20.00,26,41,53
28/2/18-22:2:36,139,71,183,91,69,3,36.00,20.00,29,42,53
28/2/18-22:3:37,139,68,181,84,70,3,36.00,20.00,29,42,53
28/2/18-22:4:38,139,70,181,85,69,1,36.00,20.00,28,44,57
28/2/18-22:5:39,140,70,182,92,67,0,36.00,20.00,28,44,57
28/2/18-22:6:40,139,70,181,86,69,3,36.00,19.00,27,41,49
28/2/18-22:7:41,139,69,169,73,62,4,36.00,20.00,27,42,49
28/2/18-22:8:42,137,69,174,73,60,2,36.00,20.00,25,40,51
28/2/18-22:9:43,141,67,165,70,61,4,36.00,19.00,27,41,53
28/2/18-22:10:44,139,68,170,72,61,3,36.00,19.00,27,41,50
28/2/18-22:11:45,140,70,179,78,66,3,36.00,19.00,27,41,49
28/2/18-22:12:46,139,69,179,79,66,3,36.00,19.00,25,35,45
28/2/18-22:13:47,139,69,168,68,59,3,36.00,19.00,25,35,45
28/2/18-22:14:48,139,70,179,81,66,1,36.00,20.00,24,37,47
28/2/18-22:15:49,141,68,168,71,60,5,36.00,19.00,23,36,47
28/2/18-22:16:50,141,71,189,89,66,3,36.00,20.00,23,34,44
28/2/18-22:17:51,141,71,180,81,66,3,36.00,20.00,23,35,41
28/2/18-22:18:52,140,75,180,81,68,3,36.00,19.00,24,35,40
28/2/18-22:19:53,140,71,179,83,67,1,36.00,20.00,23,35,40
28/2/18-22:20:54,138,69,176,78,67,1,36.00,20.00,23,33,41
28/2/18-22:21:55,141,69,167,68,59,4,36.00,20.00,23,33,41
28/2/18-22:22:56,141,70,178,80,65,2,36.00,19.00,23,32,33
28/2/18-22:23:57,142,70,177,80,66,0,36.00,20.00,23,32,33
28/2/18-22:24:58,141,68,166,74,59,3,37.00,19.00,23,36,43
28/2/18-22:25:59,141,69,167,79,58,4,36.00,20.00,23,36,43
28/2/18-22:27:0,141,70,175,86,67,2,36.00,19.00,23,33,37
28/2/18-22:28:1,141,71,177,77,64,1,36.00,19.00,23,33,37
28/2/18-22:29:2,141,70,177,81,67,1,36.00,19.00,23,32,37
28/2/18-22:30:3,142,71,180,84,65,3,36.00,19.00,23,32,37
28/2/18-22:31:4,142,69,169,65,58,2,36.00,19.00,23,34,39
28/2/18-22:32:5,141,70,178,78,66,2,36.00,19.00,23,34,39
28/2/18-22:33:6,139,68,165,72,57,3,36.00,19.00,20,28,30
28/2/18-22:34:7,143,71,176,77,64,3,36.00,19.00,19,28,30
28/2/18-22:35:8,139,68,176,81,65,3,36.00,19.00,21,30,35
28/2/18-22:36:9,140,72,176,81,64,3,37.00,18.00,21,30,35
28/2/18-22:37:10,141,71,174,77,62,2,36.00,19.00,21,29,31
28/2/18-22:38:11,142,68,162,63,55,2,36.00,19.00,21,29,31
28/2/18-22:39:12,143,70,176,84,63,1,36.00,19.00,22,27,30
28/2/18-22:40:13,142,69,171,78,61,3,36.00,19.00,21,27,28
28/2/18-22:41:14,140,69,179,88,65,1,36.00,19.00,20,30,34
28/2/18-22:42:15,142,71,174,76,63,3,37.00,18.00,20,31,36
28/2/18-22:43:16,143,70,175,83,63,3,37.00,18.00,21,29,34
28/2/18-22:44:17,140,69,167,73,56,2,37.00,18.00,21,29,34
28/2/18-22:45:18,141,71,169,78,63,3,37.00,18.00,20,30,30
28/2/18-22:46:19,140,67,164,70,56,2,38.00,18.00,20,30,30
28/2/18-22:47:20,145,71,177,75,62,2,36.00,19.00,18,27,30
28/2/18-22:48:21,141,71,173,75,62,3,37.00,18.00,18,27,28
28/2/18-22:49:22,142,71,171,82,62,1,37.00,18.00,22,32,34
28/2/18-22:50:22,139,69,165,70,54,2,36.00,19.00,22,32,34
28/2/18-22:51:23,143,71,175,77,63,2,37.00,18.00,21,29,32
28/2/18-22:52:24,142,68,176,78,62,3,36.00,19.00,21,28,33
28/2/18-22:53:25,143,69,164,66,56,3,37.00,18.00,19,31,35
28/2/18-22:54:26,144,71,174,77,61,1,36.00,19.00,19,31,35
28/2/18-22:55:27,142,69,174,79,62,1,37.00,18.00,22,32,37
28/2/18-22:56:28,141,70,167,71,56,2,37.00,18.00,22,32,37
28/2/18-22:57:29,143,71,173,80,61,1,36.00,19.00,22,32,34
28/2/18-22:58:30,142,70,172,79,64,2,37.00,18.00,20,32,34
28/2/18-22:59:31,142,73,177,83,63,1,37.00,18.00,22,32,39
28/2/18-23:0:32,143,70,175,79,64,2,37.00,18.00,22,32,39
28/2/18-23:1:33,141,69,176,83,64,4,37.00,18.00,20,30,32
28/2/18-23:2:34,142,73,166,64,56,3,36.00,19.00,20,30,32
28/2/18-23:3:35,143,70,168,74,57,3,37.00,18.00,20,30,31
28/2/18-23:4:36,143,70,172,76,63,1,37.00,18.00,20,30,31
28/2/18-23:5:37,142,68,163,66,55,3,37.00,18.00,21,31,34
28/2/18-23:6:38,140,69,168,77,58,1,37.00,18.00,21,31,34
28/2/18-23:7:39,143,69,163,67,57,3,37.00,18.00,20,30,32
28/2/18-23:8:40,145,70,170,74,63,3,37.00,18.00,19,29,31
28/2/18-23:9:41,142,70,161,62,57,3,37.00,18.00,23,33,37
28/2/18-23:10:42,142,69,160,66,57,3,36.00,18.00,23,33,37
28/2/18-23:11:43,140,69,164,68,56,2,37.00,18.00,22,31,36
28/2/18-23:12:44,143,69,171,74,62,2,37.00,18.00,22,31,36
28/2/18-23:13:45,141,70,174,79,63,1,36.00,19.00,23,35,41
28/2/18-23:14:46,141,68,162,71,57,2,37.00,18.00,23,35,41
28/2/18-23:15:47,143,70,160,68,59,4,37.00,18.00,21,33,40
28/2/18-23:16:48,140,70,166,70,57,2,37.00,18.00,21,32,39
28/2/18-23:17:49,141,70,179,81,64,2,37.00,18.00,22,36,46
28/2/18-23:18:50,140,69,162,63,57,2,37.00,18.00,22,37,45
28/2/18-23:19:51,143,70,173,76,66,2,37.00,18.00,26,42,51
28/2/18-23:20:52,143,71,172,72,64,0,37.00,18.00,26,40,48
28/2/18-23:21:53,140,70,176,81,64,2,37.00,18.00,23,37,43
28/2/18-23:22:54,142,71,172,82,64,2,37.00,18.00,23,37,43
28/2/18-23:23:55,144,70,180,82,65,3,39.00,18.00,25,37,42
28/2/18-23:24:56,144,69,166,70,59,1,37.00,18.00,25,36,41
28/2/18-23:25:57,144,70,171,73,64,3,37.00,18.00,23,35,39
28/2/18-23:26:58,141,68,163,69,57,2,37.00,18.00,23,33,38
28/2/18-23:27:59,142,67,162,66,56,3,37.00,18.00,22,32,34
28/2/18-23:29:0,141,70,174,73,63,1,37.00,18.00,22,32,34
28/2/18-23:30:1,144,71,173,75,65,3,37.00,18.00,21,33,45
28/2/18-23:31:2,142,71,176,78,63,2,38.00,18.00,21,33,45
28/2/18-23:32:3,142,70,163,69,57,3,37.00,18.00,22,36,41
28/2/18-23:33:4,142,70,174,79,64,2,37.00,18.00,22,35,41
28/2/18-23:34:5,143,71,175,78,65,2,37.00,18.00,22,30,31
28/2/18-23:35:6,144,71,176,79,64,2,37.00,18.00,22,30,31
28/2/18-23:36:7,144,71,173,75,65,2,37.00,18.00,22,37,45
28/2/18-23:37:8,145,72,176,78,65,3,37.00,18.00,22,37,43
28/2/18-23:38:9,144,69,164,64,56,3,37.00,18.00,20,33,37
28/2/18-23:39:10,145,70,175,80,64,4,37.00,18.00,20,33,37
28/2/18-23:40:11,144,72,173,72,65,3,37.00,18.00,20,28,30
28/2/18-23:41:12,142,68,161,66,56,3,37.00,18.00,20,29,29
28/2/18-23:42:13,143,71,172,73,62,0,37.00,18.00,20,30,32
28/2/18-23:43:14,143,71,172,74,62,2,37.00,18.00,21,30,33
28/2/18-23:44:15,144,69,166,68,57,3,37.00,18.00,20,28,30
28/2/18-23:45:16,145,69,176,75,62,3,37.00,18.00,20,28,30
28/2/18-23:46:17,142,69,174,81,62,1,37.00,18.00,20,29,30
28/2/18-23:47:18,144,71,173,77,62,1,37.00,18.00,20,29,30
28/2/18-23:48:19,143,70,173,77,61,0,37.00,18.00,21,28,28
28/2/18-23:49:20,143,68,165,70,59,3,37.00,18.00,21,28,28
28/2/18-23:50:21,144,70,170,71,63,2,37.00,18.00,18,26,27
28/2/18-23:51:22,144,68,168,75,62,1,37.00,18.00,18,26,27
28/2/18-23:52:23,142,71,170,79,61,2,37.00,18.00,19,28,30
28/2/18-23:53:24,143,71,172,80,59,0,37.00,17.00,19,28,30
28/2/18-23:54:25,146,72,175,79,62,3,37.00,18.00,20,32,36
28/2/18-23:55:26,142,70,160,63,53,2,37.00,18.00,20,31,36
28/2/18-23:56:27,143,70,167,76,61,2,37.00,18.00,19,29,30
28/2/18-23:57:28,144,69,166,73,61,3,37.00,18.00,19,29,29
28/2/18-23:58:29,145,71,174,76,61,2,37.00,18.00,16,25,26
28/2/18-23:59:30,143,71,159,62,51,2,37.00,18.00,16,25,26
